,index,id,id_simbolo,ultimo_precio,ultimo_fecha,ultimo_size,fecha_insercion,bi_1_precio,bi_1_size,bi_2_precio,bi_2_size,bi_3_precio,bi_3_size,bi_4_precio,bi_4_size,bi_5_precio,bi_5_size,of_1_precio,of_1_size,of_2_precio,of_2_size,of_3_precio,of_3_size,of_4_precio,of_4_size,of_5_precio,of_5_size,biof_fecha,insercion_dia,ev,nv,trade,trade_cat
0,50,1610485251,MERV - XMEV - GGAL - 24hs,6840.0,2025-05-09 14:00:01,196,2025-05-09 14:00:09.444,6840.0,500,6830.0,5000,6800.0,3216,6790.0,150,6750.0,72,6600.0,80,6680.0,50,6830.0,66,6860.0,14,6870.0,169,2025-05-09 14:00:09.355,,0,0,True,nan
1,76,1610485423,MERV - XMEV - GGAL - 24hs,6840.0,2025-05-09 14:00:01,196,2025-05-09 14:00:10.040,6840.0,304,6830.0,5000,6800.0,3216,6790.0,150,6750.0,72,6860.0,14,6870.0,169,6890.0,6,6900.0,35,6960.0,10006,2025-05-09 14:00:09.854,,1340640,196,False,nan
2,334,1610486638,MERV - XMEV - GGAL - 24hs,6860.0,2025-05-09 14:00:12,14,2025-05-09 14:00:14.368,6840.0,304,6830.0,5000,6800.0,3216,6790.0,150,6750.0,72,6860.0,14,6870.0,169,6890.0,6,6900.0,35,6960.0,10006,2025-05-09 14:00:14.127,,1340640,196,True,offer
3,391,1610486793,MERV - XMEV - GGAL - 24hs,6860.0,2025-05-09 14:00:12,14,2025-05-09 14:00:14.883,6840.0,304,6830.0,5000,6800.0,3216,6790.0,150,6750.0,72,6870.0,169,6890.0,6,6900.0,35,6960.0,10006,7000.0,8259,2025-05-09 14:00:14.623,,1436680,210,False,nan
4,411,1610486879,MERV - XMEV - GGAL - 24hs,6860.0,2025-05-09 14:00:12,14,2025-05-09 14:00:15.207,6840.0,804,6830.0,5000,6800.0,3216,6790.0,150,6750.0,72,6870.0,169,6890.0,6,6900.0,35,6960.0,10006,7000.0,8259,2025-05-09 14:00:15.124,,1436680,210,False,nan
5,508,1610487201,MERV - XMEV - GGAL - 24hs,6870.0,2025-05-09 14:00:16,169,2025-05-09 14:00:17.039,6840.0,804,6830.0,5000,6800.0,3216,6790.0,150,6750.0,72,6870.0,169,6890.0,6,6900.0,35,6960.0,10006,7000.0,8259,2025-05-09 14:00:16.933,,1436680,210,True,offer
6,542,1610487397,MERV - XMEV - GGAL - 24hs,6870.0,2025-05-09 14:00:16,169,2025-05-09 14:00:17.955,6840.0,804,6830.0,5000,6800.0,3216,6790.0,150,6750.0,72,6890.0,6,6900.0,35,6960.0,10006,7000.0,8259,7030.0,6,2025-05-09 14:00:17.564,,1436680,210,False,nan
7,578,1610487519,MERV - XMEV - GGAL - 24hs,6870.0,2025-05-09 14:00:16,169,2025-05-09 14:00:18.331,6840.0,804,6830.0,5000,6800.0,3216,6790.0,150,6750.0,72,6890.0,6,6900.0,35,6960.0,10006,7000.0,8259,7030.0,6,2025-05-09 14:00:18.062,,2597710,379,False,nan
8,727,1610487940,MERV - XMEV - GGAL - 24hs,6870.0,2025-05-09 14:00:16,169,2025-05-09 14:00:21.428,6840.0,804,6830.0,5000,6800.0,3216,6790.0,150,6750.0,72,6890.0,6,6900.0,231,6960.0,10006,7000.0,8259,7030.0,6,2025-05-09 14:00:21.281,,2597710,379,False,nan
9,1083,1610488846,MERV - XMEV - GGAL - 24hs,6870.0,2025-05-09 14:00:16,169,2025-05-09 14:00:25.414,6840.0,804,6830.0,5000,6800.0,3216,6790.0,150,6750.0,72,6890.0,6,6900.0,35,6960.0,10006,7000.0,8259,7030.0,6,2025-05-09 14:00:25.331,,2597710,379,False,nan
10,1222,1610489252,MERV - XMEV - GGAL - 24hs,6870.0,2025-05-09 14:00:16,169,2025-05-09 14:00:26.907,6840.0,804,6830.0,5000,6800.0,3216,6790.0,150,6750.0,72,6890.0,6,6900.0,35,6950.0,180,6960.0,10006,7000.0,8259,2025-05-09 14:00:26.526,,2597710,379,False,nan
11,1668,1610490406,MERV - XMEV - GGAL - 24hs,6870.0,2025-05-09 14:00:16,169,2025-05-09 14:00:32.882,6840.0,804,6830.0,5000,6800.0,3216,6790.0,150,6750.0,72,6890.0,6,6900.0,35,6950.0,376,6960.0,10006,7000.0,8259,2025-05-09 14:00:32.767,,2597710,379,False,nan
12,1701,1610490472,MERV - XMEV - GGAL - 24hs,6890.0,2025-05-09 14:00:33,6,2025-05-09 14:00:33.546,6840.0,804,6830.0,5000,6800.0,3216,6790.0,150,6750.0,72,6890.0,6,6900.0,35,6950.0,376,6960.0,10006,7000.0,8259,2025-05-09 14:00:33.464,,2597710,379,True,offer
13,1758,1610490711,MERV - XMEV - GGAL - 24hs,6900.0,2025-05-09 14:00:33,35,2025-05-09 14:00:34.379,6840.0,804,6830.0,5000,6800.0,3216,6790.0,150,6750.0,72,6890.0,6,6900.0,35,6950.0,376,6960.0,10006,7000.0,8259,2025-05-09 14:00:33.959,,2597710,379,False,nan
14,1820,1610490903,MERV - XMEV - GGAL - 24hs,6900.0,2025-05-09 14:00:33,35,2025-05-09 14:00:35.022,6840.0,804,6830.0,5000,6800.0,3216,6790.0,150,6750.0,72,6950.0,376,6960.0,10006,7000.0,8259,7030.0,6,7050.0,7530,2025-05-09 14:00:34.456,,2880550,420,False,nan
15,1877,1610491072,MERV - XMEV - GGAL - 24hs,6900.0,2025-05-09 14:00:33,35,2025-05-09 14:00:35.895,6870.0,169,6840.0,1804,6830.0,5000,6800.0,3216,6790.0,150,6950.0,376,6960.0,10006,7000.0,8259,7030.0,6,7050.0,7530,2025-05-09 14:00:35.807,,2880550,420,False,nan
16,1972,1610491328,MERV - XMEV - GGAL - 24hs,6900.0,2025-05-09 14:00:33,35,2025-05-09 14:00:37.930,6870.0,169,6840.0,1804,6830.0,5000,6800.0,3216,6790.0,150,6950.0,10376,6960.0,16,7000.0,8259,7030.0,6,7050.0,7530,2025-05-09 14:00:37.826,,2880550,420,False,nan
17,2084,1610491541,MERV - XMEV - GGAL - 24hs,6900.0,2025-05-09 14:00:33,35,2025-05-09 14:00:39.461,6870.0,169,6840.0,1804,6830.0,5000,6800.0,3216,6790.0,150,6940.0,10000,6950.0,376,6960.0,16,7000.0,6259,7030.0,6,2025-05-09 14:00:39.379,,2880550,420,False,nan
18,2228,1610491817,MERV - XMEV - GGAL - 24hs,6900.0,2025-05-09 14:00:33,35,2025-05-09 14:00:41.411,6870.0,169,6850.0,500,6840.0,1804,6830.0,5000,6800.0,3216,6940.0,10000,6950.0,376,6960.0,16,7000.0,6259,7030.0,6,2025-05-09 14:00:41.308,,2880550,420,False,nan
19,2337,1610492083,MERV - XMEV - GGAL - 24hs,6900.0,2025-05-09 14:00:33,35,2025-05-09 14:00:43.541,6870.0,369,6850.0,500,6840.0,1804,6830.0,5000,6800.0,3216,6940.0,10000,6950.0,376,6960.0,16,7000.0,6259,7030.0,6,2025-05-09 14:00:43.452,,2880550,420,False,nan
20,2416,1610492234,MERV - XMEV - GGAL - 24hs,6900.0,2025-05-09 14:00:33,35,2025-05-09 14:00:44.630,6870.0,369,6850.0,500,6840.0,1804,6830.0,5000,6800.0,3216,6930.0,10196,6950.0,180,6960.0,16,7000.0,6259,7030.0,6,2025-05-09 14:00:44.526,,2880550,420,False,nan
21,2512,1610492429,MERV - XMEV - GGAL - 24hs,6900.0,2025-05-09 14:00:33,35,2025-05-09 14:00:47.107,6870.0,369,6850.0,500,6840.0,1804,6830.0,5000,6800.0,3216,6930.0,10196,6960.0,16,7000.0,6259,7030.0,6,7050.0,7530,2025-05-09 14:00:47.024,,2880550,420,False,nan
22,2608,1610492646,MERV - XMEV - GGAL - 24hs,6900.0,2025-05-09 14:00:33,35,2025-05-09 14:00:49.701,6870.0,369,6850.0,500,6840.0,3304,6830.0,5000,6800.0,3216,6930.0,10196,6960.0,16,7000.0,6259,7030.0,6,7050.0,7530,2025-05-09 14:00:49.618,,2880550,420,False,nan
23,2711,1610492835,MERV - XMEV - GGAL - 24hs,6900.0,2025-05-09 14:00:33,35,2025-05-09 14:00:51.503,6870.0,369,6850.0,500,6840.0,3304,6830.0,5000,6800.0,3216,6920.0,196,6930.0,10000,6940.0,5000,6960.0,16,7000.0,6259,2025-05-09 14:00:51.410,,2880550,420,False,nan
24,2903,1610493310,MERV - XMEV - GGAL - 24hs,6900.0,2025-05-09 14:00:33,35,2025-05-09 14:00:55.443,6870.0,369,6850.0,500,6840.0,3304,6830.0,5000,6800.0,3216,6920.0,1196,6930.0,10000,6940.0,5000,6960.0,16,7000.0,6259,2025-05-09 14:00:55.115,,2880550,420,False,nan
25,3013,1610493580,MERV - XMEV - GGAL - 24hs,6900.0,2025-05-09 14:00:33,35,2025-05-09 14:00:57.370,6870.0,369,6850.0,500,6840.0,3304,6830.0,5000,6800.0,3186,6920.0,1196,6930.0,10000,6940.0,5000,6960.0,16,7000.0,6259,2025-05-09 14:00:57.285,,2880550,420,False,nan
26,3222,1610494182,MERV - XMEV - GGAL - 24hs,6900.0,2025-05-09 14:00:33,35,2025-05-09 14:01:00.715,6870.0,369,6850.0,500,6840.0,3304,6830.0,5000,6800.0,3186,6920.0,1196,6930.0,10000,6940.0,5000,6960.0,16,7000.0,8059,2025-05-09 14:01:00.615,,2880550,420,False,nan
27,3562,1610495218,MERV - XMEV - GGAL - 24hs,6900.0,2025-05-09 14:00:33,35,2025-05-09 14:01:04.691,6870.0,369,6850.0,500,6840.0,3304,6830.0,5000,6800.0,3186,6900.0,38,6910.0,224,6920.0,1196,6930.0,10000,6940.0,10000,2025-05-09 14:01:04.584,,2880550,420,False,nan
28,3711,1610495606,MERV - XMEV - GGAL - 24hs,6900.0,2025-05-09 14:00:33,35,2025-05-09 14:01:05.891,6870.0,369,6850.0,500,6840.0,3304,6830.0,5000,6800.0,3186,6900.0,38,6910.0,224,6920.0,1196,6930.0,15000,6940.0,5000,2025-05-09 14:01:05.606,,2880550,420,False,nan
29,3801,1610495790,MERV - XMEV - GGAL - 24hs,6870.0,2025-05-09 14:01:03,26,2025-05-09 14:01:06.463,6870.0,369,6850.0,500,6840.0,3304,6830.0,5000,6800.0,3186,6900.0,38,6910.0,224,6920.0,1196,6930.0,15000,6940.0,5000,2025-05-09 14:01:06.220,,2880550,420,True,bid
30,3857,1610495903,MERV - XMEV - GGAL - 24hs,6870.0,2025-05-09 14:01:03,26,2025-05-09 14:01:07.103,6870.0,343,6850.0,500,6840.0,3304,6830.0,5000,6800.0,3186,6900.0,38,6910.0,224,6920.0,1196,6930.0,20000,6960.0,16,2025-05-09 14:01:07.009,,2880550,420,False,nan
31,3942,1610496072,MERV - XMEV - GGAL - 24hs,6870.0,2025-05-09 14:01:04,200,2025-05-09 14:01:07.608,6850.0,500,6840.0,3304,6830.0,5000,6800.0,3186,6790.0,150,6870.0,39,6910.0,224,6920.0,1196,6930.0,15000,6960.0,16,2025-05-09 14:01:07.509,,5415580,789,True,bid
32,4023,1610496265,MERV - XMEV - GGAL - 24hs,6870.0,2025-05-09 14:01:04,200,2025-05-09 14:01:08.256,6850.0,500,6840.0,3304,6830.0,5000,6800.0,3186,6790.0,150,6870.0,39,6910.0,224,6920.0,6196,6930.0,10000,6960.0,16,2025-05-09 14:01:08.085,,5415580,789,False,nan
33,4175,1610496666,MERV - XMEV - GGAL - 24hs,6870.0,2025-05-09 14:01:09,1,2025-05-09 14:01:09.696,6850.0,500,6840.0,3304,6830.0,5000,6800.0,3186,6790.0,150,6870.0,39,6910.0,224,6920.0,6196,6930.0,10000,6960.0,16,2025-05-09 14:01:09.525,,5415580,789,True,offer
34,4205,1610496725,MERV - XMEV - GGAL - 24hs,6870.0,2025-05-09 14:01:09,38,2025-05-09 14:01:10.110,6850.0,500,6840.0,3304,6830.0,5000,6800.0,3186,6790.0,150,6870.0,39,6910.0,224,6920.0,6196,6930.0,10000,6960.0,16,2025-05-09 14:01:10.024,,5415580,789,False,nan
35,4247,1610496933,MERV - XMEV - GGAL - 24hs,6870.0,2025-05-09 14:01:09,38,2025-05-09 14:01:10.871,6850.0,500,6840.0,3304,6830.0,5000,6800.0,3186,6790.0,150,6910.0,224,6920.0,6196,6930.0,15000,6960.0,16,7000.0,8059,2025-05-09 14:01:10.524,,5683510,828,False,nan
36,4323,1610497072,MERV - XMEV - GGAL - 24hs,6910.0,2025-05-09 14:01:11,39,2025-05-09 14:01:11.287,6850.0,500,6840.0,3304,6830.0,5000,6800.0,3186,6790.0,150,6910.0,224,6920.0,6196,6930.0,15000,6960.0,16,7000.0,8059,2025-05-09 14:01:11.153,,5683510,828,True,offer
37,4365,1610497253,MERV - XMEV - GGAL - 24hs,6910.0,2025-05-09 14:01:11,39,2025-05-09 14:01:11.900,6860.0,500,6850.0,500,6840.0,3304,6830.0,5000,6800.0,3186,6910.0,185,6920.0,6196,6930.0,15000,6960.0,16,7000.0,8059,2025-05-09 14:01:11.816,,5683510,828,False,nan
38,4390,1610497354,MERV - XMEV - GGAL - 24hs,6910.0,2025-05-09 14:01:11,39,2025-05-09 14:01:12.488,6860.0,500,6850.0,500,6840.0,3304,6830.0,5000,6800.0,3186,6910.0,185,6920.0,6196,6930.0,15000,6960.0,16,7000.0,8059,2025-05-09 14:01:12.314,,5953000,867,False,nan
39,4434,1610497435,MERV - XMEV - GGAL - 24hs,6910.0,2025-05-09 14:01:11,39,2025-05-09 14:01:12.945,6860.0,500,6850.0,1000,6840.0,3304,6830.0,5000,6800.0,3186,6910.0,185,6920.0,6196,6930.0,15000,6960.0,16,7000.0,8059,2025-05-09 14:01:12.863,,5953000,867,False,nan
40,4595,1610497773,MERV - XMEV - GGAL - 24hs,6860.0,2025-05-09 14:01:14,500,2025-05-09 14:01:15.014,6860.0,500,6850.0,1000,6840.0,3304,6830.0,5000,6800.0,3186,6910.0,185,6920.0,6196,6930.0,15000,6960.0,16,7000.0,8059,2025-05-09 14:01:14.915,,5953000,867,True,bid
41,4628,1610497828,MERV - XMEV - GGAL - 24hs,6860.0,2025-05-09 14:01:14,500,2025-05-09 14:01:15.540,6850.0,1000,6840.0,3304,6830.0,5000,6800.0,3186,6790.0,150,6860.0,1,6900.0,5000,6910.0,10185,6920.0,1196,6960.0,16,2025-05-09 14:01:15.451,,5953000,867,False,nan
42,4657,1610497895,MERV - XMEV - GGAL - 24hs,6860.0,2025-05-09 14:01:14,500,2025-05-09 14:01:16.036,6850.0,1000,6840.0,3304,6830.0,5000,6800.0,3186,6790.0,150,6860.0,1,6900.0,5000,6910.0,10185,6920.0,1196,6960.0,16,2025-05-09 14:01:15.951,,9383000,1367,False,nan
43,4700,1610497998,MERV - XMEV - GGAL - 24hs,6860.0,2025-05-09 14:01:14,500,2025-05-09 14:01:16.632,6850.0,1000,6840.0,3304,6830.0,5000,6800.0,3186,6790.0,150,6860.0,1,6910.0,15185,6920.0,1196,6960.0,16,6990.0,3000,2025-05-09 14:01:16.543,,9383000,1367,False,nan
44,4760,1610498152,MERV - XMEV - GGAL - 24hs,6860.0,2025-05-09 14:01:14,500,2025-05-09 14:01:17.500,6850.0,1000,6840.0,3304,6830.0,5000,6800.0,3186,6790.0,150,6860.0,1,6910.0,15381,6920.0,1000,6960.0,16,6990.0,3000,2025-05-09 14:01:17.416,,9383000,1367,False,nan
45,5022,1610498742,MERV - XMEV - GGAL - 24hs,6860.0,2025-05-09 14:01:14,500,2025-05-09 14:01:20.376,6850.0,1000,6840.0,3304,6830.0,5000,6800.0,3186,6790.0,150,6910.0,20381,6920.0,1000,6960.0,16,6990.0,3000,7000.0,8059,2025-05-09 14:01:20.288,,9383000,1367,False,nan
46,5178,1610499136,MERV - XMEV - GGAL - 24hs,6860.0,2025-05-09 14:01:14,500,2025-05-09 14:01:23.031,6850.0,1000,6840.0,3304,6830.0,5000,6800.0,3186,6790.0,150,6900.0,10196,6910.0,10185,6920.0,1000,6960.0,16,6990.0,3000,2025-05-09 14:01:22.940,,9383000,1367,False,nan
47,5316,1610499398,MERV - XMEV - GGAL - 24hs,6860.0,2025-05-09 14:01:14,500,2025-05-09 14:01:24.247,6850.0,1000,6840.0,3304,6830.0,5000,6800.0,3186,6790.0,150,6900.0,15196,6910.0,5185,6920.0,1000,6960.0,16,6990.0,3000,2025-05-09 14:01:24.156,,9383000,1367,False,nan
48,5370,1610499507,MERV - XMEV - GGAL - 24hs,6850.0,2025-05-09 14:01:24,161,2025-05-09 14:01:24.929,6850.0,1000,6840.0,3304,6830.0,5000,6800.0,3186,6790.0,150,6900.0,15196,6910.0,5185,6920.0,1000,6960.0,16,6990.0,3000,2025-05-09 14:01:24.846,,9383000,1367,True,bid
49,5389,1610499541,MERV - XMEV - GGAL - 24hs,6850.0,2025-05-09 14:01:24,161,2025-05-09 14:01:25.490,6850.0,839,6840.0,3304,6830.0,5000,6800.0,3186,6790.0,150,6900.0,5196,6910.0,5185,6920.0,11000,6960.0,16,6990.0,3000,2025-05-09 14:01:25.407,,9383000,1367,False,nan
50,5426,1610499627,MERV - XMEV - GGAL - 24hs,6850.0,2025-05-09 14:01:24,161,2025-05-09 14:01:25.992,6850.0,839,6840.0,3304,6830.0,5000,6800.0,3186,6790.0,150,6900.0,5196,6910.0,5185,6920.0,11000,6960.0,16,6990.0,3000,2025-05-09 14:01:25.910,,10485850,1528,False,nan
51,5453,1610499694,MERV - XMEV - GGAL - 24hs,6850.0,2025-05-09 14:01:24,161,2025-05-09 14:01:26.493,6850.0,839,6840.0,3304,6830.0,5000,6800.0,3186,6790.0,150,6900.0,196,6910.0,185,6920.0,16000,6930.0,1000,6960.0,16,2025-05-09 14:01:26.410,,10485850,1528,False,nan
52,5575,1610500009,MERV - XMEV - GGAL - 24hs,6850.0,2025-05-09 14:01:24,161,2025-05-09 14:01:28.211,6850.0,839,6840.0,3304,6830.0,5000,6800.0,3186,6790.0,150,6900.0,196,6910.0,185,6920.0,16000,6940.0,1000,6960.0,16,2025-05-09 14:01:27.965,,10485850,1528,False,nan
53,5654,1610500188,MERV - XMEV - GGAL - 24hs,6850.0,2025-05-09 14:01:24,161,2025-05-09 14:01:29.038,6850.0,839,6840.0,3304,6830.0,5000,6800.0,3186,6790.0,150,6900.0,196,6910.0,185,6920.0,1000,6930.0,15000,6940.0,1000,2025-05-09 14:01:28.885,,10485850,1528,False,nan
54,5901,1610500659,MERV - XMEV - GGAL - 24hs,6850.0,2025-05-09 14:01:24,161,2025-05-09 14:01:31.135,6850.0,839,6840.0,3304,6830.0,5000,6800.0,3186,6790.0,150,6900.0,196,6910.0,385,6920.0,1000,6940.0,15000,6950.0,1000,2025-05-09 14:01:31.030,,10485850,1528,False,nan
55,6116,1610501057,MERV - XMEV - GGAL - 24hs,6850.0,2025-05-09 14:01:24,161,2025-05-09 14:01:33.177,6850.0,839,6840.0,3304,6830.0,5000,6800.0,3186,6790.0,150,6910.0,581,6920.0,1000,6940.0,15000,6950.0,1000,6960.0,16,2025-05-09 14:01:33.091,,10485850,1528,False,nan
56,6203,1610501256,MERV - XMEV - GGAL - 24hs,6850.0,2025-05-09 14:01:24,161,2025-05-09 14:01:34.195,6850.0,839,6840.0,3304,6830.0,5000,6800.0,3186,6790.0,150,6910.0,396,6920.0,1000,6940.0,15000,6950.0,1000,6960.0,16,2025-05-09 14:01:34.109,,10485850,1528,False,nan
57,6286,1610501425,MERV - XMEV - GGAL - 24hs,6850.0,2025-05-09 14:01:24,161,2025-05-09 14:01:35.450,6850.0,2339,6840.0,1804,6830.0,5000,6800.0,3186,6790.0,150,6910.0,396,6940.0,15000,6950.0,1000,6960.0,16,6990.0,3000,2025-05-09 14:01:35.368,,10485850,1528,False,nan
58,6371,1610501576,MERV - XMEV - GGAL - 24hs,6850.0,2025-05-09 14:01:24,161,2025-05-09 14:01:36.719,6850.0,2339,6840.0,5804,6830.0,5000,6800.0,3186,6790.0,150,6910.0,396,6940.0,15000,6950.0,1000,6960.0,16,6990.0,3000,2025-05-09 14:01:36.610,,10485850,1528,False,nan
59,6428,1610501689,MERV - XMEV - GGAL - 24hs,6850.0,2025-05-09 14:01:24,161,2025-05-09 14:01:37.799,6860.0,35,6850.0,2339,6840.0,5804,6830.0,5000,6800.0,3186,6910.0,396,6930.0,5000,6940.0,10000,6950.0,1000,6960.0,16,2025-05-09 14:01:37.716,,10485850,1528,False,nan
60,6668,1610502210,MERV - XMEV - GGAL - 24hs,6850.0,2025-05-09 14:01:24,161,2025-05-09 14:01:41.207,6860.0,135,6850.0,2339,6840.0,5804,6830.0,5000,6800.0,3186,6910.0,396,6930.0,5000,6940.0,10000,6950.0,1000,6960.0,16,2025-05-09 14:01:41.124,,10485850,1528,False,nan
61,7023,1610503024,MERV - XMEV - GGAL - 24hs,6910.0,2025-05-09 14:01:45,1,2025-05-09 14:01:45.379,6860.0,135,6850.0,2339,6840.0,5804,6830.0,5000,6800.0,3186,6910.0,396,6930.0,5000,6940.0,10000,6950.0,1000,6960.0,16,2025-05-09 14:01:45.292,,10485850,1528,True,offer
62,7067,1610503141,MERV - XMEV - GGAL - 24hs,6910.0,2025-05-09 14:01:45,1,2025-05-09 14:01:46.047,6860.0,135,6850.0,2339,6840.0,5804,6830.0,5000,6800.0,3186,6910.0,199,6920.0,196,6930.0,5000,6940.0,10000,6950.0,1000,2025-05-09 14:01:45.959,,10485850,1528,False,nan
63,7104,1610503201,MERV - XMEV - GGAL - 24hs,6910.0,2025-05-09 14:01:45,1,2025-05-09 14:01:46.541,6860.0,135,6850.0,2339,6840.0,5804,6830.0,5000,6800.0,3186,6910.0,199,6920.0,196,6930.0,5000,6940.0,10000,6950.0,1000,2025-05-09 14:01:46.459,,10492760,1529,False,nan
64,7473,1610504074,MERV - XMEV - GGAL - 24hs,6910.0,2025-05-09 14:01:45,1,2025-05-09 14:01:52.190,6860.0,1135,6850.0,2339,6840.0,5804,6830.0,5000,6800.0,3186,6910.0,199,6920.0,196,6930.0,5000,6940.0,10000,6950.0,1000,2025-05-09 14:01:52.107,,10492760,1529,False,nan
65,7513,1610504138,MERV - XMEV - GGAL - 24hs,6910.0,2025-05-09 14:01:45,1,2025-05-09 14:01:52.910,6860.0,1135,6850.0,2349,6840.0,5804,6830.0,5000,6800.0,3186,6910.0,199,6920.0,196,6930.0,5000,6940.0,10000,6950.0,1000,2025-05-09 14:01:52.827,,10492760,1529,False,nan
66,7575,1610504274,MERV - XMEV - GGAL - 24hs,6910.0,2025-05-09 14:01:45,1,2025-05-09 14:01:53.945,6860.0,1735,6850.0,2349,6840.0,5804,6830.0,5000,6800.0,3186,6910.0,199,6920.0,196,6930.0,5000,6940.0,10000,6950.0,1000,2025-05-09 14:01:53.857,,10492760,1529,False,nan
67,7701,1610504559,MERV - XMEV - GGAL - 24hs,6910.0,2025-05-09 14:01:45,1,2025-05-09 14:01:55.382,6860.0,2035,6850.0,2349,6840.0,5804,6830.0,5000,6800.0,3186,6910.0,199,6920.0,196,6930.0,5000,6940.0,10000,6950.0,1000,2025-05-09 14:01:55.256,,10492760,1529,False,nan
68,7800,1610504802,MERV - XMEV - GGAL - 24hs,6910.0,2025-05-09 14:01:45,1,2025-05-09 14:01:56.452,6860.0,2035,6850.0,2349,6840.0,5804,6830.0,5000,6800.0,3186,6910.0,199,6920.0,196,6930.0,15000,6950.0,1000,6960.0,16,2025-05-09 14:01:56.312,,10492760,1529,False,nan
69,7985,1610505237,MERV - XMEV - GGAL - 24hs,6910.0,2025-05-09 14:01:45,1,2025-05-09 14:01:58.262,6860.0,1935,6850.0,2349,6840.0,5804,6830.0,5000,6800.0,3186,6910.0,199,6920.0,196,6930.0,15000,6950.0,1000,6960.0,16,2025-05-09 14:01:58.046,,10492760,1529,False,nan
70,8322,1610506059,MERV - XMEV - GGAL - 24hs,6860.0,2025-05-09 14:02:00,25,2025-05-09 14:02:01.115,6860.0,1935,6850.0,2349,6840.0,5804,6830.0,5000,6800.0,3186,6910.0,199,6920.0,196,6930.0,15000,6950.0,1000,6960.0,16,2025-05-09 14:02:00.535,,10492760,1529,True,bid
71,8364,1610506165,MERV - XMEV - GGAL - 24hs,6860.0,2025-05-09 14:02:00,25,2025-05-09 14:02:01.431,6860.0,1935,6850.0,2349,6840.0,5804,6830.0,5000,6800.0,3186,6910.0,199,6920.0,196,6930.0,15000,6950.0,1000,6960.0,16,2025-05-09 14:02:01.187,,10664260,1554,False,nan
72,8450,1610506322,MERV - XMEV - GGAL - 24hs,6860.0,2025-05-09 14:02:00,25,2025-05-09 14:02:01.911,6860.0,1910,6850.0,2349,6840.0,5804,6830.0,5000,6800.0,3186,6910.0,199,6920.0,196,6930.0,15000,6950.0,1000,6960.0,16,2025-05-09 14:02:01.693,,10664260,1554,False,nan
73,8487,1610506433,MERV - XMEV - GGAL - 24hs,6860.0,2025-05-09 14:02:00,25,2025-05-09 14:02:02.291,6860.0,1910,6850.0,2349,6840.0,5804,6830.0,5000,6800.0,186,6910.0,199,6920.0,196,6930.0,15000,6950.0,1000,6960.0,16,2025-05-09 14:02:02.198,,10664260,1554,False,nan
74,9044,1610507578,MERV - XMEV - GGAL - 24hs,6860.0,2025-05-09 14:02:00,25,2025-05-09 14:02:08.179,6860.0,2010,6850.0,2349,6840.0,5804,6800.0,186,6790.0,150,6910.0,199,6920.0,196,6930.0,15000,6950.0,1000,6960.0,16,2025-05-09 14:02:08.085,,10664260,1554,False,nan
75,9181,1610507848,MERV - XMEV - GGAL - 24hs,6860.0,2025-05-09 14:02:00,25,2025-05-09 14:02:09.740,6860.0,2010,6850.0,2349,6840.0,5804,6800.0,186,6790.0,150,6910.0,699,6920.0,196,6930.0,15000,6950.0,1000,6960.0,16,2025-05-09 14:02:09.654,,10664260,1554,False,nan
76,9261,1610508057,MERV - XMEV - GGAL - 24hs,6910.0,2025-05-09 14:02:10,144,2025-05-09 14:02:10.695,6860.0,2010,6850.0,2349,6840.0,5804,6800.0,186,6790.0,150,6910.0,699,6920.0,196,6930.0,15000,6950.0,1000,6960.0,16,2025-05-09 14:02:10.599,,10664260,1554,True,offer
77,9293,1610508119,MERV - XMEV - GGAL - 24hs,6910.0,2025-05-09 14:02:10,144,2025-05-09 14:02:11.359,6860.0,2010,6850.0,2349,6840.0,5949,6800.0,186,6790.0,150,6910.0,555,6920.0,196,6930.0,15000,6950.0,1000,6960.0,16,2025-05-09 14:02:11.267,,10664260,1554,False,nan
78,9315,1610508158,MERV - XMEV - GGAL - 24hs,6910.0,2025-05-09 14:02:10,144,2025-05-09 14:02:11.849,6860.0,2010,6850.0,2349,6840.0,5949,6800.0,186,6790.0,150,6910.0,555,6920.0,196,6930.0,15000,6950.0,1000,6960.0,16,2025-05-09 14:02:11.767,,11659300,1698,False,nan
79,9345,1610508215,MERV - XMEV - GGAL - 24hs,6910.0,2025-05-09 14:02:10,144,2025-05-09 14:02:12.571,6860.0,2310,6850.0,2349,6840.0,5949,6800.0,186,6790.0,150,6910.0,555,6920.0,196,6930.0,15000,6950.0,1000,6960.0,16,2025-05-09 14:02:12.487,,11659300,1698,False,nan
80,9678,1610508929,MERV - XMEV - GGAL - 24hs,6910.0,2025-05-09 14:02:10,144,2025-05-09 14:02:17.898,6860.0,2410,6850.0,2349,6840.0,5949,6800.0,186,6790.0,150,6910.0,779,6920.0,196,6930.0,15000,6950.0,1000,6960.0,16,2025-05-09 14:02:17.815,,11659300,1698,False,nan
81,9776,1610509150,MERV - XMEV - GGAL - 24hs,6910.0,2025-05-09 14:02:10,144,2025-05-09 14:02:19.377,6860.0,2410,6850.0,2349,6840.0,5949,6800.0,486,6790.0,150,6910.0,779,6920.0,196,6930.0,15000,6950.0,1000,6960.0,16,2025-05-09 14:02:19.286,,11659300,1698,False,nan
82,10237,1610510220,MERV - XMEV - GGAL - 24hs,6910.0,2025-05-09 14:02:10,144,2025-05-09 14:02:26.827,6860.0,2410,6850.0,2399,6840.0,5949,6800.0,486,6790.0,150,6910.0,779,6920.0,196,6930.0,15000,6950.0,1000,6960.0,16,2025-05-09 14:02:26.737,,11659300,1698,False,nan
83,10482,1610510709,MERV - XMEV - GGAL - 24hs,6860.0,2025-05-09 14:02:30,1,2025-05-09 14:02:30.802,6860.0,2410,6850.0,2399,6840.0,5949,6800.0,486,6790.0,150,6910.0,779,6920.0,196,6930.0,15000,6950.0,1000,6960.0,16,2025-05-09 14:02:30.717,,11659300,1698,True,bid
84,10526,1610510799,MERV - XMEV - GGAL - 24hs,6860.0,2025-05-09 14:02:30,1,2025-05-09 14:02:31.468,6860.0,2409,6850.0,2399,6840.0,5949,6800.0,486,6790.0,150,6910.0,779,6920.0,196,6930.0,15000,6950.0,1000,6960.0,16,2025-05-09 14:02:31.385,,11659300,1698,False,nan
85,10576,1610510894,MERV - XMEV - GGAL - 24hs,6860.0,2025-05-09 14:02:30,1,2025-05-09 14:02:31.968,6860.0,2409,6850.0,2399,6840.0,5949,6800.0,486,6790.0,150,6910.0,779,6920.0,196,6930.0,15000,6950.0,1000,6960.0,16,2025-05-09 14:02:31.884,,11666160,1699,False,nan
86,10894,1610511564,MERV - XMEV - GGAL - 24hs,6860.0,2025-05-09 14:02:30,1,2025-05-09 14:02:36.912,6860.0,2409,6850.0,2399,6840.0,5949,6800.0,486,6790.0,150,6910.0,574,6920.0,196,6930.0,15000,6950.0,1000,6960.0,16,2025-05-09 14:02:36.825,,11666160,1699,False,nan
87,11038,1610512014,MERV - XMEV - GGAL - 24hs,6860.0,2025-05-09 14:02:30,1,2025-05-09 14:02:38.458,6860.0,2409,6850.0,2349,6840.0,5949,6800.0,486,6790.0,150,6910.0,574,6920.0,196,6930.0,15000,6950.0,1000,6960.0,16,2025-05-09 14:02:37.830,,11666160,1699,False,nan
88,11661,1610513420,MERV - XMEV - GGAL - 24hs,6860.0,2025-05-09 14:02:30,1,2025-05-09 14:02:43.407,6860.0,2409,6850.0,4849,6840.0,1949,6800.0,486,6790.0,150,6900.0,196,6910.0,574,6930.0,15000,6950.0,1000,6960.0,16,2025-05-09 14:02:43.233,,11666160,1699,False,nan
89,11771,1610513627,MERV - XMEV - GGAL - 24hs,6860.0,2025-05-09 14:02:30,1,2025-05-09 14:02:44.520,6870.0,200,6860.0,2409,6850.0,4849,6840.0,1949,6800.0,486,6900.0,196,6910.0,574,6930.0,15000,6950.0,1000,6960.0,16,2025-05-09 14:02:44.437,,11666160,1699,False,nan
90,12065,1610514329,MERV - XMEV - GGAL - 24hs,6860.0,2025-05-09 14:02:30,1,2025-05-09 14:02:47.759,6870.0,200,6860.0,2439,6850.0,4849,6840.0,1949,6800.0,486,6900.0,196,6910.0,574,6930.0,15000,6950.0,1000,6960.0,16,2025-05-09 14:02:47.676,,11666160,1699,False,nan
91,12119,1610514438,MERV - XMEV - GGAL - 24hs,6900.0,2025-05-09 14:02:48,1,2025-05-09 14:02:48.627,6870.0,200,6860.0,2439,6850.0,4849,6840.0,1949,6800.0,486,6900.0,196,6910.0,574,6930.0,15000,6950.0,1000,6960.0,16,2025-05-09 14:02:48.539,,11666160,1699,True,offer
92,12156,1610514508,MERV - XMEV - GGAL - 24hs,6900.0,2025-05-09 14:02:48,1,2025-05-09 14:02:49.290,6870.0,200,6860.0,2439,6850.0,4849,6840.0,1949,6800.0,486,6900.0,195,6910.0,574,6930.0,15000,6950.0,1000,6960.0,16,2025-05-09 14:02:49.207,,11666160,1699,False,nan
93,12176,1610514539,MERV - XMEV - GGAL - 24hs,6900.0,2025-05-09 14:02:48,1,2025-05-09 14:02:49.790,6870.0,200,6860.0,2439,6850.0,4849,6840.0,1949,6800.0,486,6900.0,195,6910.0,574,6930.0,15000,6950.0,1000,6960.0,16,2025-05-09 14:02:49.706,,11673060,1700,False,nan
94,12338,1610514999,MERV - XMEV - GGAL - 24hs,6900.0,2025-05-09 14:02:48,1,2025-05-09 14:02:52.070,6870.0,200,6860.0,7439,6850.0,4849,6840.0,1949,6800.0,486,6900.0,195,6910.0,574,6930.0,15000,6950.0,1000,6960.0,16,2025-05-09 14:02:51.557,,11673060,1700,False,nan
95,12614,1610515574,MERV - XMEV - GGAL - 24hs,6900.0,2025-05-09 14:02:48,1,2025-05-09 14:02:55.430,6870.0,200,6860.0,7439,6850.0,4849,6840.0,1949,6800.0,486,6900.0,995,6910.0,574,6930.0,15000,6950.0,1000,6960.0,6,2025-05-09 14:02:55.348,,11673060,1700,False,nan
96,12703,1610515765,MERV - XMEV - GGAL - 24hs,6900.0,2025-05-09 14:02:56,100,2025-05-09 14:02:57.062,6870.0,200,6860.0,7439,6850.0,4849,6840.0,1949,6800.0,486,6900.0,995,6910.0,574,6930.0,15000,6950.0,1000,6960.0,6,2025-05-09 14:02:56.979,,11673060,1700,True,offer
97,12750,1610515861,MERV - XMEV - GGAL - 24hs,6900.0,2025-05-09 14:02:56,100,2025-05-09 14:02:57.712,6870.0,200,6860.0,7439,6850.0,4849,6840.0,1949,6800.0,486,6900.0,895,6910.0,574,6930.0,15000,6950.0,1000,6960.0,6,2025-05-09 14:02:57.630,,11673060,1700,False,nan
98,12779,1610515917,MERV - XMEV - GGAL - 24hs,6900.0,2025-05-09 14:02:56,100,2025-05-09 14:02:58.213,6870.0,200,6860.0,7439,6850.0,4849,6840.0,1949,6800.0,486,6900.0,895,6910.0,574,6930.0,15000,6950.0,1000,6960.0,6,2025-05-09 14:02:58.130,,12363060,1800,False,nan
99,13122,1610516569,MERV - XMEV - GGAL - 24hs,6900.0,2025-05-09 14:02:56,100,2025-05-09 14:03:02.266,6870.0,200,6860.0,7339,6850.0,4849,6840.0,1949,6800.0,486,6900.0,895,6910.0,574,6930.0,15000,6950.0,1000,6960.0,6,2025-05-09 14:03:02.061,,12363060,1800,False,nan
100,13224,1610516765,MERV - XMEV - GGAL - 24hs,6900.0,2025-05-09 14:02:56,100,2025-05-09 14:03:03.451,6870.0,200,6860.0,7339,6850.0,4849,6840.0,1949,6800.0,486,6900.0,895,6910.0,574,6920.0,550,6930.0,15000,6950.0,1000,2025-05-09 14:03:03.365,,12363060,1800,False,nan
101,13371,1610517098,MERV - XMEV - GGAL - 24hs,6880.0,2025-05-09 14:03:05,600,2025-05-09 14:03:05.579,6870.0,200,6860.0,7339,6850.0,4849,6840.0,1949,6800.0,486,6900.0,895,6910.0,574,6920.0,550,6930.0,15000,6950.0,1000,2025-05-09 14:03:05.495,,12363060,1800,True,bid
102,13420,1610517185,MERV - XMEV - GGAL - 24hs,6880.0,2025-05-09 14:03:05,600,2025-05-09 14:03:06.079,6870.0,300,6860.0,6739,6850.0,4849,6840.0,1949,6800.0,486,6880.0,1,6900.0,895,6910.0,574,6920.0,550,6930.0,15000,2025-05-09 14:03:05.995,,12363060,1800,False,nan
103,13463,1610517279,MERV - XMEV - GGAL - 24hs,6880.0,2025-05-09 14:03:05,600,2025-05-09 14:03:06.577,6870.0,300,6860.0,6739,6850.0,4849,6840.0,1949,6800.0,486,6880.0,1,6900.0,895,6910.0,574,6920.0,550,6930.0,15000,2025-05-09 14:03:06.495,,16491060,2400,False,nan
104,13573,1610517513,MERV - XMEV - GGAL - 24hs,6880.0,2025-05-09 14:03:07,1,2025-05-09 14:03:07.979,6870.0,300,6860.0,6739,6850.0,4849,6840.0,1949,6800.0,486,6880.0,1,6900.0,895,6910.0,574,6920.0,550,6930.0,15000,2025-05-09 14:03:07.854,,16491060,2400,True,offer
105,13667,1610517688,MERV - XMEV - GGAL - 24hs,6900.0,2025-05-09 14:03:07,338,2025-05-09 14:03:08.522,6870.0,300,6860.0,6739,6850.0,5287,6840.0,1949,6800.0,486,6900.0,462,6910.0,574,6920.0,550,6930.0,15000,6940.0,5000,2025-05-09 14:03:08.353,,16491060,2400,False,nan
106,13733,1610517803,MERV - XMEV - GGAL - 24hs,6900.0,2025-05-09 14:03:07,338,2025-05-09 14:03:08.937,6870.0,300,6860.0,6739,6850.0,5287,6840.0,1949,6800.0,486,6900.0,462,6910.0,574,6920.0,550,6930.0,15000,6940.0,5000,2025-05-09 14:03:08.854,,19485640,2834,False,nan
107,14538,1610519366,MERV - XMEV - GGAL - 24hs,6900.0,2025-05-09 14:03:07,338,2025-05-09 14:03:15.552,6870.0,314,6860.0,6739,6850.0,5287,6840.0,1949,6800.0,486,6900.0,462,6910.0,574,6920.0,5550,6930.0,10000,6940.0,5000,2025-05-09 14:03:15.411,,19485640,2834,False,nan
108,14703,1610519630,MERV - XMEV - GGAL - 24hs,6900.0,2025-05-09 14:03:15,1,2025-05-09 14:03:16.354,6870.0,314,6860.0,6739,6850.0,5287,6840.0,1949,6800.0,486,6900.0,462,6910.0,574,6920.0,5550,6930.0,10000,6940.0,5000,2025-05-09 14:03:15.923,,19485640,2834,True,offer
109,14936,1610519958,MERV - XMEV - GGAL - 24hs,6900.0,2025-05-09 14:03:15,1,2025-05-09 14:03:17.377,6870.0,314,6860.0,6739,6850.0,5287,6840.0,1949,6800.0,486,6900.0,461,6910.0,574,6920.0,5550,6930.0,10000,6940.0,5000,2025-05-09 14:03:16.795,,19485640,2834,False,nan
110,15040,1610520098,MERV - XMEV - GGAL - 24hs,6900.0,2025-05-09 14:03:15,1,2025-05-09 14:03:17.827,6870.0,314,6860.0,6739,6850.0,5287,6840.0,1949,6800.0,486,6900.0,461,6910.0,574,6920.0,5550,6930.0,10000,6940.0,5000,2025-05-09 14:03:17.297,,19492540,2835,False,nan
111,15294,1610520494,MERV - XMEV - GGAL - 24hs,6900.0,2025-05-09 14:03:15,1,2025-05-09 14:03:19.054,6870.0,618,6860.0,6739,6850.0,5287,6840.0,1645,6800.0,486,6900.0,461,6910.0,574,6920.0,5550,6930.0,10000,6940.0,5000,2025-05-09 14:03:18.252,,19492540,2835,False,nan
112,15590,1610520943,MERV - XMEV - GGAL - 24hs,6900.0,2025-05-09 14:03:17,461,2025-05-09 14:03:20.420,6870.0,618,6860.0,6739,6850.0,5287,6840.0,1645,6800.0,486,6900.0,461,6910.0,574,6920.0,5550,6930.0,10000,6940.0,5000,2025-05-09 14:03:19.516,,19492540,2835,True,offer
113,15732,1610521135,MERV - XMEV - GGAL - 24hs,6900.0,2025-05-09 14:03:17,4539,2025-05-09 14:03:21.004,6870.0,618,6860.0,6739,6850.0,5287,6840.0,1645,6800.0,486,6900.0,461,6910.0,574,6920.0,5550,6930.0,10000,6940.0,5000,2025-05-09 14:03:20.016,,22673440,3296,False,nan
114,15896,1610521373,MERV - XMEV - GGAL - 24hs,6900.0,2025-05-09 14:03:18,7,2025-05-09 14:03:21.744,6870.0,618,6860.0,6739,6850.0,5287,6840.0,1645,6800.0,486,6900.0,1,6910.0,574,6920.0,5550,6930.0,10000,6960.0,6,2025-05-09 14:03:20.516,,53999440,7836,True,offer
115,16028,1610521561,MERV - XMEV - GGAL - 24hs,6900.0,2025-05-09 14:03:18,7,2025-05-09 14:03:22.345,6870.0,618,6860.0,6739,6850.0,5287,6840.0,1645,6800.0,486,6900.0,1,6910.0,574,6920.0,5550,6930.0,10000,6960.0,6,2025-05-09 14:03:21.023,,54047740,7843,False,nan
116,16170,1610521764,MERV - XMEV - GGAL - 24hs,6900.0,2025-05-09 14:03:19,1,2025-05-09 14:03:22.978,6870.0,618,6860.0,6739,6850.0,5287,6840.0,1645,6800.0,486,6900.0,1,6910.0,574,6920.0,5550,6930.0,10000,6960.0,6,2025-05-09 14:03:21.530,,54047740,7843,True,offer
117,16343,1610522002,MERV - XMEV - GGAL - 24hs,6900.0,2025-05-09 14:03:19,1,2025-05-09 14:03:23.699,6870.0,618,6860.0,6739,6850.0,5287,6840.0,1645,6800.0,486,6910.0,574,6920.0,5550,6930.0,10000,6940.0,5000,6960.0,6,2025-05-09 14:03:22.024,,54054640,7844,False,nan
118,16579,1610522338,MERV - XMEV - GGAL - 24hs,6900.0,2025-05-09 14:03:19,1,2025-05-09 14:03:24.744,6870.0,818,6860.0,6739,6850.0,5287,6840.0,1645,6800.0,486,6900.0,55,6910.0,519,6920.0,5550,6930.0,10000,6940.0,5000,2025-05-09 14:03:23.062,,54054640,7844,False,nan
119,16731,1610522594,MERV - XMEV - GGAL - 24hs,6900.0,2025-05-09 14:03:21,4,2025-05-09 14:03:25.530,6870.0,818,6860.0,6739,6850.0,5287,6840.0,1645,6800.0,486,6900.0,55,6910.0,519,6920.0,5550,6930.0,10000,6940.0,5000,2025-05-09 14:03:23.563,,54054640,7844,True,offer
120,16842,1610522732,MERV - XMEV - GGAL - 24hs,6900.0,2025-05-09 14:03:21,19,2025-05-09 14:03:25.944,6870.0,818,6860.0,6739,6850.0,5287,6840.0,1645,6800.0,486,6900.0,1,6910.0,519,6920.0,5550,6930.0,10000,6960.0,6,2025-05-09 14:03:24.068,,54565240,7918,False,nan
121,17000,1610522943,MERV - XMEV - GGAL - 24hs,6900.0,2025-05-09 14:03:22,1,2025-05-09 14:03:26.599,6870.0,818,6860.0,6739,6850.0,5287,6840.0,1645,6800.0,486,6900.0,1,6910.0,519,6920.0,5550,6930.0,10000,6960.0,6,2025-05-09 14:03:24.594,,54565240,7918,True,offer
122,17133,1610523146,MERV - XMEV - GGAL - 24hs,6910.0,2025-05-09 14:03:22,9,2025-05-09 14:03:27.215,6870.0,818,6860.0,6739,6850.0,5287,6840.0,1645,6800.0,486,6900.0,1,6910.0,519,6920.0,5550,6930.0,10000,6960.0,6,2025-05-09 14:03:25.094,,54565240,7918,False,nan
123,17257,1610523361,MERV - XMEV - GGAL - 24hs,6910.0,2025-05-09 14:03:22,9,2025-05-09 14:03:27.870,6870.0,818,6860.0,6739,6850.0,5287,6840.0,1645,6800.0,486,6910.0,510,6920.0,5550,6930.0,10000,6940.0,5000,6960.0,6,2025-05-09 14:03:25.595,,54634330,7928,False,nan
124,17480,1610523663,MERV - XMEV - GGAL - 24hs,6910.0,2025-05-09 14:03:22,9,2025-05-09 14:03:28.818,6870.0,818,6860.0,10739,6850.0,1287,6840.0,1645,6800.0,486,6910.0,510,6920.0,5550,6930.0,10000,6940.0,5000,6960.0,6,2025-05-09 14:03:26.760,,54634330,7928,False,nan
125,17595,1610523819,MERV - XMEV - GGAL - 24hs,6910.0,2025-05-09 14:03:24,1,2025-05-09 14:03:29.304,6870.0,818,6860.0,10739,6850.0,1287,6840.0,1645,6800.0,486,6910.0,510,6920.0,5550,6930.0,10000,6940.0,5000,6960.0,6,2025-05-09 14:03:27.260,,54634330,7928,True,offer
126,17760,1610524016,MERV - XMEV - GGAL - 24hs,6910.0,2025-05-09 14:03:24,1,2025-05-09 14:03:29.920,6870.0,818,6860.0,10739,6850.0,1287,6840.0,1645,6800.0,486,6910.0,509,6920.0,5550,6930.0,10000,6940.0,5000,6960.0,6,2025-05-09 14:03:27.761,,54641240,7929,False,nan
127,18173,1610524603,MERV - XMEV - GGAL - 24hs,6910.0,2025-05-09 14:03:25,40,2025-05-09 14:03:31.715,6870.0,818,6860.0,10739,6850.0,1287,6840.0,1645,6800.0,486,6910.0,509,6920.0,5550,6930.0,10000,6940.0,5000,6960.0,6,2025-05-09 14:03:29.338,,54641240,7929,True,offer
128,18371,1610524869,MERV - XMEV - GGAL - 24hs,6910.0,2025-05-09 14:03:25,40,2025-05-09 14:03:32.527,6870.0,818,6860.0,10739,6850.0,1287,6840.0,1645,6800.0,486,6910.0,469,6920.0,5550,6930.0,10000,6940.0,5000,6960.0,6,2025-05-09 14:03:30.093,,54641240,7929,False,nan
129,18544,1610525123,MERV - XMEV - GGAL - 24hs,6910.0,2025-05-09 14:03:25,40,2025-05-09 14:03:33.310,6870.0,818,6860.0,10739,6850.0,1287,6840.0,1645,6800.0,486,6910.0,469,6920.0,5550,6930.0,10000,6940.0,5000,6960.0,6,2025-05-09 14:03:30.592,,54917640,7969,False,nan
130,18704,1610525326,MERV - XMEV - GGAL - 24hs,6910.0,2025-05-09 14:03:25,40,2025-05-09 14:03:33.923,6870.0,818,6860.0,10739,6850.0,1287,6840.0,1645,6800.0,486,6910.0,469,6920.0,15550,6940.0,5000,6960.0,6,6990.0,3000,2025-05-09 14:03:31.100,,54917640,7969,False,nan
131,18918,1610525641,MERV - XMEV - GGAL - 24hs,6910.0,2025-05-09 14:03:28,28,2025-05-09 14:03:34.908,6870.0,818,6860.0,10739,6850.0,1287,6840.0,1645,6800.0,486,6910.0,469,6920.0,15550,6940.0,5000,6960.0,6,6990.0,3000,2025-05-09 14:03:31.646,,54917640,7969,True,offer
132,19072,1610525864,MERV - XMEV - GGAL - 24hs,6910.0,2025-05-09 14:03:28,28,2025-05-09 14:03:35.584,6870.0,818,6860.0,10739,6850.0,1287,6840.0,1645,6800.0,486,6910.0,441,6920.0,15550,6940.0,5000,6960.0,6,6990.0,3000,2025-05-09 14:03:32.140,,55111120,7997,False,nan
133,19217,1610526081,MERV - XMEV - GGAL - 24hs,6870.0,2025-05-09 14:03:29,45,2025-05-09 14:03:36.258,6870.0,818,6860.0,10739,6850.0,1287,6840.0,1645,6800.0,486,6910.0,441,6920.0,15550,6940.0,5000,6960.0,6,6990.0,3000,2025-05-09 14:03:32.942,,55111120,7997,True,bid
134,19374,1610526306,MERV - XMEV - GGAL - 24hs,6870.0,2025-05-09 14:03:30,10,2025-05-09 14:03:36.939,6870.0,863,6860.0,10739,6850.0,1287,6840.0,1645,6800.0,486,6910.0,441,6920.0,15550,6930.0,5000,6960.0,6,6990.0,3000,2025-05-09 14:03:33.433,,55488970,8052,True,bid
135,19519,1610526513,MERV - XMEV - GGAL - 24hs,6910.0,2025-05-09 14:03:31,1,2025-05-09 14:03:37.579,6870.0,1144,6860.0,10739,6850.0,1287,6840.0,1645,6800.0,486,6910.0,441,6920.0,15550,6930.0,5000,6960.0,6,6990.0,3000,2025-05-09 14:03:33.929,,55488970,8052,True,offer
136,19644,1610526668,MERV - XMEV - GGAL - 24hs,6910.0,2025-05-09 14:03:31,4560,2025-05-09 14:03:38.063,6870.0,1144,6860.0,10739,6850.0,1287,6840.0,1645,6800.0,486,6910.0,441,6920.0,15550,6930.0,5000,6960.0,6,6990.0,3000,2025-05-09 14:03:34.430,,58618720,8505,False,nan
137,19746,1610526786,MERV - XMEV - GGAL - 24hs,6910.0,2025-05-09 14:03:31,4560,2025-05-09 14:03:38.423,6870.0,1132,6860.0,10739,6850.0,1287,6840.0,1645,6800.0,486,6910.0,1,6920.0,15550,6960.0,6,6990.0,3000,7000.0,8059,2025-05-09 14:03:34.927,,90128320,13065,False,nan
138,20030,1610527197,MERV - XMEV - GGAL - 24hs,6910.0,2025-05-09 14:03:33,1,2025-05-09 14:03:39.674,6870.0,1132,6860.0,10739,6850.0,1287,6840.0,1645,6800.0,486,6910.0,1,6920.0,15550,6960.0,6,6990.0,3000,7000.0,8059,2025-05-09 14:03:35.883,,90128320,13065,True,offer
139,20263,1610527511,MERV - XMEV - GGAL - 24hs,6910.0,2025-05-09 14:03:33,1,2025-05-09 14:03:40.655,6870.0,1132,6860.0,10739,6850.0,1287,6840.0,1645,6800.0,486,6920.0,15550,6930.0,5000,6960.0,6,6990.0,3000,7000.0,8059,2025-05-09 14:03:36.664,,90128320,13065,False,nan
140,20350,1610527639,MERV - XMEV - GGAL - 24hs,6910.0,2025-05-09 14:03:33,1,2025-05-09 14:03:41.055,6870.0,1132,6860.0,10739,6850.0,1287,6840.0,1645,6800.0,486,6920.0,15550,6930.0,5000,6960.0,6,6990.0,3000,7000.0,8059,2025-05-09 14:03:37.152,,90135230,13066,False,nan
141,20477,1610527828,MERV - XMEV - GGAL - 24hs,6920.0,2025-05-09 14:03:34,3,2025-05-09 14:03:41.643,6870.0,1132,6860.0,10739,6850.0,1287,6840.0,1645,6800.0,486,6920.0,15550,6930.0,5000,6960.0,6,6990.0,3000,7000.0,8059,2025-05-09 14:03:37.747,,90135230,13066,True,offer
142,20636,1610528051,MERV - XMEV - GGAL - 24hs,6920.0,2025-05-09 14:03:34,3,2025-05-09 14:03:42.332,6870.0,1132,6860.0,10739,6850.0,1287,6840.0,1645,6800.0,486,6920.0,15550,6930.0,5000,6960.0,6,6990.0,3000,7000.0,8059,2025-05-09 14:03:38.456,,90155990,13069,False,nan
143,20761,1610528236,MERV - XMEV - GGAL - 24hs,6920.0,2025-05-09 14:03:34,3,2025-05-09 14:03:42.892,6870.0,1132,6860.0,10739,6850.0,1287,6840.0,1645,6800.0,486,6900.0,3000,6920.0,15547,6930.0,5000,6960.0,6,6990.0,3000,2025-05-09 14:03:38.959,,90155990,13069,False,nan
144,20879,1610528486,MERV - XMEV - GGAL - 24hs,6870.0,2025-05-09 14:03:35,92,2025-05-09 14:03:43.662,6870.0,1132,6860.0,10739,6850.0,1287,6840.0,1645,6800.0,486,6900.0,3000,6920.0,15547,6930.0,5000,6960.0,6,6990.0,3000,2025-05-09 14:03:39.458,,90155990,13069,True,bid
145,21022,1610528768,MERV - XMEV - GGAL - 24hs,6900.0,2025-05-09 14:03:36,14,2025-05-09 14:03:44.530,6870.0,1040,6860.0,10739,6850.0,1287,6840.0,1645,6800.0,486,6900.0,2986,6920.0,15547,6930.0,5000,6960.0,6,6990.0,3000,2025-05-09 14:03:39.958,,90884630,13175,True,offer
146,21188,1610529038,MERV - XMEV - GGAL - 24hs,6870.0,2025-05-09 14:03:37,25,2025-05-09 14:03:45.347,6870.0,1040,6860.0,10739,6850.0,1287,6840.0,1645,6800.0,486,6900.0,2986,6920.0,15547,6930.0,5000,6960.0,6,6990.0,3000,2025-05-09 14:03:40.518,,90884630,13175,True,bid
147,21314,1610529219,MERV - XMEV - GGAL - 24hs,6900.0,2025-05-09 14:03:37,2,2025-05-09 14:03:45.891,6870.0,1040,6860.0,10739,6850.0,1287,6840.0,1645,6800.0,486,6900.0,2986,6920.0,15547,6930.0,5000,6960.0,6,6990.0,3000,2025-05-09 14:03:41.007,,91056380,13200,False,nan
148,21447,1610529396,MERV - XMEV - GGAL - 24hs,6900.0,2025-05-09 14:03:37,2,2025-05-09 14:03:46.435,6870.0,1015,6860.0,10739,6850.0,1287,6840.0,1645,6800.0,486,6900.0,2984,6920.0,15547,6930.0,5000,6960.0,6,6990.0,3000,2025-05-09 14:03:41.507,,91070180,13202,False,nan
149,21685,1610529721,MERV - XMEV - GGAL - 24hs,6870.0,2025-05-09 14:03:39,16,2025-05-09 14:03:47.460,6870.0,1015,6860.0,10739,6850.0,1287,6840.0,1645,6800.0,486,6900.0,2984,6920.0,15547,6930.0,5000,6960.0,6,6990.0,3000,2025-05-09 14:03:42.625,,91070180,13202,True,bid
150,21804,1610529889,MERV - XMEV - GGAL - 24hs,6870.0,2025-05-09 14:03:39,86,2025-05-09 14:03:47.966,6870.0,1015,6860.0,10739,6850.0,1287,6840.0,1645,6800.0,486,6900.0,2984,6920.0,15547,6930.0,5000,6960.0,6,6990.0,3000,2025-05-09 14:03:43.114,,91070180,13202,False,nan
151,21922,1610530055,MERV - XMEV - GGAL - 24hs,6870.0,2025-05-09 14:03:40,9,2025-05-09 14:03:48.475,6870.0,1113,6860.0,10739,6850.0,1287,6840.0,1645,6800.0,486,6900.0,2984,6920.0,15547,6930.0,5000,6960.0,6,6990.0,3000,2025-05-09 14:03:43.615,,91770920,13304,True,bid
152,22038,1610530220,MERV - XMEV - GGAL - 24hs,6870.0,2025-05-09 14:03:40,9,2025-05-09 14:03:48.986,6870.0,1090,6860.0,10739,6850.0,1287,6840.0,1645,6800.0,486,6900.0,2977,6920.0,15547,6930.0,5000,6960.0,6,6990.0,3000,2025-05-09 14:03:44.121,,91770920,13304,False,nan
153,22176,1610530422,MERV - XMEV - GGAL - 24hs,6870.0,2025-05-09 14:03:40,9,2025-05-09 14:03:49.595,6870.0,1090,6860.0,10739,6850.0,1287,6840.0,1645,6800.0,486,6900.0,2977,6920.0,15547,6930.0,5000,6960.0,6,6990.0,3000,2025-05-09 14:03:44.622,,91977230,13334,False,nan
154,22317,1610530645,MERV - XMEV - GGAL - 24hs,6870.0,2025-05-09 14:03:42,8,2025-05-09 14:03:50.274,6870.0,1081,6860.0,10739,6850.0,1287,6840.0,1645,6800.0,780,6900.0,2976,6920.0,15547,6930.0,5000,6960.0,6,6990.0,3000,2025-05-09 14:03:45.132,,92045960,13344,True,bid
155,22445,1610530838,MERV - XMEV - GGAL - 24hs,6870.0,2025-05-09 14:03:42,8,2025-05-09 14:03:50.851,6870.0,1081,6860.0,10739,6850.0,1287,6840.0,1645,6800.0,780,6900.0,2976,6920.0,15547,6930.0,5000,6960.0,6,6990.0,3000,2025-05-09 14:03:45.714,,92100920,13352,False,nan
156,22592,1610531049,MERV - XMEV - GGAL - 24hs,6870.0,2025-05-09 14:03:42,8,2025-05-09 14:03:51.495,6870.0,1073,6860.0,10739,6850.0,1287,6840.0,1645,6800.0,780,6900.0,2976,6920.0,15547,6930.0,5000,6960.0,6,6990.0,3000,2025-05-09 14:03:46.214,,92100920,13352,False,nan
157,22709,1610531207,MERV - XMEV - GGAL - 24hs,6900.0,2025-05-09 14:03:43,1,2025-05-09 14:03:51.991,6870.0,1073,6860.0,10739,6850.0,1287,6840.0,1645,6800.0,780,6900.0,2976,6920.0,15547,6930.0,5000,6960.0,6,6990.0,3000,2025-05-09 14:03:46.715,,92100920,13352,True,offer
158,22825,1610531378,MERV - XMEV - GGAL - 24hs,6900.0,2025-05-09 14:03:44,1,2025-05-09 14:03:52.506,6870.0,1073,6860.0,10739,6850.0,1287,6840.0,1645,6800.0,780,6900.0,2975,6920.0,15547,6930.0,5000,6960.0,6,6990.0,3000,2025-05-09 14:03:47.215,,92107820,13353,True,offer
159,22943,1610531553,MERV - XMEV - GGAL - 24hs,6900.0,2025-05-09 14:03:44,1,2025-05-09 14:03:53.048,6870.0,1073,6860.0,10739,6850.0,1287,6840.0,1645,6800.0,780,6900.0,2974,6920.0,15547,6930.0,5000,6960.0,6,6990.0,3000,2025-05-09 14:03:47.716,,92114720,13354,False,nan
160,23081,1610531772,MERV - XMEV - GGAL - 24hs,6900.0,2025-05-09 14:03:45,1,2025-05-09 14:03:53.742,6870.0,1071,6860.0,10739,6850.0,1287,6840.0,1645,6800.0,780,6900.0,2958,6920.0,15547,6930.0,5000,6960.0,6,6990.0,3000,2025-05-09 14:03:48.220,,92238860,13372,True,offer
161,23215,1610531964,MERV - XMEV - GGAL - 24hs,6900.0,2025-05-09 14:03:47,21,2025-05-09 14:03:54.347,6870.0,1071,6860.0,10739,6850.0,1287,6840.0,1645,6800.0,780,6900.0,2958,6910.0,200,6920.0,15547,6930.0,5000,6960.0,6,2025-05-09 14:03:48.718,,92348840,13388,True,offer
162,23372,1610532203,MERV - XMEV - GGAL - 24hs,6870.0,2025-05-09 14:03:48,193,2025-05-09 14:03:55.082,6870.0,1057,6860.0,10739,6850.0,1287,6840.0,1645,6800.0,780,6900.0,2935,6910.0,200,6920.0,15547,6930.0,5000,6960.0,6,2025-05-09 14:03:49.221,,94211240,13659,True,bid
163,23547,1610532475,MERV - XMEV - GGAL - 24hs,6890.0,2025-05-09 14:03:48,300,2025-05-09 14:03:55.923,6860.0,10791,6850.0,1287,6840.0,1645,6800.0,780,6790.0,150,6900.0,2935,6910.0,200,6920.0,15547,6930.0,5000,6960.0,6,2025-05-09 14:03:49.722,,101986970,14790,False,nan
164,23741,1610532787,MERV - XMEV - GGAL - 24hs,6900.0,2025-05-09 14:03:50,1,2025-05-09 14:03:56.888,6860.0,10791,6850.0,1287,6840.0,1645,6800.0,780,6790.0,150,6900.0,2935,6910.0,200,6920.0,15547,6930.0,5000,6960.0,6,2025-05-09 14:03:50.475,,101986970,14790,True,offer
165,23859,1610532938,MERV - XMEV - GGAL - 24hs,6860.0,2025-05-09 14:03:50,1,2025-05-09 14:03:57.363,6860.0,10791,6850.0,1287,6840.0,1645,6800.0,780,6790.0,150,6900.0,2935,6910.0,200,6920.0,15547,6930.0,5000,6960.0,6,2025-05-09 14:03:50.975,,102103630,14807,False,nan
166,23979,1610533118,MERV - XMEV - GGAL - 24hs,6860.0,2025-05-09 14:03:50,1,2025-05-09 14:03:57.952,6860.0,10773,6850.0,1287,6840.0,1645,6800.0,780,6790.0,150,6900.0,2934,6910.0,200,6920.0,15547,6930.0,5000,6960.0,6,2025-05-09 14:03:51.474,,102117350,14809,False,nan
167,24080,1610533269,MERV - XMEV - GGAL - 24hs,6900.0,2025-05-09 14:03:51,1,2025-05-09 14:03:58.428,6860.0,10773,6850.0,1287,6840.0,1645,6800.0,780,6790.0,150,6900.0,2934,6910.0,200,6920.0,15547,6930.0,5000,6960.0,6,2025-05-09 14:03:51.991,,102117350,14809,True,offer
168,24164,1610533389,MERV - XMEV - GGAL - 24hs,6900.0,2025-05-09 14:03:51,1,2025-05-09 14:03:58.783,6860.0,10773,6850.0,1287,6840.0,1645,6800.0,780,6790.0,150,6900.0,2934,6910.0,200,6920.0,15547,6930.0,5000,6960.0,6,2025-05-09 14:03:52.493,,102220290,14824,False,nan
169,24244,1610533494,MERV - XMEV - GGAL - 24hs,6900.0,2025-05-09 14:03:51,1,2025-05-09 14:03:59.102,6860.0,10759,6850.0,1287,6840.0,1645,6800.0,780,6790.0,150,6890.0,210,6900.0,2932,6910.0,200,6920.0,15547,6930.0,5000,2025-05-09 14:03:53.008,,102227190,14825,False,nan
170,24325,1610533609,MERV - XMEV - GGAL - 24hs,6890.0,2025-05-09 14:03:53,1,2025-05-09 14:03:59.454,6860.0,10759,6850.0,1287,6840.0,1645,6800.0,780,6790.0,150,6890.0,210,6900.0,2932,6910.0,200,6920.0,15547,6930.0,5000,2025-05-09 14:03:53.492,,102240910,14827,True,offer
171,24386,1610533690,MERV - XMEV - GGAL - 24hs,6890.0,2025-05-09 14:03:53,3,2025-05-09 14:03:59.694,6860.0,10759,6850.0,1287,6840.0,1645,6800.0,780,6790.0,150,6890.0,210,6900.0,2932,6910.0,200,6920.0,15547,6930.0,5000,2025-05-09 14:03:53.994,,102536220,14870,False,nan
172,24434,1610533758,MERV - XMEV - GGAL - 24hs,6890.0,2025-05-09 14:03:53,3,2025-05-09 14:03:59.898,6860.0,10725,6850.0,1287,6840.0,1645,6800.0,780,6790.0,150,6890.0,191,6900.0,2932,6910.0,200,6920.0,15547,6930.0,5000,2025-05-09 14:03:54.493,,102591340,14878,False,nan
173,24491,1610533860,MERV - XMEV - GGAL - 24hs,6860.0,2025-05-09 14:03:54,3,2025-05-09 14:04:00.254,6860.0,10725,6850.0,1287,6840.0,1645,6800.0,780,6790.0,150,6890.0,191,6900.0,2932,6910.0,200,6920.0,15547,6930.0,5000,2025-05-09 14:03:54.995,,102591340,14878,True,bid
174,24569,1610533969,MERV - XMEV - GGAL - 24hs,6860.0,2025-05-09 14:03:54,2,2025-05-09 14:04:00.591,6860.0,10725,6850.0,1287,6840.0,1645,6800.0,780,6790.0,150,6890.0,191,6900.0,2932,6910.0,200,6920.0,15547,6930.0,5000,2025-05-09 14:03:55.495,,102673690,14890,False,nan
175,24668,1610534116,MERV - XMEV - GGAL - 24hs,6860.0,2025-05-09 14:03:54,2,2025-05-09 14:04:01.039,6860.0,10712,6850.0,1287,6840.0,1645,6800.0,780,6790.0,150,6890.0,190,6900.0,2932,6910.0,200,6920.0,15547,6930.0,5000,2025-05-09 14:03:55.995,,102687410,14892,False,nan
176,24768,1610534253,MERV - XMEV - GGAL - 24hs,6860.0,2025-05-09 14:03:56,4,2025-05-09 14:04:01.479,6860.0,10712,6850.0,1287,6840.0,1645,6800.0,780,6790.0,150,6890.0,190,6900.0,2932,6910.0,200,6920.0,15547,6930.0,5000,2025-05-09 14:03:56.722,,102687410,14892,True,bid
177,24871,1610534418,MERV - XMEV - GGAL - 24hs,6890.0,2025-05-09 14:03:56,1,2025-05-09 14:04:01.984,6860.0,10712,6850.0,1287,6840.0,1645,6800.0,780,6790.0,150,6890.0,190,6900.0,2932,6910.0,200,6920.0,15547,6930.0,5000,2025-05-09 14:03:57.222,,103341600,14987,False,nan
178,24965,1610534544,MERV - XMEV - GGAL - 24hs,6890.0,2025-05-09 14:03:56,1,2025-05-09 14:04:02.386,6860.0,10700,6850.0,1287,6840.0,1645,6800.0,780,6790.0,150,6890.0,106,6900.0,2932,6910.0,200,6920.0,15547,6930.0,5000,2025-05-09 14:03:57.721,,103348490,14988,False,nan
179,25072,1610534714,MERV - XMEV - GGAL - 24hs,6890.0,2025-05-09 14:03:58,1,2025-05-09 14:04:02.935,6860.0,10700,6850.0,1287,6840.0,1645,6800.0,780,6790.0,150,6890.0,106,6900.0,2932,6910.0,200,6920.0,15547,6930.0,5000,2025-05-09 14:03:58.251,,103348490,14988,True,offer
180,25142,1610534817,MERV - XMEV - GGAL - 24hs,6860.0,2025-05-09 14:03:58,1,2025-05-09 14:04:03.254,6860.0,10700,6850.0,1287,6840.0,1645,6800.0,780,6790.0,150,6890.0,106,6900.0,2932,6910.0,200,6920.0,15547,6930.0,5000,2025-05-09 14:03:58.751,,103458370,15004,False,nan
181,25253,1610534985,MERV - XMEV - GGAL - 24hs,6860.0,2025-05-09 14:03:58,1,2025-05-09 14:04:03.780,6860.0,10686,6850.0,1287,6840.0,1645,6800.0,780,6790.0,150,6890.0,102,6900.0,2932,6910.0,200,6920.0,15547,6930.0,5000,2025-05-09 14:03:59.251,,103472090,15006,False,nan
182,25532,1610535492,MERV - XMEV - GGAL - 24hs,6860.0,2025-05-09 14:04:00,163,2025-05-09 14:04:05.338,6860.0,10686,6850.0,1287,6840.0,1645,6800.0,780,6790.0,150,6890.0,102,6900.0,2932,6910.0,200,6920.0,15547,6930.0,5000,2025-05-09 14:04:00.670,,103472090,15006,True,bid
183,25595,1610535606,MERV - XMEV - GGAL - 24hs,6860.0,2025-05-09 14:04:00,3,2025-05-09 14:04:05.705,6860.0,10686,6850.0,1287,6840.0,1645,6800.0,780,6790.0,150,6890.0,102,6900.0,2932,6910.0,200,6920.0,15547,6930.0,5000,2025-05-09 14:04:01.171,,104837950,15205,False,nan
184,25675,1610535704,MERV - XMEV - GGAL - 24hs,6890.0,2025-05-09 14:04:01,7,2025-05-09 14:04:06.050,6860.0,10507,6850.0,1287,6840.0,1645,6800.0,780,6790.0,150,6890.0,77,6900.0,2932,6910.0,200,6920.0,15547,6930.0,5000,2025-05-09 14:04:01.670,,104886060,15212,True,offer
185,25779,1610535916,MERV - XMEV - GGAL - 24hs,6890.0,2025-05-09 14:04:01,14,2025-05-09 14:04:06.734,6860.0,10504,6850.0,1287,6840.0,1645,6800.0,780,6790.0,150,6890.0,7,6900.0,2932,6910.0,200,6920.0,15547,6930.0,5000,2025-05-09 14:04:02.171,,105375160,15283,False,nan
186,25893,1610536092,MERV - XMEV - GGAL - 24hs,6890.0,2025-05-09 14:04:02,3,2025-05-09 14:04:07.304,6860.0,10504,6850.0,1287,6840.0,1645,6800.0,780,6790.0,150,6890.0,7,6900.0,2932,6910.0,200,6920.0,15547,6930.0,5000,2025-05-09 14:04:02.741,,105375160,15283,True,offer
187,25966,1610536190,MERV - XMEV - GGAL - 24hs,6860.0,2025-05-09 14:04:02,13,2025-05-09 14:04:07.619,6860.0,10504,6850.0,1287,6840.0,1645,6800.0,780,6790.0,150,6890.0,7,6900.0,2932,6910.0,200,6920.0,15547,6930.0,5000,2025-05-09 14:04:03.241,,105546780,15308,False,nan
188,26003,1610536245,MERV - XMEV - GGAL - 24hs,6860.0,2025-05-09 14:04:02,13,2025-05-09 14:04:07.783,6860.0,10470,6850.0,1287,6840.0,1645,6800.0,780,6790.0,150,6890.0,3,6900.0,2932,6910.0,200,6920.0,15547,6930.0,5000,2025-05-09 14:04:03.741,,105635960,15321,False,nan
189,26252,1610536624,MERV - XMEV - GGAL - 24hs,6890.0,2025-05-09 14:04:04,1,2025-05-09 14:04:08.964,6860.0,10470,6850.0,1287,6840.0,1645,6800.0,780,6790.0,150,6890.0,3,6900.0,2932,6910.0,200,6920.0,15547,6930.0,5000,2025-05-09 14:04:06.174,,105635960,15321,True,offer
190,26326,1610536729,MERV - XMEV - GGAL - 24hs,6900.0,2025-05-09 14:04:04,1,2025-05-09 14:04:09.304,6860.0,10470,6850.0,1287,6840.0,1645,6800.0,780,6790.0,150,6890.0,3,6900.0,2932,6910.0,200,6920.0,15547,6930.0,5000,2025-05-09 14:04:06.676,,105642850,15322,False,nan
191,26425,1610536879,MERV - XMEV - GGAL - 24hs,6900.0,2025-05-09 14:04:04,1,2025-05-09 14:04:09.777,6860.0,10470,6850.0,1287,6840.0,1645,6800.0,780,6790.0,150,6890.0,3,6900.0,2932,6910.0,200,6920.0,15547,6930.0,5000,2025-05-09 14:04:07.188,,105663530,15325,False,nan
192,26586,1610537114,MERV - XMEV - GGAL - 24hs,6900.0,2025-05-09 14:04:05,10,2025-05-09 14:04:10.507,6860.0,10470,6850.0,1287,6840.0,1645,6800.0,780,6790.0,150,6900.0,2931,6910.0,200,6920.0,5547,6930.0,15000,6960.0,6,2025-05-09 14:04:07.689,,105698030,15330,True,offer
193,26705,1610537292,MERV - XMEV - GGAL - 24hs,6870.0,2025-05-09 14:04:05,5,2025-05-09 14:04:11.047,6870.0,1050,6860.0,10394,6850.0,1287,6840.0,1645,6800.0,780,6900.0,2906,6910.0,200,6920.0,5547,6930.0,15000,6960.0,6,2025-05-09 14:04:08.189,,106014650,15376,False,nan
194,26810,1610537447,MERV - XMEV - GGAL - 24hs,6900.0,2025-05-09 14:04:07,14,2025-05-09 14:04:11.526,6870.0,1050,6860.0,10394,6850.0,1287,6840.0,1645,6800.0,780,6900.0,2906,6910.0,200,6920.0,5547,6930.0,15000,6960.0,6,2025-05-09 14:04:08.690,,106722410,15479,True,offer
195,26947,1610537643,MERV - XMEV - GGAL - 24hs,6900.0,2025-05-09 14:04:08,2,2025-05-09 14:04:12.138,6870.0,952,6860.0,10394,6850.0,1287,6840.0,1645,6800.0,780,6900.0,2873,6910.0,200,6920.0,5547,6930.0,15000,6960.0,6,2025-05-09 14:04:09.197,,107619410,15609,True,offer
196,27091,1610537896,MERV - XMEV - GGAL - 24hs,6900.0,2025-05-09 14:04:09,1,2025-05-09 14:04:12.943,6870.0,941,6860.0,10394,6850.0,1287,6840.0,1645,6800.0,780,6900.0,2767,6910.0,200,6920.0,5547,6930.0,15000,6960.0,6,2025-05-09 14:04:09.697,,115456130,16749,True,offer
197,27235,1610538113,MERV - XMEV - GGAL - 24hs,6890.0,2025-05-09 14:04:09,1,2025-05-09 14:04:13.618,6860.0,10376,6850.0,1287,6840.0,1645,6800.0,780,6790.0,150,6890.0,76,6900.0,2584,6910.0,5200,6920.0,5547,6930.0,15000,2025-05-09 14:04:10.197,,115607880,16771,False,nan
198,27313,1610538237,MERV - XMEV - GGAL - 24hs,6860.0,2025-05-09 14:04:10,41,2025-05-09 14:04:14.019,6860.0,10381,6850.0,1287,6840.0,1645,6800.0,780,6790.0,150,6890.0,70,6900.0,2584,6910.0,5200,6920.0,5547,6930.0,15000,2025-05-09 14:04:10.697,,115614770,16772,True,bid
199,27405,1610538384,MERV - XMEV - GGAL - 24hs,6890.0,2025-05-09 14:04:10,5,2025-05-09 14:04:14.476,6860.0,10333,6850.0,1287,6840.0,1645,6800.0,780,6790.0,150,6890.0,59,6900.0,2584,6910.0,5200,6920.0,5547,6930.0,15000,2025-05-09 14:04:11.197,,116019840,16831,False,nan
200,27721,1610538896,MERV - XMEV - GGAL - 24hs,6860.0,2025-05-09 14:04:12,250,2025-05-09 14:04:16.051,6860.0,10333,6850.0,1287,6840.0,1645,6800.0,780,6790.0,150,6890.0,59,6900.0,2584,6910.0,5200,6920.0,5547,6930.0,15000,2025-05-09 14:04:12.780,,116019840,16831,True,bid
201,27834,1610539063,MERV - XMEV - GGAL - 24hs,6860.0,2025-05-09 14:04:12,3,2025-05-09 14:04:16.578,6860.0,9083,6850.0,1287,6840.0,1645,6800.0,780,6790.0,2050,6880.0,5000,6890.0,59,6900.0,2584,6910.0,200,6920.0,5547,2025-05-09 14:04:13.281,,150319840,21831,False,nan
202,27928,1610539196,MERV - XMEV - GGAL - 24hs,6860.0,2025-05-09 14:04:12,3,2025-05-09 14:04:16.984,6860.0,5330,6850.0,1287,6840.0,1645,6800.0,780,6790.0,2050,6890.0,59,6900.0,7584,6910.0,200,6920.0,5547,6930.0,12000,2025-05-09 14:04:13.780,,150340420,21834,False,nan
203,28096,1610539448,MERV - XMEV - GGAL - 24hs,6890.0,2025-05-09 14:04:14,59,2025-05-09 14:04:17.785,6860.0,5330,6850.0,1287,6840.0,1645,6800.0,780,6790.0,2050,6890.0,59,6900.0,7584,6910.0,200,6920.0,5547,6930.0,12000,2025-05-09 14:04:14.984,,150340420,21834,True,offer
204,28120,1610539484,MERV - XMEV - GGAL - 24hs,6900.0,2025-05-09 14:04:14,41,2025-05-09 14:04:17.896,6860.0,5330,6850.0,1287,6840.0,1645,6800.0,780,6790.0,2050,6890.0,59,6900.0,7584,6910.0,200,6920.0,5547,6930.0,12000,2025-05-09 14:04:15.483,,150340420,21834,False,nan
205,28198,1610539599,MERV - XMEV - GGAL - 24hs,6900.0,2025-05-09 14:04:14,41,2025-05-09 14:04:18.242,6860.0,5330,6850.0,1287,6840.0,1645,6800.0,780,6790.0,2050,6900.0,7543,6910.0,200,6920.0,5547,6930.0,12000,6960.0,6,2025-05-09 14:04:15.984,,150340420,21834,False,nan
206,28274,1610539720,MERV - XMEV - GGAL - 24hs,6900.0,2025-05-09 14:04:14,41,2025-05-09 14:04:18.616,6860.0,5330,6850.0,1287,6840.0,1645,6800.0,780,6790.0,2050,6900.0,7543,6910.0,200,6920.0,5547,6930.0,12000,6960.0,6,2025-05-09 14:04:16.485,,151029830,21934,False,nan
207,28411,1610539944,MERV - XMEV - GGAL - 24hs,6860.0,2025-05-09 14:04:16,5,2025-05-09 14:04:19.324,6850.0,1287,6840.0,1645,6800.0,780,6790.0,2050,6760.0,5000,6860.0,1,6880.0,5000,6890.0,500,6900.0,7543,6910.0,10200,2025-05-09 14:04:16.984,,185329830,26934,True,bid
208,28514,1610540108,MERV - XMEV - GGAL - 24hs,6860.0,2025-05-09 14:04:17,49,2025-05-09 14:04:19.835,6850.0,1287,6840.0,1645,6800.0,780,6790.0,2050,6760.0,5000,6860.0,1,6880.0,5000,6890.0,500,6900.0,7543,6910.0,10200,2025-05-09 14:04:17.485,,187593630,27264,True,offer
209,28567,1610540208,MERV - XMEV - GGAL - 24hs,6870.0,2025-05-09 14:04:17,799,2025-05-09 14:04:20.132,6850.0,1287,6840.0,1645,6800.0,780,6790.0,2050,6760.0,5000,6860.0,1,6880.0,5000,6890.0,500,6900.0,7543,6910.0,10200,2025-05-09 14:04:17.985,,187943490,27315,False,nan
210,28626,1610540301,MERV - XMEV - GGAL - 24hs,6870.0,2025-05-09 14:04:17,799,2025-05-09 14:04:20.404,6850.0,1287,6840.0,1645,6800.0,780,6790.0,2050,6760.0,5007,6870.0,1,6880.0,5000,6890.0,500,6900.0,7543,6910.0,10201,2025-05-09 14:04:18.484,,193432620,28114,False,nan
211,28711,1610540450,MERV - XMEV - GGAL - 24hs,6870.0,2025-05-09 14:04:17,799,2025-05-09 14:04:20.854,6850.0,1358,6840.0,1645,6800.0,780,6790.0,2050,6770.0,5000,6870.0,6,6880.0,5000,6890.0,500,6900.0,7543,6910.0,10200,2025-05-09 14:04:18.984,,193432620,28114,False,nan
212,29337,1610541357,MERV - XMEV - GGAL - 24hs,6870.0,2025-05-09 14:04:21,1,2025-05-09 14:04:23.968,6850.0,1358,6840.0,1645,6800.0,780,6790.0,2050,6770.0,5000,6870.0,6,6880.0,5000,6890.0,500,6900.0,7543,6910.0,10200,2025-05-09 14:04:23.844,,193432620,28114,True,offer
213,29428,1610541498,MERV - XMEV - GGAL - 24hs,6850.0,2025-05-09 14:04:22,141,2025-05-09 14:04:24.427,6850.0,1358,6840.0,645,6800.0,780,6790.0,2050,6770.0,5000,6870.0,1,6880.0,5000,6890.0,500,6900.0,7543,6910.0,10200,2025-05-09 14:04:24.343,,200302620,29114,True,bid
214,29470,1610541553,MERV - XMEV - GGAL - 24hs,6850.0,2025-05-09 14:04:22,141,2025-05-09 14:04:24.925,6850.0,368,6840.0,645,6800.0,780,6790.0,2050,6760.0,5000,6870.0,1,6880.0,5000,6890.0,500,6900.0,7543,6910.0,10200,2025-05-09 14:04:24.844,,207084120,30104,False,nan
215,29721,1610541921,MERV - XMEV - GGAL - 24hs,6850.0,2025-05-09 14:04:22,141,2025-05-09 14:04:26.775,6850.0,368,6840.0,645,6800.0,780,6790.0,2050,6760.0,5000,6870.0,200,6880.0,5000,6890.0,500,6900.0,7543,6910.0,15000,2025-05-09 14:04:26.687,,207084120,30104,False,nan
216,30022,1610542403,MERV - XMEV - GGAL - 24hs,6850.0,2025-05-09 14:04:27,5,2025-05-09 14:04:28.682,6850.0,368,6840.0,645,6800.0,780,6790.0,2050,6760.0,5000,6870.0,200,6880.0,5000,6890.0,500,6900.0,7543,6910.0,15000,2025-05-09 14:04:28.599,,207084120,30104,True,bid
217,30110,1610542537,MERV - XMEV - GGAL - 24hs,6850.0,2025-05-09 14:04:27,5,2025-05-09 14:04:29.348,6850.0,363,6840.0,645,6800.0,780,6790.0,2050,6760.0,5000,6870.0,200,6880.0,5000,6890.0,500,6900.0,7543,6910.0,15000,2025-05-09 14:04:29.225,,207084120,30104,False,nan
218,30180,1610542641,MERV - XMEV - GGAL - 24hs,6850.0,2025-05-09 14:04:28,3,2025-05-09 14:04:29.810,6850.0,363,6840.0,645,6800.0,780,6790.0,2050,6760.0,5000,6870.0,200,6880.0,5000,6890.0,500,6900.0,7543,6910.0,15000,2025-05-09 14:04:29.725,,207118370,30109,True,bid
219,30355,1610542970,MERV - XMEV - GGAL - 24hs,6850.0,2025-05-09 14:04:28,3,2025-05-09 14:04:30.928,6850.0,360,6840.0,791,6800.0,780,6790.0,2050,6760.0,5000,6870.0,200,6880.0,5000,6890.0,500,6900.0,7543,6910.0,15000,2025-05-09 14:04:30.227,,207138920,30112,False,nan
220,30453,1610543130,MERV - XMEV - GGAL - 24hs,6850.0,2025-05-09 14:04:28,3,2025-05-09 14:04:31.420,6850.0,360,6840.0,791,6800.0,1380,6790.0,2050,6760.0,5000,6870.0,200,6880.0,5000,6890.0,500,6900.0,7543,6910.0,15000,2025-05-09 14:04:30.725,,207138920,30112,False,nan
221,30567,1610543327,MERV - XMEV - GGAL - 24hs,6850.0,2025-05-09 14:04:28,3,2025-05-09 14:04:32.038,6850.0,360,6840.0,791,6800.0,2380,6790.0,2050,6760.0,5000,6870.0,200,6880.0,5000,6890.0,500,6900.0,7543,6910.0,15000,2025-05-09 14:04:31.591,,207138920,30112,False,nan
222,30891,1610543882,MERV - XMEV - GGAL - 24hs,6870.0,2025-05-09 14:04:34,1,2025-05-09 14:04:34.128,6850.0,360,6840.0,791,6800.0,2380,6790.0,2050,6760.0,5000,6870.0,200,6880.0,5000,6890.0,500,6900.0,7543,6910.0,15000,2025-05-09 14:04:34.040,,207138920,30112,True,offer
223,30947,1610543979,MERV - XMEV - GGAL - 24hs,6870.0,2025-05-09 14:04:34,199,2025-05-09 14:04:34.700,6850.0,360,6840.0,791,6800.0,2380,6790.0,2050,6760.0,5000,6870.0,200,6880.0,5000,6890.0,500,6900.0,7543,6910.0,15000,2025-05-09 14:04:34.618,,207145790,30113,False,nan
224,31012,1610544073,MERV - XMEV - GGAL - 24hs,6880.0,2025-05-09 14:04:34,163,2025-05-09 14:04:35.212,6850.0,360,6840.0,791,6800.0,2380,6790.0,2050,6760.0,5000,6880.0,4837,6890.0,500,6900.0,7543,6910.0,15000,6920.0,647,2025-05-09 14:04:35.118,,209634360,30475,False,nan
225,31137,1610544298,MERV - XMEV - GGAL - 24hs,6880.0,2025-05-09 14:04:34,163,2025-05-09 14:04:36.131,6850.0,360,6840.0,791,6800.0,2380,6790.0,2050,6760.0,5000,6860.0,1,6890.0,500,6900.0,7543,6910.0,15000,6920.0,647,2025-05-09 14:04:35.956,,209634360,30475,False,nan
226,31250,1610544468,MERV - XMEV - GGAL - 24hs,6880.0,2025-05-09 14:04:34,163,2025-05-09 14:04:36.647,6850.0,289,6840.0,791,6800.0,2380,6790.0,2050,6760.0,5007,6860.0,1,6880.0,5000,6890.0,500,6900.0,7543,6910.0,15000,2025-05-09 14:04:36.549,,209634360,30475,False,nan
227,31419,1610544732,MERV - XMEV - GGAL - 24hs,6880.0,2025-05-09 14:04:34,163,2025-05-09 14:04:38.336,6850.0,289,6840.0,791,6800.0,2380,6790.0,2050,6760.0,5007,6860.0,1,6890.0,5500,6900.0,7543,6910.0,15000,6920.0,647,2025-05-09 14:04:38.243,,209634360,30475,False,nan
228,31570,1610544984,MERV - XMEV - GGAL - 24hs,6880.0,2025-05-09 14:04:34,163,2025-05-09 14:04:39.370,6850.0,3289,6840.0,791,6800.0,2380,6790.0,2050,6760.0,5007,6860.0,1,6890.0,5500,6900.0,7543,6910.0,15000,6920.0,647,2025-05-09 14:04:39.288,,209634360,30475,False,nan
229,31606,1610545051,MERV - XMEV - GGAL - 24hs,6860.0,2025-05-09 14:04:39,1,2025-05-09 14:04:39.871,6850.0,3289,6840.0,791,6800.0,2380,6790.0,2050,6760.0,5007,6860.0,1,6890.0,5500,6900.0,7543,6910.0,15000,6920.0,647,2025-05-09 14:04:39.788,,209634360,30475,True,offer
230,31649,1610545112,MERV - XMEV - GGAL - 24hs,6860.0,2025-05-09 14:04:40,5,2025-05-09 14:04:40.370,6850.0,3289,6840.0,791,6800.0,2380,6790.0,2050,6760.0,5007,6860.0,1,6890.0,5500,6900.0,7543,6910.0,15000,6920.0,647,2025-05-09 14:04:40.288,,209641220,30476,True,offer
231,31702,1610545186,MERV - XMEV - GGAL - 24hs,6850.0,2025-05-09 14:04:40,23,2025-05-09 14:04:40.870,6860.0,71,6850.0,3289,6840.0,791,6800.0,2380,6790.0,2050,6880.0,5,6890.0,5500,6900.0,7543,6910.0,15000,6920.0,647,2025-05-09 14:04:40.788,,209840160,30505,False,nan
232,31751,1610545256,MERV - XMEV - GGAL - 24hs,6850.0,2025-05-09 14:04:41,104,2025-05-09 14:04:41.370,6850.0,3266,6840.0,791,6800.0,2380,6790.0,2050,6760.0,5000,6880.0,5,6890.0,5500,6900.0,7543,6910.0,15000,6920.0,647,2025-05-09 14:04:41.288,,210320130,30575,True,bid
233,31798,1610545328,MERV - XMEV - GGAL - 24hs,6850.0,2025-05-09 14:04:41,104,2025-05-09 14:04:41.871,6850.0,3162,6840.0,791,6800.0,2380,6790.0,2050,6760.0,5000,6880.0,5,6890.0,5500,6900.0,7543,6910.0,15000,6920.0,647,2025-05-09 14:04:41.788,,211032530,30679,False,nan
234,31921,1610545506,MERV - XMEV - GGAL - 24hs,6870.0,2025-05-09 14:04:43,145,2025-05-09 14:04:43.215,6850.0,3162,6840.0,791,6800.0,2380,6790.0,2050,6760.0,5000,6880.0,5,6890.0,5500,6900.0,7543,6910.0,15000,6920.0,647,2025-05-09 14:04:43.133,,211032530,30679,True,offer
235,31993,1610545615,MERV - XMEV - GGAL - 24hs,6850.0,2025-05-09 14:04:43,40,2025-05-09 14:04:43.743,6850.0,3162,6840.0,791,6800.0,2380,6790.0,2050,6760.0,5000,6870.0,1,6880.0,5,6890.0,5500,6900.0,7543,6910.0,10000,2025-05-09 14:04:43.634,,212713680,30924,False,nan
236,32076,1610545765,MERV - XMEV - GGAL - 24hs,6850.0,2025-05-09 14:04:43,40,2025-05-09 14:04:44.215,6850.0,3162,6840.0,791,6800.0,2380,6790.0,2050,6760.0,5000,6870.0,1,6880.0,5,6890.0,5500,6900.0,7543,6910.0,10000,2025-05-09 14:04:44.134,,212987680,30964,False,nan
237,32143,1610545865,MERV - XMEV - GGAL - 24hs,6850.0,2025-05-09 14:04:44,18,2025-05-09 14:04:44.728,6850.0,3022,6840.0,791,6800.0,2380,6790.0,2050,6760.0,5000,6870.0,1,6880.0,5005,6890.0,5500,6900.0,12543,6920.0,647,2025-05-09 14:04:44.646,,212987680,30964,True,bid
238,32247,1610546038,MERV - XMEV - GGAL - 24hs,6850.0,2025-05-09 14:04:44,18,2025-05-09 14:04:45.263,6860.0,2000,6850.0,3004,6840.0,791,6800.0,2380,6790.0,2050,6870.0,1,6880.0,5000,6890.0,5500,6900.0,12543,6920.0,648,2025-05-09 14:04:45.143,,213110980,30982,False,nan
239,32296,1610546107,MERV - XMEV - GGAL - 24hs,6860.0,2025-05-09 14:04:45,2000,2025-05-09 14:04:45.729,6860.0,2000,6850.0,3004,6840.0,791,6800.0,2380,6790.0,2050,6870.0,1,6880.0,5000,6890.0,5500,6900.0,12543,6920.0,648,2025-05-09 14:04:45.643,,213110980,30982,True,bid
240,32350,1610546195,MERV - XMEV - GGAL - 24hs,6860.0,2025-05-09 14:04:45,2000,2025-05-09 14:04:46.231,6850.0,3004,6840.0,791,6800.0,2380,6790.0,2050,6760.0,5000,6860.0,1,6880.0,5000,6890.0,5500,6900.0,12543,6920.0,648,2025-05-09 14:04:46.143,,226830980,32982,False,nan
241,32440,1610546325,MERV - XMEV - GGAL - 24hs,6870.0,2025-05-09 14:04:46,2,2025-05-09 14:04:46.727,6850.0,3004,6840.0,791,6800.0,2380,6790.0,2050,6760.0,5000,6860.0,1,6880.0,5000,6890.0,5500,6900.0,12543,6920.0,648,2025-05-09 14:04:46.644,,226830980,32982,True,offer
242,32485,1610546390,MERV - XMEV - GGAL - 24hs,6870.0,2025-05-09 14:04:46,2,2025-05-09 14:04:47.225,6850.0,3004,6840.0,791,6800.0,2380,6790.0,2050,6760.0,5000,6870.0,1,6880.0,5000,6890.0,5500,6900.0,12543,6920.0,647,2025-05-09 14:04:47.143,,226851580,32985,False,nan
243,32885,1610546976,MERV - XMEV - GGAL - 24hs,6870.0,2025-05-09 14:04:46,2,2025-05-09 14:04:50.832,6850.0,3004,6840.0,791,6800.0,2382,6790.0,2050,6760.0,5000,6870.0,77,6880.0,5000,6890.0,500,6900.0,17543,6920.0,647,2025-05-09 14:04:50.737,,226851580,32985,False,nan
244,33008,1610547152,MERV - XMEV - GGAL - 24hs,6850.0,2025-05-09 14:04:50,54,2025-05-09 14:04:51.362,6850.0,3004,6840.0,791,6800.0,2382,6790.0,2050,6760.0,5000,6870.0,77,6880.0,5000,6890.0,500,6900.0,17543,6920.0,647,2025-05-09 14:04:51.238,,226851580,32985,True,bid
245,33071,1610547243,MERV - XMEV - GGAL - 24hs,6850.0,2025-05-09 14:04:50,54,2025-05-09 14:04:51.820,6850.0,2946,6840.0,791,6800.0,2382,6790.0,2050,6760.0,5000,6870.0,76,6880.0,5000,6890.0,500,6900.0,21543,6920.0,647,2025-05-09 14:04:51.737,,227248880,33043,False,nan
246,33169,1610547394,MERV - XMEV - GGAL - 24hs,6850.0,2025-05-09 14:04:52,110,2025-05-09 14:04:52.323,6850.0,2946,6840.0,791,6800.0,2382,6790.0,2050,6760.0,5000,6870.0,76,6880.0,5000,6890.0,500,6900.0,21543,6920.0,647,2025-05-09 14:04:52.237,,227468080,33075,True,bid
247,33254,1610547534,MERV - XMEV - GGAL - 24hs,6850.0,2025-05-09 14:04:52,4,2025-05-09 14:04:52.835,6850.0,2783,6840.0,791,6800.0,2382,6790.0,2050,6760.0,5000,6870.0,76,6880.0,5000,6890.0,500,6900.0,21543,6920.0,647,2025-05-09 14:04:52.738,,228365430,33206,False,nan
248,33373,1610547704,MERV - XMEV - GGAL - 24hs,6850.0,2025-05-09 14:04:52,4,2025-05-09 14:04:53.544,6850.0,2779,6840.0,791,6800.0,2382,6790.0,2050,6760.0,5000,6870.0,76,6880.0,5000,6890.0,500,6900.0,21543,6920.0,647,2025-05-09 14:04:53.383,,228365430,33206,False,nan
249,33455,1610547819,MERV - XMEV - GGAL - 24hs,6880.0,2025-05-09 14:04:53,1077,2025-05-09 14:04:53.966,6850.0,2779,6840.0,791,6800.0,2382,6790.0,2050,6760.0,5000,6870.0,76,6880.0,5000,6890.0,500,6900.0,21543,6920.0,647,2025-05-09 14:04:53.883,,228392830,33210,True,offer
250,33506,1610547900,MERV - XMEV - GGAL - 24hs,6860.0,2025-05-09 14:04:54,76,2025-05-09 14:04:54.465,6850.0,2779,6840.0,791,6800.0,2382,6790.0,2050,6760.0,5000,6860.0,1,6880.0,76,6890.0,500,6900.0,17543,6920.0,647,2025-05-09 14:04:54.383,,236846070,34439,True,nan
251,33563,1610547985,MERV - XMEV - GGAL - 24hs,6860.0,2025-05-09 14:04:54,76,2025-05-09 14:04:55.158,6850.0,2779,6840.0,791,6800.0,2382,6790.0,2050,6770.0,5000,6860.0,1,6870.0,300,6890.0,500,6900.0,17543,6920.0,654,2025-05-09 14:04:55.065,,236846070,34439,False,nan
252,33616,1610548064,MERV - XMEV - GGAL - 24hs,6850.0,2025-05-09 14:04:55,1,2025-05-09 14:04:55.815,6850.0,2779,6840.0,791,6800.0,2382,6790.0,2050,6770.0,5000,6860.0,1,6870.0,300,6890.0,500,6900.0,17543,6920.0,654,2025-05-09 14:04:55.731,,236846070,34439,True,bid
253,33682,1610548167,MERV - XMEV - GGAL - 24hs,6850.0,2025-05-09 14:04:55,1,2025-05-09 14:04:56.486,6850.0,2778,6840.0,791,6800.0,2382,6790.0,2050,6770.0,5000,6870.0,300,6890.0,500,6900.0,21543,6920.0,647,6960.0,13,2025-05-09 14:04:56.396,,236846070,34439,False,nan
254,33716,1610548225,MERV - XMEV - GGAL - 24hs,6850.0,2025-05-09 14:04:55,1,2025-05-09 14:04:56.982,6850.0,2778,6840.0,791,6800.0,2382,6790.0,2050,6770.0,5000,6870.0,300,6890.0,500,6900.0,21543,6920.0,647,6960.0,13,2025-05-09 14:04:56.896,,236852920,34440,False,nan
255,33955,1610548654,MERV - XMEV - GGAL - 24hs,6850.0,2025-05-09 14:04:55,1,2025-05-09 14:04:58.743,6850.0,2778,6840.0,791,6800.0,2382,6790.0,2050,6780.0,5000,6870.0,300,6890.0,500,6900.0,21543,6920.0,647,6960.0,13,2025-05-09 14:04:58.240,,236852920,34440,False,nan
256,34442,1610549460,MERV - XMEV - GGAL - 24hs,6850.0,2025-05-09 14:05:01,6,2025-05-09 14:05:01.656,6850.0,2778,6840.0,791,6800.0,2382,6790.0,2050,6780.0,5000,6870.0,300,6890.0,500,6900.0,21543,6920.0,647,6960.0,13,2025-05-09 14:05:01.254,,236852920,34440,True,bid
257,34510,1610549562,MERV - XMEV - GGAL - 24hs,6850.0,2025-05-09 14:05:01,6,2025-05-09 14:05:01.967,6850.0,2772,6840.0,791,6800.0,2382,6790.0,2050,6780.0,5000,6870.0,300,6890.0,500,6900.0,21543,6920.0,2204,6960.0,13,2025-05-09 14:05:01.754,,236852920,34440,False,nan
258,34628,1610549758,MERV - XMEV - GGAL - 24hs,6850.0,2025-05-09 14:05:01,6,2025-05-09 14:05:02.584,6850.0,2772,6840.0,791,6800.0,2382,6790.0,2050,6780.0,5000,6870.0,300,6890.0,500,6900.0,21543,6920.0,2204,6960.0,13,2025-05-09 14:05:02.254,,236894020,34446,False,nan
259,34685,1610549852,MERV - XMEV - GGAL - 24hs,6850.0,2025-05-09 14:05:02,2001,2025-05-09 14:05:03.094,6850.0,2772,6840.0,791,6800.0,2382,6790.0,2050,6780.0,5000,6870.0,300,6890.0,500,6900.0,21543,6920.0,2204,6960.0,13,2025-05-09 14:05:03.009,,236894020,34446,True,bid
260,34781,1610550014,MERV - XMEV - GGAL - 24hs,6850.0,2025-05-09 14:05:02,2001,2025-05-09 14:05:03.859,6850.0,771,6840.0,791,6800.0,2382,6790.0,2050,6780.0,5000,6870.0,300,6890.0,500,6900.0,19543,6920.0,2204,6960.0,13,2025-05-09 14:05:03.767,,236894020,34446,False,nan
261,34857,1610550143,MERV - XMEV - GGAL - 24hs,6850.0,2025-05-09 14:05:02,2001,2025-05-09 14:05:04.358,6850.0,771,6840.0,791,6800.0,2382,6790.0,2050,6780.0,5000,6870.0,300,6890.0,500,6900.0,19543,6920.0,2204,6960.0,13,2025-05-09 14:05:04.267,,250600870,36447,False,nan
262,34972,1610550294,MERV - XMEV - GGAL - 24hs,6870.0,2025-05-09 14:05:05,300,2025-05-09 14:05:05.307,6850.0,771,6840.0,791,6800.0,2382,6790.0,2050,6780.0,5000,6870.0,300,6890.0,500,6900.0,19543,6920.0,2204,6960.0,13,2025-05-09 14:05:05.217,,250600870,36447,True,offer
263,35036,1610550392,MERV - XMEV - GGAL - 24hs,6860.0,2025-05-09 14:05:05,2001,2025-05-09 14:05:05.807,6850.0,771,6840.0,791,6800.0,2382,6790.0,2050,6780.0,5000,6870.0,300,6890.0,500,6900.0,19543,6920.0,2204,6960.0,13,2025-05-09 14:05:05.715,,252661870,36747,False,nan
264,35089,1610550477,MERV - XMEV - GGAL - 24hs,6860.0,2025-05-09 14:05:05,2001,2025-05-09 14:05:06.315,6870.0,2000,6860.0,1999,6850.0,771,6840.0,791,6800.0,2382,6890.0,576,6900.0,17543,6910.0,2000,6920.0,2204,6960.0,6,2025-05-09 14:05:06.215,,266388730,38748,False,nan
265,35193,1610550676,MERV - XMEV - GGAL - 24hs,6870.0,2025-05-09 14:05:06,2000,2025-05-09 14:05:06.939,6870.0,2000,6860.0,1999,6850.0,771,6840.0,791,6800.0,2382,6890.0,576,6900.0,17543,6910.0,2000,6920.0,2204,6960.0,6,2025-05-09 14:05:06.715,,266388730,38748,True,bid
266,35258,1610550773,MERV - XMEV - GGAL - 24hs,6870.0,2025-05-09 14:05:06,2000,2025-05-09 14:05:07.307,6860.0,1999,6850.0,1071,6840.0,791,6800.0,2382,6790.0,2050,6870.0,1,6890.0,500,6900.0,17543,6920.0,2204,6960.0,13,2025-05-09 14:05:07.215,,280128730,40748,False,nan
267,35350,1610550928,MERV - XMEV - GGAL - 24hs,6870.0,2025-05-09 14:05:06,2000,2025-05-09 14:05:08.113,6860.0,1999,6850.0,871,6840.0,791,6800.0,2382,6790.0,2050,6870.0,1,6890.0,500,6900.0,17543,6920.0,2204,6960.0,13,2025-05-09 14:05:08.001,,280128730,40748,False,nan
268,35666,1610551472,MERV - XMEV - GGAL - 24hs,6860.0,2025-05-09 14:05:11,1369,2025-05-09 14:05:11.546,6860.0,1999,6850.0,871,6840.0,791,6800.0,2382,6790.0,2050,6870.0,1,6890.0,500,6900.0,17543,6920.0,2204,6960.0,13,2025-05-09 14:05:11.464,,280128730,40748,True,bid
269,35719,1610551584,MERV - XMEV - GGAL - 24hs,6860.0,2025-05-09 14:05:11,630,2025-05-09 14:05:12.047,6860.0,1999,6850.0,871,6840.0,791,6800.0,2382,6790.0,2050,6870.0,1,6890.0,500,6900.0,17543,6920.0,2204,6960.0,13,2025-05-09 14:05:11.964,,289520070,42117,False,nan
270,35757,1610551646,MERV - XMEV - GGAL - 24hs,6860.0,2025-05-09 14:05:11,630,2025-05-09 14:05:12.545,6850.0,871,6840.0,791,6800.0,2382,6790.0,2050,6780.0,5000,6860.0,1,6890.0,500,6900.0,17543,6920.0,2204,6960.0,13,2025-05-09 14:05:12.464,,293841870,42747,False,nan
271,35794,1610551708,MERV - XMEV - GGAL - 24hs,6860.0,2025-05-09 14:05:11,630,2025-05-09 14:05:13.066,6850.0,871,6840.0,791,6800.0,2382,6790.0,2050,6780.0,5000,6860.0,1,6890.0,790,6900.0,17543,6920.0,2204,6960.0,13,2025-05-09 14:05:12.984,,293841870,42747,False,nan
272,35937,1610551947,MERV - XMEV - GGAL - 24hs,6860.0,2025-05-09 14:05:14,1,2025-05-09 14:05:14.319,6850.0,871,6840.0,791,6800.0,2382,6790.0,2050,6780.0,5000,6860.0,1,6890.0,790,6900.0,17543,6920.0,2204,6960.0,13,2025-05-09 14:05:14.235,,293841870,42747,True,offer
273,36027,1610552104,MERV - XMEV - GGAL - 24hs,6870.0,2025-05-09 14:05:14,5,2025-05-09 14:05:14.842,6850.0,871,6840.0,791,6800.0,2382,6790.0,2050,6780.0,5000,6860.0,1,6890.0,790,6900.0,17543,6920.0,2204,6960.0,13,2025-05-09 14:05:14.735,,293848730,42748,False,nan
274,36082,1610552201,MERV - XMEV - GGAL - 24hs,6870.0,2025-05-09 14:05:14,5,2025-05-09 14:05:15.318,6850.0,871,6840.0,791,6800.0,2382,6790.0,2050,6780.0,5000,6870.0,1,6890.0,866,6900.0,17543,6920.0,2204,6960.0,6,2025-05-09 14:05:15.236,,293883080,42753,False,nan
275,36209,1610552394,MERV - XMEV - GGAL - 24hs,6870.0,2025-05-09 14:05:14,5,2025-05-09 14:05:16.488,6850.0,871,6840.0,891,6800.0,2382,6790.0,2050,6780.0,5000,6870.0,1,6890.0,866,6900.0,17543,6920.0,2204,6960.0,6,2025-05-09 14:05:16.403,,293883080,42753,False,nan
276,36328,1610552587,MERV - XMEV - GGAL - 24hs,6870.0,2025-05-09 14:05:14,5,2025-05-09 14:05:17.816,6850.0,871,6840.0,891,6800.0,2382,6790.0,2050,6780.0,5000,6870.0,2543,6890.0,866,6900.0,17000,6920.0,2204,6960.0,6,2025-05-09 14:05:17.732,,293883080,42753,False,nan
277,36528,1610552904,MERV - XMEV - GGAL - 24hs,6850.0,2025-05-09 14:05:19,69,2025-05-09 14:05:19.535,6850.0,871,6840.0,891,6800.0,2382,6790.0,2050,6780.0,5000,6870.0,2543,6890.0,866,6900.0,17000,6920.0,2204,6960.0,6,2025-05-09 14:05:19.453,,293883080,42753,True,bid
278,36613,1610553050,MERV - XMEV - GGAL - 24hs,6850.0,2025-05-09 14:05:19,69,2025-05-09 14:05:20.059,6850.0,802,6840.0,891,6800.0,2382,6790.0,2050,6770.0,5000,6870.0,2543,6890.0,866,6900.0,17000,6920.0,2204,6960.0,6,2025-05-09 14:05:19.960,,293883080,42753,False,nan
279,36665,1610553140,MERV - XMEV - GGAL - 24hs,6850.0,2025-05-09 14:05:20,126,2025-05-09 14:05:20.548,6850.0,802,6840.0,891,6800.0,2382,6790.0,2050,6770.0,5000,6870.0,2543,6890.0,866,6900.0,17000,6920.0,2204,6960.0,6,2025-05-09 14:05:20.462,,295218830,42948,True,bid
280,36700,1610553206,MERV - XMEV - GGAL - 24hs,6850.0,2025-05-09 14:05:20,126,2025-05-09 14:05:21.041,6850.0,676,6840.0,891,6800.0,2382,6790.0,2050,6770.0,5000,6870.0,2543,6890.0,866,6900.0,17000,6920.0,2204,6960.0,6,2025-05-09 14:05:20.959,,295218830,42948,False,nan
281,36930,1610553535,MERV - XMEV - GGAL - 24hs,6850.0,2025-05-09 14:05:20,126,2025-05-09 14:05:22.847,6850.0,676,6840.0,891,6810.0,200,6800.0,2382,6790.0,2050,6870.0,2543,6890.0,866,6900.0,15000,6910.0,2000,6920.0,2204,2025-05-09 14:05:22.762,,295218830,42948,False,nan
282,37022,1610553699,MERV - XMEV - GGAL - 24hs,6850.0,2025-05-09 14:05:23,134,2025-05-09 14:05:23.596,6850.0,676,6840.0,891,6810.0,200,6800.0,2382,6790.0,2050,6870.0,2543,6890.0,866,6900.0,15000,6910.0,2000,6920.0,2204,2025-05-09 14:05:23.507,,295218830,42948,True,bid
283,37122,1610553844,MERV - XMEV - GGAL - 24hs,6850.0,2025-05-09 14:05:23,134,2025-05-09 14:05:24.139,6850.0,542,6840.0,891,6810.0,200,6800.0,2382,6790.0,2050,6870.0,2543,6890.0,866,6900.0,15000,6910.0,2000,6920.0,2204,2025-05-09 14:05:24.025,,295218830,42948,False,nan
284,37183,1610553975,MERV - XMEV - GGAL - 24hs,6850.0,2025-05-09 14:05:23,134,2025-05-09 14:05:24.605,6850.0,542,6840.0,891,6810.0,200,6800.0,2382,6790.0,2050,6870.0,2543,6890.0,866,6900.0,15000,6910.0,2000,6920.0,2204,2025-05-09 14:05:24.523,,296136730,43082,False,nan
285,37337,1610554243,MERV - XMEV - GGAL - 24hs,6850.0,2025-05-09 14:05:23,134,2025-05-09 14:05:26.079,6850.0,542,6840.0,891,6810.0,200,6800.0,2382,6790.0,2050,6870.0,2543,6880.0,5000,6890.0,866,6900.0,15000,6910.0,2000,2025-05-09 14:05:25.996,,296136730,43082,False,nan
286,37770,1610554885,MERV - XMEV - GGAL - 24hs,6850.0,2025-05-09 14:05:29,442,2025-05-09 14:05:29.954,6850.0,542,6840.0,891,6810.0,200,6800.0,2382,6790.0,2050,6870.0,2543,6880.0,5000,6890.0,866,6900.0,15000,6910.0,2000,2025-05-09 14:05:29.859,,296136730,43082,True,bid
287,37833,1610554981,MERV - XMEV - GGAL - 24hs,6850.0,2025-05-09 14:05:29,100,2025-05-09 14:05:30.440,6850.0,542,6840.0,891,6810.0,200,6800.0,2382,6790.0,2050,6870.0,2543,6880.0,5000,6890.0,866,6900.0,15000,6910.0,2000,2025-05-09 14:05:30.358,,296136730,43082,False,nan
288,37927,1610555147,MERV - XMEV - GGAL - 24hs,6850.0,2025-05-09 14:05:29,100,2025-05-09 14:05:31.019,6840.0,891,6810.0,200,6800.0,2382,6790.0,2050,6770.0,5000,6850.0,1,6870.0,2543,6880.0,5000,6890.0,790,6900.0,15007,2025-05-09 14:05:30.858,,299849430,43624,False,nan
289,38003,1610555258,MERV - XMEV - GGAL - 24hs,6850.0,2025-05-09 14:05:31,1,2025-05-09 14:05:31.516,6840.0,891,6810.0,200,6800.0,2382,6790.0,2050,6770.0,5000,6850.0,1,6870.0,2543,6880.0,5000,6890.0,790,6900.0,15007,2025-05-09 14:05:31.433,,299849430,43624,True,offer
290,38079,1610555390,MERV - XMEV - GGAL - 24hs,6850.0,2025-05-09 14:05:31,1,2025-05-09 14:05:32.087,6840.0,891,6810.0,200,6800.0,2382,6790.0,2050,6770.0,5000,6850.0,1,6870.0,2543,6880.0,5000,6890.0,790,6900.0,15007,2025-05-09 14:05:32.002,,299856280,43625,False,nan
291,38136,1610555486,MERV - XMEV - GGAL - 24hs,6850.0,2025-05-09 14:05:31,1,2025-05-09 14:05:32.585,6840.0,891,6810.0,200,6800.0,2382,6790.0,2050,6770.0,5000,6870.0,2543,6880.0,5000,6890.0,790,6900.0,17000,6920.0,2211,2025-05-09 14:05:32.501,,299856280,43625,False,nan
292,38276,1610555737,MERV - XMEV - GGAL - 24hs,6840.0,2025-05-09 14:05:33,323,2025-05-09 14:05:34.116,6840.0,891,6810.0,200,6800.0,2382,6790.0,2050,6770.0,5000,6870.0,2543,6880.0,5000,6890.0,790,6900.0,17000,6920.0,2211,2025-05-09 14:05:34.017,,299856280,43625,True,bid
293,38368,1610555872,MERV - XMEV - GGAL - 24hs,6850.0,2025-05-09 14:05:34,500,2025-05-09 14:05:34.668,6840.0,891,6810.0,200,6800.0,2382,6790.0,2050,6770.0,5000,6870.0,2543,6880.0,5000,6890.0,790,6900.0,17000,6920.0,2211,2025-05-09 14:05:34.515,,302065600,43948,True,bid
294,38471,1610556038,MERV - XMEV - GGAL - 24hs,6850.0,2025-05-09 14:05:34,500,2025-05-09 14:05:35.203,6840.0,568,6810.0,200,6800.0,2382,6790.0,2050,6770.0,5000,6850.0,1,6870.0,2619,6880.0,5000,6890.0,790,6900.0,15000,2025-05-09 14:05:35.014,,305490600,44448,False,nan
295,38620,1610556283,MERV - XMEV - GGAL - 24hs,6850.0,2025-05-09 14:05:34,500,2025-05-09 14:05:36.288,6840.0,568,6810.0,200,6800.0,2382,6790.0,2050,6770.0,5000,6850.0,1,6870.0,7619,6890.0,790,6900.0,15000,6920.0,2204,2025-05-09 14:05:36.193,,305490600,44448,False,nan
296,38966,1610556826,MERV - XMEV - GGAL - 24hs,6850.0,2025-05-09 14:05:34,500,2025-05-09 14:05:39.260,6840.0,568,6810.0,200,6800.0,2382,6790.0,2050,6760.0,5000,6850.0,1,6870.0,7619,6890.0,790,6900.0,15000,6920.0,2204,2025-05-09 14:05:39.177,,305490600,44448,False,nan
297,39268,1610557313,MERV - XMEV - GGAL - 24hs,6850.0,2025-05-09 14:05:34,500,2025-05-09 14:05:41.419,6840.0,570,6810.0,200,6800.0,2382,6790.0,2050,6780.0,5000,6870.0,2619,6890.0,5790,6920.0,18204,6960.0,6,6990.0,3000,2025-05-09 14:05:41.318,,305490600,44448,False,nan
298,39456,1610557635,MERV - XMEV - GGAL - 24hs,6850.0,2025-05-09 14:05:34,500,2025-05-09 14:05:42.426,6840.0,570,6810.0,200,6800.0,2382,6790.0,2050,6780.0,5000,6870.0,2619,6890.0,5790,6910.0,10000,6920.0,8204,6960.0,6,2025-05-09 14:05:42.301,,305490600,44448,False,nan
299,39748,1610558143,MERV - XMEV - GGAL - 24hs,6850.0,2025-05-09 14:05:34,500,2025-05-09 14:05:44.851,6840.0,570,6810.0,1700,6800.0,2382,6790.0,2050,6760.0,5000,6870.0,2619,6890.0,5790,6910.0,10000,6920.0,8204,6960.0,6,2025-05-09 14:05:44.704,,305490600,44448,False,nan
300,40091,1610558659,MERV - XMEV - GGAL - 24hs,6850.0,2025-05-09 14:05:34,500,2025-05-09 14:05:47.583,6840.0,570,6810.0,1700,6800.0,2382,6790.0,2050,6760.0,5000,6870.0,2619,6880.0,5000,6890.0,790,6910.0,10000,6920.0,8204,2025-05-09 14:05:47.496,,305490600,44448,False,nan
301,40175,1610558780,MERV - XMEV - GGAL - 24hs,6850.0,2025-05-09 14:05:34,500,2025-05-09 14:05:48.541,6840.0,570,6810.0,1910,6800.0,2382,6790.0,2050,6760.0,5000,6870.0,2619,6880.0,5000,6890.0,790,6910.0,10000,6920.0,8204,2025-05-09 14:05:48.458,,305490600,44448,False,nan
302,40232,1610558878,MERV - XMEV - GGAL - 24hs,6870.0,2025-05-09 14:05:48,1,2025-05-09 14:05:49.043,6840.0,570,6810.0,1910,6800.0,2382,6790.0,2050,6760.0,5000,6870.0,2619,6880.0,5000,6890.0,790,6910.0,10000,6920.0,8204,2025-05-09 14:05:48.958,,305490600,44448,True,offer
303,40320,1610559009,MERV - XMEV - GGAL - 24hs,6870.0,2025-05-09 14:05:48,1,2025-05-09 14:05:49.639,6850.0,2000,6840.0,570,6810.0,1910,6800.0,2382,6790.0,2050,6870.0,2618,6880.0,5000,6890.0,790,6910.0,10200,6920.0,8204,2025-05-09 14:05:49.547,,305490600,44448,False,nan
304,40370,1610559084,MERV - XMEV - GGAL - 24hs,6870.0,2025-05-09 14:05:48,1,2025-05-09 14:05:50.129,6850.0,2000,6840.0,570,6810.0,1910,6800.0,2382,6790.0,2050,6870.0,2618,6880.0,5000,6890.0,790,6910.0,10200,6920.0,8204,2025-05-09 14:05:50.047,,305497470,44449,False,nan
305,40624,1610559501,MERV - XMEV - GGAL - 24hs,6870.0,2025-05-09 14:05:48,1,2025-05-09 14:05:52.648,6850.0,2008,6840.0,570,6820.0,600,6810.0,1910,6800.0,1782,6870.0,2618,6880.0,5000,6890.0,790,6910.0,10200,6920.0,8204,2025-05-09 14:05:52.565,,305497470,44449,False,nan
306,40695,1610559606,MERV - XMEV - GGAL - 24hs,6850.0,2025-05-09 14:05:52,8,2025-05-09 14:05:53.175,6850.0,2008,6840.0,570,6820.0,600,6810.0,1910,6800.0,1782,6870.0,2618,6880.0,5000,6890.0,790,6910.0,10200,6920.0,8204,2025-05-09 14:05:53.066,,306264670,44561,True,bid
307,40805,1610559780,MERV - XMEV - GGAL - 24hs,6850.0,2025-05-09 14:05:52,8,2025-05-09 14:05:53.844,6840.0,670,6820.0,600,6810.0,1910,6800.0,1782,6790.0,2050,6850.0,1,6870.0,2542,6880.0,5000,6890.0,790,6910.0,10207,2025-05-09 14:05:53.578,,319252270,46457,False,nan
308,41514,1610560899,MERV - XMEV - GGAL - 24hs,6850.0,2025-05-09 14:05:52,8,2025-05-09 14:05:57.712,6840.0,670,6820.0,600,6810.0,1910,6800.0,1782,6790.0,2050,6850.0,1,6870.0,2542,6880.0,5000,6890.0,790,6900.0,10000,2025-05-09 14:05:57.427,,319252270,46457,False,nan
309,41856,1610561401,MERV - XMEV - GGAL - 24hs,6850.0,2025-05-09 14:05:52,8,2025-05-09 14:05:59.952,6840.0,1170,6820.0,600,6810.0,1910,6800.0,1782,6790.0,2050,6870.0,2618,6880.0,5000,6890.0,790,6900.0,10000,6910.0,10200,2025-05-09 14:05:59.868,,319252270,46457,False,nan
310,42292,1610562091,MERV - XMEV - GGAL - 24hs,6870.0,2025-05-09 14:06:03,114,2025-05-09 14:06:03.148,6840.0,1170,6820.0,600,6810.0,1910,6800.0,1782,6790.0,2050,6870.0,2618,6880.0,5000,6890.0,790,6900.0,10000,6910.0,10200,2025-05-09 14:06:03.039,,319252270,46457,True,offer
311,42356,1610562204,MERV - XMEV - GGAL - 24hs,6870.0,2025-05-09 14:06:03,114,2025-05-09 14:06:03.810,6840.0,1170,6820.0,600,6810.0,1910,6800.0,1782,6790.0,2050,6870.0,2618,6880.0,5000,6890.0,790,6900.0,10000,6910.0,10200,2025-05-09 14:06:03.717,,320035450,46571,False,nan
312,42390,1610562252,MERV - XMEV - GGAL - 24hs,6870.0,2025-05-09 14:06:03,114,2025-05-09 14:06:04.301,6840.0,1170,6820.0,600,6810.0,1910,6800.0,1782,6790.0,2050,6870.0,2504,6880.0,5000,6890.0,790,6900.0,10000,6910.0,10200,2025-05-09 14:06:04.218,,320035450,46571,False,nan
313,42456,1610562338,MERV - XMEV - GGAL - 24hs,6870.0,2025-05-09 14:06:04,1,2025-05-09 14:06:04.807,6840.0,1170,6820.0,600,6810.0,1910,6800.0,1782,6790.0,2050,6870.0,2504,6880.0,5000,6890.0,790,6900.0,10000,6910.0,10200,2025-05-09 14:06:04.719,,320035450,46571,True,offer
314,42553,1610562482,MERV - XMEV - GGAL - 24hs,6870.0,2025-05-09 14:06:04,1,2025-05-09 14:06:05.424,6840.0,1170,6820.0,600,6810.0,1910,6800.0,1782,6790.0,2050,6870.0,2503,6880.0,5000,6890.0,790,6900.0,10000,6910.0,10200,2025-05-09 14:06:05.288,,320035450,46571,False,nan
315,42636,1610562617,MERV - XMEV - GGAL - 24hs,6870.0,2025-05-09 14:06:04,1,2025-05-09 14:06:05.903,6840.0,1170,6820.0,600,6810.0,1910,6800.0,1782,6790.0,2050,6870.0,2503,6880.0,5000,6890.0,790,6900.0,10000,6910.0,10200,2025-05-09 14:06:05.788,,320042320,46572,False,nan
316,42880,1610563004,MERV - XMEV - GGAL - 24hs,6870.0,2025-05-09 14:06:04,1,2025-05-09 14:06:07.314,6840.0,1170,6830.0,8,6820.0,600,6810.0,1910,6800.0,1782,6870.0,2503,6880.0,5000,6890.0,790,6900.0,10000,6910.0,10200,2025-05-09 14:06:07.127,,320042320,46572,False,nan
317,43048,1610563306,MERV - XMEV - GGAL - 24hs,6870.0,2025-05-09 14:06:04,1,2025-05-09 14:06:08.635,6850.0,36,6840.0,1670,6830.0,8,6820.0,600,6810.0,1910,6870.0,2503,6880.0,5000,6890.0,790,6900.0,10000,6910.0,10200,2025-05-09 14:06:08.523,,320042320,46572,False,nan
318,43425,1610563900,MERV - XMEV - GGAL - 24hs,6870.0,2025-05-09 14:06:11,2,2025-05-09 14:06:11.399,6850.0,36,6840.0,1670,6830.0,8,6820.0,600,6810.0,1910,6870.0,2503,6880.0,5000,6890.0,790,6900.0,10000,6910.0,10200,2025-05-09 14:06:11.314,,320042320,46572,True,offer
319,43479,1610563988,MERV - XMEV - GGAL - 24hs,6870.0,2025-05-09 14:06:11,300,2025-05-09 14:06:11.899,6850.0,36,6840.0,1670,6830.0,8,6820.0,600,6810.0,1910,6870.0,2503,6880.0,5000,6890.0,790,6900.0,10000,6910.0,10200,2025-05-09 14:06:11.814,,320056060,46574,False,nan
320,43581,1610564144,MERV - XMEV - GGAL - 24hs,6870.0,2025-05-09 14:06:12,7,2025-05-09 14:06:12.460,6850.0,36,6840.0,1670,6830.0,8,6820.0,600,6810.0,1910,6870.0,2201,6880.0,5000,6890.0,790,6900.0,10000,6910.0,10200,2025-05-09 14:06:12.314,,325552060,47374,True,offer
321,43639,1610564242,MERV - XMEV - GGAL - 24hs,6870.0,2025-05-09 14:06:12,7,2025-05-09 14:06:12.908,6850.0,536,6840.0,1670,6830.0,8,6820.0,600,6810.0,1910,6870.0,1694,6880.0,5000,6890.0,790,6900.0,10000,6910.0,10200,2025-05-09 14:06:12.814,,325600150,47381,False,nan
322,43686,1610564319,MERV - XMEV - GGAL - 24hs,6870.0,2025-05-09 14:06:13,300,2025-05-09 14:06:13.396,6850.0,536,6840.0,1670,6830.0,8,6820.0,600,6810.0,1910,6870.0,1694,6880.0,5000,6890.0,790,6900.0,10000,6910.0,10200,2025-05-09 14:06:13.314,,325600150,47381,True,offer
323,43757,1610564422,MERV - XMEV - GGAL - 24hs,6870.0,2025-05-09 14:06:13,300,2025-05-09 14:06:13.920,6850.0,536,6840.0,1670,6830.0,8,6820.0,600,6810.0,1910,6870.0,1394,6880.0,5000,6890.0,790,6900.0,10000,6910.0,10200,2025-05-09 14:06:13.838,,325600150,47381,False,nan
324,43813,1610564498,MERV - XMEV - GGAL - 24hs,6850.0,2025-05-09 14:06:14,2,2025-05-09 14:06:14.425,6850.0,536,6840.0,1670,6830.0,8,6820.0,600,6810.0,1910,6870.0,1394,6880.0,5000,6890.0,790,6900.0,10000,6910.0,10200,2025-05-09 14:06:14.337,,330409150,48081,True,bid
325,43903,1610564652,MERV - XMEV - GGAL - 24hs,6850.0,2025-05-09 14:06:14,2,2025-05-09 14:06:14.959,6850.0,534,6840.0,1170,6830.0,8,6820.0,600,6810.0,1910,6870.0,994,6880.0,5000,6890.0,790,6900.0,15000,6910.0,5200,2025-05-09 14:06:14.840,,330422850,48083,False,nan
326,44353,1610565403,MERV - XMEV - GGAL - 24hs,6850.0,2025-05-09 14:06:14,2,2025-05-09 14:06:18.337,6850.0,541,6840.0,1170,6830.0,108,6820.0,600,6810.0,1910,6870.0,994,6880.0,5000,6890.0,790,6900.0,15000,6910.0,5200,2025-05-09 14:06:18.254,,330422850,48083,False,nan
327,44634,1610565922,MERV - XMEV - GGAL - 24hs,6850.0,2025-05-09 14:06:19,34,2025-05-09 14:06:20.163,6850.0,541,6840.0,1170,6830.0,108,6820.0,600,6810.0,1910,6870.0,994,6880.0,5000,6890.0,790,6900.0,15000,6910.0,5200,2025-05-09 14:06:19.729,,330422850,48083,True,bid
328,44714,1610566054,MERV - XMEV - GGAL - 24hs,6870.0,2025-05-09 14:06:19,14,2025-05-09 14:06:20.575,6850.0,541,6840.0,1170,6830.0,108,6820.0,600,6810.0,1910,6870.0,994,6880.0,5000,6890.0,790,6900.0,15000,6910.0,5200,2025-05-09 14:06:20.229,,330422850,48083,False,nan
329,44833,1610566280,MERV - XMEV - GGAL - 24hs,6870.0,2025-05-09 14:06:20,76,2025-05-09 14:06:21.270,6840.0,1170,6830.0,108,6820.0,600,6810.0,1910,6800.0,1782,6870.0,980,6890.0,790,6900.0,5000,6910.0,200,6920.0,12204,2025-05-09 14:06:20.732,,334231730,48639,True,offer
330,44937,1610566439,MERV - XMEV - GGAL - 24hs,6870.0,2025-05-09 14:06:20,76,2025-05-09 14:06:21.760,6870.0,14,6840.0,1246,6830.0,108,6820.0,600,6810.0,1910,6890.0,790,6900.0,5000,6910.0,200,6920.0,12204,6930.0,9000,2025-05-09 14:06:21.229,,340964330,49619,False,nan
331,45217,1610566853,MERV - XMEV - GGAL - 24hs,6870.0,2025-05-09 14:06:23,14,2025-05-09 14:06:23.756,6870.0,14,6840.0,1246,6830.0,108,6820.0,600,6810.0,1910,6890.0,790,6900.0,5000,6910.0,200,6920.0,12204,6930.0,9000,2025-05-09 14:06:23.673,,340964330,49619,True,bid
332,45288,1610566958,MERV - XMEV - GGAL - 24hs,6870.0,2025-05-09 14:06:23,14,2025-05-09 14:06:24.446,6840.0,1246,6830.0,108,6820.0,600,6810.0,1910,6800.0,1782,6870.0,1,6890.0,790,6900.0,5000,6910.0,200,6920.0,12204,2025-05-09 14:06:24.348,,340964330,49619,False,nan
333,45377,1610567107,MERV - XMEV - GGAL - 24hs,6870.0,2025-05-09 14:06:23,14,2025-05-09 14:06:24.930,6840.0,1246,6830.0,108,6820.0,600,6810.0,1910,6800.0,1782,6870.0,1,6890.0,790,6900.0,5000,6910.0,200,6920.0,12204,2025-05-09 14:06:24.847,,341060510,49633,False,nan
334,45482,1610567270,MERV - XMEV - GGAL - 24hs,6870.0,2025-05-09 14:06:23,14,2025-05-09 14:06:25.958,6840.0,1246,6830.0,108,6820.0,700,6810.0,1910,6800.0,1782,6870.0,1,6890.0,790,6900.0,5000,6910.0,200,6920.0,12204,2025-05-09 14:06:25.864,,341060510,49633,False,nan
335,45522,1610567337,MERV - XMEV - GGAL - 24hs,6890.0,2025-05-09 14:06:25,6,2025-05-09 14:06:26.447,6840.0,1246,6830.0,108,6820.0,700,6810.0,1910,6800.0,1782,6870.0,1,6890.0,790,6900.0,5000,6910.0,200,6920.0,12204,2025-05-09 14:06:26.364,,341060510,49633,True,offer
336,45602,1610567479,MERV - XMEV - GGAL - 24hs,6890.0,2025-05-09 14:06:25,6,2025-05-09 14:06:27.031,6840.0,1246,6830.0,108,6820.0,700,6810.0,1910,6800.0,1782,6890.0,784,6910.0,5200,6920.0,12204,6930.0,7000,6960.0,6,2025-05-09 14:06:26.865,,341108720,49640,False,nan
337,46923,1610569754,MERV - XMEV - GGAL - 24hs,6890.0,2025-05-09 14:06:25,6,2025-05-09 14:06:36.375,6860.0,76,6850.0,500,6840.0,3670,6830.0,108,6820.0,700,6890.0,784,6910.0,5200,6920.0,12204,6930.0,7000,6960.0,6,2025-05-09 14:06:36.293,,341108720,49640,False,nan
338,46983,1610569852,MERV - XMEV - GGAL - 24hs,6860.0,2025-05-09 14:06:36,76,2025-05-09 14:06:36.891,6860.0,76,6850.0,500,6840.0,3670,6830.0,108,6820.0,700,6890.0,784,6910.0,5200,6920.0,12204,6930.0,7000,6960.0,6,2025-05-09 14:06:36.793,,341108720,49640,True,bid
339,47096,1610570048,MERV - XMEV - GGAL - 24hs,6860.0,2025-05-09 14:06:36,76,2025-05-09 14:06:37.590,6850.0,530,6840.0,3670,6830.0,108,6820.0,700,6810.0,1910,6860.0,1,6890.0,784,6910.0,5200,6920.0,12204,6930.0,5000,2025-05-09 14:06:37.293,,341630080,49716,False,nan
340,47374,1610570477,MERV - XMEV - GGAL - 24hs,6860.0,2025-05-09 14:06:36,76,2025-05-09 14:06:39.914,6850.0,530,6840.0,3670,6830.0,108,6820.0,700,6810.0,1910,6860.0,1,6890.0,784,6900.0,5000,6910.0,200,6920.0,12204,2025-05-09 14:06:39.721,,341630080,49716,False,nan
341,47522,1610570701,MERV - XMEV - GGAL - 24hs,6880.0,2025-05-09 14:06:40,17,2025-05-09 14:06:41.043,6850.0,530,6840.0,3670,6830.0,108,6820.0,700,6810.0,1910,6860.0,1,6890.0,784,6900.0,5000,6910.0,200,6920.0,12204,2025-05-09 14:06:40.889,,341630080,49716,True,offer
342,47585,1610570797,MERV - XMEV - GGAL - 24hs,6880.0,2025-05-09 14:06:40,17,2025-05-09 14:06:41.498,6850.0,1130,6840.0,3670,6830.0,108,6820.0,100,6810.0,1910,6880.0,59,6890.0,784,6900.0,5000,6910.0,200,6920.0,12204,2025-05-09 14:06:41.388,,341630080,49716,False,nan
343,47653,1610570905,MERV - XMEV - GGAL - 24hs,6880.0,2025-05-09 14:06:40,17,2025-05-09 14:06:41.977,6850.0,1130,6840.0,3670,6830.0,108,6820.0,100,6810.0,1910,6880.0,59,6890.0,784,6900.0,5000,6910.0,200,6920.0,12204,2025-05-09 14:06:41.890,,341747040,49733,False,nan
344,47727,1610571016,MERV - XMEV - GGAL - 24hs,6850.0,2025-05-09 14:06:42,3,2025-05-09 14:06:42.619,6850.0,1130,6840.0,3670,6830.0,108,6820.0,100,6810.0,1910,6880.0,59,6890.0,784,6900.0,5000,6910.0,200,6920.0,12204,2025-05-09 14:06:42.521,,341747040,49733,True,bid
345,47784,1610571098,MERV - XMEV - GGAL - 24hs,6850.0,2025-05-09 14:06:42,3,2025-05-09 14:06:43.259,6860.0,17,6850.0,1127,6840.0,3670,6830.0,108,6820.0,100,6880.0,59,6890.0,784,6900.0,5000,6910.0,200,6920.0,12204,2025-05-09 14:06:43.177,,341747040,49733,False,nan
346,47869,1610571224,MERV - XMEV - GGAL - 24hs,6850.0,2025-05-09 14:06:42,3,2025-05-09 14:06:43.771,6860.0,17,6850.0,1127,6840.0,3670,6830.0,108,6820.0,100,6880.0,59,6890.0,784,6900.0,5000,6910.0,200,6920.0,12204,2025-05-09 14:06:43.677,,341767590,49736,False,nan
347,48225,1610571793,MERV - XMEV - GGAL - 24hs,6880.0,2025-05-09 14:06:46,1,2025-05-09 14:06:46.711,6860.0,17,6850.0,1127,6840.0,3670,6830.0,108,6820.0,100,6880.0,59,6890.0,784,6900.0,5000,6910.0,200,6920.0,12204,2025-05-09 14:06:46.616,,341767590,49736,True,offer
348,48306,1610571938,MERV - XMEV - GGAL - 24hs,6880.0,2025-05-09 14:06:46,1,2025-05-09 14:06:47.495,6860.0,17,6850.0,1127,6840.0,3670,6830.0,108,6820.0,100,6880.0,59,6890.0,784,6900.0,5000,6910.0,200,6920.0,12204,2025-05-09 14:06:47.349,,341774470,49737,False,nan
349,48401,1610572089,MERV - XMEV - GGAL - 24hs,6880.0,2025-05-09 14:06:46,1,2025-05-09 14:06:47.948,6860.0,17,6850.0,1127,6840.0,3670,6830.0,108,6820.0,100,6880.0,58,6890.0,784,6900.0,5000,6910.0,200,6920.0,12204,2025-05-09 14:06:47.848,,341774470,49737,False,nan
350,48446,1610572173,MERV - XMEV - GGAL - 24hs,6890.0,2025-05-09 14:06:48,245,2025-05-09 14:06:48.430,6860.0,17,6850.0,1127,6840.0,3670,6830.0,108,6820.0,100,6880.0,58,6890.0,784,6900.0,5000,6910.0,200,6920.0,12204,2025-05-09 14:06:48.349,,341774470,49737,True,offer
351,48543,1610572313,MERV - XMEV - GGAL - 24hs,6890.0,2025-05-09 14:06:48,245,2025-05-09 14:06:49.178,6860.0,17,6850.0,1127,6840.0,3670,6830.0,108,6820.0,100,6880.0,58,6890.0,784,6900.0,5000,6910.0,200,6920.0,12204,2025-05-09 14:06:48.981,,347265220,50534,False,nan
352,48624,1610572420,MERV - XMEV - GGAL - 24hs,6890.0,2025-05-09 14:06:48,245,2025-05-09 14:06:49.576,6860.0,17,6850.0,1127,6840.0,3670,6830.0,108,6820.0,100,6890.0,45,6900.0,5000,6910.0,200,6920.0,12204,6930.0,10000,2025-05-09 14:06:49.480,,347265220,50534,False,nan
353,49024,1610573094,MERV - XMEV - GGAL - 24hs,6890.0,2025-05-09 14:06:48,245,2025-05-09 14:06:52.958,6860.0,17,6850.0,1127,6840.0,3670,6830.0,108,6820.0,100,6890.0,5045,6910.0,200,6920.0,12204,6930.0,10000,6960.0,6,2025-05-09 14:06:52.852,,347265220,50534,False,nan
354,49992,1610574665,MERV - XMEV - GGAL - 24hs,6870.0,2025-05-09 14:06:59,1,2025-05-09 14:07:00.135,6860.0,17,6850.0,1127,6840.0,3670,6830.0,108,6820.0,100,6890.0,5045,6910.0,200,6920.0,12204,6930.0,10000,6960.0,6,2025-05-09 14:06:59.752,,347265220,50534,True,bid
355,50199,1610575087,MERV - XMEV - GGAL - 24hs,6870.0,2025-05-09 14:06:59,1,2025-05-09 14:07:01.406,6860.0,17,6850.0,1127,6840.0,3670,6830.0,108,6820.0,100,6870.0,1,6890.0,5045,6910.0,200,6920.0,12204,6930.0,5000,2025-05-09 14:07:00.615,,347265220,50534,False,nan
356,50376,1610575423,MERV - XMEV - GGAL - 24hs,6870.0,2025-05-09 14:06:59,1,2025-05-09 14:07:02.434,6860.0,17,6850.0,1160,6840.0,3670,6830.0,108,6820.0,100,6870.0,1,6890.0,5045,6910.0,200,6920.0,12204,6930.0,5000,2025-05-09 14:07:01.120,,347272090,50535,False,nan
357,50644,1610575853,MERV - XMEV - GGAL - 24hs,6870.0,2025-05-09 14:06:59,1,2025-05-09 14:07:03.762,6860.0,17,6850.0,1160,6840.0,3670,6830.0,108,6820.0,100,6870.0,1,6890.0,5045,6910.0,200,6920.0,17204,6960.0,6,2025-05-09 14:07:02.430,,347272090,50535,False,nan
358,50720,1610575973,MERV - XMEV - GGAL - 24hs,6850.0,2025-05-09 14:07:02,10,2025-05-09 14:07:04.144,6860.0,17,6850.0,1160,6840.0,3670,6830.0,108,6820.0,100,6870.0,1,6890.0,5045,6910.0,200,6920.0,17204,6960.0,6,2025-05-09 14:07:02.929,,347272090,50535,True,bid
359,50778,1610576060,MERV - XMEV - GGAL - 24hs,6850.0,2025-05-09 14:07:02,10,2025-05-09 14:07:04.408,6850.0,1226,6840.0,3670,6830.0,108,6820.0,100,6810.0,1910,6890.0,5045,6910.0,200,6920.0,17204,6960.0,6,6990.0,3000,2025-05-09 14:07:03.428,,347272090,50535,False,nan
360,50826,1610576122,MERV - XMEV - GGAL - 24hs,6850.0,2025-05-09 14:07:02,10,2025-05-09 14:07:04.598,6850.0,1226,6840.0,3670,6830.0,108,6820.0,100,6810.0,1910,6890.0,5045,6910.0,200,6920.0,17204,6960.0,6,6990.0,3000,2025-05-09 14:07:03.931,,349055590,50795,False,nan
361,50906,1610576257,MERV - XMEV - GGAL - 24hs,6850.0,2025-05-09 14:07:02,10,2025-05-09 14:07:05.015,6850.0,1226,6840.0,3670,6830.0,108,6820.0,100,6810.0,1910,6890.0,5045,6910.0,200,6920.0,19204,6960.0,6,6990.0,3000,2025-05-09 14:07:04.429,,349055590,50795,False,nan
362,51743,1610577530,MERV - XMEV - GGAL - 24hs,6850.0,2025-05-09 14:07:02,10,2025-05-09 14:07:11.212,6850.0,1226,6840.0,3670,6830.0,108,6820.0,100,6810.0,1910,6890.0,5163,6910.0,200,6920.0,19204,6960.0,6,6990.0,3000,2025-05-09 14:07:10.481,,349055590,50795,False,nan
363,52304,1610578393,MERV - XMEV - GGAL - 24hs,6850.0,2025-05-09 14:07:02,10,2025-05-09 14:07:14.210,6850.0,1226,6840.0,3670,6830.0,108,6820.0,100,6810.0,1910,6880.0,250,6890.0,5163,6910.0,10200,6920.0,9204,6960.0,6,2025-05-09 14:07:14.100,,349055590,50795,False,nan
364,53412,1610580191,MERV - XMEV - GGAL - 24hs,6850.0,2025-05-09 14:07:02,10,2025-05-09 14:07:21.308,6850.0,1226,6840.0,3670,6830.0,108,6820.0,100,6810.0,1910,6880.0,250,6890.0,5163,6900.0,10,6910.0,10200,6920.0,9204,2025-05-09 14:07:21.045,,349055590,50795,False,nan
365,53712,1610580680,MERV - XMEV - GGAL - 24hs,6850.0,2025-05-09 14:07:02,10,2025-05-09 14:07:22.807,6850.0,1326,6840.0,3670,6830.0,108,6820.0,100,6810.0,1910,6880.0,250,6890.0,5163,6900.0,10,6910.0,10200,6920.0,9204,2025-05-09 14:07:22.286,,349055590,50795,False,nan
366,53793,1610580812,MERV - XMEV - GGAL - 24hs,6880.0,2025-05-09 14:07:22,200,2025-05-09 14:07:23.211,6850.0,1326,6840.0,3670,6830.0,108,6820.0,100,6810.0,1910,6880.0,250,6890.0,5163,6900.0,10,6910.0,10200,6920.0,9204,2025-05-09 14:07:22.973,,349055590,50795,True,offer
367,53880,1610580930,MERV - XMEV - GGAL - 24hs,6880.0,2025-05-09 14:07:22,200,2025-05-09 14:07:23.719,6850.0,1326,6840.0,3670,6830.0,108,6820.0,100,6810.0,1910,6880.0,50,6890.0,5163,6900.0,10,6910.0,10200,6920.0,9204,2025-05-09 14:07:23.637,,349055590,50795,False,nan
368,53956,1610581050,MERV - XMEV - GGAL - 24hs,6880.0,2025-05-09 14:07:22,200,2025-05-09 14:07:24.222,6850.0,1326,6840.0,3670,6830.0,108,6820.0,100,6810.0,1910,6880.0,50,6890.0,5163,6900.0,10,6910.0,10200,6920.0,9204,2025-05-09 14:07:24.137,,350431590,50995,False,nan
369,54000,1610581119,MERV - XMEV - GGAL - 24hs,6850.0,2025-05-09 14:07:24,1,2025-05-09 14:07:24.719,6850.0,1326,6840.0,3670,6830.0,108,6820.0,100,6810.0,1910,6880.0,50,6890.0,5163,6900.0,10,6910.0,10200,6920.0,9204,2025-05-09 14:07:24.637,,350431590,50995,True,bid
370,54049,1610581200,MERV - XMEV - GGAL - 24hs,6850.0,2025-05-09 14:07:24,1,2025-05-09 14:07:25.891,6850.0,1325,6840.0,3670,6830.0,108,6820.0,100,6810.0,1910,6880.0,50,6890.0,5163,6900.0,10,6910.0,10200,6920.0,9204,2025-05-09 14:07:25.791,,350431590,50995,False,nan
371,54117,1610581319,MERV - XMEV - GGAL - 24hs,6850.0,2025-05-09 14:07:24,1,2025-05-09 14:07:26.384,6850.0,1325,6840.0,3670,6830.0,108,6820.0,100,6810.0,1910,6880.0,50,6890.0,5163,6900.0,10,6910.0,10200,6920.0,9204,2025-05-09 14:07:26.291,,350438440,50996,False,nan
372,54240,1610581518,MERV - XMEV - GGAL - 24hs,6890.0,2025-05-09 14:07:26,630,2025-05-09 14:07:27.167,6850.0,1325,6840.0,3670,6830.0,108,6820.0,100,6810.0,1910,6890.0,4488,6900.0,10010,6910.0,200,6920.0,9204,6960.0,6,2025-05-09 14:07:26.823,,350438440,50996,True,offer
373,54291,1610581602,MERV - XMEV - GGAL - 24hs,6890.0,2025-05-09 14:07:26,630,2025-05-09 14:07:27.426,6850.0,1325,6840.0,3670,6830.0,108,6820.0,100,6810.0,1910,6890.0,4488,6900.0,10010,6910.0,200,6920.0,9204,6960.0,6,2025-05-09 14:07:27.321,,355433190,51721,False,nan
374,54358,1610581700,MERV - XMEV - GGAL - 24hs,6890.0,2025-05-09 14:07:26,630,2025-05-09 14:07:27.912,6850.0,1325,6840.0,3670,6830.0,108,6820.0,100,6810.0,1910,6880.0,5000,6890.0,118,6900.0,10010,6910.0,200,6920.0,9204,2025-05-09 14:07:27.821,,355433190,51721,False,nan
375,54412,1610581783,MERV - XMEV - GGAL - 24hs,6850.0,2025-05-09 14:07:27,146,2025-05-09 14:07:28.407,6850.0,1179,6840.0,3670,6830.0,108,6820.0,100,6810.0,1910,6880.0,5000,6890.0,4803,6900.0,10010,6910.0,200,6920.0,9204,2025-05-09 14:07:28.321,,355433190,51721,True,bid
376,54472,1610581864,MERV - XMEV - GGAL - 24hs,6850.0,2025-05-09 14:07:27,146,2025-05-09 14:07:28.905,6850.0,1179,6840.0,3670,6830.0,108,6820.0,100,6810.0,1910,6880.0,5000,6890.0,4803,6900.0,10010,6910.0,200,6920.0,9204,2025-05-09 14:07:28.822,,356433290,51867,False,nan
377,54529,1610581957,MERV - XMEV - GGAL - 24hs,6850.0,2025-05-09 14:07:27,146,2025-05-09 14:07:29.435,6850.0,4298,6840.0,3670,6830.0,108,6820.0,100,6810.0,1910,6880.0,5000,6890.0,4803,6900.0,10010,6910.0,200,6920.0,9204,2025-05-09 14:07:29.350,,356433290,51867,False,nan
378,55102,1610582871,MERV - XMEV - GGAL - 24hs,6850.0,2025-05-09 14:07:27,146,2025-05-09 14:07:34.628,6850.0,4298,6840.0,3670,6830.0,108,6820.0,100,6810.0,1910,6880.0,9685,6890.0,118,6900.0,10010,6910.0,200,6920.0,9204,2025-05-09 14:07:34.520,,356433290,51867,False,nan
379,55170,1610582975,MERV - XMEV - GGAL - 24hs,6850.0,2025-05-09 14:07:33,177,2025-05-09 14:07:35.118,6850.0,4298,6840.0,3670,6830.0,108,6820.0,100,6810.0,1910,6880.0,9685,6890.0,118,6900.0,10010,6910.0,200,6920.0,9204,2025-05-09 14:07:35.022,,356440140,51868,True,bid
380,55353,1610583255,MERV - XMEV - GGAL - 24hs,6850.0,2025-05-09 14:07:33,177,2025-05-09 14:07:35.958,6850.0,4120,6840.0,3670,6830.0,108,6820.0,100,6810.0,1910,6880.0,9685,6890.0,118,6900.0,10010,6910.0,200,6920.0,9204,2025-05-09 14:07:35.521,,357652590,52045,False,nan
381,55864,1610584080,MERV - XMEV - GGAL - 24hs,6870.0,2025-05-09 14:07:38,160,2025-05-09 14:07:38.839,6850.0,4120,6840.0,3670,6830.0,108,6820.0,100,6810.0,1910,6880.0,9685,6890.0,118,6900.0,10010,6910.0,200,6920.0,9204,2025-05-09 14:07:38.757,,357652590,52045,True,offer
382,55908,1610584144,MERV - XMEV - GGAL - 24hs,6850.0,2025-05-09 14:07:39,160,2025-05-09 14:07:39.353,6850.0,4120,6840.0,3670,6830.0,108,6820.0,100,6810.0,1910,6880.0,9685,6890.0,118,6900.0,10010,6910.0,200,6920.0,9204,2025-05-09 14:07:39.267,,358751790,52205,True,bid
383,55945,1610584196,MERV - XMEV - GGAL - 24hs,6850.0,2025-05-09 14:07:39,160,2025-05-09 14:07:41.512,6850.0,3960,6840.0,3670,6830.0,108,6820.0,100,6810.0,1910,6870.0,1,6880.0,9685,6890.0,118,6900.0,10010,6910.0,200,2025-05-09 14:07:41.410,,358751790,52205,False,nan
384,56049,1610584354,MERV - XMEV - GGAL - 24hs,6850.0,2025-05-09 14:07:39,160,2025-05-09 14:07:42.028,6850.0,3960,6840.0,3670,6830.0,108,6820.0,100,6810.0,1910,6870.0,1,6880.0,9685,6890.0,118,6900.0,10010,6910.0,200,2025-05-09 14:07:41.911,,359847790,52365,False,nan
385,56190,1610584574,MERV - XMEV - GGAL - 24hs,6880.0,2025-05-09 14:07:40,141,2025-05-09 14:07:42.704,6850.0,3960,6840.0,3670,6830.0,108,6820.0,100,6810.0,1910,6870.0,1,6880.0,9605,6890.0,118,6900.0,10010,6910.0,200,2025-05-09 14:07:42.411,,359847790,52365,True,offer
386,56335,1610584805,MERV - XMEV - GGAL - 24hs,6880.0,2025-05-09 14:07:41,500,2025-05-09 14:07:43.407,6850.0,3960,6840.0,3670,6830.0,108,6820.0,100,6810.0,1910,6880.0,8964,6890.0,118,6900.0,10010,6910.0,5200,6920.0,7204,2025-05-09 14:07:42.910,,364264740,53007,True,offer
387,56840,1610585540,MERV - XMEV - GGAL - 24hs,6880.0,2025-05-09 14:07:41,500,2025-05-09 14:07:46.642,6850.0,3960,6840.0,3670,6830.0,108,6820.0,100,6810.0,1910,6880.0,4605,6890.0,118,6900.0,10010,6910.0,5200,6920.0,7204,2025-05-09 14:07:46.542,,364264740,53007,False,nan
388,57171,1610586019,MERV - XMEV - GGAL - 24hs,6880.0,2025-05-09 14:07:48,4605,2025-05-09 14:07:48.897,6850.0,3960,6840.0,3670,6830.0,108,6820.0,100,6810.0,1910,6880.0,4605,6890.0,118,6900.0,10010,6910.0,5200,6920.0,7204,2025-05-09 14:07:48.814,,364264740,53007,True,offer
389,57231,1610586101,MERV - XMEV - GGAL - 24hs,6850.0,2025-05-09 14:07:49,76,2025-05-09 14:07:49.398,6850.0,3960,6840.0,3670,6830.0,108,6820.0,100,6810.0,1910,6880.0,4605,6890.0,118,6900.0,10010,6910.0,5200,6920.0,7204,2025-05-09 14:07:49.314,,425937060,61971,True,bid
390,57325,1610586235,MERV - XMEV - GGAL - 24hs,6840.0,2025-05-09 14:07:49,68,2025-05-09 14:07:49.897,6840.0,3280,6830.0,108,6820.0,100,6810.0,1910,6800.0,1782,6880.0,1,6890.0,118,6900.0,10010,6910.0,200,6920.0,7204,2025-05-09 14:07:49.814,,455730660,66321,False,nan
391,57468,1610586480,MERV - XMEV - GGAL - 24hs,6840.0,2025-05-09 14:07:49,68,2025-05-09 14:07:50.871,6840.0,3280,6830.0,108,6820.0,100,6810.0,1910,6800.0,1782,6870.0,76,6880.0,128,6890.0,118,6900.0,10010,6910.0,200,2025-05-09 14:07:50.778,,455730660,66321,False,nan
392,57686,1610586830,MERV - XMEV - GGAL - 24hs,6840.0,2025-05-09 14:07:49,68,2025-05-09 14:07:52.299,6840.0,3280,6830.0,108,6820.0,100,6810.0,1910,6800.0,1782,6870.0,76,6880.0,128,6890.0,118,6900.0,10010,6910.0,5200,2025-05-09 14:07:52.210,,455730660,66321,False,nan
393,58160,1610587566,MERV - XMEV - GGAL - 24hs,6840.0,2025-05-09 14:07:49,68,2025-05-09 14:07:56.035,6840.0,3280,6830.0,108,6820.0,100,6810.0,1910,6800.0,1782,6870.0,76,6880.0,128,6890.0,118,6900.0,15010,6910.0,200,2025-05-09 14:07:55.863,,455730660,66321,False,nan
394,58520,1610588140,MERV - XMEV - GGAL - 24hs,6840.0,2025-05-09 14:07:49,68,2025-05-09 14:07:58.580,6840.0,3280,6830.0,108,6820.0,100,6810.0,1910,6800.0,1782,6870.0,76,6880.0,128,6890.0,1218,6900.0,15010,6910.0,200,2025-05-09 14:07:58.420,,455730660,66321,False,nan
395,58599,1610588270,MERV - XMEV - GGAL - 24hs,6880.0,2025-05-09 14:07:58,102,2025-05-09 14:07:59.021,6840.0,3280,6830.0,108,6820.0,100,6810.0,1910,6800.0,1782,6870.0,76,6880.0,128,6890.0,1218,6900.0,15010,6910.0,200,2025-05-09 14:07:58.928,,456417900,66421,True,offer
396,58655,1610588339,MERV - XMEV - GGAL - 24hs,6880.0,2025-05-09 14:07:58,102,2025-05-09 14:07:59.502,6850.0,76,6840.0,3280,6830.0,108,6820.0,100,6810.0,1910,6890.0,1218,6900.0,15010,6910.0,5200,6920.0,2204,6960.0,6,2025-05-09 14:07:59.419,,457119660,66523,False,nan
397,58706,1610588422,MERV - XMEV - GGAL - 24hs,6880.0,2025-05-09 14:07:58,102,2025-05-09 14:08:00.160,6850.0,81,6840.0,3280,6830.0,108,6820.0,100,6810.0,1910,6890.0,1218,6900.0,15010,6910.0,5200,6920.0,2204,6960.0,6,2025-05-09 14:08:00.074,,457119660,66523,False,nan
398,58968,1610588821,MERV - XMEV - GGAL - 24hs,6880.0,2025-05-09 14:07:58,102,2025-05-09 14:08:02.067,6850.0,81,6840.0,3280,6830.0,108,6820.0,100,6810.0,1910,6880.0,5000,6890.0,1218,6900.0,15010,6910.0,5200,6920.0,2204,2025-05-09 14:08:01.971,,457119660,66523,False,nan
399,59018,1610588910,MERV - XMEV - GGAL - 24hs,6880.0,2025-05-09 14:08:02,1,2025-05-09 14:08:02.560,6850.0,81,6840.0,3280,6830.0,108,6820.0,100,6810.0,1910,6880.0,5000,6890.0,1218,6900.0,15010,6910.0,5200,6920.0,2204,2025-05-09 14:08:02.471,,457119660,66523,True,offer
400,59072,1610589003,MERV - XMEV - GGAL - 24hs,6880.0,2025-05-09 14:08:02,1,2025-05-09 14:08:03.057,6850.0,81,6840.0,3280,6830.0,108,6820.0,100,6810.0,1910,6880.0,4999,6890.0,1218,6900.0,15010,6910.0,5200,6920.0,2204,2025-05-09 14:08:02.972,,457126540,66524,False,nan
401,59294,1610589326,MERV - XMEV - GGAL - 24hs,6880.0,2025-05-09 14:08:02,1,2025-05-09 14:08:04.911,6850.0,331,6840.0,3280,6830.0,108,6820.0,100,6810.0,1910,6880.0,4999,6890.0,1218,6900.0,15010,6910.0,5200,6920.0,2204,2025-05-09 14:08:04.820,,457126540,66524,False,nan
402,59536,1610589678,MERV - XMEV - GGAL - 24hs,6880.0,2025-05-09 14:08:02,1,2025-05-09 14:08:07.257,6850.0,331,6840.0,3320,6830.0,608,6820.0,100,6810.0,1910,6880.0,4999,6890.0,1218,6900.0,15010,6910.0,5200,6920.0,2204,2025-05-09 14:08:07.174,,457126540,66524,False,nan
403,59817,1610590121,MERV - XMEV - GGAL - 24hs,6870.0,2025-05-09 14:08:09,300,2025-05-09 14:08:09.987,6850.0,331,6840.0,3320,6830.0,608,6820.0,100,6810.0,1910,6880.0,4999,6890.0,1218,6900.0,15010,6910.0,5200,6920.0,2204,2025-05-09 14:08:09.900,,457126540,66524,True,offer
404,59897,1610590231,MERV - XMEV - GGAL - 24hs,6870.0,2025-05-09 14:08:09,300,2025-05-09 14:08:10.571,6850.0,331,6840.0,3320,6830.0,608,6820.0,100,6810.0,1910,6870.0,300,6880.0,4999,6890.0,618,6900.0,15010,6910.0,5200,2025-05-09 14:08:10.485,,457126540,66524,False,nan
405,59966,1610590347,MERV - XMEV - GGAL - 24hs,6870.0,2025-05-09 14:08:10,300,2025-05-09 14:08:11.069,6850.0,331,6840.0,3320,6830.0,608,6820.0,100,6810.0,1910,6870.0,300,6880.0,4999,6890.0,618,6900.0,15010,6910.0,5200,2025-05-09 14:08:10.985,,459187540,66824,True,offer
406,60055,1610590470,MERV - XMEV - GGAL - 24hs,6870.0,2025-05-09 14:08:10,300,2025-05-09 14:08:11.684,6850.0,331,6840.0,3320,6830.0,608,6820.0,100,6810.0,1910,6870.0,300,6880.0,4999,6890.0,618,6900.0,15010,6910.0,5200,2025-05-09 14:08:11.578,,461248540,67124,False,nan
407,60116,1610590575,MERV - XMEV - GGAL - 24hs,6870.0,2025-05-09 14:08:10,300,2025-05-09 14:08:12.178,6850.0,331,6840.0,3320,6830.0,608,6820.0,100,6810.0,1910,6880.0,4999,6890.0,618,6900.0,15010,6910.0,5200,6920.0,2204,2025-05-09 14:08:12.079,,461248540,67124,False,nan
408,60272,1610590823,MERV - XMEV - GGAL - 24hs,6880.0,2025-05-09 14:08:13,1000,2025-05-09 14:08:13.628,6850.0,331,6840.0,3320,6830.0,608,6820.0,100,6810.0,1910,6880.0,4999,6890.0,618,6900.0,15010,6910.0,5200,6920.0,2204,2025-05-09 14:08:13.538,,461248540,67124,True,offer
409,60358,1610590962,MERV - XMEV - GGAL - 24hs,6880.0,2025-05-09 14:08:13,1000,2025-05-09 14:08:14.376,6850.0,331,6840.0,3320,6830.0,608,6820.0,100,6810.0,1910,6890.0,618,6900.0,15010,6910.0,5200,6920.0,2204,6960.0,6,2025-05-09 14:08:14.294,,461248540,67124,False,nan
410,60434,1610591085,MERV - XMEV - GGAL - 24hs,6880.0,2025-05-09 14:08:13,1000,2025-05-09 14:08:14.885,6850.0,331,6840.0,3320,6830.0,608,6820.0,100,6810.0,1910,6890.0,618,6900.0,15010,6910.0,5200,6920.0,2204,6960.0,6,2025-05-09 14:08:14.795,,468128540,68124,False,nan
411,60530,1610591234,MERV - XMEV - GGAL - 24hs,6880.0,2025-05-09 14:08:13,1000,2025-05-09 14:08:15.715,6850.0,1231,6840.0,3320,6830.0,608,6820.0,100,6810.0,1910,6880.0,5000,6890.0,618,6900.0,15010,6910.0,5200,6920.0,2204,2025-05-09 14:08:15.633,,468128540,68124,False,nan
412,60949,1610591925,MERV - XMEV - GGAL - 24hs,6850.0,2025-05-09 14:08:18,1,2025-05-09 14:08:18.944,6850.0,1231,6840.0,3320,6830.0,608,6820.0,100,6810.0,1910,6880.0,5000,6890.0,618,6900.0,15010,6910.0,5200,6920.0,2204,2025-05-09 14:08:18.740,,468128540,68124,True,bid
413,61064,1610592102,MERV - XMEV - GGAL - 24hs,6850.0,2025-05-09 14:08:18,1,2025-05-09 14:08:19.652,6850.0,1231,6840.0,3320,6830.0,608,6820.0,100,6810.0,1910,6880.0,5000,6890.0,618,6900.0,15010,6910.0,5200,6920.0,2204,2025-05-09 14:08:19.465,,468135390,68125,False,nan
414,61226,1610592405,MERV - XMEV - GGAL - 24hs,6850.0,2025-05-09 14:08:18,1,2025-05-09 14:08:20.567,6850.0,1230,6840.0,3320,6830.0,608,6820.0,100,6810.0,1910,6880.0,5000,6890.0,618,6900.0,15010,6910.0,5200,6920.0,2204,2025-05-09 14:08:19.965,,468135390,68125,False,nan
415,61802,1610593376,MERV - XMEV - GGAL - 24hs,6850.0,2025-05-09 14:08:18,1,2025-05-09 14:08:23.555,6850.0,1270,6840.0,3320,6830.0,608,6820.0,100,6810.0,1910,6880.0,5001,6890.0,618,6900.0,15010,6910.0,5200,6920.0,2204,2025-05-09 14:08:23.341,,468135390,68125,False,nan
416,61936,1610593572,MERV - XMEV - GGAL - 24hs,6850.0,2025-05-09 14:08:24,75,2025-05-09 14:08:24.644,6850.0,1270,6840.0,3320,6830.0,608,6820.0,100,6810.0,1910,6880.0,5001,6890.0,618,6900.0,15010,6910.0,5200,6920.0,2204,2025-05-09 14:08:24.562,,468135390,68125,True,bid
417,61983,1610593634,MERV - XMEV - GGAL - 24hs,6850.0,2025-05-09 14:08:24,6,2025-05-09 14:08:25.145,6850.0,1184,6840.0,3320,6830.0,608,6820.0,102,6810.0,1910,6880.0,5001,6890.0,618,6900.0,15010,6910.0,5200,6920.0,2204,2025-05-09 14:08:25.062,,468135390,68125,False,nan
418,62050,1610593737,MERV - XMEV - GGAL - 24hs,6850.0,2025-05-09 14:08:24,6,2025-05-09 14:08:25.651,6850.0,1184,6840.0,3320,6830.0,608,6820.0,102,6810.0,1910,6880.0,5001,6890.0,618,6900.0,15010,6910.0,5200,6920.0,2204,2025-05-09 14:08:25.561,,468724490,68211,False,nan
419,62285,1610594075,MERV - XMEV - GGAL - 24hs,6850.0,2025-05-09 14:08:24,6,2025-05-09 14:08:28.427,6850.0,1184,6840.0,3320,6830.0,608,6820.0,102,6810.0,1910,6880.0,5020,6890.0,618,6900.0,15010,6910.0,5200,6920.0,2204,2025-05-09 14:08:28.344,,468724490,68211,False,nan
420,62383,1610594214,MERV - XMEV - GGAL - 24hs,6850.0,2025-05-09 14:08:24,6,2025-05-09 14:08:29.464,6850.0,1184,6840.0,3320,6830.0,608,6820.0,102,6810.0,1910,6880.0,5020,6890.0,1018,6900.0,15010,6910.0,5200,6920.0,2204,2025-05-09 14:08:29.378,,468724490,68211,False,nan
421,62542,1610594463,MERV - XMEV - GGAL - 24hs,6850.0,2025-05-09 14:08:31,120,2025-05-09 14:08:31.164,6850.0,1184,6840.0,3320,6830.0,608,6820.0,102,6810.0,1910,6880.0,5020,6890.0,1018,6900.0,15010,6910.0,5200,6920.0,2204,2025-05-09 14:08:31.080,,468724490,68211,True,bid
422,62626,1610594585,MERV - XMEV - GGAL - 24hs,6850.0,2025-05-09 14:08:31,120,2025-05-09 14:08:31.835,6850.0,1064,6840.0,3320,6830.0,608,6820.0,102,6810.0,1910,6880.0,5020,6890.0,1018,6900.0,15010,6910.0,5200,6920.0,2204,2025-05-09 14:08:31.745,,468724490,68211,False,nan
423,62665,1610594641,MERV - XMEV - GGAL - 24hs,6850.0,2025-05-09 14:08:31,120,2025-05-09 14:08:32.326,6850.0,1064,6840.0,3320,6830.0,608,6820.0,102,6810.0,1910,6880.0,5020,6890.0,1018,6900.0,15010,6910.0,5200,6920.0,2204,2025-05-09 14:08:32.244,,469546490,68331,False,nan
424,62863,1610594926,MERV - XMEV - GGAL - 24hs,6850.0,2025-05-09 14:08:34,34,2025-05-09 14:08:34.115,6850.0,1064,6840.0,3320,6830.0,608,6820.0,102,6810.0,1910,6880.0,5020,6890.0,1018,6900.0,15010,6910.0,5200,6920.0,2204,2025-05-09 14:08:34.030,,469546490,68331,True,bid
425,62907,1610595002,MERV - XMEV - GGAL - 24hs,6850.0,2025-05-09 14:08:34,34,2025-05-09 14:08:34.633,6850.0,1030,6840.0,3320,6830.0,608,6820.0,102,6810.0,1910,6880.0,5020,6890.0,1018,6900.0,15010,6910.0,5200,6920.0,2219,2025-05-09 14:08:34.551,,469546490,68331,False,nan
426,62971,1610595109,MERV - XMEV - GGAL - 24hs,6850.0,2025-05-09 14:08:34,34,2025-05-09 14:08:35.139,6850.0,1030,6840.0,3320,6830.0,608,6820.0,102,6810.0,1910,6880.0,5020,6890.0,1018,6900.0,15010,6910.0,5200,6920.0,2219,2025-05-09 14:08:35.051,,469779390,68365,False,nan
427,63432,1610595855,MERV - XMEV - GGAL - 24hs,6850.0,2025-05-09 14:08:39,10,2025-05-09 14:08:39.908,6850.0,1030,6840.0,3320,6830.0,608,6820.0,102,6810.0,1910,6880.0,5020,6890.0,1018,6900.0,15010,6910.0,5200,6920.0,2219,2025-05-09 14:08:39.706,,469779390,68365,True,bid
428,63534,1610596013,MERV - XMEV - GGAL - 24hs,6850.0,2025-05-09 14:08:39,80,2025-05-09 14:08:40.383,6850.0,1030,6840.0,3320,6830.0,608,6820.0,102,6810.0,1910,6880.0,5020,6890.0,1018,6900.0,15010,6910.0,5200,6920.0,2219,2025-05-09 14:08:40.198,,469847890,68375,False,nan
429,63595,1610596114,MERV - XMEV - GGAL - 24hs,6850.0,2025-05-09 14:08:39,220,2025-05-09 14:08:40.803,6850.0,720,6840.0,3320,6830.0,608,6820.0,102,6810.0,1910,6880.0,20,6890.0,6018,6900.0,15010,6910.0,5200,6920.0,2219,2025-05-09 14:08:40.697,,471902890,68675,False,nan
430,63790,1610596421,MERV - XMEV - GGAL - 24hs,6850.0,2025-05-09 14:08:39,220,2025-05-09 14:08:42.219,6850.0,720,6840.0,3322,6830.0,608,6820.0,102,6810.0,2010,6880.0,20,6890.0,6018,6900.0,15010,6910.0,5200,6920.0,2219,2025-05-09 14:08:42.126,,471902890,68675,False,nan
431,63965,1610596706,MERV - XMEV - GGAL - 24hs,6850.0,2025-05-09 14:08:39,220,2025-05-09 14:08:43.536,6850.0,720,6840.0,3322,6830.0,608,6820.0,102,6810.0,2010,6880.0,70,6890.0,6018,6900.0,15010,6910.0,5200,6920.0,2219,2025-05-09 14:08:43.415,,471902890,68675,False,nan
432,64058,1610596844,MERV - XMEV - GGAL - 24hs,6850.0,2025-05-09 14:08:44,3,2025-05-09 14:08:44.168,6850.0,720,6840.0,3322,6830.0,608,6820.0,102,6810.0,2010,6880.0,70,6890.0,6018,6900.0,15010,6910.0,5200,6920.0,2219,2025-05-09 14:08:44.082,,471902890,68675,True,bid
433,64174,1610597037,MERV - XMEV - GGAL - 24hs,6850.0,2025-05-09 14:08:44,3,2025-05-09 14:08:45.579,6850.0,717,6840.0,3322,6830.0,608,6820.0,102,6810.0,2010,6880.0,570,6890.0,6018,6900.0,15010,6910.0,5200,6920.0,2219,2025-05-09 14:08:45.353,,471902890,68675,False,nan
434,64263,1610597182,MERV - XMEV - GGAL - 24hs,6850.0,2025-05-09 14:08:44,3,2025-05-09 14:08:46.068,6850.0,717,6840.0,3322,6830.0,608,6820.0,102,6810.0,2010,6880.0,570,6890.0,6018,6900.0,15010,6910.0,5200,6920.0,2219,2025-05-09 14:08:45.885,,471923440,68678,False,nan
435,64383,1610597354,MERV - XMEV - GGAL - 24hs,6850.0,2025-05-09 14:08:47,77,2025-05-09 14:08:47.139,6850.0,717,6840.0,3322,6830.0,608,6820.0,102,6810.0,2010,6880.0,570,6890.0,6018,6900.0,15010,6910.0,5200,6920.0,2219,2025-05-09 14:08:47.047,,471923440,68678,True,bid
436,64426,1610597412,MERV - XMEV - GGAL - 24hs,6850.0,2025-05-09 14:08:47,77,2025-05-09 14:08:47.629,6850.0,640,6840.0,3322,6830.0,608,6820.0,102,6810.0,2010,6880.0,1040,6890.0,6018,6900.0,15010,6910.0,5200,6920.0,2219,2025-05-09 14:08:47.547,,471923440,68678,False,nan
437,64550,1610597614,MERV - XMEV - GGAL - 24hs,6850.0,2025-05-09 14:08:47,77,2025-05-09 14:08:48.283,6850.0,640,6840.0,3322,6830.0,608,6820.0,102,6810.0,2010,6880.0,1040,6890.0,6018,6900.0,15010,6910.0,5200,6920.0,2219,2025-05-09 14:08:48.053,,472450890,68755,False,nan
438,64725,1610597889,MERV - XMEV - GGAL - 24hs,6850.0,2025-05-09 14:08:47,77,2025-05-09 14:08:49.151,6850.0,640,6840.0,3322,6830.0,608,6820.0,102,6810.0,2010,6880.0,1040,6890.0,6068,6900.0,15010,6910.0,5200,6920.0,2219,2025-05-09 14:08:48.835,,472450890,68755,False,nan
439,64801,1610598002,MERV - XMEV - GGAL - 24hs,6850.0,2025-05-09 14:08:49,119,2025-05-09 14:08:49.508,6850.0,640,6840.0,3322,6830.0,608,6820.0,102,6810.0,2010,6880.0,1040,6890.0,6068,6900.0,15010,6910.0,5200,6920.0,2219,2025-05-09 14:08:49.385,,472450890,68755,True,bid
440,64941,1610598219,MERV - XMEV - GGAL - 24hs,6850.0,2025-05-09 14:08:49,119,2025-05-09 14:08:50.228,6850.0,521,6840.0,3322,6830.0,608,6820.0,102,6810.0,2010,6880.0,1040,6890.0,6068,6900.0,15010,6910.0,5200,6920.0,2219,2025-05-09 14:08:49.888,,472450890,68755,False,nan
441,65014,1610598339,MERV - XMEV - GGAL - 24hs,6850.0,2025-05-09 14:08:49,119,2025-05-09 14:08:50.600,6850.0,521,6840.0,3322,6830.0,608,6820.0,102,6810.0,2010,6880.0,1040,6890.0,6068,6900.0,15010,6910.0,5200,6920.0,2219,2025-05-09 14:08:50.387,,473266040,68874,False,nan
442,65101,1610598464,MERV - XMEV - GGAL - 24hs,6850.0,2025-05-09 14:08:49,119,2025-05-09 14:08:51.215,6850.0,521,6840.0,3322,6830.0,608,6820.0,102,6810.0,2010,6880.0,1040,6890.0,6068,6900.0,15210,6910.0,5300,6920.0,2219,2025-05-09 14:08:51.111,,473266040,68874,False,nan
443,65227,1610598669,MERV - XMEV - GGAL - 24hs,6850.0,2025-05-09 14:08:49,119,2025-05-09 14:08:52.553,6850.0,5521,6840.0,3322,6830.0,608,6820.0,102,6810.0,2010,6880.0,1040,6890.0,6068,6900.0,15210,6910.0,5300,6920.0,2219,2025-05-09 14:08:52.450,,473266040,68874,False,nan
444,65390,1610598950,MERV - XMEV - GGAL - 24hs,6850.0,2025-05-09 14:08:49,119,2025-05-09 14:08:54.188,6850.0,5521,6840.0,3322,6830.0,608,6820.0,102,6810.0,2010,6880.0,540,6890.0,6068,6900.0,15310,6910.0,5300,6920.0,2219,2025-05-09 14:08:54.094,,473266040,68874,False,nan
445,65718,1610599433,MERV - XMEV - GGAL - 24hs,6880.0,2025-05-09 14:08:57,1,2025-05-09 14:08:57.228,6850.0,5521,6840.0,3322,6830.0,608,6820.0,102,6810.0,2010,6880.0,540,6890.0,6068,6900.0,15310,6910.0,5300,6920.0,2219,2025-05-09 14:08:57.140,,473266040,68874,True,offer
446,65761,1610599495,MERV - XMEV - GGAL - 24hs,6880.0,2025-05-09 14:08:57,5,2025-05-09 14:08:57.723,6850.0,5521,6840.0,3322,6830.0,608,6820.0,102,6810.0,2010,6880.0,540,6890.0,6068,6900.0,15310,6910.0,5300,6920.0,2219,2025-05-09 14:08:57.640,,473266040,68874,False,nan
447,65813,1610599565,MERV - XMEV - GGAL - 24hs,6880.0,2025-05-09 14:08:57,5,2025-05-09 14:08:58.227,6850.0,5522,6840.0,3322,6830.0,608,6820.0,102,6810.0,2010,6880.0,609,6890.0,6068,6900.0,15310,6910.0,5300,6920.0,2219,2025-05-09 14:08:58.139,,473307320,68880,False,nan
448,65874,1610599646,MERV - XMEV - GGAL - 24hs,6850.0,2025-05-09 14:08:58,17,2025-05-09 14:08:58.825,6850.0,5522,6840.0,3322,6830.0,608,6820.0,102,6810.0,2010,6880.0,609,6890.0,6068,6900.0,15310,6910.0,5300,6920.0,2219,2025-05-09 14:08:58.736,,473307320,68880,True,bid
449,65964,1610599788,MERV - XMEV - GGAL - 24hs,6850.0,2025-05-09 14:08:58,17,2025-05-09 14:08:59.526,6850.0,5522,6840.0,3322,6830.0,608,6820.0,102,6810.0,2010,6880.0,609,6890.0,6068,6900.0,15310,6910.0,5300,6920.0,2219,2025-05-09 14:08:59.424,,473423770,68897,False,nan
450,66050,1610599912,MERV - XMEV - GGAL - 24hs,6850.0,2025-05-09 14:08:58,17,2025-05-09 14:09:00.002,6850.0,5505,6840.0,3322,6830.0,608,6820.0,102,6810.0,2010,6880.0,609,6890.0,6068,6900.0,15310,6910.0,5300,6920.0,2219,2025-05-09 14:08:59.919,,473423770,68897,False,nan
451,66180,1610600105,MERV - XMEV - GGAL - 24hs,6850.0,2025-05-09 14:08:58,17,2025-05-09 14:09:01.064,6850.0,5505,6840.0,3322,6830.0,608,6820.0,102,6810.0,2010,6880.0,609,6890.0,6568,6900.0,15310,6910.0,5300,6920.0,2219,2025-05-09 14:09:00.979,,473423770,68897,False,nan
452,66261,1610600233,MERV - XMEV - GGAL - 24hs,6880.0,2025-05-09 14:09:01,16,2025-05-09 14:09:01.561,6850.0,5505,6840.0,3322,6830.0,608,6820.0,102,6810.0,2010,6880.0,609,6890.0,6568,6900.0,15310,6910.0,5300,6920.0,2219,2025-05-09 14:09:01.479,,473423770,68897,True,offer
453,66305,1610600293,MERV - XMEV - GGAL - 24hs,6880.0,2025-05-09 14:09:01,16,2025-05-09 14:09:02.061,6850.0,5505,6840.0,3322,6830.0,608,6820.0,102,6810.0,2010,6880.0,579,6890.0,6568,6900.0,15310,6910.0,5300,6920.0,2219,2025-05-09 14:09:01.979,,473630170,68927,False,nan
454,66390,1610600420,MERV - XMEV - GGAL - 24hs,6880.0,2025-05-09 14:09:01,16,2025-05-09 14:09:02.894,6850.0,5505,6840.0,3322,6830.0,608,6820.0,102,6810.0,2010,6880.0,759,6890.0,6568,6900.0,15310,6910.0,5300,6920.0,2219,2025-05-09 14:09:02.802,,473630170,68927,False,nan
455,66434,1610600477,MERV - XMEV - GGAL - 24hs,6880.0,2025-05-09 14:09:03,21,2025-05-09 14:09:03.395,6850.0,5505,6840.0,3322,6830.0,608,6820.0,102,6810.0,2010,6880.0,759,6890.0,6568,6900.0,15310,6910.0,5300,6920.0,2219,2025-05-09 14:09:03.312,,473630170,68927,True,offer
456,66515,1610600599,MERV - XMEV - GGAL - 24hs,6880.0,2025-05-09 14:09:03,21,2025-05-09 14:09:04.061,6850.0,5505,6840.0,3322,6830.0,608,6820.0,102,6810.0,2010,6880.0,738,6890.0,6568,6900.0,15310,6910.0,5300,6920.0,2219,2025-05-09 14:09:03.978,,473630170,68927,False,nan
457,66585,1610600684,MERV - XMEV - GGAL - 24hs,6880.0,2025-05-09 14:09:04,3,2025-05-09 14:09:04.560,6850.0,5505,6840.0,3322,6830.0,608,6820.0,102,6810.0,2010,6880.0,738,6890.0,6568,6900.0,15310,6910.0,5300,6920.0,2219,2025-05-09 14:09:04.478,,473774650,68948,True,offer
458,66625,1610600739,MERV - XMEV - GGAL - 24hs,6880.0,2025-05-09 14:09:04,20,2025-05-09 14:09:05.061,6850.0,5505,6840.0,3322,6830.0,608,6820.0,102,6810.0,2010,6880.0,735,6890.0,6568,6900.0,15310,6910.0,5300,6920.0,2219,2025-05-09 14:09:04.978,,473795290,68951,False,nan
459,66680,1610600838,MERV - XMEV - GGAL - 24hs,6880.0,2025-05-09 14:09:04,20,2025-05-09 14:09:05.715,6850.0,5505,6840.0,3322,6830.0,608,6820.0,102,6810.0,2010,6880.0,235,6890.0,6568,6900.0,15310,6910.0,5300,6920.0,2219,2025-05-09 14:09:05.628,,473795290,68951,False,nan
460,66709,1610600883,MERV - XMEV - GGAL - 24hs,6880.0,2025-05-09 14:09:04,20,2025-05-09 14:09:06.210,6850.0,5505,6840.0,3322,6830.0,608,6820.0,102,6810.0,2010,6880.0,235,6890.0,6568,6900.0,15310,6910.0,5300,6920.0,2219,2025-05-09 14:09:06.128,,477235290,69451,False,nan
461,66750,1610600949,MERV - XMEV - GGAL - 24hs,6850.0,2025-05-09 14:09:06,1,2025-05-09 14:09:06.713,6850.0,5505,6840.0,3322,6830.0,608,6820.0,102,6810.0,2010,6880.0,235,6890.0,6568,6900.0,15310,6910.0,5300,6920.0,2219,2025-05-09 14:09:06.628,,512918150,74652,True,bid
462,66791,1610601012,MERV - XMEV - GGAL - 24hs,6850.0,2025-05-09 14:09:06,1,2025-05-09 14:09:07.213,6850.0,5578,6840.0,3322,6830.0,608,6820.0,102,6810.0,2010,6880.0,36,6890.0,6568,6900.0,20310,6910.0,300,6920.0,2219,2025-05-09 14:09:07.128,,512925000,74653,False,nan
463,66909,1610601174,MERV - XMEV - GGAL - 24hs,6850.0,2025-05-09 14:09:06,1,2025-05-09 14:09:08.794,6850.0,5578,6840.0,3322,6830.0,608,6820.0,102,6810.0,2010,6880.0,36,6890.0,6568,6900.0,15310,6910.0,5300,6920.0,2219,2025-05-09 14:09:08.710,,512925000,74653,False,nan
464,67060,1610601401,MERV - XMEV - GGAL - 24hs,6880.0,2025-05-09 14:09:10,35,2025-05-09 14:09:10.467,6850.0,5578,6840.0,3322,6830.0,608,6820.0,102,6810.0,2010,6880.0,36,6890.0,6568,6900.0,15310,6910.0,5300,6920.0,2219,2025-05-09 14:09:10.383,,512925000,74653,True,offer
465,67108,1610601488,MERV - XMEV - GGAL - 24hs,6890.0,2025-05-09 14:09:10,446,2025-05-09 14:09:11.003,6850.0,5578,6840.0,3322,6830.0,608,6820.0,102,6810.0,2010,6880.0,36,6890.0,6568,6900.0,15310,6910.0,5300,6920.0,2219,2025-05-09 14:09:10.913,,512925000,74653,False,nan
466,67164,1610601567,MERV - XMEV - GGAL - 24hs,6890.0,2025-05-09 14:09:10,446,2025-05-09 14:09:11.496,6850.0,5678,6840.0,3322,6830.0,608,6820.0,102,6810.0,2010,6890.0,550,6900.0,15310,6910.0,5300,6920.0,2219,6930.0,150,2025-05-09 14:09:11.412,,523259640,76153,False,nan
467,67225,1610601669,MERV - XMEV - GGAL - 24hs,6890.0,2025-05-09 14:09:11,350,2025-05-09 14:09:12.034,6850.0,5678,6840.0,3322,6830.0,608,6820.0,102,6810.0,2010,6890.0,550,6900.0,15310,6910.0,5300,6920.0,2219,6930.0,150,2025-05-09 14:09:11.913,,523259640,76153,True,offer
468,67270,1610601737,MERV - XMEV - GGAL - 24hs,6890.0,2025-05-09 14:09:11,350,2025-05-09 14:09:12.584,6850.0,5678,6840.0,3322,6830.0,608,6820.0,102,6810.0,2010,6890.0,550,6900.0,15310,6910.0,5300,6920.0,2219,6930.0,150,2025-05-09 14:09:12.497,,526015640,76553,False,nan
469,67385,1610601901,MERV - XMEV - GGAL - 24hs,6890.0,2025-05-09 14:09:11,350,2025-05-09 14:09:13.203,6850.0,5678,6840.0,3322,6830.0,608,6820.0,102,6810.0,2010,6890.0,5150,6900.0,10310,6910.0,10300,6920.0,2219,6930.0,150,2025-05-09 14:09:12.998,,526015640,76553,False,nan
470,67448,1610601996,MERV - XMEV - GGAL - 24hs,6860.0,2025-05-09 14:09:13,75,2025-05-09 14:09:13.590,6850.0,5678,6840.0,3322,6830.0,608,6820.0,102,6810.0,2010,6890.0,5150,6900.0,10310,6910.0,10300,6920.0,2219,6930.0,150,2025-05-09 14:09:13.507,,529452500,77054,True,bid
471,67503,1610602092,MERV - XMEV - GGAL - 24hs,6860.0,2025-05-09 14:09:13,75,2025-05-09 14:09:14.112,6850.0,5603,6840.0,3322,6830.0,608,6820.0,102,6810.0,2010,6860.0,1,6890.0,5150,6900.0,10310,6910.0,5300,6920.0,2219,2025-05-09 14:09:14.000,,529967000,77129,False,nan
472,67610,1610602239,MERV - XMEV - GGAL - 24hs,6860.0,2025-05-09 14:09:14,1,2025-05-09 14:09:14.819,6850.0,5603,6840.0,3322,6830.0,608,6820.0,102,6810.0,2010,6860.0,1,6890.0,5150,6900.0,10310,6910.0,5300,6920.0,2219,2025-05-09 14:09:14.737,,529967000,77129,True,offer
473,67698,1610602375,MERV - XMEV - GGAL - 24hs,6890.0,2025-05-09 14:09:14,49,2025-05-09 14:09:15.319,6850.0,5603,6840.0,3322,6830.0,608,6820.0,102,6810.0,2010,6880.0,76,6890.0,4951,6900.0,10310,6910.0,10300,6920.0,2219,2025-05-09 14:09:15.236,,529967000,77129,False,nan
474,67767,1610602484,MERV - XMEV - GGAL - 24hs,6890.0,2025-05-09 14:09:14,49,2025-05-09 14:09:15.891,6850.0,5603,6840.0,3322,6830.0,608,6820.0,102,6810.0,2010,6880.0,76,6900.0,10310,6910.0,10300,6920.0,2219,6930.0,150,2025-05-09 14:09:15.737,,531344970,77329,False,nan
475,67885,1610602649,MERV - XMEV - GGAL - 24hs,6890.0,2025-05-09 14:09:14,49,2025-05-09 14:09:16.784,6850.0,5603,6840.0,3322,6830.0,608,6820.0,102,6810.0,2010,6890.0,5076,6900.0,10310,6910.0,10300,6920.0,2219,6930.0,150,2025-05-09 14:09:16.697,,531344970,77329,False,nan
476,68024,1610602868,MERV - XMEV - GGAL - 24hs,6890.0,2025-05-09 14:09:14,49,2025-05-09 14:09:18.281,6850.0,5603,6840.0,3322,6830.0,608,6820.0,102,6810.0,2010,6890.0,76,6900.0,15310,6910.0,10300,6920.0,2219,6930.0,150,2025-05-09 14:09:18.198,,531344970,77329,False,nan
477,68340,1610603318,MERV - XMEV - GGAL - 24hs,6890.0,2025-05-09 14:09:14,49,2025-05-09 14:09:20.933,6850.0,5603,6840.0,322,6830.0,608,6820.0,102,6810.0,2010,6890.0,76,6900.0,15310,6910.0,10300,6920.0,2219,6930.0,150,2025-05-09 14:09:20.850,,531344970,77329,False,nan
478,68385,1610603380,MERV - XMEV - GGAL - 24hs,6860.0,2025-05-09 14:09:21,63,2025-05-09 14:09:21.541,6850.0,5603,6840.0,322,6830.0,608,6820.0,102,6810.0,2010,6890.0,76,6900.0,15310,6910.0,10300,6920.0,2219,6930.0,150,2025-05-09 14:09:21.457,,531344970,77329,True,bid
479,68434,1610603446,MERV - XMEV - GGAL - 24hs,6880.0,2025-05-09 14:09:21,30,2025-05-09 14:09:22.048,6850.0,5603,6840.0,322,6830.0,608,6820.0,102,6810.0,2010,6890.0,76,6900.0,15310,6910.0,10300,6920.0,2219,6930.0,150,2025-05-09 14:09:21.957,,531777150,77392,False,nan
480,68484,1610603535,MERV - XMEV - GGAL - 24hs,6880.0,2025-05-09 14:09:21,30,2025-05-09 14:09:22.540,6860.0,187,6850.0,5603,6840.0,322,6830.0,608,6820.0,102,6880.0,1,6890.0,76,6900.0,15310,6910.0,5300,6920.0,2219,2025-05-09 14:09:22.457,,531983550,77422,False,nan
481,68978,1610604285,MERV - XMEV - GGAL - 24hs,6860.0,2025-05-09 14:09:27,67,2025-05-09 14:09:27.691,6860.0,187,6850.0,5603,6840.0,322,6830.0,608,6820.0,102,6880.0,1,6890.0,76,6900.0,15310,6910.0,5300,6920.0,2219,2025-05-09 14:09:27.609,,531983550,77422,True,bid
482,69023,1610604371,MERV - XMEV - GGAL - 24hs,6860.0,2025-05-09 14:09:27,67,2025-05-09 14:09:28.192,6860.0,120,6850.0,5603,6840.0,322,6830.0,608,6820.0,102,6890.0,76,6900.0,15310,6910.0,10300,6920.0,2219,6930.0,150,2025-05-09 14:09:28.108,,531983550,77422,False,nan
483,69078,1610604437,MERV - XMEV - GGAL - 24hs,6860.0,2025-05-09 14:09:27,67,2025-05-09 14:09:28.691,6860.0,120,6850.0,5603,6840.0,322,6830.0,608,6820.0,102,6890.0,76,6900.0,15310,6910.0,10300,6920.0,2219,6930.0,150,2025-05-09 14:09:28.609,,532443170,77489,False,nan
484,69184,1610604600,MERV - XMEV - GGAL - 24hs,6860.0,2025-05-09 14:09:27,67,2025-05-09 14:09:29.681,6860.0,120,6850.0,8703,6840.0,322,6830.0,608,6820.0,102,6890.0,139,6900.0,15310,6910.0,10300,6920.0,2219,6930.0,2150,2025-05-09 14:09:29.599,,532443170,77489,False,nan
485,69506,1610605115,MERV - XMEV - GGAL - 24hs,6860.0,2025-05-09 14:09:33,10,2025-05-09 14:09:33.751,6860.0,120,6850.0,8703,6840.0,322,6830.0,608,6820.0,102,6890.0,139,6900.0,15310,6910.0,10300,6920.0,2219,6930.0,2150,2025-05-09 14:09:33.669,,532443170,77489,True,bid
486,69563,1610605202,MERV - XMEV - GGAL - 24hs,6860.0,2025-05-09 14:09:33,10,2025-05-09 14:09:34.321,6860.0,110,6850.0,8705,6840.0,322,6830.0,608,6820.0,102,6890.0,139,6900.0,15310,6910.0,10300,6920.0,2219,6930.0,2150,2025-05-09 14:09:34.226,,532443170,77489,False,nan
487,69644,1610605321,MERV - XMEV - GGAL - 24hs,6860.0,2025-05-09 14:09:33,10,2025-05-09 14:09:34.814,6860.0,110,6850.0,8705,6840.0,322,6830.0,608,6820.0,102,6890.0,139,6900.0,15310,6910.0,10300,6920.0,2219,6930.0,2150,2025-05-09 14:09:34.727,,532511770,77499,False,nan
488,69715,1610605428,MERV - XMEV - GGAL - 24hs,6860.0,2025-05-09 14:09:34,4,2025-05-09 14:09:35.312,6860.0,110,6850.0,8705,6840.0,322,6830.0,608,6820.0,102,6890.0,139,6900.0,15310,6910.0,10300,6920.0,2219,6930.0,2150,2025-05-09 14:09:35.226,,532511770,77499,True,bid
489,69771,1610605507,MERV - XMEV - GGAL - 24hs,6860.0,2025-05-09 14:09:34,4,2025-05-09 14:09:35.812,6860.0,106,6850.0,8705,6840.0,322,6830.0,608,6820.0,102,6890.0,139,6900.0,15310,6910.0,10300,6920.0,2219,6930.0,2150,2025-05-09 14:09:35.726,,532539210,77503,False,nan
490,69843,1610605638,MERV - XMEV - GGAL - 24hs,6860.0,2025-05-09 14:09:34,4,2025-05-09 14:09:36.567,6860.0,106,6850.0,8705,6840.0,322,6830.0,608,6820.0,102,6890.0,139,6900.0,10310,6910.0,15300,6920.0,2219,6930.0,2150,2025-05-09 14:09:36.466,,532539210,77503,False,nan
491,69932,1610605838,MERV - XMEV - GGAL - 24hs,6890.0,2025-05-09 14:09:37,18,2025-05-09 14:09:37.309,6860.0,106,6850.0,8705,6840.0,322,6830.0,608,6820.0,102,6890.0,139,6900.0,10310,6910.0,15300,6920.0,2219,6930.0,2150,2025-05-09 14:09:37.226,,532539210,77503,True,offer
492,70001,1610605943,MERV - XMEV - GGAL - 24hs,6860.0,2025-05-09 14:09:37,29,2025-05-09 14:09:37.871,6860.0,106,6850.0,8705,6840.0,322,6830.0,608,6820.0,102,6890.0,139,6900.0,10310,6910.0,15300,6920.0,2219,6930.0,2150,2025-05-09 14:09:37.762,,532663230,77521,False,nan
493,70044,1610606006,MERV - XMEV - GGAL - 24hs,6860.0,2025-05-09 14:09:37,29,2025-05-09 14:09:38.345,6860.0,95,6850.0,8705,6840.0,322,6830.0,608,6820.0,102,6890.0,151,6900.0,10310,6910.0,15300,6920.0,2219,6930.0,2150,2025-05-09 14:09:38.262,,532862170,77550,False,nan
494,70111,1610606104,MERV - XMEV - GGAL - 24hs,6860.0,2025-05-09 14:09:37,29,2025-05-09 14:09:38.971,6860.0,595,6850.0,8705,6840.0,322,6830.0,608,6820.0,102,6890.0,1651,6900.0,10310,6910.0,15300,6920.0,2219,6930.0,2150,2025-05-09 14:09:38.887,,532862170,77550,False,nan
495,70434,1610606598,MERV - XMEV - GGAL - 24hs,6860.0,2025-05-09 14:09:37,29,2025-05-09 14:09:41.448,6860.0,595,6850.0,8734,6840.0,322,6830.0,608,6820.0,102,6890.0,1651,6900.0,10310,6910.0,15300,6920.0,2219,6930.0,2150,2025-05-09 14:09:41.364,,532862170,77550,False,nan
496,70564,1610606796,MERV - XMEV - GGAL - 24hs,6860.0,2025-05-09 14:09:37,29,2025-05-09 14:09:42.702,6860.0,595,6850.0,8734,6840.0,322,6830.0,608,6820.0,102,6890.0,1651,6900.0,10360,6910.0,15300,6920.0,2219,6930.0,2150,2025-05-09 14:09:42.620,,532862170,77550,False,nan
497,70614,1610606871,MERV - XMEV - GGAL - 24hs,6860.0,2025-05-09 14:09:43,77,2025-05-09 14:09:43.224,6860.0,595,6850.0,8734,6840.0,322,6830.0,608,6820.0,102,6890.0,1651,6900.0,10360,6910.0,15300,6920.0,2219,6930.0,2150,2025-05-09 14:09:43.141,,532862170,77550,True,bid
498,70652,1610606935,MERV - XMEV - GGAL - 24hs,6860.0,2025-05-09 14:09:43,500,2025-05-09 14:09:43.724,6850.0,8734,6840.0,322,6830.0,608,6820.0,102,6810.0,2010,6860.0,1,6880.0,10000,6890.0,11593,6900.0,360,6910.0,305,2025-05-09 14:09:43.641,,532862170,77550,False,nan
499,70712,1610607027,MERV - XMEV - GGAL - 24hs,6860.0,2025-05-09 14:09:43,500,2025-05-09 14:09:44.224,6850.0,8734,6840.0,322,6830.0,608,6820.0,102,6810.0,2010,6860.0,1,6880.0,10000,6890.0,11593,6900.0,360,6910.0,305,2025-05-09 14:09:44.142,,536943870,78145,False,nan
500,71094,1610607610,MERV - XMEV - GGAL - 24hs,6850.0,2025-05-09 14:09:48,30,2025-05-09 14:09:48.427,6850.0,8734,6840.0,322,6830.0,608,6820.0,102,6810.0,2010,6860.0,1,6880.0,10000,6890.0,11593,6900.0,360,6910.0,305,2025-05-09 14:09:48.335,,536943870,78145,True,bid
501,71124,1610607648,MERV - XMEV - GGAL - 24hs,6850.0,2025-05-09 14:09:48,433,2025-05-09 14:09:49.023,6850.0,8734,6840.0,322,6830.0,608,6820.0,102,6810.0,2010,6860.0,1,6880.0,10000,6890.0,11593,6900.0,360,6910.0,305,2025-05-09 14:09:48.927,,537149370,78175,False,nan
502,71178,1610607726,MERV - XMEV - GGAL - 24hs,6850.0,2025-05-09 14:09:48,249,2025-05-09 14:09:49.515,6850.0,5052,6840.0,322,6830.0,608,6820.0,102,6810.0,2010,6880.0,10076,6890.0,11593,6900.0,360,6910.0,300,6920.0,2219,2025-05-09 14:09:49.429,,562165570,81827,False,nan
503,71298,1610607960,MERV - XMEV - GGAL - 24hs,6850.0,2025-05-09 14:09:49,169,2025-05-09 14:09:50.727,6850.0,5052,6840.0,322,6830.0,608,6820.0,102,6810.0,2010,6880.0,10076,6890.0,11593,6900.0,360,6910.0,300,6920.0,2219,2025-05-09 14:09:50.618,,562165570,81827,True,bid
504,71494,1610608290,MERV - XMEV - GGAL - 24hs,6850.0,2025-05-09 14:09:50,249,2025-05-09 14:09:51.763,6850.0,4715,6840.0,322,6830.0,608,6820.0,102,6810.0,2010,6880.0,10076,6890.0,11530,6900.0,5360,6910.0,300,6920.0,2219,2025-05-09 14:09:51.106,,566179670,82413,True,bid
505,71587,1610608434,MERV - XMEV - GGAL - 24hs,6850.0,2025-05-09 14:09:51,249,2025-05-09 14:09:52.207,6850.0,4217,6840.0,322,6830.0,608,6820.0,102,6810.0,2010,6880.0,10076,6890.0,11530,6900.0,360,6910.0,300,6920.0,2219,2025-05-09 14:09:51.605,,566179670,82413,True,bid
506,71648,1610608522,MERV - XMEV - GGAL - 24hs,6850.0,2025-05-09 14:09:51,249,2025-05-09 14:09:52.478,6850.0,4217,6840.0,322,6830.0,608,6820.0,102,6810.0,2010,6880.0,10076,6890.0,11530,6900.0,360,6910.0,300,6920.0,2219,2025-05-09 14:09:52.282,,567885320,82662,False,nan
507,71749,1610608673,MERV - XMEV - GGAL - 24hs,6850.0,2025-05-09 14:09:52,100,2025-05-09 14:09:52.947,6850.0,4217,6840.0,322,6830.0,608,6820.0,102,6810.0,2010,6880.0,76,6890.0,21500,6900.0,5360,6910.0,300,6920.0,2219,2025-05-09 14:09:52.782,,569590970,82911,True,bid
508,71852,1610608834,MERV - XMEV - GGAL - 24hs,6850.0,2025-05-09 14:09:52,100,2025-05-09 14:09:53.436,6850.0,3868,6840.0,322,6830.0,608,6820.0,102,6810.0,2010,6880.0,76,6890.0,21500,6900.0,5360,6910.0,300,6920.0,2219,2025-05-09 14:09:53.282,,570275970,83011,False,nan
509,71946,1610608983,MERV - XMEV - GGAL - 24hs,6850.0,2025-05-09 14:09:53,505,2025-05-09 14:09:53.905,6850.0,3868,6840.0,322,6830.0,608,6820.0,102,6810.0,2010,6880.0,76,6890.0,21500,6900.0,5360,6910.0,300,6920.0,2219,2025-05-09 14:09:53.781,,570275970,83011,True,bid
510,72011,1610609086,MERV - XMEV - GGAL - 24hs,6850.0,2025-05-09 14:09:53,505,2025-05-09 14:09:54.399,6850.0,3363,6840.0,322,6830.0,608,6820.0,102,6810.0,2010,6880.0,76,6890.0,21500,6900.0,1860,6910.0,300,6920.0,2219,2025-05-09 14:09:54.282,,573735220,83516,False,nan
511,72167,1610609312,MERV - XMEV - GGAL - 24hs,6850.0,2025-05-09 14:09:53,505,2025-05-09 14:09:55.768,6850.0,3363,6840.0,322,6830.0,608,6820.0,102,6810.0,2010,6880.0,3076,6890.0,21500,6900.0,1860,6910.0,300,6920.0,2219,2025-05-09 14:09:55.668,,573735220,83516,False,nan
512,72321,1610609539,MERV - XMEV - GGAL - 24hs,6850.0,2025-05-09 14:09:53,505,2025-05-09 14:09:57.124,6850.0,3363,6840.0,322,6830.0,608,6820.0,102,6810.0,2010,6880.0,3575,6890.0,21500,6900.0,1860,6910.0,300,6920.0,2219,2025-05-09 14:09:57.039,,573735220,83516,False,nan
513,72366,1610609606,MERV - XMEV - GGAL - 24hs,6880.0,2025-05-09 14:09:57,5,2025-05-09 14:09:57.741,6850.0,3363,6840.0,322,6830.0,608,6820.0,102,6810.0,2010,6880.0,3575,6890.0,21500,6900.0,1860,6910.0,300,6920.0,2219,2025-05-09 14:09:57.658,,573735220,83516,True,offer
514,72438,1610609707,MERV - XMEV - GGAL - 24hs,6880.0,2025-05-09 14:09:57,5,2025-05-09 14:09:58.406,6850.0,3368,6840.0,322,6830.0,608,6820.0,102,6810.0,2010,6880.0,3820,6890.0,21500,6900.0,1860,6910.0,300,6920.0,2219,2025-05-09 14:09:58.324,,573735220,83516,False,nan
515,72488,1610609785,MERV - XMEV - GGAL - 24hs,6880.0,2025-05-09 14:09:57,5,2025-05-09 14:09:58.924,6850.0,3368,6840.0,322,6830.0,608,6820.0,102,6810.0,2010,6880.0,3820,6890.0,21500,6900.0,1860,6910.0,300,6920.0,2219,2025-05-09 14:09:58.824,,573769620,83521,False,nan
516,73253,1610611022,MERV - XMEV - GGAL - 24hs,6880.0,2025-05-09 14:10:04,27,2025-05-09 14:10:04.886,6850.0,3368,6840.0,322,6830.0,608,6820.0,102,6810.0,2010,6880.0,3820,6890.0,21500,6900.0,1860,6910.0,300,6920.0,2219,2025-05-09 14:10:04.804,,573769620,83521,True,offer
517,73339,1610611170,MERV - XMEV - GGAL - 24hs,6880.0,2025-05-09 14:10:04,27,2025-05-09 14:10:05.402,6850.0,3368,6840.0,322,6830.0,608,6820.0,102,6810.0,2010,6880.0,3793,6890.0,21500,6900.0,1860,6910.0,300,6920.0,2219,2025-05-09 14:10:05.303,,573955380,83548,False,nan
518,73419,1610611292,MERV - XMEV - GGAL - 24hs,6880.0,2025-05-09 14:10:05,1,2025-05-09 14:10:05.886,6850.0,3368,6840.0,322,6830.0,608,6820.0,102,6810.0,2010,6880.0,3793,6890.0,21500,6900.0,1860,6910.0,300,6920.0,2219,2025-05-09 14:10:05.804,,573955380,83548,True,offer
519,73491,1610611408,MERV - XMEV - GGAL - 24hs,6880.0,2025-05-09 14:10:05,1,2025-05-09 14:10:06.403,6850.0,3368,6840.0,322,6830.0,608,6820.0,102,6810.0,2010,6880.0,3792,6890.0,21500,6900.0,1860,6910.0,300,6920.0,2219,2025-05-09 14:10:06.321,,573955380,83548,False,nan
520,73565,1610611538,MERV - XMEV - GGAL - 24hs,6880.0,2025-05-09 14:10:05,1,2025-05-09 14:10:06.905,6850.0,3368,6840.0,322,6830.0,608,6820.0,102,6810.0,2010,6880.0,3792,6890.0,21500,6900.0,1860,6910.0,300,6920.0,2219,2025-05-09 14:10:06.821,,573962260,83549,False,nan
521,73708,1610611773,MERV - XMEV - GGAL - 24hs,6880.0,2025-05-09 14:10:05,1,2025-05-09 14:10:07.987,6850.0,3368,6840.0,358,6830.0,608,6820.0,102,6810.0,2010,6880.0,3792,6890.0,21500,6900.0,1860,6910.0,300,6920.0,2219,2025-05-09 14:10:07.894,,573962260,83549,False,nan
522,74173,1610612448,MERV - XMEV - GGAL - 24hs,6880.0,2025-05-09 14:10:10,9,2025-05-09 14:10:11.107,6850.0,3368,6840.0,358,6830.0,608,6820.0,102,6810.0,2010,6880.0,3792,6890.0,21500,6900.0,1860,6910.0,300,6920.0,2219,2025-05-09 14:10:11.018,,573962260,83549,True,offer
523,74263,1610612597,MERV - XMEV - GGAL - 24hs,6880.0,2025-05-09 14:10:11,6,2025-05-09 14:10:11.761,6850.0,3368,6840.0,358,6830.0,608,6820.0,102,6810.0,2010,6880.0,3792,6890.0,21500,6900.0,1860,6910.0,300,6920.0,2219,2025-05-09 14:10:11.679,,574024180,83558,True,offer
524,74305,1610612666,MERV - XMEV - GGAL - 24hs,6880.0,2025-05-09 14:10:11,6,2025-05-09 14:10:12.261,6850.0,3368,6840.0,358,6830.0,608,6820.0,102,6810.0,2010,6880.0,3777,6890.0,21500,6900.0,1860,6910.0,300,6920.0,2219,2025-05-09 14:10:12.179,,574065460,83564,False,nan
525,74473,1610612915,MERV - XMEV - GGAL - 24hs,6880.0,2025-05-09 14:10:11,6,2025-05-09 14:10:13.952,6850.0,3368,6840.0,679,6830.0,608,6820.0,102,6810.0,2010,6880.0,3777,6890.0,1500,6900.0,21860,6910.0,300,6920.0,2219,2025-05-09 14:10:13.865,,574065460,83564,False,nan
526,74837,1610613427,MERV - XMEV - GGAL - 24hs,6880.0,2025-05-09 14:10:11,6,2025-05-09 14:10:16.707,6850.0,3368,6840.0,679,6830.0,608,6820.0,102,6810.0,2010,6880.0,3777,6890.0,1550,6900.0,21860,6910.0,300,6920.0,2219,2025-05-09 14:10:16.611,,574065460,83564,False,nan
527,75203,1610613978,MERV - XMEV - GGAL - 24hs,6880.0,2025-05-09 14:10:19,5,2025-05-09 14:10:19.782,6850.0,3368,6840.0,679,6830.0,608,6820.0,102,6810.0,2010,6880.0,3777,6890.0,1550,6900.0,21860,6910.0,300,6920.0,2219,2025-05-09 14:10:19.679,,574065460,83564,True,offer
528,75275,1610614085,MERV - XMEV - GGAL - 24hs,6880.0,2025-05-09 14:10:19,1,2025-05-09 14:10:20.372,6850.0,3368,6840.0,679,6830.0,608,6820.0,102,6810.0,2010,6880.0,3772,6890.0,1550,6900.0,16860,6910.0,5300,6920.0,2219,2025-05-09 14:10:20.214,,574099860,83569,False,nan
529,75352,1610614187,MERV - XMEV - GGAL - 24hs,6880.0,2025-05-09 14:10:19,1,2025-05-09 14:10:20.823,6850.0,3368,6840.0,679,6830.0,608,6820.0,102,6810.0,2010,6880.0,3771,6890.0,1550,6900.0,16860,6910.0,5300,6920.0,2219,2025-05-09 14:10:20.713,,574106740,83570,False,nan
530,75516,1610614436,MERV - XMEV - GGAL - 24hs,6850.0,2025-05-09 14:10:22,3,2025-05-09 14:10:22.122,6850.0,3368,6840.0,679,6830.0,608,6820.0,102,6810.0,2010,6880.0,3771,6890.0,1550,6900.0,16860,6910.0,5300,6920.0,2219,2025-05-09 14:10:22.035,,574106740,83570,True,bid
531,75603,1610614559,MERV - XMEV - GGAL - 24hs,6850.0,2025-05-09 14:10:22,3,2025-05-09 14:10:22.644,6850.0,3365,6840.0,679,6830.0,608,6820.0,102,6810.0,2010,6880.0,3821,6890.0,1550,6900.0,16860,6910.0,5300,6920.0,2219,2025-05-09 14:10:22.536,,574106740,83570,False,nan
532,75662,1610614652,MERV - XMEV - GGAL - 24hs,6850.0,2025-05-09 14:10:22,1,2025-05-09 14:10:23.124,6850.0,3365,6840.0,679,6830.0,608,6820.0,102,6810.0,2010,6880.0,3821,6890.0,1550,6900.0,16860,6910.0,5300,6920.0,2219,2025-05-09 14:10:23.037,,574127290,83573,False,nan
533,75725,1610614756,MERV - XMEV - GGAL - 24hs,6850.0,2025-05-09 14:10:22,1,2025-05-09 14:10:23.619,6850.0,3364,6840.0,679,6830.0,608,6820.0,102,6810.0,2010,6880.0,3821,6890.0,1550,6900.0,11860,6910.0,10300,6920.0,2219,2025-05-09 14:10:23.537,,574134140,83574,False,nan
534,76348,1610615626,MERV - XMEV - GGAL - 24hs,6850.0,2025-05-09 14:10:22,1,2025-05-09 14:10:28.374,6850.0,3236,6840.0,679,6830.0,608,6820.0,102,6810.0,2010,6880.0,4295,6890.0,1550,6900.0,11860,6910.0,10300,6920.0,2219,2025-05-09 14:10:28.269,,574134140,83574,False,nan
535,76420,1610615729,MERV - XMEV - GGAL - 24hs,6850.0,2025-05-09 14:10:28,2,2025-05-09 14:10:28.978,6850.0,3236,6840.0,679,6830.0,608,6820.0,102,6810.0,2010,6880.0,4295,6890.0,1550,6900.0,11860,6910.0,10300,6920.0,2219,2025-05-09 14:10:28.893,,574134140,83574,True,bid
536,76505,1610615859,MERV - XMEV - GGAL - 24hs,6850.0,2025-05-09 14:10:28,2,2025-05-09 14:10:29.523,6850.0,3234,6840.0,679,6830.0,608,6820.0,102,6810.0,2010,6880.0,4295,6890.0,1550,6900.0,11860,6910.0,10300,6920.0,2219,2025-05-09 14:10:29.393,,574134140,83574,False,nan
537,76548,1610615917,MERV - XMEV - GGAL - 24hs,6850.0,2025-05-09 14:10:28,2,2025-05-09 14:10:29.976,6850.0,3234,6840.0,679,6830.0,608,6820.0,102,6810.0,2010,6880.0,4295,6890.0,1550,6900.0,11860,6910.0,10300,6920.0,2219,2025-05-09 14:10:29.894,,574147840,83576,False,nan
538,76602,1610615991,MERV - XMEV - GGAL - 24hs,6850.0,2025-05-09 14:10:28,2,2025-05-09 14:10:30.555,6850.0,3234,6840.0,679,6830.0,608,6820.0,102,6810.0,2010,6880.0,4295,6890.0,3550,6900.0,11860,6910.0,10300,6920.0,2219,2025-05-09 14:10:30.468,,574147840,83576,False,nan
539,76675,1610616096,MERV - XMEV - GGAL - 24hs,6850.0,2025-05-09 14:10:28,2,2025-05-09 14:10:31.547,6850.0,3234,6840.0,679,6830.0,608,6820.0,102,6810.0,2010,6880.0,4295,6890.0,3550,6900.0,16860,6910.0,5300,6920.0,2219,2025-05-09 14:10:31.464,,574147840,83576,False,nan
540,76881,1610616390,MERV - XMEV - GGAL - 24hs,6850.0,2025-05-09 14:10:28,2,2025-05-09 14:10:33.447,6850.0,3234,6840.0,679,6830.0,608,6820.0,102,6810.0,2010,6880.0,4295,6890.0,3550,6900.0,16860,6910.0,5100,6920.0,2219,2025-05-09 14:10:33.365,,574147840,83576,False,nan
541,77125,1610616778,MERV - XMEV - GGAL - 24hs,6850.0,2025-05-09 14:10:28,2,2025-05-09 14:10:35.011,6850.0,3234,6840.0,679,6830.0,608,6820.0,102,6810.0,2010,6880.0,4295,6890.0,3550,6900.0,21860,6910.0,100,6920.0,2219,2025-05-09 14:10:34.875,,574147840,83576,False,nan
542,77598,1610617480,MERV - XMEV - GGAL - 24hs,6850.0,2025-05-09 14:10:39,8,2025-05-09 14:10:39.227,6850.0,3234,6840.0,679,6830.0,608,6820.0,102,6810.0,2010,6880.0,4295,6890.0,3550,6900.0,21860,6910.0,100,6920.0,2219,2025-05-09 14:10:39.143,,574147840,83576,True,bid
543,77722,1610617717,MERV - XMEV - GGAL - 24hs,6850.0,2025-05-09 14:10:39,8,2025-05-09 14:10:40.003,6850.0,3226,6840.0,679,6830.0,608,6820.0,102,6810.0,2010,6880.0,4295,6890.0,3550,6900.0,21860,6910.0,100,6920.0,2219,2025-05-09 14:10:39.811,,574147840,83576,False,nan
544,77799,1610617828,MERV - XMEV - GGAL - 24hs,6850.0,2025-05-09 14:10:39,8,2025-05-09 14:10:40.396,6850.0,3226,6840.0,679,6830.0,608,6820.0,102,6810.0,2010,6880.0,4295,6890.0,3550,6900.0,21860,6910.0,100,6920.0,2219,2025-05-09 14:10:40.311,,574202640,83584,False,nan
545,77933,1610618012,MERV - XMEV - GGAL - 24hs,6880.0,2025-05-09 14:10:41,22,2025-05-09 14:10:41.483,6850.0,3226,6840.0,679,6830.0,608,6820.0,102,6810.0,2010,6880.0,4295,6890.0,3550,6900.0,21860,6910.0,100,6920.0,2219,2025-05-09 14:10:41.383,,574202640,83584,True,offer
546,77975,1610618093,MERV - XMEV - GGAL - 24hs,6880.0,2025-05-09 14:10:41,180,2025-05-09 14:10:41.966,6850.0,3226,6840.0,679,6830.0,608,6820.0,102,6810.0,2010,6880.0,4295,6890.0,3550,6900.0,21860,6910.0,100,6920.0,2219,2025-05-09 14:10:41.883,,574202640,83584,False,nan
547,78007,1610618158,MERV - XMEV - GGAL - 24hs,6880.0,2025-05-09 14:10:41,180,2025-05-09 14:10:42.466,6850.0,3226,6840.0,679,6830.0,608,6820.0,102,6810.0,2010,6880.0,4093,6890.0,3550,6900.0,21860,6910.0,100,6920.0,2219,2025-05-09 14:10:42.383,,575592400,83786,False,nan
548,78239,1610618521,MERV - XMEV - GGAL - 24hs,6880.0,2025-05-09 14:10:41,180,2025-05-09 14:10:44.439,6850.0,3326,6840.0,679,6830.0,608,6820.0,102,6810.0,2010,6880.0,4093,6890.0,3550,6900.0,21860,6910.0,100,6920.0,2219,2025-05-09 14:10:44.294,,575592400,83786,False,nan
549,78332,1610618661,MERV - XMEV - GGAL - 24hs,6880.0,2025-05-09 14:10:41,180,2025-05-09 14:10:45.131,6850.0,3326,6840.0,679,6830.0,608,6820.0,102,6810.0,510,6880.0,4093,6890.0,3550,6900.0,21860,6910.0,100,6920.0,2219,2025-05-09 14:10:45.030,,575592400,83786,False,nan
550,78833,1610619422,MERV - XMEV - GGAL - 24hs,6880.0,2025-05-09 14:10:49,1,2025-05-09 14:10:49.195,6850.0,3326,6840.0,679,6830.0,608,6820.0,102,6810.0,510,6880.0,4093,6890.0,3550,6900.0,21860,6910.0,100,6920.0,2219,2025-05-09 14:10:49.058,,575592400,83786,True,offer
551,78879,1610619488,MERV - XMEV - GGAL - 24hs,6880.0,2025-05-09 14:10:49,1,2025-05-09 14:10:49.654,6850.0,3326,6840.0,677,6830.0,608,6820.0,102,6810.0,514,6880.0,4092,6890.0,3550,6900.0,21860,6910.0,100,6920.0,2219,2025-05-09 14:10:49.558,,575592400,83786,False,nan
552,78977,1610619640,MERV - XMEV - GGAL - 24hs,6880.0,2025-05-09 14:10:49,1,2025-05-09 14:10:50.188,6850.0,3326,6840.0,677,6830.0,608,6820.0,102,6810.0,514,6880.0,4092,6890.0,3550,6900.0,21860,6910.0,100,6920.0,2219,2025-05-09 14:10:50.059,,575599280,83787,False,nan
553,79236,1610620025,MERV - XMEV - GGAL - 24hs,6880.0,2025-05-09 14:10:49,1,2025-05-09 14:10:51.676,6850.0,3326,6840.0,723,6830.0,608,6820.0,102,6810.0,514,6880.0,4092,6890.0,3550,6900.0,21860,6910.0,100,6920.0,2219,2025-05-09 14:10:51.593,,575599280,83787,False,nan
554,79962,1610621098,MERV - XMEV - GGAL - 24hs,6880.0,2025-05-09 14:10:49,1,2025-05-09 14:10:56.924,6850.0,3326,6840.0,723,6830.0,608,6820.0,102,6810.0,514,6880.0,6136,6890.0,8550,6900.0,16860,6910.0,100,6920.0,2219,2025-05-09 14:10:56.815,,575599280,83787,False,nan
555,80270,1610621541,MERV - XMEV - GGAL - 24hs,6880.0,2025-05-09 14:10:49,1,2025-05-09 14:10:59.440,6850.0,3326,6840.0,723,6830.0,608,6820.0,102,6810.0,304,6880.0,6136,6890.0,8550,6900.0,16860,6910.0,100,6920.0,2219,2025-05-09 14:10:59.329,,575599280,83787,False,nan
556,80405,1610621735,MERV - XMEV - GGAL - 24hs,6850.0,2025-05-09 14:11:00,90,2025-05-09 14:11:00.524,6850.0,3326,6840.0,723,6830.0,608,6820.0,102,6810.0,304,6880.0,6136,6890.0,8550,6900.0,16860,6910.0,100,6920.0,2219,2025-05-09 14:11:00.441,,575599280,83787,True,bid
557,80447,1610621794,MERV - XMEV - GGAL - 24hs,6850.0,2025-05-09 14:11:00,1010,2025-05-09 14:11:01.024,6850.0,3326,6840.0,723,6830.0,608,6820.0,102,6810.0,304,6880.0,6136,6890.0,8550,6900.0,16860,6910.0,100,6920.0,2219,2025-05-09 14:11:00.942,,575599280,83787,False,nan
558,80525,1610621909,MERV - XMEV - GGAL - 24hs,6850.0,2025-05-09 14:11:00,1010,2025-05-09 14:11:01.523,6850.0,2226,6840.0,723,6830.0,608,6820.0,102,6810.0,304,6880.0,11136,6890.0,18550,6900.0,1860,6910.0,100,6920.0,2219,2025-05-09 14:11:01.441,,583134280,84887,False,nan
559,80607,1610622032,MERV - XMEV - GGAL - 24hs,6850.0,2025-05-09 14:11:00,1010,2025-05-09 14:11:02.211,6850.0,2226,6840.0,723,6830.0,608,6820.0,102,6810.0,304,6880.0,11136,6890.0,20413,6900.0,1860,6910.0,100,6920.0,2219,2025-05-09 14:11:02.125,,583134280,84887,False,nan
560,81090,1610622827,MERV - XMEV - GGAL - 24hs,6870.0,2025-05-09 14:11:05,200,2025-05-09 14:11:05.572,6850.0,2226,6840.0,723,6830.0,608,6820.0,102,6810.0,304,6880.0,11136,6890.0,20413,6900.0,1860,6910.0,100,6920.0,2219,2025-05-09 14:11:05.395,,583134280,84887,True,offer
561,81217,1610623016,MERV - XMEV - GGAL - 24hs,6870.0,2025-05-09 14:11:05,200,2025-05-09 14:11:06.146,6850.0,2226,6840.0,723,6830.0,608,6820.0,102,6810.0,304,6870.0,5050,6880.0,15886,6890.0,10413,6900.0,1860,6910.0,100,2025-05-09 14:11:05.922,,583134280,84887,False,nan
562,81321,1610623184,MERV - XMEV - GGAL - 24hs,6870.0,2025-05-09 14:11:06,250,2025-05-09 14:11:06.668,6850.0,2226,6840.0,723,6830.0,608,6820.0,102,6810.0,304,6870.0,5050,6880.0,15886,6890.0,10413,6900.0,1860,6910.0,100,2025-05-09 14:11:06.422,,584508280,85087,True,offer
563,81435,1610623365,MERV - XMEV - GGAL - 24hs,6870.0,2025-05-09 14:11:06,250,2025-05-09 14:11:07.228,6850.0,2226,6840.0,723,6830.0,608,6820.0,102,6810.0,304,6880.0,15886,6890.0,10413,6900.0,1860,6910.0,100,6920.0,2219,2025-05-09 14:11:07.008,,584508280,85087,False,nan
564,81495,1610623459,MERV - XMEV - GGAL - 24hs,6870.0,2025-05-09 14:11:06,250,2025-05-09 14:11:07.598,6850.0,2226,6840.0,723,6830.0,608,6820.0,102,6810.0,304,6880.0,15886,6890.0,10413,6900.0,1860,6910.0,100,6920.0,2219,2025-05-09 14:11:07.507,,586569280,85387,False,nan
565,81551,1610623550,MERV - XMEV - GGAL - 24hs,6870.0,2025-05-09 14:11:07,100,2025-05-09 14:11:08.090,6850.0,2226,6840.0,723,6830.0,608,6820.0,102,6810.0,304,6880.0,15886,6890.0,10413,6900.0,1860,6910.0,100,6920.0,2219,2025-05-09 14:11:08.008,,586569280,85387,True,offer
566,81626,1610623659,MERV - XMEV - GGAL - 24hs,6870.0,2025-05-09 14:11:07,100,2025-05-09 14:11:08.671,6850.0,2226,6840.0,723,6830.0,608,6820.0,102,6810.0,304,6880.0,15886,6890.0,10413,6900.0,1860,6910.0,100,6920.0,2219,2025-05-09 14:11:08.585,,587256280,85487,False,nan
567,81788,1610623877,MERV - XMEV - GGAL - 24hs,6870.0,2025-05-09 14:11:09,700,2025-05-09 14:11:09.346,6850.0,2226,6840.0,723,6830.0,608,6820.0,102,6810.0,304,6880.0,15886,6890.0,10413,6900.0,1860,6910.0,100,6920.0,2219,2025-05-09 14:11:09.192,,587256280,85487,True,offer
568,81931,1610624089,MERV - XMEV - GGAL - 24hs,6870.0,2025-05-09 14:11:09,700,2025-05-09 14:11:10.159,6850.0,2226,6840.0,723,6830.0,608,6820.0,102,6810.0,304,6880.0,15886,6890.0,10413,6900.0,1860,6910.0,100,6920.0,2219,2025-05-09 14:11:09.930,,592065280,86187,False,nan
569,82057,1610624267,MERV - XMEV - GGAL - 24hs,6870.0,2025-05-09 14:11:09,700,2025-05-09 14:11:10.938,6850.0,2226,6840.0,723,6830.0,608,6820.0,102,6810.0,304,6870.0,5000,6880.0,20886,6890.0,5413,6900.0,1860,6910.0,100,2025-05-09 14:11:10.792,,592065280,86187,False,nan
570,82239,1610624540,MERV - XMEV - GGAL - 24hs,6870.0,2025-05-09 14:11:09,700,2025-05-09 14:11:12.366,6850.0,2226,6840.0,723,6830.0,608,6820.0,102,6810.0,309,6870.0,5000,6880.0,20886,6890.0,5413,6900.0,1860,6910.0,100,2025-05-09 14:11:12.226,,592065280,86187,False,nan
571,83106,1610625831,MERV - XMEV - GGAL - 24hs,6870.0,2025-05-09 14:11:09,700,2025-05-09 14:11:17.226,6850.0,2226,6840.0,923,6830.0,608,6820.0,102,6810.0,309,6870.0,5000,6880.0,20886,6890.0,5413,6900.0,1860,6910.0,100,2025-05-09 14:11:17.133,,592065280,86187,False,nan
572,83425,1610626281,MERV - XMEV - GGAL - 24hs,6870.0,2025-05-09 14:11:18,1,2025-05-09 14:11:19.708,6850.0,2226,6840.0,923,6830.0,608,6820.0,102,6810.0,309,6870.0,5000,6880.0,20886,6890.0,5413,6900.0,1860,6910.0,100,2025-05-09 14:11:19.618,,592065280,86187,True,offer
573,83504,1610626398,MERV - XMEV - GGAL - 24hs,6870.0,2025-05-09 14:11:18,1,2025-05-09 14:11:20.201,6850.0,2226,6840.0,923,6830.0,608,6820.0,102,6810.0,309,6870.0,4999,6880.0,20886,6890.0,5413,6900.0,1860,6910.0,100,2025-05-09 14:11:20.118,,592065280,86187,False,nan
574,83563,1610626491,MERV - XMEV - GGAL - 24hs,6870.0,2025-05-09 14:11:18,1,2025-05-09 14:11:20.701,6850.0,2226,6840.0,923,6830.0,608,6820.0,102,6810.0,309,6870.0,4999,6880.0,20886,6890.0,5413,6900.0,1860,6910.0,100,2025-05-09 14:11:20.618,,592072150,86188,False,nan
575,83627,1610626575,MERV - XMEV - GGAL - 24hs,6860.0,2025-05-09 14:11:20,1000,2025-05-09 14:11:21.203,6850.0,2221,6840.0,923,6830.0,608,6820.0,103,6810.0,309,6870.0,10997,6880.0,15886,6890.0,5413,6900.0,1860,6910.0,100,2025-05-09 14:11:21.121,,592085890,86190,True,nan
576,83673,1610626647,MERV - XMEV - GGAL - 24hs,6860.0,2025-05-09 14:11:20,1000,2025-05-09 14:11:21.700,6850.0,2221,6840.0,923,6830.0,608,6820.0,103,6810.0,309,6870.0,10997,6880.0,15886,6890.0,5413,6900.0,1860,6910.0,100,2025-05-09 14:11:21.618,,598945890,87190,False,nan
577,83777,1610626813,MERV - XMEV - GGAL - 24hs,6860.0,2025-05-09 14:11:20,1000,2025-05-09 14:11:23.127,6850.0,2297,6840.0,923,6830.0,608,6820.0,102,6810.0,309,6870.0,10997,6880.0,15886,6890.0,5413,6900.0,1860,6910.0,100,2025-05-09 14:11:23.045,,598945890,87190,False,nan
578,84404,1610627893,MERV - XMEV - GGAL - 24hs,6860.0,2025-05-09 14:11:24,400,2025-05-09 14:11:26.984,6850.0,2297,6840.0,923,6830.0,608,6820.0,102,6810.0,309,6870.0,10997,6880.0,15886,6890.0,5413,6900.0,1860,6910.0,100,2025-05-09 14:11:26.893,,598945890,87190,True,nan
579,84490,1610628006,MERV - XMEV - GGAL - 24hs,6860.0,2025-05-09 14:11:24,400,2025-05-09 14:11:27.486,6850.0,2221,6840.0,923,6830.0,608,6820.0,102,6810.0,316,6860.0,99,6870.0,10997,6880.0,15387,6890.0,5413,6900.0,1860,2025-05-09 14:11:27.392,,598945890,87190,False,nan
580,84576,1610628154,MERV - XMEV - GGAL - 24hs,6860.0,2025-05-09 14:11:24,400,2025-05-09 14:11:27.992,6850.0,2221,6840.0,923,6830.0,608,6820.0,102,6810.0,316,6860.0,99,6870.0,10997,6880.0,15387,6890.0,5413,6900.0,1860,2025-05-09 14:11:27.893,,601689890,87590,False,nan
581,84680,1610628356,MERV - XMEV - GGAL - 24hs,6860.0,2025-05-09 14:11:24,400,2025-05-09 14:11:28.646,6850.0,2293,6840.0,923,6830.0,608,6820.0,102,6810.0,316,6860.0,99,6870.0,10997,6880.0,15387,6890.0,5413,6900.0,1860,2025-05-09 14:11:28.393,,601689890,87590,False,nan
582,84825,1610628615,MERV - XMEV - GGAL - 24hs,6860.0,2025-05-09 14:11:24,400,2025-05-09 14:11:29.455,6850.0,2293,6840.0,923,6830.0,608,6820.0,102,6810.0,316,6860.0,99,6870.0,10997,6880.0,15387,6890.0,5653,6900.0,1860,2025-05-09 14:11:28.893,,601689890,87590,False,nan
583,85037,1610628925,MERV - XMEV - GGAL - 24hs,6860.0,2025-05-09 14:11:24,400,2025-05-09 14:11:30.435,6850.0,2323,6840.0,923,6830.0,608,6820.0,102,6810.0,316,6860.0,99,6870.0,10997,6880.0,15387,6890.0,5653,6900.0,1860,2025-05-09 14:11:30.351,,601689890,87590,False,nan
584,85126,1610629048,MERV - XMEV - GGAL - 24hs,6860.0,2025-05-09 14:11:24,400,2025-05-09 14:11:31.434,6850.0,2323,6840.0,923,6830.0,608,6820.0,102,6810.0,316,6860.0,99,6870.0,10997,6880.0,15387,6890.0,5801,6900.0,1860,2025-05-09 14:11:31.339,,601689890,87590,False,nan
585,85276,1610629303,MERV - XMEV - GGAL - 24hs,6860.0,2025-05-09 14:11:32,4,2025-05-09 14:11:32.790,6850.0,2323,6840.0,923,6830.0,608,6820.0,102,6810.0,316,6860.0,99,6870.0,10997,6880.0,15387,6890.0,5801,6900.0,1860,2025-05-09 14:11:32.701,,601689890,87590,True,offer
586,85335,1610629390,MERV - XMEV - GGAL - 24hs,6860.0,2025-05-09 14:11:32,4,2025-05-09 14:11:33.452,6850.0,2323,6840.0,923,6830.0,608,6820.0,102,6810.0,316,6860.0,95,6870.0,1000,6880.0,20387,6890.0,10801,6900.0,1860,2025-05-09 14:11:33.366,,601689890,87590,False,nan
587,85378,1610629444,MERV - XMEV - GGAL - 24hs,6860.0,2025-05-09 14:11:32,4,2025-05-09 14:11:33.950,6850.0,2323,6840.0,923,6830.0,608,6820.0,102,6810.0,316,6860.0,95,6870.0,1000,6880.0,20387,6890.0,10801,6900.0,1860,2025-05-09 14:11:33.866,,601717330,87594,False,nan
588,85429,1610629511,MERV - XMEV - GGAL - 24hs,6860.0,2025-05-09 14:11:32,4,2025-05-09 14:11:34.451,6850.0,2323,6840.0,923,6830.0,608,6820.0,102,6810.0,316,6860.0,95,6870.0,1000,6880.0,10387,6890.0,10801,6900.0,11860,2025-05-09 14:11:34.366,,601717330,87594,False,nan
589,85775,1610630008,MERV - XMEV - GGAL - 24hs,6860.0,2025-05-09 14:11:32,4,2025-05-09 14:11:37.171,6850.0,2323,6840.0,923,6830.0,608,6820.0,102,6810.0,316,6860.0,95,6870.0,1000,6880.0,10387,6890.0,10801,6900.0,11863,2025-05-09 14:11:37.088,,601717330,87594,False,nan
590,86024,1610630351,MERV - XMEV - GGAL - 24hs,6860.0,2025-05-09 14:11:32,4,2025-05-09 14:11:39.440,6850.0,2573,6840.0,923,6830.0,608,6820.0,102,6810.0,316,6860.0,95,6870.0,1000,6880.0,10387,6890.0,20801,6900.0,1863,2025-05-09 14:11:39.349,,601717330,87594,False,nan
591,86724,1610631445,MERV - XMEV - GGAL - 24hs,6860.0,2025-05-09 14:11:32,4,2025-05-09 14:11:43.351,6850.0,2573,6840.0,923,6830.0,608,6820.0,102,6810.0,316,6860.0,95,6880.0,10387,6890.0,20801,6900.0,1863,6910.0,100,2025-05-09 14:11:42.302,,601717330,87594,False,nan
592,86798,1610631560,MERV - XMEV - GGAL - 24hs,6860.0,2025-05-09 14:11:42,95,2025-05-09 14:11:43.715,6850.0,2573,6840.0,923,6830.0,608,6820.0,102,6810.0,316,6860.0,95,6880.0,10387,6890.0,20801,6900.0,1863,6910.0,100,2025-05-09 14:11:42.799,,601717330,87594,True,offer
593,86851,1610631647,MERV - XMEV - GGAL - 24hs,6860.0,2025-05-09 14:11:42,95,2025-05-09 14:11:43.979,6860.0,981,6850.0,2573,6840.0,923,6830.0,608,6820.0,102,6880.0,10387,6890.0,20801,6900.0,1863,6910.0,100,6920.0,2219,2025-05-09 14:11:43.364,,601717330,87594,False,nan
594,86899,1610631714,MERV - XMEV - GGAL - 24hs,6860.0,2025-05-09 14:11:42,95,2025-05-09 14:11:44.185,6860.0,981,6850.0,2573,6840.0,923,6830.0,608,6820.0,102,6880.0,10387,6890.0,20801,6900.0,1863,6910.0,100,6920.0,2219,2025-05-09 14:11:43.863,,602369030,87689,False,nan
595,87467,1610632607,MERV - XMEV - GGAL - 24hs,6860.0,2025-05-09 14:11:46,905,2025-05-09 14:11:47.656,6860.0,981,6850.0,2573,6840.0,923,6830.0,608,6820.0,102,6880.0,10387,6890.0,20801,6900.0,1863,6910.0,100,6920.0,2219,2025-05-09 14:11:47.037,,602369030,87689,True,bid
596,87540,1610632719,MERV - XMEV - GGAL - 24hs,6850.0,2025-05-09 14:11:46,75,2025-05-09 14:11:47.994,6860.0,981,6850.0,2573,6840.0,923,6830.0,608,6820.0,102,6880.0,10387,6890.0,20801,6900.0,1863,6910.0,100,6920.0,2219,2025-05-09 14:11:47.536,,602369030,87689,False,nan
597,87737,1610633004,MERV - XMEV - GGAL - 24hs,6860.0,2025-05-09 14:11:47,1000,2025-05-09 14:11:48.890,6850.0,2574,6840.0,923,6830.0,608,6820.0,102,6810.0,309,6870.0,15000,6880.0,10387,6890.0,5801,6900.0,1863,6910.0,100,2025-05-09 14:11:48.033,,609091080,88669,True,bid
598,87806,1610633121,MERV - XMEV - GGAL - 24hs,6860.0,2025-05-09 14:11:47,1000,2025-05-09 14:11:49.236,6850.0,2574,6840.0,923,6830.0,608,6820.0,102,6810.0,309,6870.0,15000,6880.0,10387,6890.0,5801,6900.0,1863,6910.0,100,2025-05-09 14:11:48.542,,615951080,89669,False,nan
599,87903,1610633258,MERV - XMEV - GGAL - 24hs,6860.0,2025-05-09 14:11:47,1000,2025-05-09 14:11:49.664,6850.0,2574,6840.0,923,6830.0,608,6820.0,102,6810.0,309,6870.0,20000,6880.0,5387,6890.0,5801,6900.0,1863,6910.0,100,2025-05-09 14:11:49.046,,615951080,89669,False,nan
600,88382,1610634009,MERV - XMEV - GGAL - 24hs,6870.0,2025-05-09 14:11:52,114,2025-05-09 14:11:53.062,6850.0,2574,6840.0,923,6830.0,608,6820.0,102,6810.0,309,6870.0,20000,6880.0,5387,6890.0,5801,6900.0,1863,6910.0,100,2025-05-09 14:11:52.968,,615951080,89669,True,offer
601,88449,1610634107,MERV - XMEV - GGAL - 24hs,6870.0,2025-05-09 14:11:52,114,2025-05-09 14:11:53.721,6850.0,2574,6840.0,923,6830.0,608,6820.0,102,6810.0,309,6870.0,15000,6880.0,5387,6890.0,5801,6900.0,1863,6910.0,100,2025-05-09 14:11:53.636,,615951080,89669,False,nan
602,88523,1610634204,MERV - XMEV - GGAL - 24hs,6870.0,2025-05-09 14:11:52,114,2025-05-09 14:11:54.244,6850.0,2574,6840.0,923,6830.0,608,6820.0,102,6810.0,309,6870.0,15000,6880.0,5387,6890.0,5801,6900.0,1863,6910.0,100,2025-05-09 14:11:54.138,,616734260,89783,False,nan
603,88577,1610634273,MERV - XMEV - GGAL - 24hs,6870.0,2025-05-09 14:11:52,114,2025-05-09 14:11:54.721,6850.0,2574,6840.0,923,6830.0,608,6820.0,102,6810.0,309,6870.0,23000,6880.0,5387,6890.0,5801,6900.0,1863,6910.0,101,2025-05-09 14:11:54.635,,616734260,89783,False,nan
604,88779,1610634545,MERV - XMEV - GGAL - 24hs,6870.0,2025-05-09 14:11:52,114,2025-05-09 14:11:56.344,6850.0,2574,6840.0,923,6830.0,608,6820.0,102,6810.0,311,6870.0,23000,6880.0,5387,6890.0,5801,6900.0,1863,6910.0,101,2025-05-09 14:11:56.257,,616734260,89783,False,nan
605,89120,1610635052,MERV - XMEV - GGAL - 24hs,6870.0,2025-05-09 14:11:52,114,2025-05-09 14:11:58.940,6850.0,2574,6840.0,923,6830.0,608,6820.0,102,6810.0,311,6870.0,23000,6880.0,5387,6890.0,5801,6900.0,2363,6910.0,101,2025-05-09 14:11:58.811,,616734260,89783,False,nan
606,89625,1610635831,MERV - XMEV - GGAL - 24hs,6860.0,2025-05-09 14:12:01,250,2025-05-09 14:12:01.944,6850.0,2574,6840.0,923,6830.0,608,6820.0,102,6810.0,311,6870.0,23000,6880.0,5387,6890.0,5801,6900.0,2363,6910.0,101,2025-05-09 14:12:01.860,,616734260,89783,True,nan
607,89676,1610635917,MERV - XMEV - GGAL - 24hs,6860.0,2025-05-09 14:12:01,250,2025-05-09 14:12:02.448,6850.0,2574,6840.0,923,6830.0,608,6820.0,102,6810.0,311,6870.0,18000,6880.0,5387,6890.0,5801,6900.0,2363,6910.0,101,2025-05-09 14:12:02.360,,616734260,89783,False,nan
608,89754,1610636058,MERV - XMEV - GGAL - 24hs,6860.0,2025-05-09 14:12:01,250,2025-05-09 14:12:02.956,6850.0,2574,6840.0,923,6830.0,608,6820.0,102,6810.0,311,6870.0,18000,6880.0,5387,6890.0,5801,6900.0,2363,6910.0,101,2025-05-09 14:12:02.861,,618449260,90033,False,nan
609,89854,1610636242,MERV - XMEV - GGAL - 24hs,6860.0,2025-05-09 14:12:01,250,2025-05-09 14:12:03.948,6850.0,2498,6840.0,923,6830.0,608,6820.0,102,6810.0,318,6860.0,5000,6870.0,18000,6880.0,5387,6890.0,5801,6900.0,2363,2025-05-09 14:12:03.832,,618449260,90033,False,nan
610,91169,1610638271,MERV - XMEV - GGAL - 24hs,6860.0,2025-05-09 14:12:13,1,2025-05-09 14:12:13.836,6850.0,2498,6840.0,923,6830.0,608,6820.0,102,6810.0,318,6860.0,5000,6870.0,18000,6880.0,5387,6890.0,5801,6900.0,2363,2025-05-09 14:12:13.754,,618449260,90033,True,offer
611,91246,1610638385,MERV - XMEV - GGAL - 24hs,6860.0,2025-05-09 14:12:13,1,2025-05-09 14:12:14.544,6850.0,2498,6840.0,923,6830.0,608,6820.0,102,6810.0,318,6860.0,5000,6870.0,18000,6880.0,5387,6890.0,5801,6900.0,2363,2025-05-09 14:12:14.440,,618456120,90034,False,nan
612,91333,1610638530,MERV - XMEV - GGAL - 24hs,6860.0,2025-05-09 14:12:13,1,2025-05-09 14:12:15.060,6850.0,2498,6840.0,923,6830.0,608,6820.0,102,6810.0,318,6860.0,4999,6870.0,18000,6880.0,5387,6890.0,5801,6900.0,2363,2025-05-09 14:12:14.940,,618456120,90034,False,nan
613,91495,1610638778,MERV - XMEV - GGAL - 24hs,6860.0,2025-05-09 14:12:13,1,2025-05-09 14:12:16.258,6850.0,2574,6840.0,923,6830.0,608,6820.0,102,6810.0,311,6870.0,3000,6880.0,15387,6890.0,15801,6900.0,2363,6910.0,101,2025-05-09 14:12:16.173,,618456120,90034,False,nan
614,92194,1610639822,MERV - XMEV - GGAL - 24hs,6870.0,2025-05-09 14:12:20,142,2025-05-09 14:12:20.732,6850.0,2574,6840.0,923,6830.0,608,6820.0,102,6810.0,311,6870.0,3000,6880.0,15387,6890.0,15801,6900.0,2363,6910.0,101,2025-05-09 14:12:20.586,,618456120,90034,True,offer
615,92311,1610639982,MERV - XMEV - GGAL - 24hs,6870.0,2025-05-09 14:12:20,142,2025-05-09 14:12:21.316,6850.0,2574,6840.0,923,6830.0,608,6820.0,102,6810.0,311,6870.0,2858,6880.0,15387,6890.0,15801,6900.0,2363,6910.0,101,2025-05-09 14:12:21.233,,618456120,90034,False,nan
616,92365,1610640062,MERV - XMEV - GGAL - 24hs,6870.0,2025-05-09 14:12:20,142,2025-05-09 14:12:21.827,6850.0,2574,6840.0,923,6830.0,608,6820.0,102,6810.0,311,6870.0,2858,6880.0,15387,6890.0,15801,6900.0,2363,6910.0,101,2025-05-09 14:12:21.733,,619431660,90176,False,nan
617,92770,1610640665,MERV - XMEV - GGAL - 24hs,6870.0,2025-05-09 14:12:25,3,2025-05-09 14:12:25.886,6850.0,2574,6840.0,923,6830.0,608,6820.0,102,6810.0,311,6870.0,2858,6880.0,15387,6890.0,15801,6900.0,2363,6910.0,101,2025-05-09 14:12:25.803,,619431660,90176,True,offer
618,92880,1610640830,MERV - XMEV - GGAL - 24hs,6870.0,2025-05-09 14:12:25,3,2025-05-09 14:12:26.618,6850.0,2574,6840.0,923,6830.0,608,6820.0,102,6810.0,311,6870.0,2855,6880.0,15387,6890.0,15801,6900.0,5363,6910.0,101,2025-05-09 14:12:26.485,,619431660,90176,False,nan
619,92943,1610640918,MERV - XMEV - GGAL - 24hs,6870.0,2025-05-09 14:12:25,3,2025-05-09 14:12:27.055,6850.0,2574,6840.0,923,6830.0,608,6820.0,102,6810.0,311,6870.0,2855,6880.0,15387,6890.0,15801,6900.0,5363,6910.0,101,2025-05-09 14:12:26.972,,619452270,90179,False,nan
620,93104,1610641162,MERV - XMEV - GGAL - 24hs,6870.0,2025-05-09 14:12:25,3,2025-05-09 14:12:28.643,6850.0,2763,6840.0,923,6830.0,608,6820.0,102,6810.0,311,6870.0,2855,6880.0,15387,6890.0,15801,6900.0,5363,6910.0,101,2025-05-09 14:12:28.558,,619452270,90179,False,nan
621,93263,1610641429,MERV - XMEV - GGAL - 24hs,6870.0,2025-05-09 14:12:25,3,2025-05-09 14:12:30.569,6860.0,781,6850.0,2687,6840.0,923,6830.0,608,6820.0,109,6870.0,2855,6880.0,15387,6890.0,15801,6900.0,5363,6910.0,101,2025-05-09 14:12:30.484,,619452270,90179,False,nan
622,93566,1610641907,MERV - XMEV - GGAL - 24hs,6860.0,2025-05-09 14:12:33,3,2025-05-09 14:12:33.759,6860.0,781,6850.0,2687,6840.0,923,6830.0,608,6820.0,109,6870.0,2855,6880.0,15387,6890.0,15801,6900.0,5363,6910.0,101,2025-05-09 14:12:33.671,,619452270,90179,True,bid
623,93625,1610641983,MERV - XMEV - GGAL - 24hs,6860.0,2025-05-09 14:12:33,778,2025-05-09 14:12:34.267,6860.0,781,6850.0,2687,6840.0,923,6830.0,608,6820.0,109,6870.0,2855,6880.0,15387,6890.0,15801,6900.0,5363,6910.0,101,2025-05-09 14:12:34.172,,619452270,90179,False,nan
624,93708,1610642108,MERV - XMEV - GGAL - 24hs,6860.0,2025-05-09 14:12:33,778,2025-05-09 14:12:34.758,6850.0,2687,6840.0,923,6830.0,608,6820.0,109,6810.0,311,6860.0,1,6870.0,2855,6880.0,15387,6890.0,15801,6900.0,5363,2025-05-09 14:12:34.673,,624809930,90960,False,nan
625,94056,1610642792,MERV - XMEV - GGAL - 24hs,6860.0,2025-05-09 14:12:33,778,2025-05-09 14:12:38.638,6850.0,2687,6840.0,923,6830.0,608,6820.0,109,6810.0,311,6860.0,1,6870.0,2855,6880.0,10387,6890.0,20801,6900.0,5363,2025-05-09 14:12:38.548,,624809930,90960,False,nan
626,95283,1610644647,MERV - XMEV - GGAL - 24hs,6860.0,2025-05-09 14:12:33,778,2025-05-09 14:12:45.801,6850.0,2687,6840.0,923,6830.0,608,6820.0,109,6810.0,311,6860.0,1,6870.0,2855,6880.0,5387,6890.0,25801,6900.0,5363,2025-05-09 14:12:45.710,,624809930,90960,False,nan
627,95468,1610644920,MERV - XMEV - GGAL - 24hs,6860.0,2025-05-09 14:12:46,1,2025-05-09 14:12:47.116,6850.0,2687,6840.0,923,6830.0,608,6820.0,109,6810.0,311,6860.0,1,6870.0,2855,6880.0,5387,6890.0,25801,6900.0,5363,2025-05-09 14:12:47.005,,624809930,90960,True,offer
628,95524,1610644994,MERV - XMEV - GGAL - 24hs,6850.0,2025-05-09 14:12:46,53,2025-05-09 14:12:47.594,6850.0,795,6840.0,923,6830.0,608,6820.0,102,6810.0,311,6870.0,2855,6880.0,15387,6890.0,20801,6900.0,5363,6910.0,101,2025-05-09 14:12:47.508,,624816790,90961,False,nan
629,95574,1610645065,MERV - XMEV - GGAL - 24hs,6850.0,2025-05-09 14:12:47,76,2025-05-09 14:12:48.092,6850.0,795,6840.0,923,6830.0,608,6820.0,102,6810.0,311,6870.0,2855,6880.0,15387,6890.0,20801,6900.0,5363,6910.0,101,2025-05-09 14:12:48.008,,643236790,93649,True,bid
630,95684,1610645234,MERV - XMEV - GGAL - 24hs,6850.0,2025-05-09 14:12:47,76,2025-05-09 14:12:48.831,6840.0,923,6830.0,608,6820.0,102,6810.0,311,6800.0,782,6850.0,1,6870.0,2855,6880.0,15387,6890.0,15801,6900.0,5370,2025-05-09 14:12:48.669,,643236790,93649,False,nan
631,95731,1610645309,MERV - XMEV - GGAL - 24hs,6850.0,2025-05-09 14:12:47,76,2025-05-09 14:12:49.260,6840.0,923,6830.0,608,6820.0,102,6810.0,311,6800.0,782,6850.0,1,6870.0,2855,6880.0,15387,6890.0,15801,6900.0,5370,2025-05-09 14:12:49.169,,648682540,94444,False,nan
632,96008,1610645710,MERV - XMEV - GGAL - 24hs,6850.0,2025-05-09 14:12:47,76,2025-05-09 14:12:51.034,6840.0,923,6830.0,608,6820.0,102,6810.0,311,6800.0,782,6870.0,2931,6880.0,25387,6890.0,8801,6900.0,5363,6910.0,101,2025-05-09 14:12:50.904,,648682540,94444,False,nan
633,96136,1610645912,MERV - XMEV - GGAL - 24hs,6840.0,2025-05-09 14:12:50,78,2025-05-09 14:12:51.881,6840.0,923,6830.0,608,6820.0,102,6810.0,311,6800.0,782,6870.0,2931,6880.0,25387,6890.0,8801,6900.0,5363,6910.0,101,2025-05-09 14:12:51.457,,648682540,94444,True,bid
634,96227,1610646064,MERV - XMEV - GGAL - 24hs,6840.0,2025-05-09 14:12:50,66,2025-05-09 14:12:52.360,6840.0,779,6830.0,608,6820.0,102,6810.0,311,6800.0,782,6870.0,2931,6880.0,20387,6890.0,15801,6900.0,5363,6910.0,101,2025-05-09 14:12:51.944,,649667500,94588,False,nan
635,96385,1610646288,MERV - XMEV - GGAL - 24hs,6840.0,2025-05-09 14:12:53,1,2025-05-09 14:12:53.228,6840.0,779,6830.0,608,6820.0,102,6810.0,311,6800.0,782,6870.0,2931,6880.0,20387,6890.0,15801,6900.0,5363,6910.0,101,2025-05-09 14:12:53.144,,649667500,94588,True,bid
636,96514,1610646467,MERV - XMEV - GGAL - 24hs,6840.0,2025-05-09 14:12:53,1,2025-05-09 14:12:53.903,6840.0,778,6830.0,608,6820.0,102,6810.0,311,6800.0,782,6870.0,2931,6880.0,15387,6890.0,20801,6900.0,5363,6910.0,101,2025-05-09 14:12:53.811,,649667500,94588,False,nan
637,96598,1610646625,MERV - XMEV - GGAL - 24hs,6840.0,2025-05-09 14:12:53,1,2025-05-09 14:12:54.483,6840.0,778,6830.0,608,6820.0,102,6810.0,311,6800.0,782,6870.0,2931,6880.0,15387,6890.0,20801,6900.0,5363,6910.0,101,2025-05-09 14:12:54.311,,649674340,94589,False,nan
638,96770,1610646887,MERV - XMEV - GGAL - 24hs,6840.0,2025-05-09 14:12:54,9,2025-05-09 14:12:55.320,6840.0,778,6830.0,608,6820.0,102,6810.0,311,6800.0,782,6870.0,2931,6880.0,15387,6890.0,20801,6900.0,5363,6910.0,101,2025-05-09 14:12:55.151,,649674340,94589,True,bid
639,96960,1610647176,MERV - XMEV - GGAL - 24hs,6840.0,2025-05-09 14:12:54,9,2025-05-09 14:12:56.182,6840.0,769,6830.0,608,6820.0,102,6810.0,311,6800.0,782,6870.0,2931,6880.0,15387,6890.0,20801,6900.0,5363,6910.0,101,2025-05-09 14:12:55.870,,649674340,94589,False,nan
640,97092,1610647379,MERV - XMEV - GGAL - 24hs,6840.0,2025-05-09 14:12:54,9,2025-05-09 14:12:56.779,6840.0,769,6830.0,608,6820.0,102,6810.0,311,6800.0,782,6870.0,2931,6880.0,15387,6890.0,20801,6900.0,5363,6910.0,101,2025-05-09 14:12:56.370,,649735900,94598,False,nan
641,97232,1610647596,MERV - XMEV - GGAL - 24hs,6840.0,2025-05-09 14:12:54,9,2025-05-09 14:12:57.638,6840.0,769,6830.0,608,6820.0,102,6810.0,311,6800.0,782,6870.0,2931,6880.0,15437,6890.0,20801,6900.0,5363,6910.0,101,2025-05-09 14:12:57.552,,649735900,94598,False,nan
642,97286,1610647678,MERV - XMEV - GGAL - 24hs,6840.0,2025-05-09 14:12:57,23,2025-05-09 14:12:58.142,6840.0,769,6830.0,608,6820.0,102,6810.0,311,6800.0,782,6870.0,2931,6880.0,15437,6890.0,20801,6900.0,5363,6910.0,101,2025-05-09 14:12:58.053,,649735900,94598,True,bid
643,97381,1610647801,MERV - XMEV - GGAL - 24hs,6840.0,2025-05-09 14:12:57,23,2025-05-09 14:12:58.806,6840.0,746,6830.0,608,6820.0,102,6810.0,311,6800.0,782,6870.0,2931,6880.0,15437,6890.0,20801,6900.0,5363,6910.0,101,2025-05-09 14:12:58.681,,649735900,94598,False,nan
644,97439,1610647877,MERV - XMEV - GGAL - 24hs,6840.0,2025-05-09 14:12:57,23,2025-05-09 14:12:59.271,6840.0,746,6830.0,608,6820.0,102,6810.0,311,6800.0,782,6870.0,2931,6880.0,15437,6890.0,20801,6900.0,5363,6910.0,101,2025-05-09 14:12:59.181,,649893220,94621,False,nan
645,97687,1610648272,MERV - XMEV - GGAL - 24hs,6840.0,2025-05-09 14:12:57,23,2025-05-09 14:13:01.286,6840.0,746,6830.0,608,6820.0,102,6810.0,311,6800.0,782,6870.0,2931,6880.0,20437,6890.0,15801,6900.0,5363,6910.0,101,2025-05-09 14:13:01.098,,649893220,94621,False,nan
646,97840,1610648481,MERV - XMEV - GGAL - 24hs,6870.0,2025-05-09 14:13:02,1500,2025-05-09 14:13:02.450,6840.0,746,6830.0,608,6820.0,102,6810.0,311,6800.0,782,6870.0,2931,6880.0,20437,6890.0,15801,6900.0,5363,6910.0,101,2025-05-09 14:13:02.368,,649893220,94621,True,offer
647,97912,1610648606,MERV - XMEV - GGAL - 24hs,6870.0,2025-05-09 14:13:02,1500,2025-05-09 14:13:03.114,6840.0,746,6830.0,608,6820.0,102,6810.0,311,6800.0,782,6870.0,1431,6880.0,20437,6890.0,15801,6900.0,5363,6910.0,101,2025-05-09 14:13:03.029,,649893220,94621,False,nan
648,97956,1610648688,MERV - XMEV - GGAL - 24hs,6840.0,2025-05-09 14:13:03,41,2025-05-09 14:13:03.612,6840.0,746,6830.0,608,6820.0,102,6810.0,311,6800.0,782,6870.0,1431,6880.0,20437,6890.0,15801,6900.0,5363,6910.0,101,2025-05-09 14:13:03.530,,666668860,97067,True,bid
649,98030,1610648798,MERV - XMEV - GGAL - 24hs,6840.0,2025-05-09 14:13:03,41,2025-05-09 14:13:04.119,6840.0,159,6830.0,608,6820.0,102,6810.0,311,6800.0,782,6870.0,1355,6880.0,21437,6890.0,10851,6900.0,5370,6910.0,101,2025-05-09 14:13:04.036,,666668860,97067,False,nan
650,98146,1610648995,MERV - XMEV - GGAL - 24hs,6840.0,2025-05-09 14:13:03,41,2025-05-09 14:13:04.742,6840.0,159,6830.0,608,6820.0,102,6810.0,311,6800.0,782,6870.0,1355,6880.0,21437,6890.0,10851,6900.0,5370,6910.0,101,2025-05-09 14:13:04.536,,666949300,97108,False,nan
651,98208,1610649090,MERV - XMEV - GGAL - 24hs,6840.0,2025-05-09 14:13:04,1,2025-05-09 14:13:05.144,6840.0,1,6830.0,608,6820.0,102,6810.0,311,6800.0,782,6870.0,1431,6880.0,21437,6890.0,10851,6900.0,5363,6910.0,101,2025-05-09 14:13:05.036,,669740020,97516,True,bid
652,98325,1610649298,MERV - XMEV - GGAL - 24hs,6840.0,2025-05-09 14:13:04,1,2025-05-09 14:13:05.763,6840.0,1,6830.0,608,6820.0,102,6810.0,311,6800.0,782,6870.0,1431,6880.0,21437,6890.0,10851,6900.0,5363,6910.0,101,2025-05-09 14:13:05.537,,669746860,97517,False,nan
653,98380,1610649391,MERV - XMEV - GGAL - 24hs,6840.0,2025-05-09 14:13:04,1,2025-05-09 14:13:06.121,6830.0,608,6820.0,102,6810.0,311,6800.0,782,6790.0,150,6840.0,74,6870.0,1355,6880.0,21437,6890.0,10851,6900.0,5370,2025-05-09 14:13:06.036,,669746860,97517,False,nan
654,98587,1610649712,MERV - XMEV - GGAL - 24hs,6840.0,2025-05-09 14:13:04,1,2025-05-09 14:13:07.875,6830.0,608,6820.0,102,6810.0,311,6800.0,782,6790.0,150,6860.0,76,6870.0,1355,6880.0,20437,6890.0,12851,6900.0,5363,2025-05-09 14:13:07.790,,669746860,97517,False,nan
655,98695,1610649868,MERV - XMEV - GGAL - 24hs,6860.0,2025-05-09 14:13:08,1,2025-05-09 14:13:08.508,6830.0,608,6820.0,102,6810.0,311,6800.0,782,6790.0,150,6860.0,76,6870.0,1355,6880.0,20437,6890.0,12851,6900.0,5363,2025-05-09 14:13:08.403,,669746860,97517,True,offer
656,98808,1610650058,MERV - XMEV - GGAL - 24hs,6840.0,2025-05-09 14:13:09,1,2025-05-09 14:13:09.270,6830.0,608,6820.0,102,6810.0,311,6800.0,782,6790.0,150,6860.0,76,6870.0,1355,6880.0,20437,6890.0,12851,6900.0,5363,2025-05-09 14:13:09.065,,669753720,97518,True,bid
657,98848,1610650126,MERV - XMEV - GGAL - 24hs,6840.0,2025-05-09 14:13:09,1,2025-05-09 14:13:09.646,6830.0,608,6820.0,102,6810.0,311,6800.0,782,6790.0,150,6860.0,75,6870.0,1355,6880.0,20437,6890.0,10851,6900.0,5363,2025-05-09 14:13:09.564,,669753720,97518,False,nan
658,98960,1610650303,MERV - XMEV - GGAL - 24hs,6840.0,2025-05-09 14:13:09,1,2025-05-09 14:13:10.300,6830.0,608,6820.0,102,6810.0,311,6800.0,782,6790.0,150,6860.0,75,6870.0,1355,6880.0,20437,6890.0,11851,6900.0,5363,2025-05-09 14:13:10.064,,669760560,97519,False,nan
659,99132,1610650578,MERV - XMEV - GGAL - 24hs,6840.0,2025-05-09 14:13:09,1,2025-05-09 14:13:11.519,6830.0,608,6820.0,102,6810.0,311,6800.0,782,6790.0,150,6860.0,75,6870.0,6355,6880.0,15437,6890.0,11851,6900.0,5363,2025-05-09 14:13:11.342,,669760560,97519,False,nan
660,99309,1610650825,MERV - XMEV - GGAL - 24hs,6860.0,2025-05-09 14:13:12,26,2025-05-09 14:13:13.127,6830.0,608,6820.0,102,6810.0,311,6800.0,782,6790.0,150,6860.0,75,6870.0,6355,6880.0,15437,6890.0,11851,6900.0,5363,2025-05-09 14:13:13.041,,669760560,97519,True,offer
661,99358,1610650900,MERV - XMEV - GGAL - 24hs,6840.0,2025-05-09 14:13:13,26,2025-05-09 14:13:13.625,6830.0,608,6820.0,102,6810.0,311,6800.0,782,6790.0,150,6860.0,75,6870.0,6355,6880.0,15437,6890.0,11851,6900.0,5363,2025-05-09 14:13:13.541,,669938920,97545,True,bid
662,99419,1610650991,MERV - XMEV - GGAL - 24hs,6840.0,2025-05-09 14:13:13,26,2025-05-09 14:13:14.124,6830.0,608,6820.0,102,6810.0,311,6800.0,782,6790.0,150,6840.0,1,6870.0,6355,6880.0,15437,6890.0,10855,6900.0,5363,2025-05-09 14:13:14.041,,670116760,97571,False,nan
663,99731,1610651476,MERV - XMEV - GGAL - 24hs,6840.0,2025-05-09 14:13:13,26,2025-05-09 14:13:15.945,6830.0,608,6820.0,102,6810.0,311,6800.0,782,6790.0,150,6840.0,1,6860.0,250,6870.0,6355,6880.0,15437,6890.0,10855,2025-05-09 14:13:15.862,,670116760,97571,False,nan
664,99853,1610651644,MERV - XMEV - GGAL - 24hs,6840.0,2025-05-09 14:13:16,1,2025-05-09 14:13:16.964,6830.0,608,6820.0,102,6810.0,311,6800.0,782,6790.0,150,6840.0,1,6860.0,250,6870.0,6355,6880.0,15437,6890.0,10855,2025-05-09 14:13:16.875,,670116760,97571,True,offer
665,99924,1610651736,MERV - XMEV - GGAL - 24hs,6840.0,2025-05-09 14:13:16,1,2025-05-09 14:13:17.629,6830.0,608,6820.0,102,6810.0,311,6800.0,782,6790.0,150,6860.0,326,6870.0,6355,6880.0,15437,6890.0,12851,6900.0,5363,2025-05-09 14:13:17.546,,670116760,97571,False,nan
666,100035,1610651921,MERV - XMEV - GGAL - 24hs,6840.0,2025-05-09 14:13:16,1,2025-05-09 14:13:18.203,6830.0,608,6820.0,102,6810.0,311,6800.0,782,6790.0,150,6860.0,326,6870.0,6355,6880.0,15437,6890.0,12851,6900.0,5363,2025-05-09 14:13:18.046,,670123600,97572,False,nan
667,100138,1610652071,MERV - XMEV - GGAL - 24hs,6840.0,2025-05-09 14:13:16,1,2025-05-09 14:13:19.112,6830.0,608,6820.0,102,6810.0,311,6800.0,782,6790.0,150,6860.0,5326,6870.0,1355,6880.0,15437,6890.0,12851,6900.0,5363,2025-05-09 14:13:19.029,,670123600,97572,False,nan
668,100188,1610652139,MERV - XMEV - GGAL - 24hs,6830.0,2025-05-09 14:13:19,29,2025-05-09 14:13:19.620,6830.0,608,6820.0,102,6810.0,311,6800.0,782,6790.0,150,6860.0,5326,6870.0,1355,6880.0,15437,6890.0,12851,6900.0,5363,2025-05-09 14:13:19.529,,670123600,97572,True,bid
669,100291,1610652291,MERV - XMEV - GGAL - 24hs,6830.0,2025-05-09 14:13:19,25,2025-05-09 14:13:20.132,6830.0,571,6820.0,102,6810.0,311,6800.0,882,6790.0,150,6860.0,5326,6870.0,1355,6880.0,15437,6890.0,12851,6900.0,5363,2025-05-09 14:13:20.032,,670376310,97609,False,nan
670,100366,1610652404,MERV - XMEV - GGAL - 24hs,6830.0,2025-05-09 14:13:20,90,2025-05-09 14:13:20.616,6830.0,571,6820.0,102,6810.0,311,6800.0,882,6790.0,150,6860.0,5326,6870.0,1355,6880.0,15437,6890.0,12851,6900.0,5363,2025-05-09 14:13:20.531,,670560780,97636,True,bid
671,100458,1610652545,MERV - XMEV - GGAL - 24hs,6830.0,2025-05-09 14:13:20,90,2025-05-09 14:13:21.170,6830.0,410,6820.0,102,6810.0,311,6800.0,882,6790.0,150,6860.0,5324,6870.0,1355,6880.0,15437,6890.0,12851,6900.0,5363,2025-05-09 14:13:21.031,,671489660,97772,False,nan
672,100590,1610652743,MERV - XMEV - GGAL - 24hs,6860.0,2025-05-09 14:13:22,10,2025-05-09 14:13:22.341,6830.0,410,6820.0,102,6810.0,311,6800.0,882,6790.0,150,6860.0,5324,6870.0,1355,6880.0,15437,6890.0,12851,6900.0,5363,2025-05-09 14:13:22.259,,671489660,97772,True,offer
673,100652,1610652824,MERV - XMEV - GGAL - 24hs,6860.0,2025-05-09 14:13:22,10,2025-05-09 14:13:23.010,6830.0,410,6820.0,102,6810.0,311,6800.0,882,6790.0,150,6860.0,5314,6870.0,1355,6880.0,15437,6890.0,12851,6900.0,5363,2025-05-09 14:13:22.923,,671489660,97772,False,nan
674,100709,1610652900,MERV - XMEV - GGAL - 24hs,6860.0,2025-05-09 14:13:22,10,2025-05-09 14:13:23.505,6830.0,410,6820.0,102,6810.0,311,6800.0,882,6790.0,150,6860.0,5314,6870.0,1355,6880.0,15437,6890.0,12851,6900.0,5363,2025-05-09 14:13:23.423,,671558260,97782,False,nan
675,100862,1610653122,MERV - XMEV - GGAL - 24hs,6860.0,2025-05-09 14:13:24,200,2025-05-09 14:13:24.754,6830.0,410,6820.0,102,6810.0,311,6800.0,882,6790.0,150,6860.0,5314,6870.0,1355,6880.0,15437,6890.0,12851,6900.0,5363,2025-05-09 14:13:24.652,,671558260,97782,True,offer
676,100929,1610653221,MERV - XMEV - GGAL - 24hs,6860.0,2025-05-09 14:13:24,200,2025-05-09 14:13:25.238,6830.0,410,6820.0,102,6810.0,311,6800.0,882,6790.0,150,6860.0,5114,6870.0,1355,6880.0,15437,6890.0,12851,6900.0,5363,2025-05-09 14:13:25.151,,671558260,97782,False,nan
677,100999,1610653323,MERV - XMEV - GGAL - 24hs,6860.0,2025-05-09 14:13:24,200,2025-05-09 14:13:25.734,6830.0,410,6820.0,102,6810.0,311,6800.0,882,6790.0,150,6860.0,5114,6870.0,1355,6880.0,15437,6890.0,12851,6900.0,5363,2025-05-09 14:13:25.651,,672930260,97982,False,nan
678,101753,1610654428,MERV - XMEV - GGAL - 24hs,6860.0,2025-05-09 14:13:24,200,2025-05-09 14:13:32.451,6830.0,410,6820.0,102,6810.0,311,6800.0,882,6790.0,150,6860.0,114,6870.0,6855,6880.0,15437,6890.0,12851,6900.0,5363,2025-05-09 14:13:32.360,,672930260,97982,False,nan
679,102300,1610655253,MERV - XMEV - GGAL - 24hs,6860.0,2025-05-09 14:13:36,4,2025-05-09 14:13:36.981,6830.0,410,6820.0,102,6810.0,311,6800.0,882,6790.0,150,6860.0,114,6870.0,6855,6880.0,15437,6890.0,12851,6900.0,5363,2025-05-09 14:13:36.898,,672930260,97982,True,offer
680,102374,1610655357,MERV - XMEV - GGAL - 24hs,6860.0,2025-05-09 14:13:36,4,2025-05-09 14:13:37.651,6830.0,410,6820.0,102,6810.0,311,6800.0,882,6790.0,150,6860.0,110,6870.0,6855,6880.0,15437,6890.0,12851,6900.0,5363,2025-05-09 14:13:37.568,,672930260,97982,False,nan
681,102433,1610655440,MERV - XMEV - GGAL - 24hs,6860.0,2025-05-09 14:13:36,4,2025-05-09 14:13:38.151,6830.0,410,6820.0,102,6810.0,311,6800.0,882,6790.0,150,6860.0,110,6870.0,6855,6880.0,15437,6890.0,12851,6900.0,5363,2025-05-09 14:13:38.068,,672957700,97986,False,nan
682,102635,1610655779,MERV - XMEV - GGAL - 24hs,6860.0,2025-05-09 14:13:36,4,2025-05-09 14:13:39.933,6830.0,410,6820.0,102,6810.0,311,6800.0,882,6790.0,150,6860.0,110,6870.0,6855,6880.0,15637,6890.0,12851,6900.0,5163,2025-05-09 14:13:39.844,,672957700,97986,False,nan
683,102703,1610655880,MERV - XMEV - GGAL - 24hs,6860.0,2025-05-09 14:13:36,4,2025-05-09 14:13:40.692,6830.0,1410,6820.0,102,6810.0,311,6800.0,882,6790.0,150,6860.0,110,6870.0,6855,6880.0,15637,6890.0,12851,6900.0,5163,2025-05-09 14:13:40.605,,672957700,97986,False,nan
684,102814,1610656054,MERV - XMEV - GGAL - 24hs,6860.0,2025-05-09 14:13:36,4,2025-05-09 14:13:41.619,6830.0,1410,6820.0,102,6810.0,311,6800.0,882,6790.0,150,6860.0,110,6870.0,6855,6880.0,5637,6890.0,22851,6900.0,5163,2025-05-09 14:13:41.509,,672957700,97986,False,nan
685,103138,1610656523,MERV - XMEV - GGAL - 24hs,6860.0,2025-05-09 14:13:36,4,2025-05-09 14:13:43.811,6830.0,1710,6820.0,102,6810.0,311,6800.0,882,6790.0,150,6860.0,110,6870.0,6855,6880.0,5637,6890.0,22851,6900.0,5163,2025-05-09 14:13:43.715,,672957700,97986,False,nan
686,103264,1610656718,MERV - XMEV - GGAL - 24hs,6860.0,2025-05-09 14:13:36,4,2025-05-09 14:13:45.301,6830.0,1960,6820.0,102,6810.0,311,6800.0,882,6790.0,150,6860.0,5110,6870.0,1855,6880.0,5637,6890.0,22851,6900.0,5163,2025-05-09 14:13:45.215,,672957700,97986,False,nan
687,103485,1610657079,MERV - XMEV - GGAL - 24hs,6860.0,2025-05-09 14:13:36,4,2025-05-09 14:13:47.127,6830.0,1960,6820.0,102,6810.0,311,6800.0,882,6790.0,150,6860.0,5110,6870.0,1855,6880.0,5637,6890.0,29851,6900.0,5163,2025-05-09 14:13:47.045,,672957700,97986,False,nan
688,104070,1610657895,MERV - XMEV - GGAL - 24hs,6860.0,2025-05-09 14:13:36,4,2025-05-09 14:13:51.981,6830.0,1960,6820.0,102,6810.0,311,6800.0,882,6790.0,150,6860.0,5110,6870.0,1890,6880.0,5637,6890.0,30851,6900.0,5163,2025-05-09 14:13:51.898,,672957700,97986,False,nan
689,104270,1610658218,MERV - XMEV - GGAL - 24hs,6830.0,2025-05-09 14:13:53,410,2025-05-09 14:13:53.443,6830.0,1960,6820.0,102,6810.0,311,6800.0,882,6790.0,150,6860.0,5110,6870.0,1890,6880.0,5637,6890.0,30851,6900.0,5163,2025-05-09 14:13:53.186,,672957700,97986,True,bid
690,104319,1610658292,MERV - XMEV - GGAL - 24hs,6850.0,2025-05-09 14:13:53,400,2025-05-09 14:13:53.774,6830.0,1960,6820.0,102,6810.0,311,6800.0,882,6790.0,150,6860.0,5110,6870.0,1890,6880.0,5637,6890.0,30851,6900.0,5163,2025-05-09 14:13:53.686,,686344500,99946,False,nan
691,104415,1610658465,MERV - XMEV - GGAL - 24hs,6850.0,2025-05-09 14:13:53,400,2025-05-09 14:13:54.303,6820.0,102,6810.0,311,6800.0,882,6790.0,150,6750.0,5072,6850.0,76,6860.0,34,6870.0,22890,6880.0,5637,6890.0,7851,2025-05-09 14:13:54.186,,689084500,100346,False,nan
692,104466,1610658549,MERV - XMEV - GGAL - 24hs,6850.0,2025-05-09 14:13:53,400,2025-05-09 14:13:54.769,6820.0,102,6810.0,311,6800.0,882,6790.0,150,6750.0,5072,6850.0,76,6860.0,34,6870.0,24890,6880.0,5637,6890.0,7851,2025-05-09 14:13:54.686,,689084500,100346,False,nan
693,104540,1610658648,MERV - XMEV - GGAL - 24hs,6850.0,2025-05-09 14:13:53,400,2025-05-09 14:13:55.452,6820.0,102,6810.0,311,6800.0,882,6790.0,150,6750.0,5072,6850.0,76,6860.0,34,6870.0,23890,6880.0,5637,6890.0,7851,2025-05-09 14:13:55.368,,689084500,100346,False,nan
694,104677,1610658838,MERV - XMEV - GGAL - 24hs,6850.0,2025-05-09 14:13:53,400,2025-05-09 14:13:56.808,6820.0,102,6810.0,311,6800.0,882,6790.0,150,6750.0,5072,6850.0,76,6860.0,2034,6870.0,23890,6880.0,5637,6890.0,7851,2025-05-09 14:13:56.715,,689084500,100346,False,nan
695,104761,1610658971,MERV - XMEV - GGAL - 24hs,6840.0,2025-05-09 14:13:57,100,2025-05-09 14:13:57.619,6820.0,102,6810.0,311,6800.0,882,6790.0,150,6750.0,5072,6850.0,76,6860.0,2034,6870.0,23890,6880.0,5637,6890.0,7851,2025-05-09 14:13:57.534,,689084500,100346,True,offer
696,104845,1610659081,MERV - XMEV - GGAL - 24hs,6840.0,2025-05-09 14:13:57,100,2025-05-09 14:13:58.300,6820.0,102,6810.0,311,6800.0,882,6790.0,150,6750.0,5072,6850.0,76,6860.0,2034,6870.0,23890,6880.0,5637,6890.0,7851,2025-05-09 14:13:58.215,,689768500,100446,False,nan
697,105063,1610659393,MERV - XMEV - GGAL - 24hs,6840.0,2025-05-09 14:13:57,100,2025-05-09 14:13:59.740,6820.0,102,6810.0,311,6800.0,882,6790.0,150,6750.0,5072,6840.0,5000,6850.0,76,6860.0,2034,6870.0,23890,6880.0,5637,2025-05-09 14:13:59.584,,689768500,100446,False,nan
698,105371,1610659847,MERV - XMEV - GGAL - 24hs,6840.0,2025-05-09 14:13:57,100,2025-05-09 14:14:01.775,6820.0,102,6810.0,311,6800.0,882,6790.0,150,6750.0,72,6840.0,5000,6850.0,76,6860.0,2284,6870.0,23890,6880.0,5637,2025-05-09 14:14:01.678,,689768500,100446,False,nan
699,105448,1610659957,MERV - XMEV - GGAL - 24hs,6820.0,2025-05-09 14:14:02,100,2025-05-09 14:14:02.260,6820.0,102,6810.0,311,6800.0,882,6790.0,150,6750.0,72,6840.0,5000,6850.0,76,6860.0,2284,6870.0,23890,6880.0,5637,2025-05-09 14:14:02.177,,689768500,100446,True,bid
700,105529,1610660088,MERV - XMEV - GGAL - 24hs,6820.0,2025-05-09 14:14:02,100,2025-05-09 14:14:02.779,6820.0,37,6810.0,311,6800.0,882,6790.0,150,6750.0,72,6840.0,5000,6850.0,76,6860.0,2284,6870.0,29890,6880.0,5637,2025-05-09 14:14:02.677,,689768500,100446,False,nan
701,105590,1610660178,MERV - XMEV - GGAL - 24hs,6820.0,2025-05-09 14:14:02,100,2025-05-09 14:14:03.261,6820.0,37,6810.0,311,6800.0,882,6790.0,150,6750.0,72,6840.0,5000,6850.0,76,6860.0,2284,6870.0,29890,6880.0,5637,2025-05-09 14:14:03.177,,690450500,100546,False,nan
702,105661,1610660287,MERV - XMEV - GGAL - 24hs,6820.0,2025-05-09 14:14:02,100,2025-05-09 14:14:03.760,6820.0,37,6810.0,311,6800.0,882,6790.0,150,6750.0,72,6840.0,5000,6850.0,76,6860.0,2284,6870.0,23890,6880.0,5637,2025-05-09 14:14:03.677,,690450500,100546,False,nan
703,105731,1610660389,MERV - XMEV - GGAL - 24hs,6840.0,2025-05-09 14:14:03,1,2025-05-09 14:14:04.287,6820.0,37,6810.0,311,6800.0,882,6790.0,150,6750.0,72,6840.0,5000,6850.0,76,6860.0,2284,6870.0,23890,6880.0,5637,2025-05-09 14:14:04.178,,690450500,100546,True,offer
704,105778,1610660468,MERV - XMEV - GGAL - 24hs,6840.0,2025-05-09 14:14:03,1,2025-05-09 14:14:04.761,6820.0,37,6810.0,311,6800.0,882,6790.0,150,6750.0,72,6840.0,4999,6850.0,76,6860.0,2284,6870.0,23890,6880.0,5637,2025-05-09 14:14:04.677,,690457340,100547,False,nan
705,105846,1610660578,MERV - XMEV - GGAL - 24hs,6840.0,2025-05-09 14:14:04,1,2025-05-09 14:14:05.268,6820.0,37,6810.0,311,6800.0,882,6790.0,150,6750.0,72,6840.0,4999,6850.0,76,6860.0,2284,6870.0,23890,6880.0,5637,2025-05-09 14:14:05.177,,690457340,100547,True,offer
706,105898,1610660659,MERV - XMEV - GGAL - 24hs,6840.0,2025-05-09 14:14:04,1,2025-05-09 14:14:05.760,6820.0,37,6810.0,311,6800.0,882,6790.0,150,6750.0,72,6850.0,76,6860.0,2284,6870.0,23890,6880.0,5637,6890.0,7851,2025-05-09 14:14:05.677,,690464180,100548,False,nan
707,106050,1610660870,MERV - XMEV - GGAL - 24hs,6840.0,2025-05-09 14:14:04,1,2025-05-09 14:14:07.215,6820.0,37,6810.0,311,6800.0,882,6790.0,150,6750.0,72,6840.0,5000,6850.0,76,6860.0,2284,6870.0,21890,6880.0,5637,2025-05-09 14:14:07.126,,690464180,100548,False,nan
708,106107,1610660945,MERV - XMEV - GGAL - 24hs,6840.0,2025-05-09 14:14:07,4,2025-05-09 14:14:07.712,6820.0,37,6810.0,311,6800.0,882,6790.0,150,6750.0,72,6840.0,5000,6850.0,76,6860.0,2284,6870.0,21890,6880.0,5637,2025-05-09 14:14:07.626,,690464180,100548,True,offer
709,106192,1610661068,MERV - XMEV - GGAL - 24hs,6840.0,2025-05-09 14:14:07,4,2025-05-09 14:14:08.358,6820.0,37,6810.0,311,6800.0,882,6790.0,150,6750.0,72,6840.0,4996,6850.0,76,6860.0,2284,6870.0,21990,6880.0,5637,2025-05-09 14:14:08.273,,690464180,100548,False,nan
710,106235,1610661138,MERV - XMEV - GGAL - 24hs,6840.0,2025-05-09 14:14:07,4,2025-05-09 14:14:08.855,6820.0,37,6810.0,311,6800.0,882,6790.0,150,6750.0,72,6840.0,4996,6850.0,76,6860.0,2284,6870.0,21990,6880.0,5637,2025-05-09 14:14:08.773,,690491540,100552,False,nan
711,106317,1610661247,MERV - XMEV - GGAL - 24hs,6820.0,2025-05-09 14:14:09,1,2025-05-09 14:14:09.744,6820.0,37,6810.0,311,6800.0,882,6790.0,150,6750.0,72,6840.0,4996,6850.0,76,6860.0,2284,6870.0,21990,6880.0,5637,2025-05-09 14:14:09.661,,690491540,100552,True,bid
712,106365,1610661312,MERV - XMEV - GGAL - 24hs,6840.0,2025-05-09 14:14:10,22,2025-05-09 14:14:10.244,6820.0,37,6810.0,311,6800.0,882,6790.0,150,6750.0,72,6840.0,4996,6850.0,76,6860.0,2284,6870.0,21990,6880.0,5637,2025-05-09 14:14:10.161,,690498360,100553,True,offer
713,106413,1610661386,MERV - XMEV - GGAL - 24hs,6840.0,2025-05-09 14:14:10,22,2025-05-09 14:14:10.744,6820.0,36,6810.0,311,6800.0,882,6790.0,150,6750.0,72,6840.0,4974,6850.0,76,6860.0,2284,6870.0,21990,6880.0,5637,2025-05-09 14:14:10.661,,690648840,100575,False,nan
714,106482,1610661490,MERV - XMEV - GGAL - 24hs,6840.0,2025-05-09 14:14:10,22,2025-05-09 14:14:11.322,6820.0,36,6810.0,311,6800.0,882,6790.0,150,6750.0,72,6850.0,76,6860.0,2284,6870.0,21990,6880.0,5637,6890.0,7851,2025-05-09 14:14:11.232,,690648840,100575,False,nan
715,106627,1610661687,MERV - XMEV - GGAL - 24hs,6840.0,2025-05-09 14:14:12,3,2025-05-09 14:14:12.396,6820.0,36,6810.0,311,6800.0,882,6790.0,150,6750.0,72,6850.0,76,6860.0,2284,6870.0,21990,6880.0,5637,6890.0,7851,2025-05-09 14:14:12.296,,690648840,100575,True,offer
716,106688,1610661788,MERV - XMEV - GGAL - 24hs,6840.0,2025-05-09 14:14:12,3,2025-05-09 14:14:12.883,6820.0,36,6810.0,311,6800.0,882,6790.0,150,6750.0,72,6840.0,4997,6850.0,76,6860.0,2284,6870.0,21990,6880.0,5637,2025-05-09 14:14:12.798,,690648840,100575,False,nan
717,106744,1610661861,MERV - XMEV - GGAL - 24hs,6840.0,2025-05-09 14:14:12,3,2025-05-09 14:14:13.382,6820.0,36,6810.0,311,6800.0,882,6790.0,150,6750.0,72,6840.0,4997,6850.0,76,6860.0,2284,6870.0,21990,6880.0,5637,2025-05-09 14:14:13.298,,690669360,100578,False,nan
718,106903,1610662068,MERV - XMEV - GGAL - 24hs,6840.0,2025-05-09 14:14:14,15,2025-05-09 14:14:14.343,6820.0,36,6810.0,311,6800.0,882,6790.0,150,6750.0,72,6840.0,4997,6850.0,76,6860.0,2284,6870.0,21990,6880.0,5637,2025-05-09 14:14:14.255,,690669360,100578,True,offer
719,107009,1610662223,MERV - XMEV - GGAL - 24hs,6840.0,2025-05-09 14:14:14,15,2025-05-09 14:14:15.020,6820.0,36,6810.0,311,6800.0,882,6790.0,150,6750.0,72,6850.0,76,6860.0,7284,6870.0,16990,6880.0,5637,6890.0,7851,2025-05-09 14:14:14.929,,690669360,100578,False,nan
720,107067,1610662298,MERV - XMEV - GGAL - 24hs,6840.0,2025-05-09 14:14:14,15,2025-05-09 14:14:15.512,6820.0,36,6810.0,311,6800.0,882,6790.0,150,6750.0,72,6850.0,76,6860.0,7284,6870.0,16990,6880.0,5637,6890.0,7851,2025-05-09 14:14:15.426,,690771960,100593,False,nan
721,107154,1610662412,MERV - XMEV - GGAL - 24hs,6840.0,2025-05-09 14:14:14,15,2025-05-09 14:14:16.223,6820.0,36,6810.0,311,6800.0,882,6790.0,150,6750.0,72,6840.0,5000,6850.0,76,6860.0,7284,6870.0,16990,6880.0,5637,2025-05-09 14:14:16.140,,690771960,100593,False,nan
722,107317,1610662635,MERV - XMEV - GGAL - 24hs,6840.0,2025-05-09 14:14:14,15,2025-05-09 14:14:17.222,6820.0,36,6810.0,311,6800.0,882,6790.0,150,6750.0,72,6840.0,5000,6850.0,476,6860.0,7284,6870.0,16990,6880.0,5637,2025-05-09 14:14:17.116,,690771960,100593,False,nan
723,107734,1610663218,MERV - XMEV - GGAL - 24hs,6840.0,2025-05-09 14:14:14,15,2025-05-09 14:14:21.987,6820.0,1036,6810.0,311,6800.0,882,6790.0,150,6750.0,72,6840.0,18836,6850.0,476,6860.0,7284,6870.0,16990,6880.0,5637,2025-05-09 14:14:21.904,,690771960,100593,False,nan
724,107933,1610663518,MERV - XMEV - GGAL - 24hs,6820.0,2025-05-09 14:14:21,1,2025-05-09 14:14:23.599,6820.0,1036,6810.0,311,6800.0,882,6790.0,150,6750.0,72,6840.0,18836,6850.0,476,6860.0,7284,6870.0,16990,6880.0,5637,2025-05-09 14:14:23.479,,690771960,100593,True,bid
725,108035,1610663661,MERV - XMEV - GGAL - 24hs,6820.0,2025-05-09 14:14:21,29,2025-05-09 14:14:24.078,6820.0,1036,6810.0,311,6800.0,882,6790.0,150,6750.0,72,6840.0,18836,6850.0,476,6860.0,7284,6870.0,16990,6880.0,5637,2025-05-09 14:14:23.978,,690771960,100593,False,nan
726,108118,1610663774,MERV - XMEV - GGAL - 24hs,6820.0,2025-05-09 14:14:21,29,2025-05-09 14:14:24.627,6820.0,1006,6810.0,311,6800.0,882,6790.0,150,6750.0,72,6840.0,18836,6850.0,476,6860.0,7284,6870.0,14990,6880.0,5637,2025-05-09 14:14:24.540,,690771960,100593,False,nan
727,108194,1610663889,MERV - XMEV - GGAL - 24hs,6820.0,2025-05-09 14:14:21,29,2025-05-09 14:14:25.202,6820.0,1006,6810.0,311,6800.0,882,6790.0,150,6750.0,72,6840.0,18836,6850.0,476,6860.0,7284,6870.0,14990,6880.0,5637,2025-05-09 14:14:25.043,,690976560,100623,False,nan
728,108311,1610664051,MERV - XMEV - GGAL - 24hs,6820.0,2025-05-09 14:14:22,994,2025-05-09 14:14:25.671,6820.0,6,6810.0,311,6800.0,882,6790.0,150,6750.0,72,6840.0,18836,6850.0,476,6860.0,7284,6870.0,20990,6880.0,5637,2025-05-09 14:14:25.543,,690976560,100623,True,bid
729,108376,1610664156,MERV - XMEV - GGAL - 24hs,6820.0,2025-05-09 14:14:22,994,2025-05-09 14:14:26.187,6820.0,6,6810.0,311,6800.0,882,6790.0,150,6750.0,72,6840.0,18836,6850.0,476,6860.0,7284,6870.0,20990,6880.0,5637,2025-05-09 14:14:26.058,,697796560,101623,False,nan
730,108488,1610664305,MERV - XMEV - GGAL - 24hs,6820.0,2025-05-09 14:14:22,994,2025-05-09 14:14:26.631,6820.0,6,6810.0,311,6800.0,882,6790.0,150,6750.0,72,6840.0,18836,6850.0,476,6860.0,7284,6870.0,21990,6880.0,5637,2025-05-09 14:14:26.543,,697796560,101623,False,nan
731,108608,1610664493,MERV - XMEV - GGAL - 24hs,6820.0,2025-05-09 14:14:22,994,2025-05-09 14:14:27.280,6820.0,6,6810.0,311,6800.0,882,6790.0,150,6750.0,72,6840.0,18836,6850.0,476,6860.0,7284,6870.0,17990,6880.0,5637,2025-05-09 14:14:27.043,,697796560,101623,False,nan
732,108699,1610664628,MERV - XMEV - GGAL - 24hs,6820.0,2025-05-09 14:14:22,994,2025-05-09 14:14:27.692,6820.0,6,6810.0,311,6800.0,882,6790.0,150,6750.0,72,6840.0,18836,6850.0,476,6860.0,7284,6870.0,16990,6880.0,5637,2025-05-09 14:14:27.543,,697796560,101623,False,nan
733,108844,1610664840,MERV - XMEV - GGAL - 24hs,6840.0,2025-05-09 14:14:25,14,2025-05-09 14:14:28.319,6820.0,6,6810.0,311,6800.0,882,6790.0,150,6750.0,72,6840.0,13836,6850.0,476,6860.0,7284,6870.0,18990,6880.0,5637,2025-05-09 14:14:28.044,,697892320,101637,True,offer
734,108967,1610665037,MERV - XMEV - GGAL - 24hs,6810.0,2025-05-09 14:14:26,14,2025-05-09 14:14:28.911,6820.0,6,6810.0,311,6800.0,882,6790.0,150,6750.0,72,6840.0,13836,6850.0,476,6860.0,7284,6870.0,18990,6880.0,5637,2025-05-09 14:14:28.546,,697892320,101637,True,bid
735,109070,1610665197,MERV - XMEV - GGAL - 24hs,6810.0,2025-05-09 14:14:26,14,2025-05-09 14:14:29.392,6810.0,297,6800.0,882,6790.0,150,6750.0,72,6730.0,5703,6840.0,13912,6850.0,400,6860.0,7284,6870.0,18990,6880.0,5637,2025-05-09 14:14:29.045,,698028580,101657,False,nan
736,109219,1610665431,MERV - XMEV - GGAL - 24hs,6810.0,2025-05-09 14:14:26,14,2025-05-09 14:14:30.087,6810.0,297,6800.0,882,6790.0,150,6750.0,72,6730.0,5703,6840.0,18912,6850.0,400,6860.0,7284,6870.0,18990,6880.0,5637,2025-05-09 14:14:29.551,,698028580,101657,False,nan
737,109319,1610665580,MERV - XMEV - GGAL - 24hs,6810.0,2025-05-09 14:14:26,14,2025-05-09 14:14:30.523,6810.0,297,6800.0,882,6790.0,150,6750.0,72,6730.0,5703,6830.0,250,6840.0,18912,6850.0,400,6860.0,7034,6870.0,18990,2025-05-09 14:14:30.395,,698028580,101657,False,nan
738,109400,1610665719,MERV - XMEV - GGAL - 24hs,6810.0,2025-05-09 14:14:26,14,2025-05-09 14:14:31.454,6810.0,297,6800.0,882,6790.0,150,6750.0,72,6730.0,5703,6830.0,250,6840.0,18912,6850.0,400,6860.0,7034,6870.0,18955,2025-05-09 14:14:31.371,,698028580,101657,False,nan
739,109822,1610666303,MERV - XMEV - GGAL - 24hs,6810.0,2025-05-09 14:14:26,14,2025-05-09 14:14:34.466,6810.0,297,6800.0,852,6790.0,150,6750.0,72,6730.0,5703,6830.0,750,6840.0,18912,6850.0,400,6860.0,7034,6870.0,18955,2025-05-09 14:14:34.384,,698028580,101657,False,nan
740,110161,1610666752,MERV - XMEV - GGAL - 24hs,6810.0,2025-05-09 14:14:26,14,2025-05-09 14:14:36.335,6810.0,297,6800.0,852,6790.0,150,6750.0,72,6730.0,5703,6830.0,784,6840.0,18912,6850.0,400,6860.0,7000,6870.0,18455,2025-05-09 14:14:36.238,,698028580,101657,False,nan
741,110245,1610666881,MERV - XMEV - GGAL - 24hs,6830.0,2025-05-09 14:14:36,1,2025-05-09 14:14:36.887,6810.0,297,6800.0,852,6790.0,150,6750.0,72,6730.0,5703,6830.0,784,6840.0,18912,6850.0,400,6860.0,7000,6870.0,18455,2025-05-09 14:14:36.739,,698028580,101657,True,offer
742,110323,1610666983,MERV - XMEV - GGAL - 24hs,6830.0,2025-05-09 14:14:36,1,2025-05-09 14:14:37.328,6810.0,297,6800.0,852,6790.0,150,6750.0,72,6730.0,5703,6830.0,783,6840.0,18912,6850.0,400,6860.0,7000,6870.0,18455,2025-05-09 14:14:37.240,,698035410,101658,False,nan
743,110498,1610667239,MERV - XMEV - GGAL - 24hs,6830.0,2025-05-09 14:14:36,1,2025-05-09 14:14:38.184,6810.0,297,6800.0,852,6790.0,150,6750.0,72,6730.0,5703,6830.0,1083,6840.0,18912,6850.0,400,6860.0,7000,6870.0,19455,2025-05-09 14:14:38.041,,698035410,101658,False,nan
744,110559,1610667336,MERV - XMEV - GGAL - 24hs,6830.0,2025-05-09 14:14:36,1,2025-05-09 14:14:38.857,6810.0,297,6800.0,852,6790.0,150,6750.0,72,6730.0,5703,6830.0,1083,6840.0,5076,6850.0,400,6860.0,7000,6870.0,19455,2025-05-09 14:14:38.774,,698035410,101658,False,nan
745,111007,1610668044,MERV - XMEV - GGAL - 24hs,6830.0,2025-05-09 14:14:36,1,2025-05-09 14:14:41.775,6810.0,297,6800.0,852,6790.0,150,6750.0,72,6730.0,5703,6830.0,1083,6840.0,76,6850.0,5400,6860.0,7000,6870.0,19455,2025-05-09 14:14:41.584,,698035410,101658,False,nan
746,112035,1610669606,MERV - XMEV - GGAL - 24hs,6830.0,2025-05-09 14:14:36,1,2025-05-09 14:14:48.992,6810.0,297,6800.0,852,6790.0,150,6750.0,72,6730.0,5703,6830.0,1049,6840.0,5110,6850.0,400,6860.0,7000,6870.0,19455,2025-05-09 14:14:48.894,,698035410,101658,False,nan
747,112138,1610669751,MERV - XMEV - GGAL - 24hs,6830.0,2025-05-09 14:14:36,1,2025-05-09 14:14:50.096,6810.0,297,6800.0,852,6790.0,150,6750.0,72,6730.0,5703,6830.0,1049,6840.0,5110,6850.0,400,6860.0,7000,6870.0,16455,2025-05-09 14:14:49.795,,698035410,101658,False,nan
748,112295,1610669969,MERV - XMEV - GGAL - 24hs,6830.0,2025-05-09 14:14:36,1,2025-05-09 14:14:50.793,6810.0,297,6800.0,852,6790.0,150,6750.0,72,6730.0,5703,6830.0,1049,6840.0,5110,6850.0,400,6860.0,7035,6870.0,20455,2025-05-09 14:14:50.708,,698035410,101658,False,nan
749,112462,1610670211,MERV - XMEV - GGAL - 24hs,6830.0,2025-05-09 14:14:52,2,2025-05-09 14:14:52.189,6810.0,297,6800.0,852,6790.0,150,6750.0,72,6730.0,5703,6830.0,1049,6840.0,5110,6850.0,400,6860.0,7035,6870.0,20455,2025-05-09 14:14:52.105,,698035410,101658,True,offer
750,112510,1610670277,MERV - XMEV - GGAL - 24hs,6810.0,2025-05-09 14:14:52,1,2025-05-09 14:14:52.692,6810.0,297,6800.0,852,6790.0,150,6750.0,72,6730.0,5703,6830.0,1049,6840.0,5110,6850.0,400,6860.0,7035,6870.0,20455,2025-05-09 14:14:52.606,,698049070,101660,False,nan
751,112566,1610670353,MERV - XMEV - GGAL - 24hs,6810.0,2025-05-09 14:14:52,1,2025-05-09 14:14:53.191,6810.0,796,6800.0,852,6790.0,150,6750.0,72,6730.0,5703,6830.0,1047,6840.0,5110,6850.0,400,6860.0,7035,6870.0,20455,2025-05-09 14:14:53.107,,698055880,101661,False,nan
752,112806,1610670671,MERV - XMEV - GGAL - 24hs,6810.0,2025-05-09 14:14:52,1,2025-05-09 14:14:55.214,6810.0,796,6800.0,852,6790.0,150,6750.0,72,6730.0,5703,6830.0,1047,6840.0,5110,6850.0,400,6860.0,5035,6870.0,20455,2025-05-09 14:14:55.130,,698055880,101661,False,nan
753,113243,1610671259,MERV - XMEV - GGAL - 24hs,6810.0,2025-05-09 14:14:52,1,2025-05-09 14:14:58.068,6810.0,796,6800.0,852,6790.0,150,6750.0,5072,6730.0,703,6830.0,1047,6840.0,5110,6850.0,400,6860.0,5035,6870.0,20455,2025-05-09 14:14:57.947,,698055880,101661,False,nan
754,113304,1610671360,MERV - XMEV - GGAL - 24hs,6810.0,2025-05-09 14:14:52,1,2025-05-09 14:14:58.779,6810.0,796,6800.0,852,6790.0,150,6750.0,72,6730.0,5703,6830.0,1047,6840.0,5110,6850.0,400,6860.0,5035,6870.0,20455,2025-05-09 14:14:58.695,,698055880,101661,False,nan
755,113654,1610671869,MERV - XMEV - GGAL - 24hs,6810.0,2025-05-09 14:14:52,1,2025-05-09 14:15:02.050,6810.0,796,6800.0,852,6790.0,150,6780.0,1900,6750.0,72,6830.0,1047,6840.0,5110,6850.0,400,6860.0,5035,6870.0,20455,2025-05-09 14:15:01.965,,698055880,101661,False,nan
756,114105,1610672521,MERV - XMEV - GGAL - 24hs,6810.0,2025-05-09 14:14:52,1,2025-05-09 14:15:05.616,6810.0,796,6800.0,852,6790.0,150,6780.0,1900,6750.0,72,6830.0,800,6840.0,5357,6850.0,400,6860.0,5035,6870.0,20455,2025-05-09 14:15:05.531,,698055880,101661,False,nan
757,114198,1610672652,MERV - XMEV - GGAL - 24hs,6810.0,2025-05-09 14:15:06,185,2025-05-09 14:15:06.219,6810.0,796,6800.0,852,6790.0,150,6780.0,1900,6750.0,72,6830.0,800,6840.0,5357,6850.0,400,6860.0,5035,6870.0,20455,2025-05-09 14:15:06.128,,698055880,101661,True,bid
758,114245,1610672711,MERV - XMEV - GGAL - 24hs,6810.0,2025-05-09 14:15:06,494,2025-05-09 14:15:06.715,6810.0,6,6800.0,852,6790.0,150,6780.0,1900,6750.0,72,6830.0,5800,6840.0,357,6850.0,15400,6860.0,35,6870.0,10505,2025-05-09 14:15:06.628,,698055880,101661,False,nan
759,114300,1610672813,MERV - XMEV - GGAL - 24hs,6810.0,2025-05-09 14:15:06,494,2025-05-09 14:15:07.224,6810.0,6,6800.0,852,6790.0,150,6780.0,1900,6750.0,72,6830.0,5800,6840.0,357,6850.0,15400,6860.0,35,6870.0,10505,2025-05-09 14:15:07.129,,703435780,102451,False,nan
760,114682,1610673317,MERV - XMEV - GGAL - 24hs,6810.0,2025-05-09 14:15:06,494,2025-05-09 14:15:10.009,6810.0,6,6800.0,852,6790.0,150,6780.0,1900,6750.0,72,6830.0,6000,6840.0,357,6850.0,15400,6860.0,35,6870.0,10505,2025-05-09 14:15:09.926,,703435780,102451,False,nan
761,114891,1610673610,MERV - XMEV - GGAL - 24hs,6810.0,2025-05-09 14:15:10,6,2025-05-09 14:15:11.625,6810.0,6,6800.0,852,6790.0,150,6780.0,1900,6750.0,72,6830.0,6000,6840.0,357,6850.0,15400,6860.0,35,6870.0,10505,2025-05-09 14:15:11.542,,703435780,102451,True,bid
762,114964,1610673710,MERV - XMEV - GGAL - 24hs,6800.0,2025-05-09 14:15:10,14,2025-05-09 14:15:12.125,6800.0,799,6790.0,150,6780.0,1900,6750.0,72,6740.0,5000,6830.0,1000,6840.0,5357,6850.0,5400,6860.0,10035,6870.0,10505,2025-05-09 14:15:12.042,,703837040,102510,False,nan
763,115074,1610673858,MERV - XMEV - GGAL - 24hs,6800.0,2025-05-09 14:15:10,14,2025-05-09 14:15:12.664,6800.0,799,6790.0,150,6780.0,1900,6750.0,72,6740.0,5000,6830.0,1000,6840.0,5357,6850.0,400,6860.0,10035,6870.0,15505,2025-05-09 14:15:12.579,,703837040,102510,False,nan
764,115447,1610674447,MERV - XMEV - GGAL - 24hs,6800.0,2025-05-09 14:15:10,14,2025-05-09 14:15:15.624,6800.0,799,6790.0,150,6780.0,1900,6750.0,72,6740.0,5000,6830.0,1000,6840.0,357,6850.0,5400,6860.0,10035,6870.0,15505,2025-05-09 14:15:15.040,,703837040,102510,False,nan
765,115521,1610674551,MERV - XMEV - GGAL - 24hs,6830.0,2025-05-09 14:15:14,20,2025-05-09 14:15:15.947,6800.0,799,6790.0,150,6780.0,1900,6750.0,72,6740.0,5000,6830.0,1000,6840.0,357,6850.0,5400,6860.0,10035,6870.0,15505,2025-05-09 14:15:15.528,,703837040,102510,True,offer
766,115587,1610674667,MERV - XMEV - GGAL - 24hs,6830.0,2025-05-09 14:15:15,25,2025-05-09 14:15:16.304,6800.0,799,6790.0,150,6780.0,1900,6750.0,72,6740.0,5000,6830.0,980,6840.0,357,6850.0,5400,6860.0,10035,6870.0,15505,2025-05-09 14:15:16.037,,703973640,102530,True,offer
767,115672,1610674795,MERV - XMEV - GGAL - 24hs,6830.0,2025-05-09 14:15:15,25,2025-05-09 14:15:16.668,6800.0,799,6790.0,150,6780.0,1900,6750.0,72,6740.0,5000,6830.0,955,6840.0,357,6850.0,15400,6860.0,35,6870.0,15505,2025-05-09 14:15:16.535,,703973640,102530,False,nan
768,115798,1610674975,MERV - XMEV - GGAL - 24hs,6830.0,2025-05-09 14:15:15,25,2025-05-09 14:15:17.176,6800.0,799,6790.0,150,6780.0,1900,6750.0,72,6740.0,5000,6830.0,955,6840.0,357,6850.0,15400,6860.0,35,6870.0,15505,2025-05-09 14:15:17.026,,704144390,102555,False,nan
769,116198,1610675558,MERV - XMEV - GGAL - 24hs,6830.0,2025-05-09 14:15:15,25,2025-05-09 14:15:19.875,6800.0,1799,6790.0,150,6780.0,1900,6750.0,72,6740.0,5000,6830.0,955,6840.0,357,6850.0,15400,6860.0,35,6870.0,15505,2025-05-09 14:15:19.641,,704144390,102555,False,nan
770,116289,1610675698,MERV - XMEV - GGAL - 24hs,6800.0,2025-05-09 14:15:20,93,2025-05-09 14:15:20.529,6800.0,1799,6790.0,150,6780.0,1900,6750.0,72,6740.0,5000,6830.0,955,6840.0,357,6850.0,15400,6860.0,35,6870.0,15505,2025-05-09 14:15:20.446,,704144390,102555,True,bid
771,116344,1610675781,MERV - XMEV - GGAL - 24hs,6800.0,2025-05-09 14:15:20,23,2025-05-09 14:15:21.029,6800.0,1673,6790.0,150,6780.0,1900,6750.0,72,6740.0,5000,6830.0,955,6840.0,357,6850.0,15400,6860.0,35,6870.0,15505,2025-05-09 14:15:20.946,,704144390,102555,False,nan
772,116373,1610675835,MERV - XMEV - GGAL - 24hs,6800.0,2025-05-09 14:15:20,23,2025-05-09 14:15:21.551,6800.0,1673,6790.0,150,6780.0,1900,6750.0,72,6740.0,5000,6830.0,955,6840.0,357,6850.0,15400,6860.0,35,6870.0,15505,2025-05-09 14:15:21.446,,705001190,102681,False,nan
773,116467,1610675963,MERV - XMEV - GGAL - 24hs,6800.0,2025-05-09 14:15:20,23,2025-05-09 14:15:22.079,6800.0,1673,6790.0,150,6780.0,1900,6750.0,72,6740.0,5000,6830.0,955,6840.0,357,6850.0,5400,6860.0,10035,6870.0,15505,2025-05-09 14:15:21.946,,705001190,102681,False,nan
774,116593,1610676156,MERV - XMEV - GGAL - 24hs,6800.0,2025-05-09 14:15:20,23,2025-05-09 14:15:22.848,6800.0,2673,6790.0,150,6780.0,1900,6750.0,72,6740.0,5000,6830.0,955,6840.0,357,6850.0,5400,6860.0,10035,6870.0,15505,2025-05-09 14:15:22.634,,705001190,102681,False,nan
775,116807,1610676515,MERV - XMEV - GGAL - 24hs,6800.0,2025-05-09 14:15:20,23,2025-05-09 14:15:24.115,6800.0,2673,6790.0,150,6780.0,1900,6750.0,72,6740.0,5000,6830.0,955,6840.0,357,6850.0,5400,6860.0,10035,6870.0,6505,2025-05-09 14:15:23.614,,705001190,102681,False,nan
776,116989,1610676809,MERV - XMEV - GGAL - 24hs,6800.0,2025-05-09 14:15:20,23,2025-05-09 14:15:25.057,6800.0,2923,6790.0,150,6780.0,1900,6750.0,72,6740.0,5000,6830.0,955,6840.0,357,6850.0,5400,6860.0,10035,6870.0,6505,2025-05-09 14:15:24.970,,705001190,102681,False,nan
777,117125,1610677004,MERV - XMEV - GGAL - 24hs,6800.0,2025-05-09 14:15:20,23,2025-05-09 14:15:26.115,6800.0,2923,6790.0,1150,6780.0,1900,6750.0,72,6740.0,5000,6830.0,955,6840.0,357,6850.0,5400,6860.0,10035,6870.0,6505,2025-05-09 14:15:26.029,,705001190,102681,False,nan
778,118109,1610678474,MERV - XMEV - GGAL - 24hs,6800.0,2025-05-09 14:15:20,23,2025-05-09 14:15:35.270,6800.0,3023,6790.0,1150,6780.0,1900,6750.0,72,6740.0,5000,6830.0,955,6840.0,357,6850.0,5400,6860.0,10035,6870.0,6505,2025-05-09 14:15:35.187,,705001190,102681,False,nan
779,118243,1610678710,MERV - XMEV - GGAL - 24hs,6800.0,2025-05-09 14:15:20,23,2025-05-09 14:15:36.303,6800.0,3023,6790.0,1150,6780.0,1900,6750.0,72,6740.0,5000,6830.0,955,6840.0,5357,6850.0,400,6860.0,10035,6870.0,6505,2025-05-09 14:15:36.216,,705001190,102681,False,nan
780,118353,1610678876,MERV - XMEV - GGAL - 24hs,6830.0,2025-05-09 14:15:37,101,2025-05-09 14:15:37.114,6800.0,3023,6790.0,1150,6780.0,1900,6750.0,72,6740.0,5000,6830.0,955,6840.0,5357,6850.0,400,6860.0,10035,6870.0,6505,2025-05-09 14:15:37.031,,705001190,102681,True,offer
781,118413,1610678966,MERV - XMEV - GGAL - 24hs,6830.0,2025-05-09 14:15:37,101,2025-05-09 14:15:37.785,6800.0,3023,6790.0,1150,6780.0,1900,6750.0,72,6740.0,5000,6830.0,854,6840.0,5357,6850.0,400,6860.0,10035,6870.0,6505,2025-05-09 14:15:37.698,,705001190,102681,False,nan
782,118457,1610679024,MERV - XMEV - GGAL - 24hs,6830.0,2025-05-09 14:15:37,101,2025-05-09 14:15:38.282,6800.0,3023,6790.0,1150,6780.0,1900,6750.0,72,6740.0,5000,6830.0,854,6840.0,5357,6850.0,400,6860.0,10035,6870.0,6505,2025-05-09 14:15:38.198,,705691020,102782,False,nan
783,118502,1610679097,MERV - XMEV - GGAL - 24hs,6830.0,2025-05-09 14:15:37,101,2025-05-09 14:15:38.794,6800.0,3023,6790.0,1190,6780.0,1900,6750.0,72,6740.0,5000,6830.0,854,6840.0,5357,6850.0,400,6860.0,10035,6870.0,6505,2025-05-09 14:15:38.698,,705691020,102782,False,nan
784,118698,1610679375,MERV - XMEV - GGAL - 24hs,6800.0,2025-05-09 14:15:40,139,2025-05-09 14:15:40.786,6800.0,3023,6790.0,1190,6780.0,1900,6750.0,72,6740.0,5000,6830.0,854,6840.0,5357,6850.0,400,6860.0,10035,6870.0,6505,2025-05-09 14:15:40.697,,705691020,102782,True,bid
785,118767,1610679464,MERV - XMEV - GGAL - 24hs,6800.0,2025-05-09 14:15:40,139,2025-05-09 14:15:41.281,6800.0,2884,6790.0,1190,6780.0,1900,6750.0,72,6740.0,5000,6830.0,854,6840.0,5357,6850.0,400,6860.0,10035,6870.0,6505,2025-05-09 14:15:41.198,,706636220,102921,False,nan
786,119428,1610680444,MERV - XMEV - GGAL - 24hs,6800.0,2025-05-09 14:15:40,139,2025-05-09 14:15:46.646,6800.0,2884,6790.0,1190,6780.0,1900,6750.0,72,6740.0,5000,6830.0,854,6840.0,5357,6850.0,400,6860.0,15035,6870.0,1505,2025-05-09 14:15:46.466,,706636220,102921,False,nan
787,119624,1610680768,MERV - XMEV - GGAL - 24hs,6800.0,2025-05-09 14:15:40,139,2025-05-09 14:15:47.624,6800.0,2884,6790.0,1190,6780.0,1900,6750.0,72,6740.0,5000,6830.0,854,6840.0,5357,6850.0,400,6860.0,15035,6870.0,1745,2025-05-09 14:15:47.344,,706636220,102921,False,nan
788,119792,1610681086,MERV - XMEV - GGAL - 24hs,6800.0,2025-05-09 14:15:40,139,2025-05-09 14:15:48.595,6800.0,2884,6790.0,1190,6780.0,1900,6750.0,72,6740.0,5000,6830.0,854,6840.0,357,6850.0,5400,6860.0,15035,6870.0,1745,2025-05-09 14:15:48.332,,706636220,102921,False,nan
789,119903,1610681274,MERV - XMEV - GGAL - 24hs,6800.0,2025-05-09 14:15:40,139,2025-05-09 14:15:49.567,6800.0,2884,6790.0,1190,6780.0,1900,6750.0,72,6740.0,5000,6830.0,1354,6840.0,357,6850.0,5400,6860.0,15035,6870.0,1745,2025-05-09 14:15:49.483,,706636220,102921,False,nan
790,120285,1610681881,MERV - XMEV - GGAL - 24hs,6800.0,2025-05-09 14:15:40,139,2025-05-09 14:15:52.311,6800.0,2884,6790.0,1190,6780.0,1900,6750.0,372,6740.0,5000,6830.0,1354,6840.0,357,6850.0,5400,6860.0,15035,6870.0,1745,2025-05-09 14:15:52.153,,706636220,102921,False,nan
791,120791,1610682651,MERV - XMEV - GGAL - 24hs,6800.0,2025-05-09 14:15:40,139,2025-05-09 14:15:57.416,6800.0,2884,6790.0,1190,6780.0,1900,6750.0,372,6740.0,5000,6830.0,3354,6840.0,357,6850.0,5400,6860.0,15035,6870.0,1745,2025-05-09 14:15:57.082,,706636220,102921,False,nan
792,121071,1610683044,MERV - XMEV - GGAL - 24hs,6800.0,2025-05-09 14:15:40,139,2025-05-09 14:15:59.750,6800.0,3184,6790.0,1190,6780.0,1900,6750.0,372,6740.0,5000,6830.0,3354,6840.0,357,6850.0,5400,6860.0,15035,6870.0,1745,2025-05-09 14:15:59.664,,706636220,102921,False,nan
793,121169,1610683198,MERV - XMEV - GGAL - 24hs,6830.0,2025-05-09 14:16:00,50,2025-05-09 14:16:00.834,6800.0,3184,6790.0,1190,6780.0,1900,6750.0,372,6740.0,5000,6830.0,3354,6840.0,357,6850.0,5400,6860.0,15035,6870.0,1745,2025-05-09 14:16:00.744,,706636220,102921,True,offer
794,121208,1610683270,MERV - XMEV - GGAL - 24hs,6830.0,2025-05-09 14:16:00,50,2025-05-09 14:16:01.341,6810.0,1000,6800.0,3184,6790.0,1190,6780.0,1900,6750.0,372,6830.0,3304,6840.0,357,6850.0,5400,6860.0,15035,6870.0,1745,2025-05-09 14:16:01.258,,706636220,102921,False,nan
795,121255,1610683334,MERV - XMEV - GGAL - 24hs,6830.0,2025-05-09 14:16:00,50,2025-05-09 14:16:01.843,6810.0,1000,6800.0,3184,6790.0,1190,6780.0,1900,6750.0,372,6830.0,3304,6840.0,357,6850.0,5400,6860.0,15035,6870.0,1745,2025-05-09 14:16:01.759,,706977720,102971,False,nan
796,121454,1610683618,MERV - XMEV - GGAL - 24hs,6830.0,2025-05-09 14:16:03,219,2025-05-09 14:16:03.818,6810.0,1000,6800.0,3184,6790.0,1190,6780.0,1900,6750.0,372,6830.0,3304,6840.0,357,6850.0,5400,6860.0,15035,6870.0,1745,2025-05-09 14:16:03.733,,706977720,102971,True,offer
797,121547,1610683741,MERV - XMEV - GGAL - 24hs,6830.0,2025-05-09 14:16:03,219,2025-05-09 14:16:04.555,6810.0,1000,6800.0,3184,6790.0,1190,6780.0,1900,6750.0,372,6830.0,3304,6840.0,357,6850.0,5400,6860.0,15035,6870.0,1745,2025-05-09 14:16:04.457,,708473490,103190,False,nan
798,121616,1610683852,MERV - XMEV - GGAL - 24hs,6830.0,2025-05-09 14:16:03,219,2025-05-09 14:16:05.041,6810.0,1000,6800.0,3184,6790.0,1190,6780.0,1900,6750.0,372,6830.0,3085,6840.0,5357,6850.0,10400,6860.0,5035,6870.0,1745,2025-05-09 14:16:04.955,,708473490,103190,False,nan
799,122077,1610684557,MERV - XMEV - GGAL - 24hs,6830.0,2025-05-09 14:16:09,5,2025-05-09 14:16:10.074,6810.0,1000,6800.0,3184,6790.0,1190,6780.0,1900,6750.0,372,6830.0,3085,6840.0,5357,6850.0,10400,6860.0,5035,6870.0,1745,2025-05-09 14:16:09.985,,708473490,103190,True,offer
800,122181,1610684701,MERV - XMEV - GGAL - 24hs,6830.0,2025-05-09 14:16:09,5,2025-05-09 14:16:10.806,6810.0,1000,6800.0,3184,6790.0,1190,6780.0,1900,6750.0,372,6830.0,3085,6840.0,5357,6850.0,10400,6860.0,5035,6870.0,1745,2025-05-09 14:16:10.666,,708507640,103195,False,nan
801,122238,1610684797,MERV - XMEV - GGAL - 24hs,6830.0,2025-05-09 14:16:09,5,2025-05-09 14:16:11.252,6810.0,1000,6800.0,3184,6790.0,1190,6780.0,1900,6750.0,372,6830.0,3080,6840.0,5357,6850.0,15400,6860.0,35,6870.0,1745,2025-05-09 14:16:11.165,,708507640,103195,False,nan
802,122342,1610684957,MERV - XMEV - GGAL - 24hs,6830.0,2025-05-09 14:16:09,5,2025-05-09 14:16:12.227,6810.0,1000,6800.0,3536,6790.0,1190,6780.0,1900,6750.0,372,6830.0,3080,6840.0,5357,6850.0,15400,6860.0,35,6870.0,1745,2025-05-09 14:16:12.140,,708507640,103195,False,nan
803,122611,1610685357,MERV - XMEV - GGAL - 24hs,6810.0,2025-05-09 14:16:13,200,2025-05-09 14:16:14.716,6810.0,1000,6800.0,3536,6790.0,1190,6780.0,1900,6750.0,372,6830.0,3080,6840.0,5357,6850.0,15400,6860.0,35,6870.0,1745,2025-05-09 14:16:14.546,,708507640,103195,True,bid
804,122707,1610685492,MERV - XMEV - GGAL - 24hs,6810.0,2025-05-09 14:16:13,200,2025-05-09 14:16:15.187,6810.0,800,6800.0,3536,6790.0,1190,6780.0,1900,6750.0,372,6830.0,2580,6840.0,5357,6850.0,15400,6860.0,35,6870.0,1745,2025-05-09 14:16:15.045,,709869640,103395,False,nan
805,122785,1610685615,MERV - XMEV - GGAL - 24hs,6810.0,2025-05-09 14:16:13,200,2025-05-09 14:16:15.756,6810.0,800,6800.0,3536,6790.0,1190,6780.0,1977,6750.0,372,6830.0,7580,6840.0,357,6850.0,15400,6860.0,35,6870.0,1745,2025-05-09 14:16:15.662,,709869640,103395,False,nan
806,122847,1610685710,MERV - XMEV - GGAL - 24hs,6830.0,2025-05-09 14:16:16,1,2025-05-09 14:16:16.582,6810.0,800,6800.0,3536,6790.0,1190,6780.0,1977,6750.0,372,6830.0,7580,6840.0,357,6850.0,15400,6860.0,35,6870.0,1745,2025-05-09 14:16:16.498,,709869640,103395,True,offer
807,122944,1610685855,MERV - XMEV - GGAL - 24hs,6830.0,2025-05-09 14:16:16,1,2025-05-09 14:16:17.635,6810.0,800,6800.0,3536,6790.0,1190,6780.0,1977,6750.0,372,6830.0,7579,6840.0,357,6850.0,15400,6860.0,35,6870.0,1745,2025-05-09 14:16:17.551,,709869640,103395,False,nan
808,122972,1610685899,MERV - XMEV - GGAL - 24hs,6830.0,2025-05-09 14:16:16,1,2025-05-09 14:16:18.138,6810.0,800,6800.0,3536,6790.0,1190,6780.0,1977,6750.0,372,6830.0,7579,6840.0,357,6850.0,15400,6860.0,35,6870.0,1745,2025-05-09 14:16:18.052,,709876470,103396,False,nan
809,123333,1610686431,MERV - XMEV - GGAL - 24hs,6830.0,2025-05-09 14:16:16,1,2025-05-09 14:16:20.846,6810.0,800,6800.0,3536,6790.0,1190,6780.0,1977,6750.0,872,6830.0,7579,6840.0,357,6850.0,15400,6860.0,35,6870.0,1745,2025-05-09 14:16:20.760,,709876470,103396,False,nan
810,123435,1610686601,MERV - XMEV - GGAL - 24hs,6830.0,2025-05-09 14:16:21,79,2025-05-09 14:16:21.831,6810.0,800,6800.0,3536,6790.0,1190,6780.0,1977,6750.0,872,6830.0,7579,6840.0,357,6850.0,15400,6860.0,35,6870.0,1745,2025-05-09 14:16:21.745,,709876470,103396,True,offer
811,123483,1610686670,MERV - XMEV - GGAL - 24hs,6830.0,2025-05-09 14:16:21,44,2025-05-09 14:16:22.350,6810.0,800,6800.0,3536,6790.0,1190,6780.0,1977,6750.0,872,6830.0,7579,6840.0,357,6850.0,15400,6860.0,35,6870.0,1745,2025-05-09 14:16:22.247,,716706470,104396,False,nan
812,123545,1610686772,MERV - XMEV - GGAL - 24hs,6830.0,2025-05-09 14:16:21,44,2025-05-09 14:16:22.832,6810.0,800,6800.0,3536,6790.0,1190,6780.0,1977,6750.0,872,6830.0,6535,6840.0,357,6850.0,15400,6860.0,35,6870.0,1745,2025-05-09 14:16:22.745,,717006990,104440,False,nan
813,123632,1610686892,MERV - XMEV - GGAL - 24hs,6830.0,2025-05-09 14:16:21,44,2025-05-09 14:16:23.496,6810.0,900,6800.0,3536,6790.0,1190,6780.0,1977,6750.0,872,6830.0,6535,6840.0,357,6850.0,15400,6860.0,35,6870.0,1745,2025-05-09 14:16:23.404,,717006990,104440,False,nan
814,124004,1610687469,MERV - XMEV - GGAL - 24hs,6830.0,2025-05-09 14:16:26,440,2025-05-09 14:16:26.739,6810.0,900,6800.0,3536,6790.0,1190,6780.0,1977,6750.0,872,6830.0,6535,6840.0,357,6850.0,15400,6860.0,35,6870.0,1745,2025-05-09 14:16:26.482,,717006990,104440,True,offer
815,124045,1610687533,MERV - XMEV - GGAL - 24hs,6830.0,2025-05-09 14:16:26,440,2025-05-09 14:16:26.939,6810.0,900,6800.0,3536,6790.0,1190,6780.0,1977,6750.0,872,6830.0,6095,6840.0,357,6850.0,15400,6860.0,35,6870.0,1745,2025-05-09 14:16:26.825,,717006990,104440,False,nan
816,124091,1610687605,MERV - XMEV - GGAL - 24hs,6830.0,2025-05-09 14:16:26,440,2025-05-09 14:16:27.416,6810.0,900,6800.0,3536,6790.0,1190,6780.0,1977,6750.0,872,6830.0,6095,6840.0,357,6850.0,15401,6860.0,35,6870.0,1745,2025-05-09 14:16:27.326,,720012190,104880,False,nan
817,124210,1610687796,MERV - XMEV - GGAL - 24hs,6830.0,2025-05-09 14:16:26,440,2025-05-09 14:16:28.444,6810.0,900,6800.0,3536,6790.0,1190,6780.0,1977,6750.0,872,6830.0,6095,6840.0,857,6850.0,15401,6860.0,35,6870.0,1745,2025-05-09 14:16:28.354,,720012190,104880,False,nan
818,124506,1610688218,MERV - XMEV - GGAL - 24hs,6810.0,2025-05-09 14:16:30,115,2025-05-09 14:16:30.761,6810.0,900,6800.0,3536,6790.0,1190,6780.0,1977,6750.0,872,6830.0,6095,6840.0,857,6850.0,15401,6860.0,35,6870.0,1745,2025-05-09 14:16:30.677,,720012190,104880,True,bid
819,124556,1610688296,MERV - XMEV - GGAL - 24hs,6810.0,2025-05-09 14:16:30,115,2025-05-09 14:16:31.421,6810.0,785,6800.0,3536,6790.0,1190,6780.0,1977,6750.0,872,6830.0,6095,6840.0,857,6850.0,15401,6860.0,35,6870.0,1745,2025-05-09 14:16:31.337,,720012190,104880,False,nan
820,124616,1610688380,MERV - XMEV - GGAL - 24hs,6810.0,2025-05-09 14:16:30,115,2025-05-09 14:16:31.926,6810.0,785,6800.0,3536,6790.0,1190,6780.0,1977,6750.0,872,6830.0,6095,6840.0,857,6850.0,15401,6860.0,35,6870.0,1745,2025-05-09 14:16:31.839,,720795340,104995,False,nan
821,124967,1610688938,MERV - XMEV - GGAL - 24hs,6830.0,2025-05-09 14:16:35,115,2025-05-09 14:16:35.376,6810.0,785,6800.0,3536,6790.0,1190,6780.0,1977,6750.0,872,6830.0,6095,6840.0,857,6850.0,15401,6860.0,35,6870.0,1745,2025-05-09 14:16:35.261,,720795340,104995,True,offer
822,125004,1610688990,MERV - XMEV - GGAL - 24hs,6830.0,2025-05-09 14:16:35,115,2025-05-09 14:16:35.844,6810.0,785,6800.0,3543,6790.0,1190,6780.0,1977,6750.0,872,6830.0,5980,6840.0,10857,6850.0,5401,6860.0,35,6870.0,1745,2025-05-09 14:16:35.761,,720795340,104995,False,nan
823,125122,1610689152,MERV - XMEV - GGAL - 24hs,6820.0,2025-05-09 14:16:36,250,2025-05-09 14:16:36.354,6810.0,785,6800.0,3543,6790.0,1190,6780.0,1977,6750.0,872,6830.0,5980,6840.0,10857,6850.0,5401,6860.0,35,6870.0,1745,2025-05-09 14:16:36.262,,723285790,105360,True,nan
824,125178,1610689233,MERV - XMEV - GGAL - 24hs,6820.0,2025-05-09 14:16:36,250,2025-05-09 14:16:36.845,6810.0,785,6800.0,3543,6790.0,1190,6780.0,1977,6750.0,872,6830.0,5980,6840.0,10781,6850.0,5401,6860.0,35,6870.0,1752,2025-05-09 14:16:36.762,,723285790,105360,False,nan
825,125250,1610689338,MERV - XMEV - GGAL - 24hs,6820.0,2025-05-09 14:16:36,250,2025-05-09 14:16:37.359,6810.0,785,6800.0,3543,6790.0,1190,6780.0,1977,6750.0,872,6830.0,5980,6840.0,10781,6850.0,5401,6860.0,35,6870.0,1752,2025-05-09 14:16:37.262,,724990790,105610,False,nan
826,125488,1610689704,MERV - XMEV - GGAL - 24hs,6820.0,2025-05-09 14:16:36,250,2025-05-09 14:16:39.171,6810.0,785,6800.0,3573,6790.0,1190,6780.0,1977,6750.0,872,6830.0,5980,6840.0,10781,6850.0,5401,6860.0,35,6870.0,1752,2025-05-09 14:16:39.087,,724990790,105610,False,nan
827,125602,1610689879,MERV - XMEV - GGAL - 24hs,6810.0,2025-05-09 14:16:39,685,2025-05-09 14:16:40.048,6810.0,785,6800.0,3573,6790.0,1190,6780.0,1977,6750.0,872,6830.0,5980,6840.0,10781,6850.0,5401,6860.0,35,6870.0,1752,2025-05-09 14:16:39.881,,724990790,105610,True,bid
828,125651,1610689952,MERV - XMEV - GGAL - 24hs,6810.0,2025-05-09 14:16:39,95,2025-05-09 14:16:40.466,6810.0,785,6800.0,3573,6790.0,1190,6780.0,1977,6750.0,872,6830.0,5980,6840.0,10781,6850.0,5401,6860.0,35,6870.0,1752,2025-05-09 14:16:40.383,,724990790,105610,False,nan
829,125746,1610690074,MERV - XMEV - GGAL - 24hs,6810.0,2025-05-09 14:16:39,95,2025-05-09 14:16:41.006,6810.0,5,6800.0,3573,6790.0,1190,6780.0,1977,6750.0,872,6830.0,5980,6840.0,781,6850.0,15001,6860.0,35,6870.0,1752,2025-05-09 14:16:40.882,,730302590,106390,False,nan
830,126222,1610690745,MERV - XMEV - GGAL - 24hs,6810.0,2025-05-09 14:16:39,95,2025-05-09 14:16:43.915,6810.0,5,6800.0,3573,6790.0,1190,6780.0,1977,6750.0,872,6830.0,5980,6840.0,781,6850.0,15001,6870.0,1752,6880.0,5437,2025-05-09 14:16:43.806,,730302590,106390,False,nan
831,126321,1610690904,MERV - XMEV - GGAL - 24hs,6830.0,2025-05-09 14:16:44,300,2025-05-09 14:16:44.491,6810.0,5,6800.0,3573,6790.0,1190,6780.0,1977,6750.0,872,6830.0,5980,6840.0,781,6850.0,15001,6870.0,1752,6880.0,5437,2025-05-09 14:16:44.406,,730302590,106390,True,offer
832,126395,1610691010,MERV - XMEV - GGAL - 24hs,6810.0,2025-05-09 14:16:44,5,2025-05-09 14:16:45.018,6810.0,5,6800.0,3573,6790.0,1190,6780.0,1977,6750.0,872,6830.0,5980,6840.0,781,6850.0,15001,6870.0,1752,6880.0,5437,2025-05-09 14:16:44.934,,732351590,106690,False,nan
833,126432,1610691079,MERV - XMEV - GGAL - 24hs,6830.0,2025-05-09 14:16:45,100,2025-05-09 14:16:45.526,6810.0,5,6800.0,3573,6790.0,1190,6780.0,1977,6750.0,872,6830.0,5680,6840.0,781,6850.0,15001,6870.0,1752,6880.0,5437,2025-05-09 14:16:45.442,,739161590,107690,True,offer
834,126477,1610691169,MERV - XMEV - GGAL - 24hs,6830.0,2025-05-09 14:16:45,100,2025-05-09 14:16:46.038,6810.0,5,6800.0,3573,6790.0,1190,6780.0,1977,6750.0,872,6830.0,5580,6840.0,10781,6850.0,5001,6870.0,1752,6880.0,5437,2025-05-09 14:16:45.941,,739844590,107790,False,nan
835,126575,1610691314,MERV - XMEV - GGAL - 24hs,6830.0,2025-05-09 14:16:46,500,2025-05-09 14:16:47.016,6810.0,5,6800.0,3573,6790.0,1190,6780.0,1977,6750.0,872,6830.0,5580,6840.0,10781,6850.0,5001,6870.0,1752,6880.0,5437,2025-05-09 14:16:46.933,,739844590,107790,True,offer
836,126620,1610691388,MERV - XMEV - GGAL - 24hs,6830.0,2025-05-09 14:16:46,500,2025-05-09 14:16:47.705,6810.0,5,6800.0,3573,6790.0,1190,6780.0,1977,6750.0,872,6830.0,5580,6840.0,10781,6850.0,5001,6870.0,1752,6880.0,5437,2025-05-09 14:16:47.622,,743259590,108290,False,nan
837,126726,1610691547,MERV - XMEV - GGAL - 24hs,6830.0,2025-05-09 14:16:46,500,2025-05-09 14:16:48.231,6810.0,5,6800.0,3573,6790.0,1190,6780.0,1977,6750.0,872,6830.0,5080,6840.0,10781,6850.0,5001,6870.0,1752,6880.0,5437,2025-05-09 14:16:48.121,,743259590,108290,False,nan
838,126794,1610691648,MERV - XMEV - GGAL - 24hs,6810.0,2025-05-09 14:16:48,5,2025-05-09 14:16:48.767,6810.0,5,6800.0,3573,6790.0,1190,6780.0,1977,6750.0,872,6830.0,5080,6840.0,10781,6850.0,5001,6870.0,1752,6880.0,5437,2025-05-09 14:16:48.679,,743259590,108290,True,bid
839,126852,1610691738,MERV - XMEV - GGAL - 24hs,6830.0,2025-05-09 14:16:48,120,2025-05-09 14:16:49.264,6810.0,5,6800.0,3573,6790.0,1190,6780.0,1977,6750.0,872,6830.0,5080,6840.0,10781,6850.0,5001,6870.0,1752,6880.0,5437,2025-05-09 14:16:49.179,,743293640,108295,False,nan
840,126915,1610691835,MERV - XMEV - GGAL - 24hs,6840.0,2025-05-09 14:16:49,10,2025-05-09 14:16:49.764,6800.0,3573,6790.0,1190,6780.0,1977,6750.0,872,6730.0,733,6830.0,76,6840.0,10771,6850.0,5001,6870.0,1745,6880.0,5437,2025-05-09 14:16:49.681,,744728040,108505,True,offer
841,126986,1610691925,MERV - XMEV - GGAL - 24hs,6810.0,2025-05-09 14:16:50,5,2025-05-09 14:16:50.512,6800.0,3573,6790.0,1190,6780.0,1977,6750.0,872,6730.0,733,6830.0,76,6840.0,10771,6850.0,5001,6870.0,1745,6880.0,5437,2025-05-09 14:16:50.424,,744728040,108505,True,bid
842,127037,1610691992,MERV - XMEV - GGAL - 24hs,6800.0,2025-05-09 14:16:50,5,2025-05-09 14:16:51.007,6800.0,3568,6790.0,1190,6780.0,1977,6750.0,872,6730.0,733,6830.0,5076,6840.0,10771,6850.0,5001,6870.0,1745,6880.0,5437,2025-05-09 14:16:50.924,,744762090,108510,False,nan
843,127074,1610692043,MERV - XMEV - GGAL - 24hs,6800.0,2025-05-09 14:16:50,5,2025-05-09 14:16:51.507,6800.0,3568,6790.0,1190,6780.0,1977,6750.0,872,6730.0,733,6830.0,5076,6840.0,10771,6850.0,5001,6870.0,1745,6880.0,5437,2025-05-09 14:16:51.424,,751572040,109510,False,nan
844,127512,1610692650,MERV - XMEV - GGAL - 24hs,6830.0,2025-05-09 14:16:54,76,2025-05-09 14:16:54.988,6800.0,3568,6790.0,1190,6780.0,1977,6750.0,872,6730.0,733,6830.0,5076,6840.0,10771,6850.0,5001,6870.0,1745,6880.0,5437,2025-05-09 14:16:54.905,,751572040,109510,True,offer
845,127547,1610692693,MERV - XMEV - GGAL - 24hs,6830.0,2025-05-09 14:16:54,72,2025-05-09 14:16:55.493,6800.0,3568,6790.0,1190,6780.0,1977,6750.0,872,6730.0,733,6830.0,5076,6840.0,10771,6850.0,5001,6870.0,1745,6880.0,5437,2025-05-09 14:16:55.405,,751572040,109510,False,nan
846,127589,1610692747,MERV - XMEV - GGAL - 24hs,6830.0,2025-05-09 14:16:54,72,2025-05-09 14:16:56.191,6800.0,3644,6790.0,1190,6780.0,1977,6750.0,872,6730.0,733,6840.0,10771,6850.0,5001,6870.0,1745,6880.0,5437,6890.0,7611,2025-05-09 14:16:55.980,,752582880,109658,False,nan
847,127722,1610692942,MERV - XMEV - GGAL - 24hs,6830.0,2025-05-09 14:16:54,72,2025-05-09 14:16:57.088,6800.0,3644,6790.0,1190,6780.0,1977,6750.0,872,6730.0,733,6830.0,5000,6840.0,10771,6850.0,5001,6870.0,1745,6880.0,5437,2025-05-09 14:16:56.987,,752582880,109658,False,nan
848,128155,1610693562,MERV - XMEV - GGAL - 24hs,6830.0,2025-05-09 14:16:54,72,2025-05-09 14:17:01.485,6800.0,3644,6790.0,1190,6780.0,1977,6750.0,872,6730.0,733,6830.0,5400,6840.0,10771,6850.0,5001,6870.0,1745,6880.0,5437,2025-05-09 14:17:01.401,,752582880,109658,False,nan
849,128401,1610693909,MERV - XMEV - GGAL - 24hs,6830.0,2025-05-09 14:16:54,72,2025-05-09 14:17:03.674,6810.0,576,6800.0,3568,6790.0,1190,6780.0,1977,6750.0,872,6830.0,5400,6840.0,10771,6850.0,5001,6870.0,2014,6880.0,5437,2025-05-09 14:17:03.573,,752582880,109658,False,nan
850,128449,1610693981,MERV - XMEV - GGAL - 24hs,6830.0,2025-05-09 14:17:04,109,2025-05-09 14:17:04.170,6810.0,576,6800.0,3568,6790.0,1190,6780.0,1977,6750.0,872,6830.0,5400,6840.0,10771,6850.0,5001,6870.0,2014,6880.0,5437,2025-05-09 14:17:04.087,,752582880,109658,True,offer
851,128542,1610694125,MERV - XMEV - GGAL - 24hs,6830.0,2025-05-09 14:17:04,109,2025-05-09 14:17:04.840,6810.0,576,6800.0,3568,6790.0,1190,6780.0,1977,6750.0,872,6830.0,400,6840.0,10771,6850.0,5001,6870.0,2014,6880.0,5437,2025-05-09 14:17:04.757,,752582880,109658,False,nan
852,128650,1610694280,MERV - XMEV - GGAL - 24hs,6810.0,2025-05-09 14:17:04,67,2025-05-09 14:17:05.411,6810.0,576,6800.0,3568,6790.0,1190,6780.0,1977,6750.0,872,6830.0,400,6840.0,10771,6850.0,5001,6870.0,2014,6880.0,5437,2025-05-09 14:17:05.256,,753327350,109767,False,nan
853,128705,1610694361,MERV - XMEV - GGAL - 24hs,6810.0,2025-05-09 14:17:04,67,2025-05-09 14:17:05.839,6810.0,509,6800.0,3568,6790.0,1190,6780.0,1977,6750.0,872,6830.0,5400,6840.0,10771,6850.0,5001,6870.0,2014,6880.0,5437,2025-05-09 14:17:05.756,,753783620,109834,False,nan
854,128759,1610694436,MERV - XMEV - GGAL - 24hs,6810.0,2025-05-09 14:17:05,67,2025-05-09 14:17:06.340,6810.0,509,6800.0,3568,6790.0,1190,6780.0,1977,6750.0,872,6830.0,5400,6840.0,10771,6850.0,5001,6870.0,2014,6880.0,5437,2025-05-09 14:17:06.257,,753783620,109834,True,bid
855,128797,1610694488,MERV - XMEV - GGAL - 24hs,6810.0,2025-05-09 14:17:05,67,2025-05-09 14:17:06.853,6810.0,9,6800.0,3568,6790.0,1190,6780.0,1977,6750.0,872,6830.0,5467,6840.0,10771,6850.0,5001,6870.0,2014,6880.0,5437,2025-05-09 14:17:06.759,,753783620,109834,False,nan
856,128858,1610694564,MERV - XMEV - GGAL - 24hs,6810.0,2025-05-09 14:17:05,67,2025-05-09 14:17:07.347,6810.0,9,6800.0,3568,6790.0,1190,6780.0,1977,6750.0,872,6830.0,5467,6840.0,10771,6850.0,5001,6870.0,2014,6880.0,5437,2025-05-09 14:17:07.258,,757188620,110334,False,nan
857,129067,1610694866,MERV - XMEV - GGAL - 24hs,6810.0,2025-05-09 14:17:05,67,2025-05-09 14:17:08.935,6810.0,9,6800.0,3568,6790.0,1190,6780.0,1977,6750.0,872,6830.0,5467,6840.0,10771,6850.0,5001,6870.0,2514,6880.0,5437,2025-05-09 14:17:08.850,,757188620,110334,False,nan
858,129194,1610695057,MERV - XMEV - GGAL - 24hs,6830.0,2025-05-09 14:17:09,400,2025-05-09 14:17:10.468,6810.0,9,6800.0,3568,6790.0,1190,6780.0,1977,6750.0,872,6830.0,5467,6840.0,10771,6850.0,5001,6870.0,2514,6880.0,5437,2025-05-09 14:17:10.371,,757188620,110334,True,offer
859,129229,1610695108,MERV - XMEV - GGAL - 24hs,6830.0,2025-05-09 14:17:09,2600,2025-05-09 14:17:10.955,6810.0,9,6800.0,3568,6790.0,1190,6780.0,1977,6750.0,872,6830.0,5467,6840.0,10771,6850.0,5001,6870.0,2514,6880.0,5437,2025-05-09 14:17:10.871,,757188620,110334,False,nan
860,129280,1610695180,MERV - XMEV - GGAL - 24hs,6830.0,2025-05-09 14:17:09,2600,2025-05-09 14:17:11.454,6810.0,9,6800.0,3568,6790.0,1190,6780.0,1977,6750.0,872,6830.0,102,6840.0,10771,6850.0,5001,6870.0,2514,6880.0,5437,2025-05-09 14:17:11.371,,777678620,113334,False,nan
861,129405,1610695354,MERV - XMEV - GGAL - 24hs,6830.0,2025-05-09 14:17:10,11,2025-05-09 14:17:13.019,6810.0,9,6800.0,3568,6790.0,1190,6780.0,1977,6750.0,872,6830.0,102,6840.0,10771,6850.0,5001,6870.0,2514,6880.0,5437,2025-05-09 14:17:12.933,,777678620,113334,True,offer
862,129501,1610695504,MERV - XMEV - GGAL - 24hs,6810.0,2025-05-09 14:17:11,100,2025-05-09 14:17:13.522,6810.0,9,6800.0,3568,6790.0,1190,6780.0,1977,6750.0,872,6830.0,5091,6840.0,10771,6850.0,5001,6870.0,2514,6880.0,5437,2025-05-09 14:17:13.438,,777815040,113354,True,bid
863,129554,1610695587,MERV - XMEV - GGAL - 24hs,6810.0,2025-05-09 14:17:11,100,2025-05-09 14:17:14.016,6800.0,4068,6790.0,1190,6780.0,1977,6750.0,872,6730.0,733,6810.0,891,6830.0,5035,6840.0,10771,6850.0,5001,6870.0,2519,2025-05-09 14:17:13.933,,778496040,113454,False,nan
864,129613,1610695682,MERV - XMEV - GGAL - 24hs,6810.0,2025-05-09 14:17:12,91,2025-05-09 14:17:14.532,6800.0,4068,6790.0,1190,6780.0,1977,6750.0,872,6730.0,733,6810.0,891,6830.0,5035,6840.0,10771,6850.0,5001,6870.0,2519,2025-05-09 14:17:14.433,,783944040,114254,True,offer
865,129694,1610695793,MERV - XMEV - GGAL - 24hs,6810.0,2025-05-09 14:17:13,900,2025-05-09 14:17:15.026,6810.0,20,6800.0,4068,6790.0,190,6780.0,1977,6750.0,872,6830.0,5100,6840.0,10771,6850.0,5001,6870.0,2514,6880.0,5437,2025-05-09 14:17:14.935,,790692750,115245,True,offer
866,129802,1610695958,MERV - XMEV - GGAL - 24hs,6810.0,2025-05-09 14:17:13,900,2025-05-09 14:17:15.679,6810.0,20,6800.0,4118,6790.0,190,6780.0,1977,6750.0,872,6830.0,5100,6840.0,10771,6850.0,5001,6870.0,2514,6880.0,5437,2025-05-09 14:17:15.527,,790692750,115245,False,nan
867,130234,1610696623,MERV - XMEV - GGAL - 24hs,6830.0,2025-05-09 14:17:18,1,2025-05-09 14:17:18.899,6810.0,20,6800.0,4118,6790.0,190,6780.0,1977,6750.0,872,6830.0,5100,6840.0,10771,6850.0,5001,6870.0,2514,6880.0,5437,2025-05-09 14:17:18.810,,790692750,115245,True,offer
868,130283,1610696692,MERV - XMEV - GGAL - 24hs,6830.0,2025-05-09 14:17:18,1,2025-05-09 14:17:19.570,6810.0,20,6800.0,4118,6790.0,190,6780.0,1977,6750.0,872,6830.0,5099,6840.0,10771,6850.0,5001,6870.0,2514,6880.0,5437,2025-05-09 14:17:19.478,,790692750,115245,False,nan
869,130319,1610696744,MERV - XMEV - GGAL - 24hs,6830.0,2025-05-09 14:17:18,1,2025-05-09 14:17:20.068,6810.0,20,6800.0,4118,6790.0,190,6780.0,1977,6750.0,872,6830.0,5099,6840.0,10771,6850.0,5001,6870.0,2514,6880.0,5437,2025-05-09 14:17:19.978,,790699580,115246,False,nan
870,130657,1610697269,MERV - XMEV - GGAL - 24hs,6830.0,2025-05-09 14:17:23,2,2025-05-09 14:17:23.756,6810.0,20,6800.0,4118,6790.0,190,6780.0,1977,6750.0,872,6830.0,5099,6840.0,10771,6850.0,5001,6870.0,2514,6880.0,5437,2025-05-09 14:17:23.669,,790699580,115246,True,offer
871,130722,1610697373,MERV - XMEV - GGAL - 24hs,6830.0,2025-05-09 14:17:23,2,2025-05-09 14:17:24.333,6810.0,20,6800.0,4118,6790.0,190,6780.0,1977,6750.0,872,6830.0,5099,6840.0,10771,6850.0,5001,6870.0,2514,6880.0,5437,2025-05-09 14:17:24.247,,790713240,115248,False,nan
872,130782,1610697453,MERV - XMEV - GGAL - 24hs,6830.0,2025-05-09 14:17:23,2,2025-05-09 14:17:24.843,6810.0,20,6800.0,4118,6790.0,190,6780.0,1977,6750.0,872,6830.0,5097,6840.0,10771,6850.0,5001,6870.0,2514,6880.0,5437,2025-05-09 14:17:24.747,,790713240,115248,False,nan
873,130990,1610697744,MERV - XMEV - GGAL - 24hs,6830.0,2025-05-09 14:17:23,2,2025-05-09 14:17:26.257,6810.0,9,6800.0,4118,6790.0,190,6780.0,1977,6750.0,2323,6820.0,5000,6830.0,32,6840.0,15771,6850.0,1,6870.0,2520,2025-05-09 14:17:26.171,,790713240,115248,False,nan
874,131111,1610697947,MERV - XMEV - GGAL - 24hs,6820.0,2025-05-09 14:17:27,5,2025-05-09 14:17:27.423,6810.0,9,6800.0,4118,6790.0,190,6780.0,1977,6750.0,2323,6820.0,5000,6830.0,32,6840.0,15771,6850.0,1,6870.0,2520,2025-05-09 14:17:27.331,,790713240,115248,True,offer
875,131147,1610697999,MERV - XMEV - GGAL - 24hs,6820.0,2025-05-09 14:17:27,5,2025-05-09 14:17:27.915,6810.0,9,6800.0,4118,6790.0,190,6780.0,1977,6750.0,2323,6820.0,4995,6830.0,32,6840.0,15771,6850.0,1,6870.0,2520,2025-05-09 14:17:27.832,,790713240,115248,False,nan
876,131187,1610698058,MERV - XMEV - GGAL - 24hs,6820.0,2025-05-09 14:17:27,5,2025-05-09 14:17:28.415,6810.0,9,6800.0,4118,6790.0,190,6780.0,1977,6750.0,2323,6820.0,4995,6830.0,32,6840.0,15771,6850.0,1,6870.0,2520,2025-05-09 14:17:28.332,,790747340,115253,False,nan
877,131249,1610698164,MERV - XMEV - GGAL - 24hs,6820.0,2025-05-09 14:17:27,5,2025-05-09 14:17:28.915,6810.0,20,6800.0,4118,6790.0,190,6780.0,1977,6750.0,2322,6830.0,97,6840.0,15771,6850.0,1,6870.0,2514,6880.0,5437,2025-05-09 14:17:28.832,,790747340,115253,False,nan
878,131304,1610698254,MERV - XMEV - GGAL - 24hs,6820.0,2025-05-09 14:17:27,5,2025-05-09 14:17:29.415,6810.0,9,6800.0,4118,6790.0,190,6780.0,1977,6750.0,2323,6820.0,5000,6830.0,32,6840.0,15771,6850.0,1,6870.0,2520,2025-05-09 14:17:29.332,,790747340,115253,False,nan
879,132400,1610699868,MERV - XMEV - GGAL - 24hs,6820.0,2025-05-09 14:17:38,23,2025-05-09 14:17:38.420,6810.0,9,6800.0,4118,6790.0,190,6780.0,1977,6750.0,2323,6820.0,5000,6830.0,32,6840.0,15771,6850.0,1,6870.0,2520,2025-05-09 14:17:38.310,,790747340,115253,True,offer
880,132475,1610699974,MERV - XMEV - GGAL - 24hs,6820.0,2025-05-09 14:17:38,23,2025-05-09 14:17:39.004,6810.0,9,6800.0,4118,6790.0,190,6780.0,1977,6750.0,2323,6830.0,532,6840.0,15771,6850.0,1,6870.0,2520,6880.0,5437,2025-05-09 14:17:38.921,,790747340,115253,False,nan
881,132541,1610700057,MERV - XMEV - GGAL - 24hs,6810.0,2025-05-09 14:17:38,9,2025-05-09 14:17:39.515,6810.0,9,6800.0,4118,6790.0,190,6780.0,1977,6750.0,2323,6830.0,532,6840.0,15771,6850.0,1,6870.0,2520,6880.0,5437,2025-05-09 14:17:39.421,,790904200,115276,False,nan
882,132600,1610700149,MERV - XMEV - GGAL - 24hs,6810.0,2025-05-09 14:17:39,100,2025-05-09 14:17:40.005,6800.0,4118,6790.0,190,6780.0,1977,6750.0,2322,6730.0,734,6810.0,91,6820.0,5000,6830.0,532,6840.0,15771,6850.0,1,2025-05-09 14:17:39.921,,791646490,115385,True,bid
883,132644,1610700215,MERV - XMEV - GGAL - 24hs,6810.0,2025-05-09 14:17:40,9,2025-05-09 14:17:40.692,6800.0,4118,6790.0,190,6780.0,1977,6750.0,2322,6730.0,734,6810.0,91,6820.0,5000,6830.0,532,6840.0,15771,6850.0,1,2025-05-09 14:17:40.608,,791646490,115385,True,offer
884,132714,1610700313,MERV - XMEV - GGAL - 24hs,6810.0,2025-05-09 14:17:40,9,2025-05-09 14:17:41.357,6800.0,3868,6790.0,440,6780.0,1977,6750.0,2322,6730.0,734,6810.0,82,6820.0,5000,6830.0,532,6840.0,15771,6850.0,1,2025-05-09 14:17:41.273,,791646490,115385,False,nan
885,132768,1610700382,MERV - XMEV - GGAL - 24hs,6810.0,2025-05-09 14:17:40,9,2025-05-09 14:17:41.872,6800.0,3868,6790.0,440,6780.0,1977,6750.0,2322,6730.0,734,6810.0,82,6820.0,5000,6830.0,532,6840.0,15771,6850.0,1,2025-05-09 14:17:41.775,,791707780,115394,False,nan
886,133136,1610700879,MERV - XMEV - GGAL - 24hs,6810.0,2025-05-09 14:17:40,9,2025-05-09 14:17:45.175,6800.0,4505,6790.0,440,6780.0,1977,6750.0,2322,6730.0,734,6810.0,82,6820.0,5000,6830.0,532,6840.0,15771,6850.0,1,2025-05-09 14:17:45.091,,791707780,115394,False,nan
887,133225,1610701007,MERV - XMEV - GGAL - 24hs,6810.0,2025-05-09 14:17:40,9,2025-05-09 14:17:46.275,6800.0,4505,6790.0,190,6780.0,1977,6750.0,2322,6730.0,734,6810.0,82,6820.0,5000,6830.0,532,6840.0,15771,6850.0,1,2025-05-09 14:17:46.185,,791707780,115394,False,nan
888,133434,1610701284,MERV - XMEV - GGAL - 24hs,6810.0,2025-05-09 14:17:47,2,2025-05-09 14:17:47.907,6800.0,4505,6790.0,190,6780.0,1977,6750.0,2322,6730.0,734,6810.0,82,6820.0,5000,6830.0,532,6840.0,15771,6850.0,1,2025-05-09 14:17:47.728,,791707780,115394,True,offer
889,133555,1610701471,MERV - XMEV - GGAL - 24hs,6810.0,2025-05-09 14:17:47,2,2025-05-09 14:17:48.470,6800.0,4505,6790.0,190,6780.0,1977,6750.0,2322,6730.0,734,6810.0,80,6820.0,5000,6830.0,532,6840.0,15771,6850.0,1,2025-05-09 14:17:48.228,,791721400,115396,False,nan
890,133664,1610701627,MERV - XMEV - GGAL - 24hs,6810.0,2025-05-09 14:17:48,80,2025-05-09 14:17:49.038,6800.0,4505,6790.0,190,6780.0,1977,6750.0,2322,6730.0,734,6810.0,80,6820.0,5000,6830.0,532,6840.0,15771,6850.0,1,2025-05-09 14:17:48.953,,791721400,115396,True,offer
891,133734,1610701755,MERV - XMEV - GGAL - 24hs,6810.0,2025-05-09 14:17:49,610,2025-05-09 14:17:49.543,6800.0,4505,6790.0,190,6780.0,1977,6750.0,2322,6730.0,734,6810.0,80,6820.0,5000,6830.0,532,6840.0,15771,6850.0,1,2025-05-09 14:17:49.453,,792266200,115476,True,offer
892,133785,1610701832,MERV - XMEV - GGAL - 24hs,6810.0,2025-05-09 14:17:49,610,2025-05-09 14:17:50.036,6810.0,3,6800.0,4505,6790.0,190,6780.0,1977,6750.0,2322,6820.0,5000,6830.0,532,6840.0,15771,6850.0,1,6870.0,2520,2025-05-09 14:17:49.953,,796420300,116086,False,nan
893,134095,1610702289,MERV - XMEV - GGAL - 24hs,6810.0,2025-05-09 14:17:49,610,2025-05-09 14:17:52.914,6810.0,3,6800.0,4525,6790.0,190,6780.0,1977,6750.0,2322,6820.0,5000,6830.0,532,6840.0,15771,6850.0,1,6870.0,2520,2025-05-09 14:17:52.830,,796420300,116086,False,nan
894,134189,1610702420,MERV - XMEV - GGAL - 24hs,6830.0,2025-05-09 14:17:53,6,2025-05-09 14:17:53.684,6810.0,3,6800.0,4525,6790.0,190,6780.0,1977,6750.0,2322,6820.0,5000,6830.0,532,6840.0,15771,6850.0,1,6870.0,2520,2025-05-09 14:17:53.600,,796420300,116086,True,offer
895,134254,1610702521,MERV - XMEV - GGAL - 24hs,6810.0,2025-05-09 14:17:53,2,2025-05-09 14:17:54.185,6810.0,14,6800.0,4525,6790.0,190,6780.0,1977,6750.0,2322,6830.0,591,6840.0,5771,6850.0,10001,6860.0,5000,6870.0,2514,2025-05-09 14:17:54.100,,796461280,116092,False,nan
896,134301,1610702584,MERV - XMEV - GGAL - 24hs,6810.0,2025-05-09 14:17:53,2,2025-05-09 14:17:54.688,6810.0,9,6800.0,4525,6790.0,190,6780.0,1977,6750.0,2322,6830.0,591,6840.0,5771,6850.0,10001,6860.0,5000,6870.0,2514,2025-05-09 14:17:54.601,,796495330,116097,False,nan
897,134908,1610703451,MERV - XMEV - GGAL - 24hs,6810.0,2025-05-09 14:17:53,2,2025-05-09 14:17:59.103,6810.0,1009,6800.0,4525,6790.0,190,6780.0,1977,6750.0,2322,6830.0,91,6840.0,771,6850.0,5001,6870.0,17514,6880.0,5437,2025-05-09 14:17:59.011,,796495330,116097,False,nan
898,135161,1610703823,MERV - XMEV - GGAL - 24hs,6810.0,2025-05-09 14:17:53,2,2025-05-09 14:18:01.229,6810.0,1009,6800.0,4525,6790.0,190,6780.0,1977,6750.0,2322,6830.0,5091,6840.0,771,6850.0,15001,6870.0,2514,6880.0,5437,2025-05-09 14:18:01.144,,796495330,116097,False,nan
899,135265,1610703991,MERV - XMEV - GGAL - 24hs,6810.0,2025-05-09 14:17:53,2,2025-05-09 14:18:02.311,6810.0,1009,6800.0,4525,6790.0,190,6780.0,1977,6750.0,2322,6830.0,91,6840.0,771,6850.0,5001,6870.0,17514,6880.0,5437,2025-05-09 14:18:02.199,,796495330,116097,False,nan
900,135375,1610704173,MERV - XMEV - GGAL - 24hs,6810.0,2025-05-09 14:17:53,2,2025-05-09 14:18:03.374,6810.0,1009,6800.0,4525,6790.0,190,6780.0,2141,6750.0,2322,6830.0,591,6840.0,771,6850.0,5001,6870.0,17514,6880.0,5437,2025-05-09 14:18:03.291,,796495330,116097,False,nan
901,135805,1610704867,MERV - XMEV - GGAL - 24hs,6810.0,2025-05-09 14:17:53,2,2025-05-09 14:18:05.865,6810.0,1020,6800.0,4525,6790.0,190,6780.0,2141,6750.0,2322,6830.0,591,6840.0,771,6850.0,5001,6870.0,17514,6880.0,5437,2025-05-09 14:18:05.780,,796495330,116097,False,nan
902,135870,1610704979,MERV - XMEV - GGAL - 24hs,6830.0,2025-05-09 14:18:05,10,2025-05-09 14:18:06.363,6810.0,1020,6800.0,4525,6790.0,190,6780.0,2141,6750.0,2322,6830.0,591,6840.0,771,6850.0,5001,6870.0,17514,6880.0,5437,2025-05-09 14:18:06.279,,796495330,116097,True,offer
903,135911,1610705039,MERV - XMEV - GGAL - 24hs,6830.0,2025-05-09 14:18:05,10,2025-05-09 14:18:06.870,6810.0,1020,6800.0,4525,6790.0,190,6780.0,2141,6750.0,2322,6830.0,581,6840.0,771,6850.0,5001,6870.0,17514,6880.0,5437,2025-05-09 14:18:06.781,,796563630,116107,False,nan
904,136040,1610705250,MERV - XMEV - GGAL - 24hs,6830.0,2025-05-09 14:18:05,10,2025-05-09 14:18:08.179,6810.0,1020,6800.0,4525,6790.0,190,6780.0,2141,6750.0,2322,6830.0,81,6840.0,771,6850.0,5001,6870.0,17514,6880.0,5437,2025-05-09 14:18:08.096,,796563630,116107,False,nan
905,136162,1610705421,MERV - XMEV - GGAL - 24hs,6830.0,2025-05-09 14:18:05,10,2025-05-09 14:18:09.232,6810.0,1020,6800.0,4525,6790.0,1190,6780.0,2141,6750.0,2322,6830.0,81,6840.0,771,6850.0,5001,6870.0,17514,6880.0,5437,2025-05-09 14:18:08.854,,796563630,116107,False,nan
906,136344,1610705686,MERV - XMEV - GGAL - 24hs,6830.0,2025-05-09 14:18:10,8,2025-05-09 14:18:10.759,6810.0,1020,6800.0,4525,6790.0,1190,6780.0,2141,6750.0,2322,6830.0,81,6840.0,771,6850.0,5001,6870.0,17514,6880.0,5437,2025-05-09 14:18:10.662,,796563630,116107,True,offer
907,136438,1610705830,MERV - XMEV - GGAL - 24hs,6830.0,2025-05-09 14:18:10,8,2025-05-09 14:18:12.323,6810.0,1020,6800.0,4525,6790.0,1190,6780.0,2141,6750.0,2322,6830.0,65,6840.0,771,6850.0,5001,6870.0,17514,6880.0,5437,2025-05-09 14:18:12.235,,796563630,116107,False,nan
908,136460,1610705862,MERV - XMEV - GGAL - 24hs,6830.0,2025-05-09 14:18:10,8,2025-05-09 14:18:12.828,6810.0,1020,6800.0,4525,6790.0,1190,6780.0,2141,6750.0,2322,6830.0,65,6840.0,771,6850.0,5001,6870.0,17514,6880.0,5437,2025-05-09 14:18:12.741,,796618270,116115,False,nan
909,136548,1610705979,MERV - XMEV - GGAL - 24hs,6830.0,2025-05-09 14:18:10,8,2025-05-09 14:18:13.760,6810.0,2020,6800.0,3525,6790.0,1190,6780.0,2141,6750.0,2322,6830.0,65,6840.0,771,6850.0,5001,6870.0,17514,6880.0,5437,2025-05-09 14:18:13.656,,796618270,116115,False,nan
910,137233,1610707076,MERV - XMEV - GGAL - 24hs,6830.0,2025-05-09 14:18:10,8,2025-05-09 14:18:19.184,6810.0,2020,6800.0,3525,6790.0,1190,6780.0,2141,6750.0,2322,6830.0,65,6840.0,524,6850.0,5248,6870.0,20514,6880.0,5437,2025-05-09 14:18:18.905,,796618270,116115,False,nan
911,137388,1610707307,MERV - XMEV - GGAL - 24hs,6820.0,2025-05-09 14:18:16,27,2025-05-09 14:18:20.191,6810.0,2020,6800.0,3525,6790.0,1190,6780.0,2141,6750.0,2322,6830.0,65,6840.0,524,6850.0,5248,6870.0,20514,6880.0,5437,2025-05-09 14:18:19.956,,796618270,116115,True,nan
912,137417,1610707347,MERV - XMEV - GGAL - 24hs,6810.0,2025-05-09 14:18:16,3,2025-05-09 14:18:20.539,6810.0,2020,6800.0,3525,6790.0,1190,6780.0,2141,6750.0,2322,6830.0,65,6840.0,524,6850.0,5248,6870.0,20514,6880.0,5437,2025-05-09 14:18:20.453,,796618270,116115,False,nan
913,137490,1610707452,MERV - XMEV - GGAL - 24hs,6810.0,2025-05-09 14:18:16,3,2025-05-09 14:18:21.040,6820.0,6,6810.0,2011,6800.0,3525,6790.0,1190,6780.0,2141,6830.0,65,6840.0,524,6850.0,5248,6870.0,20514,6880.0,5437,2025-05-09 14:18:20.953,,796618270,116115,False,nan
914,137546,1610707537,MERV - XMEV - GGAL - 24hs,6810.0,2025-05-09 14:18:16,3,2025-05-09 14:18:21.554,6820.0,6,6810.0,2011,6800.0,3525,6790.0,1190,6780.0,2141,6830.0,65,6840.0,524,6850.0,5248,6870.0,20514,6880.0,5437,2025-05-09 14:18:21.453,,796822840,116145,False,nan
915,137714,1610707794,MERV - XMEV - GGAL - 24hs,6830.0,2025-05-09 14:18:19,65,2025-05-09 14:18:22.373,6820.0,6,6810.0,2011,6800.0,3525,6790.0,1190,6780.0,2141,6830.0,65,6840.0,524,6850.0,5248,6870.0,20514,6880.0,5437,2025-05-09 14:18:22.153,,796822840,116145,True,offer
916,137862,1610708019,MERV - XMEV - GGAL - 24hs,6840.0,2025-05-09 14:18:19,11,2025-05-09 14:18:23.075,6820.0,85,6810.0,2011,6800.0,3525,6790.0,1190,6780.0,2141,6840.0,494,6850.0,5248,6870.0,20514,6880.0,5437,6890.0,7611,2025-05-09 14:18:22.655,,797506190,116245,False,nan
917,138004,1610708222,MERV - XMEV - GGAL - 24hs,6840.0,2025-05-09 14:18:19,11,2025-05-09 14:18:23.686,6820.0,85,6810.0,2011,6800.0,3525,6790.0,1190,6780.0,2141,6840.0,494,6850.0,5248,6870.0,19514,6880.0,5437,6890.0,7611,2025-05-09 14:18:23.152,,797506190,116245,False,nan
918,138138,1610708417,MERV - XMEV - GGAL - 24hs,6820.0,2025-05-09 14:18:22,3,2025-05-09 14:18:24.288,6820.0,82,6810.0,2011,6800.0,3525,6790.0,1190,6780.0,2141,6840.0,494,6850.0,5248,6870.0,20514,6880.0,5437,6890.0,7611,2025-05-09 14:18:23.652,,797526650,116248,True,bid
919,138470,1610708877,MERV - XMEV - GGAL - 24hs,6820.0,2025-05-09 14:18:22,3,2025-05-09 14:18:27.122,6820.0,82,6810.0,2012,6800.0,3525,6790.0,1190,6780.0,2141,6840.0,494,6850.0,5248,6870.0,20514,6880.0,5437,6890.0,7611,2025-05-09 14:18:27.039,,797526650,116248,False,nan
920,138707,1610709212,MERV - XMEV - GGAL - 24hs,6820.0,2025-05-09 14:18:22,3,2025-05-09 14:18:28.857,6820.0,1082,6810.0,1012,6800.0,3525,6790.0,1190,6780.0,2141,6840.0,494,6850.0,5248,6870.0,19514,6880.0,5437,6890.0,7611,2025-05-09 14:18:28.770,,797526650,116248,False,nan
921,138798,1610709363,MERV - XMEV - GGAL - 24hs,6820.0,2025-05-09 14:18:22,3,2025-05-09 14:18:29.656,6820.0,1082,6810.0,1012,6800.0,3525,6790.0,1190,6780.0,2141,6840.0,494,6850.0,5248,6870.0,20514,6880.0,5437,6890.0,7611,2025-05-09 14:18:29.569,,797526650,116248,False,nan
922,138880,1610709472,MERV - XMEV - GGAL - 24hs,6820.0,2025-05-09 14:18:22,3,2025-05-09 14:18:30.434,6820.0,1082,6810.0,1012,6800.0,3525,6790.0,1190,6780.0,2141,6840.0,494,6850.0,5248,6870.0,19514,6880.0,5437,6890.0,7611,2025-05-09 14:18:30.342,,797526650,116248,False,nan
923,138937,1610709567,MERV - XMEV - GGAL - 24hs,6840.0,2025-05-09 14:18:30,109,2025-05-09 14:18:30.921,6820.0,1082,6810.0,1012,6800.0,3525,6790.0,1190,6780.0,2141,6840.0,494,6850.0,5248,6870.0,19514,6880.0,5437,6890.0,7611,2025-05-09 14:18:30.837,,797526650,116248,True,offer
924,138983,1610709663,MERV - XMEV - GGAL - 24hs,6840.0,2025-05-09 14:18:30,109,2025-05-09 14:18:31.421,6820.0,1082,6810.0,1012,6800.0,3525,6790.0,1190,6780.0,2141,6840.0,385,6850.0,5248,6870.0,20514,6880.0,5437,6890.0,7611,2025-05-09 14:18:31.337,,797526650,116248,False,nan
925,139054,1610709808,MERV - XMEV - GGAL - 24hs,6840.0,2025-05-09 14:18:30,109,2025-05-09 14:18:31.991,6820.0,1082,6810.0,1012,6800.0,3525,6790.0,1190,6780.0,2141,6840.0,385,6850.0,5248,6870.0,20514,6880.0,5437,6890.0,7611,2025-05-09 14:18:31.838,,798272210,116357,False,nan
926,139124,1610709914,MERV - XMEV - GGAL - 24hs,6840.0,2025-05-09 14:18:30,109,2025-05-09 14:18:32.623,6820.0,1332,6810.0,1012,6800.0,3525,6790.0,1190,6780.0,2141,6840.0,385,6850.0,5248,6870.0,19514,6880.0,5437,6890.0,7611,2025-05-09 14:18:32.537,,798272210,116357,False,nan
927,139187,1610710008,MERV - XMEV - GGAL - 24hs,6820.0,2025-05-09 14:18:32,38,2025-05-09 14:18:33.122,6820.0,1332,6810.0,1012,6800.0,3525,6790.0,1190,6780.0,2141,6840.0,385,6850.0,5248,6870.0,19514,6880.0,5437,6890.0,7611,2025-05-09 14:18:33.038,,798272210,116357,True,bid
928,139293,1610710167,MERV - XMEV - GGAL - 24hs,6820.0,2025-05-09 14:18:32,38,2025-05-09 14:18:34.003,6820.0,1283,6810.0,1012,6800.0,3525,6790.0,1190,6780.0,2141,6840.0,385,6850.0,5248,6870.0,19514,6880.0,5437,6890.0,7611,2025-05-09 14:18:33.826,,798272210,116357,False,nan
929,139350,1610710252,MERV - XMEV - GGAL - 24hs,6820.0,2025-05-09 14:18:32,38,2025-05-09 14:18:34.414,6820.0,1283,6810.0,1012,6800.0,3525,6790.0,1190,6780.0,2141,6840.0,385,6850.0,5248,6870.0,19514,6880.0,5437,6890.0,7611,2025-05-09 14:18:34.326,,798606390,116406,False,nan
930,139457,1610710418,MERV - XMEV - GGAL - 24hs,6820.0,2025-05-09 14:18:32,38,2025-05-09 14:18:35.358,6820.0,1283,6810.0,1012,6800.0,3525,6790.0,1190,6780.0,2141,6840.0,385,6850.0,5248,6870.0,18514,6880.0,5437,6890.0,7611,2025-05-09 14:18:35.275,,798606390,116406,False,nan
931,139884,1610711056,MERV - XMEV - GGAL - 24hs,6830.0,2025-05-09 14:18:38,1000,2025-05-09 14:18:38.943,6820.0,1283,6810.0,1012,6800.0,3525,6790.0,1190,6780.0,2141,6840.0,385,6850.0,5248,6870.0,18514,6880.0,5437,6890.0,7611,2025-05-09 14:18:38.849,,798606390,116406,True,nan
932,139945,1610711142,MERV - XMEV - GGAL - 24hs,6820.0,2025-05-09 14:18:38,663,2025-05-09 14:18:39.436,6820.0,1283,6810.0,1012,6800.0,3525,6790.0,1190,6780.0,2141,6840.0,385,6850.0,5248,6870.0,18514,6880.0,5437,6890.0,7611,2025-05-09 14:18:39.349,,805436390,117406,False,nan
933,140003,1610711229,MERV - XMEV - GGAL - 24hs,6820.0,2025-05-09 14:18:38,663,2025-05-09 14:18:39.942,6820.0,620,6810.0,1012,6800.0,3525,6790.0,1190,6780.0,2141,6840.0,423,6850.0,5248,6870.0,47514,6880.0,5437,6890.0,7611,2025-05-09 14:18:39.854,,809958050,118069,False,nan
934,140251,1610711597,MERV - XMEV - GGAL - 24hs,6820.0,2025-05-09 14:18:42,14,2025-05-09 14:18:42.331,6820.0,620,6810.0,1012,6800.0,3525,6790.0,1190,6780.0,2141,6840.0,423,6850.0,5248,6870.0,47514,6880.0,5437,6890.0,7611,2025-05-09 14:18:42.224,,809958050,118069,True,bid
935,140302,1610711664,MERV - XMEV - GGAL - 24hs,6820.0,2025-05-09 14:18:42,14,2025-05-09 14:18:42.808,6820.0,356,6810.0,1012,6800.0,3525,6790.0,1190,6780.0,2141,6840.0,423,6850.0,5248,6870.0,47514,6880.0,5437,6890.0,7611,2025-05-09 14:18:42.724,,809958050,118069,False,nan
936,140355,1610711755,MERV - XMEV - GGAL - 24hs,6820.0,2025-05-09 14:18:42,14,2025-05-09 14:18:43.308,6820.0,356,6810.0,1012,6800.0,3525,6790.0,1190,6780.0,2141,6840.0,423,6850.0,5248,6870.0,47514,6880.0,5437,6890.0,7611,2025-05-09 14:18:43.224,,810053530,118083,False,nan
937,140414,1610711842,MERV - XMEV - GGAL - 24hs,6840.0,2025-05-09 14:18:43,4,2025-05-09 14:18:44.005,6820.0,356,6810.0,1012,6800.0,3525,6790.0,1190,6780.0,2141,6840.0,423,6850.0,5248,6870.0,47514,6880.0,5437,6890.0,7611,2025-05-09 14:18:43.921,,810053530,118083,True,offer
938,140484,1610711964,MERV - XMEV - GGAL - 24hs,6840.0,2025-05-09 14:18:43,4,2025-05-09 14:18:44.675,6820.0,356,6810.0,1012,6800.0,3525,6790.0,1190,6780.0,2141,6840.0,419,6850.0,5248,6870.0,47514,6880.0,5437,6890.0,7611,2025-05-09 14:18:44.588,,810053530,118083,False,nan
939,140534,1610712040,MERV - XMEV - GGAL - 24hs,6840.0,2025-05-09 14:18:43,4,2025-05-09 14:18:45.170,6820.0,356,6810.0,1012,6800.0,3525,6790.0,1190,6780.0,2141,6840.0,419,6850.0,5248,6870.0,47514,6880.0,5437,6890.0,7611,2025-05-09 14:18:45.087,,810080890,118087,False,nan
940,140625,1610712161,MERV - XMEV - GGAL - 24hs,6820.0,2025-05-09 14:18:45,20,2025-05-09 14:18:46.043,6820.0,356,6810.0,1012,6800.0,3525,6790.0,1190,6780.0,2141,6840.0,419,6850.0,5248,6870.0,47514,6880.0,5437,6890.0,7611,2025-05-09 14:18:45.694,,810080890,118087,True,bid
941,140702,1610712266,MERV - XMEV - GGAL - 24hs,6820.0,2025-05-09 14:18:45,20,2025-05-09 14:18:46.381,6820.0,336,6810.0,1012,6800.0,3525,6790.0,1190,6780.0,2141,6840.0,419,6850.0,5248,6870.0,47514,6880.0,5437,6890.0,7611,2025-05-09 14:18:46.287,,810080890,118087,False,nan
942,140759,1610712349,MERV - XMEV - GGAL - 24hs,6820.0,2025-05-09 14:18:45,20,2025-05-09 14:18:46.874,6820.0,336,6810.0,1012,6800.0,3525,6790.0,1190,6780.0,2141,6840.0,419,6850.0,5248,6870.0,47514,6880.0,5437,6890.0,7611,2025-05-09 14:18:46.788,,810217290,118107,False,nan
943,141155,1610712972,MERV - XMEV - GGAL - 24hs,6820.0,2025-05-09 14:18:45,20,2025-05-09 14:18:50.011,6820.0,336,6810.0,1262,6800.0,3525,6790.0,1190,6780.0,2141,6840.0,419,6850.0,5248,6860.0,30000,6870.0,17514,6880.0,5437,2025-05-09 14:18:49.922,,810217290,118107,False,nan
944,141459,1610713441,MERV - XMEV - GGAL - 24hs,6820.0,2025-05-09 14:18:45,20,2025-05-09 14:18:51.915,6820.0,336,6810.0,1262,6800.0,3525,6790.0,1290,6780.0,2141,6840.0,419,6850.0,5248,6860.0,30000,6870.0,17514,6880.0,5437,2025-05-09 14:18:51.428,,810217290,118107,False,nan
945,141743,1610713863,MERV - XMEV - GGAL - 24hs,6820.0,2025-05-09 14:18:45,20,2025-05-09 14:18:53.668,6820.0,836,6810.0,1262,6800.0,3525,6790.0,1323,6780.0,2141,6840.0,419,6850.0,5248,6860.0,30000,6870.0,17514,6880.0,5437,2025-05-09 14:18:53.583,,810217290,118107,False,nan
946,141824,1610713975,MERV - XMEV - GGAL - 24hs,6840.0,2025-05-09 14:18:53,6,2025-05-09 14:18:54.176,6820.0,836,6810.0,1262,6800.0,3525,6790.0,1323,6780.0,2141,6840.0,419,6850.0,5248,6860.0,30000,6870.0,17514,6880.0,5437,2025-05-09 14:18:54.084,,810217290,118107,True,offer
947,141867,1610714053,MERV - XMEV - GGAL - 24hs,6840.0,2025-05-09 14:18:53,6,2025-05-09 14:18:54.667,6820.0,836,6810.0,1262,6800.0,3525,6790.0,1323,6780.0,2141,6840.0,413,6850.0,5248,6860.0,30000,6870.0,17514,6880.0,5437,2025-05-09 14:18:54.583,,810217290,118107,False,nan
948,141924,1610714139,MERV - XMEV - GGAL - 24hs,6840.0,2025-05-09 14:18:53,6,2025-05-09 14:18:55.171,6820.0,836,6810.0,1262,6800.0,3525,6790.0,1323,6780.0,2141,6840.0,413,6850.0,5248,6860.0,30000,6870.0,17514,6880.0,5437,2025-05-09 14:18:55.084,,810258330,118113,False,nan
949,142132,1610714453,MERV - XMEV - GGAL - 24hs,6840.0,2025-05-09 14:18:53,6,2025-05-09 14:18:56.960,6820.0,836,6810.0,1262,6800.0,3525,6790.0,1323,6780.0,2241,6840.0,413,6850.0,5248,6860.0,30000,6870.0,17514,6880.0,5437,2025-05-09 14:18:56.852,,810258330,118113,False,nan
950,142278,1610714667,MERV - XMEV - GGAL - 24hs,6840.0,2025-05-09 14:18:58,200,2025-05-09 14:18:58.172,6820.0,836,6810.0,1262,6800.0,3525,6790.0,1323,6780.0,2241,6840.0,413,6850.0,5248,6860.0,30000,6870.0,17514,6880.0,5437,2025-05-09 14:18:58.088,,810258330,118113,True,offer
951,142335,1610714769,MERV - XMEV - GGAL - 24hs,6840.0,2025-05-09 14:18:58,200,2025-05-09 14:18:58.835,6820.0,836,6810.0,1262,6800.0,3525,6790.0,1323,6780.0,2241,6840.0,213,6850.0,5248,6860.0,30000,6870.0,17514,6880.0,5437,2025-05-09 14:18:58.749,,810258330,118113,False,nan
952,142415,1610714876,MERV - XMEV - GGAL - 24hs,6840.0,2025-05-09 14:18:58,200,2025-05-09 14:18:59.334,6820.0,836,6810.0,1262,6800.0,3525,6790.0,1323,6780.0,2241,6840.0,213,6850.0,5248,6860.0,30000,6870.0,17514,6880.0,5437,2025-05-09 14:18:59.250,,811626330,118313,False,nan
953,142646,1610715240,MERV - XMEV - GGAL - 24hs,6840.0,2025-05-09 14:19:01,170,2025-05-09 14:19:01.653,6820.0,836,6810.0,1262,6800.0,3525,6790.0,1323,6780.0,2241,6840.0,213,6850.0,5248,6860.0,30000,6870.0,17514,6880.0,5437,2025-05-09 14:19:01.569,,811626330,118313,True,offer
954,142700,1610715316,MERV - XMEV - GGAL - 24hs,6820.0,2025-05-09 14:19:01,197,2025-05-09 14:19:02.154,6820.0,341,6810.0,1262,6800.0,3525,6790.0,1323,6780.0,2241,6830.0,7,6850.0,5248,6860.0,30000,6870.0,17514,6880.0,5437,2025-05-09 14:19:02.069,,813083250,118526,False,nan
955,142758,1610715414,MERV - XMEV - GGAL - 24hs,6810.0,2025-05-09 14:19:02,427,2025-05-09 14:19:02.681,6820.0,341,6810.0,1262,6800.0,3525,6790.0,1323,6780.0,2241,6830.0,7,6850.0,5248,6860.0,30000,6870.0,17514,6880.0,5437,2025-05-09 14:19:02.570,,827191540,120593,True,bid
956,142869,1610715560,MERV - XMEV - GGAL - 24hs,6810.0,2025-05-09 14:19:02,427,2025-05-09 14:19:03.611,6810.0,862,6800.0,3525,6790.0,1323,6780.0,2241,6750.0,2325,6830.0,7,6850.0,5248,6860.0,40000,6870.0,7514,6880.0,5437,2025-05-09 14:19:03.069,,827191540,120593,False,nan
957,142927,1610715645,MERV - XMEV - GGAL - 24hs,6810.0,2025-05-09 14:19:02,427,2025-05-09 14:19:03.862,6810.0,862,6800.0,3525,6790.0,1323,6780.0,2241,6770.0,100,6830.0,7,6850.0,5248,6860.0,40000,6870.0,2514,6880.0,5437,2025-05-09 14:19:03.571,,827191540,120593,False,nan
958,143161,1610715983,MERV - XMEV - GGAL - 24hs,6810.0,2025-05-09 14:19:02,427,2025-05-09 14:19:05.151,6810.0,862,6800.0,3525,6790.0,1323,6780.0,2241,6770.0,100,6830.0,7,6850.0,5248,6860.0,40000,6870.0,7514,6880.0,5437,2025-05-09 14:19:04.962,,827191540,120593,False,nan
959,143286,1610716170,MERV - XMEV - GGAL - 24hs,6810.0,2025-05-09 14:19:02,427,2025-05-09 14:19:06.052,6810.0,824,6800.0,3525,6790.0,1323,6780.0,2241,6770.0,103,6820.0,30,6830.0,7,6850.0,5248,6860.0,40000,6870.0,7514,2025-05-09 14:19:05.968,,827191540,120593,False,nan
960,143370,1610716300,MERV - XMEV - GGAL - 24hs,6810.0,2025-05-09 14:19:02,427,2025-05-09 14:19:06.883,6810.0,824,6800.0,3525,6790.0,1323,6780.0,2241,6770.0,103,6820.0,30,6830.0,7,6850.0,5248,6860.0,40009,6870.0,7514,2025-05-09 14:19:06.791,,827191540,120593,False,nan
961,143531,1610716531,MERV - XMEV - GGAL - 24hs,6820.0,2025-05-09 14:19:08,30,2025-05-09 14:19:08.159,6810.0,824,6800.0,3525,6790.0,1323,6780.0,2241,6770.0,103,6820.0,30,6830.0,7,6850.0,5248,6860.0,40009,6870.0,7514,2025-05-09 14:19:08.070,,827191540,120593,True,offer
962,143629,1610716718,MERV - XMEV - GGAL - 24hs,6850.0,2025-05-09 14:19:08,236,2025-05-09 14:19:08.756,6810.0,824,6800.0,3525,6790.0,1323,6780.0,2241,6770.0,103,6820.0,30,6830.0,7,6850.0,5248,6860.0,40009,6870.0,7514,2025-05-09 14:19:08.571,,827191540,120593,False,nan
963,143677,1610716812,MERV - XMEV - GGAL - 24hs,6850.0,2025-05-09 14:19:08,236,2025-05-09 14:19:09.179,6810.0,824,6800.0,3525,6790.0,1323,6780.0,2241,6770.0,103,6850.0,5011,6860.0,40009,6870.0,7514,6880.0,5437,6890.0,7611,2025-05-09 14:19:09.070,,829067400,120867,False,nan
964,143760,1610716936,MERV - XMEV - GGAL - 24hs,6850.0,2025-05-09 14:19:08,236,2025-05-09 14:19:09.659,6830.0,5,6810.0,824,6800.0,3525,6790.0,1323,6780.0,2241,6850.0,5049,6860.0,40009,6870.0,7514,6880.0,5437,6890.0,7611,2025-05-09 14:19:09.570,,829067400,120867,False,nan
965,144175,1610717560,MERV - XMEV - GGAL - 24hs,6850.0,2025-05-09 14:19:08,236,2025-05-09 14:19:12.535,6830.0,5,6820.0,300,6810.0,251,6800.0,3525,6790.0,1323,6850.0,5049,6860.0,40009,6870.0,7514,6880.0,5437,6890.0,7611,2025-05-09 14:19:12.415,,829067400,120867,False,nan
966,144554,1610718117,MERV - XMEV - GGAL - 24hs,6850.0,2025-05-09 14:19:08,236,2025-05-09 14:19:16.203,6830.0,5,6820.0,1800,6810.0,251,6800.0,3525,6790.0,1323,6850.0,5049,6860.0,40009,6870.0,7514,6880.0,5437,6890.0,7611,2025-05-09 14:19:16.115,,829067400,120867,False,nan
967,144723,1610718353,MERV - XMEV - GGAL - 24hs,6850.0,2025-05-09 14:19:08,236,2025-05-09 14:19:17.683,6830.0,5,6820.0,1800,6810.0,351,6800.0,3525,6790.0,1323,6850.0,5049,6860.0,40009,6870.0,7514,6880.0,5437,6890.0,7611,2025-05-09 14:19:17.599,,829067400,120867,False,nan
968,144908,1610718626,MERV - XMEV - GGAL - 24hs,6850.0,2025-05-09 14:19:08,236,2025-05-09 14:19:19.808,6830.0,5,6820.0,4800,6810.0,351,6800.0,3525,6790.0,1323,6850.0,5049,6860.0,40009,6870.0,7514,6880.0,5437,6890.0,7611,2025-05-09 14:19:19.713,,829067400,120867,False,nan
969,145126,1610718973,MERV - XMEV - GGAL - 24hs,6830.0,2025-05-09 14:19:21,5,2025-05-09 14:19:21.476,6830.0,5,6820.0,4800,6810.0,351,6800.0,3525,6790.0,1323,6850.0,5049,6860.0,40009,6870.0,7514,6880.0,5437,6890.0,7611,2025-05-09 14:19:21.390,,829067400,120867,True,bid
970,145203,1610719080,MERV - XMEV - GGAL - 24hs,6830.0,2025-05-09 14:19:21,5,2025-05-09 14:19:22.000,6820.0,4800,6810.0,351,6800.0,3525,6790.0,1323,6780.0,2241,6850.0,5049,6860.0,40009,6870.0,7514,6880.0,5437,6890.0,7611,2025-05-09 14:19:21.906,,829067400,120867,False,nan
971,145310,1610719249,MERV - XMEV - GGAL - 24hs,6830.0,2025-05-09 14:19:21,5,2025-05-09 14:19:22.542,6820.0,4800,6810.0,351,6800.0,3525,6790.0,1323,6780.0,2241,6850.0,5049,6860.0,40009,6870.0,7514,6880.0,5437,6890.0,7611,2025-05-09 14:19:22.406,,829101550,120872,False,nan
972,145399,1610719376,MERV - XMEV - GGAL - 24hs,6830.0,2025-05-09 14:19:21,5,2025-05-09 14:19:23.315,6820.0,4838,6810.0,351,6800.0,3525,6790.0,1323,6780.0,2241,6850.0,5049,6860.0,40009,6870.0,7514,6880.0,5437,6890.0,7611,2025-05-09 14:19:22.980,,829101550,120872,False,nan
973,145606,1610719658,MERV - XMEV - GGAL - 24hs,6820.0,2025-05-09 14:19:24,1,2025-05-09 14:19:24.704,6820.0,4838,6810.0,351,6800.0,3525,6790.0,1323,6780.0,2241,6850.0,5049,6860.0,40009,6870.0,7514,6880.0,5437,6890.0,7611,2025-05-09 14:19:24.617,,829101550,120872,True,bid
974,145679,1610719759,MERV - XMEV - GGAL - 24hs,6820.0,2025-05-09 14:19:24,1,2025-05-09 14:19:25.204,6820.0,4837,6810.0,351,6800.0,3525,6790.0,1323,6780.0,2241,6850.0,5049,6860.0,40009,6870.0,7514,6880.0,5437,6890.0,7611,2025-05-09 14:19:25.117,,829101550,120872,False,nan
975,145741,1610719857,MERV - XMEV - GGAL - 24hs,6820.0,2025-05-09 14:19:24,1,2025-05-09 14:19:25.701,6820.0,4837,6810.0,351,6800.0,3525,6790.0,1323,6780.0,2241,6850.0,5049,6860.0,40009,6870.0,7514,6880.0,5437,6890.0,7611,2025-05-09 14:19:25.618,,829108370,120873,False,nan
976,145829,1610719984,MERV - XMEV - GGAL - 24hs,6850.0,2025-05-09 14:19:26,11,2025-05-09 14:19:26.560,6820.0,4837,6810.0,351,6800.0,3525,6790.0,1323,6780.0,2241,6850.0,5049,6860.0,40009,6870.0,7514,6880.0,5437,6890.0,7611,2025-05-09 14:19:26.474,,829108370,120873,True,offer
977,145907,1610720091,MERV - XMEV - GGAL - 24hs,6850.0,2025-05-09 14:19:26,439,2025-05-09 14:19:27.064,6820.0,4837,6810.0,351,6800.0,3525,6790.0,1323,6780.0,2241,6850.0,5049,6860.0,40009,6870.0,7514,6880.0,5437,6890.0,7611,2025-05-09 14:19:26.974,,829108370,120873,False,nan
978,145966,1610720169,MERV - XMEV - GGAL - 24hs,6850.0,2025-05-09 14:19:26,439,2025-05-09 14:19:27.557,6820.0,4837,6810.0,351,6800.0,3525,6790.0,1350,6780.0,2241,6850.0,38,6860.0,40009,6870.0,7514,6880.0,5437,6890.0,7611,2025-05-09 14:19:27.474,,832190870,121323,False,nan
979,146022,1610720251,MERV - XMEV - GGAL - 24hs,6820.0,2025-05-09 14:19:27,36,2025-05-09 14:19:28.058,6820.0,4837,6810.0,351,6800.0,3525,6790.0,1350,6780.0,2241,6850.0,38,6860.0,40009,6870.0,7514,6880.0,5437,6890.0,7611,2025-05-09 14:19:27.974,,832190870,121323,True,bid
980,146078,1610720330,MERV - XMEV - GGAL - 24hs,6820.0,2025-05-09 14:19:27,36,2025-05-09 14:19:28.557,6820.0,4801,6810.0,351,6800.0,3525,6790.0,1350,6780.0,2241,6850.0,5038,6860.0,40009,6870.0,7514,6880.0,5437,6890.0,7611,2025-05-09 14:19:28.474,,832436390,121359,False,nan
981,146464,1610720874,MERV - XMEV - GGAL - 24hs,6820.0,2025-05-09 14:19:30,1,2025-05-09 14:19:31.086,6820.0,4801,6810.0,351,6800.0,3525,6790.0,1350,6780.0,2241,6850.0,5038,6860.0,40009,6870.0,7514,6880.0,5437,6890.0,7611,2025-05-09 14:19:30.999,,832436390,121359,True,bid
982,146529,1610720968,MERV - XMEV - GGAL - 24hs,6820.0,2025-05-09 14:19:30,1,2025-05-09 14:19:31.583,6820.0,4900,6810.0,351,6800.0,3525,6790.0,1350,6780.0,2241,6850.0,5038,6860.0,40009,6870.0,7514,6880.0,5437,6890.0,7611,2025-05-09 14:19:31.500,,832436390,121359,False,nan
983,146602,1610721071,MERV - XMEV - GGAL - 24hs,6850.0,2025-05-09 14:19:31,15,2025-05-09 14:19:32.083,6820.0,4900,6810.0,351,6800.0,3525,6790.0,1350,6780.0,2241,6850.0,5038,6860.0,40009,6870.0,7514,6880.0,5437,6890.0,7611,2025-05-09 14:19:32.000,,832545960,121375,True,offer
984,146663,1610721160,MERV - XMEV - GGAL - 24hs,6850.0,2025-05-09 14:19:31,15,2025-05-09 14:19:32.592,6820.0,4900,6810.0,351,6800.0,3525,6790.0,1350,6780.0,2241,6850.0,5023,6860.0,40009,6870.0,7514,6880.0,5437,6890.0,7611,2025-05-09 14:19:32.499,,832545960,121375,False,nan
985,147008,1610721660,MERV - XMEV - GGAL - 24hs,6830.0,2025-05-09 14:19:34,300,2025-05-09 14:19:34.876,6820.0,4900,6810.0,351,6800.0,3525,6790.0,1350,6780.0,2241,6850.0,5023,6860.0,40009,6870.0,7514,6880.0,5437,6890.0,7611,2025-05-09 14:19:34.790,,832545960,121375,True,bid
986,147085,1610721787,MERV - XMEV - GGAL - 24hs,6830.0,2025-05-09 14:19:34,300,2025-05-09 14:19:35.407,6830.0,53,6820.0,4862,6810.0,351,6800.0,3225,6790.0,1350,6850.0,18859,6860.0,40009,6870.0,7514,6880.0,5437,6890.0,7611,2025-05-09 14:19:35.292,,832545960,121375,False,nan
987,147148,1610721891,MERV - XMEV - GGAL - 24hs,6830.0,2025-05-09 14:19:34,300,2025-05-09 14:19:35.888,6830.0,53,6820.0,4862,6810.0,351,6800.0,3225,6790.0,1350,6850.0,18859,6860.0,40009,6870.0,7514,6880.0,5437,6890.0,7611,2025-05-09 14:19:35.792,,834594960,121675,False,nan
988,147239,1610722035,MERV - XMEV - GGAL - 24hs,6830.0,2025-05-09 14:19:36,50,2025-05-09 14:19:36.402,6830.0,53,6820.0,4862,6810.0,351,6800.0,3225,6790.0,1350,6850.0,18859,6860.0,40009,6870.0,7514,6880.0,5437,6890.0,7611,2025-05-09 14:19:36.291,,834594960,121675,True,bid
989,147321,1610722163,MERV - XMEV - GGAL - 24hs,6830.0,2025-05-09 14:19:36,50,2025-05-09 14:19:36.892,6830.0,3,6820.0,4862,6810.0,351,6800.0,3225,6790.0,1350,6850.0,18859,6860.0,40009,6870.0,7514,6880.0,5437,6890.0,7611,2025-05-09 14:19:36.791,,834936460,121725,False,nan
990,147625,1610722630,MERV - XMEV - GGAL - 24hs,6830.0,2025-05-09 14:19:36,50,2025-05-09 14:19:39.236,6830.0,3,6820.0,4862,6810.0,351,6800.0,3235,6790.0,1350,6850.0,18859,6860.0,40009,6870.0,7514,6880.0,5437,6890.0,7611,2025-05-09 14:19:39.140,,834936460,121725,False,nan
991,148047,1610723294,MERV - XMEV - GGAL - 24hs,6830.0,2025-05-09 14:19:41,2,2025-05-09 14:19:41.824,6830.0,3,6820.0,4862,6810.0,351,6800.0,3235,6790.0,1350,6850.0,18859,6860.0,40009,6870.0,7514,6880.0,5437,6890.0,7611,2025-05-09 14:19:41.740,,834936460,121725,True,bid
992,148113,1610723395,MERV - XMEV - GGAL - 24hs,6850.0,2025-05-09 14:19:42,2,2025-05-09 14:19:42.336,6830.0,3,6820.0,4862,6810.0,351,6800.0,3235,6790.0,1350,6850.0,18859,6860.0,40009,6870.0,7514,6880.0,5437,6890.0,7611,2025-05-09 14:19:42.241,,834950120,121727,True,offer
993,148179,1610723497,MERV - XMEV - GGAL - 24hs,6850.0,2025-05-09 14:19:42,2,2025-05-09 14:19:42.829,6830.0,1,6820.0,4862,6810.0,351,6800.0,3235,6790.0,1350,6850.0,18857,6860.0,40009,6870.0,7514,6880.0,5437,6890.0,7611,2025-05-09 14:19:42.746,,834963820,121729,False,nan
994,148271,1610723639,MERV - XMEV - GGAL - 24hs,6850.0,2025-05-09 14:19:42,2,2025-05-09 14:19:43.581,6830.0,2,6820.0,4862,6810.0,451,6800.0,3235,6790.0,1350,6850.0,18857,6860.0,40009,6870.0,7514,6880.0,5437,6890.0,7611,2025-05-09 14:19:43.488,,834963820,121729,False,nan
995,148578,1610724106,MERV - XMEV - GGAL - 24hs,6850.0,2025-05-09 14:19:46,21,2025-05-09 14:19:46.919,6830.0,2,6820.0,4862,6810.0,451,6800.0,3235,6790.0,1350,6850.0,18857,6860.0,40009,6870.0,7514,6880.0,5437,6890.0,7611,2025-05-09 14:19:46.835,,834963820,121729,True,offer
996,148646,1610724198,MERV - XMEV - GGAL - 24hs,6850.0,2025-05-09 14:19:47,386,2025-05-09 14:19:47.455,6830.0,2,6820.0,4862,6810.0,451,6800.0,3235,6790.0,1350,6850.0,18857,6860.0,40009,6870.0,7514,6880.0,5437,6890.0,7611,2025-05-09 14:19:47.336,,844341470,123098,True,offer
997,148715,1610724297,MERV - XMEV - GGAL - 24hs,6850.0,2025-05-09 14:19:47,386,2025-05-09 14:19:47.919,6830.0,2,6820.0,4862,6810.0,451,6800.0,3235,6790.0,1350,6850.0,13502,6860.0,40009,6870.0,7514,6880.0,5437,6890.0,7611,2025-05-09 14:19:47.835,,846985570,123484,False,nan
998,148924,1610724620,MERV - XMEV - GGAL - 24hs,6850.0,2025-05-09 14:19:47,386,2025-05-09 14:19:49.548,6830.0,732,6820.0,16762,6810.0,451,6800.0,3235,6790.0,1350,6850.0,18502,6860.0,40009,6870.0,7514,6880.0,5437,6890.0,7611,2025-05-09 14:19:49.458,,846985570,123484,False,nan
999,149107,1610724881,MERV - XMEV - GGAL - 24hs,6850.0,2025-05-09 14:19:47,386,2025-05-09 14:19:50.965,6840.0,2,6830.0,731,6820.0,16762,6810.0,451,6800.0,3236,6850.0,18450,6860.0,40009,6870.0,7514,6880.0,5437,6890.0,7616,2025-05-09 14:19:50.876,,846985570,123484,False,nan
1000,149268,1610725123,MERV - XMEV - GGAL - 24hs,6850.0,2025-05-09 14:19:47,386,2025-05-09 14:19:52.455,6840.0,2,6830.0,731,6820.0,16762,6810.0,451,6800.0,3236,6850.0,18450,6860.0,40009,6870.0,7514,6880.0,5937,6890.0,7616,2025-05-09 14:19:51.956,,846985570,123484,False,nan
1001,149335,1610725236,MERV - XMEV - GGAL - 24hs,6850.0,2025-05-09 14:19:52,150,2025-05-09 14:19:52.824,6840.0,2,6830.0,731,6820.0,16762,6810.0,451,6800.0,3236,6850.0,18450,6860.0,40009,6870.0,7514,6880.0,5937,6890.0,7616,2025-05-09 14:19:52.435,,846985570,123484,True,offer
1002,149423,1610725385,MERV - XMEV - GGAL - 24hs,6850.0,2025-05-09 14:19:52,150,2025-05-09 14:19:53.291,6840.0,2,6830.0,731,6820.0,16762,6810.0,451,6800.0,3236,6850.0,18300,6860.0,40009,6870.0,7514,6880.0,5937,6890.0,7616,2025-05-09 14:19:52.935,,848013070,123634,False,nan
1003,149524,1610725530,MERV - XMEV - GGAL - 24hs,6850.0,2025-05-09 14:19:52,150,2025-05-09 14:19:53.764,6840.0,2,6830.0,731,6820.0,16762,6810.0,451,6800.0,3436,6850.0,18300,6860.0,40009,6870.0,7514,6880.0,5937,6890.0,7616,2025-05-09 14:19:53.610,,848013070,123634,False,nan
1004,150327,1610726711,MERV - XMEV - GGAL - 24hs,6840.0,2025-05-09 14:19:58,2,2025-05-09 14:19:58.900,6840.0,2,6830.0,731,6820.0,16762,6810.0,451,6800.0,3436,6850.0,18300,6860.0,40009,6870.0,7514,6880.0,5937,6890.0,7616,2025-05-09 14:19:58.801,,848013070,123634,True,bid
1005,150408,1610726830,MERV - XMEV - GGAL - 24hs,6840.0,2025-05-09 14:19:58,2,2025-05-09 14:20:00.070,6830.0,755,6820.0,16762,6810.0,451,6800.0,3083,6790.0,1350,6850.0,18352,6860.0,40009,6870.0,7514,6880.0,5937,6890.0,7611,2025-05-09 14:19:59.918,,848013070,123634,False,nan
1006,150513,1610726965,MERV - XMEV - GGAL - 24hs,6840.0,2025-05-09 14:19:58,2,2025-05-09 14:20:00.508,6830.0,755,6820.0,16762,6810.0,451,6800.0,3083,6790.0,1350,6850.0,18352,6860.0,40009,6870.0,7514,6880.0,5937,6890.0,7611,2025-05-09 14:20:00.022,,848026750,123636,False,nan
1007,150898,1610727480,MERV - XMEV - GGAL - 24hs,6840.0,2025-05-09 14:19:58,2,2025-05-09 14:20:02.670,6830.0,731,6820.0,16762,6810.0,451,6800.0,3083,6790.0,1352,6840.0,2,6850.0,18300,6860.0,40009,6870.0,7514,6880.0,5942,2025-05-09 14:20:02.579,,848026750,123636,False,nan
1008,151055,1610727701,MERV - XMEV - GGAL - 24hs,6830.0,2025-05-09 14:20:03,1,2025-05-09 14:20:04.021,6830.0,731,6820.0,16762,6810.0,451,6800.0,3083,6790.0,1352,6840.0,2,6850.0,18300,6860.0,40009,6870.0,7514,6880.0,5942,2025-05-09 14:20:03.936,,848026750,123636,True,bid
1009,151112,1610727788,MERV - XMEV - GGAL - 24hs,6830.0,2025-05-09 14:20:03,729,2025-05-09 14:20:04.523,6830.0,731,6820.0,16762,6810.0,451,6800.0,3083,6790.0,1352,6840.0,2,6850.0,18300,6860.0,40009,6870.0,7514,6880.0,5942,2025-05-09 14:20:04.436,,848026750,123636,False,nan
1010,151176,1610727887,MERV - XMEV - GGAL - 24hs,6830.0,2025-05-09 14:20:03,729,2025-05-09 14:20:05.056,6830.0,25,6820.0,16762,6810.0,451,6800.0,3083,6790.0,1350,6850.0,18352,6860.0,40009,6870.0,2514,6880.0,5937,6890.0,7633,2025-05-09 14:20:04.936,,853012650,124366,False,nan
1011,151372,1610728278,MERV - XMEV - GGAL - 24hs,6850.0,2025-05-09 14:20:06,935,2025-05-09 14:20:06.475,6830.0,25,6820.0,16762,6810.0,451,6800.0,3083,6790.0,1350,6850.0,18352,6860.0,40009,6870.0,2514,6880.0,5937,6890.0,7633,2025-05-09 14:20:06.384,,853012650,124366,True,offer
1012,151463,1610728442,MERV - XMEV - GGAL - 24hs,6850.0,2025-05-09 14:20:06,935,2025-05-09 14:20:07.043,6830.0,25,6820.0,16762,6810.0,451,6800.0,3083,6790.0,1350,6850.0,17417,6860.0,40009,6870.0,7514,6880.0,5937,6890.0,7633,2025-05-09 14:20:06.883,,853012650,124366,False,nan
1013,151555,1610728559,MERV - XMEV - GGAL - 24hs,6850.0,2025-05-09 14:20:06,935,2025-05-09 14:20:07.471,6830.0,25,6820.0,16762,6810.0,451,6800.0,3083,6790.0,1350,6850.0,17917,6860.0,40009,6870.0,7514,6880.0,5937,6890.0,7633,2025-05-09 14:20:07.383,,859417400,125301,False,nan
1014,152633,1610730161,MERV - XMEV - GGAL - 24hs,6850.0,2025-05-09 14:20:13,44,2025-05-09 14:20:14.304,6830.0,25,6820.0,16762,6810.0,451,6800.0,3083,6790.0,1350,6850.0,17917,6860.0,40009,6870.0,7514,6880.0,5937,6890.0,7633,2025-05-09 14:20:14.123,,859417400,125301,True,offer
1015,152734,1610730303,MERV - XMEV - GGAL - 24hs,6850.0,2025-05-09 14:20:13,44,2025-05-09 14:20:14.767,6830.0,25,6820.0,16762,6810.0,451,6800.0,3083,6790.0,1350,6850.0,17873,6860.0,40009,6870.0,7514,6880.0,5937,6890.0,7633,2025-05-09 14:20:14.621,,859718800,125345,False,nan
1016,152886,1610730535,MERV - XMEV - GGAL - 24hs,6850.0,2025-05-09 14:20:15,1,2025-05-09 14:20:16.091,6830.0,25,6820.0,16762,6810.0,451,6800.0,3083,6790.0,1350,6850.0,17873,6860.0,40009,6870.0,7514,6880.0,5937,6890.0,7633,2025-05-09 14:20:15.995,,859718800,125345,True,offer
1017,152983,1610730660,MERV - XMEV - GGAL - 24hs,6850.0,2025-05-09 14:20:15,1,2025-05-09 14:20:16.690,6830.0,25,6820.0,16762,6810.0,451,6800.0,3083,6790.0,1350,6850.0,17872,6860.0,40009,6870.0,7514,6880.0,5937,6890.0,7633,2025-05-09 14:20:16.600,,859718800,125345,False,nan
1018,153028,1610730724,MERV - XMEV - GGAL - 24hs,6850.0,2025-05-09 14:20:15,1,2025-05-09 14:20:17.184,6830.0,25,6820.0,16762,6810.0,451,6800.0,3083,6790.0,1350,6850.0,17872,6860.0,40009,6870.0,7514,6880.0,5937,6890.0,7633,2025-05-09 14:20:17.100,,859725650,125346,False,nan
1019,153437,1610731331,MERV - XMEV - GGAL - 24hs,6850.0,2025-05-09 14:20:20,36,2025-05-09 14:20:20.614,6830.0,25,6820.0,16762,6810.0,451,6800.0,3083,6790.0,1350,6850.0,17872,6860.0,40009,6870.0,7514,6880.0,5937,6890.0,7633,2025-05-09 14:20:20.259,,859725650,125346,True,offer
1020,153502,1610731419,MERV - XMEV - GGAL - 24hs,6850.0,2025-05-09 14:20:20,36,2025-05-09 14:20:20.949,6830.0,25,6820.0,16762,6810.0,451,6800.0,3083,6790.0,1350,6850.0,17836,6860.0,40009,6870.0,7514,6880.0,5937,6890.0,7633,2025-05-09 14:20:20.852,,859725650,125346,False,nan
1021,153574,1610731501,MERV - XMEV - GGAL - 24hs,6850.0,2025-05-09 14:20:20,36,2025-05-09 14:20:21.467,6830.0,25,6820.0,16762,6810.0,451,6800.0,3083,6790.0,1350,6850.0,17836,6860.0,40009,6870.0,7514,6880.0,5937,6890.0,7633,2025-05-09 14:20:21.350,,859972250,125382,False,nan
1022,153689,1610731673,MERV - XMEV - GGAL - 24hs,6830.0,2025-05-09 14:20:21,1,2025-05-09 14:20:22.042,6830.0,25,6820.0,16762,6810.0,451,6800.0,3083,6790.0,1350,6850.0,17836,6860.0,40009,6870.0,7514,6880.0,5937,6890.0,7633,2025-05-09 14:20:21.901,,859972250,125382,True,bid
1023,153790,1610731804,MERV - XMEV - GGAL - 24hs,6820.0,2025-05-09 14:20:21,220,2025-05-09 14:20:22.491,6830.0,25,6820.0,16762,6810.0,451,6800.0,3083,6790.0,1350,6850.0,17836,6860.0,40009,6870.0,7514,6880.0,5937,6890.0,7633,2025-05-09 14:20:22.402,,872930500,127282,False,nan
1024,153939,1610732027,MERV - XMEV - GGAL - 24hs,6820.0,2025-05-09 14:20:21,220,2025-05-09 14:20:23.250,6820.0,14667,6810.0,451,6800.0,3083,6790.0,1350,6780.0,2241,6840.0,76,6850.0,17784,6860.0,45009,6870.0,2514,6880.0,5937,2025-05-09 14:20:22.902,,874430900,127502,False,nan
1025,154368,1610732648,MERV - XMEV - GGAL - 24hs,6820.0,2025-05-09 14:20:21,220,2025-05-09 14:20:25.763,6820.0,14667,6810.0,451,6800.0,3083,6790.0,1350,6780.0,2830,6840.0,76,6850.0,17784,6860.0,45009,6870.0,2514,6880.0,5937,2025-05-09 14:20:25.677,,874430900,127502,False,nan
1026,154542,1610732881,MERV - XMEV - GGAL - 24hs,6820.0,2025-05-09 14:20:21,220,2025-05-09 14:20:26.831,6820.0,14667,6810.0,451,6800.0,3083,6790.0,1350,6780.0,2241,6840.0,1076,6850.0,17784,6860.0,45009,6870.0,2514,6880.0,5937,2025-05-09 14:20:26.746,,874430900,127502,False,nan
1027,154841,1610733310,MERV - XMEV - GGAL - 24hs,6820.0,2025-05-09 14:20:21,220,2025-05-09 14:20:29.819,6820.0,14677,6810.0,451,6800.0,3083,6790.0,1350,6780.0,2241,6840.0,1076,6850.0,17784,6860.0,21009,6870.0,2514,6880.0,5937,2025-05-09 14:20:29.728,,874430900,127502,False,nan
1028,154937,1610733438,MERV - XMEV - GGAL - 24hs,6840.0,2025-05-09 14:20:30,10,2025-05-09 14:20:30.708,6820.0,14677,6810.0,451,6800.0,3083,6790.0,1350,6780.0,2241,6840.0,1076,6850.0,17784,6860.0,21009,6870.0,2514,6880.0,5937,2025-05-09 14:20:30.622,,874430900,127502,True,offer
1029,154986,1610733504,MERV - XMEV - GGAL - 24hs,6840.0,2025-05-09 14:20:30,10,2025-05-09 14:20:31.207,6820.0,14677,6810.0,451,6800.0,3083,6790.0,1350,6780.0,2241,6840.0,1066,6850.0,17784,6860.0,23009,6870.0,2514,6880.0,5937,2025-05-09 14:20:31.123,,874430900,127502,False,nan
1030,155050,1610733600,MERV - XMEV - GGAL - 24hs,6840.0,2025-05-09 14:20:30,10,2025-05-09 14:20:31.704,6820.0,14677,6810.0,451,6800.0,3083,6790.0,1350,6780.0,2241,6840.0,1066,6850.0,17784,6860.0,23009,6870.0,2514,6880.0,5937,2025-05-09 14:20:31.621,,874499300,127512,False,nan
1031,155252,1610733871,MERV - XMEV - GGAL - 24hs,6840.0,2025-05-09 14:20:30,10,2025-05-09 14:20:33.248,6820.0,14687,6810.0,451,6800.0,3083,6790.0,1350,6780.0,2241,6840.0,1066,6850.0,17784,6860.0,21009,6870.0,2514,6880.0,5937,2025-05-09 14:20:33.158,,874499300,127512,False,nan
1032,155400,1610734082,MERV - XMEV - GGAL - 24hs,6840.0,2025-05-09 14:20:30,10,2025-05-09 14:20:34.555,6820.0,14687,6810.0,451,6800.0,3083,6790.0,1350,6780.0,2241,6840.0,1066,6850.0,17784,6860.0,16009,6870.0,2514,6880.0,5937,2025-05-09 14:20:34.469,,874499300,127512,False,nan
1033,155491,1610734224,MERV - XMEV - GGAL - 24hs,6840.0,2025-05-09 14:20:30,10,2025-05-09 14:20:35.384,6820.0,14687,6810.0,451,6800.0,3083,6790.0,1350,6780.0,2241,6840.0,1066,6850.0,17784,6860.0,18009,6870.0,2514,6880.0,5937,2025-05-09 14:20:35.255,,874499300,127512,False,nan
1034,156221,1610735385,MERV - XMEV - GGAL - 24hs,6820.0,2025-05-09 14:20:39,430,2025-05-09 14:20:40.007,6820.0,14687,6810.0,451,6800.0,3083,6790.0,1350,6780.0,2241,6840.0,1066,6850.0,17784,6860.0,18009,6870.0,2514,6880.0,5937,2025-05-09 14:20:39.387,,874499300,127512,True,bid
1035,156261,1610735439,MERV - XMEV - GGAL - 24hs,6820.0,2025-05-09 14:20:39,1000,2025-05-09 14:20:40.179,6820.0,9687,6810.0,451,6800.0,3083,6790.0,1350,6780.0,2241,6840.0,6066,6850.0,26784,6860.0,5009,6870.0,2514,6880.0,5937,2025-05-09 14:20:39.886,,877431900,127942,False,nan
1036,156292,1610735513,MERV - XMEV - GGAL - 24hs,6820.0,2025-05-09 14:20:39,1000,2025-05-09 14:20:40.470,6820.0,9687,6810.0,451,6800.0,3083,6790.0,1350,6780.0,2241,6840.0,6066,6850.0,33784,6860.0,9,6870.0,2514,6880.0,5937,2025-05-09 14:20:40.386,,908599300,132512,False,nan
1037,156372,1610735641,MERV - XMEV - GGAL - 24hs,6820.0,2025-05-09 14:20:39,1000,2025-05-09 14:20:41.246,6820.0,9687,6810.0,451,6800.0,3083,6790.0,1350,6780.0,2241,6840.0,6066,6850.0,34784,6860.0,9,6870.0,2514,6880.0,5937,2025-05-09 14:20:41.154,,908599300,132512,False,nan
1038,156573,1610735961,MERV - XMEV - GGAL - 24hs,6820.0,2025-05-09 14:20:39,1000,2025-05-09 14:20:42.751,6820.0,9687,6810.0,451,6800.0,3083,6790.0,1350,6780.0,2241,6840.0,7566,6850.0,33784,6860.0,59,6870.0,2514,6880.0,5937,2025-05-09 14:20:42.651,,908599300,132512,False,nan
1039,156621,1610736038,MERV - XMEV - GGAL - 24hs,6820.0,2025-05-09 14:20:43,400,2025-05-09 14:20:43.250,6820.0,9687,6810.0,451,6800.0,3083,6790.0,1350,6780.0,2241,6840.0,7566,6850.0,33784,6860.0,59,6870.0,2514,6880.0,5937,2025-05-09 14:20:43.151,,931787300,135912,True,bid
1040,156668,1610736113,MERV - XMEV - GGAL - 24hs,6820.0,2025-05-09 14:20:43,600,2025-05-09 14:20:43.754,6820.0,4677,6810.0,451,6800.0,3083,6790.0,1350,6780.0,2242,6830.0,5000,6840.0,20500,6850.0,12784,6860.0,59,6870.0,2520,2025-05-09 14:20:43.651,,938607300,136912,False,nan
1041,156734,1610736213,MERV - XMEV - GGAL - 24hs,6820.0,2025-05-09 14:20:43,600,2025-05-09 14:20:44.235,6820.0,4677,6810.0,451,6800.0,3083,6790.0,1350,6780.0,2242,6830.0,5000,6840.0,20500,6850.0,12784,6860.0,59,6870.0,2520,2025-05-09 14:20:44.151,,942699300,137512,False,nan
1042,156807,1610736317,MERV - XMEV - GGAL - 24hs,6820.0,2025-05-09 14:20:43,600,2025-05-09 14:20:44.756,6820.0,4677,6810.0,451,6800.0,3083,6790.0,1350,6780.0,2242,6830.0,5000,6840.0,5500,6850.0,27784,6860.0,59,6870.0,2520,2025-05-09 14:20:44.650,,942699300,137512,False,nan
1043,156936,1610736516,MERV - XMEV - GGAL - 24hs,6820.0,2025-05-09 14:20:43,600,2025-05-09 14:20:45.583,6820.0,4687,6810.0,451,6800.0,3083,6790.0,1350,6780.0,2241,6840.0,10566,6850.0,27784,6860.0,59,6870.0,2514,6880.0,5937,2025-05-09 14:20:45.487,,942699300,137512,False,nan
1044,157002,1610736630,MERV - XMEV - GGAL - 24hs,6820.0,2025-05-09 14:20:46,4667,2025-05-09 14:20:46.296,6820.0,4687,6810.0,451,6800.0,3083,6790.0,1350,6780.0,2241,6840.0,10566,6850.0,27784,6860.0,59,6870.0,2514,6880.0,5937,2025-05-09 14:20:46.205,,942699300,137512,True,bid
1045,157068,1610736739,MERV - XMEV - GGAL - 24hs,6820.0,2025-05-09 14:20:46,10,2025-05-09 14:20:46.793,6820.0,4687,6810.0,451,6800.0,3083,6790.0,1350,6780.0,2241,6840.0,10566,6850.0,27784,6860.0,59,6870.0,2514,6880.0,5937,2025-05-09 14:20:46.706,,942699300,137512,False,nan
1046,157131,1610736837,MERV - XMEV - GGAL - 24hs,6820.0,2025-05-09 14:20:46,10,2025-05-09 14:20:47.304,6810.0,451,6800.0,3083,6790.0,1350,6780.0,2241,6770.0,100,6820.0,7597,6840.0,10500,6850.0,15500,6860.0,59,6870.0,2520,2025-05-09 14:20:47.207,,974664640,142199,False,nan
1047,157289,1610737077,MERV - XMEV - GGAL - 24hs,6820.0,2025-05-09 14:20:48,3,2025-05-09 14:20:48.276,6810.0,451,6800.0,3083,6790.0,1350,6780.0,2241,6770.0,100,6820.0,7597,6840.0,10500,6850.0,15500,6860.0,59,6870.0,2520,2025-05-09 14:20:48.190,,974664640,142199,True,offer
1048,157338,1610737149,MERV - XMEV - GGAL - 24hs,6820.0,2025-05-09 14:20:48,3,2025-05-09 14:20:48.774,6810.0,451,6800.0,3083,6790.0,1350,6780.0,2241,6770.0,100,6820.0,7594,6840.0,10500,6850.0,17000,6860.0,59,6870.0,2520,2025-05-09 14:20:48.690,,974664640,142199,False,nan
1049,157376,1610737211,MERV - XMEV - GGAL - 24hs,6820.0,2025-05-09 14:20:48,3,2025-05-09 14:20:49.278,6810.0,451,6800.0,3083,6790.0,1350,6780.0,2241,6770.0,100,6820.0,7594,6840.0,10500,6850.0,17000,6860.0,59,6870.0,2520,2025-05-09 14:20:49.193,,974685100,142202,False,nan
1050,157427,1610737299,MERV - XMEV - GGAL - 24hs,6810.0,2025-05-09 14:20:49,1,2025-05-09 14:20:49.796,6810.0,450,6800.0,3083,6790.0,1350,6780.0,2241,6770.0,100,6820.0,7594,6830.0,5000,6840.0,13500,6850.0,7000,6860.0,59,2025-05-09 14:20:49.692,,974685100,142202,True,bid
1051,157473,1610737364,MERV - XMEV - GGAL - 24hs,6810.0,2025-05-09 14:20:49,1,2025-05-09 14:20:50.276,6810.0,802,6800.0,3083,6790.0,1350,6780.0,2241,6770.0,100,6820.0,7594,6830.0,5000,6840.0,14500,6850.0,7000,6860.0,59,2025-05-09 14:20:50.193,,974691910,142203,False,nan
1052,157520,1610737432,MERV - XMEV - GGAL - 24hs,6820.0,2025-05-09 14:20:50,1,2025-05-09 14:20:50.779,6810.0,802,6800.0,3083,6790.0,1350,6780.0,2241,6770.0,100,6820.0,7594,6830.0,5000,6840.0,14500,6850.0,7000,6860.0,59,2025-05-09 14:20:50.693,,981511910,143203,True,offer
1053,157570,1610737512,MERV - XMEV - GGAL - 24hs,6820.0,2025-05-09 14:20:50,1,2025-05-09 14:20:51.278,6810.0,802,6800.0,3083,6790.0,1350,6780.0,2241,6770.0,100,6820.0,6593,6830.0,5000,6840.0,14500,6850.0,7000,6860.0,59,2025-05-09 14:20:51.193,,981518730,143204,False,nan
1054,157676,1610737701,MERV - XMEV - GGAL - 24hs,6820.0,2025-05-09 14:20:50,1,2025-05-09 14:20:52.274,6810.0,802,6800.0,3083,6790.0,1350,6780.0,2241,6770.0,100,6820.0,6593,6840.0,20500,6850.0,7000,6860.0,59,6870.0,2520,2025-05-09 14:20:52.166,,981518730,143204,False,nan
1055,157739,1610737785,MERV - XMEV - GGAL - 24hs,6820.0,2025-05-09 14:20:52,28,2025-05-09 14:20:52.768,6810.0,802,6800.0,3083,6790.0,1350,6780.0,2241,6770.0,100,6820.0,6593,6840.0,20500,6850.0,7000,6860.0,59,6870.0,2520,2025-05-09 14:20:52.667,,981518730,143204,True,offer
1056,157833,1610737913,MERV - XMEV - GGAL - 24hs,6820.0,2025-05-09 14:20:52,28,2025-05-09 14:20:53.272,6810.0,803,6800.0,3083,6790.0,1350,6780.0,2241,6770.0,100,6820.0,6565,6840.0,21500,6850.0,7000,6860.0,59,6870.0,2520,2025-05-09 14:20:53.167,,981709690,143232,False,nan
1057,157926,1610738042,MERV - XMEV - GGAL - 24hs,6820.0,2025-05-09 14:20:52,28,2025-05-09 14:20:53.890,6810.0,803,6800.0,3083,6790.0,1350,6780.0,2241,6770.0,100,6820.0,6565,6830.0,1000,6840.0,20500,6850.0,7000,6860.0,59,2025-05-09 14:20:53.787,,981709690,143232,False,nan
1058,158089,1610738292,MERV - XMEV - GGAL - 24hs,6820.0,2025-05-09 14:20:52,28,2025-05-09 14:20:54.955,6810.0,554,6800.0,3083,6790.0,1350,6780.0,2241,6770.0,100,6820.0,6565,6830.0,1000,6840.0,18500,6850.0,7000,6860.0,59,2025-05-09 14:20:54.816,,981709690,143232,False,nan
1059,158124,1610738351,MERV - XMEV - GGAL - 24hs,6810.0,2025-05-09 14:20:54,1,2025-05-09 14:20:55.397,6810.0,554,6800.0,3083,6790.0,1350,6780.0,2241,6770.0,100,6820.0,6565,6830.0,1000,6840.0,18500,6850.0,7000,6860.0,59,2025-05-09 14:20:55.314,,981709690,143232,True,bid
1060,158169,1610738426,MERV - XMEV - GGAL - 24hs,6810.0,2025-05-09 14:20:54,1,2025-05-09 14:20:55.898,6800.0,3083,6790.0,1350,6780.0,2241,6770.0,100,6760.0,100,6810.0,946,6820.0,6565,6830.0,1000,6840.0,20000,6850.0,7006,2025-05-09 14:20:55.813,,985482430,143786,False,nan
1061,158411,1610738778,MERV - XMEV - GGAL - 24hs,6810.0,2025-05-09 14:20:54,1,2025-05-09 14:20:58.010,6800.0,3083,6790.0,1350,6780.0,2241,6770.0,100,6760.0,100,6810.0,946,6820.0,6565,6830.0,1000,6840.0,12000,6850.0,12006,2025-05-09 14:20:57.927,,985482430,143786,False,nan
1062,158502,1610738914,MERV - XMEV - GGAL - 24hs,6810.0,2025-05-09 14:20:58,2,2025-05-09 14:20:58.874,6800.0,3083,6790.0,1350,6780.0,2241,6770.0,100,6760.0,100,6810.0,946,6820.0,6565,6830.0,1000,6840.0,12000,6850.0,12006,2025-05-09 14:20:58.492,,985482430,143786,True,offer
1063,158605,1610739044,MERV - XMEV - GGAL - 24hs,6810.0,2025-05-09 14:20:58,2,2025-05-09 14:20:59.275,6800.0,3083,6790.0,1350,6780.0,2241,6770.0,100,6760.0,100,6810.0,944,6820.0,6565,6830.0,1000,6840.0,16000,6850.0,12006,2025-05-09 14:20:58.929,,985482430,143786,False,nan
1064,158701,1610739180,MERV - XMEV - GGAL - 24hs,6810.0,2025-05-09 14:20:58,2,2025-05-09 14:20:59.707,6800.0,3083,6790.0,1350,6780.0,2241,6770.0,100,6760.0,100,6810.0,944,6820.0,6565,6830.0,1000,6840.0,16000,6850.0,12006,2025-05-09 14:20:59.428,,985496050,143788,False,nan
1065,158844,1610739396,MERV - XMEV - GGAL - 24hs,6810.0,2025-05-09 14:20:58,2,2025-05-09 14:21:00.546,6800.0,3083,6790.0,1350,6780.0,2241,6770.0,100,6760.0,100,6810.0,944,6820.0,6565,6830.0,1000,6840.0,12000,6850.0,12006,2025-05-09 14:21:00.458,,985496050,143788,False,nan
1066,158998,1610739609,MERV - XMEV - GGAL - 24hs,6810.0,2025-05-09 14:20:58,2,2025-05-09 14:21:01.375,6800.0,3083,6790.0,1350,6780.0,2241,6770.0,100,6760.0,100,6810.0,944,6820.0,6565,6830.0,1000,6840.0,16000,6850.0,12006,2025-05-09 14:21:01.215,,985496050,143788,False,nan
1067,159242,1610739967,MERV - XMEV - GGAL - 24hs,6810.0,2025-05-09 14:20:58,2,2025-05-09 14:21:03.320,6800.0,3083,6790.0,1350,6780.0,2241,6770.0,100,6760.0,100,6810.0,944,6820.0,6565,6830.0,1000,6840.0,12000,6850.0,12006,2025-05-09 14:21:03.230,,985496050,143788,False,nan
1068,159332,1610740103,MERV - XMEV - GGAL - 24hs,6810.0,2025-05-09 14:20:58,2,2025-05-09 14:21:04.397,6800.0,3083,6790.0,350,6780.0,2241,6770.0,100,6760.0,100,6810.0,944,6820.0,6565,6830.0,1000,6840.0,12000,6850.0,12006,2025-05-09 14:21:04.311,,985496050,143788,False,nan
1069,159519,1610740356,MERV - XMEV - GGAL - 24hs,6810.0,2025-05-09 14:20:58,2,2025-05-09 14:21:06.019,6800.0,3083,6790.0,350,6780.0,2241,6770.0,100,6760.0,100,6810.0,945,6820.0,6565,6830.0,1000,6840.0,12000,6850.0,12006,2025-05-09 14:21:05.929,,985496050,143788,False,nan
1070,159610,1610740487,MERV - XMEV - GGAL - 24hs,6810.0,2025-05-09 14:20:58,2,2025-05-09 14:21:06.828,6800.0,3083,6790.0,350,6780.0,2241,6770.0,100,6760.0,100,6810.0,945,6820.0,6565,6830.0,1000,6840.0,13000,6850.0,12006,2025-05-09 14:21:06.736,,985496050,143788,False,nan
1071,159686,1610740605,MERV - XMEV - GGAL - 24hs,6810.0,2025-05-09 14:20:58,2,2025-05-09 14:21:07.554,6800.0,3083,6790.0,350,6780.0,2241,6770.0,100,6760.0,100,6810.0,945,6820.0,6565,6830.0,1000,6840.0,12000,6850.0,12006,2025-05-09 14:21:07.470,,985496050,143788,False,nan
1072,160433,1610741658,MERV - XMEV - GGAL - 24hs,6810.0,2025-05-09 14:20:58,2,2025-05-09 14:21:14.351,6800.0,3083,6790.0,350,6780.0,2241,6770.0,100,6760.0,100,6810.0,945,6820.0,6565,6830.0,1000,6840.0,11000,6850.0,12006,2025-05-09 14:21:14.267,,985496050,143788,False,nan
1073,160537,1610741818,MERV - XMEV - GGAL - 24hs,6810.0,2025-05-09 14:20:58,2,2025-05-09 14:21:15.094,6800.0,3083,6790.0,350,6780.0,2241,6770.0,100,6760.0,100,6810.0,945,6820.0,6565,6830.0,1000,6840.0,12000,6850.0,12006,2025-05-09 14:21:15.010,,985496050,143788,False,nan
1074,160789,1610742180,MERV - XMEV - GGAL - 24hs,6810.0,2025-05-09 14:20:58,2,2025-05-09 14:21:17.135,6800.0,3083,6790.0,350,6780.0,2241,6770.0,100,6760.0,100,6810.0,1445,6820.0,6565,6830.0,1000,6840.0,12000,6850.0,12006,2025-05-09 14:21:17.042,,985496050,143788,False,nan
1075,161151,1610742713,MERV - XMEV - GGAL - 24hs,6810.0,2025-05-09 14:20:58,2,2025-05-09 14:21:20.187,6800.0,3083,6790.0,350,6780.0,2241,6770.0,100,6760.0,100,6810.0,1445,6820.0,6565,6830.0,1000,6840.0,2000,6850.0,22006,2025-05-09 14:21:19.919,,985496050,143788,False,nan
1076,161707,1610743501,MERV - XMEV - GGAL - 24hs,6810.0,2025-05-09 14:21:24,693,2025-05-09 14:21:24.549,6800.0,3083,6790.0,350,6780.0,2241,6770.0,100,6760.0,100,6810.0,1445,6820.0,6565,6830.0,1000,6840.0,2000,6850.0,22006,2025-05-09 14:21:24.419,,985496050,143788,True,offer
1077,161864,1610743710,MERV - XMEV - GGAL - 24hs,6810.0,2025-05-09 14:21:24,693,2025-05-09 14:21:25.246,6800.0,3083,6790.0,350,6780.0,2241,6770.0,100,6760.0,100,6810.0,752,6820.0,6565,6830.0,1000,6850.0,24006,6860.0,59,2025-05-09 14:21:25.101,,985496050,143788,False,nan
1078,161922,1610743791,MERV - XMEV - GGAL - 24hs,6810.0,2025-05-09 14:21:24,693,2025-05-09 14:21:25.693,6800.0,3083,6790.0,350,6780.0,2241,6770.0,100,6760.0,100,6810.0,752,6820.0,6565,6830.0,1000,6850.0,24006,6860.0,59,2025-05-09 14:21:25.601,,990215380,144481,False,nan
1079,161970,1610743853,MERV - XMEV - GGAL - 24hs,6810.0,2025-05-09 14:21:24,693,2025-05-09 14:21:26.188,6800.0,3083,6790.0,350,6780.0,2241,6770.0,100,6760.0,100,6810.0,752,6820.0,6565,6830.0,1000,6850.0,25006,6860.0,59,2025-05-09 14:21:26.102,,990215380,144481,False,nan
1080,162581,1610744840,MERV - XMEV - GGAL - 24hs,6810.0,2025-05-09 14:21:31,23,2025-05-09 14:21:31.852,6800.0,3083,6790.0,350,6780.0,2241,6770.0,100,6760.0,100,6810.0,752,6820.0,6565,6830.0,1000,6850.0,25006,6860.0,59,2025-05-09 14:21:31.752,,990215380,144481,True,offer
1081,162676,1610744986,MERV - XMEV - GGAL - 24hs,6800.0,2025-05-09 14:21:32,9,2025-05-09 14:21:32.484,6800.0,3083,6790.0,350,6780.0,2241,6770.0,100,6760.0,100,6810.0,752,6820.0,6565,6830.0,1000,6850.0,25006,6860.0,59,2025-05-09 14:21:32.390,,990372010,144504,True,bid
1082,162754,1610745117,MERV - XMEV - GGAL - 24hs,6800.0,2025-05-09 14:21:32,9,2025-05-09 14:21:32.973,6800.0,3074,6790.0,350,6780.0,2241,6770.0,100,6760.0,100,6810.0,729,6820.0,6565,6830.0,1000,6850.0,25006,6860.0,59,2025-05-09 14:21:32.890,,990433210,144513,False,nan
1083,163064,1610745550,MERV - XMEV - GGAL - 24hs,6810.0,2025-05-09 14:21:35,228,2025-05-09 14:21:35.670,6800.0,3074,6790.0,350,6780.0,2241,6770.0,100,6760.0,100,6810.0,729,6820.0,6565,6830.0,1000,6850.0,25006,6860.0,59,2025-05-09 14:21:35.582,,990433210,144513,True,offer
1084,163110,1610745622,MERV - XMEV - GGAL - 24hs,6810.0,2025-05-09 14:21:35,500,2025-05-09 14:21:36.169,6800.0,3074,6790.0,350,6780.0,2241,6770.0,100,6760.0,100,6810.0,729,6820.0,6565,6830.0,1000,6850.0,25006,6860.0,59,2025-05-09 14:21:36.082,,990433210,144513,False,nan
1085,163144,1610745687,MERV - XMEV - GGAL - 24hs,6810.0,2025-05-09 14:21:35,500,2025-05-09 14:21:36.669,6800.0,3074,6790.0,350,6780.0,2241,6770.0,100,6760.0,100,6820.0,6565,6830.0,1000,6850.0,25000,6860.0,59,6870.0,2520,2025-05-09 14:21:36.582,,995397700,145242,False,nan
1086,163266,1610745857,MERV - XMEV - GGAL - 24hs,6810.0,2025-05-09 14:21:35,500,2025-05-09 14:21:37.960,6810.0,1,6800.0,3074,6790.0,350,6780.0,2241,6770.0,100,6820.0,6565,6830.0,1000,6850.0,25000,6860.0,59,6870.0,2520,2025-05-09 14:21:37.877,,995397700,145242,False,nan
1087,163389,1610746036,MERV - XMEV - GGAL - 24hs,6810.0,2025-05-09 14:21:35,500,2025-05-09 14:21:39.100,6810.0,145,6800.0,3074,6790.0,350,6780.0,2241,6770.0,100,6820.0,6565,6830.0,1000,6850.0,25000,6860.0,59,6870.0,2520,2025-05-09 14:21:39.010,,995397700,145242,False,nan
1088,164001,1610747027,MERV - XMEV - GGAL - 24hs,6810.0,2025-05-09 14:21:35,500,2025-05-09 14:21:44.919,6810.0,145,6800.0,3074,6790.0,350,6780.0,2241,6770.0,100,6820.0,6565,6830.0,1000,6850.0,24000,6860.0,59,6870.0,2520,2025-05-09 14:21:44.832,,995397700,145242,False,nan
1089,164080,1610747155,MERV - XMEV - GGAL - 24hs,6810.0,2025-05-09 14:21:35,500,2025-05-09 14:21:45.653,6810.0,145,6800.0,3074,6790.0,350,6780.0,2241,6770.0,100,6820.0,6565,6830.0,1000,6850.0,25000,6860.0,59,6870.0,2520,2025-05-09 14:21:45.569,,995397700,145242,False,nan
1090,164616,1610747937,MERV - XMEV - GGAL - 24hs,6810.0,2025-05-09 14:21:35,500,2025-05-09 14:21:49.583,6810.0,147,6800.0,3074,6790.0,350,6780.0,2241,6770.0,100,6820.0,6565,6830.0,1000,6850.0,2000,6860.0,24059,6870.0,2520,2025-05-09 14:21:49.492,,995397700,145242,False,nan
1091,164699,1610748075,MERV - XMEV - GGAL - 24hs,6810.0,2025-05-09 14:21:35,500,2025-05-09 14:21:50.422,6810.0,147,6800.0,3074,6790.0,350,6780.0,2241,6770.0,100,6820.0,6565,6830.0,1000,6850.0,2000,6860.0,25059,6870.0,2520,2025-05-09 14:21:50.335,,995397700,145242,False,nan
1092,164896,1610748365,MERV - XMEV - GGAL - 24hs,6810.0,2025-05-09 14:21:35,500,2025-05-09 14:21:52.434,6810.0,147,6800.0,3074,6790.0,350,6780.0,2241,6770.0,100,6820.0,6565,6830.0,1000,6850.0,2000,6860.0,45059,6870.0,7520,2025-05-09 14:21:52.347,,995397700,145242,False,nan
1093,164976,1610748524,MERV - XMEV - GGAL - 24hs,6810.0,2025-05-09 14:21:35,500,2025-05-09 14:21:53.291,6810.0,247,6800.0,3074,6790.0,350,6780.0,2241,6770.0,100,6820.0,6565,6830.0,1000,6850.0,2000,6860.0,45059,6870.0,7520,2025-05-09 14:21:53.174,,995397700,145242,False,nan
1094,165150,1610748790,MERV - XMEV - GGAL - 24hs,6810.0,2025-05-09 14:21:35,500,2025-05-09 14:21:55.359,6810.0,247,6800.0,3074,6790.0,350,6780.0,2241,6770.0,100,6820.0,6565,6830.0,1000,6850.0,2000,6860.0,50059,6870.0,2520,2025-05-09 14:21:55.270,,995397700,145242,False,nan
1095,165291,1610749054,MERV - XMEV - GGAL - 24hs,6810.0,2025-05-09 14:21:35,500,2025-05-09 14:21:56.568,6810.0,247,6800.0,3074,6790.0,350,6780.0,2241,6770.0,1673,6820.0,6565,6830.0,1000,6850.0,7000,6860.0,45059,6870.0,2520,2025-05-09 14:21:56.482,,995397700,145242,False,nan
1096,166180,1610750425,MERV - XMEV - GGAL - 24hs,6820.0,2025-05-09 14:22:04,5,2025-05-09 14:22:04.226,6810.0,247,6800.0,3074,6790.0,350,6780.0,2241,6770.0,1673,6820.0,6565,6830.0,1000,6850.0,7000,6860.0,45059,6870.0,2520,2025-05-09 14:22:04.142,,995397700,145242,True,offer
1097,166257,1610750528,MERV - XMEV - GGAL - 24hs,6820.0,2025-05-09 14:22:04,5,2025-05-09 14:22:04.893,6810.0,247,6800.0,3074,6790.0,350,6780.0,2241,6770.0,1673,6820.0,6560,6830.0,1000,6850.0,2000,6860.0,50059,6870.0,2520,2025-05-09 14:22:04.809,,995397700,145242,False,nan
1098,166336,1610750639,MERV - XMEV - GGAL - 24hs,6820.0,2025-05-09 14:22:04,5,2025-05-09 14:22:05.472,6810.0,247,6800.0,3074,6790.0,350,6780.0,2241,6770.0,1673,6820.0,6560,6830.0,1000,6850.0,2000,6860.0,50059,6870.0,2520,2025-05-09 14:22:05.310,,995431800,145247,False,nan
1099,166597,1610751017,MERV - XMEV - GGAL - 24hs,6820.0,2025-05-09 14:22:07,5,2025-05-09 14:22:07.872,6810.0,247,6800.0,3074,6790.0,350,6780.0,2241,6770.0,1673,6820.0,6560,6830.0,1000,6850.0,2000,6860.0,50059,6870.0,2520,2025-05-09 14:22:07.788,,995431800,145247,True,offer
1100,166656,1610751097,MERV - XMEV - GGAL - 24hs,6820.0,2025-05-09 14:22:07,5,2025-05-09 14:22:08.538,6810.0,247,6800.0,3074,6790.0,350,6780.0,2241,6770.0,1673,6820.0,6555,6830.0,1000,6850.0,2000,6860.0,50059,6870.0,2520,2025-05-09 14:22:08.453,,995431800,145247,False,nan
1101,166725,1610751184,MERV - XMEV - GGAL - 24hs,6820.0,2025-05-09 14:22:07,5,2025-05-09 14:22:09.036,6810.0,247,6800.0,3074,6790.0,350,6780.0,2241,6770.0,1673,6820.0,6555,6830.0,1000,6850.0,2000,6860.0,50059,6870.0,2520,2025-05-09 14:22:08.952,,995465900,145252,False,nan
1102,166954,1610751545,MERV - XMEV - GGAL - 24hs,6820.0,2025-05-09 14:22:10,14,2025-05-09 14:22:10.674,6810.0,247,6800.0,3074,6790.0,350,6780.0,2241,6770.0,1673,6820.0,6555,6830.0,1000,6850.0,2000,6860.0,50059,6870.0,2520,2025-05-09 14:22:10.590,,995465900,145252,True,offer
1103,167059,1610751701,MERV - XMEV - GGAL - 24hs,6820.0,2025-05-09 14:22:10,14,2025-05-09 14:22:11.352,6810.0,247,6800.0,3074,6790.0,350,6780.0,2241,6770.0,1673,6820.0,6541,6830.0,1000,6850.0,2000,6860.0,50059,6870.0,2520,2025-05-09 14:22:11.265,,995465900,145252,False,nan
1104,167125,1610751804,MERV - XMEV - GGAL - 24hs,6820.0,2025-05-09 14:22:10,14,2025-05-09 14:22:11.888,6810.0,247,6800.0,3074,6790.0,350,6780.0,2241,6770.0,1673,6820.0,6541,6830.0,1000,6850.0,2000,6860.0,50059,6870.0,2520,2025-05-09 14:22:11.767,,995561380,145266,False,nan
1105,167320,1610752089,MERV - XMEV - GGAL - 24hs,6820.0,2025-05-09 14:22:10,14,2025-05-09 14:22:13.587,6810.0,255,6800.0,3074,6790.0,350,6780.0,2241,6770.0,1673,6820.0,6541,6830.0,1000,6850.0,2000,6860.0,50059,6870.0,2520,2025-05-09 14:22:13.503,,995561380,145266,False,nan
1106,167532,1610752404,MERV - XMEV - GGAL - 24hs,6820.0,2025-05-09 14:22:10,14,2025-05-09 14:22:15.248,6810.0,111,6800.0,3074,6790.0,350,6780.0,2241,6770.0,1673,6820.0,6541,6850.0,2000,6860.0,22059,6870.0,2520,6880.0,5937,2025-05-09 14:22:15.163,,995561380,145266,False,nan
1107,167610,1610752509,MERV - XMEV - GGAL - 24hs,6810.0,2025-05-09 14:22:15,6,2025-05-09 14:22:15.747,6810.0,111,6800.0,3074,6790.0,350,6780.0,2241,6770.0,1673,6820.0,6541,6850.0,2000,6860.0,22059,6870.0,2520,6880.0,5937,2025-05-09 14:22:15.663,,995561380,145266,True,bid
1108,167667,1610752583,MERV - XMEV - GGAL - 24hs,6810.0,2025-05-09 14:22:15,6,2025-05-09 14:22:16.248,6810.0,102,6800.0,3074,6790.0,350,6780.0,2241,6770.0,1673,6820.0,6541,6850.0,2000,6860.0,21059,6870.0,2520,6880.0,5937,2025-05-09 14:22:16.163,,995622670,145275,False,nan
1109,167786,1610752757,MERV - XMEV - GGAL - 24hs,6810.0,2025-05-09 14:22:15,6,2025-05-09 14:22:17.668,6810.0,102,6800.0,3074,6790.0,350,6780.0,2241,6770.0,1673,6840.0,76,6850.0,2000,6860.0,21059,6870.0,2514,6880.0,5937,2025-05-09 14:22:17.553,,995622670,145275,False,nan
1110,168151,1610753285,MERV - XMEV - GGAL - 24hs,6810.0,2025-05-09 14:22:15,6,2025-05-09 14:22:20.056,6810.0,102,6800.0,3074,6790.0,350,6780.0,2241,6770.0,1673,6830.0,1000,6840.0,76,6850.0,2000,6860.0,21059,6870.0,2514,2025-05-09 14:22:19.956,,995622670,145275,False,nan
1111,168216,1610753395,MERV - XMEV - GGAL - 24hs,6810.0,2025-05-09 14:22:15,6,2025-05-09 14:22:20.799,6810.0,102,6800.0,3074,6790.0,350,6780.0,2241,6770.0,1673,6830.0,1076,6850.0,2000,6860.0,21059,6870.0,2514,6880.0,5937,2025-05-09 14:22:20.705,,995622670,145275,False,nan
1112,168290,1610753532,MERV - XMEV - GGAL - 24hs,6810.0,2025-05-09 14:22:15,6,2025-05-09 14:22:21.632,6810.0,6102,6800.0,3074,6790.0,350,6780.0,2241,6770.0,1673,6830.0,1076,6850.0,2000,6860.0,21059,6870.0,2514,6880.0,5937,2025-05-09 14:22:21.548,,995622670,145275,False,nan
1113,168624,1610754040,MERV - XMEV - GGAL - 24hs,6810.0,2025-05-09 14:22:15,6,2025-05-09 14:22:25.083,6810.0,6102,6800.0,3074,6790.0,350,6780.0,2241,6770.0,1673,6830.0,1076,6850.0,2100,6860.0,21059,6870.0,2514,6880.0,5937,2025-05-09 14:22:24.997,,995622670,145275,False,nan
1114,168700,1610754148,MERV - XMEV - GGAL - 24hs,6810.0,2025-05-09 14:22:15,6,2025-05-09 14:22:25.874,6810.0,6102,6800.0,3074,6790.0,350,6780.0,2241,6770.0,1673,6830.0,1076,6840.0,500,6850.0,2100,6860.0,21059,6870.0,2514,2025-05-09 14:22:25.788,,995622670,145275,False,nan
1115,168925,1610754505,MERV - XMEV - GGAL - 24hs,6810.0,2025-05-09 14:22:15,6,2025-05-09 14:22:27.934,6820.0,500,6810.0,6102,6800.0,3074,6790.0,350,6780.0,2241,6830.0,1000,6840.0,500,6850.0,2100,6860.0,22059,6870.0,2521,2025-05-09 14:22:27.846,,995622670,145275,False,nan
1116,169019,1610754636,MERV - XMEV - GGAL - 24hs,6810.0,2025-05-09 14:22:15,6,2025-05-09 14:22:28.720,6820.0,500,6810.0,6102,6800.0,3074,6790.0,350,6780.0,2241,6830.0,1000,6840.0,500,6850.0,2100,6860.0,21059,6870.0,2521,2025-05-09 14:22:28.633,,995622670,145275,False,nan
1117,169135,1610754804,MERV - XMEV - GGAL - 24hs,6810.0,2025-05-09 14:22:15,6,2025-05-09 14:22:29.507,6820.0,500,6810.0,6102,6800.0,3074,6790.0,350,6780.0,2241,6840.0,576,6850.0,3100,6860.0,22059,6870.0,2514,6880.0,5937,2025-05-09 14:22:29.403,,995622670,145275,False,nan
1118,169231,1610754954,MERV - XMEV - GGAL - 24hs,6810.0,2025-05-09 14:22:15,6,2025-05-09 14:22:30.435,6820.0,500,6810.0,6102,6800.0,3074,6790.0,350,6780.0,2241,6840.0,576,6850.0,3100,6860.0,21059,6870.0,2514,6880.0,5937,2025-05-09 14:22:30.351,,995622670,145275,False,nan
1119,169299,1610755067,MERV - XMEV - GGAL - 24hs,6810.0,2025-05-09 14:22:15,6,2025-05-09 14:22:31.231,6820.0,500,6810.0,6102,6800.0,3074,6790.0,350,6780.0,2241,6840.0,576,6850.0,3100,6860.0,23059,6870.0,2514,6880.0,5937,2025-05-09 14:22:31.141,,995622670,145275,False,nan
1120,169408,1610755236,MERV - XMEV - GGAL - 24hs,6840.0,2025-05-09 14:22:31,5,2025-05-09 14:22:31.919,6820.0,500,6810.0,6102,6800.0,3074,6790.0,350,6780.0,2241,6840.0,576,6850.0,3100,6860.0,23059,6870.0,2514,6880.0,5937,2025-05-09 14:22:31.743,,995622670,145275,True,offer
1121,169506,1610755375,MERV - XMEV - GGAL - 24hs,6840.0,2025-05-09 14:22:31,5,2025-05-09 14:22:32.454,6820.0,500,6810.0,6102,6800.0,3074,6790.0,350,6780.0,2241,6840.0,571,6850.0,3100,6860.0,23059,6870.0,2514,6880.0,5937,2025-05-09 14:22:32.357,,995622670,145275,False,nan
1122,169575,1610755484,MERV - XMEV - GGAL - 24hs,6820.0,2025-05-09 14:22:32,35,2025-05-09 14:22:32.980,6820.0,500,6810.0,6102,6800.0,3074,6790.0,350,6780.0,2241,6840.0,571,6850.0,3100,6860.0,23059,6870.0,2514,6880.0,5937,2025-05-09 14:22:32.864,,995656870,145280,True,bid
1123,169648,1610755586,MERV - XMEV - GGAL - 24hs,6820.0,2025-05-09 14:22:32,35,2025-05-09 14:22:33.447,6820.0,465,6810.0,6102,6800.0,3074,6790.0,350,6780.0,2241,6840.0,571,6850.0,3100,6860.0,23059,6870.0,2514,6880.0,5937,2025-05-09 14:22:33.363,,995895570,145315,False,nan
1124,169894,1610755942,MERV - XMEV - GGAL - 24hs,6820.0,2025-05-09 14:22:32,35,2025-05-09 14:22:35.178,6830.0,1500,6820.0,465,6810.0,6102,6800.0,3074,6790.0,350,6840.0,495,6850.0,3100,6860.0,23059,6870.0,2514,6880.0,5944,2025-05-09 14:22:34.982,,995895570,145315,False,nan
1125,169962,1610756045,MERV - XMEV - GGAL - 24hs,6820.0,2025-05-09 14:22:32,35,2025-05-09 14:22:35.743,6830.0,1500,6820.0,715,6810.0,6102,6800.0,3074,6790.0,350,6840.0,495,6850.0,3100,6860.0,23059,6870.0,2514,6880.0,5944,2025-05-09 14:22:35.654,,995895570,145315,False,nan
1126,170018,1610756133,MERV - XMEV - GGAL - 24hs,6820.0,2025-05-09 14:22:32,35,2025-05-09 14:22:36.426,6830.0,1500,6820.0,715,6810.0,6102,6800.0,3074,6790.0,350,6840.0,495,6850.0,3100,6860.0,21059,6870.0,2514,6880.0,5944,2025-05-09 14:22:36.341,,995895570,145315,False,nan
1127,170091,1610756229,MERV - XMEV - GGAL - 24hs,6830.0,2025-05-09 14:22:36,50,2025-05-09 14:22:37.038,6830.0,1500,6820.0,715,6810.0,6102,6800.0,3074,6790.0,350,6840.0,495,6850.0,3100,6860.0,21059,6870.0,2514,6880.0,5944,2025-05-09 14:22:36.954,,995895570,145315,True,bid
1128,170163,1610756322,MERV - XMEV - GGAL - 24hs,6830.0,2025-05-09 14:22:36,50,2025-05-09 14:22:37.706,6830.0,1450,6820.0,715,6810.0,6102,6800.0,3074,6790.0,350,6840.0,495,6850.0,3100,6860.0,21059,6870.0,2514,6880.0,5944,2025-05-09 14:22:37.619,,995895570,145315,False,nan
1129,170214,1610756391,MERV - XMEV - GGAL - 24hs,6830.0,2025-05-09 14:22:37,1,2025-05-09 14:22:38.205,6830.0,1450,6820.0,715,6810.0,6102,6800.0,3074,6790.0,350,6840.0,495,6850.0,3100,6860.0,21059,6870.0,2514,6880.0,5944,2025-05-09 14:22:38.120,,996237070,145365,True,bid
1130,170281,1610756500,MERV - XMEV - GGAL - 24hs,6830.0,2025-05-09 14:22:37,1,2025-05-09 14:22:38.722,6830.0,1593,6820.0,715,6810.0,6102,6800.0,3074,6790.0,350,6840.0,495,6850.0,3100,6860.0,21059,6870.0,2514,6880.0,5944,2025-05-09 14:22:38.624,,996243900,145366,False,nan
1131,170394,1610756649,MERV - XMEV - GGAL - 24hs,6830.0,2025-05-09 14:22:37,1,2025-05-09 14:22:39.573,6830.0,1593,6820.0,715,6810.0,6102,6800.0,3074,6790.0,497,6840.0,1495,6850.0,2100,6860.0,23059,6870.0,2514,6880.0,5944,2025-05-09 14:22:39.485,,996243900,145366,False,nan
1132,170660,1610756996,MERV - XMEV - GGAL - 24hs,6830.0,2025-05-09 14:22:37,1,2025-05-09 14:22:41.340,6830.0,1593,6820.0,715,6810.0,6102,6800.0,3074,6790.0,350,6840.0,1495,6850.0,2100,6860.0,18059,6870.0,7514,6880.0,5944,2025-05-09 14:22:41.252,,996243900,145366,False,nan
1133,170944,1610757413,MERV - XMEV - GGAL - 24hs,6830.0,2025-05-09 14:22:37,1,2025-05-09 14:22:43.148,6830.0,1593,6820.0,715,6810.0,6102,6800.0,3074,6790.0,350,6840.0,1595,6850.0,2100,6860.0,18059,6870.0,7514,6880.0,5944,2025-05-09 14:22:43.046,,996243900,145366,False,nan
1134,171333,1610757965,MERV - XMEV - GGAL - 24hs,6830.0,2025-05-09 14:22:37,1,2025-05-09 14:22:46.163,6830.0,1593,6820.0,715,6810.0,6102,6800.0,3074,6790.0,350,6840.0,1595,6850.0,2000,6860.0,6059,6870.0,17514,6880.0,5944,2025-05-09 14:22:46.079,,996243900,145366,False,nan
1135,171544,1610758246,MERV - XMEV - GGAL - 24hs,6830.0,2025-05-09 14:22:37,1,2025-05-09 14:22:47.642,6830.0,1593,6820.0,715,6810.0,6102,6800.0,3074,6790.0,350,6840.0,1595,6850.0,2000,6860.0,7059,6870.0,17514,6880.0,5944,2025-05-09 14:22:47.546,,996243900,145366,False,nan
1136,171663,1610758411,MERV - XMEV - GGAL - 24hs,6830.0,2025-05-09 14:22:37,1,2025-05-09 14:22:48.456,6830.0,1593,6820.0,715,6810.0,6102,6800.0,3074,6790.0,350,6840.0,1595,6850.0,2000,6860.0,8059,6870.0,17414,6880.0,5944,2025-05-09 14:22:48.349,,996243900,145366,False,nan
1137,172202,1610759172,MERV - XMEV - GGAL - 24hs,6830.0,2025-05-09 14:22:37,1,2025-05-09 14:22:52.976,6830.0,1593,6820.0,715,6810.0,6102,6800.0,3074,6790.0,350,6840.0,3095,6850.0,2000,6860.0,8059,6870.0,17414,6880.0,5944,2025-05-09 14:22:52.883,,996243900,145366,False,nan
1138,172427,1610759485,MERV - XMEV - GGAL - 24hs,6840.0,2025-05-09 14:22:54,344,2025-05-09 14:22:55.474,6830.0,1593,6820.0,715,6810.0,6102,6800.0,3074,6790.0,350,6840.0,3095,6850.0,2000,6860.0,8059,6870.0,17414,6880.0,5944,2025-05-09 14:22:55.363,,996243900,145366,True,offer
1139,172505,1610759600,MERV - XMEV - GGAL - 24hs,6840.0,2025-05-09 14:22:54,344,2025-05-09 14:22:55.963,6830.0,1593,6820.0,715,6810.0,6102,6800.0,3074,6790.0,350,6840.0,2751,6850.0,2000,6860.0,8059,6870.0,17414,6880.0,5944,2025-05-09 14:22:55.863,,998596860,145710,False,nan
1140,172611,1610759757,MERV - XMEV - GGAL - 24hs,6840.0,2025-05-09 14:22:56,1,2025-05-09 14:22:57.522,6830.0,1593,6820.0,715,6810.0,6102,6800.0,3074,6790.0,350,6840.0,2751,6850.0,2000,6860.0,8059,6870.0,17414,6880.0,5944,2025-05-09 14:22:57.398,,998596860,145710,True,offer
1141,172696,1610759883,MERV - XMEV - GGAL - 24hs,6840.0,2025-05-09 14:22:56,1,2025-05-09 14:22:57.986,6830.0,1593,6820.0,6465,6810.0,102,6800.0,3074,6790.0,497,6840.0,2750,6850.0,2000,6860.0,7059,6870.0,17414,6880.0,5944,2025-05-09 14:22:57.898,,998603700,145711,False,nan
1142,172810,1610760042,MERV - XMEV - GGAL - 24hs,6840.0,2025-05-09 14:22:56,1,2025-05-09 14:22:59.056,6830.0,1593,6820.0,6465,6810.0,102,6800.0,3074,6790.0,497,6840.0,2750,6850.0,2000,6860.0,6059,6870.0,17414,6880.0,5944,2025-05-09 14:22:58.955,,998603700,145711,False,nan
1143,172866,1610760123,MERV - XMEV - GGAL - 24hs,6840.0,2025-05-09 14:22:58,850,2025-05-09 14:22:59.555,6830.0,1593,6820.0,6465,6810.0,102,6800.0,3074,6790.0,497,6840.0,2750,6850.0,2000,6860.0,6059,6870.0,17414,6880.0,5944,2025-05-09 14:22:59.457,,998603700,145711,True,offer
1144,172939,1610760220,MERV - XMEV - GGAL - 24hs,6840.0,2025-05-09 14:22:58,850,2025-05-09 14:23:00.095,6830.0,1593,6820.0,6465,6810.0,102,6800.0,3074,6790.0,350,6840.0,1750,6850.0,2000,6860.0,8059,6870.0,17414,6880.0,5944,2025-05-09 14:22:59.954,,1005443700,146711,False,nan
1145,173147,1610760513,MERV - XMEV - GGAL - 24hs,6840.0,2025-05-09 14:23:02,1,2025-05-09 14:23:02.449,6830.0,1593,6820.0,6465,6810.0,102,6800.0,3074,6790.0,350,6840.0,1750,6850.0,2000,6860.0,8059,6870.0,17414,6880.0,5944,2025-05-09 14:23:02.365,,1005443700,146711,True,offer
1146,173197,1610760585,MERV - XMEV - GGAL - 24hs,6840.0,2025-05-09 14:23:02,1,2025-05-09 14:23:02.950,6830.0,1593,6820.0,6000,6810.0,102,6800.0,3074,6790.0,350,6840.0,1749,6850.0,2000,6860.0,8059,6870.0,17414,6880.0,5944,2025-05-09 14:23:02.865,,1005443700,146711,False,nan
1147,173240,1610760652,MERV - XMEV - GGAL - 24hs,6840.0,2025-05-09 14:23:02,1,2025-05-09 14:23:03.449,6830.0,1593,6820.0,6000,6810.0,102,6800.0,3074,6790.0,350,6840.0,1749,6850.0,2000,6860.0,8059,6870.0,17414,6880.0,5944,2025-05-09 14:23:03.365,,1005450540,146712,False,nan
1148,173287,1610760729,MERV - XMEV - GGAL - 24hs,6830.0,2025-05-09 14:23:03,10,2025-05-09 14:23:03.959,6830.0,1593,6820.0,6000,6810.0,102,6800.0,3074,6790.0,350,6840.0,1749,6850.0,2000,6860.0,8059,6870.0,17414,6880.0,5944,2025-05-09 14:23:03.865,,1005450540,146712,True,bid
1149,173358,1610760833,MERV - XMEV - GGAL - 24hs,6830.0,2025-05-09 14:23:03,10,2025-05-09 14:23:04.570,6830.0,1583,6820.0,6000,6810.0,102,6800.0,3074,6790.0,350,6840.0,1749,6850.0,2000,6860.0,8059,6870.0,17414,6880.0,5944,2025-05-09 14:23:04.472,,1005450540,146712,False,nan
1150,173414,1610760916,MERV - XMEV - GGAL - 24hs,6830.0,2025-05-09 14:23:03,10,2025-05-09 14:23:05.060,6830.0,1583,6820.0,6000,6810.0,102,6800.0,3074,6790.0,350,6840.0,1749,6850.0,2000,6860.0,8059,6870.0,17414,6880.0,5944,2025-05-09 14:23:04.971,,1005518840,146722,False,nan
1151,173555,1610761120,MERV - XMEV - GGAL - 24hs,6830.0,2025-05-09 14:23:03,10,2025-05-09 14:23:06.505,6830.0,1583,6820.0,6050,6810.0,102,6800.0,3074,6790.0,350,6840.0,1749,6850.0,2000,6860.0,8059,6870.0,17414,6880.0,5944,2025-05-09 14:23:06.421,,1005518840,146722,False,nan
1152,173776,1610761456,MERV - XMEV - GGAL - 24hs,6840.0,2025-05-09 14:23:08,9,2025-05-09 14:23:08.441,6830.0,1583,6820.0,6050,6810.0,102,6800.0,3074,6790.0,350,6840.0,1749,6850.0,2000,6860.0,8059,6870.0,17414,6880.0,5944,2025-05-09 14:23:08.355,,1005518840,146722,True,offer
1153,173854,1610761581,MERV - XMEV - GGAL - 24hs,6840.0,2025-05-09 14:23:08,1,2025-05-09 14:23:09.090,6830.0,1583,6820.0,6050,6810.0,102,6800.0,3074,6790.0,350,6840.0,1749,6850.0,2000,6860.0,8059,6870.0,17414,6880.0,5944,2025-05-09 14:23:09.000,,1005580400,146731,False,nan
1154,173904,1610761658,MERV - XMEV - GGAL - 24hs,6840.0,2025-05-09 14:23:08,1,2025-05-09 14:23:09.586,6830.0,1583,6820.0,6050,6810.0,102,6800.0,3074,6790.0,350,6840.0,1739,6850.0,2000,6860.0,8059,6870.0,17414,6880.0,5944,2025-05-09 14:23:09.499,,1005587240,146732,False,nan
1155,173974,1610761776,MERV - XMEV - GGAL - 24hs,6840.0,2025-05-09 14:23:08,1,2025-05-09 14:23:10.292,6830.0,1583,6820.0,6050,6810.0,102,6800.0,3074,6790.0,350,6840.0,1739,6850.0,2000,6860.0,9059,6870.0,17414,6880.0,5944,2025-05-09 14:23:10.208,,1005587240,146732,False,nan
1156,174196,1610762128,MERV - XMEV - GGAL - 24hs,6830.0,2025-05-09 14:23:13,1,2025-05-09 14:23:13.306,6830.0,1583,6820.0,6050,6810.0,102,6800.0,3074,6790.0,350,6840.0,1739,6850.0,2000,6860.0,9059,6870.0,17414,6880.0,5944,2025-05-09 14:23:13.222,,1005587240,146732,True,bid
1157,174242,1610762199,MERV - XMEV - GGAL - 24hs,6840.0,2025-05-09 14:23:13,50,2025-05-09 14:23:13.810,6830.0,1583,6820.0,6050,6810.0,102,6800.0,3074,6790.0,350,6840.0,1739,6850.0,2000,6860.0,9059,6870.0,17414,6880.0,5944,2025-05-09 14:23:13.722,,1005594070,146733,False,nan
1158,174285,1610762257,MERV - XMEV - GGAL - 24hs,6840.0,2025-05-09 14:23:13,50,2025-05-09 14:23:14.314,6830.0,1582,6820.0,6050,6810.0,102,6800.0,3074,6790.0,350,6840.0,1689,6850.0,2000,6860.0,9059,6870.0,17414,6880.0,5944,2025-05-09 14:23:14.225,,1005936070,146783,False,nan
1159,174716,1610762876,MERV - XMEV - GGAL - 24hs,6830.0,2025-05-09 14:23:17,15,2025-05-09 14:23:17.437,6830.0,1582,6820.0,6050,6810.0,102,6800.0,3074,6790.0,350,6840.0,1689,6850.0,2000,6860.0,9059,6870.0,17414,6880.0,5944,2025-05-09 14:23:17.352,,1005936070,146783,True,bid
1160,174778,1610762978,MERV - XMEV - GGAL - 24hs,6830.0,2025-05-09 14:23:17,26,2025-05-09 14:23:18.326,6830.0,1582,6820.0,6050,6810.0,102,6800.0,3074,6790.0,350,6840.0,1689,6850.0,2000,6860.0,9059,6870.0,17414,6880.0,5944,2025-05-09 14:23:18.238,,1006038520,146798,False,nan
1161,174820,1610763044,MERV - XMEV - GGAL - 24hs,6830.0,2025-05-09 14:23:17,26,2025-05-09 14:23:18.822,6830.0,1541,6820.0,6050,6810.0,102,6800.0,3074,6790.0,350,6840.0,1689,6850.0,2000,6860.0,9059,6870.0,17414,6880.0,5944,2025-05-09 14:23:18.739,,1006216100,146824,False,nan
1162,174972,1610763260,MERV - XMEV - GGAL - 24hs,6830.0,2025-05-09 14:23:19,30,2025-05-09 14:23:20.091,6830.0,1541,6820.0,6050,6810.0,102,6800.0,3074,6790.0,350,6840.0,1689,6850.0,2000,6860.0,9059,6870.0,17414,6880.0,5944,2025-05-09 14:23:19.924,,1006216100,146824,True,bid
1163,175072,1610763411,MERV - XMEV - GGAL - 24hs,6830.0,2025-05-09 14:23:19,30,2025-05-09 14:23:20.560,6830.0,1511,6820.0,6050,6810.0,102,6800.0,3074,6790.0,350,6840.0,1689,6850.0,2000,6860.0,35059,6870.0,17414,6880.0,5944,2025-05-09 14:23:20.424,,1006421000,146854,False,nan
1164,175145,1610763516,MERV - XMEV - GGAL - 24hs,6830.0,2025-05-09 14:23:20,5,2025-05-09 14:23:21.023,6830.0,1511,6820.0,6050,6810.0,102,6800.0,3074,6790.0,350,6840.0,1689,6850.0,2000,6860.0,35059,6870.0,17414,6880.0,5944,2025-05-09 14:23:20.925,,1006421000,146854,True,bid
1165,175232,1610763636,MERV - XMEV - GGAL - 24hs,6830.0,2025-05-09 14:23:20,5,2025-05-09 14:23:21.577,6830.0,1506,6820.0,6050,6810.0,102,6800.0,3074,6790.0,350,6840.0,1689,6850.0,2000,6860.0,35059,6870.0,17414,6880.0,5944,2025-05-09 14:23:21.490,,1006421000,146854,False,nan
1166,175286,1610763725,MERV - XMEV - GGAL - 24hs,6830.0,2025-05-09 14:23:20,5,2025-05-09 14:23:22.074,6830.0,1506,6820.0,6050,6810.0,102,6800.0,3074,6790.0,350,6840.0,1689,6850.0,2000,6860.0,35059,6870.0,17414,6880.0,5944,2025-05-09 14:23:21.990,,1006455150,146859,False,nan
1167,175620,1610764181,MERV - XMEV - GGAL - 24hs,6830.0,2025-05-09 14:23:24,10,2025-05-09 14:23:24.725,6830.0,1506,6820.0,6050,6810.0,102,6800.0,3074,6790.0,350,6840.0,1689,6850.0,2000,6860.0,35059,6870.0,17414,6880.0,5944,2025-05-09 14:23:24.640,,1006455150,146859,True,bid
1168,175747,1610764376,MERV - XMEV - GGAL - 24hs,6830.0,2025-05-09 14:23:24,10,2025-05-09 14:23:25.575,6830.0,1506,6820.0,6050,6810.0,102,6800.0,3074,6790.0,350,6840.0,1689,6850.0,2000,6860.0,35059,6870.0,17414,6880.0,5944,2025-05-09 14:23:25.421,,1006523450,146869,False,nan
1169,175843,1610764516,MERV - XMEV - GGAL - 24hs,6830.0,2025-05-09 14:23:24,10,2025-05-09 14:23:26.279,6830.0,1496,6820.0,6050,6810.0,102,6800.0,3074,6790.0,350,6840.0,1689,6850.0,7000,6860.0,35059,6870.0,17414,6880.0,5944,2025-05-09 14:23:26.046,,1006523450,146869,False,nan
1170,175914,1610764628,MERV - XMEV - GGAL - 24hs,6830.0,2025-05-09 14:23:24,10,2025-05-09 14:23:26.616,6830.0,1521,6820.0,6050,6810.0,102,6800.0,3074,6790.0,350,6840.0,1689,6850.0,7000,6860.0,35059,6870.0,17414,6880.0,5944,2025-05-09 14:23:26.420,,1006523450,146869,False,nan
1171,176348,1610765210,MERV - XMEV - GGAL - 24hs,6830.0,2025-05-09 14:23:29,48,2025-05-09 14:23:29.784,6830.0,1521,6820.0,6050,6810.0,102,6800.0,3074,6790.0,350,6840.0,1689,6850.0,7000,6860.0,35059,6870.0,17414,6880.0,5944,2025-05-09 14:23:29.637,,1006523450,146869,True,bid
1172,176437,1610765338,MERV - XMEV - GGAL - 24hs,6830.0,2025-05-09 14:23:29,48,2025-05-09 14:23:30.395,6830.0,1473,6820.0,6050,6810.0,102,6800.0,3074,6790.0,350,6840.0,1689,6850.0,7000,6860.0,35059,6870.0,17414,6880.0,5944,2025-05-09 14:23:30.306,,1006523450,146869,False,nan
1173,176495,1610765417,MERV - XMEV - GGAL - 24hs,6830.0,2025-05-09 14:23:29,48,2025-05-09 14:23:30.891,6830.0,1473,6820.0,6050,6810.0,102,6800.0,3074,6790.0,350,6840.0,1689,6850.0,7000,6860.0,35059,6870.0,17414,6880.0,5944,2025-05-09 14:23:30.806,,1006851290,146917,False,nan
1174,176770,1610765830,MERV - XMEV - GGAL - 24hs,6830.0,2025-05-09 14:23:29,48,2025-05-09 14:23:33.919,6830.0,1473,6820.0,6050,6810.0,102,6800.0,3074,6790.0,350,6840.0,1689,6850.0,7000,6860.0,35059,6870.0,17414,6880.0,10944,2025-05-09 14:23:33.809,,1006851290,146917,False,nan
1175,176819,1610765909,MERV - XMEV - GGAL - 24hs,6840.0,2025-05-09 14:23:33,11,2025-05-09 14:23:34.393,6830.0,1473,6820.0,6050,6810.0,102,6800.0,3074,6790.0,350,6840.0,1689,6850.0,7000,6860.0,35059,6870.0,17414,6880.0,10944,2025-05-09 14:23:34.309,,1006851290,146917,True,offer
1176,176866,1610765970,MERV - XMEV - GGAL - 24hs,6840.0,2025-05-09 14:23:33,11,2025-05-09 14:23:34.899,6830.0,1329,6820.0,6050,6810.0,102,6800.0,3074,6790.0,350,6840.0,1678,6850.0,7000,6860.0,59,6870.0,9414,6880.0,25944,2025-05-09 14:23:34.809,,1006926530,146928,False,nan
1177,176956,1610766104,MERV - XMEV - GGAL - 24hs,6840.0,2025-05-09 14:23:33,11,2025-05-09 14:23:35.828,6830.0,1329,6820.0,6050,6810.0,102,6800.0,3074,6790.0,350,6840.0,1269,6850.0,7000,6860.0,59,6870.0,9414,6880.0,25944,2025-05-09 14:23:35.743,,1006926530,146928,False,nan
1178,177075,1610766280,MERV - XMEV - GGAL - 24hs,6840.0,2025-05-09 14:23:33,11,2025-05-09 14:23:37.014,6830.0,1329,6820.0,6050,6810.0,102,6800.0,3074,6790.0,350,6840.0,1269,6850.0,7000,6860.0,59,6870.0,8414,6880.0,25944,2025-05-09 14:23:36.922,,1006926530,146928,False,nan
1179,177447,1610766807,MERV - XMEV - GGAL - 24hs,6840.0,2025-05-09 14:23:33,11,2025-05-09 14:23:40.267,6830.0,1329,6820.0,6050,6810.0,102,6800.0,3074,6790.0,350,6840.0,1269,6850.0,7000,6860.0,59,6870.0,8414,6880.0,25945,2025-05-09 14:23:40.160,,1006926530,146928,False,nan
1180,178049,1610767667,MERV - XMEV - GGAL - 24hs,6840.0,2025-05-09 14:23:33,11,2025-05-09 14:23:44.847,6830.0,1329,6820.0,6050,6810.0,102,6800.0,2974,6790.0,350,6840.0,1269,6850.0,7000,6860.0,59,6870.0,8414,6880.0,25945,2025-05-09 14:23:44.636,,1006926530,146928,False,nan
1181,178198,1610767864,MERV - XMEV - GGAL - 24hs,6840.0,2025-05-09 14:23:45,16,2025-05-09 14:23:45.558,6830.0,1329,6820.0,6050,6810.0,102,6800.0,2974,6790.0,350,6840.0,1269,6850.0,7000,6860.0,59,6870.0,8414,6880.0,25945,2025-05-09 14:23:45.471,,1006926530,146928,True,offer
1182,178262,1610767955,MERV - XMEV - GGAL - 24hs,6840.0,2025-05-09 14:23:45,16,2025-05-09 14:23:46.224,6830.0,1329,6820.0,6050,6810.0,102,6800.0,2974,6790.0,350,6840.0,1253,6850.0,7000,6860.0,59,6870.0,8414,6880.0,25945,2025-05-09 14:23:46.134,,1006926530,146928,False,nan
1183,178310,1610768020,MERV - XMEV - GGAL - 24hs,6840.0,2025-05-09 14:23:45,16,2025-05-09 14:23:46.719,6830.0,1329,6820.0,6050,6810.0,102,6800.0,2974,6790.0,350,6840.0,1253,6850.0,7000,6860.0,59,6870.0,8414,6880.0,25945,2025-05-09 14:23:46.635,,1007035970,146944,False,nan
1184,178383,1610768117,MERV - XMEV - GGAL - 24hs,6840.0,2025-05-09 14:23:47,25,2025-05-09 14:23:47.756,6830.0,1329,6820.0,6050,6810.0,102,6800.0,2974,6790.0,350,6840.0,1253,6850.0,7000,6860.0,59,6870.0,8414,6880.0,25945,2025-05-09 14:23:47.672,,1007035970,146944,True,offer
1185,178452,1610768277,MERV - XMEV - GGAL - 24hs,6840.0,2025-05-09 14:23:47,25,2025-05-09 14:23:48.291,6830.0,1329,6820.0,6050,6810.0,102,6800.0,2974,6790.0,350,6840.0,1228,6850.0,7000,6860.0,59,6870.0,8414,6880.0,25945,2025-05-09 14:23:48.174,,1007206970,146969,False,nan
1186,178557,1610768426,MERV - XMEV - GGAL - 24hs,6840.0,2025-05-09 14:23:49,37,2025-05-09 14:23:49.139,6830.0,1329,6820.0,6050,6810.0,102,6800.0,2974,6790.0,350,6840.0,1228,6850.0,7000,6860.0,59,6870.0,8414,6880.0,25945,2025-05-09 14:23:49.054,,1007206970,146969,True,offer
1187,178603,1610768495,MERV - XMEV - GGAL - 24hs,6840.0,2025-05-09 14:23:49,1091,2025-05-09 14:23:49.646,6830.0,1329,6820.0,6050,6810.0,102,6800.0,2974,6790.0,350,6840.0,1228,6850.0,7000,6860.0,59,6870.0,8414,6880.0,25945,2025-05-09 14:23:49.554,,1007206970,146969,False,nan
1188,178665,1610768582,MERV - XMEV - GGAL - 24hs,6840.0,2025-05-09 14:23:49,1091,2025-05-09 14:23:50.140,6840.0,769,6830.0,25,6820.0,6050,6810.0,102,6800.0,2974,6850.0,7000,6860.0,59,6870.0,8414,6880.0,25945,6890.0,7633,2025-05-09 14:23:50.054,,1015606490,148197,False,nan
1189,178718,1610768653,MERV - XMEV - GGAL - 24hs,6850.0,2025-05-09 14:23:50,143,2025-05-09 14:23:50.750,6840.0,769,6830.0,25,6820.0,6050,6810.0,102,6800.0,2974,6850.0,7000,6860.0,59,6870.0,8414,6880.0,25945,6890.0,7633,2025-05-09 14:23:50.666,,1015606490,148197,True,offer
1190,178761,1610768710,MERV - XMEV - GGAL - 24hs,6850.0,2025-05-09 14:23:50,143,2025-05-09 14:23:51.250,6840.0,769,6830.0,25,6820.0,6050,6810.0,102,6800.0,2974,6850.0,6857,6860.0,59,6870.0,8414,6880.0,25945,6890.0,7633,2025-05-09 14:23:51.166,,1015606490,148197,False,nan
1191,178812,1610768771,MERV - XMEV - GGAL - 24hs,6850.0,2025-05-09 14:23:50,143,2025-05-09 14:23:51.750,6840.0,769,6830.0,25,6820.0,6050,6810.0,102,6800.0,2974,6850.0,6857,6860.0,59,6870.0,8414,6880.0,25945,6890.0,7633,2025-05-09 14:23:51.666,,1016586040,148340,False,nan
1192,179319,1610769468,MERV - XMEV - GGAL - 24hs,6850.0,2025-05-09 14:23:50,143,2025-05-09 14:23:55.174,6840.0,76,6830.0,25,6820.0,6050,6810.0,102,6800.0,2974,6850.0,6857,6860.0,59,6870.0,7414,6880.0,25945,6890.0,7633,2025-05-09 14:23:54.938,,1016586040,148340,False,nan
1193,179593,1610769852,MERV - XMEV - GGAL - 24hs,6850.0,2025-05-09 14:23:56,357,2025-05-09 14:23:56.434,6840.0,76,6830.0,25,6820.0,6050,6810.0,102,6800.0,2974,6850.0,6857,6860.0,59,6870.0,7414,6880.0,25945,6890.0,7633,2025-05-09 14:23:56.342,,1016586040,148340,True,offer
1194,179639,1610769924,MERV - XMEV - GGAL - 24hs,6850.0,2025-05-09 14:23:56,643,2025-05-09 14:23:56.928,6840.0,76,6830.0,25,6820.0,6050,6810.0,102,6800.0,2974,6850.0,6857,6860.0,59,6870.0,7414,6880.0,25945,6890.0,7633,2025-05-09 14:23:56.842,,1016586040,148340,False,nan
1195,179691,1610770007,MERV - XMEV - GGAL - 24hs,6850.0,2025-05-09 14:23:56,643,2025-05-09 14:23:57.429,6840.0,76,6830.0,25,6820.0,6050,6810.0,102,6800.0,2974,6850.0,5857,6860.0,59,6870.0,7414,6880.0,25945,6890.0,7633,2025-05-09 14:23:57.342,,1023436040,149340,False,nan
1196,180685,1610771441,MERV - XMEV - GGAL - 24hs,6840.0,2025-05-09 14:24:05,76,2025-05-09 14:24:05.993,6840.0,76,6830.0,25,6820.0,6050,6810.0,102,6800.0,2974,6850.0,5857,6860.0,59,6870.0,7414,6880.0,25945,6890.0,7633,2025-05-09 14:24:05.909,,1023436040,149340,True,bid
1197,180765,1610771552,MERV - XMEV - GGAL - 24hs,6840.0,2025-05-09 14:24:05,76,2025-05-09 14:24:06.657,6830.0,1325,6820.0,6050,6810.0,102,6800.0,2974,6790.0,350,6840.0,19,6850.0,5857,6860.0,59,6870.0,7414,6880.0,25945,2025-05-09 14:24:06.573,,1023436040,149340,False,nan
1198,180833,1610771639,MERV - XMEV - GGAL - 24hs,6840.0,2025-05-09 14:24:05,76,2025-05-09 14:24:07.182,6830.0,1325,6820.0,6050,6810.0,102,6800.0,2974,6790.0,350,6840.0,19,6850.0,5857,6860.0,59,6870.0,7414,6880.0,25945,2025-05-09 14:24:07.075,,1023955880,149416,False,nan
1199,181233,1610772209,MERV - XMEV - GGAL - 24hs,6840.0,2025-05-09 14:24:05,76,2025-05-09 14:24:10.196,6830.0,1325,6820.0,6050,6810.0,102,6800.0,2974,6790.0,350,6840.0,19,6850.0,5857,6860.0,59,6870.0,11414,6880.0,25945,2025-05-09 14:24:10.026,,1023955880,149416,False,nan
1200,181959,1610773384,MERV - XMEV - GGAL - 24hs,6840.0,2025-05-09 14:24:05,76,2025-05-09 14:24:13.955,6830.0,1325,6820.0,6050,6810.0,102,6800.0,2974,6790.0,350,6840.0,19,6850.0,5857,6860.0,59,6870.0,7414,6880.0,29945,2025-05-09 14:24:13.593,,1023955880,149416,False,nan
1201,182474,1610774104,MERV - XMEV - GGAL - 24hs,6840.0,2025-05-09 14:24:05,76,2025-05-09 14:24:16.916,6830.0,1325,6820.0,6050,6810.0,102,6800.0,2974,6790.0,350,6840.0,19,6850.0,5857,6860.0,59,6870.0,7414,6880.0,30945,2025-05-09 14:24:16.824,,1023955880,149416,False,nan
1202,182657,1610774360,MERV - XMEV - GGAL - 24hs,6840.0,2025-05-09 14:24:19,19,2025-05-09 14:24:19.271,6830.0,1325,6820.0,6050,6810.0,102,6800.0,2974,6790.0,350,6840.0,19,6850.0,5857,6860.0,59,6870.0,7414,6880.0,30945,2025-05-09 14:24:19.182,,1023955880,149416,True,offer
1203,182727,1610774484,MERV - XMEV - GGAL - 24hs,6840.0,2025-05-09 14:24:19,19,2025-05-09 14:24:20.115,6830.0,1325,6820.0,6050,6810.0,102,6800.0,2974,6790.0,350,6850.0,5857,6860.0,59,6870.0,7414,6880.0,30945,6890.0,7633,2025-05-09 14:24:20.031,,1023955880,149416,False,nan
1204,182774,1610774543,MERV - XMEV - GGAL - 24hs,6840.0,2025-05-09 14:24:19,19,2025-05-09 14:24:20.614,6830.0,1325,6820.0,6050,6810.0,102,6800.0,2974,6790.0,350,6850.0,5857,6860.0,59,6870.0,7414,6880.0,30945,6890.0,7633,2025-05-09 14:24:20.531,,1024085840,149435,False,nan
1205,182832,1610774629,MERV - XMEV - GGAL - 24hs,6840.0,2025-05-09 14:24:19,19,2025-05-09 14:24:21.294,6830.0,1325,6820.0,6050,6810.0,102,6800.0,2974,6790.0,350,6850.0,5933,6860.0,59,6870.0,7414,6880.0,30938,6890.0,7633,2025-05-09 14:24:21.207,,1024085840,149435,False,nan
1206,183586,1610775681,MERV - XMEV - GGAL - 24hs,6850.0,2025-05-09 14:24:27,1,2025-05-09 14:24:27.758,6830.0,1325,6820.0,6050,6810.0,102,6800.0,2974,6790.0,350,6850.0,5933,6860.0,59,6870.0,7414,6880.0,30938,6890.0,7633,2025-05-09 14:24:27.672,,1024085840,149435,True,offer
1207,183656,1610775783,MERV - XMEV - GGAL - 24hs,6850.0,2025-05-09 14:24:27,1,2025-05-09 14:24:28.255,6830.0,1325,6820.0,6050,6810.0,102,6800.0,2974,6790.0,350,6850.0,5932,6860.0,59,6870.0,7414,6880.0,31938,6890.0,7633,2025-05-09 14:24:28.172,,1024085840,149435,False,nan
1208,183724,1610775895,MERV - XMEV - GGAL - 24hs,6850.0,2025-05-09 14:24:27,1,2025-05-09 14:24:28.755,6830.0,1325,6820.0,6050,6810.0,102,6800.0,2974,6790.0,350,6850.0,5932,6860.0,59,6870.0,7414,6880.0,31938,6890.0,7633,2025-05-09 14:24:28.672,,1024092690,149436,False,nan
1209,183771,1610775958,MERV - XMEV - GGAL - 24hs,6850.0,2025-05-09 14:24:28,56,2025-05-09 14:24:29.257,6830.0,1325,6820.0,6050,6810.0,102,6800.0,2974,6790.0,350,6850.0,5932,6860.0,59,6870.0,7414,6880.0,31938,6890.0,7633,2025-05-09 14:24:29.172,,1024092690,149436,True,offer
1210,183847,1610776057,MERV - XMEV - GGAL - 24hs,6850.0,2025-05-09 14:24:28,56,2025-05-09 14:24:29.757,6830.0,1325,6820.0,6050,6810.0,102,6800.0,2974,6790.0,350,6850.0,5876,6860.0,59,6870.0,7414,6880.0,32938,6890.0,7633,2025-05-09 14:24:29.672,,1024476290,149492,False,nan
1211,184091,1610776371,MERV - XMEV - GGAL - 24hs,6850.0,2025-05-09 14:24:31,163,2025-05-09 14:24:32.275,6830.0,1325,6820.0,6050,6810.0,102,6800.0,2974,6790.0,350,6850.0,5876,6860.0,59,6870.0,7414,6880.0,32938,6890.0,7633,2025-05-09 14:24:32.081,,1024476290,149492,True,offer
1212,184158,1610776464,MERV - XMEV - GGAL - 24hs,6850.0,2025-05-09 14:24:31,163,2025-05-09 14:24:32.684,6830.0,1325,6820.0,6050,6810.0,102,6800.0,2974,6790.0,350,6850.0,5713,6860.0,59,6870.0,7414,6880.0,32938,6890.0,7633,2025-05-09 14:24:32.599,,1024476290,149492,False,nan
1213,184234,1610776559,MERV - XMEV - GGAL - 24hs,6850.0,2025-05-09 14:24:31,163,2025-05-09 14:24:33.184,6830.0,1325,6820.0,6050,6810.0,102,6800.0,2974,6790.0,350,6850.0,5713,6860.0,59,6870.0,7414,6880.0,32938,6890.0,7633,2025-05-09 14:24:33.099,,1025592840,149655,False,nan
1214,184549,1610776977,MERV - XMEV - GGAL - 24hs,6850.0,2025-05-09 14:24:31,163,2025-05-09 14:24:35.667,6830.0,1325,6820.0,6050,6810.0,202,6800.0,2974,6790.0,350,6850.0,5713,6860.0,59,6870.0,7414,6880.0,32938,6890.0,7633,2025-05-09 14:24:35.574,,1025592840,149655,False,nan
1215,184746,1610777250,MERV - XMEV - GGAL - 24hs,6850.0,2025-05-09 14:24:31,163,2025-05-09 14:24:36.988,6830.0,1325,6820.0,6050,6810.0,202,6800.0,2974,6790.0,350,6840.0,200,6850.0,5637,6860.0,359,6870.0,17414,6880.0,22945,2025-05-09 14:24:36.897,,1025592840,149655,False,nan
1216,185652,1610778576,MERV - XMEV - GGAL - 24hs,6830.0,2025-05-09 14:24:44,14,2025-05-09 14:24:44.883,6830.0,1325,6820.0,6050,6810.0,202,6800.0,2974,6790.0,350,6840.0,200,6850.0,5637,6860.0,359,6870.0,17414,6880.0,22945,2025-05-09 14:24:44.798,,1025592840,149655,True,bid
1217,185712,1610778660,MERV - XMEV - GGAL - 24hs,6830.0,2025-05-09 14:24:44,14,2025-05-09 14:24:45.547,6830.0,1311,6820.0,6050,6810.0,202,6800.0,2974,6790.0,350,6840.0,200,6850.0,5637,6860.0,359,6870.0,17414,6880.0,22945,2025-05-09 14:24:45.463,,1025592840,149655,False,nan
1218,185770,1610778771,MERV - XMEV - GGAL - 24hs,6830.0,2025-05-09 14:24:44,14,2025-05-09 14:24:46.060,6830.0,1311,6820.0,6050,6810.0,202,6800.0,2974,6790.0,350,6840.0,200,6850.0,5637,6860.0,359,6870.0,17414,6880.0,22945,2025-05-09 14:24:45.964,,1025688460,149669,False,nan
1219,186256,1610779517,MERV - XMEV - GGAL - 24hs,6840.0,2025-05-09 14:24:51,200,2025-05-09 14:24:51.263,6830.0,1311,6820.0,6050,6810.0,202,6800.0,2974,6790.0,350,6840.0,200,6850.0,5637,6860.0,359,6870.0,17414,6880.0,22945,2025-05-09 14:24:51.154,,1025688460,149669,True,offer
1220,186295,1610779571,MERV - XMEV - GGAL - 24hs,6840.0,2025-05-09 14:24:51,200,2025-05-09 14:24:51.895,6830.0,1311,6820.0,6050,6810.0,202,6800.0,2974,6790.0,350,6850.0,5637,6860.0,359,6870.0,17414,6880.0,22945,6890.0,7633,2025-05-09 14:24:51.812,,1025688460,149669,False,nan
1221,186334,1610779618,MERV - XMEV - GGAL - 24hs,6830.0,2025-05-09 14:24:51,1,2025-05-09 14:24:52.395,6830.0,1311,6820.0,6050,6810.0,202,6800.0,2974,6790.0,350,6850.0,5637,6860.0,359,6870.0,17414,6880.0,22945,6890.0,7633,2025-05-09 14:24:52.312,,1027056460,149869,False,nan
1222,186373,1610779661,MERV - XMEV - GGAL - 24hs,6830.0,2025-05-09 14:24:51,1,2025-05-09 14:24:52.896,6830.0,1310,6820.0,6050,6810.0,202,6800.0,2974,6790.0,350,6850.0,5713,6860.0,359,6870.0,17414,6880.0,22938,6890.0,7633,2025-05-09 14:24:52.811,,1027063290,149870,False,nan
1223,187029,1610780631,MERV - XMEV - GGAL - 24hs,6830.0,2025-05-09 14:24:58,9,2025-05-09 14:24:59.014,6830.0,1310,6820.0,6050,6810.0,202,6800.0,2974,6790.0,350,6850.0,5713,6860.0,359,6870.0,17414,6880.0,22938,6890.0,7633,2025-05-09 14:24:58.926,,1027063290,149870,True,bid
1224,187083,1610780697,MERV - XMEV - GGAL - 24hs,6850.0,2025-05-09 14:24:58,1,2025-05-09 14:24:59.512,6830.0,1310,6820.0,6050,6810.0,202,6800.0,2974,6790.0,350,6850.0,5713,6860.0,359,6870.0,17414,6880.0,22938,6890.0,7633,2025-05-09 14:24:59.427,,1027063290,149870,False,nan
1225,187147,1610780783,MERV - XMEV - GGAL - 24hs,6850.0,2025-05-09 14:24:58,1,2025-05-09 14:25:00.019,6830.0,7301,6820.0,50,6810.0,202,6800.0,2974,6790.0,350,6850.0,5712,6860.0,359,6870.0,17414,6880.0,22938,6890.0,7633,2025-05-09 14:24:59.929,,1027131610,149880,False,nan
1226,187286,1610780967,MERV - XMEV - GGAL - 24hs,6850.0,2025-05-09 14:24:58,1,2025-05-09 14:25:01.828,6830.0,7301,6820.0,50,6810.0,302,6800.0,2974,6790.0,350,6850.0,5712,6860.0,359,6870.0,17414,6880.0,22938,6890.0,7633,2025-05-09 14:25:01.614,,1027131610,149880,False,nan
1227,187384,1610781151,MERV - XMEV - GGAL - 24hs,6850.0,2025-05-09 14:24:58,1,2025-05-09 14:25:02.593,6840.0,717,6830.0,7301,6820.0,50,6810.0,302,6800.0,2974,6850.0,5636,6860.0,15359,6870.0,10414,6880.0,10938,6890.0,7640,2025-05-09 14:25:02.509,,1027131610,149880,False,nan
1228,187536,1610781452,MERV - XMEV - GGAL - 24hs,6850.0,2025-05-09 14:24:58,1,2025-05-09 14:25:03.961,6840.0,717,6830.0,7301,6820.0,50,6810.0,302,6800.0,2974,6850.0,5636,6860.0,15359,6870.0,11414,6880.0,10938,6890.0,7640,2025-05-09 14:25:03.874,,1027131610,149880,False,nan
1229,187651,1610781655,MERV - XMEV - GGAL - 24hs,6850.0,2025-05-09 14:25:04,5,2025-05-09 14:25:04.788,6840.0,717,6830.0,7301,6820.0,50,6810.0,302,6800.0,2974,6850.0,5636,6860.0,15359,6870.0,11414,6880.0,10938,6890.0,7640,2025-05-09 14:25:04.630,,1027131610,149880,True,offer
1230,187749,1610781782,MERV - XMEV - GGAL - 24hs,6850.0,2025-05-09 14:25:04,5,2025-05-09 14:25:05.437,6840.0,717,6830.0,7301,6820.0,50,6810.0,302,6800.0,2974,6850.0,5636,6860.0,15359,6870.0,11414,6880.0,10938,6890.0,7640,2025-05-09 14:25:05.293,,1027165860,149885,False,nan
1231,187827,1610781890,MERV - XMEV - GGAL - 24hs,6850.0,2025-05-09 14:25:04,5,2025-05-09 14:25:05.882,6840.0,717,6830.0,7301,6820.0,50,6810.0,302,6800.0,2974,6850.0,5631,6860.0,15359,6870.0,11414,6880.0,10938,6890.0,7640,2025-05-09 14:25:05.798,,1027165860,149885,False,nan
1232,187872,1610781946,MERV - XMEV - GGAL - 24hs,6850.0,2025-05-09 14:25:04,5,2025-05-09 14:25:06.382,6840.0,717,6830.0,6001,6820.0,1350,6810.0,302,6800.0,2974,6850.0,5631,6860.0,15359,6870.0,11414,6880.0,10938,6890.0,7640,2025-05-09 14:25:06.298,,1027165860,149885,False,nan
1233,188167,1610782357,MERV - XMEV - GGAL - 24hs,6850.0,2025-05-09 14:25:08,3,2025-05-09 14:25:09.052,6840.0,717,6830.0,6001,6820.0,1350,6810.0,302,6800.0,2974,6850.0,5631,6860.0,15359,6870.0,11414,6880.0,10938,6890.0,7640,2025-05-09 14:25:08.959,,1027165860,149885,True,offer
1234,188222,1610782430,MERV - XMEV - GGAL - 24hs,6850.0,2025-05-09 14:25:08,3,2025-05-09 14:25:09.551,6840.0,717,6830.0,6001,6820.0,1350,6810.0,302,6800.0,2974,6850.0,5628,6860.0,15359,6870.0,11414,6880.0,10938,6890.0,7640,2025-05-09 14:25:09.454,,1027165860,149885,False,nan
1235,188283,1610782521,MERV - XMEV - GGAL - 24hs,6850.0,2025-05-09 14:25:08,3,2025-05-09 14:25:10.046,6840.0,717,6830.0,6001,6820.0,1350,6810.0,302,6800.0,2974,6850.0,5628,6860.0,15359,6870.0,11414,6880.0,10938,6890.0,7640,2025-05-09 14:25:09.958,,1027186410,149888,False,nan
1236,188485,1610782828,MERV - XMEV - GGAL - 24hs,6850.0,2025-05-09 14:25:08,3,2025-05-09 14:25:11.776,6840.0,717,6830.0,6001,6820.0,1350,6810.0,302,6800.0,2974,6850.0,5628,6860.0,15359,6870.0,13414,6880.0,10938,6890.0,7640,2025-05-09 14:25:11.682,,1027186410,149888,False,nan
1237,188619,1610783016,MERV - XMEV - GGAL - 24hs,6850.0,2025-05-09 14:25:08,3,2025-05-09 14:25:12.556,6840.0,725,6830.0,6001,6820.0,50,6810.0,1602,6800.0,2974,6850.0,5628,6860.0,15359,6870.0,12414,6880.0,10938,6890.0,7640,2025-05-09 14:25:12.441,,1027186410,149888,False,nan
1238,189730,1610784576,MERV - XMEV - GGAL - 24hs,6850.0,2025-05-09 14:25:08,3,2025-05-09 14:25:22.283,6840.0,725,6830.0,6014,6820.0,50,6810.0,1602,6800.0,2974,6850.0,5628,6860.0,15359,6870.0,13414,6880.0,10938,6890.0,7640,2025-05-09 14:25:22.192,,1027186410,149888,False,nan
1239,190740,1610786050,MERV - XMEV - GGAL - 24hs,6850.0,2025-05-09 14:25:08,3,2025-05-09 14:25:32.072,6840.0,725,6830.0,6014,6820.0,50,6810.0,1602,6800.0,2874,6850.0,5628,6860.0,15359,6870.0,13414,6880.0,10938,6890.0,7640,2025-05-09 14:25:31.922,,1027186410,149888,False,nan
1240,191150,1610786622,MERV - XMEV - GGAL - 24hs,6850.0,2025-05-09 14:25:08,3,2025-05-09 14:25:36.628,6840.0,725,6830.0,6014,6820.0,50,6810.0,1702,6800.0,2874,6850.0,5628,6860.0,15359,6870.0,13414,6880.0,10938,6890.0,7640,2025-05-09 14:25:36.543,,1027186410,149888,False,nan
1241,191356,1610786906,MERV - XMEV - GGAL - 24hs,6840.0,2025-05-09 14:25:38,3,2025-05-09 14:25:38.710,6840.0,725,6830.0,6014,6820.0,50,6810.0,1702,6800.0,2874,6850.0,5628,6860.0,15359,6870.0,13414,6880.0,10938,6890.0,7640,2025-05-09 14:25:38.624,,1027186410,149888,True,bid
1242,191484,1610787063,MERV - XMEV - GGAL - 24hs,6840.0,2025-05-09 14:25:38,3,2025-05-09 14:25:39.370,6840.0,722,6830.0,6014,6820.0,50,6810.0,1702,6800.0,2874,6850.0,5628,6860.0,15359,6870.0,13414,6880.0,10938,6890.0,7640,2025-05-09 14:25:39.286,,1027186410,149888,False,nan
1243,191558,1610787162,MERV - XMEV - GGAL - 24hs,6840.0,2025-05-09 14:25:38,3,2025-05-09 14:25:39.870,6840.0,722,6830.0,6014,6820.0,50,6810.0,1702,6800.0,2874,6850.0,5628,6860.0,15359,6870.0,13414,6880.0,10938,6890.0,7640,2025-05-09 14:25:39.786,,1027206930,149891,False,nan
1244,191593,1610787212,MERV - XMEV - GGAL - 24hs,6840.0,2025-05-09 14:25:38,3,2025-05-09 14:25:40.371,6840.0,722,6830.0,6014,6820.0,50,6810.0,1702,6800.0,2874,6850.0,5628,6860.0,15359,6870.0,8414,6880.0,10938,6890.0,7640,2025-05-09 14:25:40.286,,1027206930,149891,False,nan
1245,192162,1610788023,MERV - XMEV - GGAL - 24hs,6840.0,2025-05-09 14:25:38,3,2025-05-09 14:25:45.122,6840.0,722,6830.0,6014,6820.0,150,6810.0,1702,6800.0,2874,6850.0,5628,6860.0,15359,6870.0,9414,6880.0,10938,6890.0,7640,2025-05-09 14:25:45.036,,1027206930,149891,False,nan
1246,192245,1610788150,MERV - XMEV - GGAL - 24hs,6840.0,2025-05-09 14:25:38,3,2025-05-09 14:25:45.874,6840.0,722,6830.0,6014,6820.0,150,6810.0,1702,6800.0,2874,6850.0,5628,6860.0,15359,6870.0,11414,6880.0,10938,6890.0,7640,2025-05-09 14:25:45.787,,1027206930,149891,False,nan
1247,192330,1610788255,MERV - XMEV - GGAL - 24hs,6840.0,2025-05-09 14:25:46,714,2025-05-09 14:25:46.523,6840.0,722,6830.0,6014,6820.0,150,6810.0,1702,6800.0,2874,6850.0,5628,6860.0,15359,6870.0,11414,6880.0,10938,6890.0,7640,2025-05-09 14:25:46.435,,1027206930,149891,True,bid
1248,192376,1610788316,MERV - XMEV - GGAL - 24hs,6830.0,2025-05-09 14:25:46,12,2025-05-09 14:25:47.034,6840.0,722,6830.0,6014,6820.0,150,6810.0,1702,6800.0,2874,6850.0,5628,6860.0,15359,6870.0,11414,6880.0,10938,6890.0,7640,2025-05-09 14:25:46.941,,1027206930,149891,False,nan
1249,192430,1610788389,MERV - XMEV - GGAL - 24hs,6830.0,2025-05-09 14:25:46,12,2025-05-09 14:25:47.520,6830.0,6001,6820.0,150,6810.0,1702,6800.0,2874,6790.0,350,6840.0,8,6850.0,5628,6860.0,15359,6870.0,11414,6880.0,10938,2025-05-09 14:25:47.431,,1032234200,150626,False,nan
1250,192478,1610788446,MERV - XMEV - GGAL - 24hs,6830.0,2025-05-09 14:25:46,12,2025-05-09 14:25:48.021,6830.0,6001,6820.0,150,6810.0,1702,6800.0,2874,6790.0,350,6840.0,8,6850.0,5628,6860.0,15359,6870.0,9414,6880.0,10938,2025-05-09 14:25:47.930,,1032234200,150626,False,nan
1251,192544,1610788537,MERV - XMEV - GGAL - 24hs,6830.0,2025-05-09 14:25:46,12,2025-05-09 14:25:48.783,6830.0,6001,6820.0,150,6810.0,1702,6800.0,2874,6790.0,350,6840.0,8,6850.0,5628,6860.0,359,6870.0,17414,6880.0,17938,2025-05-09 14:25:48.683,,1032234200,150626,False,nan
1252,192645,1610788668,MERV - XMEV - GGAL - 24hs,6830.0,2025-05-09 14:25:46,12,2025-05-09 14:25:49.647,6830.0,6001,6820.0,150,6810.0,1702,6800.0,2374,6790.0,350,6840.0,8,6850.0,5628,6860.0,359,6870.0,17414,6880.0,18938,2025-05-09 14:25:49.562,,1032234200,150626,False,nan
1253,192825,1610788909,MERV - XMEV - GGAL - 24hs,6830.0,2025-05-09 14:25:46,12,2025-05-09 14:25:51.308,6830.0,6001,6820.0,150,6810.0,1702,6800.0,2374,6790.0,350,6840.0,8,6850.0,5628,6860.0,359,6870.0,17414,6880.0,17938,2025-05-09 14:25:51.075,,1032234200,150626,False,nan
1254,193072,1610789242,MERV - XMEV - GGAL - 24hs,6830.0,2025-05-09 14:25:46,12,2025-05-09 14:25:52.596,6830.0,6001,6820.0,150,6810.0,1702,6800.0,2374,6790.0,350,6840.0,8,6850.0,5628,6860.0,359,6870.0,17414,6880.0,16938,2025-05-09 14:25:52.502,,1032234200,150626,False,nan
1255,193215,1610789436,MERV - XMEV - GGAL - 24hs,6830.0,2025-05-09 14:25:46,12,2025-05-09 14:25:53.851,6830.0,6001,6820.0,150,6810.0,1702,6800.0,2374,6790.0,350,6840.0,8,6850.0,5628,6860.0,359,6870.0,2414,6880.0,27938,2025-05-09 14:25:53.693,,1032234200,150626,False,nan
1256,193307,1610789579,MERV - XMEV - GGAL - 24hs,6830.0,2025-05-09 14:25:46,12,2025-05-09 14:25:54.470,6830.0,6001,6820.0,150,6810.0,1702,6800.0,2374,6790.0,350,6840.0,8,6850.0,5628,6860.0,359,6870.0,2414,6880.0,25938,2025-05-09 14:25:54.385,,1032234200,150626,False,nan
1257,193552,1610789979,MERV - XMEV - GGAL - 24hs,6830.0,2025-05-09 14:25:46,12,2025-05-09 14:25:56.636,6830.0,6001,6820.0,150,6810.0,1702,6800.0,2374,6790.0,350,6840.0,8,6850.0,5628,6860.0,359,6870.0,7414,6880.0,20938,2025-05-09 14:25:56.551,,1032234200,150626,False,nan
1258,193853,1610790422,MERV - XMEV - GGAL - 24hs,6830.0,2025-05-09 14:25:58,10,2025-05-09 14:25:58.806,6830.0,6001,6820.0,150,6810.0,1702,6800.0,2374,6790.0,350,6840.0,8,6850.0,5628,6860.0,359,6870.0,7414,6880.0,20938,2025-05-09 14:25:58.712,,1032234200,150626,True,bid
1259,193924,1610790534,MERV - XMEV - GGAL - 24hs,6830.0,2025-05-09 14:25:58,10,2025-05-09 14:25:59.446,6830.0,5991,6820.0,150,6810.0,1702,6800.0,2374,6790.0,350,6840.0,8,6850.0,5628,6860.0,359,6870.0,7414,6880.0,20938,2025-05-09 14:25:59.362,,1032234200,150626,False,nan
1260,193988,1610790615,MERV - XMEV - GGAL - 24hs,6830.0,2025-05-09 14:25:58,10,2025-05-09 14:25:59.947,6830.0,5991,6820.0,150,6810.0,1702,6800.0,2374,6790.0,350,6840.0,8,6850.0,5628,6860.0,359,6870.0,7414,6880.0,20938,2025-05-09 14:25:59.862,,1032302500,150636,False,nan
1261,194047,1610790690,MERV - XMEV - GGAL - 24hs,6830.0,2025-05-09 14:25:58,10,2025-05-09 14:26:00.544,6830.0,5991,6820.0,150,6810.0,1723,6800.0,2374,6790.0,350,6840.0,8,6850.0,5628,6860.0,359,6870.0,7414,6880.0,20938,2025-05-09 14:26:00.453,,1032302500,150636,False,nan
1262,194450,1610791323,MERV - XMEV - GGAL - 24hs,6840.0,2025-05-09 14:26:03,8,2025-05-09 14:26:03.914,6830.0,5991,6820.0,150,6810.0,1723,6800.0,2374,6790.0,350,6840.0,8,6850.0,5628,6860.0,359,6870.0,7414,6880.0,20938,2025-05-09 14:26:03.826,,1032302500,150636,True,offer
1263,194514,1610791412,MERV - XMEV - GGAL - 24hs,6850.0,2025-05-09 14:26:03,380,2025-05-09 14:26:04.411,6830.0,5991,6820.0,150,6810.0,1723,6800.0,2374,6790.0,350,6840.0,8,6850.0,5628,6860.0,359,6870.0,7414,6880.0,20938,2025-05-09 14:26:04.328,,1032302500,150636,False,nan
1264,194572,1610791494,MERV - XMEV - GGAL - 24hs,6850.0,2025-05-09 14:26:03,380,2025-05-09 14:26:04.922,6830.0,5991,6820.0,150,6810.0,1723,6800.0,2374,6790.0,350,6850.0,5324,6860.0,359,6870.0,7414,6880.0,20938,6890.0,13633,2025-05-09 14:26:04.830,,1034960220,151024,False,nan
1265,194642,1610791589,MERV - XMEV - GGAL - 24hs,6850.0,2025-05-09 14:26:03,380,2025-05-09 14:26:05.416,6830.0,5991,6820.0,250,6810.0,1723,6800.0,2374,6790.0,350,6850.0,5324,6860.0,359,6870.0,7414,6880.0,20938,6890.0,13633,2025-05-09 14:26:05.330,,1034960220,151024,False,nan
1266,195146,1610792335,MERV - XMEV - GGAL - 24hs,6850.0,2025-05-09 14:26:03,380,2025-05-09 14:26:09.659,6830.0,5991,6820.0,269,6810.0,1723,6800.0,2374,6790.0,350,6850.0,5324,6860.0,359,6870.0,7414,6880.0,20938,6890.0,13633,2025-05-09 14:26:09.563,,1034960220,151024,False,nan
1267,196022,1610793553,MERV - XMEV - GGAL - 24hs,6850.0,2025-05-09 14:26:03,380,2025-05-09 14:26:16.355,6830.0,5991,6820.0,269,6810.0,1723,6800.0,2374,6790.0,350,6850.0,5324,6860.0,359,6870.0,7414,6880.0,20938,6890.0,15633,2025-05-09 14:26:16.258,,1034960220,151024,False,nan
1268,196083,1610793638,MERV - XMEV - GGAL - 24hs,6850.0,2025-05-09 14:26:16,2,2025-05-09 14:26:16.936,6830.0,5991,6820.0,269,6810.0,1723,6800.0,2374,6790.0,350,6850.0,5324,6860.0,359,6870.0,7414,6880.0,20938,6890.0,15633,2025-05-09 14:26:16.849,,1034960220,151024,True,offer
1269,196135,1610793722,MERV - XMEV - GGAL - 24hs,6850.0,2025-05-09 14:26:16,2,2025-05-09 14:26:17.439,6830.0,5991,6820.0,269,6810.0,1723,6800.0,2374,6790.0,350,6850.0,322,6860.0,5359,6870.0,7414,6880.0,20938,6890.0,13633,2025-05-09 14:26:17.348,,1034960220,151024,False,nan
1270,196211,1610793835,MERV - XMEV - GGAL - 24hs,6850.0,2025-05-09 14:26:16,2,2025-05-09 14:26:17.932,6830.0,5991,6820.0,269,6810.0,1723,6800.0,2374,6790.0,350,6850.0,322,6860.0,5359,6870.0,7414,6880.0,20938,6890.0,13633,2025-05-09 14:26:17.848,,1034973920,151026,False,nan
1271,196274,1610793926,MERV - XMEV - GGAL - 24hs,6850.0,2025-05-09 14:26:16,2,2025-05-09 14:26:18.505,6830.0,6091,6820.0,269,6810.0,1723,6800.0,2374,6790.0,350,6850.0,322,6860.0,5359,6870.0,7414,6880.0,20938,6890.0,15633,2025-05-09 14:26:18.420,,1034973920,151026,False,nan
1272,196350,1610794023,MERV - XMEV - GGAL - 24hs,6850.0,2025-05-09 14:26:18,9,2025-05-09 14:26:19.056,6830.0,6091,6820.0,269,6810.0,1723,6800.0,2374,6790.0,350,6850.0,322,6860.0,5359,6870.0,7414,6880.0,20938,6890.0,15633,2025-05-09 14:26:18.925,,1034973920,151026,True,offer
1273,196435,1610794143,MERV - XMEV - GGAL - 24hs,6850.0,2025-05-09 14:26:18,9,2025-05-09 14:26:19.851,6830.0,6091,6820.0,269,6810.0,1723,6800.0,2374,6790.0,350,6850.0,313,6860.0,5359,6870.0,7414,6880.0,20938,6890.0,13633,2025-05-09 14:26:19.578,,1034973920,151026,False,nan
1274,196473,1610794196,MERV - XMEV - GGAL - 24hs,6850.0,2025-05-09 14:26:18,9,2025-05-09 14:26:20.015,6830.0,6091,6820.0,269,6810.0,1723,6800.0,2374,6790.0,350,6850.0,313,6860.0,5359,6870.0,7414,6880.0,20938,6890.0,13633,2025-05-09 14:26:19.925,,1035035570,151035,False,nan
1275,196528,1610794296,MERV - XMEV - GGAL - 24hs,6850.0,2025-05-09 14:26:18,9,2025-05-09 14:26:20.511,6830.0,6091,6820.0,269,6810.0,1723,6800.0,2374,6790.0,350,6850.0,313,6860.0,5359,6870.0,7414,6880.0,20938,6890.0,15633,2025-05-09 14:26:20.425,,1035035570,151035,False,nan
1276,196688,1610794548,MERV - XMEV - GGAL - 24hs,6850.0,2025-05-09 14:26:21,43,2025-05-09 14:26:21.696,6830.0,6091,6820.0,269,6810.0,1723,6800.0,2374,6790.0,350,6850.0,313,6860.0,5359,6870.0,7414,6880.0,20938,6890.0,15633,2025-05-09 14:26:21.611,,1035035570,151035,True,offer
1277,196760,1610794644,MERV - XMEV - GGAL - 24hs,6850.0,2025-05-09 14:26:21,43,2025-05-09 14:26:22.361,6830.0,6091,6820.0,269,6810.0,1723,6800.0,2374,6790.0,350,6850.0,270,6860.0,5359,6870.0,7414,6880.0,20938,6890.0,15633,2025-05-09 14:26:22.277,,1035035570,151035,False,nan
1278,196825,1610794746,MERV - XMEV - GGAL - 24hs,6850.0,2025-05-09 14:26:21,43,2025-05-09 14:26:22.860,6830.0,6091,6820.0,269,6810.0,1723,6800.0,2374,6790.0,350,6850.0,270,6860.0,5359,6870.0,7414,6880.0,20938,6890.0,15633,2025-05-09 14:26:22.776,,1035330120,151078,False,nan
1279,196893,1610794850,MERV - XMEV - GGAL - 24hs,6850.0,2025-05-09 14:26:22,6,2025-05-09 14:26:23.384,6830.0,6091,6820.0,269,6810.0,1723,6800.0,2374,6790.0,350,6850.0,270,6860.0,5359,6870.0,7414,6880.0,20938,6890.0,15633,2025-05-09 14:26:23.296,,1035330120,151078,True,offer
1280,196942,1610794911,MERV - XMEV - GGAL - 24hs,6850.0,2025-05-09 14:26:22,6,2025-05-09 14:26:23.879,6830.0,6091,6820.0,269,6810.0,1723,6800.0,2374,6790.0,350,6850.0,264,6860.0,5359,6870.0,7414,6880.0,20938,6890.0,15633,2025-05-09 14:26:23.796,,1035371220,151084,False,nan
1281,197199,1610795299,MERV - XMEV - GGAL - 24hs,6850.0,2025-05-09 14:26:22,6,2025-05-09 14:26:26.102,6830.0,6091,6820.0,269,6810.0,1723,6800.0,2374,6790.0,350,6850.0,264,6860.0,5359,6870.0,7414,6880.0,20938,6890.0,17633,2025-05-09 14:26:26.008,,1035371220,151084,False,nan
1282,197270,1610795402,MERV - XMEV - GGAL - 24hs,6850.0,2025-05-09 14:26:22,6,2025-05-09 14:26:26.857,6830.0,6091,6820.0,269,6810.0,1723,6800.0,2374,6790.0,350,6850.0,264,6860.0,5359,6870.0,7414,6880.0,20938,6890.0,15633,2025-05-09 14:26:26.772,,1035371220,151084,False,nan
1283,197400,1610795591,MERV - XMEV - GGAL - 24hs,6850.0,2025-05-09 14:26:22,6,2025-05-09 14:26:28.206,6830.0,6091,6820.0,269,6810.0,1723,6800.0,2416,6790.0,350,6850.0,264,6860.0,5359,6870.0,7414,6880.0,20938,6890.0,15633,2025-05-09 14:26:28.122,,1035371220,151084,False,nan
1284,197498,1610795720,MERV - XMEV - GGAL - 24hs,6850.0,2025-05-09 14:26:22,6,2025-05-09 14:26:29.286,6830.0,6091,6820.0,269,6810.0,1723,6800.0,2416,6790.0,350,6850.0,264,6860.0,5359,6870.0,7414,6880.0,20938,6890.0,18633,2025-05-09 14:26:29.199,,1035371220,151084,False,nan
1285,197576,1610795824,MERV - XMEV - GGAL - 24hs,6850.0,2025-05-09 14:26:29,3,2025-05-09 14:26:29.794,6830.0,6091,6820.0,269,6810.0,1723,6800.0,2416,6790.0,350,6850.0,264,6860.0,5359,6870.0,7414,6880.0,20938,6890.0,18633,2025-05-09 14:26:29.703,,1035371220,151084,True,offer
1286,197653,1610795931,MERV - XMEV - GGAL - 24hs,6850.0,2025-05-09 14:26:29,3,2025-05-09 14:26:30.345,6830.0,6091,6820.0,269,6810.0,1723,6800.0,2416,6790.0,350,6850.0,261,6860.0,5359,6870.0,7414,6880.0,20938,6890.0,17633,2025-05-09 14:26:30.257,,1035371220,151084,False,nan
1287,197705,1610796015,MERV - XMEV - GGAL - 24hs,6850.0,2025-05-09 14:26:29,3,2025-05-09 14:26:30.842,6830.0,6091,6820.0,269,6810.0,1723,6800.0,2416,6790.0,350,6850.0,261,6860.0,5359,6870.0,7414,6880.0,20938,6890.0,17633,2025-05-09 14:26:30.758,,1035391770,151087,False,nan
1288,197815,1610796169,MERV - XMEV - GGAL - 24hs,6850.0,2025-05-09 14:26:29,3,2025-05-09 14:26:31.888,6830.0,6091,6820.0,269,6810.0,1723,6800.0,2416,6790.0,350,6850.0,261,6860.0,5359,6870.0,7414,6880.0,20938,6890.0,14633,2025-05-09 14:26:31.802,,1035391770,151087,False,nan
1289,197873,1610796268,MERV - XMEV - GGAL - 24hs,6850.0,2025-05-09 14:26:29,3,2025-05-09 14:26:32.648,6830.0,6091,6820.0,269,6810.0,1723,6800.0,2416,6790.0,350,6850.0,261,6860.0,5359,6870.0,7414,6880.0,20938,6890.0,17633,2025-05-09 14:26:32.558,,1035391770,151087,False,nan
1290,197923,1610796340,MERV - XMEV - GGAL - 24hs,6850.0,2025-05-09 14:26:33,150,2025-05-09 14:26:33.236,6830.0,6091,6820.0,269,6810.0,1723,6800.0,2416,6790.0,350,6850.0,261,6860.0,5359,6870.0,7414,6880.0,20938,6890.0,17633,2025-05-09 14:26:33.150,,1035391770,151087,True,offer
1291,197990,1610796441,MERV - XMEV - GGAL - 24hs,6850.0,2025-05-09 14:26:33,150,2025-05-09 14:26:33.900,6830.0,6091,6820.0,269,6810.0,1723,6800.0,2416,6790.0,350,6850.0,111,6860.0,5359,6870.0,7414,6880.0,20938,6890.0,17633,2025-05-09 14:26:33.815,,1035391770,151087,False,nan
1292,198038,1610796506,MERV - XMEV - GGAL - 24hs,6850.0,2025-05-09 14:26:33,150,2025-05-09 14:26:34.403,6830.0,6091,6820.0,269,6810.0,1723,6800.0,2416,6790.0,350,6850.0,111,6860.0,5359,6870.0,7414,6880.0,20938,6890.0,17633,2025-05-09 14:26:34.315,,1036419270,151237,False,nan
1293,198153,1610796677,MERV - XMEV - GGAL - 24hs,6850.0,2025-05-09 14:26:33,150,2025-05-09 14:26:35.580,6830.0,6091,6820.0,269,6810.0,1723,6800.0,2416,6790.0,350,6850.0,111,6860.0,5359,6870.0,7414,6880.0,20938,6890.0,14633,2025-05-09 14:26:35.492,,1036419270,151237,False,nan
1294,198220,1610796788,MERV - XMEV - GGAL - 24hs,6850.0,2025-05-09 14:26:33,150,2025-05-09 14:26:36.322,6830.0,6091,6820.0,269,6810.0,1723,6800.0,2416,6790.0,350,6850.0,111,6860.0,5359,6870.0,7414,6880.0,20938,6890.0,17633,2025-05-09 14:26:36.237,,1036419270,151237,False,nan
1295,198272,1610796869,MERV - XMEV - GGAL - 24hs,6850.0,2025-05-09 14:26:36,63,2025-05-09 14:26:36.839,6830.0,6091,6820.0,269,6810.0,1723,6800.0,2416,6790.0,350,6850.0,111,6860.0,5359,6870.0,7414,6880.0,20938,6890.0,17633,2025-05-09 14:26:36.737,,1036419270,151237,True,offer
1296,198362,1610796996,MERV - XMEV - GGAL - 24hs,6850.0,2025-05-09 14:26:36,63,2025-05-09 14:26:37.887,6830.0,6154,6820.0,269,6810.0,1723,6800.0,2416,6790.0,350,6850.0,1513,6860.0,5359,6870.0,7414,6880.0,20938,6890.0,14633,2025-05-09 14:26:37.697,,1036419270,151237,False,nan
1297,198405,1610797052,MERV - XMEV - GGAL - 24hs,6850.0,2025-05-09 14:26:36,63,2025-05-09 14:26:38.067,6830.0,6154,6820.0,269,6810.0,1723,6800.0,2416,6790.0,350,6850.0,1513,6860.0,5359,6870.0,7414,6880.0,20938,6890.0,14633,2025-05-09 14:26:37.873,,1037090570,151335,False,nan
1298,198471,1610797141,MERV - XMEV - GGAL - 24hs,6850.0,2025-05-09 14:26:36,63,2025-05-09 14:26:38.479,6830.0,6154,6820.0,269,6810.0,1723,6800.0,2416,6790.0,350,6850.0,1513,6860.0,5359,6870.0,7414,6880.0,20938,6890.0,18633,2025-05-09 14:26:38.373,,1037090570,151335,False,nan
1299,198558,1610797268,MERV - XMEV - GGAL - 24hs,6850.0,2025-05-09 14:26:38,1500,2025-05-09 14:26:38.962,6830.0,6154,6820.0,269,6810.0,1723,6800.0,2416,6790.0,350,6850.0,1513,6860.0,5359,6870.0,7414,6880.0,20938,6890.0,18633,2025-05-09 14:26:38.873,,1037090570,151335,True,offer
1300,198605,1610797343,MERV - XMEV - GGAL - 24hs,6850.0,2025-05-09 14:26:39,255,2025-05-09 14:26:39.461,6850.0,7630,6830.0,6091,6820.0,269,6810.0,1723,6800.0,2422,6860.0,10359,6870.0,2414,6880.0,29938,6890.0,5633,6900.0,10063,2025-05-09 14:26:39.373,,1087198320,158650,True,offer
1301,198763,1610797562,MERV - XMEV - GGAL - 24hs,6850.0,2025-05-09 14:26:39,255,2025-05-09 14:26:40.601,6850.0,7630,6830.0,6091,6820.0,269,6810.0,1723,6800.0,2422,6860.0,10359,6870.0,2414,6880.0,33938,6890.0,5633,6900.0,10063,2025-05-09 14:26:40.511,,1087198320,158650,False,nan
1302,198826,1610797667,MERV - XMEV - GGAL - 24hs,6850.0,2025-05-09 14:26:40,219,2025-05-09 14:26:41.115,6850.0,7630,6830.0,6091,6820.0,269,6810.0,1723,6800.0,2422,6860.0,10359,6870.0,2414,6880.0,33938,6890.0,5633,6900.0,10063,2025-05-09 14:26:41.012,,1087198320,158650,True,bid
1303,198867,1610797728,MERV - XMEV - GGAL - 24hs,6850.0,2025-05-09 14:26:40,219,2025-05-09 14:26:41.691,6850.0,7411,6830.0,6091,6820.0,269,6810.0,1723,6800.0,2422,6860.0,10359,6870.0,2414,6880.0,33988,6890.0,5633,6900.0,10063,2025-05-09 14:26:41.597,,1087198320,158650,False,nan
1304,198936,1610797834,MERV - XMEV - GGAL - 24hs,6850.0,2025-05-09 14:26:40,219,2025-05-09 14:26:42.183,6850.0,7411,6830.0,6091,6820.0,269,6810.0,1723,6800.0,2422,6860.0,10359,6870.0,2414,6880.0,33988,6890.0,5633,6900.0,10063,2025-05-09 14:26:42.098,,1088698470,158869,False,nan
1305,199068,1610798010,MERV - XMEV - GGAL - 24hs,6850.0,2025-05-09 14:26:43,5000,2025-05-09 14:26:43.867,6850.0,7411,6830.0,6091,6820.0,269,6810.0,1723,6800.0,2422,6860.0,10359,6870.0,2414,6880.0,33988,6890.0,5633,6900.0,10063,2025-05-09 14:26:43.780,,1088698470,158869,True,bid
1306,199154,1610798128,MERV - XMEV - GGAL - 24hs,6850.0,2025-05-09 14:26:43,5000,2025-05-09 14:26:44.542,6850.0,2411,6830.0,6091,6820.0,269,6810.0,1723,6800.0,2422,6860.0,10359,6870.0,2414,6880.0,33988,6890.0,5633,6900.0,10063,2025-05-09 14:26:44.455,,1088698470,158869,False,nan
1307,199194,1610798184,MERV - XMEV - GGAL - 24hs,6850.0,2025-05-09 14:26:44,2,2025-05-09 14:26:45.039,6850.0,2411,6830.0,6091,6820.0,269,6810.0,1723,6800.0,2422,6860.0,10359,6870.0,2414,6880.0,33988,6890.0,5633,6900.0,10063,2025-05-09 14:26:44.956,,1123510170,163951,True,bid
1308,199262,1610798292,MERV - XMEV - GGAL - 24hs,6850.0,2025-05-09 14:26:44,2,2025-05-09 14:26:45.548,6850.0,2327,6830.0,6091,6820.0,269,6810.0,1723,6800.0,2452,6860.0,10359,6870.0,2414,6880.0,36988,6890.0,5633,6900.0,10063,2025-05-09 14:26:45.464,,1123523870,163953,False,nan
1309,199351,1610798410,MERV - XMEV - GGAL - 24hs,6850.0,2025-05-09 14:26:46,1000,2025-05-09 14:26:46.504,6850.0,2327,6830.0,6091,6820.0,269,6810.0,1723,6800.0,2452,6860.0,10359,6870.0,2414,6880.0,36988,6890.0,5633,6900.0,10063,2025-05-09 14:26:46.419,,1123523870,163953,True,bid
1310,199420,1610798521,MERV - XMEV - GGAL - 24hs,6850.0,2025-05-09 14:26:46,138,2025-05-09 14:26:47.071,6850.0,2327,6830.0,6091,6820.0,269,6810.0,1723,6800.0,2452,6860.0,10359,6870.0,2414,6880.0,36988,6890.0,5633,6900.0,10063,2025-05-09 14:26:46.919,,1130373870,164953,False,nan
1311,199500,1610798631,MERV - XMEV - GGAL - 24hs,6850.0,2025-05-09 14:26:46,138,2025-05-09 14:26:47.508,6850.0,7,6830.0,6091,6820.0,269,6810.0,1723,6800.0,2452,6860.0,10359,6870.0,2414,6880.0,36988,6890.0,5633,6900.0,10063,2025-05-09 14:26:47.419,,1139415870,166273,False,nan
1312,199643,1610798851,MERV - XMEV - GGAL - 24hs,6850.0,2025-05-09 14:26:46,138,2025-05-09 14:26:48.857,6850.0,7,6830.0,6091,6820.0,269,6810.0,1723,6800.0,2452,6860.0,10359,6870.0,2414,6880.0,37988,6890.0,5633,6900.0,10063,2025-05-09 14:26:48.772,,1139415870,166273,False,nan
1313,200148,1610799577,MERV - XMEV - GGAL - 24hs,6860.0,2025-05-09 14:26:54,5,2025-05-09 14:26:54.104,6850.0,7,6830.0,6091,6820.0,269,6810.0,1723,6800.0,2452,6860.0,10359,6870.0,2414,6880.0,37988,6890.0,5633,6900.0,10063,2025-05-09 14:26:54.017,,1139415870,166273,True,offer
1314,200202,1610799644,MERV - XMEV - GGAL - 24hs,6830.0,2025-05-09 14:26:54,47,2025-05-09 14:26:54.603,6850.0,7,6830.0,6091,6820.0,269,6810.0,1723,6800.0,2452,6860.0,10359,6870.0,2414,6880.0,37988,6890.0,5633,6900.0,10063,2025-05-09 14:26:54.517,,1139450170,166278,False,nan
1315,200260,1610799723,MERV - XMEV - GGAL - 24hs,6830.0,2025-05-09 14:26:54,47,2025-05-09 14:26:55.111,6820.0,269,6810.0,1723,6800.0,2446,6790.0,350,6780.0,183,6830.0,3808,6860.0,10354,6870.0,2414,6880.0,37988,6890.0,5633,2025-05-09 14:26:55.018,,1181741670,172470,False,nan
1316,200470,1610800029,MERV - XMEV - GGAL - 24hs,6830.0,2025-05-09 14:26:57,693,2025-05-09 14:26:57.471,6820.0,269,6810.0,1723,6800.0,2446,6790.0,350,6780.0,183,6830.0,3808,6860.0,10354,6870.0,2414,6880.0,37988,6890.0,5633,2025-05-09 14:26:57.387,,1181741670,172470,True,offer
1317,200542,1610800129,MERV - XMEV - GGAL - 24hs,6830.0,2025-05-09 14:26:57,693,2025-05-09 14:26:57.972,6820.0,269,6810.0,1723,6800.0,2446,6790.0,350,6780.0,183,6830.0,3115,6860.0,10354,6870.0,2414,6880.0,37988,6890.0,5633,2025-05-09 14:26:57.886,,1181741670,172470,False,nan
1318,200593,1610800211,MERV - XMEV - GGAL - 24hs,6830.0,2025-05-09 14:26:57,693,2025-05-09 14:26:58.483,6820.0,269,6810.0,1723,6800.0,2446,6790.0,350,6780.0,183,6830.0,3115,6860.0,10354,6870.0,2414,6880.0,37988,6890.0,5633,2025-05-09 14:26:58.387,,1186474860,173163,False,nan
1319,200824,1610800531,MERV - XMEV - GGAL - 24hs,6830.0,2025-05-09 14:26:57,693,2025-05-09 14:27:00.099,6820.0,269,6810.0,1723,6800.0,2446,6790.0,350,6780.0,183,6830.0,3115,6850.0,1,6860.0,10354,6870.0,2414,6880.0,37514,2025-05-09 14:26:59.964,,1186474860,173163,False,nan
1320,201179,1610801040,MERV - XMEV - GGAL - 24hs,6830.0,2025-05-09 14:27:02,2000,2025-05-09 14:27:02.850,6820.0,269,6810.0,1723,6800.0,2446,6790.0,350,6780.0,183,6830.0,3115,6850.0,1,6860.0,10354,6870.0,2414,6880.0,37514,2025-05-09 14:27:02.765,,1186474860,173163,True,offer
1321,201249,1610801149,MERV - XMEV - GGAL - 24hs,6830.0,2025-05-09 14:27:02,2000,2025-05-09 14:27:03.348,6820.0,269,6810.0,1723,6800.0,2446,6790.0,350,6780.0,183,6830.0,1115,6850.0,11,6860.0,10354,6870.0,2414,6880.0,37514,2025-05-09 14:27:03.263,,1186474860,173163,False,nan
1322,201314,1610801236,MERV - XMEV - GGAL - 24hs,6830.0,2025-05-09 14:27:02,2000,2025-05-09 14:27:03.847,6820.0,269,6810.0,1723,6800.0,2446,6790.0,350,6780.0,183,6830.0,1115,6850.0,11,6860.0,10354,6870.0,2414,6880.0,37514,2025-05-09 14:27:03.762,,1200134860,175163,False,nan
1323,201434,1610801407,MERV - XMEV - GGAL - 24hs,6820.0,2025-05-09 14:27:04,50,2025-05-09 14:27:04.916,6820.0,269,6810.0,1723,6800.0,2446,6790.0,350,6780.0,183,6830.0,1115,6850.0,11,6860.0,10354,6870.0,2414,6880.0,37514,2025-05-09 14:27:04.831,,1200134860,175163,True,bid
1324,201480,1610801477,MERV - XMEV - GGAL - 24hs,6820.0,2025-05-09 14:27:04,19,2025-05-09 14:27:05.828,6810.0,1723,6800.0,2446,6790.0,350,6780.0,183,6770.0,100,6820.0,31,6830.0,1115,6850.0,11,6860.0,10354,6870.0,2414,2025-05-09 14:27:05.691,,1200134860,175163,False,nan
1325,201554,1610801568,MERV - XMEV - GGAL - 24hs,6820.0,2025-05-09 14:27:04,19,2025-05-09 14:27:06.126,6810.0,1723,6800.0,2446,6790.0,350,6780.0,183,6770.0,100,6820.0,31,6830.0,1115,6850.0,11,6860.0,10354,6870.0,2414,2025-05-09 14:27:05.831,,1201969440,175432,False,nan
1326,201926,1610802090,MERV - XMEV - GGAL - 24hs,6810.0,2025-05-09 14:27:09,1,2025-05-09 14:27:09.279,6810.0,1723,6800.0,2446,6790.0,350,6780.0,183,6770.0,100,6820.0,31,6830.0,1115,6850.0,11,6860.0,10354,6870.0,2414,2025-05-09 14:27:09.195,,1201969440,175432,True,bid
1327,202001,1610802197,MERV - XMEV - GGAL - 24hs,6810.0,2025-05-09 14:27:09,1,2025-05-09 14:27:09.946,6810.0,1722,6800.0,2446,6790.0,350,6780.0,183,6770.0,100,6820.0,31,6830.0,1115,6850.0,11,6860.0,10354,6870.0,2414,2025-05-09 14:27:09.862,,1201969440,175432,False,nan
1328,202057,1610802266,MERV - XMEV - GGAL - 24hs,6820.0,2025-05-09 14:27:10,31,2025-05-09 14:27:10.455,6810.0,1722,6800.0,2446,6790.0,350,6780.0,183,6770.0,100,6820.0,31,6830.0,1115,6850.0,11,6860.0,10354,6870.0,2414,2025-05-09 14:27:10.367,,1201976250,175433,True,offer
1329,202105,1610802336,MERV - XMEV - GGAL - 24hs,6820.0,2025-05-09 14:27:10,31,2025-05-09 14:27:11.050,6820.0,19,6810.0,1722,6800.0,2446,6790.0,350,6780.0,183,6830.0,1115,6850.0,11,6860.0,10354,6870.0,2414,6880.0,35514,2025-05-09 14:27:10.966,,1201976250,175433,False,nan
1330,202165,1610802417,MERV - XMEV - GGAL - 24hs,6820.0,2025-05-09 14:27:10,31,2025-05-09 14:27:11.550,6820.0,19,6810.0,1722,6800.0,2446,6790.0,350,6780.0,183,6830.0,1115,6850.0,11,6860.0,10354,6870.0,2414,6880.0,35514,2025-05-09 14:27:11.466,,1202187670,175464,False,nan
1331,202282,1610802594,MERV - XMEV - GGAL - 24hs,6830.0,2025-05-09 14:27:12,459,2025-05-09 14:27:12.911,6820.0,19,6810.0,1722,6800.0,2446,6790.0,350,6780.0,183,6830.0,1115,6850.0,11,6860.0,10354,6870.0,2414,6880.0,35514,2025-05-09 14:27:12.804,,1202187670,175464,True,offer
1332,202320,1610802660,MERV - XMEV - GGAL - 24hs,6830.0,2025-05-09 14:27:12,459,2025-05-09 14:27:13.545,6820.0,19,6810.0,1722,6800.0,2448,6790.0,350,6780.0,183,6830.0,656,6850.0,11,6860.0,10354,6870.0,2414,6880.0,35514,2025-05-09 14:27:13.460,,1202187670,175464,False,nan
1333,202376,1610802738,MERV - XMEV - GGAL - 24hs,6830.0,2025-05-09 14:27:12,459,2025-05-09 14:27:14.056,6820.0,19,6810.0,1722,6800.0,2448,6790.0,350,6780.0,183,6830.0,656,6850.0,11,6860.0,10354,6870.0,2414,6880.0,35514,2025-05-09 14:27:13.960,,1205322640,175923,False,nan
1334,202875,1610803442,MERV - XMEV - GGAL - 24hs,6830.0,2025-05-09 14:27:12,459,2025-05-09 14:27:18.175,6820.0,19,6810.0,1722,6800.0,2448,6790.0,350,6780.0,183,6830.0,656,6850.0,3011,6860.0,10354,6870.0,2414,6880.0,35514,2025-05-09 14:27:18.086,,1205322640,175923,False,nan
1335,203223,1610803942,MERV - XMEV - GGAL - 24hs,6830.0,2025-05-09 14:27:12,459,2025-05-09 14:27:21.888,6820.0,19,6810.0,1722,6800.0,2448,6790.0,350,6780.0,183,6830.0,656,6850.0,3011,6860.0,10354,6870.0,2414,6880.0,36514,2025-05-09 14:27:21.685,,1205322640,175923,False,nan
1336,203377,1610804180,MERV - XMEV - GGAL - 24hs,6830.0,2025-05-09 14:27:22,656,2025-05-09 14:27:22.631,6820.0,19,6810.0,1722,6800.0,2448,6790.0,350,6780.0,183,6830.0,656,6850.0,3011,6860.0,10354,6870.0,2414,6880.0,36514,2025-05-09 14:27:22.086,,1205322640,175923,True,offer
1337,203474,1610804326,MERV - XMEV - GGAL - 24hs,6830.0,2025-05-09 14:27:22,656,2025-05-09 14:27:23.087,6820.0,19,6810.0,1722,6800.0,2448,6790.0,350,6780.0,183,6850.0,3011,6860.0,10354,6870.0,2414,6880.0,36514,6890.0,5633,2025-05-09 14:27:22.749,,1205322640,175923,False,nan
1338,203542,1610804419,MERV - XMEV - GGAL - 24hs,6830.0,2025-05-09 14:27:22,656,2025-05-09 14:27:23.367,6820.0,19,6810.0,1722,6800.0,2448,6790.0,350,6780.0,183,6850.0,3011,6860.0,10354,6870.0,2414,6880.0,36514,6890.0,5633,2025-05-09 14:27:23.249,,1209803120,176579,False,nan
1339,203593,1610804488,MERV - XMEV - GGAL - 24hs,6830.0,2025-05-09 14:27:22,656,2025-05-09 14:27:23.836,6820.0,95,6810.0,1722,6800.0,2448,6790.0,350,6780.0,177,6850.0,8011,6860.0,5354,6870.0,12414,6880.0,30514,6890.0,5633,2025-05-09 14:27:23.749,,1209803120,176579,False,nan
1340,203702,1610804648,MERV - XMEV - GGAL - 24hs,6830.0,2025-05-09 14:27:22,656,2025-05-09 14:27:24.650,6820.0,95,6810.0,1722,6800.0,2448,6790.0,350,6780.0,177,6850.0,8011,6860.0,5354,6870.0,12414,6880.0,29514,6890.0,5633,2025-05-09 14:27:24.561,,1209803120,176579,False,nan
1341,203748,1610804723,MERV - XMEV - GGAL - 24hs,6820.0,2025-05-09 14:27:24,71,2025-05-09 14:27:25.150,6820.0,95,6810.0,1722,6800.0,2448,6790.0,350,6780.0,177,6850.0,8011,6860.0,5354,6870.0,12414,6880.0,29514,6890.0,5633,2025-05-09 14:27:25.062,,1209803120,176579,True,bid
1342,203787,1610804779,MERV - XMEV - GGAL - 24hs,6820.0,2025-05-09 14:27:24,71,2025-05-09 14:27:25.660,6820.0,5,6810.0,1722,6800.0,2448,6790.0,350,6780.0,177,6850.0,8082,6860.0,5354,6870.0,12414,6880.0,23514,6890.0,5633,2025-05-09 14:27:25.563,,1210416920,176669,False,nan
1343,203834,1610804852,MERV - XMEV - GGAL - 24hs,6820.0,2025-05-09 14:27:24,71,2025-05-09 14:27:26.187,6820.0,5,6810.0,1722,6800.0,2448,6790.0,350,6780.0,177,6850.0,8082,6860.0,5354,6870.0,12414,6880.0,28514,6890.0,5633,2025-05-09 14:27:26.102,,1210416920,176669,False,nan
1344,203972,1610805068,MERV - XMEV - GGAL - 24hs,6820.0,2025-05-09 14:27:24,71,2025-05-09 14:27:27.510,6820.0,5,6810.0,1722,6800.0,2448,6790.0,350,6780.0,177,6850.0,8738,6860.0,5354,6870.0,12414,6880.0,29514,6890.0,5633,2025-05-09 14:27:27.426,,1210416920,176669,False,nan
1345,204104,1610805262,MERV - XMEV - GGAL - 24hs,6820.0,2025-05-09 14:27:24,71,2025-05-09 14:27:28.720,6820.0,6,6810.0,1722,6800.0,2448,6790.0,350,6780.0,177,6850.0,8738,6860.0,5354,6870.0,12414,6880.0,29514,6890.0,5633,2025-05-09 14:27:28.604,,1210416920,176669,False,nan
1346,204216,1610805425,MERV - XMEV - GGAL - 24hs,6820.0,2025-05-09 14:27:24,71,2025-05-09 14:27:29.464,6820.0,6,6810.0,1722,6800.0,2448,6790.0,350,6780.0,177,6850.0,8738,6860.0,5354,6870.0,12414,6880.0,30514,6890.0,5633,2025-05-09 14:27:29.379,,1210416920,176669,False,nan
1347,204272,1610805503,MERV - XMEV - GGAL - 24hs,6820.0,2025-05-09 14:27:29,1,2025-05-09 14:27:29.968,6820.0,6,6810.0,1722,6800.0,2448,6790.0,350,6780.0,177,6850.0,8738,6860.0,5354,6870.0,12414,6880.0,30514,6890.0,5633,2025-05-09 14:27:29.884,,1210444320,176673,True,bid
1348,204328,1610805574,MERV - XMEV - GGAL - 24hs,6820.0,2025-05-09 14:27:29,1,2025-05-09 14:27:30.751,6820.0,5,6810.0,1722,6800.0,2448,6790.0,350,6780.0,177,6850.0,8734,6860.0,5354,6870.0,12414,6880.0,30514,6890.0,5633,2025-05-09 14:27:30.586,,1210451140,176674,False,nan
1349,204501,1610805812,MERV - XMEV - GGAL - 24hs,6820.0,2025-05-09 14:27:29,1,2025-05-09 14:27:32.178,6820.0,5,6810.0,1722,6800.0,2448,6790.0,350,6780.0,177,6840.0,1272,6850.0,8663,6860.0,5354,6870.0,16414,6880.0,20514,2025-05-09 14:27:32.094,,1210451140,176674,False,nan
1350,204574,1610805925,MERV - XMEV - GGAL - 24hs,6820.0,2025-05-09 14:27:29,1,2025-05-09 14:27:32.871,6820.0,5,6810.0,1722,6800.0,2448,6790.0,350,6780.0,177,6840.0,6272,6850.0,3663,6860.0,15354,6870.0,11414,6880.0,15514,2025-05-09 14:27:32.784,,1210451140,176674,False,nan
1351,204634,1610806009,MERV - XMEV - GGAL - 24hs,6820.0,2025-05-09 14:27:29,1,2025-05-09 14:27:33.576,6820.0,5,6810.0,1722,6800.0,2448,6790.0,350,6780.0,177,6840.0,6272,6850.0,3663,6860.0,15354,6870.0,16414,6880.0,15514,2025-05-09 14:27:33.488,,1210451140,176674,False,nan
1352,204718,1610806128,MERV - XMEV - GGAL - 24hs,6820.0,2025-05-09 14:27:34,4,2025-05-09 14:27:34.481,6820.0,5,6810.0,1722,6800.0,2448,6790.0,350,6780.0,177,6840.0,6272,6850.0,3663,6860.0,15354,6870.0,16414,6880.0,15514,2025-05-09 14:27:34.391,,1210451140,176674,True,bid
1353,204767,1610806195,MERV - XMEV - GGAL - 24hs,6820.0,2025-05-09 14:27:34,1,2025-05-09 14:27:34.976,6820.0,5,6810.0,1722,6800.0,2448,6790.0,350,6780.0,177,6840.0,6272,6850.0,3663,6860.0,15354,6870.0,16414,6880.0,15514,2025-05-09 14:27:34.892,,1210451140,176674,False,nan
1354,204882,1610806366,MERV - XMEV - GGAL - 24hs,6820.0,2025-05-09 14:27:34,1,2025-05-09 14:27:35.586,6810.0,1722,6800.0,2448,6790.0,350,6780.0,177,6770.0,100,6840.0,6272,6850.0,3663,6860.0,15354,6870.0,21414,6880.0,10514,2025-05-09 14:27:35.391,,1210485240,176679,False,nan
1355,205106,1610806726,MERV - XMEV - GGAL - 24hs,6820.0,2025-05-09 14:27:34,1,2025-05-09 14:27:37.502,6810.0,1722,6800.0,2448,6790.0,350,6780.0,177,6770.0,100,6840.0,6272,6850.0,3663,6860.0,21354,6870.0,7414,6880.0,10514,2025-05-09 14:27:37.399,,1210485240,176679,False,nan
1356,205241,1610806909,MERV - XMEV - GGAL - 24hs,6810.0,2025-05-09 14:27:38,5,2025-05-09 14:27:38.658,6810.0,1722,6800.0,2448,6790.0,350,6780.0,177,6770.0,100,6840.0,6272,6850.0,3663,6860.0,21354,6870.0,7414,6880.0,10514,2025-05-09 14:27:38.574,,1210485240,176679,True,bid
1357,205293,1610806973,MERV - XMEV - GGAL - 24hs,6810.0,2025-05-09 14:27:38,5,2025-05-09 14:27:39.158,6810.0,1717,6800.0,2448,6790.0,350,6780.0,177,6770.0,100,6840.0,6272,6850.0,3663,6860.0,26354,6870.0,2414,6880.0,10514,2025-05-09 14:27:39.074,,1210485240,176679,False,nan
1358,205352,1610807062,MERV - XMEV - GGAL - 24hs,6810.0,2025-05-09 14:27:38,5,2025-05-09 14:27:39.661,6810.0,1717,6800.0,2448,6790.0,350,6780.0,177,6770.0,100,6840.0,6272,6850.0,3663,6860.0,25354,6870.0,2414,6880.0,10514,2025-05-09 14:27:39.575,,1210519290,176684,False,nan
1359,205421,1610807164,MERV - XMEV - GGAL - 24hs,6840.0,2025-05-09 14:27:39,5,2025-05-09 14:27:40.161,6810.0,1717,6800.0,2448,6790.0,350,6780.0,177,6770.0,100,6840.0,6272,6850.0,3663,6860.0,25354,6870.0,2414,6880.0,10514,2025-05-09 14:27:40.075,,1210519290,176684,True,offer
1360,205475,1610807237,MERV - XMEV - GGAL - 24hs,6840.0,2025-05-09 14:27:39,5,2025-05-09 14:27:40.662,6810.0,417,6800.0,2448,6790.0,350,6780.0,177,6770.0,100,6840.0,6267,6850.0,3007,6860.0,25354,6870.0,2414,6880.0,10514,2025-05-09 14:27:40.575,,1210519290,176684,False,nan
1361,205526,1610807312,MERV - XMEV - GGAL - 24hs,6840.0,2025-05-09 14:27:39,5,2025-05-09 14:27:41.170,6810.0,417,6800.0,2448,6790.0,350,6780.0,177,6770.0,100,6840.0,6267,6850.0,3007,6860.0,25354,6870.0,2414,6880.0,10514,2025-05-09 14:27:41.082,,1210553490,176689,False,nan
1362,205604,1610807427,MERV - XMEV - GGAL - 24hs,6810.0,2025-05-09 14:27:41,3,2025-05-09 14:27:41.678,6810.0,414,6800.0,2448,6790.0,350,6780.0,177,6770.0,100,6840.0,6267,6850.0,3007,6860.0,24354,6870.0,2414,6880.0,10514,2025-05-09 14:27:41.576,,1210553490,176689,True,bid
1363,205670,1610807528,MERV - XMEV - GGAL - 24hs,6810.0,2025-05-09 14:27:41,3,2025-05-09 14:27:42.166,6810.0,414,6800.0,2448,6790.0,350,6780.0,177,6770.0,100,6840.0,6267,6850.0,3007,6860.0,24354,6870.0,2414,6880.0,10514,2025-05-09 14:27:42.077,,1210573920,176692,False,nan
1364,205718,1610807592,MERV - XMEV - GGAL - 24hs,6810.0,2025-05-09 14:27:41,3,2025-05-09 14:27:42.665,6810.0,414,6800.0,2448,6790.0,350,6780.0,177,6770.0,100,6840.0,6267,6850.0,3007,6860.0,22354,6870.0,4414,6880.0,10514,2025-05-09 14:27:42.576,,1210573920,176692,False,nan
1365,205847,1610807764,MERV - XMEV - GGAL - 24hs,6840.0,2025-05-09 14:27:43,4,2025-05-09 14:27:43.866,6810.0,414,6800.0,2448,6790.0,350,6780.0,177,6770.0,100,6840.0,6267,6850.0,3007,6860.0,22354,6870.0,4414,6880.0,10514,2025-05-09 14:27:43.781,,1210573920,176692,True,offer
1366,205942,1610807901,MERV - XMEV - GGAL - 24hs,6840.0,2025-05-09 14:27:43,4,2025-05-09 14:27:44.776,6810.0,414,6800.0,2448,6790.0,350,6780.0,177,6770.0,100,6840.0,6263,6850.0,3007,6860.0,22354,6870.0,4414,6880.0,10514,2025-05-09 14:27:44.691,,1210573920,176692,False,nan
1367,206040,1610808035,MERV - XMEV - GGAL - 24hs,6840.0,2025-05-09 14:27:43,4,2025-05-09 14:27:45.275,6810.0,414,6800.0,2448,6790.0,350,6780.0,177,6770.0,100,6840.0,6263,6850.0,3007,6860.0,22354,6870.0,4414,6880.0,10514,2025-05-09 14:27:45.190,,1210601280,176696,False,nan
1368,206116,1610808160,MERV - XMEV - GGAL - 24hs,6840.0,2025-05-09 14:27:43,4,2025-05-09 14:27:46.299,6810.0,414,6800.0,2448,6790.0,350,6780.0,177,6770.0,100,6830.0,656,6840.0,6263,6850.0,3007,6860.0,22354,6870.0,4414,2025-05-09 14:27:45.996,,1210601280,176696,False,nan
1369,206223,1610808316,MERV - XMEV - GGAL - 24hs,6840.0,2025-05-09 14:27:43,4,2025-05-09 14:27:47.233,6810.0,414,6800.0,2448,6790.0,350,6780.0,177,6770.0,100,6830.0,656,6840.0,6263,6850.0,3007,6860.0,20054,6870.0,11414,2025-05-09 14:27:47.143,,1210601280,176696,False,nan
1370,206333,1610808469,MERV - XMEV - GGAL - 24hs,6840.0,2025-05-09 14:27:43,4,2025-05-09 14:27:48.292,6810.0,414,6800.0,2448,6790.0,350,6780.0,177,6770.0,100,6830.0,656,6840.0,6263,6850.0,3007,6860.0,20054,6870.0,16414,2025-05-09 14:27:48.194,,1210601280,176696,False,nan
1371,206548,1610808783,MERV - XMEV - GGAL - 24hs,6810.0,2025-05-09 14:27:50,19,2025-05-09 14:27:50.382,6810.0,414,6800.0,2448,6790.0,350,6780.0,177,6770.0,100,6830.0,656,6840.0,6263,6850.0,3007,6860.0,20054,6870.0,16414,2025-05-09 14:27:50.293,,1210601280,176696,True,bid
1372,206636,1610808908,MERV - XMEV - GGAL - 24hs,6810.0,2025-05-09 14:27:50,19,2025-05-09 14:27:51.052,6810.0,395,6800.0,2448,6790.0,350,6780.0,177,6770.0,100,6830.0,656,6840.0,6263,6850.0,3007,6860.0,20054,6870.0,16414,2025-05-09 14:27:50.955,,1210601280,176696,False,nan
1373,206708,1610809016,MERV - XMEV - GGAL - 24hs,6810.0,2025-05-09 14:27:50,19,2025-05-09 14:27:51.580,6810.0,395,6800.0,2448,6790.0,350,6780.0,177,6770.0,100,6830.0,656,6840.0,6263,6850.0,3007,6860.0,20054,6870.0,16414,2025-05-09 14:27:51.456,,1210730670,176715,False,nan
1374,206778,1610809153,MERV - XMEV - GGAL - 24hs,6810.0,2025-05-09 14:27:50,19,2025-05-09 14:27:52.264,6810.0,395,6800.0,2448,6790.0,350,6780.0,177,6770.0,100,6830.0,656,6840.0,6263,6850.0,3007,6860.0,15054,6870.0,24414,2025-05-09 14:27:52.118,,1210730670,176715,False,nan
1375,207088,1610809633,MERV - XMEV - GGAL - 24hs,6810.0,2025-05-09 14:27:50,19,2025-05-09 14:27:54.793,6810.0,395,6800.0,2448,6790.0,350,6780.0,177,6770.0,100,6830.0,6847,6840.0,72,6850.0,38007,6860.0,5054,6870.0,7414,2025-05-09 14:27:54.709,,1210730670,176715,False,nan
1376,207252,1610809878,MERV - XMEV - GGAL - 24hs,6810.0,2025-05-09 14:27:50,19,2025-05-09 14:27:55.787,6810.0,395,6800.0,2448,6790.0,350,6780.0,177,6770.0,100,6830.0,6847,6840.0,72,6850.0,46007,6860.0,5054,6870.0,2414,2025-05-09 14:27:55.575,,1210730670,176715,False,nan
1377,207334,1610809992,MERV - XMEV - GGAL - 24hs,6810.0,2025-05-09 14:27:56,66,2025-05-09 14:27:56.548,6810.0,395,6800.0,2448,6790.0,350,6780.0,177,6770.0,100,6830.0,6847,6840.0,72,6850.0,46007,6860.0,5054,6870.0,2414,2025-05-09 14:27:56.464,,1210730670,176715,True,bid
1378,207398,1610810114,MERV - XMEV - GGAL - 24hs,6810.0,2025-05-09 14:27:56,24,2025-05-09 14:27:57.059,6810.0,395,6800.0,2448,6790.0,350,6780.0,177,6770.0,100,6830.0,6847,6840.0,72,6850.0,46007,6860.0,5054,6870.0,2414,2025-05-09 14:27:56.964,,1210730670,176715,False,nan
1379,207453,1610810186,MERV - XMEV - GGAL - 24hs,6810.0,2025-05-09 14:27:56,24,2025-05-09 14:27:57.549,6810.0,5,6800.0,2448,6790.0,350,6780.0,177,6770.0,100,6820.0,5000,6830.0,1847,6840.0,10000,6850.0,17007,6860.0,5061,2025-05-09 14:27:57.463,,1213386570,177105,False,nan
1380,207509,1610810257,MERV - XMEV - GGAL - 24hs,6810.0,2025-05-09 14:27:57,5,2025-05-09 14:27:58.047,6800.0,2448,6790.0,350,6780.0,177,6770.0,100,6760.0,100,6830.0,6847,6850.0,26007,6860.0,5054,6870.0,2414,6880.0,10521,2025-05-09 14:27:57.963,,1213386570,177105,True,bid
1381,207575,1610810344,MERV - XMEV - GGAL - 24hs,6810.0,2025-05-09 14:27:57,5,2025-05-09 14:27:58.639,6800.0,2448,6790.0,350,6780.0,177,6770.0,100,6760.0,100,6830.0,6847,6850.0,26007,6860.0,5054,6870.0,2414,6880.0,10521,2025-05-09 14:27:58.528,,1213420620,177110,False,nan
1382,207646,1610810459,MERV - XMEV - GGAL - 24hs,6810.0,2025-05-09 14:27:57,5,2025-05-09 14:27:59.115,6800.0,2448,6790.0,350,6780.0,177,6770.0,100,6760.0,100,6830.0,6923,6850.0,26007,6860.0,5054,6870.0,2414,6880.0,10514,2025-05-09 14:27:59.030,,1213420620,177110,False,nan
1383,207738,1610810594,MERV - XMEV - GGAL - 24hs,6800.0,2025-05-09 14:27:59,29,2025-05-09 14:27:59.656,6800.0,2448,6790.0,350,6780.0,177,6770.0,100,6760.0,100,6830.0,6923,6850.0,26007,6860.0,5054,6870.0,2414,6880.0,10514,2025-05-09 14:27:59.535,,1213420620,177110,True,bid
1384,207815,1610810704,MERV - XMEV - GGAL - 24hs,6800.0,2025-05-09 14:27:59,29,2025-05-09 14:28:00.119,6800.0,2419,6790.0,350,6780.0,177,6770.0,100,6760.0,100,6830.0,6923,6850.0,25007,6860.0,5054,6870.0,2414,6880.0,10514,2025-05-09 14:28:00.034,,1213617820,177139,False,nan
1385,207883,1610810801,MERV - XMEV - GGAL - 24hs,6810.0,2025-05-09 14:28:00,30,2025-05-09 14:28:00.857,6810.0,1,6800.0,2419,6790.0,350,6780.0,177,6770.0,100,6830.0,6923,6850.0,25007,6860.0,5054,6870.0,2414,6880.0,10514,2025-05-09 14:28:00.535,,1213617820,177139,True,bid
1386,207952,1610810901,MERV - XMEV - GGAL - 24hs,6810.0,2025-05-09 14:28:00,30,2025-05-09 14:28:01.168,6810.0,1,6800.0,2419,6790.0,350,6780.0,177,6770.0,100,6830.0,6923,6850.0,25007,6860.0,5054,6870.0,2414,6880.0,10514,2025-05-09 14:28:01.035,,1213822120,177169,False,nan
1387,208002,1610810974,MERV - XMEV - GGAL - 24hs,6810.0,2025-05-09 14:28:01,1,2025-05-09 14:28:01.619,6810.0,1,6800.0,2419,6790.0,350,6780.0,177,6770.0,100,6830.0,6923,6850.0,25007,6860.0,5054,6870.0,2414,6880.0,10514,2025-05-09 14:28:01.535,,1213822120,177169,True,bid
1388,208086,1610811097,MERV - XMEV - GGAL - 24hs,6810.0,2025-05-09 14:28:01,1,2025-05-09 14:28:02.155,6800.0,2419,6790.0,350,6780.0,177,6770.0,100,6760.0,100,6830.0,6923,6850.0,24007,6860.0,5054,6870.0,2414,6880.0,10514,2025-05-09 14:28:02.065,,1213822120,177169,False,nan
1389,208172,1610811219,MERV - XMEV - GGAL - 24hs,6810.0,2025-05-09 14:28:01,1,2025-05-09 14:28:02.652,6800.0,2419,6790.0,350,6780.0,177,6770.0,100,6760.0,100,6830.0,6923,6850.0,24007,6860.0,5054,6870.0,2414,6880.0,10514,2025-05-09 14:28:02.566,,1213828930,177170,False,nan
1390,208545,1610811748,MERV - XMEV - GGAL - 24hs,6800.0,2025-05-09 14:28:04,8,2025-05-09 14:28:05.100,6800.0,2419,6790.0,350,6780.0,177,6770.0,100,6760.0,100,6830.0,6923,6850.0,24007,6860.0,5054,6870.0,2414,6880.0,10514,2025-05-09 14:28:04.971,,1213828930,177170,True,bid
1391,208592,1610811820,MERV - XMEV - GGAL - 24hs,6800.0,2025-05-09 14:28:04,8,2025-05-09 14:28:05.554,6800.0,2411,6790.0,350,6780.0,177,6770.0,100,6760.0,100,6810.0,4,6830.0,6847,6850.0,24007,6860.0,5054,6870.0,2421,2025-05-09 14:28:05.470,,1213828930,177170,False,nan
1392,208653,1610811902,MERV - XMEV - GGAL - 24hs,6800.0,2025-05-09 14:28:04,8,2025-05-09 14:28:06.058,6800.0,2411,6790.0,350,6780.0,177,6770.0,100,6760.0,100,6810.0,4,6830.0,6847,6850.0,24007,6860.0,5054,6870.0,2421,2025-05-09 14:28:05.970,,1213883330,177178,False,nan
1393,208711,1610811986,MERV - XMEV - GGAL - 24hs,6800.0,2025-05-09 14:28:06,83,2025-05-09 14:28:06.600,6800.0,2411,6790.0,350,6780.0,177,6770.0,100,6760.0,100,6810.0,4,6830.0,6847,6850.0,24007,6860.0,5054,6870.0,2421,2025-05-09 14:28:06.488,,1213883330,177178,True,bid
1394,208771,1610812075,MERV - XMEV - GGAL - 24hs,6800.0,2025-05-09 14:28:06,83,2025-05-09 14:28:07.249,6800.0,2411,6790.0,350,6780.0,177,6770.0,100,6760.0,100,6810.0,4,6830.0,6847,6850.0,24007,6860.0,5054,6870.0,2421,2025-05-09 14:28:07.156,,1214447730,177261,False,nan
1395,208845,1610812174,MERV - XMEV - GGAL - 24hs,6800.0,2025-05-09 14:28:06,83,2025-05-09 14:28:07.740,6800.0,2328,6790.0,350,6780.0,177,6770.0,100,6760.0,100,6810.0,4,6830.0,6847,6850.0,26007,6860.0,5054,6870.0,2421,2025-05-09 14:28:07.656,,1214447730,177261,False,nan
1396,208914,1610812268,MERV - XMEV - GGAL - 24hs,6800.0,2025-05-09 14:28:06,83,2025-05-09 14:28:08.577,6800.0,2328,6790.0,350,6780.0,177,6770.0,100,6760.0,100,6810.0,4,6830.0,6847,6850.0,24007,6860.0,5054,6870.0,2421,2025-05-09 14:28:08.480,,1214447730,177261,False,nan
1397,209113,1610812554,MERV - XMEV - GGAL - 24hs,6800.0,2025-05-09 14:28:06,83,2025-05-09 14:28:10.243,6800.0,2328,6790.0,350,6780.0,177,6770.0,100,6760.0,100,6810.0,4,6830.0,6847,6850.0,27007,6860.0,5054,6870.0,2421,2025-05-09 14:28:10.100,,1214447730,177261,False,nan
1398,209211,1610812686,MERV - XMEV - GGAL - 24hs,6800.0,2025-05-09 14:28:06,83,2025-05-09 14:28:11.144,6800.0,2328,6790.0,350,6780.0,177,6770.0,100,6760.0,100,6810.0,4,6830.0,6847,6850.0,25007,6860.0,5054,6870.0,2521,2025-05-09 14:28:11.059,,1214447730,177261,False,nan
1399,209261,1610812751,MERV - XMEV - GGAL - 24hs,6830.0,2025-05-09 14:28:11,62,2025-05-09 14:28:11.645,6800.0,2328,6790.0,350,6780.0,177,6770.0,100,6760.0,100,6810.0,4,6830.0,6847,6850.0,25007,6860.0,5054,6870.0,2521,2025-05-09 14:28:11.559,,1214502290,177269,True,offer
1400,209340,1610812855,MERV - XMEV - GGAL - 24hs,6830.0,2025-05-09 14:28:11,62,2025-05-09 14:28:12.144,6810.0,1996,6800.0,2328,6790.0,350,6780.0,177,6770.0,100,6830.0,6857,6850.0,28007,6860.0,5054,6870.0,2514,6880.0,10514,2025-05-09 14:28:12.059,,1214925750,177331,False,nan
1401,209402,1610812951,MERV - XMEV - GGAL - 24hs,6810.0,2025-05-09 14:28:12,990,2025-05-09 14:28:12.645,6810.0,1996,6800.0,2328,6790.0,350,6780.0,177,6770.0,100,6830.0,6857,6850.0,28007,6860.0,5054,6870.0,2514,6880.0,10514,2025-05-09 14:28:12.559,,1221756180,178334,True,bid
1402,209470,1610813043,MERV - XMEV - GGAL - 24hs,6810.0,2025-05-09 14:28:12,990,2025-05-09 14:28:13.144,6810.0,3,6800.0,2328,6790.0,350,6780.0,177,6770.0,100,6830.0,6857,6850.0,27007,6860.0,5054,6870.0,2514,6880.0,10514,2025-05-09 14:28:13.059,,1228498080,179324,False,nan
1403,209529,1610813125,MERV - XMEV - GGAL - 24hs,6810.0,2025-05-09 14:28:12,990,2025-05-09 14:28:13.644,6810.0,3,6800.0,2328,6790.0,350,6780.0,177,6770.0,100,6830.0,6857,6850.0,29007,6860.0,5054,6870.0,2514,6880.0,10514,2025-05-09 14:28:13.559,,1228498080,179324,False,nan
1404,209649,1610813293,MERV - XMEV - GGAL - 24hs,6810.0,2025-05-09 14:28:14,3,2025-05-09 14:28:14.468,6810.0,3,6800.0,2328,6790.0,350,6780.0,177,6770.0,100,6830.0,6857,6850.0,29007,6860.0,5054,6870.0,2514,6880.0,10514,2025-05-09 14:28:14.382,,1228498080,179324,True,bid
1405,209718,1610813392,MERV - XMEV - GGAL - 24hs,6800.0,2025-05-09 14:28:14,159,2025-05-09 14:28:14.971,6810.0,3,6800.0,2328,6790.0,350,6780.0,177,6770.0,100,6830.0,6857,6850.0,29007,6860.0,5054,6870.0,2514,6880.0,10514,2025-05-09 14:28:14.878,,1228498080,179324,False,nan
1406,209774,1610813470,MERV - XMEV - GGAL - 24hs,6810.0,2025-05-09 14:28:15,12,2025-05-09 14:28:15.467,6810.0,300,6800.0,2165,6790.0,290,6780.0,100,6770.0,100,6830.0,6857,6850.0,24007,6860.0,5054,6870.0,2514,6880.0,10514,2025-05-09 14:28:15.378,,1229708630,179502,True,bid
1407,209842,1610813567,MERV - XMEV - GGAL - 24hs,6820.0,2025-05-09 14:28:15,17,2025-05-09 14:28:15.966,6820.0,173,6810.0,288,6800.0,2165,6790.0,290,6780.0,100,6830.0,6781,6850.0,26007,6860.0,5054,6870.0,2514,6880.0,10521,2025-05-09 14:28:15.879,,1229708630,179502,False,nan
1408,209894,1610813638,MERV - XMEV - GGAL - 24hs,6820.0,2025-05-09 14:28:16,5,2025-05-09 14:28:16.464,6820.0,173,6810.0,288,6800.0,2165,6790.0,290,6780.0,100,6830.0,6781,6850.0,26007,6860.0,5054,6870.0,2514,6880.0,10521,2025-05-09 14:28:16.378,,1229824570,179519,True,bid
1409,209952,1610813752,MERV - XMEV - GGAL - 24hs,6820.0,2025-05-09 14:28:16,60,2025-05-09 14:28:17.051,6820.0,173,6810.0,288,6800.0,2165,6790.0,290,6780.0,100,6830.0,6781,6850.0,26007,6860.0,5054,6870.0,2514,6880.0,10521,2025-05-09 14:28:16.892,,1229858670,179524,False,nan
1410,210020,1610813853,MERV - XMEV - GGAL - 24hs,6820.0,2025-05-09 14:28:16,100,2025-05-09 14:28:17.831,6820.0,8,6810.0,288,6800.0,2165,6790.0,290,6780.0,100,6830.0,6781,6850.0,26007,6860.0,5054,6870.0,2514,6880.0,10521,2025-05-09 14:28:17.632,,1230949870,179684,False,nan
1411,210171,1610814070,MERV - XMEV - GGAL - 24hs,6820.0,2025-05-09 14:28:18,8,2025-05-09 14:28:18.876,6820.0,8,6810.0,288,6800.0,2165,6790.0,290,6780.0,100,6830.0,6781,6850.0,26007,6860.0,5054,6870.0,2514,6880.0,10521,2025-05-09 14:28:18.792,,1230949870,179684,True,bid
1412,210228,1610814146,MERV - XMEV - GGAL - 24hs,6820.0,2025-05-09 14:28:18,8,2025-05-09 14:28:19.376,6810.0,288,6800.0,2165,6790.0,290,6780.0,100,6770.0,100,6830.0,6781,6850.0,29007,6860.0,5054,6870.0,2514,6880.0,10521,2025-05-09 14:28:19.292,,1230949870,179684,False,nan
1413,210306,1610814266,MERV - XMEV - GGAL - 24hs,6820.0,2025-05-09 14:28:18,8,2025-05-09 14:28:19.892,6810.0,288,6800.0,2165,6790.0,290,6780.0,100,6770.0,100,6830.0,6781,6850.0,29007,6860.0,5054,6870.0,2514,6880.0,10521,2025-05-09 14:28:19.792,,1231004430,179692,False,nan
1414,210402,1610814400,MERV - XMEV - GGAL - 24hs,6820.0,2025-05-09 14:28:18,8,2025-05-09 14:28:20.632,6810.0,288,6800.0,2165,6790.0,290,6780.0,100,6770.0,100,6830.0,6781,6850.0,30007,6860.0,5054,6870.0,2514,6880.0,10521,2025-05-09 14:28:20.325,,1231004430,179692,False,nan
1415,210602,1610814689,MERV - XMEV - GGAL - 24hs,6810.0,2025-05-09 14:28:22,27,2025-05-09 14:28:22.400,6810.0,288,6800.0,2165,6790.0,290,6780.0,100,6770.0,100,6830.0,6781,6850.0,30007,6860.0,5054,6870.0,2514,6880.0,10521,2025-05-09 14:28:22.316,,1231004430,179692,True,bid
1416,210642,1610814763,MERV - XMEV - GGAL - 24hs,6810.0,2025-05-09 14:28:22,27,2025-05-09 14:28:23.066,6810.0,361,6800.0,2165,6790.0,290,6780.0,100,6770.0,100,6830.0,6781,6850.0,30007,6860.0,5054,6870.0,2514,6880.0,10521,2025-05-09 14:28:22.980,,1231004430,179692,False,nan
1417,210690,1610814835,MERV - XMEV - GGAL - 24hs,6810.0,2025-05-09 14:28:23,260,2025-05-09 14:28:23.566,6810.0,361,6800.0,2165,6790.0,290,6780.0,100,6770.0,100,6830.0,6781,6850.0,30007,6860.0,5054,6870.0,2514,6880.0,10521,2025-05-09 14:28:23.480,,1231188300,179719,True,bid
1418,210734,1610814899,MERV - XMEV - GGAL - 24hs,6810.0,2025-05-09 14:28:23,260,2025-05-09 14:28:24.063,6810.0,101,6800.0,2165,6790.0,290,6780.0,100,6770.0,100,6830.0,6781,6850.0,27007,6860.0,5054,6870.0,2514,6880.0,10521,2025-05-09 14:28:23.979,,1232958900,179979,False,nan
1419,210778,1610814963,MERV - XMEV - GGAL - 24hs,6810.0,2025-05-09 14:28:24,1,2025-05-09 14:28:24.676,6810.0,101,6800.0,2165,6790.0,290,6780.0,100,6770.0,100,6830.0,6781,6850.0,27007,6860.0,5054,6870.0,2514,6880.0,10521,2025-05-09 14:28:24.590,,1232958900,179979,True,bid
1420,210844,1610815058,MERV - XMEV - GGAL - 24hs,6810.0,2025-05-09 14:28:24,99,2025-05-09 14:28:25.174,6810.0,26,6800.0,2165,6790.0,290,6780.0,100,6770.0,100,6830.0,5590,6850.0,33198,6860.0,5054,6870.0,2514,6880.0,10521,2025-05-09 14:28:25.090,,1232958900,179979,False,nan
1421,210884,1610815113,MERV - XMEV - GGAL - 24hs,6810.0,2025-05-09 14:28:24,99,2025-05-09 14:28:25.675,6810.0,26,6800.0,2165,6790.0,290,6780.0,100,6770.0,100,6830.0,5590,6850.0,33198,6860.0,5054,6870.0,2514,6880.0,10521,2025-05-09 14:28:25.591,,1233639900,180079,False,nan
1422,210961,1610815213,MERV - XMEV - GGAL - 24hs,6800.0,2025-05-09 14:28:26,11,2025-05-09 14:28:26.177,6810.0,26,6800.0,2165,6790.0,290,6780.0,100,6770.0,100,6830.0,5590,6850.0,33198,6860.0,5054,6870.0,2514,6880.0,10521,2025-05-09 14:28:26.091,,1233660330,180082,True,bid
1423,211041,1610815321,MERV - XMEV - GGAL - 24hs,6830.0,2025-05-09 14:28:26,14,2025-05-09 14:28:26.681,6800.0,2154,6790.0,290,6780.0,100,6770.0,100,6760.0,105,6830.0,5652,6850.0,33198,6860.0,5054,6870.0,2514,6880.0,10514,2025-05-09 14:28:26.591,,1233987380,180130,False,nan
1424,211183,1610815516,MERV - XMEV - GGAL - 24hs,6830.0,2025-05-09 14:28:26,14,2025-05-09 14:28:27.511,6800.0,1154,6790.0,290,6780.0,100,6770.0,100,6760.0,105,6830.0,5652,6850.0,33198,6860.0,5054,6870.0,2514,6880.0,10514,2025-05-09 14:28:27.427,,1233987380,180130,False,nan
1425,211262,1610815639,MERV - XMEV - GGAL - 24hs,6830.0,2025-05-09 14:28:26,14,2025-05-09 14:28:28.469,6800.0,1654,6790.0,290,6780.0,100,6770.0,100,6760.0,105,6830.0,5652,6850.0,33198,6860.0,5054,6870.0,2514,6880.0,10514,2025-05-09 14:28:28.385,,1233987380,180130,False,nan
1426,211294,1610815691,MERV - XMEV - GGAL - 24hs,6800.0,2025-05-09 14:28:28,6,2025-05-09 14:28:28.969,6800.0,1654,6790.0,290,6780.0,100,6770.0,100,6760.0,105,6830.0,5652,6850.0,33198,6860.0,5054,6870.0,2514,6880.0,10514,2025-05-09 14:28:28.885,,1233987380,180130,True,bid
1427,211339,1610815761,MERV - XMEV - GGAL - 24hs,6800.0,2025-05-09 14:28:28,6,2025-05-09 14:28:29.472,6800.0,1648,6790.0,290,6780.0,100,6770.0,100,6760.0,105,6820.0,1191,6830.0,5652,6850.0,32007,6860.0,5054,6870.0,2514,2025-05-09 14:28:29.386,,1234028180,180136,False,nan
1428,211502,1610816004,MERV - XMEV - GGAL - 24hs,6800.0,2025-05-09 14:28:28,6,2025-05-09 14:28:31.088,6800.0,1648,6790.0,290,6780.0,100,6770.0,100,6760.0,105,6820.0,1191,6830.0,5652,6850.0,29007,6860.0,5054,6870.0,2514,2025-05-09 14:28:31.002,,1234028180,180136,False,nan
1429,211791,1610816394,MERV - XMEV - GGAL - 24hs,6800.0,2025-05-09 14:28:28,6,2025-05-09 14:28:33.603,6800.0,1648,6790.0,290,6780.0,100,6770.0,100,6760.0,105,6820.0,2191,6830.0,5652,6850.0,29007,6860.0,5054,6870.0,2514,2025-05-09 14:28:33.514,,1234028180,180136,False,nan
1430,211893,1610816538,MERV - XMEV - GGAL - 24hs,6800.0,2025-05-09 14:28:28,6,2025-05-09 14:28:34.480,6800.0,1648,6790.0,2190,6780.0,100,6770.0,100,6760.0,105,6820.0,2191,6830.0,5652,6850.0,25007,6860.0,5054,6870.0,2514,2025-05-09 14:28:34.396,,1234028180,180136,False,nan
1431,211965,1610816640,MERV - XMEV - GGAL - 24hs,6800.0,2025-05-09 14:28:35,15,2025-05-09 14:28:35.443,6800.0,1648,6790.0,2190,6780.0,100,6770.0,100,6760.0,105,6820.0,2191,6830.0,5652,6850.0,25007,6860.0,5054,6870.0,2514,2025-05-09 14:28:35.221,,1234028180,180136,True,bid
1432,212049,1610816753,MERV - XMEV - GGAL - 24hs,6800.0,2025-05-09 14:28:35,3,2025-05-09 14:28:35.800,6800.0,1648,6790.0,2190,6780.0,100,6770.0,100,6760.0,105,6820.0,2191,6830.0,5652,6850.0,25007,6860.0,5054,6870.0,2514,2025-05-09 14:28:35.629,,1234130180,180151,False,nan
1433,212124,1610816863,MERV - XMEV - GGAL - 24hs,6800.0,2025-05-09 14:28:35,3,2025-05-09 14:28:36.212,6800.0,1630,6790.0,2190,6780.0,100,6770.0,100,6760.0,105,6820.0,2191,6830.0,5652,6850.0,30007,6860.0,5054,6870.0,2514,2025-05-09 14:28:36.128,,1234150580,180154,False,nan
1434,212183,1610816956,MERV - XMEV - GGAL - 24hs,6820.0,2025-05-09 14:28:36,500,2025-05-09 14:28:36.782,6800.0,1630,6790.0,2190,6780.0,100,6770.0,100,6760.0,105,6820.0,2191,6830.0,5652,6850.0,30007,6860.0,5054,6870.0,2514,2025-05-09 14:28:36.696,,1234150580,180154,True,offer
1435,212251,1610817043,MERV - XMEV - GGAL - 24hs,6820.0,2025-05-09 14:28:36,500,2025-05-09 14:28:37.408,6800.0,1630,6790.0,2190,6780.0,100,6770.0,100,6760.0,105,6820.0,1691,6830.0,5652,6840.0,500,6850.0,25007,6860.0,5054,2025-05-09 14:28:37.321,,1234150580,180154,False,nan
1436,212324,1610817145,MERV - XMEV - GGAL - 24hs,6820.0,2025-05-09 14:28:36,500,2025-05-09 14:28:37.952,6800.0,1630,6790.0,2190,6780.0,100,6770.0,100,6760.0,105,6820.0,1691,6830.0,5652,6840.0,500,6850.0,25007,6860.0,5054,2025-05-09 14:28:37.819,,1237560580,180654,False,nan
1437,212406,1610817248,MERV - XMEV - GGAL - 24hs,6820.0,2025-05-09 14:28:36,500,2025-05-09 14:28:38.403,6800.0,1630,6790.0,2190,6780.0,100,6770.0,100,6760.0,105,6820.0,1691,6830.0,5652,6840.0,500,6850.0,30007,6860.0,5054,2025-05-09 14:28:38.319,,1237560580,180654,False,nan
1438,212904,1610817960,MERV - XMEV - GGAL - 24hs,6800.0,2025-05-09 14:28:42,1,2025-05-09 14:28:42.216,6800.0,1630,6790.0,2190,6780.0,100,6770.0,100,6760.0,105,6820.0,1691,6830.0,5652,6840.0,500,6850.0,30007,6860.0,5054,2025-05-09 14:28:42.133,,1237560580,180654,True,bid
1439,212991,1610818078,MERV - XMEV - GGAL - 24hs,6800.0,2025-05-09 14:28:42,1,2025-05-09 14:28:42.887,6800.0,1629,6790.0,2190,6780.0,100,6770.0,100,6760.0,105,6820.0,1691,6830.0,5652,6840.0,500,6850.0,30007,6860.0,5054,2025-05-09 14:28:42.801,,1237560580,180654,False,nan
1440,213037,1610818144,MERV - XMEV - GGAL - 24hs,6800.0,2025-05-09 14:28:42,1,2025-05-09 14:28:43.385,6800.0,1629,6790.0,2190,6780.0,100,6770.0,100,6760.0,105,6820.0,1691,6830.0,5652,6840.0,500,6850.0,30007,6860.0,5054,2025-05-09 14:28:43.301,,1237567380,180655,False,nan
1441,213078,1610818206,MERV - XMEV - GGAL - 24hs,6820.0,2025-05-09 14:28:43,1000,2025-05-09 14:28:43.886,6800.0,1629,6790.0,2190,6780.0,100,6770.0,100,6760.0,105,6820.0,1691,6830.0,5652,6840.0,500,6850.0,30007,6860.0,5054,2025-05-09 14:28:43.801,,1237567380,180655,True,offer
1442,213141,1610818291,MERV - XMEV - GGAL - 24hs,6800.0,2025-05-09 14:28:44,9,2025-05-09 14:28:44.387,6800.0,1629,6790.0,2190,6780.0,100,6770.0,100,6760.0,105,6830.0,5652,6840.0,500,6850.0,30007,6860.0,5054,6870.0,2014,2025-05-09 14:28:44.301,,1249100000,182346,True,bid
1443,213223,1610818396,MERV - XMEV - GGAL - 24hs,6800.0,2025-05-09 14:28:44,9,2025-05-09 14:28:45.042,6800.0,1620,6790.0,2190,6780.0,100,6770.0,100,6760.0,105,6830.0,5652,6840.0,500,6850.0,30007,6860.0,5054,6870.0,2014,2025-05-09 14:28:44.951,,1249100000,182346,False,nan
1444,213297,1610818513,MERV - XMEV - GGAL - 24hs,6800.0,2025-05-09 14:28:44,9,2025-05-09 14:28:45.587,6800.0,1620,6790.0,2190,6780.0,100,6770.0,100,6760.0,105,6830.0,5652,6840.0,500,6850.0,30007,6860.0,5054,6870.0,2014,2025-05-09 14:28:45.450,,1249161200,182355,False,nan
1445,213369,1610818627,MERV - XMEV - GGAL - 24hs,6800.0,2025-05-09 14:28:46,9,2025-05-09 14:28:46.454,6800.0,1620,6790.0,2190,6780.0,100,6770.0,100,6760.0,105,6830.0,5652,6840.0,500,6850.0,30007,6860.0,5054,6870.0,2014,2025-05-09 14:28:46.370,,1249161200,182355,True,bid
1446,213418,1610818712,MERV - XMEV - GGAL - 24hs,6830.0,2025-05-09 14:28:46,17,2025-05-09 14:28:46.962,6800.0,1620,6790.0,2190,6780.0,100,6770.0,100,6760.0,105,6830.0,5652,6840.0,500,6850.0,30007,6860.0,5054,6870.0,2014,2025-05-09 14:28:46.870,,1249222400,182364,False,nan
1447,213473,1610818785,MERV - XMEV - GGAL - 24hs,6830.0,2025-05-09 14:28:46,17,2025-05-09 14:28:47.455,6800.0,1611,6790.0,2190,6780.0,100,6770.0,100,6760.0,105,6830.0,5635,6840.0,500,6850.0,30007,6860.0,5054,6870.0,2014,2025-05-09 14:28:47.370,,1249338510,182381,False,nan
1448,213543,1610818895,MERV - XMEV - GGAL - 24hs,6830.0,2025-05-09 14:28:48,1,2025-05-09 14:28:48.108,6800.0,1611,6790.0,2190,6780.0,100,6770.0,100,6760.0,105,6830.0,5635,6840.0,500,6850.0,30007,6860.0,5054,6870.0,2014,2025-05-09 14:28:48.023,,1249338510,182381,True,offer
1449,213611,1610818994,MERV - XMEV - GGAL - 24hs,6830.0,2025-05-09 14:28:48,1,2025-05-09 14:28:48.767,6800.0,1611,6790.0,2190,6780.0,100,6770.0,100,6760.0,105,6830.0,5634,6840.0,500,6850.0,30007,6860.0,5054,6870.0,2014,2025-05-09 14:28:48.680,,1249338510,182381,False,nan
1450,213649,1610819048,MERV - XMEV - GGAL - 24hs,6830.0,2025-05-09 14:28:48,1,2025-05-09 14:28:49.264,6800.0,1611,6790.0,2190,6780.0,100,6770.0,100,6760.0,105,6830.0,5634,6840.0,500,6850.0,30007,6860.0,5054,6870.0,2014,2025-05-09 14:28:49.180,,1249345340,182382,False,nan
1451,213940,1610819437,MERV - XMEV - GGAL - 24hs,6830.0,2025-05-09 14:28:48,1,2025-05-09 14:28:51.107,6800.0,1611,6790.0,2337,6780.0,100,6770.0,100,6760.0,105,6830.0,5634,6840.0,500,6850.0,30007,6860.0,5054,6870.0,2014,2025-05-09 14:28:50.778,,1249345340,182382,False,nan
1452,214298,1610819966,MERV - XMEV - GGAL - 24hs,6830.0,2025-05-09 14:28:48,1,2025-05-09 14:28:53.964,6800.0,1611,6790.0,2337,6780.0,100,6770.0,100,6760.0,105,6830.0,5634,6840.0,2500,6850.0,30007,6860.0,5054,6870.0,2014,2025-05-09 14:28:53.877,,1249345340,182382,False,nan
1453,214635,1610820480,MERV - XMEV - GGAL - 24hs,6800.0,2025-05-09 14:28:56,81,2025-05-09 14:28:57.024,6800.0,1611,6790.0,2337,6780.0,100,6770.0,100,6760.0,105,6830.0,5634,6840.0,2500,6850.0,30007,6860.0,5054,6870.0,2014,2025-05-09 14:28:56.916,,1249345340,182382,True,bid
1454,214677,1610820539,MERV - XMEV - GGAL - 24hs,6800.0,2025-05-09 14:28:56,16,2025-05-09 14:28:57.500,6800.0,1611,6790.0,2337,6780.0,100,6770.0,100,6760.0,105,6830.0,5634,6840.0,2500,6850.0,30007,6860.0,5054,6870.0,2014,2025-05-09 14:28:57.416,,1249345340,182382,False,nan
1455,214743,1610820623,MERV - XMEV - GGAL - 24hs,6800.0,2025-05-09 14:28:56,16,2025-05-09 14:28:58.001,6800.0,1425,6790.0,2337,6780.0,100,6770.0,100,6760.0,105,6830.0,5634,6840.0,2500,6850.0,30007,6860.0,5054,6870.0,2014,2025-05-09 14:28:57.916,,1250610140,182568,False,nan
1456,214885,1610820824,MERV - XMEV - GGAL - 24hs,6800.0,2025-05-09 14:28:58,28,2025-05-09 14:28:58.786,6800.0,1425,6790.0,2337,6780.0,100,6770.0,100,6760.0,105,6830.0,5634,6840.0,2500,6850.0,30007,6860.0,5054,6870.0,2014,2025-05-09 14:28:58.697,,1250610140,182568,True,bid
1457,214980,1610820976,MERV - XMEV - GGAL - 24hs,6800.0,2025-05-09 14:28:58,28,2025-05-09 14:28:59.436,6800.0,1397,6790.0,2337,6780.0,100,6770.0,100,6760.0,105,6830.0,5634,6840.0,2500,6850.0,30007,6860.0,5054,6870.0,2014,2025-05-09 14:28:59.343,,1250610140,182568,False,nan
1458,215102,1610821144,MERV - XMEV - GGAL - 24hs,6800.0,2025-05-09 14:28:58,28,2025-05-09 14:28:59.958,6800.0,1397,6790.0,2337,6780.0,100,6770.0,100,6760.0,105,6830.0,5634,6840.0,2500,6850.0,30007,6860.0,5054,6870.0,2014,2025-05-09 14:28:59.843,,1250800540,182596,False,nan
1459,215200,1610821289,MERV - XMEV - GGAL - 24hs,6800.0,2025-05-09 14:29:00,304,2025-05-09 14:29:00.451,6800.0,1397,6790.0,2337,6780.0,100,6770.0,100,6760.0,105,6830.0,5634,6840.0,2500,6850.0,30007,6860.0,5054,6870.0,2014,2025-05-09 14:29:00.344,,1250800540,182596,True,bid
1460,215271,1610821390,MERV - XMEV - GGAL - 24hs,6800.0,2025-05-09 14:29:00,304,2025-05-09 14:29:00.934,6800.0,1093,6790.0,2337,6780.0,100,6770.0,100,6760.0,105,6830.0,5634,6840.0,2500,6850.0,30007,6860.0,5054,6870.0,2014,2025-05-09 14:29:00.843,,1252867740,182900,False,nan
1461,216006,1610822446,MERV - XMEV - GGAL - 24hs,6800.0,2025-05-09 14:29:05,48,2025-05-09 14:29:06.036,6800.0,1093,6790.0,2337,6780.0,100,6770.0,100,6760.0,105,6830.0,5634,6840.0,2500,6850.0,30007,6860.0,5054,6870.0,2014,2025-05-09 14:29:05.944,,1252867740,182900,True,bid
1462,216089,1610822549,MERV - XMEV - GGAL - 24hs,6800.0,2025-05-09 14:29:05,48,2025-05-09 14:29:06.748,6800.0,1045,6790.0,2337,6780.0,100,6770.0,100,6760.0,105,6830.0,5634,6840.0,2500,6850.0,30007,6860.0,5054,6870.0,2014,2025-05-09 14:29:06.658,,1252867740,182900,False,nan
1463,216217,1610822724,MERV - XMEV - GGAL - 24hs,6800.0,2025-05-09 14:29:05,48,2025-05-09 14:29:07.276,6800.0,1045,6790.0,2337,6780.0,100,6770.0,100,6760.0,105,6830.0,5634,6840.0,2500,6850.0,30007,6860.0,5054,6870.0,2014,2025-05-09 14:29:07.163,,1253194140,182948,False,nan
1464,216403,1610822988,MERV - XMEV - GGAL - 24hs,6830.0,2025-05-09 14:29:08,7,2025-05-09 14:29:08.682,6800.0,1045,6790.0,2337,6780.0,100,6770.0,100,6760.0,105,6830.0,5634,6840.0,2500,6850.0,30007,6860.0,5054,6870.0,2014,2025-05-09 14:29:08.598,,1253194140,182948,True,offer
1465,216472,1610823092,MERV - XMEV - GGAL - 24hs,6830.0,2025-05-09 14:29:08,7,2025-05-09 14:29:09.427,6800.0,1045,6790.0,2337,6780.0,100,6770.0,100,6760.0,105,6830.0,5634,6840.0,2500,6850.0,30007,6860.0,5054,6870.0,2014,2025-05-09 14:29:09.314,,1253241950,182955,False,nan
1466,216520,1610823167,MERV - XMEV - GGAL - 24hs,6830.0,2025-05-09 14:29:08,7,2025-05-09 14:29:09.898,6800.0,1045,6790.0,2337,6780.0,100,6770.0,100,6760.0,105,6830.0,5627,6840.0,2500,6850.0,30007,6860.0,5054,6870.0,2014,2025-05-09 14:29:09.809,,1253241950,182955,False,nan
1467,216626,1610823322,MERV - XMEV - GGAL - 24hs,6830.0,2025-05-09 14:29:08,7,2025-05-09 14:29:11.015,6800.0,1045,6790.0,2337,6780.0,100,6770.0,100,6760.0,105,6830.0,5627,6840.0,2500,6850.0,25007,6860.0,5054,6870.0,2014,2025-05-09 14:29:10.930,,1253241950,182955,False,nan
1468,216964,1610823800,MERV - XMEV - GGAL - 24hs,6830.0,2025-05-09 14:29:08,7,2025-05-09 14:29:14.327,6800.0,1045,6790.0,2337,6780.0,100,6770.0,100,6760.0,105,6830.0,5627,6840.0,2500,6850.0,21007,6860.0,5054,6870.0,2014,2025-05-09 14:29:14.243,,1253241950,182955,False,nan
1469,217032,1610823887,MERV - XMEV - GGAL - 24hs,6820.0,2025-05-09 14:29:14,10,2025-05-09 14:29:14.828,6800.0,1045,6790.0,2337,6780.0,100,6770.0,100,6760.0,105,6830.0,5627,6840.0,2500,6850.0,21007,6860.0,5054,6870.0,2014,2025-05-09 14:29:14.743,,1253310150,182965,True,offer
1470,217093,1610823959,MERV - XMEV - GGAL - 24hs,6820.0,2025-05-09 14:29:15,658,2025-05-09 14:29:15.328,6800.0,1045,6790.0,2337,6780.0,100,6770.0,100,6760.0,105,6820.0,1056,6830.0,5551,6840.0,2500,6850.0,23007,6860.0,5054,2025-05-09 14:29:15.243,,1253378350,182975,True,offer
1471,217145,1610824026,MERV - XMEV - GGAL - 24hs,6820.0,2025-05-09 14:29:15,33,2025-05-09 14:29:15.827,6800.0,1045,6790.0,2337,6780.0,100,6770.0,100,6760.0,105,6820.0,1056,6830.0,5551,6840.0,2500,6850.0,23007,6860.0,5054,2025-05-09 14:29:15.743,,1257865910,183633,False,nan
1472,217206,1610824111,MERV - XMEV - GGAL - 24hs,6820.0,2025-05-09 14:29:15,33,2025-05-09 14:29:16.329,6800.0,1045,6790.0,2337,6780.0,100,6770.0,100,6760.0,105,6820.0,365,6830.0,5551,6840.0,2500,6850.0,23007,6860.0,5054,2025-05-09 14:29:16.243,,1258090970,183666,False,nan
1473,217396,1610824353,MERV - XMEV - GGAL - 24hs,6800.0,2025-05-09 14:29:17,4,2025-05-09 14:29:17.820,6800.0,1045,6790.0,2337,6780.0,100,6770.0,100,6760.0,105,6820.0,365,6830.0,5551,6840.0,2500,6850.0,23007,6860.0,5054,2025-05-09 14:29:17.736,,1258090970,183666,True,bid
1474,217486,1610824468,MERV - XMEV - GGAL - 24hs,6800.0,2025-05-09 14:29:17,4,2025-05-09 14:29:18.484,6800.0,1268,6790.0,2337,6780.0,100,6770.0,100,6760.0,105,6820.0,365,6830.0,5551,6840.0,2500,6850.0,21007,6860.0,5054,2025-05-09 14:29:18.399,,1258090970,183666,False,nan
1475,217577,1610824595,MERV - XMEV - GGAL - 24hs,6800.0,2025-05-09 14:29:17,4,2025-05-09 14:29:19.016,6800.0,1268,6790.0,2337,6780.0,100,6770.0,100,6760.0,105,6820.0,365,6830.0,5551,6840.0,2500,6850.0,21007,6860.0,5054,2025-05-09 14:29:18.899,,1258118170,183670,False,nan
1476,217884,1610824990,MERV - XMEV - GGAL - 24hs,6800.0,2025-05-09 14:29:17,4,2025-05-09 14:29:21.427,6800.0,1268,6790.0,2337,6780.0,100,6770.0,100,6760.0,105,6820.0,365,6830.0,5551,6840.0,2500,6850.0,22007,6860.0,5054,2025-05-09 14:29:21.338,,1258118170,183670,False,nan
1477,218007,1610825152,MERV - XMEV - GGAL - 24hs,6800.0,2025-05-09 14:29:22,236,2025-05-09 14:29:22.690,6800.0,1268,6790.0,2337,6780.0,100,6770.0,100,6760.0,105,6820.0,365,6830.0,5551,6840.0,2500,6850.0,22007,6860.0,5054,2025-05-09 14:29:22.588,,1258118170,183670,True,bid
1478,218058,1610825220,MERV - XMEV - GGAL - 24hs,6800.0,2025-05-09 14:29:22,236,2025-05-09 14:29:23.359,6800.0,1268,6790.0,2337,6780.0,100,6770.0,100,6760.0,105,6820.0,365,6830.0,5551,6840.0,2500,6850.0,22007,6860.0,5054,2025-05-09 14:29:23.265,,1259722970,183906,False,nan
1479,218101,1610825278,MERV - XMEV - GGAL - 24hs,6800.0,2025-05-09 14:29:22,236,2025-05-09 14:29:23.847,6800.0,1032,6790.0,2337,6780.0,100,6770.0,100,6760.0,105,6820.0,1365,6830.0,5551,6840.0,2500,6850.0,23007,6860.0,5054,2025-05-09 14:29:23.763,,1259722970,183906,False,nan
1480,218140,1610825332,MERV - XMEV - GGAL - 24hs,6800.0,2025-05-09 14:29:23,4,2025-05-09 14:29:24.348,6800.0,1032,6790.0,2337,6780.0,100,6770.0,100,6760.0,105,6820.0,1365,6830.0,5551,6840.0,2500,6850.0,23007,6860.0,5054,2025-05-09 14:29:24.264,,1259722970,183906,True,bid
1481,218224,1610825442,MERV - XMEV - GGAL - 24hs,6800.0,2025-05-09 14:29:23,4,2025-05-09 14:29:24.867,6800.0,1007,6790.0,2337,6780.0,100,6770.0,100,6760.0,105,6820.0,1365,6830.0,5551,6840.0,2500,6850.0,22007,6860.0,5054,2025-05-09 14:29:24.763,,1259892970,183931,False,nan
1482,218308,1610825560,MERV - XMEV - GGAL - 24hs,6800.0,2025-05-09 14:29:25,6,2025-05-09 14:29:25.787,6800.0,1007,6790.0,2337,6780.0,100,6770.0,100,6760.0,105,6820.0,1365,6830.0,5551,6840.0,2500,6850.0,22007,6860.0,5054,2025-05-09 14:29:25.697,,1259892970,183931,True,bid
1483,218365,1610825638,MERV - XMEV - GGAL - 24hs,6800.0,2025-05-09 14:29:25,54,2025-05-09 14:29:26.281,6800.0,1007,6790.0,2337,6780.0,100,6770.0,100,6760.0,105,6820.0,1365,6830.0,5551,6840.0,2500,6850.0,22007,6860.0,5054,2025-05-09 14:29:26.196,,1259892970,183931,False,nan
1484,218427,1610825716,MERV - XMEV - GGAL - 24hs,6800.0,2025-05-09 14:29:25,54,2025-05-09 14:29:26.782,6800.0,947,6790.0,2337,6780.0,100,6770.0,100,6760.0,105,6820.0,1365,6830.0,5551,6840.0,2500,6850.0,22007,6860.0,5054,2025-05-09 14:29:26.697,,1260300970,183991,False,nan
1485,218549,1610825868,MERV - XMEV - GGAL - 24hs,6800.0,2025-05-09 14:29:25,54,2025-05-09 14:29:27.490,6800.0,720,6790.0,2337,6780.0,100,6770.0,100,6760.0,105,6820.0,1365,6830.0,5551,6840.0,2500,6850.0,21007,6860.0,5054,2025-05-09 14:29:27.378,,1260300970,183991,False,nan
1486,218663,1610826021,MERV - XMEV - GGAL - 24hs,6800.0,2025-05-09 14:29:25,54,2025-05-09 14:29:28.526,6800.0,720,6790.0,2337,6780.0,100,6770.0,100,6760.0,205,6820.0,1365,6830.0,5551,6840.0,2500,6850.0,21007,6860.0,5054,2025-05-09 14:29:28.437,,1260300970,183991,False,nan
1487,218986,1610826513,MERV - XMEV - GGAL - 24hs,6800.0,2025-05-09 14:29:31,5,2025-05-09 14:29:31.954,6800.0,720,6790.0,2337,6780.0,100,6770.0,100,6760.0,205,6820.0,1365,6830.0,5551,6840.0,2500,6850.0,21007,6860.0,5054,2025-05-09 14:29:31.870,,1260300970,183991,True,bid
1488,219043,1610826627,MERV - XMEV - GGAL - 24hs,6800.0,2025-05-09 14:29:31,5,2025-05-09 14:29:32.598,6800.0,715,6790.0,2337,6780.0,100,6770.0,100,6760.0,205,6820.0,1365,6830.0,5551,6840.0,2500,6850.0,21007,6860.0,5054,2025-05-09 14:29:32.514,,1260300970,183991,False,nan
1489,219113,1610826731,MERV - XMEV - GGAL - 24hs,6800.0,2025-05-09 14:29:31,5,2025-05-09 14:29:33.102,6800.0,715,6790.0,2337,6780.0,100,6770.0,100,6760.0,205,6820.0,1365,6830.0,5551,6840.0,2500,6850.0,21007,6860.0,5054,2025-05-09 14:29:33.014,,1260334970,183996,False,nan
1490,219207,1610826857,MERV - XMEV - GGAL - 24hs,6800.0,2025-05-09 14:29:34,32,2025-05-09 14:29:34.153,6800.0,715,6790.0,2337,6780.0,100,6770.0,100,6760.0,205,6820.0,1365,6830.0,5551,6840.0,2500,6850.0,21007,6860.0,5054,2025-05-09 14:29:34.057,,1260334970,183996,True,bid
1491,219270,1610826949,MERV - XMEV - GGAL - 24hs,6800.0,2025-05-09 14:29:34,32,2025-05-09 14:29:34.860,6800.0,683,6790.0,2337,6780.0,100,6770.0,100,6760.0,205,6820.0,1365,6830.0,5551,6840.0,5500,6850.0,18007,6860.0,5054,2025-05-09 14:29:34.745,,1260334970,183996,False,nan
1492,219317,1610827014,MERV - XMEV - GGAL - 24hs,6800.0,2025-05-09 14:29:34,32,2025-05-09 14:29:35.336,6800.0,683,6790.0,2337,6780.0,100,6770.0,100,6760.0,205,6820.0,1365,6830.0,5551,6840.0,5500,6850.0,18007,6860.0,5054,2025-05-09 14:29:35.246,,1260552570,184028,False,nan
1493,219743,1610827567,MERV - XMEV - GGAL - 24hs,6800.0,2025-05-09 14:29:34,32,2025-05-09 14:29:38.968,6800.0,683,6790.0,2337,6780.0,100,6770.0,100,6760.0,205,6820.0,1365,6830.0,5551,6840.0,2800,6850.0,21007,6860.0,5054,2025-05-09 14:29:38.798,,1260552570,184028,False,nan
1494,219814,1610827654,MERV - XMEV - GGAL - 24hs,6820.0,2025-05-09 14:29:39,5,2025-05-09 14:29:39.379,6800.0,683,6790.0,2337,6780.0,100,6770.0,100,6760.0,205,6820.0,1365,6830.0,5551,6840.0,2800,6850.0,21007,6860.0,5054,2025-05-09 14:29:39.294,,1260552570,184028,True,offer
1495,219856,1610827722,MERV - XMEV - GGAL - 24hs,6800.0,2025-05-09 14:29:39,5,2025-05-09 14:29:39.879,6800.0,683,6790.0,2337,6780.0,100,6770.0,100,6760.0,205,6820.0,1365,6830.0,5551,6840.0,2800,6850.0,21007,6860.0,5054,2025-05-09 14:29:39.794,,1260586670,184033,False,nan
1496,219893,1610827774,MERV - XMEV - GGAL - 24hs,6800.0,2025-05-09 14:29:39,5,2025-05-09 14:29:40.378,6800.0,678,6790.0,2337,6780.0,100,6770.0,100,6760.0,205,6820.0,1360,6830.0,5551,6840.0,2800,6850.0,20007,6860.0,5054,2025-05-09 14:29:40.294,,1260620670,184038,False,nan
1497,219936,1610827841,MERV - XMEV - GGAL - 24hs,6800.0,2025-05-09 14:29:40,23,2025-05-09 14:29:40.879,6800.0,678,6790.0,2337,6780.0,100,6770.0,100,6760.0,205,6820.0,1360,6830.0,5551,6840.0,2800,6850.0,20007,6860.0,5054,2025-05-09 14:29:40.794,,1260620670,184038,True,bid
1498,220006,1610827944,MERV - XMEV - GGAL - 24hs,6800.0,2025-05-09 14:29:40,23,2025-05-09 14:29:41.385,6800.0,509,6790.0,2337,6780.0,100,6770.0,100,6760.0,205,6820.0,1360,6830.0,5551,6840.0,2800,6850.0,19007,6860.0,5054,2025-05-09 14:29:41.297,,1261769870,184207,False,nan
1499,220073,1610828035,MERV - XMEV - GGAL - 24hs,6800.0,2025-05-09 14:29:41,3,2025-05-09 14:29:41.880,6800.0,509,6790.0,2337,6780.0,100,6770.0,100,6760.0,205,6820.0,1360,6830.0,5551,6840.0,2800,6850.0,19007,6860.0,5054,2025-05-09 14:29:41.795,,1261769870,184207,True,bid
1500,220127,1610828106,MERV - XMEV - GGAL - 24hs,6800.0,2025-05-09 14:29:42,146,2025-05-09 14:29:42.380,6800.0,509,6790.0,2337,6780.0,100,6770.0,100,6760.0,205,6820.0,1360,6830.0,5551,6840.0,2800,6850.0,19007,6860.0,5054,2025-05-09 14:29:42.295,,1261790270,184210,True,bid
1501,220194,1610828192,MERV - XMEV - GGAL - 24hs,6800.0,2025-05-09 14:29:42,146,2025-05-09 14:29:42.881,6800.0,354,6790.0,2337,6780.0,100,6770.0,100,6760.0,205,6820.0,1360,6830.0,5551,6840.0,2800,6850.0,19007,6860.0,5054,2025-05-09 14:29:42.795,,1262823870,184362,False,nan
1502,220254,1610828273,MERV - XMEV - GGAL - 24hs,6820.0,2025-05-09 14:29:43,148,2025-05-09 14:29:43.384,6800.0,354,6790.0,2337,6780.0,100,6770.0,100,6760.0,205,6820.0,1360,6830.0,5551,6840.0,2800,6850.0,19007,6860.0,5054,2025-05-09 14:29:43.294,,1262823870,184362,True,offer
1503,220314,1610828381,MERV - XMEV - GGAL - 24hs,6820.0,2025-05-09 14:29:43,148,2025-05-09 14:29:43.944,6800.0,354,6790.0,2337,6780.0,100,6770.0,100,6760.0,205,6820.0,1212,6830.0,5551,6840.0,2800,6850.0,19007,6860.0,5054,2025-05-09 14:29:43.795,,1263833230,184510,False,nan
1504,220540,1610828705,MERV - XMEV - GGAL - 24hs,6820.0,2025-05-09 14:29:43,148,2025-05-09 14:29:45.955,6800.0,354,6790.0,2337,6780.0,100,6770.0,100,6760.0,205,6820.0,6212,6830.0,551,6840.0,2800,6850.0,19007,6860.0,5054,2025-05-09 14:29:45.863,,1263833230,184510,False,nan
1505,220668,1610828878,MERV - XMEV - GGAL - 24hs,6820.0,2025-05-09 14:29:47,3,2025-05-09 14:29:47.154,6800.0,354,6790.0,2337,6780.0,100,6770.0,100,6760.0,205,6820.0,6212,6830.0,551,6840.0,2800,6850.0,19007,6860.0,5054,2025-05-09 14:29:47.070,,1263833230,184510,True,offer
1506,220733,1610828963,MERV - XMEV - GGAL - 24hs,6800.0,2025-05-09 14:29:47,10,2025-05-09 14:29:47.655,6800.0,354,6790.0,2337,6780.0,100,6770.0,100,6760.0,205,6820.0,6209,6830.0,551,6840.0,2800,6850.0,20007,6860.0,5054,2025-05-09 14:29:47.570,,1263853690,184513,False,nan
1507,220795,1610829055,MERV - XMEV - GGAL - 24hs,6800.0,2025-05-09 14:29:47,10,2025-05-09 14:29:48.154,6800.0,354,6790.0,2337,6780.0,100,6770.0,100,6760.0,205,6820.0,6209,6830.0,551,6840.0,2800,6850.0,20007,6860.0,5054,2025-05-09 14:29:48.070,,1263921690,184523,False,nan
1508,220876,1610829156,MERV - XMEV - GGAL - 24hs,6800.0,2025-05-09 14:29:48,22,2025-05-09 14:29:48.653,6800.0,322,6790.0,2337,6780.0,100,6770.0,100,6760.0,205,6820.0,6209,6830.0,551,6840.0,2800,6850.0,17007,6860.0,5054,2025-05-09 14:29:48.569,,1263921690,184523,True,bid
1509,220916,1610829208,MERV - XMEV - GGAL - 24hs,6800.0,2025-05-09 14:29:48,22,2025-05-09 14:29:49.153,6800.0,322,6790.0,2337,6780.0,100,6770.0,100,6760.0,205,6820.0,6209,6830.0,551,6840.0,2800,6850.0,19007,6860.0,5054,2025-05-09 14:29:49.069,,1264071290,184545,False,nan
1510,220983,1610829293,MERV - XMEV - GGAL - 24hs,6820.0,2025-05-09 14:29:49,59,2025-05-09 14:29:49.655,6800.0,322,6790.0,2337,6780.0,100,6770.0,100,6760.0,205,6820.0,6209,6830.0,551,6840.0,2800,6850.0,19007,6860.0,5054,2025-05-09 14:29:49.569,,1264071290,184545,True,offer
1511,221039,1610829370,MERV - XMEV - GGAL - 24hs,6800.0,2025-05-09 14:29:49,89,2025-05-09 14:29:50.154,6800.0,551,6790.0,2337,6780.0,100,6770.0,100,6760.0,205,6820.0,6150,6830.0,551,6840.0,2800,6850.0,19007,6860.0,5054,2025-05-09 14:29:50.069,,1264473670,184604,False,nan
1512,221087,1610829432,MERV - XMEV - GGAL - 24hs,6800.0,2025-05-09 14:29:49,89,2025-05-09 14:29:50.653,6800.0,462,6790.0,2337,6780.0,100,6770.0,100,6760.0,205,6820.0,6150,6830.0,551,6840.0,2800,6850.0,17007,6860.0,5054,2025-05-09 14:29:50.569,,1265078870,184693,False,nan
1513,221192,1610829580,MERV - XMEV - GGAL - 24hs,6800.0,2025-05-09 14:29:49,89,2025-05-09 14:29:51.647,6800.0,477,6790.0,2337,6780.0,100,6770.0,100,6760.0,205,6820.0,6150,6830.0,551,6840.0,2800,6850.0,17007,6860.0,5054,2025-05-09 14:29:51.560,,1265078870,184693,False,nan
1514,221364,1610829828,MERV - XMEV - GGAL - 24hs,6800.0,2025-05-09 14:29:49,89,2025-05-09 14:29:53.579,6800.0,481,6790.0,2337,6780.0,100,6770.0,100,6760.0,205,6820.0,6150,6830.0,551,6840.0,2800,6850.0,17007,6860.0,5054,2025-05-09 14:29:53.457,,1265078870,184693,False,nan
1515,221445,1610829941,MERV - XMEV - GGAL - 24hs,6800.0,2025-05-09 14:29:49,89,2025-05-09 14:29:54.495,6800.0,481,6790.0,2337,6780.0,100,6770.0,100,6760.0,205,6820.0,1150,6830.0,5551,6840.0,2831,6850.0,17007,6860.0,5054,2025-05-09 14:29:54.408,,1265078870,184693,False,nan
1516,221555,1610830080,MERV - XMEV - GGAL - 24hs,6800.0,2025-05-09 14:29:49,89,2025-05-09 14:29:55.581,6800.0,481,6790.0,2337,6780.0,102,6770.0,100,6760.0,205,6820.0,1150,6830.0,551,6840.0,7831,6850.0,7,6860.0,24054,2025-05-09 14:29:55.497,,1265078870,184693,False,nan
1517,221626,1610830178,MERV - XMEV - GGAL - 24hs,6800.0,2025-05-09 14:29:49,89,2025-05-09 14:29:56.315,6800.0,481,6790.0,2337,6780.0,102,6770.0,100,6760.0,205,6820.0,1150,6830.0,551,6840.0,7831,6850.0,7,6860.0,26054,2025-05-09 14:29:56.222,,1265078870,184693,False,nan
1518,221998,1610830677,MERV - XMEV - GGAL - 24hs,6800.0,2025-05-09 14:29:49,89,2025-05-09 14:29:59.515,6800.0,481,6790.0,2337,6780.0,102,6770.0,100,6760.0,205,6820.0,76,6830.0,551,6840.0,7831,6850.0,7,6860.0,26054,2025-05-09 14:29:59.415,,1265078870,184693,False,nan
1519,222097,1610830839,MERV - XMEV - GGAL - 24hs,6800.0,2025-05-09 14:29:49,89,2025-05-09 14:30:00.493,6800.0,481,6790.0,2337,6780.0,102,6770.0,100,6760.0,205,6820.0,76,6830.0,551,6840.0,7831,6850.0,7,6860.0,24054,2025-05-09 14:30:00.409,,1265078870,184693,False,nan
1520,222185,1610830962,MERV - XMEV - GGAL - 24hs,6820.0,2025-05-09 14:30:00,20,2025-05-09 14:30:00.994,6800.0,481,6790.0,2337,6780.0,102,6770.0,100,6760.0,205,6820.0,76,6830.0,551,6840.0,7831,6850.0,7,6860.0,24054,2025-05-09 14:30:00.910,,1265078870,184693,True,offer
1521,222259,1610831077,MERV - XMEV - GGAL - 24hs,6820.0,2025-05-09 14:30:00,20,2025-05-09 14:30:01.499,6800.0,501,6790.0,2337,6780.0,102,6770.0,100,6760.0,205,6820.0,56,6830.0,551,6840.0,7831,6850.0,7,6860.0,24054,2025-05-09 14:30:01.409,,1265215270,184713,False,nan
1522,222427,1610831311,MERV - XMEV - GGAL - 24hs,6800.0,2025-05-09 14:30:02,1,2025-05-09 14:30:02.391,6800.0,501,6790.0,2337,6780.0,102,6770.0,100,6760.0,205,6820.0,56,6830.0,551,6840.0,7831,6850.0,7,6860.0,24054,2025-05-09 14:30:02.275,,1265215270,184713,True,bid
1523,222523,1610831445,MERV - XMEV - GGAL - 24hs,6800.0,2025-05-09 14:30:02,1,2025-05-09 14:30:03.063,6800.0,500,6790.0,2337,6780.0,102,6770.0,100,6760.0,205,6820.0,56,6830.0,551,6840.0,7831,6850.0,7,6860.0,24054,2025-05-09 14:30:02.962,,1265215270,184713,False,nan
1524,222604,1610831549,MERV - XMEV - GGAL - 24hs,6800.0,2025-05-09 14:30:02,1,2025-05-09 14:30:03.835,6800.0,500,6790.0,2337,6780.0,102,6770.0,100,6760.0,205,6820.0,56,6830.0,551,6840.0,7831,6850.0,7,6860.0,24054,2025-05-09 14:30:03.529,,1265222070,184714,False,nan
1525,222972,1610832075,MERV - XMEV - GGAL - 24hs,6820.0,2025-05-09 14:30:06,21,2025-05-09 14:30:07.022,6800.0,500,6790.0,2337,6780.0,102,6770.0,100,6760.0,205,6820.0,56,6830.0,551,6840.0,7831,6850.0,7,6860.0,24054,2025-05-09 14:30:06.931,,1265222070,184714,True,offer
1526,223062,1610832194,MERV - XMEV - GGAL - 24hs,6820.0,2025-05-09 14:30:06,21,2025-05-09 14:30:07.667,6800.0,500,6790.0,2337,6780.0,102,6770.0,100,6760.0,205,6820.0,402,6830.0,551,6840.0,7831,6850.0,7,6860.0,24054,2025-05-09 14:30:07.560,,1265222070,184714,False,nan
1527,223120,1610832279,MERV - XMEV - GGAL - 24hs,6820.0,2025-05-09 14:30:06,21,2025-05-09 14:30:08.148,6800.0,500,6790.0,2337,6780.0,102,6770.0,100,6760.0,205,6820.0,402,6830.0,551,6840.0,7831,6850.0,7,6860.0,24054,2025-05-09 14:30:08.059,,1265365290,184735,False,nan
1528,223250,1610832481,MERV - XMEV - GGAL - 24hs,6820.0,2025-05-09 14:30:06,21,2025-05-09 14:30:09.575,6800.0,699,6790.0,2337,6780.0,102,6770.0,100,6760.0,205,6820.0,402,6830.0,551,6840.0,7831,6850.0,7,6860.0,24054,2025-05-09 14:30:09.491,,1265365290,184735,False,nan
1529,223375,1610832664,MERV - XMEV - GGAL - 24hs,6800.0,2025-05-09 14:30:10,3,2025-05-09 14:30:10.838,6800.0,699,6790.0,2337,6780.0,102,6770.0,100,6760.0,205,6820.0,402,6830.0,551,6840.0,7831,6850.0,7,6860.0,24054,2025-05-09 14:30:10.755,,1265365290,184735,True,bid
1530,223407,1610832721,MERV - XMEV - GGAL - 24hs,6820.0,2025-05-09 14:30:11,30,2025-05-09 14:30:11.338,6800.0,699,6790.0,2337,6780.0,102,6770.0,100,6760.0,205,6820.0,402,6830.0,551,6840.0,7831,6850.0,7,6860.0,24054,2025-05-09 14:30:11.254,,1265385690,184738,True,offer
1531,223465,1610832799,MERV - XMEV - GGAL - 24hs,6820.0,2025-05-09 14:30:11,30,2025-05-09 14:30:11.838,6800.0,696,6790.0,2337,6780.0,102,6770.0,100,6760.0,205,6820.0,372,6830.0,5551,6840.0,2831,6850.0,35007,6860.0,5054,2025-05-09 14:30:11.754,,1265590290,184768,False,nan
1532,223595,1610832999,MERV - XMEV - GGAL - 24hs,6820.0,2025-05-09 14:30:11,30,2025-05-09 14:30:12.841,6800.0,696,6790.0,2337,6780.0,102,6770.0,100,6760.0,205,6820.0,372,6830.0,5551,6840.0,2831,6850.0,37007,6860.0,5054,2025-05-09 14:30:12.757,,1265590290,184768,False,nan
1533,223682,1610833118,MERV - XMEV - GGAL - 24hs,6820.0,2025-05-09 14:30:13,5,2025-05-09 14:30:13.379,6800.0,696,6790.0,2337,6780.0,102,6770.0,100,6760.0,205,6820.0,372,6830.0,5551,6840.0,2831,6850.0,37007,6860.0,5054,2025-05-09 14:30:13.295,,1265590290,184768,True,offer
1534,223736,1610833188,MERV - XMEV - GGAL - 24hs,6830.0,2025-05-09 14:30:13,1792,2025-05-09 14:30:13.878,6820.0,372,6800.0,676,6790.0,2337,6780.0,102,6770.0,102,6830.0,1792,6840.0,2831,6850.0,40007,6860.0,5054,6870.0,2014,2025-05-09 14:30:13.795,,1293801300,188899,False,nan
1535,223815,1610833309,MERV - XMEV - GGAL - 24hs,6820.0,2025-05-09 14:30:13,370,2025-05-09 14:30:14.378,6820.0,372,6800.0,676,6790.0,2337,6780.0,102,6770.0,102,6830.0,1792,6840.0,2831,6850.0,40007,6860.0,5054,6870.0,2014,2025-05-09 14:30:14.294,,1308564060,191061,False,nan
1536,223882,1610833393,MERV - XMEV - GGAL - 24hs,6820.0,2025-05-09 14:30:13,370,2025-05-09 14:30:14.880,6830.0,3444,6820.0,2,6800.0,676,6790.0,2337,6780.0,102,6840.0,2831,6850.0,40007,6860.0,5054,6870.0,2014,6880.0,10514,2025-05-09 14:30:14.795,,1308564060,191061,False,nan
1537,223992,1610833553,MERV - XMEV - GGAL - 24hs,6820.0,2025-05-09 14:30:13,370,2025-05-09 14:30:15.567,6830.0,8610,6820.0,2,6800.0,676,6790.0,2337,6780.0,102,6840.0,2831,6850.0,40007,6860.0,5054,6870.0,2014,6880.0,10514,2025-05-09 14:30:15.474,,1308564060,191061,False,nan
1538,224202,1610833866,MERV - XMEV - GGAL - 24hs,6830.0,2025-05-09 14:30:16,4000,2025-05-09 14:30:17.090,6830.0,8610,6820.0,2,6800.0,676,6790.0,2337,6780.0,102,6840.0,2831,6850.0,40007,6860.0,5054,6870.0,2014,6880.0,10514,2025-05-09 14:30:16.842,,1308564060,191061,True,bid
1539,224289,1610833972,MERV - XMEV - GGAL - 24hs,6830.0,2025-05-09 14:30:16,1000,2025-05-09 14:30:17.430,6830.0,8610,6820.0,2,6800.0,676,6790.0,2337,6780.0,102,6840.0,2831,6850.0,40007,6860.0,5054,6870.0,2014,6880.0,10514,2025-05-09 14:30:17.343,,1308564060,191061,False,nan
1540,224336,1610834052,MERV - XMEV - GGAL - 24hs,6830.0,2025-05-09 14:30:17,5000,2025-05-09 14:30:17.929,6820.0,2,6800.0,676,6790.0,2337,6780.0,102,6770.0,102,6830.0,5000,6840.0,2831,6850.0,40007,6860.0,5054,6870.0,2014,2025-05-09 14:30:17.841,,1342714060,196061,True,bid
1541,224394,1610834133,MERV - XMEV - GGAL - 24hs,6830.0,2025-05-09 14:30:17,5000,2025-05-09 14:30:18.519,6820.0,2,6800.0,676,6790.0,2337,6780.0,102,6770.0,102,6840.0,2831,6850.0,7,6860.0,22054,6870.0,2014,6880.0,10514,2025-05-09 14:30:18.435,,1342714060,196061,False,nan
1542,224453,1610834231,MERV - XMEV - GGAL - 24hs,6830.0,2025-05-09 14:30:17,5000,2025-05-09 14:30:19.035,6820.0,2,6800.0,676,6790.0,2337,6780.0,102,6770.0,102,6840.0,2831,6850.0,7,6860.0,22054,6870.0,2014,6880.0,10514,2025-05-09 14:30:18.940,,1376864060,201061,False,nan
1543,224498,1610834296,MERV - XMEV - GGAL - 24hs,6790.0,2025-05-09 14:30:19,76,2025-05-09 14:30:19.547,6800.0,676,6790.0,2337,6780.0,102,6770.0,102,6760.0,5205,6820.0,18,6840.0,2831,6850.0,7,6860.0,20054,6870.0,7014,2025-05-09 14:30:19.441,,1386576300,202483,True,bid
1544,224571,1610834391,MERV - XMEV - GGAL - 24hs,6790.0,2025-05-09 14:30:19,111,2025-05-09 14:30:20.028,6800.0,676,6790.0,2337,6780.0,102,6770.0,102,6760.0,5205,6820.0,18,6840.0,2831,6850.0,7,6860.0,20054,6870.0,7014,2025-05-09 14:30:19.936,,1408311060,205683,False,nan
1545,224627,1610834480,MERV - XMEV - GGAL - 24hs,6790.0,2025-05-09 14:30:19,111,2025-05-09 14:30:20.524,6800.0,1189,6780.0,102,6770.0,100,6760.0,205,6750.0,9356,6820.0,94,6840.0,2831,6850.0,5007,6860.0,20054,6870.0,7014,2025-05-09 14:30:20.436,,1408311060,205683,False,nan
1546,224785,1610834719,MERV - XMEV - GGAL - 24hs,6790.0,2025-05-09 14:30:19,111,2025-05-09 14:30:21.670,6800.0,1189,6780.0,102,6770.0,100,6760.0,205,6750.0,9356,6820.0,94,6840.0,2831,6850.0,5007,6860.0,20054,6870.0,6014,2025-05-09 14:30:21.578,,1408311060,205683,False,nan
1547,225485,1610835744,MERV - XMEV - GGAL - 24hs,6820.0,2025-05-09 14:30:27,3,2025-05-09 14:30:28.039,6800.0,1189,6780.0,102,6770.0,100,6760.0,205,6750.0,9356,6820.0,94,6840.0,2831,6850.0,5007,6860.0,20054,6870.0,6014,2025-05-09 14:30:27.950,,1408311060,205683,True,offer
1548,225529,1610835821,MERV - XMEV - GGAL - 24hs,6820.0,2025-05-09 14:30:27,3,2025-05-09 14:30:28.712,6800.0,1189,6780.0,102,6770.0,100,6760.0,205,6750.0,9356,6820.0,91,6840.0,2831,6850.0,5007,6860.0,20054,6870.0,6014,2025-05-09 14:30:28.619,,1408311060,205683,False,nan
1549,225573,1610835889,MERV - XMEV - GGAL - 24hs,6820.0,2025-05-09 14:30:27,3,2025-05-09 14:30:29.211,6800.0,1189,6780.0,102,6770.0,100,6760.0,205,6750.0,9356,6820.0,91,6840.0,2831,6850.0,5007,6860.0,20054,6870.0,6014,2025-05-09 14:30:29.117,,1408331520,205686,False,nan
1550,225613,1610835954,MERV - XMEV - GGAL - 24hs,6820.0,2025-05-09 14:30:27,3,2025-05-09 14:30:29.824,6780.0,102,6770.0,1289,6760.0,205,6750.0,9356,6730.0,10,6820.0,91,6840.0,2831,6850.0,5007,6860.0,20054,6870.0,6014,2025-05-09 14:30:29.739,,1408331520,205686,False,nan
1551,225766,1610836184,MERV - XMEV - GGAL - 24hs,6820.0,2025-05-09 14:30:27,3,2025-05-09 14:30:31.025,6780.0,102,6770.0,1289,6760.0,205,6750.0,9356,6730.0,10,6790.0,25,6820.0,15,6840.0,2831,6850.0,5007,6860.0,20061,2025-05-09 14:30:30.898,,1408331520,205686,False,nan
1552,225995,1610836541,MERV - XMEV - GGAL - 24hs,6820.0,2025-05-09 14:30:27,3,2025-05-09 14:30:33.000,6780.0,102,6770.0,1289,6760.0,205,6750.0,9356,6730.0,10,6790.0,25,6820.0,15,6840.0,2831,6850.0,7,6860.0,25061,2025-05-09 14:30:32.895,,1408331520,205686,False,nan
1553,226152,1610836771,MERV - XMEV - GGAL - 24hs,6820.0,2025-05-09 14:30:27,3,2025-05-09 14:30:34.148,6780.0,102,6770.0,1289,6760.0,205,6750.0,9356,6730.0,10,6790.0,25,6820.0,127,6840.0,2831,6850.0,7,6860.0,25061,2025-05-09 14:30:34.055,,1408331520,205686,False,nan
1554,226448,1610837203,MERV - XMEV - GGAL - 24hs,6790.0,2025-05-09 14:30:35,25,2025-05-09 14:30:36.034,6780.0,102,6770.0,1289,6760.0,205,6750.0,9356,6730.0,10,6790.0,25,6820.0,127,6840.0,2831,6850.0,7,6860.0,25061,2025-05-09 14:30:35.851,,1408331520,205686,True,offer
1555,226501,1610837274,MERV - XMEV - GGAL - 24hs,6820.0,2025-05-09 14:30:35,3,2025-05-09 14:30:36.435,6780.0,102,6770.0,1289,6760.0,205,6750.0,9356,6730.0,10,6790.0,25,6820.0,127,6840.0,2831,6850.0,7,6860.0,25061,2025-05-09 14:30:36.351,,1408331520,205686,False,nan
1556,226549,1610837349,MERV - XMEV - GGAL - 24hs,6820.0,2025-05-09 14:30:35,3,2025-05-09 14:30:36.936,6800.0,3,6780.0,102,6770.0,1289,6760.0,205,6750.0,9356,6810.0,76,6820.0,124,6840.0,2831,6850.0,7,6860.0,25054,2025-05-09 14:30:36.851,,1408521730,205714,False,nan
1557,226650,1610837471,MERV - XMEV - GGAL - 24hs,6800.0,2025-05-09 14:30:37,3,2025-05-09 14:30:37.932,6800.0,3,6780.0,102,6770.0,1289,6760.0,205,6750.0,9356,6810.0,76,6820.0,124,6840.0,2831,6850.0,7,6860.0,25054,2025-05-09 14:30:37.848,,1408521730,205714,True,bid
1558,226695,1610837528,MERV - XMEV - GGAL - 24hs,6780.0,2025-05-09 14:30:37,2,2025-05-09 14:30:38.434,6800.0,3,6780.0,102,6770.0,1289,6760.0,205,6750.0,9356,6810.0,76,6820.0,124,6840.0,2831,6850.0,7,6860.0,25054,2025-05-09 14:30:38.348,,1408521730,205714,False,nan
1559,226745,1610837609,MERV - XMEV - GGAL - 24hs,6780.0,2025-05-09 14:30:37,2,2025-05-09 14:30:38.933,6780.0,100,6770.0,1289,6760.0,205,6750.0,9356,6730.0,10,6810.0,76,6820.0,124,6840.0,2831,6850.0,7,6860.0,25054,2025-05-09 14:30:38.848,,1408555690,205719,False,nan
1560,226817,1610837705,MERV - XMEV - GGAL - 24hs,6780.0,2025-05-09 14:30:37,2,2025-05-09 14:30:39.689,6780.0,100,6770.0,1289,6760.0,205,6750.0,9356,6730.0,10,6810.0,76,6820.0,124,6840.0,2831,6850.0,7,6860.0,25254,2025-05-09 14:30:39.602,,1408555690,205719,False,nan
1561,227008,1610837963,MERV - XMEV - GGAL - 24hs,6810.0,2025-05-09 14:30:40,1,2025-05-09 14:30:41.084,6780.0,100,6770.0,1289,6760.0,205,6750.0,9356,6730.0,10,6810.0,76,6820.0,124,6840.0,2831,6850.0,7,6860.0,25254,2025-05-09 14:30:41.000,,1408555690,205719,True,offer
1562,227076,1610838058,MERV - XMEV - GGAL - 24hs,6810.0,2025-05-09 14:30:40,1,2025-05-09 14:30:41.749,6780.0,101,6770.0,1289,6760.0,205,6750.0,9356,6730.0,10,6810.0,75,6820.0,124,6840.0,2831,6850.0,7,6860.0,25254,2025-05-09 14:30:41.665,,1408555690,205719,False,nan
1563,227127,1610838132,MERV - XMEV - GGAL - 24hs,6810.0,2025-05-09 14:30:40,1,2025-05-09 14:30:42.250,6780.0,101,6770.0,1289,6760.0,205,6750.0,9356,6730.0,10,6810.0,75,6820.0,124,6840.0,2831,6850.0,7,6860.0,25254,2025-05-09 14:30:42.166,,1408562500,205720,False,nan
1564,227406,1610838518,MERV - XMEV - GGAL - 24hs,6810.0,2025-05-09 14:30:40,1,2025-05-09 14:30:44.946,6800.0,8008,6780.0,101,6770.0,1289,6760.0,205,6750.0,9356,6810.0,75,6820.0,124,6840.0,2831,6850.0,7,6860.0,25254,2025-05-09 14:30:44.848,,1408562500,205720,False,nan
1565,227677,1610838923,MERV - XMEV - GGAL - 24hs,6810.0,2025-05-09 14:30:40,1,2025-05-09 14:30:47.496,6800.0,8008,6780.0,101,6770.0,1289,6760.0,205,6750.0,9356,6810.0,75,6820.0,124,6840.0,2831,6850.0,207,6860.0,25254,2025-05-09 14:30:47.391,,1408562500,205720,False,nan
1566,228026,1610839387,MERV - XMEV - GGAL - 24hs,6810.0,2025-05-09 14:30:40,1,2025-05-09 14:30:50.766,6800.0,8008,6780.0,101,6770.0,1289,6760.0,205,6750.0,9356,6810.0,75,6820.0,12,6830.0,112,6840.0,2831,6850.0,207,2025-05-09 14:30:50.667,,1408562500,205720,False,nan
1567,228275,1610839769,MERV - XMEV - GGAL - 24hs,6800.0,2025-05-09 14:30:52,3,2025-05-09 14:30:52.988,6800.0,8008,6780.0,101,6770.0,1289,6760.0,205,6750.0,9356,6810.0,75,6820.0,12,6830.0,112,6840.0,2831,6850.0,207,2025-05-09 14:30:52.901,,1408562500,205720,True,bid
1568,228327,1610839835,MERV - XMEV - GGAL - 24hs,6800.0,2025-05-09 14:30:52,3,2025-05-09 14:30:53.660,6800.0,8005,6780.0,101,6770.0,1289,6760.0,205,6750.0,9356,6810.0,75,6820.0,12,6830.0,112,6840.0,2831,6850.0,207,2025-05-09 14:30:53.568,,1408562500,205720,False,nan
1569,228398,1610839933,MERV - XMEV - GGAL - 24hs,6800.0,2025-05-09 14:30:52,3,2025-05-09 14:30:54.152,6800.0,8005,6780.0,101,6770.0,1289,6760.0,205,6750.0,9356,6810.0,75,6820.0,12,6830.0,112,6840.0,2831,6850.0,207,2025-05-09 14:30:54.068,,1408582900,205723,False,nan
1570,228672,1610840309,MERV - XMEV - GGAL - 24hs,6810.0,2025-05-09 14:30:56,16,2025-05-09 14:30:56.885,6800.0,8005,6780.0,101,6770.0,1289,6760.0,205,6750.0,9356,6810.0,75,6820.0,12,6830.0,112,6840.0,2831,6850.0,207,2025-05-09 14:30:56.800,,1408582900,205723,True,offer
1571,228755,1610840419,MERV - XMEV - GGAL - 24hs,6810.0,2025-05-09 14:30:56,16,2025-05-09 14:30:57.499,6800.0,8005,6780.0,101,6770.0,1289,6760.0,205,6750.0,9356,6810.0,59,6820.0,12,6830.0,112,6840.0,2831,6850.0,207,2025-05-09 14:30:57.354,,1408582900,205723,False,nan
1572,228825,1610840516,MERV - XMEV - GGAL - 24hs,6810.0,2025-05-09 14:30:56,16,2025-05-09 14:30:57.936,6800.0,8005,6780.0,101,6770.0,1289,6760.0,205,6750.0,9356,6810.0,59,6820.0,12,6830.0,112,6840.0,2831,6850.0,207,2025-05-09 14:30:57.851,,1408691860,205739,False,nan
1573,229265,1610841129,MERV - XMEV - GGAL - 24hs,6810.0,2025-05-09 14:30:56,16,2025-05-09 14:31:01.967,6800.0,8005,6780.0,101,6770.0,1289,6760.0,205,6750.0,9356,6810.0,59,6820.0,12,6830.0,112,6840.0,2845,6850.0,207,2025-05-09 14:31:01.883,,1408691860,205739,False,nan
1574,229306,1610841187,MERV - XMEV - GGAL - 24hs,6800.0,2025-05-09 14:31:02,11,2025-05-09 14:31:02.472,6800.0,8005,6780.0,101,6770.0,1289,6760.0,205,6750.0,9356,6810.0,59,6820.0,12,6830.0,112,6840.0,2845,6850.0,207,2025-05-09 14:31:02.388,,1408691860,205739,True,bid
1575,229386,1610841298,MERV - XMEV - GGAL - 24hs,6800.0,2025-05-09 14:31:02,11,2025-05-09 14:31:03.088,6800.0,7994,6780.0,201,6770.0,1289,6760.0,205,6750.0,9356,6810.0,59,6820.0,12,6830.0,112,6840.0,2845,6850.0,207,2025-05-09 14:31:02.986,,1408691860,205739,False,nan
1576,229434,1610841374,MERV - XMEV - GGAL - 24hs,6800.0,2025-05-09 14:31:02,11,2025-05-09 14:31:03.579,6800.0,7994,6780.0,201,6770.0,1289,6760.0,205,6750.0,9356,6810.0,59,6820.0,12,6830.0,112,6840.0,2845,6850.0,207,2025-05-09 14:31:03.494,,1408766660,205750,False,nan
1577,230547,1610842962,MERV - XMEV - GGAL - 24hs,6800.0,2025-05-09 14:31:11,4,2025-05-09 14:31:12.087,6800.0,7994,6780.0,201,6770.0,1289,6760.0,205,6750.0,9356,6810.0,59,6820.0,12,6830.0,112,6840.0,2845,6850.0,207,2025-05-09 14:31:11.998,,1408766660,205750,True,bid
1578,230584,1610843013,MERV - XMEV - GGAL - 24hs,6800.0,2025-05-09 14:31:11,4,2025-05-09 14:31:12.587,6800.0,7990,6780.0,201,6770.0,1289,6760.0,205,6750.0,9356,6810.0,59,6820.0,12,6830.0,112,6840.0,2845,6850.0,207,2025-05-09 14:31:12.497,,1408766660,205750,False,nan
1579,230662,1610843156,MERV - XMEV - GGAL - 24hs,6800.0,2025-05-09 14:31:11,4,2025-05-09 14:31:13.134,6800.0,7990,6780.0,201,6770.0,1289,6760.0,205,6750.0,9356,6810.0,59,6820.0,12,6830.0,112,6840.0,2845,6850.0,207,2025-05-09 14:31:12.998,,1408793860,205754,False,nan
1580,230701,1610843207,MERV - XMEV - GGAL - 24hs,6800.0,2025-05-09 14:31:11,4,2025-05-09 14:31:13.583,6800.0,10990,6780.0,201,6770.0,1289,6760.0,205,6750.0,9356,6810.0,59,6820.0,12,6830.0,112,6840.0,2845,6850.0,207,2025-05-09 14:31:13.497,,1408793860,205754,False,nan
1581,230771,1610843299,MERV - XMEV - GGAL - 24hs,6810.0,2025-05-09 14:31:13,59,2025-05-09 14:31:14.090,6800.0,10990,6780.0,201,6770.0,1289,6760.0,205,6750.0,9356,6810.0,59,6820.0,12,6830.0,112,6840.0,2845,6850.0,207,2025-05-09 14:31:13.998,,1408793860,205754,True,offer
1582,230816,1610843357,MERV - XMEV - GGAL - 24hs,6810.0,2025-05-09 14:31:13,59,2025-05-09 14:31:14.581,6810.0,41,6800.0,10990,6780.0,200,6770.0,1289,6760.0,206,6820.0,12,6830.0,112,6840.0,2845,6850.0,207,6860.0,29254,2025-05-09 14:31:14.497,,1409195650,205813,False,nan
1583,230866,1610843440,MERV - XMEV - GGAL - 24hs,6810.0,2025-05-09 14:31:14,41,2025-05-09 14:31:15.110,6810.0,41,6800.0,10990,6780.0,200,6770.0,1289,6760.0,206,6820.0,12,6830.0,112,6840.0,2845,6850.0,207,6860.0,29254,2025-05-09 14:31:15.022,,1409195650,205813,True,bid
1584,230923,1610843515,MERV - XMEV - GGAL - 24hs,6810.0,2025-05-09 14:31:14,41,2025-05-09 14:31:15.609,6800.0,11066,6780.0,200,6770.0,1289,6760.0,205,6750.0,9356,6820.0,12,6830.0,112,6840.0,2845,6850.0,207,6860.0,25254,2025-05-09 14:31:15.521,,1409195650,205813,False,nan
1585,231012,1610843673,MERV - XMEV - GGAL - 24hs,6810.0,2025-05-09 14:31:14,41,2025-05-09 14:31:16.188,6800.0,11066,6780.0,200,6770.0,1289,6760.0,205,6750.0,9356,6820.0,12,6830.0,112,6840.0,2845,6850.0,207,6860.0,25254,2025-05-09 14:31:16.022,,1409474860,205854,False,nan
1586,231054,1610843730,MERV - XMEV - GGAL - 24hs,6810.0,2025-05-09 14:31:14,41,2025-05-09 14:31:16.606,6800.0,11066,6780.0,200,6770.0,1389,6760.0,205,6750.0,9356,6820.0,12,6830.0,112,6840.0,2845,6850.0,207,6860.0,25268,2025-05-09 14:31:16.522,,1409474860,205854,False,nan
1587,231177,1610843909,MERV - XMEV - GGAL - 24hs,6800.0,2025-05-09 14:31:17,1,2025-05-09 14:31:17.595,6800.0,11066,6780.0,200,6770.0,1389,6760.0,205,6750.0,9356,6820.0,12,6830.0,112,6840.0,2845,6850.0,207,6860.0,25268,2025-05-09 14:31:17.509,,1409474860,205854,True,bid
1588,231222,1610843981,MERV - XMEV - GGAL - 24hs,6800.0,2025-05-09 14:31:17,6,2025-05-09 14:31:18.323,6800.0,11066,6780.0,200,6770.0,1389,6760.0,205,6750.0,9356,6820.0,12,6830.0,112,6840.0,2845,6850.0,207,6860.0,25268,2025-05-09 14:31:18.037,,1409481660,205855,False,nan
1589,231291,1610844076,MERV - XMEV - GGAL - 24hs,6800.0,2025-05-09 14:31:17,6,2025-05-09 14:31:18.619,6800.0,11059,6780.0,200,6770.0,1389,6760.0,205,6750.0,9356,6820.0,12,6830.0,112,6840.0,2845,6850.0,207,6860.0,25268,2025-05-09 14:31:18.509,,1409522460,205861,False,nan
1590,231345,1610844154,MERV - XMEV - GGAL - 24hs,6800.0,2025-05-09 14:31:19,105,2025-05-09 14:31:19.129,6800.0,11059,6780.0,200,6770.0,1389,6760.0,205,6750.0,9356,6820.0,12,6830.0,112,6840.0,2845,6850.0,207,6860.0,25268,2025-05-09 14:31:19.045,,1409522460,205861,True,bid
1591,231400,1610844242,MERV - XMEV - GGAL - 24hs,6800.0,2025-05-09 14:31:19,105,2025-05-09 14:31:19.812,6800.0,11059,6780.0,200,6770.0,1389,6760.0,205,6750.0,9356,6820.0,12,6830.0,112,6840.0,2845,6850.0,207,6860.0,25268,2025-05-09 14:31:19.723,,1410236460,205966,False,nan
1592,231461,1610844327,MERV - XMEV - GGAL - 24hs,6800.0,2025-05-09 14:31:19,105,2025-05-09 14:31:20.307,6800.0,10954,6780.0,200,6770.0,1389,6760.0,205,6750.0,9356,6820.0,12,6830.0,112,6840.0,2845,6850.0,207,6860.0,25268,2025-05-09 14:31:20.216,,1410236460,205966,False,nan
1593,231564,1610844469,MERV - XMEV - GGAL - 24hs,6800.0,2025-05-09 14:31:19,105,2025-05-09 14:31:21.334,6810.0,4000,6800.0,10878,6780.0,200,6770.0,1389,6760.0,212,6820.0,12,6830.0,112,6840.0,2845,6850.0,2007,6860.0,25268,2025-05-09 14:31:21.248,,1410236460,205966,False,nan
1594,231987,1610845121,MERV - XMEV - GGAL - 24hs,6810.0,2025-05-09 14:31:24,16,2025-05-09 14:31:25.004,6810.0,4000,6800.0,10878,6780.0,200,6770.0,1389,6760.0,212,6820.0,12,6830.0,112,6840.0,2845,6850.0,2007,6860.0,25268,2025-05-09 14:31:24.914,,1410236460,205966,True,bid
1595,232066,1610845236,MERV - XMEV - GGAL - 24hs,6810.0,2025-05-09 14:31:24,16,2025-05-09 14:31:25.672,6810.0,3984,6800.0,10878,6780.0,200,6770.0,1389,6760.0,212,6820.0,12,6830.0,112,6840.0,2845,6850.0,2007,6860.0,25268,2025-05-09 14:31:25.583,,1410236460,205966,False,nan
1596,232114,1610845302,MERV - XMEV - GGAL - 24hs,6810.0,2025-05-09 14:31:24,16,2025-05-09 14:31:26.168,6810.0,3984,6800.0,10878,6780.0,200,6770.0,1389,6760.0,212,6820.0,12,6830.0,112,6840.0,2845,6850.0,2007,6860.0,25268,2025-05-09 14:31:26.084,,1410345420,205982,False,nan
1597,232157,1610845361,MERV - XMEV - GGAL - 24hs,6810.0,2025-05-09 14:31:26,4,2025-05-09 14:31:26.668,6810.0,3984,6800.0,10878,6780.0,200,6770.0,1389,6760.0,212,6820.0,12,6830.0,112,6840.0,2845,6850.0,2007,6860.0,25268,2025-05-09 14:31:26.584,,1410345420,205982,True,bid
1598,232211,1610845429,MERV - XMEV - GGAL - 24hs,6810.0,2025-05-09 14:31:26,4,2025-05-09 14:31:27.170,6810.0,3980,6800.0,10878,6780.0,200,6770.0,1389,6760.0,212,6820.0,12,6830.0,112,6840.0,2845,6850.0,2007,6860.0,25268,2025-05-09 14:31:27.084,,1410372660,205986,False,nan
1599,232383,1610845670,MERV - XMEV - GGAL - 24hs,6810.0,2025-05-09 14:31:28,162,2025-05-09 14:31:28.701,6810.0,3980,6800.0,10878,6780.0,200,6770.0,1389,6760.0,212,6820.0,12,6830.0,112,6840.0,2845,6850.0,2007,6860.0,25268,2025-05-09 14:31:28.614,,1410372660,205986,True,bid
1600,232455,1610845788,MERV - XMEV - GGAL - 24hs,6810.0,2025-05-09 14:31:28,162,2025-05-09 14:31:29.387,6810.0,3818,6800.0,10878,6780.0,250,6770.0,1389,6760.0,212,6820.0,12,6830.0,112,6840.0,2845,6850.0,2007,6860.0,25268,2025-05-09 14:31:29.280,,1410372660,205986,False,nan
1601,232489,1610845839,MERV - XMEV - GGAL - 24hs,6810.0,2025-05-09 14:31:28,162,2025-05-09 14:31:29.865,6810.0,3818,6800.0,10878,6780.0,250,6770.0,1389,6760.0,212,6820.0,12,6830.0,112,6840.0,2845,6850.0,2007,6860.0,25268,2025-05-09 14:31:29.781,,1411475880,206148,False,nan
1602,232546,1610845922,MERV - XMEV - GGAL - 24hs,6810.0,2025-05-09 14:31:30,13,2025-05-09 14:31:30.415,6810.0,3818,6800.0,10878,6780.0,250,6770.0,1389,6760.0,212,6820.0,12,6830.0,112,6840.0,2845,6850.0,2007,6860.0,25268,2025-05-09 14:31:30.330,,1411475880,206148,True,bid
1603,232606,1610845998,MERV - XMEV - GGAL - 24hs,6810.0,2025-05-09 14:31:30,13,2025-05-09 14:31:30.917,6810.0,3805,6800.0,10878,6780.0,250,6770.0,1389,6760.0,312,6820.0,12,6830.0,112,6840.0,2845,6850.0,2007,6860.0,25268,2025-05-09 14:31:30.830,,1411475880,206148,False,nan
1604,232688,1610846104,MERV - XMEV - GGAL - 24hs,6810.0,2025-05-09 14:31:30,13,2025-05-09 14:31:31.414,6810.0,3805,6800.0,10878,6780.0,250,6770.0,1389,6760.0,312,6820.0,12,6830.0,112,6840.0,2845,6850.0,2007,6860.0,25268,2025-05-09 14:31:31.330,,1411564410,206161,False,nan
1605,232898,1610846399,MERV - XMEV - GGAL - 24hs,6810.0,2025-05-09 14:31:30,13,2025-05-09 14:31:32.766,6810.0,3805,6800.0,10878,6780.0,250,6770.0,1389,6760.0,312,6820.0,12,6830.0,112,6840.0,2845,6850.0,7007,6860.0,20268,2025-05-09 14:31:32.680,,1411564410,206161,False,nan
1606,233002,1610846549,MERV - XMEV - GGAL - 24hs,6810.0,2025-05-09 14:31:30,13,2025-05-09 14:31:33.660,6810.0,3805,6800.0,10878,6780.0,250,6770.0,1389,6760.0,312,6820.0,12,6830.0,112,6840.0,3845,6850.0,7007,6860.0,20268,2025-05-09 14:31:33.576,,1411564410,206161,False,nan
1607,233287,1610846966,MERV - XMEV - GGAL - 24hs,6810.0,2025-05-09 14:31:36,15,2025-05-09 14:31:36.282,6810.0,3805,6800.0,10878,6780.0,250,6770.0,1389,6760.0,312,6820.0,12,6830.0,112,6840.0,3845,6850.0,7007,6860.0,20268,2025-05-09 14:31:36.182,,1411564410,206161,True,bid
1608,233385,1610847109,MERV - XMEV - GGAL - 24hs,6810.0,2025-05-09 14:31:36,15,2025-05-09 14:31:36.815,6810.0,3790,6800.0,10878,6780.0,250,6770.0,1389,6760.0,312,6820.0,12,6830.0,112,6840.0,3845,6850.0,7007,6860.0,20268,2025-05-09 14:31:36.682,,1411564410,206161,False,nan
1609,233450,1610847200,MERV - XMEV - GGAL - 24hs,6810.0,2025-05-09 14:31:36,15,2025-05-09 14:31:37.274,6810.0,3790,6800.0,10878,6780.0,250,6770.0,1389,6760.0,312,6820.0,12,6830.0,112,6840.0,3845,6850.0,7007,6860.0,20268,2025-05-09 14:31:37.182,,1411666560,206176,False,nan
1610,233497,1610847265,MERV - XMEV - GGAL - 24hs,6810.0,2025-05-09 14:31:37,790,2025-05-09 14:31:38.004,6810.0,3790,6800.0,10878,6780.0,250,6770.0,1389,6760.0,312,6820.0,12,6830.0,112,6840.0,3845,6850.0,7007,6860.0,20268,2025-05-09 14:31:37.906,,1411666560,206176,True,bid
1611,233559,1610847346,MERV - XMEV - GGAL - 24hs,6810.0,2025-05-09 14:31:37,113,2025-05-09 14:31:38.544,6810.0,2887,6800.0,10878,6780.0,250,6770.0,1389,6760.0,312,6820.0,12,6830.0,112,6840.0,3845,6850.0,7007,6860.0,19268,2025-05-09 14:31:38.406,,1411666560,206176,False,nan
1612,233614,1610847416,MERV - XMEV - GGAL - 24hs,6810.0,2025-05-09 14:31:38,649,2025-05-09 14:31:39.055,6810.0,2887,6800.0,10878,6780.0,250,6770.0,1389,6760.0,312,6820.0,12,6830.0,112,6840.0,3845,6850.0,7007,6860.0,19268,2025-05-09 14:31:38.907,,1422235680,207728,True,bid
1613,233642,1610847459,MERV - XMEV - GGAL - 24hs,6810.0,2025-05-09 14:31:38,649,2025-05-09 14:31:39.751,6810.0,2238,6800.0,10878,6780.0,250,6770.0,1389,6760.0,312,6820.0,12,6830.0,112,6840.0,3845,6850.0,7007,6860.0,20268,2025-05-09 14:31:39.654,,1422235680,207728,False,nan
1614,233965,1610847888,MERV - XMEV - GGAL - 24hs,6820.0,2025-05-09 14:31:41,1,2025-05-09 14:31:41.535,6810.0,2238,6800.0,10878,6780.0,250,6770.0,1389,6760.0,312,6820.0,12,6830.0,112,6840.0,3845,6850.0,7007,6860.0,20268,2025-05-09 14:31:41.300,,1422235680,207728,True,offer
1615,234059,1610848010,MERV - XMEV - GGAL - 24hs,6820.0,2025-05-09 14:31:41,1,2025-05-09 14:31:41.952,6810.0,2238,6800.0,10878,6780.0,250,6770.0,1389,6760.0,312,6820.0,11,6830.0,112,6840.0,3845,6850.0,10007,6860.0,20268,2025-05-09 14:31:41.863,,1422235680,207728,False,nan
1616,234123,1610848104,MERV - XMEV - GGAL - 24hs,6820.0,2025-05-09 14:31:41,1,2025-05-09 14:31:42.459,6810.0,2238,6800.0,10878,6780.0,250,6770.0,1389,6760.0,312,6820.0,11,6830.0,112,6840.0,3845,6850.0,10007,6860.0,20268,2025-05-09 14:31:42.361,,1422242500,207729,False,nan
1617,234706,1610848885,MERV - XMEV - GGAL - 24hs,6820.0,2025-05-09 14:31:41,1,2025-05-09 14:31:46.827,6810.0,2238,6800.0,10878,6780.0,250,6770.0,1389,6760.0,312,6820.0,11,6830.0,112,6840.0,3845,6850.0,5007,6860.0,10268,2025-05-09 14:31:46.743,,1422242500,207729,False,nan
1618,234772,1610848978,MERV - XMEV - GGAL - 24hs,6810.0,2025-05-09 14:31:46,75,2025-05-09 14:31:47.403,6810.0,2238,6800.0,10878,6780.0,250,6770.0,1389,6760.0,312,6820.0,11,6830.0,112,6840.0,3845,6850.0,5007,6860.0,10268,2025-05-09 14:31:47.319,,1422242500,207729,True,bid
1619,234821,1610849045,MERV - XMEV - GGAL - 24hs,6810.0,2025-05-09 14:31:47,1,2025-05-09 14:31:48.184,6810.0,2163,6800.0,10878,6780.0,250,6770.0,1389,6760.0,312,6820.0,11,6830.0,112,6840.0,3845,6850.0,5007,6860.0,10268,2025-05-09 14:31:48.030,,1422821450,207814,True,bid
1620,234874,1610849113,MERV - XMEV - GGAL - 24hs,6810.0,2025-05-09 14:31:47,1,2025-05-09 14:31:48.405,6810.0,2163,6800.0,10878,6780.0,250,6770.0,1389,6760.0,312,6820.0,11,6830.0,112,6840.0,3845,6850.0,5007,6860.0,10268,2025-05-09 14:31:48.321,,1422828260,207815,False,nan
1621,234933,1610849198,MERV - XMEV - GGAL - 24hs,6810.0,2025-05-09 14:31:47,1,2025-05-09 14:31:48.914,6810.0,2162,6800.0,10878,6780.0,250,6770.0,1389,6760.0,312,6820.0,1,6830.0,112,6840.0,3845,6850.0,5007,6860.0,10268,2025-05-09 14:31:48.820,,1422828260,207815,False,nan
1622,234986,1610849268,MERV - XMEV - GGAL - 24hs,6810.0,2025-05-09 14:31:47,1,2025-05-09 14:31:49.430,6810.0,2162,6800.0,10878,6790.0,7409,6780.0,250,6770.0,1389,6820.0,1,6830.0,112,6840.0,3845,6850.0,5007,6860.0,10268,2025-05-09 14:31:49.320,,1422828260,207815,False,nan
1623,235102,1610849417,MERV - XMEV - GGAL - 24hs,6810.0,2025-05-09 14:31:47,1,2025-05-09 14:31:50.527,6810.0,2162,6800.0,11570,6780.0,250,6770.0,1389,6760.0,312,6820.0,1,6830.0,112,6840.0,3845,6850.0,5007,6860.0,10268,2025-05-09 14:31:50.434,,1422828260,207815,False,nan
1624,235355,1610849757,MERV - XMEV - GGAL - 24hs,6820.0,2025-05-09 14:31:51,1,2025-05-09 14:31:52.675,6810.0,2162,6800.0,11570,6780.0,250,6770.0,1389,6760.0,312,6820.0,1,6830.0,112,6840.0,3845,6850.0,5007,6860.0,10268,2025-05-09 14:31:52.591,,1422828260,207815,True,offer
1625,235400,1610849816,MERV - XMEV - GGAL - 24hs,6830.0,2025-05-09 14:31:51,49,2025-05-09 14:31:53.176,6810.0,2162,6800.0,11570,6780.0,250,6770.0,1389,6760.0,312,6820.0,1,6830.0,112,6840.0,3845,6850.0,5007,6860.0,10268,2025-05-09 14:31:53.092,,1422828260,207815,False,nan
1626,235440,1610849881,MERV - XMEV - GGAL - 24hs,6830.0,2025-05-09 14:31:51,49,2025-05-09 14:31:53.831,6810.0,2238,6800.0,11570,6780.0,250,6770.0,1389,6760.0,305,6830.0,63,6840.0,3845,6850.0,5007,6860.0,10268,6870.0,17214,2025-05-09 14:31:53.707,,1422828260,207815,False,nan
1627,235569,1610850068,MERV - XMEV - GGAL - 24hs,6830.0,2025-05-09 14:31:51,49,2025-05-09 14:31:54.400,6810.0,2238,6800.0,11570,6780.0,250,6770.0,1389,6760.0,305,6830.0,63,6840.0,3845,6850.0,5007,6860.0,10268,6870.0,17214,2025-05-09 14:31:54.208,,1423169750,207865,False,nan
1628,235641,1610850162,MERV - XMEV - GGAL - 24hs,6830.0,2025-05-09 14:31:54,3,2025-05-09 14:31:54.873,6810.0,2238,6800.0,11570,6780.0,250,6770.0,1389,6760.0,305,6830.0,63,6840.0,3845,6850.0,5007,6860.0,10268,6870.0,17214,2025-05-09 14:31:54.785,,1423169750,207865,True,offer
1629,235696,1610850239,MERV - XMEV - GGAL - 24hs,6830.0,2025-05-09 14:31:54,3,2025-05-09 14:31:55.365,6810.0,2238,6800.0,11570,6790.0,15000,6780.0,250,6770.0,1389,6830.0,60,6840.0,3845,6850.0,5007,6860.0,10268,6870.0,17214,2025-05-09 14:31:55.281,,1423169750,207865,False,nan
1630,235731,1610850288,MERV - XMEV - GGAL - 24hs,6830.0,2025-05-09 14:31:54,3,2025-05-09 14:31:55.866,6810.0,2238,6800.0,11570,6790.0,15000,6780.0,250,6770.0,1389,6830.0,60,6840.0,3845,6850.0,5007,6860.0,10268,6870.0,17214,2025-05-09 14:31:55.781,,1423190240,207868,False,nan
1631,236230,1610850975,MERV - XMEV - GGAL - 24hs,6830.0,2025-05-09 14:31:54,3,2025-05-09 14:32:00.514,6810.0,2238,6800.0,11647,6790.0,15000,6780.0,250,6770.0,1389,6830.0,60,6840.0,3845,6850.0,5007,6860.0,10268,6870.0,17214,2025-05-09 14:32:00.429,,1423190240,207868,False,nan
1632,236335,1610851119,MERV - XMEV - GGAL - 24hs,6830.0,2025-05-09 14:32:01,36,2025-05-09 14:32:01.666,6810.0,2238,6800.0,11647,6790.0,15000,6780.0,250,6770.0,1389,6830.0,60,6840.0,3845,6850.0,5007,6860.0,10268,6870.0,17214,2025-05-09 14:32:01.453,,1423190240,207868,True,offer
1633,236373,1610851166,MERV - XMEV - GGAL - 24hs,6830.0,2025-05-09 14:32:01,36,2025-05-09 14:32:02.040,6810.0,2238,6800.0,11647,6790.0,15000,6780.0,250,6770.0,1389,6830.0,24,6840.0,3845,6850.0,5007,6860.0,10268,6870.0,17214,2025-05-09 14:32:01.953,,1423190240,207868,False,nan
1634,236442,1610851259,MERV - XMEV - GGAL - 24hs,6830.0,2025-05-09 14:32:01,36,2025-05-09 14:32:02.559,6810.0,2238,6800.0,11647,6790.0,15000,6780.0,250,6770.0,1389,6830.0,24,6840.0,3845,6850.0,5007,6860.0,10268,6870.0,17214,2025-05-09 14:32:02.453,,1423436120,207904,False,nan
1635,236590,1610851474,MERV - XMEV - GGAL - 24hs,6830.0,2025-05-09 14:32:03,24,2025-05-09 14:32:03.790,6810.0,2238,6800.0,11647,6790.0,15000,6780.0,250,6770.0,1389,6830.0,24,6840.0,3845,6850.0,5007,6860.0,10268,6870.0,17214,2025-05-09 14:32:03.706,,1423436120,207904,True,offer
1636,236647,1610851559,MERV - XMEV - GGAL - 24hs,6840.0,2025-05-09 14:32:03,198,2025-05-09 14:32:04.291,6810.0,2238,6800.0,11647,6790.0,15000,6780.0,250,6770.0,1389,6840.0,3147,6850.0,5007,6860.0,10268,6870.0,17214,6880.0,11514,2025-05-09 14:32:04.206,,1423436120,207904,False,nan
1637,236703,1610851646,MERV - XMEV - GGAL - 24hs,6840.0,2025-05-09 14:32:03,198,2025-05-09 14:32:04.791,6810.0,2238,6800.0,11647,6790.0,15000,6780.0,250,6770.0,1389,6840.0,3147,6850.0,5007,6860.0,10268,6870.0,17214,6880.0,11514,2025-05-09 14:32:04.706,,1428374360,208626,False,nan
1638,236765,1610851728,MERV - XMEV - GGAL - 24hs,6840.0,2025-05-09 14:32:03,198,2025-05-09 14:32:05.506,6810.0,2238,6800.0,11647,6790.0,15000,6780.0,250,6770.0,1389,6830.0,195,6840.0,3147,6850.0,5007,6860.0,10268,6870.0,17214,2025-05-09 14:32:05.418,,1428374360,208626,False,nan
1639,237120,1610852212,MERV - XMEV - GGAL - 24hs,6840.0,2025-05-09 14:32:03,198,2025-05-09 14:32:08.411,6810.0,2238,6800.0,11647,6790.0,15033,6780.0,250,6770.0,1389,6830.0,195,6840.0,3147,6850.0,5007,6860.0,10268,6870.0,17214,2025-05-09 14:32:08.325,,1428374360,208626,False,nan
1640,238069,1610853616,MERV - XMEV - GGAL - 24hs,6840.0,2025-05-09 14:32:03,198,2025-05-09 14:32:17.227,6810.0,2337,6800.0,11647,6790.0,15033,6780.0,250,6770.0,200,6830.0,195,6840.0,3147,6850.0,5007,6860.0,10268,6870.0,17214,2025-05-09 14:32:17.132,,1428374360,208626,False,nan
1641,238434,1610854110,MERV - XMEV - GGAL - 24hs,6840.0,2025-05-09 14:32:03,198,2025-05-09 14:32:20.199,6810.0,2337,6800.0,12341,6790.0,15033,6780.0,250,6770.0,200,6830.0,195,6840.0,3147,6850.0,5007,6860.0,10268,6870.0,17214,2025-05-09 14:32:20.108,,1428374360,208626,False,nan
1642,239239,1610855206,MERV - XMEV - GGAL - 24hs,6840.0,2025-05-09 14:32:03,198,2025-05-09 14:32:27.581,6810.0,2337,6800.0,12344,6790.0,15033,6780.0,250,6770.0,200,6830.0,195,6840.0,3147,6850.0,5007,6860.0,10268,6870.0,17214,2025-05-09 14:32:27.493,,1428374360,208626,False,nan
1643,239292,1610855280,MERV - XMEV - GGAL - 24hs,6810.0,2025-05-09 14:32:27,14,2025-05-09 14:32:28.079,6810.0,2337,6800.0,12344,6790.0,15033,6780.0,250,6770.0,200,6830.0,195,6840.0,3147,6850.0,5007,6860.0,10268,6870.0,17214,2025-05-09 14:32:27.992,,1428374360,208626,True,bid
1644,239345,1610855359,MERV - XMEV - GGAL - 24hs,6810.0,2025-05-09 14:32:27,14,2025-05-09 14:32:28.577,6810.0,3896,6800.0,12344,6790.0,15033,6780.0,250,6770.0,200,6830.0,195,6840.0,3147,6850.0,5007,6860.0,10268,6870.0,17214,2025-05-09 14:32:28.492,,1428374360,208626,False,nan
1645,239386,1610855411,MERV - XMEV - GGAL - 24hs,6810.0,2025-05-09 14:32:27,14,2025-05-09 14:32:29.077,6810.0,3896,6800.0,12344,6790.0,15033,6780.0,250,6770.0,200,6830.0,195,6840.0,3147,6850.0,5007,6860.0,10268,6870.0,17214,2025-05-09 14:32:28.992,,1428469700,208640,False,nan
1646,239582,1610855691,MERV - XMEV - GGAL - 24hs,6810.0,2025-05-09 14:32:31,667,2025-05-09 14:32:31.360,6810.0,3896,6800.0,12344,6790.0,15033,6780.0,250,6770.0,200,6830.0,195,6840.0,3147,6850.0,5007,6860.0,10268,6870.0,17214,2025-05-09 14:32:31.273,,1428469700,208640,True,bid
1647,239647,1610855778,MERV - XMEV - GGAL - 24hs,6810.0,2025-05-09 14:32:31,667,2025-05-09 14:32:32.024,6810.0,3229,6800.0,12344,6790.0,15033,6780.0,250,6770.0,200,6830.0,195,6840.0,3147,6850.0,5007,6860.0,10268,6870.0,17214,2025-05-09 14:32:31.937,,1428469700,208640,False,nan
1648,239695,1610855841,MERV - XMEV - GGAL - 24hs,6810.0,2025-05-09 14:32:31,667,2025-05-09 14:32:32.534,6810.0,3229,6800.0,12344,6790.0,15033,6780.0,250,6770.0,200,6830.0,195,6840.0,3147,6850.0,5007,6860.0,10268,6870.0,17214,2025-05-09 14:32:32.437,,1433011970,209307,False,nan
1649,239765,1610855933,MERV - XMEV - GGAL - 24hs,6830.0,2025-05-09 14:32:32,6,2025-05-09 14:32:33.023,6810.0,3229,6800.0,12344,6790.0,15033,6780.0,250,6770.0,200,6830.0,189,6840.0,3147,6850.0,5007,6860.0,5268,6870.0,7214,2025-05-09 14:32:32.937,,1433011970,209307,True,offer
1650,239870,1610856075,MERV - XMEV - GGAL - 24hs,6830.0,2025-05-09 14:32:32,6,2025-05-09 14:32:33.534,6810.0,3229,6800.0,12344,6790.0,15033,6780.0,250,6770.0,200,6830.0,189,6840.0,3147,6850.0,5007,6860.0,5268,6870.0,7214,2025-05-09 14:32:33.437,,1433052950,209313,False,nan
1651,239951,1610856186,MERV - XMEV - GGAL - 24hs,6830.0,2025-05-09 14:32:32,6,2025-05-09 14:32:34.028,6810.0,3229,6800.0,27344,6790.0,33,6780.0,250,6770.0,200,6830.0,189,6840.0,3147,6850.0,5007,6860.0,5268,6870.0,2214,2025-05-09 14:32:33.937,,1433052950,209313,False,nan
1652,240044,1610856308,MERV - XMEV - GGAL - 24hs,6830.0,2025-05-09 14:32:32,6,2025-05-09 14:32:34.531,6810.0,3229,6800.0,26997,6790.0,33,6780.0,250,6770.0,200,6830.0,189,6840.0,3147,6850.0,5007,6860.0,5268,6870.0,2214,2025-05-09 14:32:34.437,,1433052950,209313,False,nan
1653,240536,1610857060,MERV - XMEV - GGAL - 24hs,6830.0,2025-05-09 14:32:32,6,2025-05-09 14:32:38.290,6810.0,3229,6800.0,27344,6790.0,33,6780.0,250,6770.0,200,6830.0,189,6840.0,3147,6850.0,5007,6860.0,5268,6870.0,2214,2025-05-09 14:32:38.140,,1433052950,209313,False,nan
1654,240942,1610857618,MERV - XMEV - GGAL - 24hs,6830.0,2025-05-09 14:32:32,6,2025-05-09 14:32:41.259,6820.0,167,6810.0,18153,6800.0,12344,6790.0,33,6780.0,257,6830.0,189,6840.0,3147,6850.0,5007,6860.0,5268,6870.0,2214,2025-05-09 14:32:41.174,,1433052950,209313,False,nan
1655,241015,1610857712,MERV - XMEV - GGAL - 24hs,6830.0,2025-05-09 14:32:41,1,2025-05-09 14:32:41.968,6820.0,167,6810.0,18153,6800.0,12344,6790.0,33,6780.0,257,6830.0,189,6840.0,3147,6850.0,5007,6860.0,5268,6870.0,2214,2025-05-09 14:32:41.884,,1433052950,209313,True,offer
1656,241096,1610857846,MERV - XMEV - GGAL - 24hs,6830.0,2025-05-09 14:32:41,1,2025-05-09 14:32:42.649,6820.0,167,6810.0,18153,6800.0,12344,6790.0,33,6780.0,257,6830.0,188,6840.0,3147,6850.0,5007,6860.0,5268,6870.0,2214,2025-05-09 14:32:42.543,,1433052950,209313,False,nan
1657,241146,1610857915,MERV - XMEV - GGAL - 24hs,6830.0,2025-05-09 14:32:41,1,2025-05-09 14:32:43.136,6820.0,167,6810.0,18153,6800.0,12344,6790.0,33,6780.0,257,6830.0,188,6840.0,3147,6850.0,5007,6860.0,5268,6870.0,2214,2025-05-09 14:32:43.043,,1433059780,209314,False,nan
1658,241230,1610858038,MERV - XMEV - GGAL - 24hs,6830.0,2025-05-09 14:32:41,1,2025-05-09 14:32:43.984,6820.0,15167,6810.0,3153,6800.0,12344,6790.0,33,6780.0,257,6830.0,188,6840.0,3147,6850.0,5007,6860.0,5268,6870.0,2214,2025-05-09 14:32:43.893,,1433059780,209314,False,nan
1659,241284,1610858117,MERV - XMEV - GGAL - 24hs,6830.0,2025-05-09 14:32:41,1,2025-05-09 14:32:44.693,6820.0,167,6810.0,18153,6800.0,12344,6790.0,33,6780.0,257,6830.0,188,6840.0,3147,6850.0,5007,6860.0,5268,6870.0,2214,2025-05-09 14:32:44.609,,1433059780,209314,False,nan
1660,241535,1610858498,MERV - XMEV - GGAL - 24hs,6830.0,2025-05-09 14:32:41,1,2025-05-09 14:32:47.331,6820.0,167,6810.0,18153,6800.0,12344,6790.0,33,6780.0,257,6830.0,188,6840.0,3147,6850.0,6248,6860.0,5268,6870.0,2214,2025-05-09 14:32:47.206,,1433059780,209314,False,nan
1661,241604,1610858589,MERV - XMEV - GGAL - 24hs,6830.0,2025-05-09 14:32:47,2,2025-05-09 14:32:47.790,6820.0,167,6810.0,18153,6800.0,12344,6790.0,33,6780.0,257,6830.0,188,6840.0,3147,6850.0,6248,6860.0,5268,6870.0,2214,2025-05-09 14:32:47.705,,1433059780,209314,True,offer
1662,241652,1610858659,MERV - XMEV - GGAL - 24hs,6830.0,2025-05-09 14:32:47,2,2025-05-09 14:32:48.293,6820.0,167,6810.0,18153,6800.0,12344,6790.0,33,6780.0,257,6830.0,186,6840.0,3147,6850.0,6248,6860.0,5268,6870.0,2214,2025-05-09 14:32:48.206,,1433073440,209316,False,nan
1663,241719,1610858749,MERV - XMEV - GGAL - 24hs,6830.0,2025-05-09 14:32:47,2,2025-05-09 14:32:48.790,6820.0,667,6810.0,18153,6800.0,12344,6790.0,33,6780.0,257,6830.0,186,6840.0,3147,6850.0,6248,6860.0,5268,6870.0,2214,2025-05-09 14:32:48.705,,1433073440,209316,False,nan
1664,241783,1610858842,MERV - XMEV - GGAL - 24hs,6830.0,2025-05-09 14:32:47,2,2025-05-09 14:32:49.545,6820.0,667,6810.0,18253,6800.0,12344,6790.0,33,6780.0,257,6830.0,686,6840.0,3147,6850.0,6248,6860.0,5268,6870.0,2214,2025-05-09 14:32:49.452,,1433073440,209316,False,nan
1665,241860,1610858949,MERV - XMEV - GGAL - 24hs,6830.0,2025-05-09 14:32:49,10,2025-05-09 14:32:50.035,6820.0,667,6810.0,18253,6800.0,12344,6790.0,33,6780.0,257,6830.0,686,6840.0,3147,6850.0,6248,6860.0,5268,6870.0,2214,2025-05-09 14:32:49.951,,1433073440,209316,True,offer
1666,241910,1610859020,MERV - XMEV - GGAL - 24hs,6830.0,2025-05-09 14:32:49,10,2025-05-09 14:32:50.589,6820.0,667,6810.0,18253,6800.0,12344,6790.0,33,6780.0,257,6830.0,676,6840.0,3147,6850.0,6248,6860.0,5268,6870.0,2214,2025-05-09 14:32:50.504,,1433073440,209316,False,nan
1667,241951,1610859075,MERV - XMEV - GGAL - 24hs,6830.0,2025-05-09 14:32:49,10,2025-05-09 14:32:51.091,6820.0,667,6810.0,18253,6800.0,12344,6790.0,33,6780.0,257,6830.0,676,6840.0,3147,6850.0,6248,6860.0,5268,6870.0,2214,2025-05-09 14:32:51.005,,1433141740,209326,False,nan
1668,242052,1610859226,MERV - XMEV - GGAL - 24hs,6830.0,2025-05-09 14:32:49,10,2025-05-09 14:32:51.796,6820.0,667,6810.0,18253,6800.0,13037,6790.0,33,6780.0,257,6830.0,676,6840.0,3147,6850.0,6248,6860.0,5268,6870.0,2214,2025-05-09 14:32:51.708,,1433141740,209326,False,nan
1669,242285,1610859558,MERV - XMEV - GGAL - 24hs,6830.0,2025-05-09 14:32:49,10,2025-05-09 14:32:53.716,6820.0,667,6810.0,18253,6800.0,16001,6790.0,33,6780.0,257,6830.0,876,6840.0,3147,6850.0,6248,6860.0,5268,6870.0,2214,2025-05-09 14:32:53.626,,1433141740,209326,False,nan
1670,242397,1610859720,MERV - XMEV - GGAL - 24hs,6830.0,2025-05-09 14:32:49,10,2025-05-09 14:32:54.711,6820.0,767,6810.0,18253,6800.0,16001,6790.0,33,6780.0,257,6830.0,876,6840.0,3147,6850.0,6248,6860.0,5268,6870.0,2214,2025-05-09 14:32:54.624,,1433141740,209326,False,nan
1671,242576,1610860055,MERV - XMEV - GGAL - 24hs,6830.0,2025-05-09 14:32:49,10,2025-05-09 14:32:56.516,6820.0,767,6810.0,18253,6800.0,16101,6790.0,33,6780.0,257,6830.0,876,6840.0,3147,6850.0,6248,6860.0,5268,6870.0,2214,2025-05-09 14:32:56.411,,1433141740,209326,False,nan
1672,242627,1610860127,MERV - XMEV - GGAL - 24hs,6840.0,2025-05-09 14:32:56,497,2025-05-09 14:32:57.014,6820.0,767,6810.0,18253,6800.0,16101,6790.0,33,6780.0,257,6830.0,876,6840.0,3147,6850.0,6248,6860.0,5268,6870.0,2214,2025-05-09 14:32:56.911,,1435689330,209699,True,offer
1673,242694,1610860231,MERV - XMEV - GGAL - 24hs,6840.0,2025-05-09 14:32:57,9,2025-05-09 14:32:57.511,6820.0,767,6810.0,18253,6800.0,16101,6790.0,33,6780.0,257,6830.0,876,6840.0,3147,6850.0,6248,6860.0,5268,6870.0,2214,2025-05-09 14:32:57.411,,1447223380,211386,True,offer
1674,242812,1610860405,MERV - XMEV - GGAL - 24hs,6840.0,2025-05-09 14:32:57,5,2025-05-09 14:32:58.054,6830.0,14497,6820.0,767,6810.0,3253,6800.0,16101,6790.0,33,6840.0,701,6850.0,6248,6860.0,5268,6870.0,2214,6880.0,10514,2025-05-09 14:32:57.911,,1460609260,213343,False,nan
1675,242885,1610860505,MERV - XMEV - GGAL - 24hs,6850.0,2025-05-09 14:32:58,1029,2025-05-09 14:32:58.498,6830.0,18208,6820.0,767,6810.0,3253,6800.0,11058,6790.0,33,6840.0,1,6850.0,6248,6860.0,5268,6870.0,2214,6880.0,10514,2025-05-09 14:32:58.411,,1463273850,213732,True,offer
1676,242962,1610860619,MERV - XMEV - GGAL - 24hs,6850.0,2025-05-09 14:32:58,3,2025-05-09 14:32:59.019,6840.0,385,6830.0,14497,6820.0,767,6810.0,3253,6800.0,11058,6850.0,1,6860.0,5268,6870.0,2214,6880.0,10514,6890.0,10633,2025-05-09 14:32:58.911,,1503421700,219593,False,nan
1677,243063,1610860759,MERV - XMEV - GGAL - 24hs,6850.0,2025-05-09 14:32:58,3,2025-05-09 14:32:59.497,6830.0,14882,6820.0,767,6810.0,3253,6800.0,11058,6790.0,33,6850.0,1,6860.0,5268,6870.0,2214,6880.0,10514,6890.0,10633,2025-05-09 14:32:59.412,,1503442250,219596,False,nan
1678,243400,1610861341,MERV - XMEV - GGAL - 24hs,6850.0,2025-05-09 14:33:02,1,2025-05-09 14:33:02.958,6830.0,14882,6820.0,767,6810.0,3253,6800.0,11058,6790.0,33,6850.0,1,6860.0,5268,6870.0,2214,6880.0,10514,6890.0,10633,2025-05-09 14:33:02.872,,1503442250,219596,True,offer
1679,243442,1610861412,MERV - XMEV - GGAL - 24hs,6860.0,2025-05-09 14:33:02,9,2025-05-09 14:33:03.461,6830.0,14882,6820.0,767,6810.0,3253,6800.0,11058,6790.0,133,6860.0,5255,6870.0,2214,6880.0,10514,6890.0,10633,6900.0,30061,2025-05-09 14:33:03.377,,1503442250,219596,False,nan
1680,243498,1610861493,MERV - XMEV - GGAL - 24hs,6860.0,2025-05-09 14:33:02,9,2025-05-09 14:33:03.958,6830.0,14882,6820.0,767,6810.0,3253,6800.0,11058,6790.0,133,6860.0,5255,6870.0,2214,6880.0,10514,6890.0,10633,6900.0,30061,2025-05-09 14:33:03.872,,1503538280,219610,False,nan
1681,243962,1610862203,MERV - XMEV - GGAL - 24hs,6860.0,2025-05-09 14:33:02,9,2025-05-09 14:33:08.525,6830.0,385,6820.0,767,6810.0,17750,6800.0,11058,6790.0,133,6860.0,5255,6870.0,2214,6880.0,10514,6890.0,10633,6900.0,30061,2025-05-09 14:33:08.432,,1503538280,219610,False,nan
1682,244085,1610862360,MERV - XMEV - GGAL - 24hs,6860.0,2025-05-09 14:33:02,9,2025-05-09 14:33:09.452,6820.0,1228,6810.0,17750,6800.0,11058,6790.0,133,6780.0,250,6860.0,5255,6870.0,2214,6880.0,10514,6890.0,10633,6900.0,30061,2025-05-09 14:33:09.364,,1503538280,219610,False,nan
1683,244289,1610862658,MERV - XMEV - GGAL - 24hs,6860.0,2025-05-09 14:33:02,9,2025-05-09 14:33:11.358,6830.0,385,6820.0,843,6810.0,17750,6800.0,11058,6790.0,133,6860.0,5255,6870.0,2214,6880.0,10514,6890.0,10633,6900.0,30061,2025-05-09 14:33:11.246,,1503538280,219610,False,nan
1684,244347,1610862755,MERV - XMEV - GGAL - 24hs,6860.0,2025-05-09 14:33:02,9,2025-05-09 14:33:12.037,6820.0,576,6810.0,17651,6800.0,11366,6790.0,100,6780.0,250,6860.0,5255,6870.0,2214,6880.0,10514,6890.0,10633,6900.0,30061,2025-05-09 14:33:11.943,,1503538280,219610,False,nan
1685,244409,1610862842,MERV - XMEV - GGAL - 24hs,6860.0,2025-05-09 14:33:02,9,2025-05-09 14:33:12.703,6820.0,576,6810.0,18036,6800.0,10981,6790.0,100,6780.0,250,6860.0,5255,6870.0,2214,6880.0,10514,6890.0,10633,6900.0,30061,2025-05-09 14:33:12.617,,1503538280,219610,False,nan
1686,244457,1610862911,MERV - XMEV - GGAL - 24hs,6860.0,2025-05-09 14:33:13,16,2025-05-09 14:33:13.264,6820.0,576,6810.0,18036,6800.0,10981,6790.0,100,6780.0,250,6860.0,5255,6870.0,2214,6880.0,10514,6890.0,10633,6900.0,30061,2025-05-09 14:33:13.180,,1503538280,219610,True,offer
1687,244562,1610863052,MERV - XMEV - GGAL - 24hs,6860.0,2025-05-09 14:33:13,16,2025-05-09 14:33:13.766,6820.0,961,6810.0,17651,6800.0,10981,6790.0,100,6780.0,250,6860.0,5239,6870.0,2214,6880.0,10514,6890.0,10633,6900.0,30061,2025-05-09 14:33:13.680,,1503538280,219610,False,nan
1688,244616,1610863131,MERV - XMEV - GGAL - 24hs,6860.0,2025-05-09 14:33:13,16,2025-05-09 14:33:14.265,6820.0,961,6810.0,17651,6800.0,10981,6790.0,100,6780.0,250,6860.0,5239,6870.0,2214,6880.0,10514,6890.0,10633,6900.0,30061,2025-05-09 14:33:14.180,,1503648040,219626,False,nan
1689,244658,1610863195,MERV - XMEV - GGAL - 24hs,6860.0,2025-05-09 14:33:13,16,2025-05-09 14:33:14.765,6830.0,14497,6820.0,961,6810.0,3154,6800.0,10981,6790.0,100,6860.0,5239,6870.0,2214,6880.0,10514,6890.0,10633,6900.0,30061,2025-05-09 14:33:14.681,,1503648040,219626,False,nan
1690,244848,1610863469,MERV - XMEV - GGAL - 24hs,6860.0,2025-05-09 14:33:16,25,2025-05-09 14:33:16.118,6830.0,14497,6820.0,961,6810.0,3154,6800.0,10981,6790.0,100,6860.0,5239,6870.0,2214,6880.0,10514,6890.0,10633,6900.0,30061,2025-05-09 14:33:16.034,,1503648040,219626,True,offer
1691,244895,1610863534,MERV - XMEV - GGAL - 24hs,6860.0,2025-05-09 14:33:16,11,2025-05-09 14:33:16.630,6830.0,14497,6820.0,961,6810.0,3154,6800.0,10981,6790.0,100,6860.0,5239,6870.0,2214,6880.0,10514,6890.0,10633,6900.0,30061,2025-05-09 14:33:16.535,,1503648040,219626,False,nan
1692,244952,1610863614,MERV - XMEV - GGAL - 24hs,6860.0,2025-05-09 14:33:16,11,2025-05-09 14:33:17.123,6830.0,14882,6820.0,576,6810.0,3154,6800.0,10981,6790.0,100,6860.0,5203,6870.0,2214,6880.0,10514,6890.0,10633,6900.0,30061,2025-05-09 14:33:17.034,,1503895000,219662,False,nan
1693,245009,1610863701,MERV - XMEV - GGAL - 24hs,6860.0,2025-05-09 14:33:16,11,2025-05-09 14:33:17.620,6830.0,14882,6820.0,676,6810.0,3154,6800.0,10981,6790.0,100,6860.0,5203,6870.0,2214,6880.0,10514,6890.0,10633,6900.0,30061,2025-05-09 14:33:17.534,,1503895000,219662,False,nan
1694,245425,1610864311,MERV - XMEV - GGAL - 24hs,6860.0,2025-05-09 14:33:16,11,2025-05-09 14:33:21.794,6830.0,14497,6820.0,1061,6810.0,3154,6800.0,10981,6790.0,100,6860.0,5203,6870.0,2214,6880.0,10514,6890.0,10633,6900.0,30061,2025-05-09 14:33:21.679,,1503895000,219662,False,nan
1695,245482,1610864433,MERV - XMEV - GGAL - 24hs,6860.0,2025-05-09 14:33:16,11,2025-05-09 14:33:22.171,6830.0,14497,6820.0,676,6810.0,5039,6800.0,10981,6790.0,100,6860.0,5203,6870.0,2214,6880.0,10514,6890.0,10633,6900.0,30061,2025-05-09 14:33:21.950,,1503895000,219662,False,nan
1696,245679,1610864701,MERV - XMEV - GGAL - 24hs,6860.0,2025-05-09 14:33:23,4,2025-05-09 14:33:23.833,6830.0,14497,6820.0,676,6810.0,5039,6800.0,10981,6790.0,100,6860.0,5203,6870.0,2214,6880.0,10514,6890.0,10633,6900.0,30061,2025-05-09 14:33:23.748,,1503895000,219662,True,offer
1697,245717,1610864751,MERV - XMEV - GGAL - 24hs,6830.0,2025-05-09 14:33:23,150,2025-05-09 14:33:24.334,6830.0,14497,6820.0,676,6810.0,5039,6800.0,10981,6790.0,100,6860.0,5203,6870.0,2214,6880.0,10514,6890.0,10633,6900.0,30061,2025-05-09 14:33:24.249,,1503922440,219666,False,nan
1698,245855,1610864929,MERV - XMEV - GGAL - 24hs,6830.0,2025-05-09 14:33:23,150,2025-05-09 14:33:24.919,6830.0,14347,6820.0,676,6810.0,5039,6800.0,10981,6790.0,100,6860.0,5199,6870.0,2214,6880.0,10514,6890.0,10633,6900.0,30061,2025-05-09 14:33:24.758,,1504946940,219816,False,nan
1699,246141,1610865366,MERV - XMEV - GGAL - 24hs,6860.0,2025-05-09 14:33:26,19,2025-05-09 14:33:27.086,6830.0,14347,6820.0,676,6810.0,5039,6800.0,10981,6790.0,100,6860.0,5199,6870.0,2214,6880.0,10514,6890.0,10633,6900.0,30061,2025-05-09 14:33:26.993,,1504946940,219816,True,offer
1700,246214,1610865468,MERV - XMEV - GGAL - 24hs,6860.0,2025-05-09 14:33:26,19,2025-05-09 14:33:27.753,6830.0,14347,6820.0,676,6810.0,5039,6800.0,10981,6790.0,100,6860.0,5180,6870.0,2214,6880.0,10514,6890.0,10633,6900.0,30061,2025-05-09 14:33:27.660,,1504946940,219816,False,nan
1701,246261,1610865547,MERV - XMEV - GGAL - 24hs,6860.0,2025-05-09 14:33:26,19,2025-05-09 14:33:28.253,6830.0,14347,6820.0,676,6810.0,5039,6800.0,10981,6790.0,100,6860.0,5180,6870.0,2214,6880.0,10514,6890.0,10633,6900.0,30061,2025-05-09 14:33:28.162,,1505077280,219835,False,nan
1702,246306,1610865614,MERV - XMEV - GGAL - 24hs,6860.0,2025-05-09 14:33:26,19,2025-05-09 14:33:28.745,6830.0,14347,6820.0,676,6810.0,5039,6800.0,10981,6790.0,100,6860.0,4980,6870.0,2214,6880.0,10514,6890.0,8633,6900.0,30061,2025-05-09 14:33:28.661,,1505077280,219835,False,nan
1703,246575,1610865998,MERV - XMEV - GGAL - 24hs,6860.0,2025-05-09 14:33:26,19,2025-05-09 14:33:31.602,6830.0,14347,6820.0,676,6810.0,5039,6800.0,10981,6790.0,100,6860.0,5680,6870.0,2214,6880.0,10514,6890.0,8633,6900.0,30061,2025-05-09 14:33:31.511,,1505077280,219835,False,nan
1704,246719,1610866205,MERV - XMEV - GGAL - 24hs,6860.0,2025-05-09 14:33:26,19,2025-05-09 14:33:32.782,6830.0,14347,6820.0,676,6810.0,5039,6800.0,10981,6790.0,100,6860.0,5680,6870.0,2014,6880.0,10514,6890.0,6770,6900.0,30061,2025-05-09 14:33:32.688,,1505077280,219835,False,nan
1705,246878,1610866420,MERV - XMEV - GGAL - 24hs,6860.0,2025-05-09 14:33:34,3500,2025-05-09 14:33:34.128,6830.0,14347,6820.0,676,6810.0,5039,6800.0,10981,6790.0,100,6860.0,5680,6870.0,2014,6880.0,10514,6890.0,6770,6900.0,30061,2025-05-09 14:33:34.043,,1505077280,219835,True,offer
1706,246932,1610866505,MERV - XMEV - GGAL - 24hs,6860.0,2025-05-09 14:33:34,3500,2025-05-09 14:33:34.792,6830.0,14347,6820.0,676,6810.0,5039,6800.0,10981,6790.0,100,6860.0,2180,6870.0,2014,6880.0,10514,6890.0,6770,6900.0,30061,2025-05-09 14:33:34.705,,1505077280,219835,False,nan
1707,246977,1610866565,MERV - XMEV - GGAL - 24hs,6860.0,2025-05-09 14:33:34,3500,2025-05-09 14:33:35.289,6830.0,14347,6820.0,676,6810.0,5039,6800.0,10981,6790.0,100,6860.0,2180,6870.0,2014,6880.0,10514,6890.0,6770,6900.0,30061,2025-05-09 14:33:35.205,,1529087280,223335,False,nan
1708,247220,1610866936,MERV - XMEV - GGAL - 24hs,6860.0,2025-05-09 14:33:37,5,2025-05-09 14:33:38.000,6830.0,14347,6820.0,676,6810.0,5039,6800.0,10981,6790.0,100,6860.0,2180,6870.0,2014,6880.0,10514,6890.0,6770,6900.0,30061,2025-05-09 14:33:37.912,,1529087280,223335,True,offer
1709,247282,1610867039,MERV - XMEV - GGAL - 24hs,6860.0,2025-05-09 14:33:37,5,2025-05-09 14:33:38.675,6830.0,14347,6820.0,676,6810.0,5039,6800.0,10981,6790.0,100,6860.0,2180,6870.0,2014,6880.0,10514,6890.0,6770,6900.0,30061,2025-05-09 14:33:38.581,,1529121580,223340,False,nan
1710,247374,1610867167,MERV - XMEV - GGAL - 24hs,6860.0,2025-05-09 14:33:37,5,2025-05-09 14:33:39.175,6830.0,14347,6820.0,676,6810.0,5039,6800.0,10981,6790.0,100,6860.0,2175,6870.0,2014,6880.0,10514,6890.0,6770,6900.0,32061,2025-05-09 14:33:39.082,,1529121580,223340,False,nan
1711,247565,1610867465,MERV - XMEV - GGAL - 24hs,6860.0,2025-05-09 14:33:37,5,2025-05-09 14:33:41.307,6840.0,500,6830.0,14347,6820.0,676,6810.0,5039,6800.0,10981,6860.0,2175,6870.0,2014,6880.0,10514,6890.0,6770,6900.0,32061,2025-05-09 14:33:41.222,,1529121580,223340,False,nan
1712,247833,1610867874,MERV - XMEV - GGAL - 24hs,6860.0,2025-05-09 14:33:37,5,2025-05-09 14:33:44.436,6840.0,500,6830.0,14347,6820.0,1552,6810.0,5039,6800.0,10981,6860.0,2175,6870.0,3877,6880.0,10514,6890.0,6770,6900.0,32061,2025-05-09 14:33:44.347,,1529121580,223340,False,nan
1713,247932,1610868030,MERV - XMEV - GGAL - 24hs,6860.0,2025-05-09 14:33:37,5,2025-05-09 14:33:45.847,6840.0,500,6830.0,14347,6820.0,1552,6810.0,5039,6800.0,3103,6860.0,2175,6870.0,3877,6880.0,10514,6890.0,6770,6900.0,32061,2025-05-09 14:33:45.762,,1529121580,223340,False,nan
1714,248022,1610868166,MERV - XMEV - GGAL - 24hs,6860.0,2025-05-09 14:33:37,5,2025-05-09 14:33:46.980,6840.0,500,6830.0,14347,6820.0,1937,6810.0,4654,6800.0,3103,6860.0,2175,6870.0,3877,6880.0,10514,6890.0,6770,6900.0,32061,2025-05-09 14:33:46.885,,1529121580,223340,False,nan
1715,248461,1610868857,MERV - XMEV - GGAL - 24hs,6860.0,2025-05-09 14:33:37,5,2025-05-09 14:33:51.960,6840.0,777,6830.0,14347,6820.0,1937,6810.0,4654,6800.0,3103,6860.0,2175,6870.0,3877,6880.0,10514,6890.0,6770,6900.0,32061,2025-05-09 14:33:51.874,,1529121580,223340,False,nan
1716,248578,1610869062,MERV - XMEV - GGAL - 24hs,6860.0,2025-05-09 14:33:37,5,2025-05-09 14:33:53.202,6840.0,777,6830.0,14347,6820.0,1937,6810.0,4754,6800.0,3103,6860.0,2175,6870.0,3877,6880.0,11014,6890.0,6770,6900.0,32061,2025-05-09 14:33:53.117,,1529121580,223340,False,nan
1717,248664,1610869184,MERV - XMEV - GGAL - 24hs,6840.0,2025-05-09 14:33:53,2,2025-05-09 14:33:53.904,6840.0,777,6830.0,14347,6820.0,1937,6810.0,4754,6800.0,3103,6860.0,2175,6870.0,3877,6880.0,11014,6890.0,6770,6900.0,32061,2025-05-09 14:33:53.812,,1529121580,223340,True,bid
1718,248732,1610869271,MERV - XMEV - GGAL - 24hs,6840.0,2025-05-09 14:33:53,2,2025-05-09 14:33:54.551,6840.0,775,6830.0,14347,6820.0,1937,6810.0,4754,6800.0,3103,6860.0,2175,6870.0,3877,6880.0,11014,6890.0,6770,6900.0,32061,2025-05-09 14:33:54.466,,1529121580,223340,False,nan
1719,248793,1610869358,MERV - XMEV - GGAL - 24hs,6840.0,2025-05-09 14:33:53,2,2025-05-09 14:33:55.052,6840.0,775,6830.0,14347,6820.0,1937,6810.0,4754,6800.0,3103,6860.0,2175,6870.0,3877,6880.0,11014,6890.0,6770,6900.0,32061,2025-05-09 14:33:54.967,,1529135260,223342,False,nan
1720,248925,1610869570,MERV - XMEV - GGAL - 24hs,6840.0,2025-05-09 14:33:53,2,2025-05-09 14:33:56.618,6840.0,775,6830.0,14347,6820.0,1861,6810.0,4754,6800.0,3110,6850.0,455,6860.0,2175,6870.0,3877,6880.0,11014,6890.0,6770,2025-05-09 14:33:56.520,,1529135260,223342,False,nan
1721,249220,1610870042,MERV - XMEV - GGAL - 24hs,6840.0,2025-05-09 14:33:53,2,2025-05-09 14:34:00.451,6840.0,775,6830.0,14347,6820.0,1861,6810.0,4754,6800.0,3210,6850.0,455,6860.0,2175,6870.0,3877,6880.0,11014,6890.0,6770,2025-05-09 14:34:00.256,,1529135260,223342,False,nan
1722,249472,1610870450,MERV - XMEV - GGAL - 24hs,6840.0,2025-05-09 14:33:53,2,2025-05-09 14:34:02.946,6840.0,1275,6830.0,14347,6820.0,1361,6810.0,4754,6800.0,3210,6850.0,455,6860.0,2175,6870.0,3877,6880.0,11014,6890.0,6770,2025-05-09 14:34:02.854,,1529135260,223342,False,nan
1723,249891,1610871076,MERV - XMEV - GGAL - 24hs,6850.0,2025-05-09 14:34:06,22,2025-05-09 14:34:06.777,6840.0,1275,6830.0,14347,6820.0,1361,6810.0,4754,6800.0,3210,6850.0,455,6860.0,2175,6870.0,3877,6880.0,11014,6890.0,6770,2025-05-09 14:34:06.689,,1529135260,223342,True,offer
1724,249931,1610871139,MERV - XMEV - GGAL - 24hs,6850.0,2025-05-09 14:34:06,22,2025-05-09 14:34:07.459,6840.0,1275,6830.0,14347,6820.0,1361,6810.0,4754,6800.0,3211,6850.0,1133,6860.0,2175,6870.0,3877,6880.0,11014,6890.0,6770,2025-05-09 14:34:07.201,,1529135260,223342,False,nan
1725,249989,1610871234,MERV - XMEV - GGAL - 24hs,6850.0,2025-05-09 14:34:06,22,2025-05-09 14:34:07.784,6840.0,1275,6830.0,14347,6820.0,1361,6810.0,4754,6800.0,3211,6850.0,1133,6860.0,2175,6870.0,3877,6880.0,11014,6890.0,6770,2025-05-09 14:34:07.689,,1529285960,223364,False,nan
1726,250060,1610871324,MERV - XMEV - GGAL - 24hs,6850.0,2025-05-09 14:34:07,700,2025-05-09 14:34:08.287,6850.0,12397,6840.0,1275,6830.0,14347,6820.0,1361,6810.0,4754,6860.0,2175,6870.0,3877,6880.0,11014,6890.0,6770,6900.0,35061,2025-05-09 14:34:08.189,,1529285960,223364,True,offer
1727,250120,1610871394,MERV - XMEV - GGAL - 24hs,6850.0,2025-05-09 14:34:07,700,2025-05-09 14:34:08.779,6850.0,12397,6840.0,1275,6830.0,14347,6820.0,1361,6810.0,4754,6860.0,2175,6870.0,3877,6880.0,11014,6890.0,6770,6900.0,35061,2025-05-09 14:34:08.690,,1537047010,224497,False,nan
1728,250202,1610871511,MERV - XMEV - GGAL - 24hs,6850.0,2025-05-09 14:34:07,700,2025-05-09 14:34:09.274,6850.0,12397,6840.0,1275,6830.0,14347,6820.0,1361,6810.0,4754,6860.0,2175,6870.0,3877,6880.0,11014,6890.0,6770,6900.0,34061,2025-05-09 14:34:09.189,,1537047010,224497,False,nan
1729,250254,1610871579,MERV - XMEV - GGAL - 24hs,6850.0,2025-05-09 14:34:09,3,2025-05-09 14:34:09.776,6850.0,12397,6840.0,1275,6830.0,14347,6820.0,1361,6810.0,4754,6860.0,2175,6870.0,3877,6880.0,11014,6890.0,6770,6900.0,34061,2025-05-09 14:34:09.689,,1537047010,224497,True,bid
1730,250334,1610871690,MERV - XMEV - GGAL - 24hs,6850.0,2025-05-09 14:34:09,3,2025-05-09 14:34:10.319,6850.0,12394,6840.0,1275,6830.0,14347,6820.0,1361,6810.0,4754,6860.0,5517,6870.0,3877,6880.0,11014,6890.0,6770,6900.0,34061,2025-05-09 14:34:10.189,,1537047010,224497,False,nan
1731,250433,1610871839,MERV - XMEV - GGAL - 24hs,6850.0,2025-05-09 14:34:09,3,2025-05-09 14:34:10.910,6850.0,12394,6840.0,1275,6830.0,14347,6820.0,1361,6810.0,4754,6860.0,5517,6870.0,3877,6880.0,11014,6890.0,6770,6900.0,34061,2025-05-09 14:34:10.752,,1537067560,224500,False,nan
1732,252046,1610874350,MERV - XMEV - GGAL - 24hs,6850.0,2025-05-09 14:34:09,3,2025-05-09 14:34:21.112,6850.0,12394,6840.0,1275,6830.0,14347,6820.0,1361,6810.0,4754,6860.0,5617,6870.0,3877,6880.0,11014,6890.0,6770,6900.0,34061,2025-05-09 14:34:20.884,,1537067560,224500,False,nan
1733,252173,1610874528,MERV - XMEV - GGAL - 24hs,6860.0,2025-05-09 14:34:21,1,2025-05-09 14:34:21.656,6850.0,12394,6840.0,1275,6830.0,14347,6820.0,1361,6810.0,4754,6860.0,5617,6870.0,3877,6880.0,11014,6890.0,6770,6900.0,34061,2025-05-09 14:34:21.460,,1537067560,224500,True,offer
1734,252269,1610874711,MERV - XMEV - GGAL - 24hs,6860.0,2025-05-09 14:34:21,1,2025-05-09 14:34:22.302,6850.0,12394,6840.0,1275,6830.0,14347,6820.0,1361,6810.0,4754,6860.0,5616,6870.0,3877,6880.0,11014,6890.0,6770,6900.0,34061,2025-05-09 14:34:22.127,,1537067560,224500,False,nan
1735,252314,1610874776,MERV - XMEV - GGAL - 24hs,6860.0,2025-05-09 14:34:21,1,2025-05-09 14:34:22.719,6850.0,12394,6840.0,1275,6830.0,14347,6820.0,1361,6810.0,4754,6860.0,5616,6870.0,3877,6880.0,11014,6890.0,6770,6900.0,34061,2025-05-09 14:34:22.628,,1537074420,224501,False,nan
1736,253031,1610875876,MERV - XMEV - GGAL - 24hs,6860.0,2025-05-09 14:34:21,1,2025-05-09 14:34:27.449,6850.0,12394,6840.0,1275,6830.0,14347,6820.0,1361,6810.0,4754,6860.0,5616,6870.0,3877,6880.0,11014,6890.0,6770,6900.0,35061,2025-05-09 14:34:27.364,,1537074420,224501,False,nan
1737,253170,1610876073,MERV - XMEV - GGAL - 24hs,6860.0,2025-05-09 14:34:21,1,2025-05-09 14:34:28.856,6850.0,12394,6840.0,1275,6830.0,14347,6820.0,1361,6810.0,4754,6860.0,5616,6870.0,4877,6880.0,11014,6890.0,6770,6900.0,35061,2025-05-09 14:34:28.770,,1537074420,224501,False,nan
1738,253900,1610877144,MERV - XMEV - GGAL - 24hs,6860.0,2025-05-09 14:34:21,1,2025-05-09 14:34:33.843,6850.0,12394,6840.0,1275,6830.0,14732,6820.0,976,6810.0,4754,6860.0,5616,6870.0,4877,6880.0,11014,6890.0,6770,6900.0,35061,2025-05-09 14:34:33.731,,1537074420,224501,False,nan
1739,254314,1610877801,MERV - XMEV - GGAL - 24hs,6860.0,2025-05-09 14:34:21,1,2025-05-09 14:34:37.866,6850.0,12394,6840.0,1275,6830.0,14732,6820.0,976,6810.0,4754,6860.0,5618,6870.0,4877,6880.0,16014,6890.0,1770,6900.0,35061,2025-05-09 14:34:37.779,,1537074420,224501,False,nan
1740,254388,1610877914,MERV - XMEV - GGAL - 24hs,6860.0,2025-05-09 14:34:21,1,2025-05-09 14:34:38.585,6850.0,12394,6840.0,1275,6830.0,14732,6820.0,976,6810.0,4754,6860.0,5618,6870.0,4877,6880.0,32014,6890.0,6770,6900.0,14061,2025-05-09 14:34:38.499,,1537074420,224501,False,nan
1741,254464,1610878030,MERV - XMEV - GGAL - 24hs,6860.0,2025-05-09 14:34:21,1,2025-05-09 14:34:39.307,6850.0,12394,6840.0,1275,6830.0,14347,6820.0,1361,6810.0,4754,6860.0,5618,6870.0,4877,6880.0,31014,6890.0,6770,6900.0,14061,2025-05-09 14:34:39.218,,1537074420,224501,False,nan
1742,255321,1610879245,MERV - XMEV - GGAL - 24hs,6860.0,2025-05-09 14:34:21,1,2025-05-09 14:34:46.121,6850.0,12394,6840.0,775,6830.0,14347,6820.0,1361,6810.0,4754,6860.0,5618,6870.0,4877,6880.0,31014,6890.0,6770,6900.0,14061,2025-05-09 14:34:46.030,,1537074420,224501,False,nan
1743,255634,1610879695,MERV - XMEV - GGAL - 24hs,6860.0,2025-05-09 14:34:21,1,2025-05-09 14:34:48.616,6850.0,12394,6840.0,775,6830.0,14347,6820.0,1361,6810.0,4754,6860.0,5618,6870.0,9877,6880.0,31014,6890.0,6770,6900.0,14061,2025-05-09 14:34:48.487,,1537074420,224501,False,nan
1744,255728,1610879823,MERV - XMEV - GGAL - 24hs,6860.0,2025-05-09 14:34:21,1,2025-05-09 14:34:49.289,6850.0,12394,6840.0,277,6830.0,14347,6820.0,1361,6810.0,4754,6860.0,5618,6870.0,9877,6880.0,31014,6890.0,6770,6900.0,14061,2025-05-09 14:34:49.204,,1537074420,224501,False,nan
1745,255792,1610879912,MERV - XMEV - GGAL - 24hs,6860.0,2025-05-09 14:34:21,1,2025-05-09 14:34:50.077,6850.0,12394,6840.0,277,6830.0,14347,6820.0,1361,6810.0,4754,6860.0,5618,6870.0,4877,6880.0,36014,6890.0,6770,6900.0,14061,2025-05-09 14:34:49.983,,1537074420,224501,False,nan
1746,256150,1610880397,MERV - XMEV - GGAL - 24hs,6860.0,2025-05-09 14:34:53,5,2025-05-09 14:34:53.348,6850.0,12394,6840.0,277,6830.0,14347,6820.0,1361,6810.0,4754,6860.0,5618,6870.0,4877,6880.0,36014,6890.0,6770,6900.0,14061,2025-05-09 14:34:53.263,,1537074420,224501,True,offer
1747,256204,1610880480,MERV - XMEV - GGAL - 24hs,6850.0,2025-05-09 14:34:53,3,2025-05-09 14:34:53.851,6850.0,12394,6840.0,277,6830.0,14347,6820.0,1361,6810.0,4754,6860.0,5618,6870.0,4877,6880.0,36014,6890.0,6770,6900.0,14061,2025-05-09 14:34:53.763,,1537108720,224506,False,nan
1748,256248,1610880537,MERV - XMEV - GGAL - 24hs,6870.0,2025-05-09 14:34:54,50,2025-05-09 14:34:54.360,6850.0,12391,6840.0,407,6830.0,14347,6820.0,1361,6810.0,4754,6860.0,5613,6870.0,4877,6880.0,36014,6890.0,6770,6900.0,14061,2025-05-09 14:34:54.268,,1537129270,224509,True,offer
1749,256320,1610880647,MERV - XMEV - GGAL - 24hs,6850.0,2025-05-09 14:34:54,1000,2025-05-09 14:34:54.867,6850.0,12391,6840.0,407,6830.0,14347,6820.0,1361,6810.0,4754,6860.0,5613,6870.0,4877,6880.0,36014,6890.0,6770,6900.0,14061,2025-05-09 14:34:54.763,,1618595000,236387,False,nan
1750,256363,1610880711,MERV - XMEV - GGAL - 24hs,6850.0,2025-05-09 14:34:54,1000,2025-05-09 14:34:55.356,6850.0,7391,6840.0,407,6820.0,1361,6810.0,19101,6800.0,3211,6870.0,7612,6880.0,37014,6890.0,1770,6900.0,14061,6910.0,5150,2025-05-09 14:34:55.262,,1625445000,237387,False,nan
1751,256419,1610880796,MERV - XMEV - GGAL - 24hs,6850.0,2025-05-09 14:34:54,1000,2025-05-09 14:34:56.107,6850.0,7391,6840.0,407,6820.0,1361,6810.0,19101,6800.0,3211,6870.0,7612,6880.0,35014,6890.0,1770,6900.0,14061,6910.0,5150,2025-05-09 14:34:55.996,,1625445000,237387,False,nan
1752,256470,1610880869,MERV - XMEV - GGAL - 24hs,6850.0,2025-05-09 14:34:54,1000,2025-05-09 14:34:56.799,6850.0,7391,6840.0,407,6830.0,14347,6820.0,1361,6810.0,4754,6870.0,7612,6880.0,31014,6890.0,5770,6900.0,14061,6910.0,5150,2025-05-09 14:34:56.700,,1625445000,237387,False,nan
1753,256533,1610880953,MERV - XMEV - GGAL - 24hs,6850.0,2025-05-09 14:34:57,2,2025-05-09 14:34:57.434,6850.0,7391,6840.0,407,6830.0,14347,6820.0,1361,6810.0,4754,6870.0,7612,6880.0,31014,6890.0,5770,6900.0,14061,6910.0,5150,2025-05-09 14:34:57.346,,1625445000,237387,True,bid
1754,256611,1610881057,MERV - XMEV - GGAL - 24hs,6850.0,2025-05-09 14:34:57,2,2025-05-09 14:34:57.951,6850.0,7389,6840.0,407,6830.0,14347,6820.0,1361,6810.0,4754,6870.0,7612,6880.0,31014,6890.0,4770,6900.0,14061,6910.0,5150,2025-05-09 14:34:57.846,,1625445000,237387,False,nan
1755,256697,1610881195,MERV - XMEV - GGAL - 24hs,6850.0,2025-05-09 14:34:57,13,2025-05-09 14:34:58.431,6850.0,7389,6840.0,407,6830.0,14347,6820.0,1361,6810.0,4754,6870.0,7612,6880.0,31014,6890.0,4770,6900.0,14061,6910.0,5150,2025-05-09 14:34:58.346,,1625547750,237402,False,nan
1756,256782,1610881319,MERV - XMEV - GGAL - 24hs,6850.0,2025-05-09 14:34:58,39,2025-05-09 14:34:59.428,6850.0,7337,6840.0,407,6830.0,14347,6820.0,1361,6810.0,4754,6870.0,7612,6880.0,29014,6890.0,4770,6900.0,14061,6910.0,5150,2025-05-09 14:34:59.116,,1625547750,237402,True,bid
1757,256833,1610881382,MERV - XMEV - GGAL - 24hs,6850.0,2025-05-09 14:34:58,39,2025-05-09 14:34:59.611,6850.0,7337,6840.0,407,6830.0,14347,6820.0,1361,6810.0,4754,6870.0,7612,6880.0,29014,6890.0,4770,6900.0,14061,6910.0,5150,2025-05-09 14:34:59.346,,1625814900,237441,False,nan
1758,257015,1610881648,MERV - XMEV - GGAL - 24hs,6860.0,2025-05-09 14:35:01,300,2025-05-09 14:35:01.247,6850.0,7337,6840.0,407,6830.0,14347,6820.0,1361,6810.0,4754,6870.0,7612,6880.0,29014,6890.0,4770,6900.0,14061,6910.0,5150,2025-05-09 14:35:01.153,,1625814900,237441,True,nan
1759,257052,1610881697,MERV - XMEV - GGAL - 24hs,6850.0,2025-05-09 14:35:01,300,2025-05-09 14:35:01.746,6850.0,7337,6840.0,407,6830.0,14347,6820.0,1361,6810.0,4754,6870.0,7612,6880.0,29014,6890.0,4770,6900.0,14061,6910.0,5150,2025-05-09 14:35:01.655,,1627872900,237741,False,nan
1760,257123,1610881803,MERV - XMEV - GGAL - 24hs,6850.0,2025-05-09 14:35:01,300,2025-05-09 14:35:02.246,6850.0,7037,6840.0,407,6830.0,14347,6820.0,1368,6810.0,4754,6860.0,1,6870.0,7612,6880.0,26014,6890.0,4770,6900.0,14061,2025-05-09 14:35:02.154,,1629927900,238041,False,nan
1761,257465,1610882331,MERV - XMEV - GGAL - 24hs,6850.0,2025-05-09 14:35:01,300,2025-05-09 14:35:04.975,6850.0,7037,6840.0,407,6830.0,14347,6820.0,1368,6810.0,4754,6860.0,1,6870.0,10612,6880.0,26014,6890.0,5770,6900.0,14061,2025-05-09 14:35:04.889,,1629927900,238041,False,nan
1762,257760,1610882729,MERV - XMEV - GGAL - 24hs,6850.0,2025-05-09 14:35:01,300,2025-05-09 14:35:07.385,6850.0,7037,6840.0,407,6830.0,14347,6820.0,1368,6810.0,4754,6860.0,1,6870.0,5612,6880.0,31014,6890.0,5770,6900.0,14061,2025-05-09 14:35:07.295,,1629927900,238041,False,nan
1763,257911,1610882944,MERV - XMEV - GGAL - 24hs,6850.0,2025-05-09 14:35:01,300,2025-05-09 14:35:08.767,6850.0,7037,6840.0,407,6830.0,14347,6820.0,1368,6810.0,4754,6860.0,1,6870.0,5612,6880.0,31014,6890.0,3770,6900.0,14061,2025-05-09 14:35:08.682,,1629927900,238041,False,nan
1764,258008,1610883079,MERV - XMEV - GGAL - 24hs,6850.0,2025-05-09 14:35:01,300,2025-05-09 14:35:09.519,6850.0,7037,6840.0,407,6830.0,14347,6820.0,1368,6810.0,4754,6860.0,1,6870.0,5612,6880.0,31014,6890.0,6770,6900.0,14061,2025-05-09 14:35:09.428,,1629927900,238041,False,nan
1765,258219,1610883392,MERV - XMEV - GGAL - 24hs,6850.0,2025-05-09 14:35:01,300,2025-05-09 14:35:11.908,6850.0,7037,6840.0,407,6830.0,14347,6820.0,1368,6810.0,4754,6870.0,5612,6880.0,31014,6890.0,6770,6900.0,14061,6910.0,5150,2025-05-09 14:35:11.535,,1629927900,238041,False,nan
1766,258507,1610883812,MERV - XMEV - GGAL - 24hs,6850.0,2025-05-09 14:35:01,300,2025-05-09 14:35:13.236,6850.0,7037,6840.0,407,6830.0,14347,6820.0,1368,6810.0,4754,6870.0,5612,6880.0,26014,6890.0,16770,6900.0,14061,6910.0,5150,2025-05-09 14:35:12.020,,1629927900,238041,False,nan
1767,258852,1610884276,MERV - XMEV - GGAL - 24hs,6850.0,2025-05-09 14:35:01,300,2025-05-09 14:35:14.654,6850.0,7037,6840.0,407,6830.0,14347,6820.0,1368,6810.0,4754,6870.0,5612,6880.0,21014,6890.0,21770,6900.0,14061,6910.0,5150,2025-05-09 14:35:13.922,,1629927900,238041,False,nan
1768,259186,1610884748,MERV - XMEV - GGAL - 24hs,6850.0,2025-05-09 14:35:01,300,2025-05-09 14:35:16.135,6850.0,7037,6840.0,407,6830.0,14347,6820.0,1368,6810.0,4754,6870.0,5612,6880.0,21014,6890.0,23770,6900.0,14061,6910.0,5150,2025-05-09 14:35:16.021,,1629927900,238041,False,nan
1769,259300,1610884895,MERV - XMEV - GGAL - 24hs,6850.0,2025-05-09 14:35:01,300,2025-05-09 14:35:16.818,6850.0,7037,6840.0,407,6830.0,14347,6820.0,1368,6810.0,4754,6870.0,5612,6880.0,21014,6890.0,25770,6900.0,14061,6910.0,5150,2025-05-09 14:35:16.732,,1629927900,238041,False,nan
1770,259535,1610885221,MERV - XMEV - GGAL - 24hs,6850.0,2025-05-09 14:35:01,300,2025-05-09 14:35:18.807,6850.0,7037,6840.0,407,6830.0,14347,6820.0,1368,6810.0,4754,6870.0,5612,6880.0,21014,6890.0,26770,6900.0,14061,6910.0,5150,2025-05-09 14:35:18.720,,1629927900,238041,False,nan
1771,259679,1610885425,MERV - XMEV - GGAL - 24hs,6850.0,2025-05-09 14:35:20,20,2025-05-09 14:35:20.442,6850.0,7037,6840.0,407,6830.0,14347,6820.0,1368,6810.0,4754,6870.0,5612,6880.0,21014,6890.0,26770,6900.0,14061,6910.0,5150,2025-05-09 14:35:20.356,,1629927900,238041,True,bid
1772,259741,1610885506,MERV - XMEV - GGAL - 24hs,6870.0,2025-05-09 14:35:20,447,2025-05-09 14:35:20.945,6850.0,7017,6840.0,407,6830.0,14347,6820.0,1368,6810.0,4754,6870.0,5612,6880.0,21014,6890.0,25770,6900.0,14061,6910.0,5150,2025-05-09 14:35:20.856,,1630064900,238061,False,nan
1773,259799,1610885588,MERV - XMEV - GGAL - 24hs,6870.0,2025-05-09 14:35:20,447,2025-05-09 14:35:21.460,6850.0,7017,6840.0,407,6830.0,14347,6820.0,1368,6810.0,4754,6870.0,5165,6880.0,21014,6890.0,28770,6900.0,14061,6910.0,5150,2025-05-09 14:35:21.356,,1633135790,238508,False,nan
1774,259878,1610885709,MERV - XMEV - GGAL - 24hs,6870.0,2025-05-09 14:35:20,447,2025-05-09 14:35:22.060,6850.0,7017,6840.0,407,6830.0,14347,6820.0,1368,6810.0,4754,6870.0,5165,6880.0,21014,6890.0,29770,6900.0,14061,6910.0,5150,2025-05-09 14:35:21.965,,1633135790,238508,False,nan
1775,260061,1610885962,MERV - XMEV - GGAL - 24hs,6870.0,2025-05-09 14:35:20,447,2025-05-09 14:35:23.158,6850.0,7017,6840.0,407,6820.0,15715,6810.0,4754,6800.0,5004,6870.0,10165,6880.0,24014,6890.0,16770,6900.0,14061,6910.0,5150,2025-05-09 14:35:23.073,,1633135790,238508,False,nan
1776,260143,1610886086,MERV - XMEV - GGAL - 24hs,6850.0,2025-05-09 14:35:23,71,2025-05-09 14:35:23.659,6850.0,7017,6840.0,407,6820.0,15715,6810.0,4754,6800.0,5004,6870.0,10165,6880.0,24014,6890.0,16770,6900.0,14061,6910.0,5150,2025-05-09 14:35:23.573,,1633135790,238508,True,bid
1777,260195,1610886165,MERV - XMEV - GGAL - 24hs,6850.0,2025-05-09 14:35:23,71,2025-05-09 14:35:24.161,6850.0,6946,6840.0,407,6820.0,15715,6810.0,4754,6800.0,5004,6870.0,5165,6880.0,31014,6890.0,11770,6900.0,14061,6910.0,5150,2025-05-09 14:35:24.073,,1633135790,238508,False,nan
1778,260300,1610886319,MERV - XMEV - GGAL - 24hs,6850.0,2025-05-09 14:35:23,71,2025-05-09 14:35:24.691,6850.0,6946,6840.0,407,6820.0,15715,6810.0,4754,6800.0,5004,6870.0,5165,6880.0,31014,6890.0,11770,6900.0,14061,6910.0,5150,2025-05-09 14:35:24.575,,1633622140,238579,False,nan
1779,260350,1610886389,MERV - XMEV - GGAL - 24hs,6850.0,2025-05-09 14:35:24,3,2025-05-09 14:35:25.159,6850.0,6946,6840.0,407,6820.0,15715,6810.0,4754,6800.0,5004,6870.0,5165,6880.0,31014,6890.0,11770,6900.0,14061,6910.0,5150,2025-05-09 14:35:25.073,,1633909840,238621,True,bid
1780,260426,1610886500,MERV - XMEV - GGAL - 24hs,6850.0,2025-05-09 14:35:24,3,2025-05-09 14:35:25.664,6850.0,6901,6840.0,407,6820.0,15715,6810.0,4754,6800.0,5004,6870.0,5165,6880.0,31014,6890.0,11770,6900.0,14061,6910.0,5150,2025-05-09 14:35:25.574,,1633909840,238621,False,nan
1781,260513,1610886613,MERV - XMEV - GGAL - 24hs,6850.0,2025-05-09 14:35:24,3,2025-05-09 14:35:26.160,6850.0,6901,6840.0,407,6820.0,15715,6810.0,4754,6800.0,5004,6870.0,5165,6880.0,31014,6890.0,11770,6900.0,14061,6910.0,5150,2025-05-09 14:35:26.074,,1633930390,238624,False,nan
1782,260736,1610886921,MERV - XMEV - GGAL - 24hs,6850.0,2025-05-09 14:35:24,3,2025-05-09 14:35:27.399,6850.0,6901,6840.0,407,6820.0,15715,6810.0,4754,6800.0,5004,6870.0,5165,6880.0,33014,6890.0,11770,6900.0,14061,6910.0,5150,2025-05-09 14:35:27.263,,1633930390,238624,False,nan
1783,261003,1610887294,MERV - XMEV - GGAL - 24hs,6850.0,2025-05-09 14:35:24,3,2025-05-09 14:35:29.040,6850.0,6901,6840.0,407,6820.0,15715,6810.0,4754,6800.0,5004,6870.0,5165,6880.0,28014,6890.0,16770,6900.0,14061,6910.0,5150,2025-05-09 14:35:28.877,,1633930390,238624,False,nan
1784,261216,1610887611,MERV - XMEV - GGAL - 24hs,6850.0,2025-05-09 14:35:29,88,2025-05-09 14:35:30.476,6850.0,6901,6840.0,407,6820.0,15715,6810.0,4754,6800.0,5004,6870.0,5165,6880.0,28014,6890.0,16770,6900.0,14061,6910.0,5150,2025-05-09 14:35:29.847,,1633930390,238624,True,bid
1785,261349,1610887792,MERV - XMEV - GGAL - 24hs,6850.0,2025-05-09 14:35:29,88,2025-05-09 14:35:31.028,6850.0,6813,6840.0,407,6820.0,15715,6810.0,4754,6800.0,5004,6870.0,5165,6880.0,28014,6890.0,16770,6900.0,14061,6910.0,5150,2025-05-09 14:35:30.549,,1633930390,238624,False,nan
1786,261425,1610887899,MERV - XMEV - GGAL - 24hs,6850.0,2025-05-09 14:35:29,88,2025-05-09 14:35:31.360,6850.0,6813,6840.0,407,6820.0,15715,6810.0,4754,6800.0,5004,6870.0,5165,6880.0,28014,6890.0,16770,6900.0,14061,6910.0,5150,2025-05-09 14:35:31.049,,1634533190,238712,False,nan
1787,261479,1610887982,MERV - XMEV - GGAL - 24hs,6850.0,2025-05-09 14:35:31,1000,2025-05-09 14:35:31.637,6850.0,6813,6840.0,407,6820.0,15715,6810.0,4754,6800.0,5004,6870.0,5165,6880.0,28014,6890.0,16770,6900.0,14061,6910.0,5150,2025-05-09 14:35:31.549,,1661933190,242712,True,bid
1788,261575,1610888109,MERV - XMEV - GGAL - 24hs,6850.0,2025-05-09 14:35:31,1000,2025-05-09 14:35:32.151,6850.0,1813,6840.0,407,6820.0,1368,6810.0,19101,6800.0,5004,6870.0,10165,6880.0,25014,6890.0,16770,6900.0,14061,6910.0,5150,2025-05-09 14:35:32.049,,1668783190,243712,False,nan
1789,261643,1610888215,MERV - XMEV - GGAL - 24hs,6850.0,2025-05-09 14:35:32,85,2025-05-09 14:35:32.646,6850.0,1813,6840.0,407,6820.0,1368,6810.0,19101,6800.0,5004,6870.0,10165,6880.0,25014,6890.0,16770,6900.0,14061,6910.0,5150,2025-05-09 14:35:32.550,,1668783190,243712,True,bid
1790,261706,1610888307,MERV - XMEV - GGAL - 24hs,6870.0,2025-05-09 14:35:32,9,2025-05-09 14:35:33.179,6850.0,1728,6840.0,407,6820.0,1368,6810.0,19101,6800.0,5004,6870.0,5156,6880.0,31014,6890.0,16770,6900.0,14061,6910.0,5150,2025-05-09 14:35:33.048,,1669427270,243806,False,nan
1791,261810,1610888469,MERV - XMEV - GGAL - 24hs,6870.0,2025-05-09 14:35:32,9,2025-05-09 14:35:34.064,6850.0,1728,6840.0,407,6820.0,15715,6810.0,4754,6800.0,5004,6870.0,5156,6880.0,33014,6890.0,16770,6900.0,14061,6910.0,5150,2025-05-09 14:35:33.960,,1669427270,243806,False,nan
1792,261893,1610888589,MERV - XMEV - GGAL - 24hs,6870.0,2025-05-09 14:35:32,9,2025-05-09 14:35:34.754,6850.0,1728,6840.0,407,6820.0,15715,6810.0,4754,6800.0,5004,6870.0,5156,6880.0,27014,6890.0,16770,6900.0,14061,6910.0,5150,2025-05-09 14:35:34.665,,1669427270,243806,False,nan
1793,262093,1610888869,MERV - XMEV - GGAL - 24hs,6870.0,2025-05-09 14:35:32,9,2025-05-09 14:35:36.229,6850.0,1728,6840.0,407,6820.0,15715,6810.0,4754,6800.0,5004,6870.0,5156,6880.0,28014,6890.0,16770,6900.0,14061,6910.0,5150,2025-05-09 14:35:36.141,,1669427270,243806,False,nan
1794,262310,1610889199,MERV - XMEV - GGAL - 24hs,6850.0,2025-05-09 14:35:38,14,2025-05-09 14:35:38.672,6850.0,1728,6840.0,407,6820.0,15715,6810.0,4754,6800.0,5004,6870.0,5156,6880.0,28014,6890.0,16770,6900.0,14061,6910.0,5150,2025-05-09 14:35:38.584,,1669427270,243806,True,bid
1795,262365,1610889273,MERV - XMEV - GGAL - 24hs,6850.0,2025-05-09 14:35:38,14,2025-05-09 14:35:39.170,6850.0,1714,6840.0,407,6820.0,15715,6810.0,4754,6800.0,5004,6870.0,5156,6880.0,33014,6890.0,11770,6900.0,14061,6910.0,5150,2025-05-09 14:35:39.083,,1669427270,243806,False,nan
1796,262433,1610889362,MERV - XMEV - GGAL - 24hs,6850.0,2025-05-09 14:35:38,14,2025-05-09 14:35:39.692,6850.0,1714,6840.0,407,6820.0,15708,6810.0,4754,6800.0,5011,6860.0,150,6870.0,5256,6880.0,39014,6890.0,11770,6900.0,12361,2025-05-09 14:35:39.590,,1669523170,243820,False,nan
1797,262667,1610889700,MERV - XMEV - GGAL - 24hs,6850.0,2025-05-09 14:35:38,14,2025-05-09 14:35:41.416,6850.0,1714,6840.0,407,6820.0,15708,6810.0,4754,6800.0,5011,6860.0,3150,6870.0,5256,6880.0,38014,6890.0,11770,6900.0,12361,2025-05-09 14:35:41.306,,1669523170,243820,False,nan
1798,262836,1610889938,MERV - XMEV - GGAL - 24hs,6850.0,2025-05-09 14:35:38,14,2025-05-09 14:35:42.620,6850.0,1714,6840.0,407,6820.0,15708,6810.0,4754,6800.0,5011,6860.0,3150,6870.0,5256,6880.0,33014,6890.0,16770,6900.0,12361,2025-05-09 14:35:42.527,,1669523170,243820,False,nan
1799,262894,1610890018,MERV - XMEV - GGAL - 24hs,6850.0,2025-05-09 14:35:43,21,2025-05-09 14:35:43.131,6850.0,1714,6840.0,407,6820.0,15708,6810.0,4754,6800.0,5011,6860.0,3150,6870.0,5256,6880.0,33014,6890.0,16770,6900.0,12361,2025-05-09 14:35:43.031,,1669523170,243820,True,bid
1800,262970,1610890129,MERV - XMEV - GGAL - 24hs,6850.0,2025-05-09 14:35:43,21,2025-05-09 14:35:43.771,6850.0,1693,6840.0,407,6820.0,15958,6810.0,4754,6800.0,5011,6860.0,3150,6870.0,5256,6880.0,33014,6890.0,16770,6900.0,12361,2025-05-09 14:35:43.682,,1669523170,243820,False,nan
1801,263085,1610890295,MERV - XMEV - GGAL - 24hs,6850.0,2025-05-09 14:35:43,21,2025-05-09 14:35:44.298,6850.0,1693,6840.0,407,6820.0,15958,6810.0,4754,6800.0,5011,6860.0,3150,6870.0,5256,6880.0,33014,6890.0,16770,6900.0,12361,2025-05-09 14:35:44.183,,1669667020,243841,False,nan
1802,263187,1610890451,MERV - XMEV - GGAL - 24hs,6850.0,2025-05-09 14:35:43,21,2025-05-09 14:35:44.864,6850.0,1793,6840.0,407,6820.0,15958,6810.0,4754,6800.0,5011,6860.0,3150,6870.0,5256,6880.0,33014,6890.0,16770,6900.0,12361,2025-05-09 14:35:44.682,,1669667020,243841,False,nan
1803,263284,1610890590,MERV - XMEV - GGAL - 24hs,6850.0,2025-05-09 14:35:43,21,2025-05-09 14:35:45.614,6850.0,1793,6840.0,130,6830.0,100,6820.0,15958,6810.0,4754,6860.0,3150,6870.0,5256,6880.0,33014,6890.0,16770,6900.0,12361,2025-05-09 14:35:45.514,,1669667020,243841,False,nan
1804,263367,1610890712,MERV - XMEV - GGAL - 24hs,6850.0,2025-05-09 14:35:43,21,2025-05-09 14:35:46.302,6850.0,1793,6840.0,130,6830.0,100,6820.0,15958,6810.0,4754,6860.0,3150,6870.0,5256,6880.0,32833,6890.0,16770,6900.0,12361,2025-05-09 14:35:46.216,,1669667020,243841,False,nan
1805,263452,1610890838,MERV - XMEV - GGAL - 24hs,6850.0,2025-05-09 14:35:43,21,2025-05-09 14:35:47.112,6850.0,1793,6840.0,130,6830.0,100,6820.0,15958,6810.0,4758,6860.0,3150,6870.0,5256,6880.0,32833,6890.0,16770,6900.0,12361,2025-05-09 14:35:47.026,,1669667020,243841,False,nan
1806,263803,1610891355,MERV - XMEV - GGAL - 24hs,6850.0,2025-05-09 14:35:50,600,2025-05-09 14:35:50.818,6850.0,1793,6840.0,130,6830.0,100,6820.0,15958,6810.0,4758,6860.0,3150,6870.0,5256,6880.0,32833,6890.0,16770,6900.0,12361,2025-05-09 14:35:50.717,,1669667020,243841,True,bid
1807,263861,1610891449,MERV - XMEV - GGAL - 24hs,6850.0,2025-05-09 14:35:50,1000,2025-05-09 14:35:51.110,6850.0,1193,6840.0,130,6830.0,14447,6820.0,1611,6810.0,4758,6860.0,3150,6870.0,5256,6880.0,30014,6890.0,16770,6900.0,12361,2025-05-09 14:35:50.930,,1673777020,244441,False,nan
1808,263897,1610891504,MERV - XMEV - GGAL - 24hs,6850.0,2025-05-09 14:35:50,1000,2025-05-09 14:35:51.507,6850.0,1193,6840.0,130,6830.0,14447,6820.0,1611,6810.0,4758,6860.0,3150,6870.0,5256,6880.0,30014,6890.0,16770,6900.0,12361,2025-05-09 14:35:51.421,,1680627020,245441,False,nan
1809,263978,1610891624,MERV - XMEV - GGAL - 24hs,6860.0,2025-05-09 14:35:51,9,2025-05-09 14:35:52.032,6850.0,193,6840.0,131,6830.0,100,6820.0,1611,6810.0,19105,6860.0,3150,6870.0,5256,6880.0,31014,6890.0,16770,6900.0,12361,2025-05-09 14:35:51.921,,1680627020,245441,True,offer
1810,264030,1610891695,MERV - XMEV - GGAL - 24hs,6860.0,2025-05-09 14:35:51,9,2025-05-09 14:35:52.508,6850.0,193,6840.0,131,6830.0,100,6820.0,1611,6810.0,19105,6860.0,3141,6870.0,5256,6880.0,30014,6890.0,16770,6900.0,12361,2025-05-09 14:35:52.422,,1680688760,245450,False,nan
1811,264112,1610891834,MERV - XMEV - GGAL - 24hs,6860.0,2025-05-09 14:35:51,9,2025-05-09 14:35:53.364,6850.0,193,6840.0,131,6830.0,100,6820.0,1611,6810.0,19105,6860.0,3141,6870.0,10256,6880.0,20014,6890.0,16770,6900.0,12361,2025-05-09 14:35:53.273,,1680688760,245450,False,nan
1812,264313,1610892118,MERV - XMEV - GGAL - 24hs,6860.0,2025-05-09 14:35:51,9,2025-05-09 14:35:55.070,6850.0,193,6840.0,131,6830.0,100,6820.0,1611,6810.0,19105,6860.0,6141,6870.0,7256,6880.0,20014,6890.0,16770,6900.0,12361,2025-05-09 14:35:54.985,,1680688760,245450,False,nan
1813,264348,1610892167,MERV - XMEV - GGAL - 24hs,6850.0,2025-05-09 14:35:55,9,2025-05-09 14:35:55.571,6850.0,193,6840.0,131,6830.0,100,6820.0,1611,6810.0,19105,6860.0,6141,6870.0,7256,6880.0,20014,6890.0,16770,6900.0,12361,2025-05-09 14:35:55.485,,1680688760,245450,True,bid
1814,264448,1610892316,MERV - XMEV - GGAL - 24hs,6850.0,2025-05-09 14:35:55,9,2025-05-09 14:35:56.119,6850.0,91,6840.0,131,6830.0,100,6820.0,1611,6810.0,19105,6860.0,6141,6870.0,7256,6880.0,25014,6890.0,11770,6900.0,12361,2025-05-09 14:35:55.985,,1681387460,245552,False,nan
1815,264648,1610892684,MERV - XMEV - GGAL - 24hs,6850.0,2025-05-09 14:35:56,69,2025-05-09 14:35:57.256,6850.0,91,6840.0,131,6830.0,100,6820.0,1611,6810.0,19105,6860.0,6141,6870.0,7256,6880.0,25014,6890.0,11770,6900.0,12361,2025-05-09 14:35:56.721,,1681387460,245552,True,bid
1816,264718,1610892787,MERV - XMEV - GGAL - 24hs,6850.0,2025-05-09 14:35:56,69,2025-05-09 14:35:57.591,6850.0,22,6840.0,131,6830.0,100,6820.0,1611,6810.0,19105,6860.0,6141,6870.0,7256,6880.0,25014,6890.0,11770,6900.0,13861,2025-05-09 14:35:57.222,,1681387460,245552,False,nan
1817,264779,1610892887,MERV - XMEV - GGAL - 24hs,6850.0,2025-05-09 14:35:56,69,2025-05-09 14:35:57.894,6850.0,22,6840.0,131,6830.0,100,6820.0,1611,6810.0,19105,6860.0,6141,6870.0,7256,6880.0,25014,6890.0,11770,6900.0,13861,2025-05-09 14:35:57.721,,1681860110,245621,False,nan
1818,265025,1610893242,MERV - XMEV - GGAL - 24hs,6850.0,2025-05-09 14:35:56,69,2025-05-09 14:35:59.938,6850.0,22,6840.0,131,6830.0,199,6820.0,1611,6810.0,19105,6860.0,6141,6870.0,7256,6880.0,25014,6890.0,11770,6900.0,13861,2025-05-09 14:35:59.846,,1681860110,245621,False,nan
1819,265103,1610893357,MERV - XMEV - GGAL - 24hs,6850.0,2025-05-09 14:36:00,22,2025-05-09 14:36:00.438,6850.0,22,6840.0,131,6830.0,199,6820.0,1611,6810.0,19105,6860.0,6141,6870.0,7256,6880.0,25014,6890.0,11770,6900.0,13861,2025-05-09 14:36:00.347,,1681860110,245621,True,bid
1820,265206,1610893489,MERV - XMEV - GGAL - 24hs,6850.0,2025-05-09 14:36:00,22,2025-05-09 14:36:00.969,6840.0,207,6830.0,199,6820.0,1611,6810.0,19105,6800.0,5004,6860.0,6141,6870.0,7256,6880.0,25014,6890.0,11770,6900.0,13861,2025-05-09 14:36:00.883,,1681860110,245621,False,nan
1821,265265,1610893567,MERV - XMEV - GGAL - 24hs,6840.0,2025-05-09 14:36:01,25,2025-05-09 14:36:01.477,6840.0,207,6830.0,199,6820.0,1611,6810.0,19105,6800.0,5004,6860.0,6141,6870.0,7256,6880.0,25014,6890.0,11770,6900.0,13861,2025-05-09 14:36:01.390,,1682010810,245643,True,bid
1822,265315,1610893639,MERV - XMEV - GGAL - 24hs,6840.0,2025-05-09 14:36:01,25,2025-05-09 14:36:02.040,6840.0,182,6830.0,199,6820.0,1611,6810.0,19105,6800.0,5004,6860.0,6141,6870.0,7256,6880.0,25014,6890.0,11770,6900.0,13861,2025-05-09 14:36:01.949,,1682010810,245643,False,nan
1823,265374,1610893716,MERV - XMEV - GGAL - 24hs,6840.0,2025-05-09 14:36:01,76,2025-05-09 14:36:02.538,6840.0,182,6830.0,199,6820.0,1611,6810.0,19105,6800.0,5004,6860.0,6141,6870.0,7256,6880.0,25014,6890.0,11770,6900.0,13861,2025-05-09 14:36:02.449,,1682181810,245668,False,nan
1824,265463,1610893853,MERV - XMEV - GGAL - 24hs,6840.0,2025-05-09 14:36:01,76,2025-05-09 14:36:03.052,6830.0,199,6820.0,1611,6810.0,19105,6800.0,5004,6790.0,100,6840.0,1,6860.0,6141,6870.0,7256,6880.0,20014,6890.0,11770,2025-05-09 14:36:02.948,,1683426690,245850,False,nan
1825,265577,1610894012,MERV - XMEV - GGAL - 24hs,6840.0,2025-05-09 14:36:01,76,2025-05-09 14:36:03.818,6830.0,199,6820.0,1611,6810.0,19105,6800.0,5004,6790.0,100,6840.0,1,6860.0,6141,6870.0,2256,6880.0,25014,6890.0,11770,2025-05-09 14:36:03.727,,1683426690,245850,False,nan
1826,265686,1610894191,MERV - XMEV - GGAL - 24hs,6860.0,2025-05-09 14:36:04,1,2025-05-09 14:36:04.448,6830.0,199,6820.0,1611,6810.0,19105,6800.0,5004,6790.0,100,6840.0,1,6860.0,6141,6870.0,2256,6880.0,25014,6890.0,11770,2025-05-09 14:36:04.228,,1683426690,245850,True,offer
1827,265768,1610894309,MERV - XMEV - GGAL - 24hs,6830.0,2025-05-09 14:36:04,14,2025-05-09 14:36:04.836,6830.0,199,6820.0,1611,6810.0,19105,6800.0,5004,6790.0,100,6840.0,1,6860.0,6141,6870.0,2256,6880.0,25014,6890.0,11770,2025-05-09 14:36:04.728,,1683440390,245852,False,nan
1828,265924,1610894518,MERV - XMEV - GGAL - 24hs,6860.0,2025-05-09 14:36:04,1,2025-05-09 14:36:05.474,6830.0,185,6820.0,1611,6810.0,19105,6800.0,5004,6790.0,100,6860.0,11215,6870.0,37256,6880.0,18014,6890.0,1770,6900.0,13861,2025-05-09 14:36:05.227,,1683542870,245867,False,nan
1829,265972,1610894586,MERV - XMEV - GGAL - 24hs,6860.0,2025-05-09 14:36:04,1,2025-05-09 14:36:05.813,6830.0,185,6820.0,1611,6810.0,19105,6800.0,5004,6790.0,100,6860.0,11215,6870.0,33256,6880.0,18014,6890.0,1770,6900.0,13861,2025-05-09 14:36:05.728,,1683542870,245867,False,nan
1830,266027,1610894663,MERV - XMEV - GGAL - 24hs,6860.0,2025-05-09 14:36:04,1,2025-05-09 14:36:06.405,6830.0,185,6820.0,1611,6810.0,19105,6800.0,5004,6790.0,100,6860.0,11215,6870.0,38256,6880.0,18014,6890.0,1770,6900.0,13861,2025-05-09 14:36:06.319,,1683542870,245867,False,nan
1831,266156,1610894858,MERV - XMEV - GGAL - 24hs,6860.0,2025-05-09 14:36:04,1,2025-05-09 14:36:07.292,6830.0,185,6820.0,1611,6810.0,19105,6800.0,5004,6790.0,100,6860.0,6215,6870.0,43256,6880.0,18014,6890.0,1770,6900.0,13861,2025-05-09 14:36:07.195,,1683542870,245867,False,nan
1832,266324,1610895075,MERV - XMEV - GGAL - 24hs,6860.0,2025-05-09 14:36:04,1,2025-05-09 14:36:08.100,6830.0,185,6820.0,1611,6810.0,19105,6800.0,5004,6790.0,100,6860.0,6215,6870.0,38256,6880.0,18014,6890.0,1770,6900.0,12161,2025-05-09 14:36:07.987,,1683542870,245867,False,nan
1833,266378,1610895168,MERV - XMEV - GGAL - 24hs,6830.0,2025-05-09 14:36:08,16,2025-05-09 14:36:08.574,6830.0,185,6820.0,1611,6810.0,19105,6800.0,5004,6790.0,100,6860.0,6215,6870.0,38256,6880.0,18014,6890.0,1770,6900.0,12161,2025-05-09 14:36:08.487,,1683542870,245867,True,bid
1834,266448,1610895257,MERV - XMEV - GGAL - 24hs,6830.0,2025-05-09 14:36:08,16,2025-05-09 14:36:09.082,6830.0,83,6820.0,1611,6810.0,19105,6800.0,5004,6790.0,100,6860.0,6215,6870.0,38256,6880.0,18014,6890.0,1770,6900.0,12161,2025-05-09 14:36:08.986,,1684239530,245969,False,nan
1835,266516,1610895357,MERV - XMEV - GGAL - 24hs,6830.0,2025-05-09 14:36:08,16,2025-05-09 14:36:09.732,6830.0,83,6820.0,1611,6810.0,19105,6800.0,5004,6790.0,100,6860.0,6215,6870.0,43256,6880.0,18014,6890.0,1770,6900.0,12161,2025-05-09 14:36:09.638,,1684239530,245969,False,nan
1836,266992,1610895984,MERV - XMEV - GGAL - 24hs,6830.0,2025-05-09 14:36:08,16,2025-05-09 14:36:13.015,6830.0,83,6820.0,1611,6810.0,19105,6800.0,5004,6790.0,100,6860.0,6215,6870.0,44256,6880.0,18014,6890.0,1770,6900.0,12161,2025-05-09 14:36:12.926,,1684239530,245969,False,nan
1837,267029,1610896031,MERV - XMEV - GGAL - 24hs,6830.0,2025-05-09 14:36:12,21,2025-05-09 14:36:13.507,6830.0,83,6820.0,1611,6810.0,19105,6800.0,5004,6790.0,100,6860.0,6215,6870.0,44256,6880.0,18014,6890.0,1770,6900.0,12161,2025-05-09 14:36:13.421,,1684239530,245969,True,bid
1838,267085,1610896104,MERV - XMEV - GGAL - 24hs,6830.0,2025-05-09 14:36:12,21,2025-05-09 14:36:14.007,6830.0,62,6820.0,1611,6810.0,19105,6800.0,5004,6790.0,100,6860.0,6215,6870.0,47256,6880.0,18014,6890.0,1770,6900.0,12161,2025-05-09 14:36:13.921,,1684382960,245990,False,nan
1839,267169,1610896221,MERV - XMEV - GGAL - 24hs,6830.0,2025-05-09 14:36:12,21,2025-05-09 14:36:14.548,6820.0,1611,6810.0,19105,6800.0,5003,6790.0,100,6780.0,2250,6860.0,6215,6870.0,46256,6880.0,18014,6890.0,1770,6900.0,12161,2025-05-09 14:36:14.458,,1684382960,245990,False,nan
1840,267242,1610896328,MERV - XMEV - GGAL - 24hs,6860.0,2025-05-09 14:36:14,72,2025-05-09 14:36:15.044,6820.0,1611,6810.0,19105,6800.0,5003,6790.0,100,6780.0,2250,6860.0,6215,6870.0,46256,6880.0,18014,6890.0,1770,6900.0,12161,2025-05-09 14:36:14.958,,1684894460,246065,True,offer
1841,267335,1610896467,MERV - XMEV - GGAL - 24hs,6860.0,2025-05-09 14:36:14,72,2025-05-09 14:36:15.600,6820.0,1536,6810.0,19105,6800.0,5003,6790.0,100,6780.0,2250,6860.0,6143,6870.0,46256,6880.0,18014,6890.0,1770,6900.0,12161,2025-05-09 14:36:15.459,,1685388380,246137,False,nan
1842,267407,1610896574,MERV - XMEV - GGAL - 24hs,6860.0,2025-05-09 14:36:15,3,2025-05-09 14:36:16.083,6820.0,1536,6810.0,19105,6800.0,5003,6790.0,100,6780.0,2250,6860.0,6143,6870.0,46256,6880.0,18014,6890.0,1770,6900.0,12161,2025-05-09 14:36:15.971,,1685388380,246137,True,offer
1843,267516,1610896716,MERV - XMEV - GGAL - 24hs,6820.0,2025-05-09 14:36:16,18,2025-05-09 14:36:16.560,6820.0,1518,6810.0,19105,6800.0,5003,6790.0,100,6780.0,2250,6860.0,6140,6870.0,46256,6880.0,18014,6890.0,1770,6900.0,12161,2025-05-09 14:36:16.471,,1685408960,246140,True,bid
1844,267571,1610896795,MERV - XMEV - GGAL - 24hs,6820.0,2025-05-09 14:36:16,4,2025-05-09 14:36:17.059,6820.0,1518,6810.0,19105,6800.0,5003,6790.0,100,6780.0,2250,6860.0,6140,6870.0,46256,6880.0,18014,6890.0,1770,6900.0,12161,2025-05-09 14:36:16.971,,1685531720,246158,False,nan
1845,267646,1610896885,MERV - XMEV - GGAL - 24hs,6850.0,2025-05-09 14:36:17,10,2025-05-09 14:36:17.567,6830.0,439,6820.0,1507,6810.0,19105,6800.0,5003,6790.0,100,6850.0,1,6860.0,6064,6870.0,36256,6880.0,23014,6890.0,1770,2025-05-09 14:36:17.471,,1685675240,246179,True,offer
1846,267854,1610897180,MERV - XMEV - GGAL - 24hs,6850.0,2025-05-09 14:36:17,10,2025-05-09 14:36:18.548,6830.0,439,6820.0,1507,6810.0,19105,6800.0,5003,6790.0,100,6850.0,77,6860.0,6064,6870.0,37256,6880.0,23014,6890.0,1970,2025-05-09 14:36:18.440,,1685675240,246179,False,nan
1847,268001,1610897404,MERV - XMEV - GGAL - 24hs,6850.0,2025-05-09 14:36:17,10,2025-05-09 14:36:19.348,6830.0,2415,6820.0,1507,6810.0,19105,6800.0,5003,6790.0,100,6850.0,77,6860.0,6064,6870.0,37256,6880.0,23014,6890.0,1970,2025-05-09 14:36:19.258,,1685675240,246179,False,nan
1848,268081,1610897511,MERV - XMEV - GGAL - 24hs,6830.0,2025-05-09 14:36:19,439,2025-05-09 14:36:20.034,6830.0,2415,6820.0,1507,6810.0,19105,6800.0,5003,6790.0,100,6850.0,77,6860.0,6064,6870.0,37256,6880.0,23014,6890.0,1970,2025-05-09 14:36:19.937,,1685675240,246179,True,bid
1849,268177,1610897635,MERV - XMEV - GGAL - 24hs,6830.0,2025-05-09 14:36:19,518,2025-05-09 14:36:20.526,6830.0,1458,6820.0,1507,6810.0,19105,6800.0,5003,6790.0,100,6850.0,76,6860.0,6064,6870.0,42256,6880.0,23014,6890.0,1970,2025-05-09 14:36:20.439,,1685675240,246179,False,nan
1850,268224,1610897703,MERV - XMEV - GGAL - 24hs,6830.0,2025-05-09 14:36:19,518,2025-05-09 14:36:21.052,6830.0,1458,6820.0,1507,6810.0,19105,6800.0,5003,6790.0,100,6850.0,76,6860.0,6064,6870.0,42256,6880.0,23014,6890.0,1970,2025-05-09 14:36:20.939,,1692211550,247136,False,nan
1851,268284,1610897788,MERV - XMEV - GGAL - 24hs,6830.0,2025-05-09 14:36:19,518,2025-05-09 14:36:21.548,6830.0,1458,6820.0,1507,6810.0,19105,6800.0,5003,6790.0,100,6850.0,6076,6860.0,11064,6870.0,22256,6880.0,8014,6890.0,1970,2025-05-09 14:36:21.439,,1692211550,247136,False,nan
1852,268413,1610897968,MERV - XMEV - GGAL - 24hs,6850.0,2025-05-09 14:36:22,76,2025-05-09 14:36:22.682,6830.0,1458,6820.0,1507,6810.0,19105,6800.0,5003,6790.0,100,6850.0,6076,6860.0,11064,6870.0,22256,6880.0,8014,6890.0,1970,2025-05-09 14:36:22.550,,1692211550,247136,True,offer
1853,268483,1610898070,MERV - XMEV - GGAL - 24hs,6850.0,2025-05-09 14:36:22,299,2025-05-09 14:36:23.130,6830.0,1458,6820.0,1507,6810.0,19105,6800.0,5003,6790.0,100,6850.0,6076,6860.0,11064,6870.0,22256,6880.0,8014,6890.0,1970,2025-05-09 14:36:23.045,,1692211550,247136,False,nan
1854,268525,1610898126,MERV - XMEV - GGAL - 24hs,6850.0,2025-05-09 14:36:22,299,2025-05-09 14:36:23.631,6830.0,1458,6820.0,1507,6810.0,19105,6800.0,5003,6790.0,100,6850.0,5701,6860.0,11064,6870.0,22256,6880.0,8014,6890.0,1970,2025-05-09 14:36:23.545,,1694780300,247511,False,nan
1855,268611,1610898263,MERV - XMEV - GGAL - 24hs,6850.0,2025-05-09 14:36:22,299,2025-05-09 14:36:24.184,6830.0,1534,6820.0,1507,6810.0,19105,6800.0,5003,6790.0,100,6850.0,6000,6860.0,11064,6870.0,22256,6880.0,8014,6890.0,1870,2025-05-09 14:36:24.045,,1694780300,247511,False,nan
1856,268728,1610898443,MERV - XMEV - GGAL - 24hs,6850.0,2025-05-09 14:36:22,299,2025-05-09 14:36:25.118,6830.0,1534,6820.0,1507,6810.0,4758,6800.0,5003,6790.0,14447,6850.0,14000,6860.0,6064,6870.0,22256,6880.0,8014,6890.0,1870,2025-05-09 14:36:25.032,,1694780300,247511,False,nan
1857,268861,1610898627,MERV - XMEV - GGAL - 24hs,6850.0,2025-05-09 14:36:22,299,2025-05-09 14:36:26.351,6830.0,1534,6820.0,1507,6810.0,4758,6800.0,5003,6790.0,14462,6850.0,17000,6860.0,3064,6870.0,22256,6880.0,8014,6890.0,1970,2025-05-09 14:36:26.258,,1694780300,247511,False,nan
1858,268957,1610898769,MERV - XMEV - GGAL - 24hs,6850.0,2025-05-09 14:36:22,299,2025-05-09 14:36:27.423,6830.0,634,6820.0,1507,6810.0,4758,6800.0,5003,6790.0,14462,6850.0,17000,6860.0,3064,6870.0,21256,6880.0,8014,6890.0,1970,2025-05-09 14:36:27.211,,1694780300,247511,False,nan
1859,269034,1610898886,MERV - XMEV - GGAL - 24hs,6830.0,2025-05-09 14:36:26,3,2025-05-09 14:36:27.788,6830.0,634,6820.0,1507,6810.0,4758,6800.0,5003,6790.0,14462,6850.0,17000,6860.0,3064,6870.0,21256,6880.0,8014,6890.0,1970,2025-05-09 14:36:27.467,,1694780300,247511,True,bid
1860,269096,1610898988,MERV - XMEV - GGAL - 24hs,6830.0,2025-05-09 14:36:26,3,2025-05-09 14:36:28.108,6830.0,631,6820.0,1507,6810.0,4758,6800.0,5003,6790.0,14462,6850.0,12000,6860.0,13064,6870.0,16256,6880.0,8014,6890.0,2470,2025-05-09 14:36:27.965,,1694800790,247514,False,nan
1861,269252,1610899211,MERV - XMEV - GGAL - 24hs,6830.0,2025-05-09 14:36:26,3,2025-05-09 14:36:29.331,6830.0,641,6820.0,1507,6810.0,4758,6800.0,5003,6790.0,14462,6850.0,12000,6860.0,13064,6870.0,16256,6880.0,8014,6890.0,1970,2025-05-09 14:36:29.148,,1694800790,247514,False,nan
1862,269312,1610899300,MERV - XMEV - GGAL - 24hs,6830.0,2025-05-09 14:36:29,7,2025-05-09 14:36:29.742,6830.0,641,6820.0,1507,6810.0,4758,6800.0,5003,6790.0,14462,6850.0,12000,6860.0,13064,6870.0,16256,6880.0,8014,6890.0,1970,2025-05-09 14:36:29.647,,1694800790,247514,True,bid
1863,269352,1610899353,MERV - XMEV - GGAL - 24hs,6850.0,2025-05-09 14:36:29,2,2025-05-09 14:36:30.234,6830.0,634,6820.0,1507,6810.0,4758,6800.0,6503,6790.0,14462,6850.0,12000,6860.0,13064,6870.0,16256,6880.0,8014,6890.0,1970,2025-05-09 14:36:30.148,,1694848600,247521,False,nan
1864,269446,1610899520,MERV - XMEV - GGAL - 24hs,6850.0,2025-05-09 14:36:29,2,2025-05-09 14:36:30.806,6830.0,634,6820.0,1507,6810.0,4758,6800.0,6503,6790.0,14462,6850.0,11998,6860.0,13464,6870.0,16256,6880.0,8014,6890.0,1770,2025-05-09 14:36:30.650,,1694862300,247523,False,nan
1865,269786,1610900046,MERV - XMEV - GGAL - 24hs,6850.0,2025-05-09 14:36:29,2,2025-05-09 14:36:32.455,6830.0,634,6820.0,2738,6810.0,3277,6800.0,6503,6790.0,14462,6850.0,3000,6860.0,13664,6870.0,25256,6880.0,8014,6890.0,1770,2025-05-09 14:36:31.956,,1694862300,247523,False,nan
1866,269983,1610900311,MERV - XMEV - GGAL - 24hs,6830.0,2025-05-09 14:36:33,2,2025-05-09 14:36:33.279,6830.0,634,6820.0,2738,6810.0,3277,6800.0,6503,6790.0,14462,6850.0,3000,6860.0,13664,6870.0,25256,6880.0,8014,6890.0,1770,2025-05-09 14:36:33.146,,1694862300,247523,True,bid
1867,270059,1610900414,MERV - XMEV - GGAL - 24hs,6830.0,2025-05-09 14:36:33,153,2025-05-09 14:36:33.736,6830.0,634,6820.0,2738,6810.0,3277,6800.0,6503,6790.0,14462,6850.0,3000,6860.0,13664,6870.0,25256,6880.0,8014,6890.0,1770,2025-05-09 14:36:33.648,,1694875960,247525,False,nan
1868,270156,1610900542,MERV - XMEV - GGAL - 24hs,6830.0,2025-05-09 14:36:33,5,2025-05-09 14:36:34.244,6830.0,474,6820.0,2738,6810.0,3277,6800.0,6503,6790.0,14462,6850.0,3000,6860.0,8664,6870.0,30256,6880.0,8014,6890.0,1770,2025-05-09 14:36:34.149,,1695955100,247683,False,nan
1869,270342,1610900810,MERV - XMEV - GGAL - 24hs,6830.0,2025-05-09 14:36:33,5,2025-05-09 14:36:35.259,6830.0,474,6820.0,2738,6810.0,3277,6800.0,6503,6790.0,14462,6850.0,3000,6860.0,17464,6870.0,21256,6880.0,8014,6890.0,1770,2025-05-09 14:36:35.170,,1695955100,247683,False,nan
1870,270779,1610901445,MERV - XMEV - GGAL - 24hs,6830.0,2025-05-09 14:36:33,5,2025-05-09 14:36:37.675,6830.0,623,6820.0,2738,6810.0,3277,6800.0,6503,6790.0,14462,6850.0,3000,6860.0,17464,6870.0,21256,6880.0,8014,6890.0,1770,2025-05-09 14:36:37.424,,1695955100,247683,False,nan
1871,270916,1610901643,MERV - XMEV - GGAL - 24hs,6830.0,2025-05-09 14:36:33,5,2025-05-09 14:36:38.265,6830.0,623,6820.0,2738,6810.0,3277,6800.0,6503,6790.0,14462,6850.0,3000,6860.0,8464,6870.0,30256,6880.0,8014,6890.0,1770,2025-05-09 14:36:38.088,,1695955100,247683,False,nan
1872,271133,1610901971,MERV - XMEV - GGAL - 24hs,6830.0,2025-05-09 14:36:37,189,2025-05-09 14:36:39.252,6830.0,623,6820.0,2738,6810.0,3277,6800.0,6503,6790.0,14462,6850.0,3000,6860.0,8464,6870.0,30256,6880.0,8014,6890.0,1770,2025-05-09 14:36:38.777,,1695955100,247683,True,bid
1873,271202,1610902074,MERV - XMEV - GGAL - 24hs,6830.0,2025-05-09 14:36:38,134,2025-05-09 14:36:39.575,6830.0,623,6820.0,2738,6810.0,3277,6800.0,6503,6790.0,14462,6850.0,3000,6860.0,8464,6870.0,30256,6880.0,8014,6890.0,1770,2025-05-09 14:36:39.278,,1697245970,247872,True,bid
1874,271280,1610902192,MERV - XMEV - GGAL - 24hs,6830.0,2025-05-09 14:36:38,134,2025-05-09 14:36:39.935,6830.0,300,6820.0,2738,6810.0,3277,6800.0,6503,6790.0,14462,6850.0,3000,6860.0,8464,6870.0,30256,6880.0,8014,6890.0,1770,2025-05-09 14:36:39.780,,1698161190,248006,False,nan
1875,271475,1610902462,MERV - XMEV - GGAL - 24hs,6830.0,2025-05-09 14:36:38,134,2025-05-09 14:36:40.791,6830.0,300,6820.0,2738,6810.0,3277,6800.0,6503,6790.0,14462,6850.0,4000,6860.0,8464,6870.0,30256,6880.0,8014,6890.0,1770,2025-05-09 14:36:40.560,,1698161190,248006,False,nan
1876,271656,1610902708,MERV - XMEV - GGAL - 24hs,6830.0,2025-05-09 14:36:38,134,2025-05-09 14:36:41.548,6830.0,300,6820.0,2738,6810.0,3277,6800.0,6603,6790.0,14462,6850.0,4000,6860.0,8064,6870.0,30256,6880.0,8014,6890.0,1970,2025-05-09 14:36:41.220,,1698161190,248006,False,nan
1877,271790,1610902910,MERV - XMEV - GGAL - 24hs,6850.0,2025-05-09 14:36:41,20,2025-05-09 14:36:42.163,6830.0,300,6820.0,2738,6810.0,3277,6800.0,6603,6790.0,14462,6850.0,4000,6860.0,8064,6870.0,30256,6880.0,8014,6890.0,1970,2025-05-09 14:36:41.831,,1698161190,248006,True,offer
1878,271880,1610903046,MERV - XMEV - GGAL - 24hs,6850.0,2025-05-09 14:36:41,20,2025-05-09 14:36:42.583,6830.0,300,6820.0,2738,6810.0,3277,6800.0,6603,6790.0,14462,6850.0,3980,6860.0,8064,6870.0,30256,6880.0,8014,6890.0,1970,2025-05-09 14:36:42.412,,1698161190,248006,False,nan
1879,271935,1610903140,MERV - XMEV - GGAL - 24hs,6850.0,2025-05-09 14:36:41,20,2025-05-09 14:36:43.002,6830.0,300,6820.0,2738,6810.0,3277,6800.0,6603,6790.0,14462,6850.0,3980,6860.0,8064,6870.0,30256,6880.0,8014,6890.0,1970,2025-05-09 14:36:42.912,,1698298190,248026,False,nan
1880,272425,1610903822,MERV - XMEV - GGAL - 24hs,6830.0,2025-05-09 14:36:44,65,2025-05-09 14:36:45.071,6830.0,300,6820.0,2738,6810.0,3277,6800.0,6603,6790.0,14462,6850.0,3980,6860.0,8064,6870.0,30256,6880.0,8014,6890.0,1970,2025-05-09 14:36:44.574,,1698298190,248026,True,bid
1881,272518,1610903950,MERV - XMEV - GGAL - 24hs,6830.0,2025-05-09 14:36:44,149,2025-05-09 14:36:45.471,6830.0,300,6820.0,2738,6810.0,3277,6800.0,6603,6790.0,14462,6850.0,3980,6860.0,8064,6870.0,30256,6880.0,8014,6890.0,1970,2025-05-09 14:36:45.071,,1698298190,248026,False,nan
1882,272575,1610904041,MERV - XMEV - GGAL - 24hs,6830.0,2025-05-09 14:36:44,149,2025-05-09 14:36:45.759,6820.0,2738,6810.0,3277,6800.0,6603,6790.0,14462,6780.0,2250,6850.0,4056,6860.0,13064,6870.0,25256,6880.0,8014,6890.0,1970,2025-05-09 14:36:45.571,,1700347190,248326,False,nan
1883,272626,1610904111,MERV - XMEV - GGAL - 24hs,6850.0,2025-05-09 14:36:45,2,2025-05-09 14:36:46.159,6820.0,2738,6810.0,3277,6800.0,6603,6790.0,14462,6780.0,2250,6850.0,4056,6860.0,13064,6870.0,25256,6880.0,8014,6890.0,1970,2025-05-09 14:36:46.071,,1700840390,248398,True,offer
1884,272684,1610904198,MERV - XMEV - GGAL - 24hs,6850.0,2025-05-09 14:36:45,2,2025-05-09 14:36:46.682,6820.0,2738,6810.0,3277,6800.0,6603,6790.0,14462,6780.0,2250,6850.0,3982,6860.0,13064,6870.0,25256,6880.0,8014,6890.0,1970,2025-05-09 14:36:46.571,,1700854090,248400,False,nan
1885,272814,1610904384,MERV - XMEV - GGAL - 24hs,6850.0,2025-05-09 14:36:45,2,2025-05-09 14:36:47.475,6820.0,1257,6810.0,4758,6800.0,6613,6790.0,14462,6780.0,2250,6850.0,3982,6860.0,8064,6870.0,30256,6880.0,8014,6890.0,1970,2025-05-09 14:36:47.353,,1700854090,248400,False,nan
1886,273287,1610905072,MERV - XMEV - GGAL - 24hs,6850.0,2025-05-09 14:36:45,2,2025-05-09 14:36:50.652,6820.0,1257,6810.0,3258,6800.0,6613,6790.0,14462,6780.0,2250,6850.0,3982,6860.0,8064,6870.0,25256,6880.0,8014,6890.0,1970,2025-05-09 14:36:50.563,,1700854090,248400,False,nan
1887,273357,1610905189,MERV - XMEV - GGAL - 24hs,6850.0,2025-05-09 14:36:45,2,2025-05-09 14:36:51.407,6820.0,1257,6810.0,3258,6800.0,6613,6790.0,14462,6780.0,2250,6850.0,3982,6860.0,8064,6870.0,26256,6880.0,8014,6890.0,1970,2025-05-09 14:36:51.321,,1700854090,248400,False,nan
1888,273482,1610905370,MERV - XMEV - GGAL - 24hs,6850.0,2025-05-09 14:36:45,2,2025-05-09 14:36:52.248,6830.0,50,6820.0,1257,6810.0,3258,6800.0,6613,6790.0,14462,6850.0,3982,6860.0,8064,6870.0,25256,6880.0,8014,6890.0,1970,2025-05-09 14:36:52.113,,1700854090,248400,False,nan
1889,273601,1610905576,MERV - XMEV - GGAL - 24hs,6850.0,2025-05-09 14:36:45,2,2025-05-09 14:36:53.333,6830.0,50,6820.0,1507,6810.0,3258,6800.0,6613,6790.0,14462,6850.0,3982,6860.0,8064,6870.0,27256,6880.0,8014,6890.0,1970,2025-05-09 14:36:53.247,,1700854090,248400,False,nan
1890,273665,1610905665,MERV - XMEV - GGAL - 24hs,6830.0,2025-05-09 14:36:53,50,2025-05-09 14:36:54.024,6830.0,50,6820.0,1507,6810.0,3258,6800.0,6613,6790.0,14462,6850.0,3982,6860.0,8064,6870.0,27256,6880.0,8014,6890.0,1970,2025-05-09 14:36:53.938,,1700854090,248400,True,bid
1891,273736,1610905775,MERV - XMEV - GGAL - 24hs,6830.0,2025-05-09 14:36:53,50,2025-05-09 14:36:54.698,6820.0,1507,6810.0,3258,6800.0,6613,6790.0,14462,6780.0,2250,6850.0,3982,6860.0,8064,6870.0,27256,6880.0,8014,6890.0,1970,2025-05-09 14:36:54.612,,1700854090,248400,False,nan
1892,273820,1610905890,MERV - XMEV - GGAL - 24hs,6830.0,2025-05-09 14:36:53,50,2025-05-09 14:36:55.199,6820.0,1507,6810.0,3258,6800.0,6613,6790.0,14462,6780.0,2250,6850.0,3982,6860.0,8064,6870.0,27256,6880.0,8014,6890.0,1970,2025-05-09 14:36:55.112,,1701195590,248450,False,nan
1893,274196,1610906442,MERV - XMEV - GGAL - 24hs,6820.0,2025-05-09 14:36:57,3,2025-05-09 14:36:57.423,6820.0,1507,6810.0,3258,6800.0,6613,6790.0,14462,6780.0,2250,6850.0,3982,6860.0,8064,6870.0,27256,6880.0,8014,6890.0,1970,2025-05-09 14:36:57.208,,1701195590,248450,True,bid
1894,274341,1610906622,MERV - XMEV - GGAL - 24hs,6820.0,2025-05-09 14:36:57,3,2025-05-09 14:36:57.987,6820.0,1504,6810.0,3258,6800.0,6613,6790.0,14462,6780.0,2250,6850.0,3982,6860.0,8064,6870.0,27256,6880.0,8014,6890.0,1970,2025-05-09 14:36:57.830,,1701195590,248450,False,nan
1895,274419,1610906719,MERV - XMEV - GGAL - 24hs,6820.0,2025-05-09 14:36:57,3,2025-05-09 14:36:58.424,6820.0,1504,6810.0,3258,6800.0,6613,6790.0,14462,6780.0,2250,6850.0,3982,6860.0,8064,6870.0,27256,6880.0,8014,6890.0,1970,2025-05-09 14:36:58.330,,1701216050,248453,False,nan
1896,274610,1610906967,MERV - XMEV - GGAL - 24hs,6820.0,2025-05-09 14:36:59,109,2025-05-09 14:36:59.832,6820.0,1504,6810.0,3258,6800.0,6613,6790.0,14462,6780.0,2250,6850.0,3982,6860.0,8064,6870.0,27256,6880.0,8014,6890.0,1970,2025-05-09 14:36:59.746,,1701216050,248453,True,bid
1897,274681,1610907073,MERV - XMEV - GGAL - 24hs,6820.0,2025-05-09 14:36:59,15,2025-05-09 14:37:00.399,6820.0,1504,6810.0,3258,6800.0,6613,6790.0,14462,6780.0,2250,6850.0,3982,6860.0,8064,6870.0,27256,6880.0,8014,6890.0,1970,2025-05-09 14:37:00.246,,1701959430,248562,False,nan
1898,274767,1610907190,MERV - XMEV - GGAL - 24hs,6820.0,2025-05-09 14:36:59,15,2025-05-09 14:37:00.831,6820.0,1380,6810.0,1854,6800.0,8094,6790.0,14462,6780.0,2250,6850.0,3982,6860.0,8164,6870.0,27256,6880.0,8014,6890.0,1970,2025-05-09 14:37:00.745,,1702061730,248577,False,nan
1899,274950,1610907434,MERV - XMEV - GGAL - 24hs,6820.0,2025-05-09 14:36:59,15,2025-05-09 14:37:02.458,6820.0,1380,6810.0,1854,6800.0,8094,6790.0,14462,6780.0,2250,6850.0,3982,6860.0,8164,6870.0,22256,6880.0,13014,6890.0,1970,2025-05-09 14:37:02.264,,1702061730,248577,False,nan
1900,275173,1610907843,MERV - XMEV - GGAL - 24hs,6820.0,2025-05-09 14:37:01,745,2025-05-09 14:37:03.720,6820.0,1380,6810.0,1854,6800.0,8094,6790.0,14462,6780.0,2250,6850.0,3982,6860.0,8164,6870.0,22256,6880.0,13014,6890.0,1970,2025-05-09 14:37:03.006,,1702061730,248577,True,bid
1901,275283,1610907995,MERV - XMEV - GGAL - 24hs,6820.0,2025-05-09 14:37:01,250,2025-05-09 14:37:04.196,6820.0,1380,6810.0,1854,6800.0,8094,6790.0,14462,6780.0,2250,6850.0,3982,6860.0,8164,6870.0,22256,6880.0,13014,6890.0,1970,2025-05-09 14:37:03.506,,1702061730,248577,False,nan
1902,275477,1610908268,MERV - XMEV - GGAL - 24hs,6820.0,2025-05-09 14:37:01,250,2025-05-09 14:37:05.046,6810.0,1854,6800.0,8094,6790.0,14462,6780.0,2250,6770.0,200,6850.0,3982,6860.0,8164,6870.0,22256,6880.0,13014,6890.0,1970,2025-05-09 14:37:04.544,,1711473330,249957,False,nan
1903,275658,1610908538,MERV - XMEV - GGAL - 24hs,6820.0,2025-05-09 14:37:01,250,2025-05-09 14:37:05.876,6830.0,200,6810.0,1854,6800.0,8094,6790.0,14462,6780.0,2250,6850.0,3982,6860.0,3164,6870.0,27256,6880.0,13014,6890.0,2970,2025-05-09 14:37:04.706,,1711473330,249957,False,nan
1904,275989,1610909023,MERV - XMEV - GGAL - 24hs,6820.0,2025-05-09 14:37:01,250,2025-05-09 14:37:07.366,6830.0,200,6810.0,1854,6800.0,8094,6790.0,14462,6780.0,2250,6850.0,3982,6860.0,3164,6870.0,25256,6880.0,13014,6890.0,2970,2025-05-09 14:37:05.144,,1711473330,249957,False,nan
1905,276121,1610909195,MERV - XMEV - GGAL - 24hs,6830.0,2025-05-09 14:37:06,78,2025-05-09 14:37:07.896,6830.0,200,6810.0,1854,6800.0,8094,6790.0,14462,6780.0,2250,6850.0,3982,6860.0,3164,6870.0,25256,6880.0,13014,6890.0,2970,2025-05-09 14:37:06.050,,1711473330,249957,True,bid
1906,276171,1610909269,MERV - XMEV - GGAL - 24hs,6830.0,2025-05-09 14:37:06,94,2025-05-09 14:37:08.127,6830.0,200,6810.0,1854,6800.0,8094,6790.0,14462,6780.0,2250,6850.0,3982,6860.0,3164,6870.0,25256,6880.0,13014,6890.0,2970,2025-05-09 14:37:06.550,,1712006070,250035,False,nan
1907,276258,1610909383,MERV - XMEV - GGAL - 24hs,6830.0,2025-05-09 14:37:06,94,2025-05-09 14:37:08.475,6830.0,28,6810.0,1854,6800.0,8094,6790.0,14462,6780.0,2250,6850.0,3982,6860.0,3164,6870.0,24256,6880.0,13014,6890.0,2970,2025-05-09 14:37:07.050,,1712648090,250129,False,nan
1908,276710,1610910078,MERV - XMEV - GGAL - 24hs,6830.0,2025-05-09 14:37:06,94,2025-05-09 14:37:10.642,6830.0,28,6810.0,1909,6800.0,8094,6790.0,14462,6780.0,2250,6850.0,3982,6860.0,3164,6870.0,24256,6880.0,13014,6890.0,2970,2025-05-09 14:37:09.557,,1712648090,250129,False,nan
1909,277057,1610910622,MERV - XMEV - GGAL - 24hs,6830.0,2025-05-09 14:37:06,94,2025-05-09 14:37:12.336,6830.0,28,6810.0,1909,6800.0,8094,6790.0,14462,6780.0,2250,6840.0,3000,6850.0,3906,6860.0,3164,6870.0,24256,6880.0,13021,2025-05-09 14:37:11.011,,1712648090,250129,False,nan
1910,277161,1610910811,MERV - XMEV - GGAL - 24hs,6830.0,2025-05-09 14:37:06,94,2025-05-09 14:37:12.906,6830.0,28,6810.0,1909,6800.0,8094,6790.0,14462,6780.0,2250,6840.0,3250,6850.0,3906,6860.0,3164,6870.0,24256,6880.0,13021,2025-05-09 14:37:12.252,,1712648090,250129,False,nan
1911,277452,1610911259,MERV - XMEV - GGAL - 24hs,6840.0,2025-05-09 14:37:13,9,2025-05-09 14:37:14.303,6830.0,28,6810.0,1909,6800.0,8094,6790.0,14462,6780.0,2250,6840.0,3250,6850.0,3906,6860.0,3164,6870.0,24256,6880.0,13021,2025-05-09 14:37:13.693,,1712648090,250129,True,offer
1912,277507,1610911352,MERV - XMEV - GGAL - 24hs,6840.0,2025-05-09 14:37:13,9,2025-05-09 14:37:14.603,6830.0,28,6810.0,1909,6800.0,8094,6790.0,14462,6780.0,2250,6840.0,3241,6850.0,3906,6860.0,3164,6870.0,24256,6880.0,13021,2025-05-09 14:37:14.192,,1712648090,250129,False,nan
1913,277599,1610911483,MERV - XMEV - GGAL - 24hs,6840.0,2025-05-09 14:37:13,9,2025-05-09 14:37:15.000,6830.0,28,6810.0,1909,6800.0,8094,6790.0,14462,6780.0,2250,6840.0,3241,6850.0,3906,6860.0,3164,6870.0,24256,6880.0,13021,2025-05-09 14:37:14.691,,1712709650,250138,False,nan
1914,277662,1610911568,MERV - XMEV - GGAL - 24hs,6840.0,2025-05-09 14:37:14,9,2025-05-09 14:37:15.281,6830.0,28,6810.0,1909,6800.0,8094,6790.0,14462,6780.0,2250,6840.0,3241,6850.0,3906,6860.0,3164,6870.0,24256,6880.0,13021,2025-05-09 14:37:15.192,,1712730140,250141,True,offer
1915,277739,1610911674,MERV - XMEV - GGAL - 24hs,6840.0,2025-05-09 14:37:14,9,2025-05-09 14:37:15.778,6830.0,25,6810.0,1939,6800.0,8094,6790.0,14462,6780.0,2250,6840.0,3232,6850.0,3906,6860.0,3164,6870.0,24256,6880.0,13521,2025-05-09 14:37:15.692,,1712791700,250150,False,nan
1916,277840,1610911816,MERV - XMEV - GGAL - 24hs,6840.0,2025-05-09 14:37:16,14,2025-05-09 14:37:16.526,6830.0,25,6810.0,1939,6800.0,8094,6790.0,14462,6780.0,2250,6840.0,3232,6850.0,3906,6860.0,3164,6870.0,24256,6880.0,13521,2025-05-09 14:37:16.432,,1712791700,250150,True,offer
1917,277927,1610911930,MERV - XMEV - GGAL - 24hs,6840.0,2025-05-09 14:37:16,14,2025-05-09 14:37:17.030,6830.0,134,6810.0,1939,6800.0,8094,6790.0,14462,6780.0,2250,6840.0,3218,6850.0,3906,6860.0,3164,6870.0,24256,6880.0,13521,2025-05-09 14:37:16.932,,1712791700,250150,False,nan
1918,277971,1610911987,MERV - XMEV - GGAL - 24hs,6840.0,2025-05-09 14:37:16,14,2025-05-09 14:37:17.521,6830.0,134,6810.0,1939,6800.0,8094,6790.0,14462,6780.0,2250,6840.0,3218,6850.0,3906,6860.0,3164,6870.0,24256,6880.0,13521,2025-05-09 14:37:17.433,,1712887460,250164,False,nan
1919,278241,1610912337,MERV - XMEV - GGAL - 24hs,6830.0,2025-05-09 14:37:19,25,2025-05-09 14:37:19.599,6830.0,134,6810.0,1939,6800.0,8094,6790.0,14462,6780.0,2250,6840.0,3218,6850.0,3906,6860.0,3164,6870.0,24256,6880.0,13521,2025-05-09 14:37:19.488,,1712887460,250164,True,bid
1920,278281,1610912389,MERV - XMEV - GGAL - 24hs,6830.0,2025-05-09 14:37:19,109,2025-05-09 14:37:20.077,6810.0,1939,6800.0,8094,6790.0,14462,6780.0,2250,6770.0,200,6840.0,3294,6850.0,3906,6860.0,3164,6870.0,24256,6880.0,13214,2025-05-09 14:37:19.988,,1712887460,250164,False,nan
1921,278394,1610912556,MERV - XMEV - GGAL - 24hs,6830.0,2025-05-09 14:37:19,109,2025-05-09 14:37:20.674,6810.0,1939,6800.0,8094,6790.0,14462,6780.0,2250,6770.0,200,6840.0,3294,6850.0,3906,6860.0,3164,6870.0,24256,6880.0,13214,2025-05-09 14:37:20.496,,1713802680,250298,False,nan
1922,278511,1610912721,MERV - XMEV - GGAL - 24hs,6830.0,2025-05-09 14:37:19,109,2025-05-09 14:37:21.595,6810.0,1939,6800.0,8094,6790.0,14462,6780.0,2250,6770.0,200,6840.0,3294,6850.0,3906,6860.0,3164,6870.0,14256,6880.0,23214,2025-05-09 14:37:21.494,,1713802680,250298,False,nan
1923,278650,1610912915,MERV - XMEV - GGAL - 24hs,6830.0,2025-05-09 14:37:19,109,2025-05-09 14:37:22.344,6810.0,1939,6800.0,22441,6790.0,115,6780.0,2250,6770.0,200,6840.0,3294,6850.0,3906,6860.0,3164,6870.0,14256,6880.0,23214,2025-05-09 14:37:22.243,,1713802680,250298,False,nan
1924,279060,1610913508,MERV - XMEV - GGAL - 24hs,6830.0,2025-05-09 14:37:19,109,2025-05-09 14:37:25.347,6810.0,1939,6800.0,20941,6790.0,115,6780.0,2250,6770.0,200,6840.0,3294,6850.0,3906,6860.0,3164,6870.0,14256,6880.0,23214,2025-05-09 14:37:25.261,,1713802680,250298,False,nan
1925,279327,1610913929,MERV - XMEV - GGAL - 24hs,6830.0,2025-05-09 14:37:19,109,2025-05-09 14:37:28.050,6810.0,2439,6800.0,20941,6790.0,115,6780.0,2250,6770.0,200,6840.0,3294,6850.0,3906,6860.0,3164,6870.0,12256,6880.0,23214,2025-05-09 14:37:27.962,,1713802680,250298,False,nan
1926,279628,1610914345,MERV - XMEV - GGAL - 24hs,6830.0,2025-05-09 14:37:19,109,2025-05-09 14:37:29.942,6810.0,2439,6800.0,21191,6790.0,115,6780.0,2250,6770.0,200,6840.0,3294,6850.0,3906,6860.0,3164,6870.0,12256,6880.0,23214,2025-05-09 14:37:29.852,,1713802680,250298,False,nan
1927,279873,1610914672,MERV - XMEV - GGAL - 24hs,6840.0,2025-05-09 14:37:31,20,2025-05-09 14:37:31.495,6810.0,2439,6800.0,21191,6790.0,115,6780.0,2250,6770.0,200,6840.0,3294,6850.0,3906,6860.0,3164,6870.0,12256,6880.0,23214,2025-05-09 14:37:31.397,,1713802680,250298,True,offer
1928,280032,1610914892,MERV - XMEV - GGAL - 24hs,6840.0,2025-05-09 14:37:31,20,2025-05-09 14:37:32.180,6810.0,2439,6800.0,6844,6790.0,14462,6780.0,2250,6770.0,200,6840.0,3274,6850.0,3906,6860.0,12364,6870.0,20256,6880.0,8214,2025-05-09 14:37:31.898,,1713802680,250298,False,nan
1929,280100,1610914990,MERV - XMEV - GGAL - 24hs,6840.0,2025-05-09 14:37:31,20,2025-05-09 14:37:32.502,6810.0,2439,6800.0,6844,6790.0,14462,6780.0,2250,6770.0,200,6840.0,3274,6850.0,3906,6860.0,12364,6870.0,20256,6880.0,8214,2025-05-09 14:37:32.397,,1713939480,250318,False,nan
1930,280173,1610915100,MERV - XMEV - GGAL - 24hs,6840.0,2025-05-09 14:37:31,20,2025-05-09 14:37:32.984,6810.0,2439,6800.0,6844,6790.0,14462,6780.0,2250,6770.0,200,6840.0,3274,6850.0,3906,6860.0,11364,6870.0,20256,6880.0,8214,2025-05-09 14:37:32.897,,1713939480,250318,False,nan
1931,280232,1610915182,MERV - XMEV - GGAL - 24hs,6810.0,2025-05-09 14:37:33,179,2025-05-09 14:37:33.537,6810.0,2439,6800.0,6844,6790.0,14462,6780.0,2250,6770.0,200,6840.0,3274,6850.0,3906,6860.0,11364,6870.0,20256,6880.0,8214,2025-05-09 14:37:33.447,,1713939480,250318,True,bid
1932,280337,1610915318,MERV - XMEV - GGAL - 24hs,6810.0,2025-05-09 14:37:33,35,2025-05-09 14:37:34.115,6810.0,1901,6800.0,6844,6790.0,14462,6780.0,2250,6770.0,200,6840.0,3274,6850.0,3906,6860.0,12364,6870.0,6256,6880.0,18214,2025-05-09 14:37:33.947,,1717603260,250856,False,nan
1933,280393,1610915394,MERV - XMEV - GGAL - 24hs,6840.0,2025-05-09 14:37:33,62,2025-05-09 14:37:34.782,6810.0,1866,6800.0,6844,6790.0,14462,6780.0,2250,6770.0,200,6840.0,3212,6850.0,3906,6860.0,17364,6870.0,1256,6880.0,18214,2025-05-09 14:37:34.574,,1718265690,250953,False,nan
1934,280465,1610915485,MERV - XMEV - GGAL - 24hs,6840.0,2025-05-09 14:37:33,62,2025-05-09 14:37:35.087,6810.0,1866,6800.0,6844,6790.0,14462,6780.0,2250,6770.0,200,6840.0,3212,6850.0,3906,6860.0,12364,6870.0,6256,6880.0,18214,2025-05-09 14:37:34.999,,1718265690,250953,False,nan
1935,280525,1610915586,MERV - XMEV - GGAL - 24hs,6840.0,2025-05-09 14:37:35,7,2025-05-09 14:37:35.835,6810.0,1866,6800.0,6844,6790.0,14462,6780.0,2250,6770.0,200,6840.0,3212,6850.0,3906,6860.0,12364,6870.0,6256,6880.0,18214,2025-05-09 14:37:35.732,,1718265690,250953,True,offer
1936,280592,1610915677,MERV - XMEV - GGAL - 24hs,6840.0,2025-05-09 14:37:35,7,2025-05-09 14:37:36.318,6810.0,1866,6800.0,6844,6790.0,14462,6780.0,2250,6770.0,200,6840.0,3205,6850.0,3906,6860.0,14364,6870.0,6256,6880.0,18214,2025-05-09 14:37:36.231,,1718265690,250953,False,nan
1937,280648,1610915760,MERV - XMEV - GGAL - 24hs,6840.0,2025-05-09 14:37:35,7,2025-05-09 14:37:36.839,6810.0,1866,6800.0,6844,6790.0,14462,6780.0,2250,6770.0,200,6840.0,3205,6850.0,3906,6860.0,14364,6870.0,6256,6880.0,18214,2025-05-09 14:37:36.731,,1718313570,250960,False,nan
1938,280717,1610915846,MERV - XMEV - GGAL - 24hs,6810.0,2025-05-09 14:37:36,153,2025-05-09 14:37:37.319,6810.0,1866,6800.0,6844,6790.0,14462,6780.0,2250,6770.0,200,6840.0,3205,6850.0,3906,6860.0,14364,6870.0,6256,6880.0,18214,2025-05-09 14:37:37.231,,1718313570,250960,True,bid
1939,280797,1610915962,MERV - XMEV - GGAL - 24hs,6810.0,2025-05-09 14:37:36,153,2025-05-09 14:37:37.835,6810.0,1713,6800.0,6844,6790.0,14462,6780.0,2250,6770.0,200,6840.0,6111,6850.0,1000,6860.0,12364,6870.0,10256,6880.0,18214,2025-05-09 14:37:37.731,,1719355500,251113,False,nan
1940,281077,1610916367,MERV - XMEV - GGAL - 24hs,6810.0,2025-05-09 14:37:38,3,2025-05-09 14:37:39.251,6810.0,1713,6800.0,6844,6790.0,14462,6780.0,2250,6770.0,200,6840.0,6111,6850.0,1000,6860.0,12364,6870.0,10256,6880.0,18214,2025-05-09 14:37:38.925,,1719355500,251113,True,bid
1941,281172,1610916496,MERV - XMEV - GGAL - 24hs,6810.0,2025-05-09 14:37:39,145,2025-05-09 14:37:39.650,6810.0,1690,6800.0,6844,6790.0,14462,6780.0,2250,6770.0,200,6840.0,6110,6850.0,1000,6860.0,12364,6870.0,10256,6880.0,18214,2025-05-09 14:37:39.424,,1719518970,251137,True,bid
1942,281331,1610916723,MERV - XMEV - GGAL - 24hs,6810.0,2025-05-09 14:37:39,145,2025-05-09 14:37:40.345,6810.0,1545,6800.0,6844,6790.0,14462,6780.0,2250,6770.0,200,6840.0,6110,6850.0,1000,6860.0,12364,6870.0,10256,6880.0,18214,2025-05-09 14:37:40.028,,1719518970,251137,False,nan
1943,281375,1610916781,MERV - XMEV - GGAL - 24hs,6810.0,2025-05-09 14:37:39,145,2025-05-09 14:37:40.614,6810.0,1545,6800.0,6844,6790.0,14462,6780.0,2250,6770.0,200,6840.0,6110,6850.0,1000,6860.0,12364,6870.0,10256,6880.0,18214,2025-05-09 14:37:40.527,,1720506420,251282,False,nan
1944,281648,1610917185,MERV - XMEV - GGAL - 24hs,6810.0,2025-05-09 14:37:42,206,2025-05-09 14:37:42.807,6810.0,1545,6800.0,6844,6790.0,14462,6780.0,2250,6770.0,200,6840.0,6110,6850.0,1000,6860.0,12364,6870.0,10256,6880.0,18214,2025-05-09 14:37:42.713,,1720506420,251282,True,bid
1945,281689,1610917238,MERV - XMEV - GGAL - 24hs,6810.0,2025-05-09 14:37:42,206,2025-05-09 14:37:43.299,6810.0,1339,6800.0,6844,6790.0,14462,6780.0,2250,6770.0,200,6840.0,6110,6850.0,1000,6860.0,12364,6870.0,10456,6880.0,18214,2025-05-09 14:37:43.213,,1720506420,251282,False,nan
1946,281749,1610917314,MERV - XMEV - GGAL - 24hs,6840.0,2025-05-09 14:37:43,4,2025-05-09 14:37:43.804,6810.0,1339,6800.0,6844,6790.0,14462,6780.0,2250,6770.0,200,6840.0,6110,6850.0,1000,6860.0,12364,6870.0,10456,6880.0,18214,2025-05-09 14:37:43.713,,1721936640,251492,True,offer
1947,281817,1610917407,MERV - XMEV - GGAL - 24hs,6810.0,2025-05-09 14:37:43,3,2025-05-09 14:37:44.301,6810.0,1336,6800.0,6844,6790.0,14462,6780.0,2250,6770.0,200,6840.0,6106,6850.0,1000,6860.0,10364,6870.0,8456,6880.0,18214,2025-05-09 14:37:44.213,,1721936640,251492,False,nan
1948,281877,1610917484,MERV - XMEV - GGAL - 24hs,6840.0,2025-05-09 14:37:44,7,2025-05-09 14:37:44.802,6810.0,1336,6800.0,6844,6790.0,14462,6780.0,2250,6770.0,200,6840.0,6106,6850.0,1000,6860.0,10364,6870.0,8456,6880.0,18214,2025-05-09 14:37:44.713,,1721957070,251495,True,offer
1949,281974,1610917599,MERV - XMEV - GGAL - 24hs,6810.0,2025-05-09 14:37:44,151,2025-05-09 14:37:45.342,6810.0,1336,6800.0,6844,6790.0,14462,6780.0,2250,6770.0,200,6840.0,6099,6850.0,1000,6860.0,10364,6870.0,9456,6880.0,18214,2025-05-09 14:37:45.217,,1722004950,251502,False,nan
1950,282067,1610917716,MERV - XMEV - GGAL - 24hs,6810.0,2025-05-09 14:37:44,151,2025-05-09 14:37:45.812,6810.0,1185,6800.0,6844,6790.0,14462,6780.0,2250,6770.0,200,6840.0,6099,6850.0,1000,6860.0,8364,6870.0,9456,6880.0,18214,2025-05-09 14:37:45.713,,1723033260,251653,False,nan
1951,282296,1610918049,MERV - XMEV - GGAL - 24hs,6810.0,2025-05-09 14:37:44,151,2025-05-09 14:37:46.908,6810.0,1185,6800.0,6844,6790.0,14462,6780.0,2250,6770.0,200,6840.0,6099,6850.0,1000,6860.0,11364,6870.0,9456,6880.0,18214,2025-05-09 14:37:46.770,,1723033260,251653,False,nan
1952,282406,1610918221,MERV - XMEV - GGAL - 24hs,6810.0,2025-05-09 14:37:44,151,2025-05-09 14:37:47.564,6810.0,1185,6800.0,6844,6790.0,14462,6780.0,2250,6770.0,200,6840.0,6099,6850.0,1000,6860.0,11364,6870.0,10456,6880.0,18214,2025-05-09 14:37:47.467,,1723033260,251653,False,nan
1953,282490,1610918330,MERV - XMEV - GGAL - 24hs,6840.0,2025-05-09 14:37:47,1,2025-05-09 14:37:48.106,6810.0,1185,6800.0,6844,6790.0,14462,6780.0,2250,6770.0,200,6840.0,6099,6850.0,1000,6860.0,11364,6870.0,10456,6880.0,18214,2025-05-09 14:37:48.018,,1723033260,251653,True,offer
1954,282548,1610918417,MERV - XMEV - GGAL - 24hs,6810.0,2025-05-09 14:37:48,61,2025-05-09 14:37:48.605,6810.0,1185,6800.0,6844,6790.0,14462,6780.0,2250,6770.0,200,6840.0,6099,6850.0,1000,6860.0,11364,6870.0,10456,6880.0,18214,2025-05-09 14:37:48.518,,1723040100,251654,True,bid
1955,282628,1610918522,MERV - XMEV - GGAL - 24hs,6810.0,2025-05-09 14:37:48,61,2025-05-09 14:37:49.113,6810.0,1124,6800.0,6844,6790.0,14462,6780.0,2250,6770.0,200,6840.0,6098,6850.0,1000,6860.0,12364,6870.0,10456,6880.0,18214,2025-05-09 14:37:49.026,,1723455510,251715,False,nan
1956,282756,1610918694,MERV - XMEV - GGAL - 24hs,6810.0,2025-05-09 14:37:48,61,2025-05-09 14:37:49.969,6810.0,1124,6800.0,6844,6790.0,14462,6780.0,2250,6770.0,200,6840.0,6098,6850.0,1000,6860.0,12364,6870.0,8456,6880.0,18214,2025-05-09 14:37:49.883,,1723455510,251715,False,nan
1957,282962,1610918984,MERV - XMEV - GGAL - 24hs,6810.0,2025-05-09 14:37:48,61,2025-05-09 14:37:51.084,6810.0,15471,6800.0,6844,6790.0,115,6780.0,2250,6770.0,200,6840.0,6098,6850.0,1000,6860.0,12364,6870.0,8456,6880.0,18214,2025-05-09 14:37:50.998,,1723455510,251715,False,nan
1958,283250,1610919401,MERV - XMEV - GGAL - 24hs,6810.0,2025-05-09 14:37:53,163,2025-05-09 14:37:53.791,6810.0,15471,6800.0,6844,6790.0,115,6780.0,2250,6770.0,200,6840.0,6098,6850.0,1000,6860.0,12364,6870.0,8456,6880.0,18214,2025-05-09 14:37:53.697,,1723455510,251715,True,bid
1959,283312,1610919486,MERV - XMEV - GGAL - 24hs,6810.0,2025-05-09 14:37:54,3,2025-05-09 14:37:54.283,6810.0,15173,6800.0,6744,6790.0,100,6780.0,2250,6770.0,200,6840.0,6098,6850.0,1000,6860.0,11364,6870.0,9456,6880.0,18214,2025-05-09 14:37:54.197,,1724565540,251878,True,bid
1960,283432,1610919654,MERV - XMEV - GGAL - 24hs,6810.0,2025-05-09 14:37:54,3,2025-05-09 14:37:54.856,6810.0,15173,6800.0,6744,6790.0,100,6780.0,2250,6770.0,200,6840.0,6098,6850.0,1000,6860.0,11364,6870.0,9456,6880.0,18214,2025-05-09 14:37:54.700,,1724606400,251884,False,nan
1961,283497,1610919733,MERV - XMEV - GGAL - 24hs,6810.0,2025-05-09 14:37:54,3,2025-05-09 14:37:55.286,6810.0,15167,6800.0,6494,6790.0,100,6780.0,2250,6770.0,200,6840.0,6098,6850.0,1000,6860.0,11364,6870.0,9456,6880.0,18214,2025-05-09 14:37:55.200,,1724606400,251884,False,nan
1962,283550,1610919812,MERV - XMEV - GGAL - 24hs,6810.0,2025-05-09 14:37:54,3,2025-05-09 14:37:55.787,6810.0,15167,6800.0,6494,6790.0,100,6780.0,2250,6770.0,200,6840.0,6098,6850.0,1000,6860.0,11364,6870.0,9456,6880.0,18214,2025-05-09 14:37:55.700,,1724626830,251887,False,nan
1963,283677,1610919998,MERV - XMEV - GGAL - 24hs,6840.0,2025-05-09 14:37:55,57,2025-05-09 14:37:56.428,6810.0,15167,6800.0,6494,6790.0,100,6780.0,2250,6770.0,200,6840.0,6098,6850.0,1000,6860.0,11364,6870.0,9456,6880.0,18214,2025-05-09 14:37:56.200,,1724626830,251887,True,offer
1964,283855,1610920261,MERV - XMEV - GGAL - 24hs,6840.0,2025-05-09 14:37:55,57,2025-05-09 14:37:57.382,6820.0,1481,6810.0,15167,6800.0,5013,6790.0,100,6780.0,2250,6840.0,6041,6850.0,1000,6860.0,11364,6870.0,9456,6880.0,18214,2025-05-09 14:37:56.944,,1724626830,251887,False,nan
1965,283977,1610920438,MERV - XMEV - GGAL - 24hs,6840.0,2025-05-09 14:37:55,57,2025-05-09 14:37:57.916,6820.0,1481,6810.0,15167,6800.0,5013,6790.0,100,6780.0,2250,6830.0,2906,6840.0,3059,6850.0,1000,6860.0,11364,6870.0,8463,2025-05-09 14:37:57.338,,1725016710,251944,False,nan
1966,284082,1610920582,MERV - XMEV - GGAL - 24hs,6820.0,2025-05-09 14:37:57,42,2025-05-09 14:37:58.350,6820.0,1439,6810.0,15167,6800.0,5013,6790.0,100,6780.0,2250,6830.0,2906,6840.0,3059,6850.0,1000,6860.0,11364,6870.0,9463,2025-05-09 14:37:57.832,,1725016710,251944,True,bid
1967,284157,1610920691,MERV - XMEV - GGAL - 24hs,6820.0,2025-05-09 14:37:57,42,2025-05-09 14:37:58.900,6820.0,1439,6810.0,15167,6800.0,5013,6790.0,100,6780.0,2250,6830.0,2906,6840.0,3059,6850.0,1000,6860.0,11364,6870.0,9463,2025-05-09 14:37:58.806,,1725303150,251986,False,nan
1968,284208,1610920762,MERV - XMEV - GGAL - 24hs,6820.0,2025-05-09 14:37:57,42,2025-05-09 14:37:59.115,6820.0,1439,6810.0,15167,6800.0,5013,6790.0,100,6780.0,2250,6830.0,2906,6840.0,3059,6850.0,1000,6860.0,11364,6870.0,8463,2025-05-09 14:37:58.906,,1725303150,251986,False,nan
1969,284407,1610921016,MERV - XMEV - GGAL - 24hs,6820.0,2025-05-09 14:38:00,3,2025-05-09 14:38:01.088,6820.0,1439,6810.0,15167,6800.0,5013,6790.0,100,6780.0,2250,6830.0,2906,6840.0,3059,6850.0,1000,6860.0,11364,6870.0,8463,2025-05-09 14:38:00.999,,1725303150,251986,True,bid
1970,284460,1610921092,MERV - XMEV - GGAL - 24hs,6820.0,2025-05-09 14:38:01,147,2025-05-09 14:38:01.592,6820.0,1439,6810.0,15167,6800.0,5013,6790.0,100,6780.0,2250,6830.0,2906,6840.0,3059,6850.0,1000,6860.0,11364,6870.0,8463,2025-05-09 14:38:01.500,,1725323610,251989,True,bid
1971,284525,1610921205,MERV - XMEV - GGAL - 24hs,6820.0,2025-05-09 14:38:01,147,2025-05-09 14:38:02.118,6820.0,1289,6810.0,15167,6800.0,5013,6790.0,100,6780.0,2250,6830.0,2906,6840.0,3059,6850.0,1000,6860.0,10364,6870.0,8463,2025-05-09 14:38:02.003,,1726326150,252136,False,nan
1972,284730,1610921551,MERV - XMEV - GGAL - 24hs,6820.0,2025-05-09 14:38:03,1,2025-05-09 14:38:03.231,6820.0,1289,6810.0,15167,6800.0,5013,6790.0,100,6780.0,2250,6830.0,2906,6840.0,3059,6850.0,1000,6860.0,10364,6870.0,8463,2025-05-09 14:38:03.127,,1726326150,252136,True,bid
1973,284808,1610921653,MERV - XMEV - GGAL - 24hs,6820.0,2025-05-09 14:38:03,3,2025-05-09 14:38:03.719,6820.0,1289,6810.0,15167,6800.0,5013,6790.0,100,6780.0,2250,6830.0,2906,6840.0,3059,6850.0,1000,6860.0,10364,6870.0,8463,2025-05-09 14:38:03.631,,1726332970,252137,False,nan
1974,284894,1610921776,MERV - XMEV - GGAL - 24hs,6820.0,2025-05-09 14:38:03,3,2025-05-09 14:38:04.218,6820.0,1285,6810.0,15167,6800.0,5013,6790.0,100,6780.0,2250,6830.0,2906,6840.0,3059,6850.0,1000,6860.0,10364,6870.0,10463,2025-05-09 14:38:04.130,,1726353430,252140,False,nan
1975,285361,1610922401,MERV - XMEV - GGAL - 24hs,6820.0,2025-05-09 14:38:03,3,2025-05-09 14:38:07.340,6820.0,1285,6810.0,15467,6800.0,5013,6790.0,107,6780.0,2250,6830.0,2906,6840.0,3059,6850.0,1000,6860.0,10364,6870.0,10463,2025-05-09 14:38:07.039,,1726353430,252140,False,nan
1976,285526,1610922659,MERV - XMEV - GGAL - 24hs,6820.0,2025-05-09 14:38:07,29,2025-05-09 14:38:08.127,6820.0,1285,6810.0,15467,6800.0,5013,6790.0,107,6780.0,2250,6830.0,2906,6840.0,3059,6850.0,1000,6860.0,10364,6870.0,10463,2025-05-09 14:38:07.533,,1726353430,252140,True,bid
1977,285668,1610922898,MERV - XMEV - GGAL - 24hs,6820.0,2025-05-09 14:38:07,29,2025-05-09 14:38:08.850,6820.0,1256,6810.0,1120,6800.0,5013,6790.0,14454,6780.0,2250,6830.0,2906,6840.0,3059,6850.0,1000,6860.0,12364,6870.0,10463,2025-05-09 14:38:08.033,,1726551210,252169,False,nan
1978,285768,1610923032,MERV - XMEV - GGAL - 24hs,6820.0,2025-05-09 14:38:07,29,2025-05-09 14:38:09.259,6820.0,1256,6810.0,1120,6800.0,5013,6790.0,14454,6780.0,2250,6830.0,2906,6840.0,3059,6850.0,1000,6860.0,8364,6870.0,14463,2025-05-09 14:38:08.718,,1726551210,252169,False,nan
1979,285875,1610923168,MERV - XMEV - GGAL - 24hs,6820.0,2025-05-09 14:38:08,16,2025-05-09 14:38:09.683,6820.0,1256,6810.0,1120,6800.0,5013,6790.0,14454,6780.0,2250,6830.0,2906,6840.0,3059,6850.0,1000,6860.0,8364,6870.0,14463,2025-05-09 14:38:09.207,,1726551210,252169,True,bid
1980,285933,1610923259,MERV - XMEV - GGAL - 24hs,6820.0,2025-05-09 14:38:08,16,2025-05-09 14:38:09.955,6820.0,1240,6810.0,1120,6800.0,5013,6790.0,14454,6780.0,2250,6830.0,2906,6840.0,3059,6850.0,1000,6860.0,8364,6870.0,14463,2025-05-09 14:38:09.707,,1726660330,252185,False,nan
1981,286022,1610923384,MERV - XMEV - GGAL - 24hs,6830.0,2025-05-09 14:38:10,20,2025-05-09 14:38:10.428,6820.0,1240,6810.0,1120,6800.0,5013,6790.0,14454,6780.0,2250,6830.0,2906,6840.0,3059,6850.0,1000,6860.0,8364,6870.0,14463,2025-05-09 14:38:10.341,,1726660330,252185,True,offer
1982,286095,1610923479,MERV - XMEV - GGAL - 24hs,6820.0,2025-05-09 14:38:10,3,2025-05-09 14:38:10.935,6820.0,1240,6810.0,1120,6800.0,5013,6790.0,14454,6780.0,2250,6830.0,2886,6840.0,3059,6850.0,1000,6860.0,8364,6870.0,12463,2025-05-09 14:38:10.847,,1726796930,252205,False,nan
1983,286245,1610923693,MERV - XMEV - GGAL - 24hs,6820.0,2025-05-09 14:38:10,3,2025-05-09 14:38:11.622,6820.0,1240,6810.0,1120,6800.0,5013,6790.0,14454,6780.0,2250,6830.0,2886,6840.0,3059,6850.0,1000,6860.0,8364,6870.0,12463,2025-05-09 14:38:11.342,,1726817390,252208,False,nan
1984,286344,1610923829,MERV - XMEV - GGAL - 24hs,6820.0,2025-05-09 14:38:10,3,2025-05-09 14:38:12.034,6820.0,1237,6810.0,1120,6800.0,5013,6790.0,14454,6780.0,2250,6830.0,2886,6840.0,3059,6850.0,1000,6860.0,10364,6870.0,8463,2025-05-09 14:38:11.841,,1726817390,252208,False,nan
1985,286402,1610923901,MERV - XMEV - GGAL - 24hs,6820.0,2025-05-09 14:38:12,3,2025-05-09 14:38:12.428,6820.0,1237,6810.0,1120,6800.0,5013,6790.0,14454,6780.0,2250,6830.0,2886,6840.0,3059,6850.0,1000,6860.0,10364,6870.0,8463,2025-05-09 14:38:12.342,,1726817390,252208,True,bid
1986,286467,1610923987,MERV - XMEV - GGAL - 24hs,6820.0,2025-05-09 14:38:12,3,2025-05-09 14:38:12.927,6820.0,1234,6810.0,1120,6800.0,5013,6790.0,14454,6780.0,2250,6830.0,2886,6840.0,3059,6850.0,1000,6860.0,10364,6870.0,8463,2025-05-09 14:38:12.841,,1726837850,252211,False,nan
1987,286761,1610924428,MERV - XMEV - GGAL - 24hs,6820.0,2025-05-09 14:38:14,14,2025-05-09 14:38:15.035,6820.0,1234,6810.0,1120,6800.0,5013,6790.0,14454,6780.0,2250,6830.0,2886,6840.0,3059,6850.0,1000,6860.0,10364,6870.0,8463,2025-05-09 14:38:14.834,,1726837850,252211,True,bid
1988,286851,1610924546,MERV - XMEV - GGAL - 24hs,6820.0,2025-05-09 14:38:14,14,2025-05-09 14:38:15.421,6820.0,1220,6810.0,1120,6800.0,5013,6790.0,14454,6780.0,2253,6830.0,2886,6840.0,3059,6850.0,1000,6860.0,8364,6870.0,10463,2025-05-09 14:38:15.334,,1726837850,252211,False,nan
1989,286925,1610924645,MERV - XMEV - GGAL - 24hs,6820.0,2025-05-09 14:38:14,14,2025-05-09 14:38:15.925,6820.0,1220,6810.0,1120,6800.0,5013,6790.0,14454,6780.0,2253,6830.0,2886,6840.0,3059,6850.0,1000,6860.0,8364,6870.0,10463,2025-05-09 14:38:15.836,,1726933330,252225,False,nan
1990,287090,1610924888,MERV - XMEV - GGAL - 24hs,6830.0,2025-05-09 14:38:16,58,2025-05-09 14:38:16.690,6820.0,1220,6810.0,1120,6800.0,5013,6790.0,14454,6780.0,2253,6830.0,2886,6840.0,3059,6850.0,1000,6860.0,8364,6870.0,10463,2025-05-09 14:38:16.424,,1726933330,252225,True,offer
1991,287182,1610925004,MERV - XMEV - GGAL - 24hs,6830.0,2025-05-09 14:38:16,58,2025-05-09 14:38:17.186,6820.0,1220,6810.0,1120,6800.0,5263,6790.0,14454,6780.0,2253,6830.0,2828,6840.0,3059,6850.0,1000,6860.0,8364,6870.0,10463,2025-05-09 14:38:17.099,,1726933330,252225,False,nan
1992,287252,1610925095,MERV - XMEV - GGAL - 24hs,6830.0,2025-05-09 14:38:17,71,2025-05-09 14:38:17.686,6820.0,1220,6810.0,1120,6800.0,5263,6790.0,14454,6780.0,2253,6830.0,2828,6840.0,3059,6850.0,1000,6860.0,8364,6870.0,10463,2025-05-09 14:38:17.598,,1727329470,252283,True,offer
1993,287308,1610925181,MERV - XMEV - GGAL - 24hs,6820.0,2025-05-09 14:38:17,12,2025-05-09 14:38:18.188,6820.0,1202,6810.0,1120,6800.0,5263,6790.0,14454,6780.0,2253,6830.0,2757,6840.0,3059,6850.0,1000,6860.0,8364,6870.0,8463,2025-05-09 14:38:18.098,,1727937160,252372,False,nan
1994,287474,1610925412,MERV - XMEV - GGAL - 24hs,6820.0,2025-05-09 14:38:17,12,2025-05-09 14:38:18.959,6820.0,1202,6810.0,1120,6800.0,5263,6790.0,14454,6780.0,2253,6830.0,2757,6840.0,3059,6850.0,1000,6860.0,10364,6870.0,8963,2025-05-09 14:38:18.756,,1727937160,252372,False,nan
1995,287537,1610925513,MERV - XMEV - GGAL - 24hs,6830.0,2025-05-09 14:38:18,2282,2025-05-09 14:38:19.346,6820.0,1202,6810.0,1120,6800.0,5263,6790.0,14454,6780.0,2253,6830.0,2757,6840.0,3059,6850.0,1000,6860.0,10364,6870.0,8963,2025-05-09 14:38:19.257,,1727937160,252372,True,offer
1996,287632,1610925649,MERV - XMEV - GGAL - 24hs,6830.0,2025-05-09 14:38:18,2282,2025-05-09 14:38:19.864,6820.0,1202,6810.0,1120,6800.0,5263,6790.0,14454,6780.0,2253,6830.0,475,6840.0,3059,6850.0,1000,6860.0,8364,6870.0,10963,2025-05-09 14:38:19.757,,1743523220,254654,False,nan
1997,287681,1610925717,MERV - XMEV - GGAL - 24hs,6820.0,2025-05-09 14:38:20,142,2025-05-09 14:38:20.344,6820.0,1202,6810.0,1120,6800.0,5263,6790.0,14454,6780.0,2253,6830.0,475,6840.0,3059,6850.0,1000,6860.0,8364,6870.0,10963,2025-05-09 14:38:20.257,,1743523220,254654,True,bid
1998,287739,1610925794,MERV - XMEV - GGAL - 24hs,6820.0,2025-05-09 14:38:20,142,2025-05-09 14:38:20.857,6820.0,1060,6810.0,1120,6800.0,5263,6790.0,14454,6780.0,2253,6830.0,475,6840.0,3059,6850.0,1000,6860.0,8364,6870.0,10963,2025-05-09 14:38:20.756,,1744491660,254796,False,nan
1999,288437,1610926807,MERV - XMEV - GGAL - 24hs,6820.0,2025-05-09 14:38:26,164,2025-05-09 14:38:26.289,6820.0,1060,6810.0,1120,6800.0,5263,6790.0,14454,6780.0,2253,6830.0,475,6840.0,3059,6850.0,1000,6860.0,8364,6870.0,10963,2025-05-09 14:38:26.202,,1744491660,254796,True,bid
2000,288499,1610926886,MERV - XMEV - GGAL - 24hs,6820.0,2025-05-09 14:38:26,164,2025-05-09 14:38:26.971,6820.0,896,6810.0,1197,6800.0,5263,6790.0,14454,6780.0,2253,6830.0,475,6840.0,3059,6850.0,1000,6860.0,8364,6870.0,10963,2025-05-09 14:38:26.881,,1744491660,254796,False,nan
2001,288561,1610926963,MERV - XMEV - GGAL - 24hs,6820.0,2025-05-09 14:38:27,6,2025-05-09 14:38:27.480,6820.0,896,6810.0,1197,6800.0,5263,6790.0,14454,6780.0,2253,6830.0,475,6840.0,3059,6850.0,1000,6860.0,8364,6870.0,10963,2025-05-09 14:38:27.386,,1745610140,254960,True,bid
2002,288643,1610927071,MERV - XMEV - GGAL - 24hs,6820.0,2025-05-09 14:38:27,6,2025-05-09 14:38:28.017,6820.0,890,6810.0,1197,6800.0,5263,6790.0,14454,6780.0,2253,6830.0,475,6840.0,3059,6850.0,1000,6860.0,8364,6870.0,10963,2025-05-09 14:38:27.930,,1745610140,254960,False,nan
2003,288733,1610927188,MERV - XMEV - GGAL - 24hs,6820.0,2025-05-09 14:38:27,6,2025-05-09 14:38:28.552,6820.0,890,6810.0,1197,6800.0,5263,6790.0,14454,6780.0,2253,6830.0,475,6840.0,3059,6850.0,1000,6860.0,8364,6870.0,10963,2025-05-09 14:38:28.430,,1745651060,254966,False,nan
2004,288975,1610927515,MERV - XMEV - GGAL - 24hs,6820.0,2025-05-09 14:38:27,6,2025-05-09 14:38:30.479,6820.0,890,6810.0,1197,6800.0,5263,6790.0,14454,6780.0,2253,6830.0,475,6840.0,3059,6850.0,1300,6860.0,8364,6870.0,10963,2025-05-09 14:38:30.380,,1745651060,254966,False,nan
2005,289304,1610927968,MERV - XMEV - GGAL - 24hs,6820.0,2025-05-09 14:38:32,30,2025-05-09 14:38:32.716,6820.0,890,6810.0,1197,6800.0,5263,6790.0,14454,6780.0,2253,6830.0,475,6840.0,3059,6850.0,1300,6860.0,8364,6870.0,10963,2025-05-09 14:38:32.621,,1745651060,254966,True,bid
2006,289370,1610928053,MERV - XMEV - GGAL - 24hs,6820.0,2025-05-09 14:38:32,30,2025-05-09 14:38:33.318,6820.0,860,6810.0,1197,6800.0,5263,6790.0,14454,6780.0,2253,6830.0,475,6840.0,3059,6850.0,1300,6860.0,8364,6870.0,10963,2025-05-09 14:38:33.231,,1745651060,254966,False,nan
2007,289434,1610928139,MERV - XMEV - GGAL - 24hs,6820.0,2025-05-09 14:38:32,30,2025-05-09 14:38:33.823,6820.0,860,6810.0,1197,6800.0,5263,6790.0,14454,6780.0,2253,6830.0,475,6840.0,3059,6850.0,1300,6860.0,8364,6870.0,10963,2025-05-09 14:38:33.731,,1745855660,254996,False,nan
2008,289494,1610928220,MERV - XMEV - GGAL - 24hs,6830.0,2025-05-09 14:38:34,1,2025-05-09 14:38:34.433,6820.0,860,6810.0,1197,6800.0,5263,6790.0,14454,6780.0,2253,6830.0,475,6840.0,3059,6850.0,1300,6860.0,8364,6870.0,10963,2025-05-09 14:38:34.346,,1745855660,254996,True,offer
2009,289568,1610928334,MERV - XMEV - GGAL - 24hs,6830.0,2025-05-09 14:38:34,1,2025-05-09 14:38:35.108,6820.0,860,6810.0,1197,6800.0,5263,6790.0,14454,6780.0,2253,6830.0,475,6840.0,3059,6850.0,1300,6860.0,8364,6870.0,10963,2025-05-09 14:38:35.017,,1745862490,254997,False,nan
2010,289612,1610928395,MERV - XMEV - GGAL - 24hs,6820.0,2025-05-09 14:38:35,28,2025-05-09 14:38:35.607,6820.0,860,6810.0,1197,6800.0,5263,6790.0,14454,6780.0,2253,6830.0,475,6840.0,3059,6850.0,1300,6860.0,8364,6870.0,10963,2025-05-09 14:38:35.517,,1745862490,254997,True,bid
2011,289666,1610928471,MERV - XMEV - GGAL - 24hs,6820.0,2025-05-09 14:38:35,28,2025-05-09 14:38:36.217,6820.0,832,6810.0,1197,6800.0,5263,6790.0,14454,6780.0,2253,6830.0,475,6840.0,3059,6850.0,1300,6860.0,8364,6870.0,10963,2025-05-09 14:38:36.125,,1745862490,254997,False,nan
2012,289723,1610928559,MERV - XMEV - GGAL - 24hs,6820.0,2025-05-09 14:38:36,3,2025-05-09 14:38:36.715,6820.0,832,6810.0,1197,6800.0,5263,6790.0,14454,6780.0,2253,6830.0,475,6840.0,3059,6850.0,1300,6860.0,8364,6870.0,10963,2025-05-09 14:38:36.627,,1746053450,255025,True,bid
2013,289771,1610928627,MERV - XMEV - GGAL - 24hs,6820.0,2025-05-09 14:38:36,3,2025-05-09 14:38:37.287,6820.0,829,6810.0,1197,6800.0,5263,6790.0,14454,6780.0,2253,6830.0,475,6840.0,3059,6850.0,1300,6860.0,8364,6870.0,10963,2025-05-09 14:38:37.200,,1746053450,255025,False,nan
2014,289834,1610928714,MERV - XMEV - GGAL - 24hs,6820.0,2025-05-09 14:38:36,3,2025-05-09 14:38:37.794,6820.0,829,6810.0,1197,6800.0,5263,6790.0,14454,6780.0,2253,6830.0,475,6840.0,3059,6850.0,1300,6860.0,8364,6870.0,10963,2025-05-09 14:38:37.707,,1746073910,255028,False,nan
2015,289899,1610928804,MERV - XMEV - GGAL - 24hs,6830.0,2025-05-09 14:38:38,3,2025-05-09 14:38:39.541,6820.0,829,6810.0,1197,6800.0,5263,6790.0,14454,6780.0,2253,6830.0,475,6840.0,3059,6850.0,1300,6860.0,8364,6870.0,10963,2025-05-09 14:38:39.454,,1746073910,255028,True,offer
2016,289922,1610928832,MERV - XMEV - GGAL - 24hs,6830.0,2025-05-09 14:38:38,11,2025-05-09 14:38:40.042,6820.0,829,6810.0,1197,6800.0,5263,6790.0,14454,6780.0,2253,6830.0,475,6840.0,3059,6850.0,1300,6860.0,8364,6870.0,10963,2025-05-09 14:38:39.955,,1746094400,255031,False,nan
2017,289988,1610928921,MERV - XMEV - GGAL - 24hs,6830.0,2025-05-09 14:38:38,11,2025-05-09 14:38:40.548,6820.0,829,6810.0,1197,6800.0,5263,6790.0,14454,6780.0,2253,6830.0,461,6840.0,3059,6850.0,1300,6860.0,8364,6870.0,11963,2025-05-09 14:38:40.454,,1746169530,255042,False,nan
2018,290240,1610929250,MERV - XMEV - GGAL - 24hs,6820.0,2025-05-09 14:38:41,73,2025-05-09 14:38:42.311,6820.0,829,6810.0,1197,6800.0,5263,6790.0,14454,6780.0,2253,6830.0,461,6840.0,3059,6850.0,1300,6860.0,8364,6870.0,11963,2025-05-09 14:38:42.215,,1746169530,255042,True,bid
2019,290327,1610929381,MERV - XMEV - GGAL - 24hs,6820.0,2025-05-09 14:38:41,73,2025-05-09 14:38:42.835,6820.0,756,6810.0,1197,6800.0,5263,6790.0,14454,6780.0,2253,6830.0,461,6840.0,3059,6850.0,1300,6860.0,8364,6870.0,13163,2025-05-09 14:38:42.710,,1746667390,255115,False,nan
2020,290399,1610929487,MERV - XMEV - GGAL - 24hs,6820.0,2025-05-09 14:38:42,60,2025-05-09 14:38:43.297,6820.0,696,6810.0,1197,6800.0,19610,6790.0,107,6780.0,2253,6830.0,461,6840.0,3059,6850.0,1300,6860.0,8364,6870.0,13163,2025-05-09 14:38:43.210,,1746667390,255115,True,bid
2021,290454,1610929562,MERV - XMEV - GGAL - 24hs,6820.0,2025-05-09 14:38:42,60,2025-05-09 14:38:44.048,6820.0,696,6810.0,1197,6800.0,19610,6790.0,107,6780.0,2253,6830.0,461,6840.0,3059,6850.0,1300,6860.0,8364,6870.0,13163,2025-05-09 14:38:43.904,,1747076590,255175,False,nan
2022,290560,1610929710,MERV - XMEV - GGAL - 24hs,6820.0,2025-05-09 14:38:42,60,2025-05-09 14:38:44.539,6820.0,696,6810.0,1197,6800.0,5263,6790.0,14454,6780.0,2253,6830.0,461,6840.0,3059,6850.0,1300,6860.0,8364,6870.0,13163,2025-05-09 14:38:44.403,,1747076590,255175,False,nan
2023,290745,1610929957,MERV - XMEV - GGAL - 24hs,6820.0,2025-05-09 14:38:42,60,2025-05-09 14:38:45.836,6820.0,696,6810.0,15544,6800.0,5363,6790.0,107,6780.0,2253,6830.0,461,6840.0,3059,6850.0,1300,6860.0,8364,6870.0,13163,2025-05-09 14:38:45.745,,1747076590,255175,False,nan
2024,290841,1610930084,MERV - XMEV - GGAL - 24hs,6820.0,2025-05-09 14:38:42,60,2025-05-09 14:38:46.631,6820.0,696,6810.0,1197,6800.0,5363,6790.0,14454,6780.0,2253,6830.0,461,6840.0,3059,6850.0,6300,6860.0,3364,6870.0,14163,2025-05-09 14:38:46.529,,1747076590,255175,False,nan
2025,291233,1610930644,MERV - XMEV - GGAL - 24hs,6820.0,2025-05-09 14:38:49,5,2025-05-09 14:38:50.001,6820.0,696,6810.0,1197,6800.0,5363,6790.0,14454,6780.0,2253,6830.0,461,6840.0,3059,6850.0,6300,6860.0,3364,6870.0,14163,2025-05-09 14:38:49.914,,1747076590,255175,True,bid
2026,291285,1610930720,MERV - XMEV - GGAL - 24hs,6820.0,2025-05-09 14:38:49,5,2025-05-09 14:38:50.668,6820.0,691,6810.0,1197,6800.0,5363,6790.0,14454,6780.0,2253,6830.0,461,6840.0,3059,6850.0,6300,6860.0,3364,6870.0,14163,2025-05-09 14:38:50.580,,1747076590,255175,False,nan
2027,291349,1610930806,MERV - XMEV - GGAL - 24hs,6820.0,2025-05-09 14:38:49,5,2025-05-09 14:38:51.171,6820.0,691,6810.0,1197,6800.0,5363,6790.0,14454,6780.0,2253,6830.0,461,6840.0,3059,6850.0,6300,6860.0,3364,6870.0,14163,2025-05-09 14:38:51.079,,1747110690,255180,False,nan
2028,291411,1610930901,MERV - XMEV - GGAL - 24hs,6820.0,2025-05-09 14:38:49,5,2025-05-09 14:38:51.666,6820.0,691,6810.0,1197,6800.0,5363,6790.0,14454,6780.0,2253,6830.0,461,6840.0,3059,6850.0,6300,6860.0,3364,6870.0,13163,2025-05-09 14:38:51.579,,1747110690,255180,False,nan
2029,291485,1610930998,MERV - XMEV - GGAL - 24hs,6820.0,2025-05-09 14:38:49,5,2025-05-09 14:38:52.204,6820.0,691,6810.0,1197,6800.0,5363,6790.0,14454,6780.0,2253,6830.0,461,6840.0,3059,6850.0,1300,6860.0,8364,6870.0,12163,2025-05-09 14:38:52.090,,1747110690,255180,False,nan
2030,291565,1610931110,MERV - XMEV - GGAL - 24hs,6820.0,2025-05-09 14:38:49,5,2025-05-09 14:38:52.858,6820.0,691,6810.0,1197,6800.0,19710,6790.0,107,6780.0,2253,6830.0,461,6840.0,3059,6850.0,1300,6860.0,8364,6870.0,12163,2025-05-09 14:38:52.770,,1747110690,255180,False,nan
2031,291752,1610931376,MERV - XMEV - GGAL - 24hs,6820.0,2025-05-09 14:38:53,20,2025-05-09 14:38:54.124,6820.0,691,6810.0,1197,6800.0,19710,6790.0,107,6780.0,2253,6830.0,461,6840.0,3059,6850.0,1300,6860.0,8364,6870.0,12163,2025-05-09 14:38:54.038,,1747110690,255180,True,bid
2032,291839,1610931499,MERV - XMEV - GGAL - 24hs,6820.0,2025-05-09 14:38:54,73,2025-05-09 14:38:54.627,6820.0,691,6810.0,1197,6800.0,19710,6790.0,107,6780.0,2253,6830.0,461,6840.0,3059,6850.0,1300,6860.0,8364,6870.0,12163,2025-05-09 14:38:54.539,,1747486140,255235,True,bid
2033,291914,1610931606,MERV - XMEV - GGAL - 24hs,6820.0,2025-05-09 14:38:54,73,2025-05-09 14:38:55.287,6820.0,598,6810.0,1197,6800.0,19710,6790.0,107,6780.0,2253,6830.0,426,6840.0,3059,6850.0,1300,6860.0,8364,6870.0,9163,2025-05-09 14:38:55.198,,1747486140,255235,False,nan
2034,291988,1610931729,MERV - XMEV - GGAL - 24hs,6820.0,2025-05-09 14:38:54,73,2025-05-09 14:38:55.855,6820.0,598,6810.0,1197,6800.0,19710,6790.0,107,6780.0,2253,6830.0,426,6840.0,3059,6850.0,1300,6860.0,8364,6870.0,9163,2025-05-09 14:38:55.688,,1747984000,255308,False,nan
2035,292090,1610931875,MERV - XMEV - GGAL - 24hs,6820.0,2025-05-09 14:38:54,73,2025-05-09 14:38:56.336,6820.0,598,6810.0,15544,6800.0,5363,6790.0,107,6780.0,2253,6830.0,426,6840.0,3059,6850.0,1300,6860.0,8364,6870.0,10163,2025-05-09 14:38:56.187,,1747984000,255308,False,nan
2036,292162,1610931983,MERV - XMEV - GGAL - 24hs,6820.0,2025-05-09 14:38:54,73,2025-05-09 14:38:56.780,6820.0,598,6810.0,15044,6800.0,5363,6790.0,107,6780.0,2253,6830.0,426,6840.0,3059,6850.0,1300,6860.0,8364,6870.0,8963,2025-05-09 14:38:56.687,,1747984000,255308,False,nan
2037,292472,1610932406,MERV - XMEV - GGAL - 24hs,6830.0,2025-05-09 14:38:59,3,2025-05-09 14:38:59.362,6820.0,598,6810.0,15044,6800.0,5363,6790.0,107,6780.0,2253,6830.0,426,6840.0,3059,6850.0,1300,6860.0,8364,6870.0,8963,2025-05-09 14:38:59.275,,1747984000,255308,True,offer
2038,292545,1610932523,MERV - XMEV - GGAL - 24hs,6830.0,2025-05-09 14:38:59,3,2025-05-09 14:39:00.045,6820.0,598,6810.0,15044,6800.0,5363,6790.0,107,6780.0,2253,6830.0,423,6840.0,3059,6850.0,1300,6860.0,8364,6870.0,8963,2025-05-09 14:38:59.944,,1747984000,255308,False,nan
2039,292608,1610932613,MERV - XMEV - GGAL - 24hs,6830.0,2025-05-09 14:38:59,3,2025-05-09 14:39:00.556,6820.0,598,6810.0,15044,6800.0,5363,6790.0,107,6780.0,2253,6830.0,423,6840.0,3059,6850.0,1300,6860.0,8364,6870.0,8963,2025-05-09 14:39:00.443,,1748004490,255311,False,nan
2040,293561,1610933943,MERV - XMEV - GGAL - 24hs,6830.0,2025-05-09 14:38:59,3,2025-05-09 14:39:08.099,6820.0,598,6810.0,15044,6800.0,5363,6790.0,107,6780.0,2253,6830.0,423,6840.0,3059,6850.0,1300,6860.0,8364,6870.0,8663,2025-05-09 14:39:08.012,,1748004490,255311,False,nan
2041,293628,1610934033,MERV - XMEV - GGAL - 24hs,6830.0,2025-05-09 14:38:59,3,2025-05-09 14:39:08.871,6820.0,598,6810.0,15044,6800.0,5363,6790.0,107,6780.0,2253,6830.0,423,6840.0,3059,6850.0,1800,6860.0,8364,6870.0,8463,2025-05-09 14:39:08.780,,1748004490,255311,False,nan
2042,293898,1610934409,MERV - XMEV - GGAL - 24hs,6830.0,2025-05-09 14:39:11,1,2025-05-09 14:39:11.464,6820.0,598,6810.0,15044,6800.0,5363,6790.0,107,6780.0,2253,6830.0,423,6840.0,3059,6850.0,1800,6860.0,8364,6870.0,8463,2025-05-09 14:39:11.359,,1748004490,255311,True,offer
2043,293995,1610934542,MERV - XMEV - GGAL - 24hs,6830.0,2025-05-09 14:39:11,1,2025-05-09 14:39:12.106,6820.0,598,6810.0,15044,6800.0,5363,6790.0,107,6780.0,2253,6830.0,422,6840.0,3059,6850.0,1800,6860.0,8364,6870.0,8463,2025-05-09 14:39:12.018,,1748004490,255311,False,nan
2044,294042,1610934602,MERV - XMEV - GGAL - 24hs,6830.0,2025-05-09 14:39:11,1,2025-05-09 14:39:12.606,6820.0,598,6810.0,15044,6800.0,5363,6790.0,107,6780.0,2253,6830.0,422,6840.0,3059,6850.0,1800,6860.0,8364,6870.0,8463,2025-05-09 14:39:12.519,,1748011320,255312,False,nan
2045,294128,1610934715,MERV - XMEV - GGAL - 24hs,6820.0,2025-05-09 14:39:12,598,2025-05-09 14:39:13.128,6820.0,598,6810.0,15044,6800.0,5363,6790.0,107,6780.0,2253,6830.0,422,6840.0,3059,6850.0,1800,6860.0,8364,6870.0,8463,2025-05-09 14:39:13.019,,1748011320,255312,True,bid
2046,294195,1610934813,MERV - XMEV - GGAL - 24hs,6820.0,2025-05-09 14:39:12,598,2025-05-09 14:39:13.611,6810.0,15044,6800.0,5363,6790.0,107,6780.0,2253,6770.0,200,6830.0,422,6840.0,3059,6850.0,1800,6860.0,11364,6870.0,9463,2025-05-09 14:39:13.523,,1748011320,255312,False,nan
2047,294274,1610934930,MERV - XMEV - GGAL - 24hs,6820.0,2025-05-09 14:39:12,598,2025-05-09 14:39:14.106,6810.0,15044,6800.0,5363,6790.0,107,6780.0,2253,6770.0,200,6830.0,422,6840.0,3059,6850.0,1800,6860.0,11364,6870.0,8463,2025-05-09 14:39:14.019,,1752089680,255910,False,nan
2048,294418,1610935136,MERV - XMEV - GGAL - 24hs,6810.0,2025-05-09 14:39:14,6,2025-05-09 14:39:14.988,6810.0,15044,6800.0,5363,6790.0,107,6780.0,2253,6770.0,200,6830.0,422,6840.0,3059,6850.0,1800,6860.0,11364,6870.0,8463,2025-05-09 14:39:14.900,,1752089680,255910,True,bid
2049,294541,1610935326,MERV - XMEV - GGAL - 24hs,6810.0,2025-05-09 14:39:14,6,2025-05-09 14:39:15.707,6810.0,15038,6800.0,5363,6790.0,107,6780.0,2253,6770.0,200,6830.0,422,6840.0,3059,6850.0,1800,6860.0,3364,6870.0,6463,2025-05-09 14:39:15.562,,1752089680,255910,False,nan
2050,294630,1610935454,MERV - XMEV - GGAL - 24hs,6810.0,2025-05-09 14:39:14,6,2025-05-09 14:39:16.155,6810.0,15038,6800.0,5363,6790.0,107,6780.0,2253,6770.0,200,6830.0,422,6840.0,3059,6850.0,1800,6860.0,3364,6870.0,6463,2025-05-09 14:39:16.062,,1752130540,255916,False,nan
2051,295029,1610936047,MERV - XMEV - GGAL - 24hs,6830.0,2025-05-09 14:39:19,5,2025-05-09 14:39:19.945,6810.0,15038,6800.0,5363,6790.0,107,6780.0,2253,6770.0,200,6830.0,422,6840.0,3059,6850.0,1800,6860.0,3364,6870.0,6463,2025-05-09 14:39:19.858,,1752130540,255916,True,offer
2052,295096,1610936171,MERV - XMEV - GGAL - 24hs,6830.0,2025-05-09 14:39:19,5,2025-05-09 14:39:20.488,6810.0,15038,6800.0,5363,6790.0,107,6780.0,2253,6770.0,200,6830.0,417,6840.0,3059,6850.0,1800,6860.0,3364,6870.0,6463,2025-05-09 14:39:20.357,,1752130540,255916,False,nan
2053,295168,1610936268,MERV - XMEV - GGAL - 24hs,6830.0,2025-05-09 14:39:19,5,2025-05-09 14:39:20.952,6810.0,15038,6800.0,5363,6790.0,107,6780.0,2253,6770.0,200,6830.0,417,6840.0,3059,6850.0,1800,6860.0,3364,6870.0,6463,2025-05-09 14:39:20.864,,1752164690,255921,False,nan
2054,295273,1610936425,MERV - XMEV - GGAL - 24hs,6830.0,2025-05-09 14:39:19,5,2025-05-09 14:39:21.815,6810.0,15538,6800.0,5363,6790.0,107,6780.0,2253,6770.0,200,6830.0,417,6840.0,3059,6850.0,1800,6860.0,3364,6870.0,6463,2025-05-09 14:39:21.728,,1752164690,255921,False,nan
2055,295611,1610936936,MERV - XMEV - GGAL - 24hs,6830.0,2025-05-09 14:39:19,5,2025-05-09 14:39:24.227,6810.0,15538,6800.0,5363,6790.0,107,6780.0,2253,6770.0,200,6830.0,417,6840.0,3059,6850.0,1800,6860.0,8364,6870.0,9463,2025-05-09 14:39:24.087,,1752164690,255921,False,nan
2056,295723,1610937099,MERV - XMEV - GGAL - 24hs,6830.0,2025-05-09 14:39:19,5,2025-05-09 14:39:24.902,6810.0,15538,6800.0,5363,6790.0,107,6780.0,2253,6770.0,200,6830.0,417,6840.0,3059,6850.0,1800,6860.0,8364,6870.0,8463,2025-05-09 14:39:24.811,,1752164690,255921,False,nan
2057,295815,1610937218,MERV - XMEV - GGAL - 24hs,6830.0,2025-05-09 14:39:19,5,2025-05-09 14:39:25.639,6810.0,15538,6800.0,5363,6790.0,107,6780.0,2253,6770.0,200,6830.0,417,6840.0,3059,6850.0,1800,6860.0,8364,6870.0,10463,2025-05-09 14:39:25.543,,1752164690,255921,False,nan
2058,296051,1610937544,MERV - XMEV - GGAL - 24hs,6830.0,2025-05-09 14:39:19,5,2025-05-09 14:39:27.262,6810.0,15538,6800.0,5363,6790.0,107,6780.0,2253,6770.0,200,6830.0,1,6840.0,3475,6850.0,1800,6860.0,8364,6870.0,10463,2025-05-09 14:39:27.170,,1752164690,255921,False,nan
2059,296132,1610937656,MERV - XMEV - GGAL - 24hs,6830.0,2025-05-09 14:39:19,5,2025-05-09 14:39:28.007,6820.0,100,6810.0,15538,6800.0,5363,6790.0,107,6780.0,2253,6830.0,1,6840.0,3475,6850.0,1800,6860.0,8364,6870.0,10463,2025-05-09 14:39:27.920,,1752164690,255921,False,nan
2060,296183,1610937723,MERV - XMEV - GGAL - 24hs,6820.0,2025-05-09 14:39:27,17,2025-05-09 14:39:28.507,6820.0,100,6810.0,15538,6800.0,5363,6790.0,107,6780.0,2253,6830.0,1,6840.0,3475,6850.0,1800,6860.0,8364,6870.0,10463,2025-05-09 14:39:28.420,,1752164690,255921,True,bid
2061,296242,1610937806,MERV - XMEV - GGAL - 24hs,6820.0,2025-05-09 14:39:27,17,2025-05-09 14:39:29.007,6820.0,83,6810.0,15538,6800.0,5363,6790.0,107,6780.0,2253,6830.0,1,6840.0,3475,6850.0,1800,6860.0,8364,6870.0,14463,2025-05-09 14:39:28.920,,1752280630,255938,False,nan
2062,296337,1610937937,MERV - XMEV - GGAL - 24hs,6820.0,2025-05-09 14:39:30,68,2025-05-09 14:39:30.137,6820.0,83,6810.0,15538,6800.0,5363,6790.0,107,6780.0,2253,6830.0,1,6840.0,3475,6850.0,1800,6860.0,8364,6870.0,14463,2025-05-09 14:39:30.048,,1752280630,255938,True,bid
2063,296434,1610938060,MERV - XMEV - GGAL - 24hs,6820.0,2025-05-09 14:39:30,68,2025-05-09 14:39:30.805,6820.0,15,6810.0,15538,6800.0,5363,6790.0,107,6780.0,2253,6830.0,1,6840.0,3475,6850.0,1800,6860.0,8364,6870.0,14463,2025-05-09 14:39:30.719,,1752280630,255938,False,nan
2064,296500,1610938153,MERV - XMEV - GGAL - 24hs,6820.0,2025-05-09 14:39:30,68,2025-05-09 14:39:31.319,6820.0,15,6810.0,15538,6800.0,5363,6790.0,107,6780.0,2253,6830.0,1,6840.0,3475,6850.0,1800,6860.0,8364,6870.0,14463,2025-05-09 14:39:31.219,,1752744390,256006,False,nan
2065,296732,1610938460,MERV - XMEV - GGAL - 24hs,6820.0,2025-05-09 14:39:33,15,2025-05-09 14:39:33.476,6820.0,15,6810.0,15538,6800.0,5363,6790.0,107,6780.0,2253,6830.0,1,6840.0,3475,6850.0,1800,6860.0,8364,6870.0,14463,2025-05-09 14:39:33.388,,1752744390,256006,True,bid
2066,296790,1610938538,MERV - XMEV - GGAL - 24hs,6820.0,2025-05-09 14:39:33,111,2025-05-09 14:39:33.975,6820.0,2389,6810.0,15538,6800.0,5363,6790.0,107,6780.0,2253,6830.0,1,6840.0,3475,6850.0,1800,6860.0,8364,6870.0,12463,2025-05-09 14:39:33.888,,1752744390,256006,False,nan
2067,296832,1610938594,MERV - XMEV - GGAL - 24hs,6820.0,2025-05-09 14:39:33,111,2025-05-09 14:39:34.475,6820.0,2389,6810.0,15538,6800.0,5363,6790.0,107,6780.0,2253,6830.0,1,6840.0,3475,6850.0,1800,6860.0,8364,6870.0,11463,2025-05-09 14:39:34.388,,1753603710,256132,False,nan
2068,296933,1610938728,MERV - XMEV - GGAL - 24hs,6820.0,2025-05-09 14:39:33,111,2025-05-09 14:39:35.380,6820.0,2389,6810.0,15538,6800.0,5363,6790.0,107,6780.0,2253,6830.0,1,6840.0,3975,6850.0,1500,6860.0,8364,6870.0,11463,2025-05-09 14:39:35.292,,1753603710,256132,False,nan
2069,297035,1610938861,MERV - XMEV - GGAL - 24hs,6820.0,2025-05-09 14:39:33,111,2025-05-09 14:39:36.409,6820.0,2389,6810.0,15538,6800.0,5363,6790.0,107,6780.0,2253,6830.0,1,6840.0,3975,6850.0,1500,6860.0,3364,6870.0,9463,2025-05-09 14:39:36.321,,1753603710,256132,False,nan
2070,297221,1610939107,MERV - XMEV - GGAL - 24hs,6820.0,2025-05-09 14:39:37,3,2025-05-09 14:39:37.770,6820.0,2389,6810.0,15538,6800.0,5363,6790.0,107,6780.0,2253,6830.0,1,6840.0,3975,6850.0,1500,6860.0,3364,6870.0,9463,2025-05-09 14:39:37.673,,1753603710,256132,True,bid
2071,297279,1610939184,MERV - XMEV - GGAL - 24hs,6820.0,2025-05-09 14:39:37,3,2025-05-09 14:39:38.260,6820.0,4386,6810.0,15538,6800.0,5363,6790.0,107,6780.0,2253,6830.0,1,6840.0,3975,6850.0,1500,6860.0,8364,6870.0,4463,2025-05-09 14:39:38.173,,1753603710,256132,False,nan
2072,297330,1610939252,MERV - XMEV - GGAL - 24hs,6820.0,2025-05-09 14:39:37,3,2025-05-09 14:39:38.760,6820.0,4386,6810.0,15538,6800.0,5363,6790.0,107,6780.0,2253,6830.0,1,6840.0,3975,6850.0,1500,6860.0,8364,6870.0,4463,2025-05-09 14:39:38.673,,1753624170,256135,False,nan
2073,297398,1610939336,MERV - XMEV - GGAL - 24hs,6820.0,2025-05-09 14:39:38,261,2025-05-09 14:39:39.263,6820.0,4386,6810.0,15538,6800.0,5363,6790.0,107,6780.0,2253,6830.0,1,6840.0,3975,6850.0,1500,6860.0,8364,6870.0,4463,2025-05-09 14:39:39.174,,1753624170,256135,True,bid
2074,297461,1610939428,MERV - XMEV - GGAL - 24hs,6820.0,2025-05-09 14:39:39,13,2025-05-09 14:39:39.762,6820.0,4112,6810.0,15538,6800.0,5363,6790.0,107,6780.0,2253,6830.0,1,6840.0,3975,6850.0,1500,6860.0,8364,6870.0,3463,2025-05-09 14:39:39.674,,1755404190,256396,True,bid
2075,297554,1610939551,MERV - XMEV - GGAL - 24hs,6820.0,2025-05-09 14:39:39,13,2025-05-09 14:39:40.310,6820.0,4112,6810.0,15538,6800.0,5363,6790.0,107,6780.0,2253,6830.0,1,6840.0,3975,6850.0,1500,6860.0,8364,6870.0,3463,2025-05-09 14:39:40.174,,1755492850,256409,False,nan
2076,297956,1610940133,MERV - XMEV - GGAL - 24hs,6820.0,2025-05-09 14:39:39,13,2025-05-09 14:39:43.562,6820.0,4212,6810.0,15538,6800.0,5363,6790.0,107,6780.0,2253,6830.0,1,6840.0,3975,6850.0,1500,6860.0,8364,6870.0,3463,2025-05-09 14:39:43.474,,1755492850,256409,False,nan
2077,298134,1610940388,MERV - XMEV - GGAL - 24hs,6830.0,2025-05-09 14:39:45,1,2025-05-09 14:39:45.167,6820.0,4212,6810.0,15538,6800.0,5363,6790.0,107,6780.0,2253,6830.0,1,6840.0,3975,6850.0,1500,6860.0,8364,6870.0,3463,2025-05-09 14:39:45.058,,1755492850,256409,True,offer
2078,298182,1610940454,MERV - XMEV - GGAL - 24hs,6840.0,2025-05-09 14:39:45,157,2025-05-09 14:39:45.645,6820.0,4212,6810.0,15538,6800.0,5363,6790.0,107,6780.0,2253,6830.0,1,6840.0,3975,6850.0,1500,6860.0,8364,6870.0,3463,2025-05-09 14:39:45.557,,1755492850,256409,False,nan
2079,298234,1610940523,MERV - XMEV - GGAL - 24hs,6840.0,2025-05-09 14:39:45,157,2025-05-09 14:39:46.147,6820.0,4212,6810.0,15538,6800.0,5363,6790.0,107,6780.0,2253,6840.0,3818,6850.0,1500,6860.0,8364,6870.0,3463,6880.0,25014,2025-05-09 14:39:46.057,,1756573560,256567,False,nan
2080,298321,1610940640,MERV - XMEV - GGAL - 24hs,6840.0,2025-05-09 14:39:45,157,2025-05-09 14:39:46.767,6820.0,4212,6810.0,15538,6800.0,5363,6790.0,107,6780.0,2253,6840.0,3894,6850.0,1500,6860.0,8364,6870.0,3456,6880.0,25014,2025-05-09 14:39:46.679,,1756573560,256567,False,nan
2081,298488,1610940858,MERV - XMEV - GGAL - 24hs,6840.0,2025-05-09 14:39:45,157,2025-05-09 14:39:48.329,6820.0,4212,6810.0,15538,6800.0,5263,6790.0,107,6780.0,2253,6840.0,3894,6850.0,1500,6860.0,8364,6870.0,3456,6880.0,24514,2025-05-09 14:39:48.242,,1756573560,256567,False,nan
2082,298590,1610941006,MERV - XMEV - GGAL - 24hs,6840.0,2025-05-09 14:39:45,157,2025-05-09 14:39:49.339,6820.0,4412,6810.0,15538,6800.0,5263,6790.0,107,6780.0,2253,6840.0,3894,6850.0,1500,6860.0,8364,6870.0,3456,6880.0,23514,2025-05-09 14:39:49.248,,1756573560,256567,False,nan
2083,298713,1610941172,MERV - XMEV - GGAL - 24hs,6840.0,2025-05-09 14:39:50,28,2025-05-09 14:39:50.807,6820.0,4412,6810.0,15538,6800.0,5263,6790.0,107,6780.0,2253,6840.0,3894,6850.0,1500,6860.0,8364,6870.0,3456,6880.0,23514,2025-05-09 14:39:50.704,,1756573560,256567,True,offer
2084,298763,1610941244,MERV - XMEV - GGAL - 24hs,6840.0,2025-05-09 14:39:50,28,2025-05-09 14:39:51.290,6820.0,4412,6810.0,15538,6800.0,5263,6790.0,107,6780.0,2253,6840.0,3866,6850.0,1300,6860.0,8864,6870.0,3456,6880.0,23514,2025-05-09 14:39:51.203,,1756573560,256567,False,nan
2085,298836,1610941341,MERV - XMEV - GGAL - 24hs,6840.0,2025-05-09 14:39:50,28,2025-05-09 14:39:51.790,6820.0,4412,6810.0,15538,6800.0,5263,6790.0,107,6780.0,2253,6840.0,3866,6850.0,1300,6860.0,8864,6870.0,3456,6880.0,23514,2025-05-09 14:39:51.703,,1756765080,256595,False,nan
2086,299258,1610941929,MERV - XMEV - GGAL - 24hs,6840.0,2025-05-09 14:39:50,28,2025-05-09 14:39:55.535,6820.0,4412,6810.0,15538,6800.0,6263,6790.0,107,6780.0,2253,6840.0,3866,6850.0,1300,6860.0,8864,6870.0,3456,6880.0,23514,2025-05-09 14:39:55.445,,1756765080,256595,False,nan
2087,299480,1610942228,MERV - XMEV - GGAL - 24hs,6840.0,2025-05-09 14:39:50,28,2025-05-09 14:39:57.908,6820.0,10792,6810.0,15638,6800.0,6263,6790.0,107,6780.0,2253,6840.0,3866,6850.0,1300,6860.0,8864,6870.0,3456,6880.0,23514,2025-05-09 14:39:57.820,,1756765080,256595,False,nan
2088,299523,1610942275,MERV - XMEV - GGAL - 24hs,6820.0,2025-05-09 14:39:57,11,2025-05-09 14:39:58.408,6820.0,10792,6810.0,15638,6800.0,6263,6790.0,107,6780.0,2253,6840.0,3866,6850.0,1300,6860.0,8864,6870.0,3456,6880.0,23514,2025-05-09 14:39:58.320,,1756765080,256595,True,bid
2089,299583,1610942350,MERV - XMEV - GGAL - 24hs,6820.0,2025-05-09 14:39:57,11,2025-05-09 14:39:58.907,6820.0,10781,6810.0,15638,6800.0,6263,6790.0,107,6780.0,2253,6840.0,3866,6850.0,1300,6860.0,8864,6870.0,3456,6880.0,23514,2025-05-09 14:39:58.820,,1756840100,256606,False,nan
2090,299636,1610942429,MERV - XMEV - GGAL - 24hs,6820.0,2025-05-09 14:39:57,11,2025-05-09 14:39:59.451,6820.0,10781,6810.0,15638,6800.0,6263,6790.0,107,6780.0,2253,6840.0,3866,6850.0,1300,6860.0,8564,6870.0,3456,6880.0,23514,2025-05-09 14:39:59.364,,1756840100,256606,False,nan
2091,299676,1610942483,MERV - XMEV - GGAL - 24hs,6840.0,2025-05-09 14:39:59,5,2025-05-09 14:39:59.955,6820.0,10781,6810.0,15638,6800.0,6263,6790.0,107,6780.0,2253,6840.0,3866,6850.0,1300,6860.0,8564,6870.0,3456,6880.0,23514,2025-05-09 14:39:59.864,,1756840100,256606,True,offer
2092,299757,1610942593,MERV - XMEV - GGAL - 24hs,6840.0,2025-05-09 14:39:59,5,2025-05-09 14:40:00.571,6820.0,11081,6810.0,15338,6800.0,6263,6790.0,107,6780.0,2253,6840.0,3611,6850.0,1550,6860.0,8564,6870.0,3456,6880.0,23514,2025-05-09 14:40:00.470,,1756840100,256606,False,nan
2093,299821,1610942675,MERV - XMEV - GGAL - 24hs,6840.0,2025-05-09 14:39:59,5,2025-05-09 14:40:01.065,6820.0,11081,6810.0,15338,6800.0,6263,6790.0,107,6780.0,2253,6840.0,3611,6850.0,1550,6860.0,8564,6870.0,3456,6880.0,23514,2025-05-09 14:40:00.977,,1756874300,256611,False,nan
2094,299952,1610942837,MERV - XMEV - GGAL - 24hs,6840.0,2025-05-09 14:39:59,5,2025-05-09 14:40:02.329,6820.0,11081,6810.0,15338,6800.0,6263,6790.0,107,6780.0,2253,6840.0,3612,6850.0,1550,6860.0,8564,6870.0,3456,6880.0,23514,2025-05-09 14:40:02.242,,1756874300,256611,False,nan
2095,300054,1610942976,MERV - XMEV - GGAL - 24hs,6820.0,2025-05-09 14:40:03,19,2025-05-09 14:40:03.382,6820.0,11081,6810.0,15338,6800.0,6263,6790.0,107,6780.0,2253,6840.0,3612,6850.0,1550,6860.0,8564,6870.0,3456,6880.0,23514,2025-05-09 14:40:03.293,,1756874300,256611,True,bid
2096,300154,1610943119,MERV - XMEV - GGAL - 24hs,6820.0,2025-05-09 14:40:03,19,2025-05-09 14:40:04.060,6820.0,11062,6810.0,15338,6800.0,6263,6790.0,107,6780.0,2253,6840.0,3612,6850.0,1550,6860.0,8564,6870.0,2456,6880.0,23514,2025-05-09 14:40:03.961,,1756874300,256611,False,nan
2097,300243,1610943254,MERV - XMEV - GGAL - 24hs,6820.0,2025-05-09 14:40:03,19,2025-05-09 14:40:04.548,6820.0,11062,6810.0,15338,6800.0,6263,6790.0,107,6780.0,2253,6840.0,3612,6850.0,1550,6860.0,8564,6870.0,2456,6880.0,23514,2025-05-09 14:40:04.461,,1757003880,256630,False,nan
2098,300378,1610943424,MERV - XMEV - GGAL - 24hs,6820.0,2025-05-09 14:40:03,19,2025-05-09 14:40:05.740,6820.0,11062,6810.0,15338,6800.0,6263,6790.0,107,6780.0,2253,6840.0,3612,6850.0,1550,6860.0,8564,6870.0,1456,6880.0,24514,2025-05-09 14:40:05.638,,1757003880,256630,False,nan
2099,300738,1610943959,MERV - XMEV - GGAL - 24hs,6820.0,2025-05-09 14:40:08,28,2025-05-09 14:40:09.176,6820.0,11062,6810.0,15338,6800.0,6263,6790.0,107,6780.0,2253,6840.0,3612,6850.0,1550,6860.0,8564,6870.0,1456,6880.0,24514,2025-05-09 14:40:09.019,,1757003880,256630,True,bid
2100,300794,1610944038,MERV - XMEV - GGAL - 24hs,6820.0,2025-05-09 14:40:08,28,2025-05-09 14:40:09.419,6820.0,11034,6810.0,15338,6800.0,6263,6790.0,107,6780.0,2253,6840.0,3612,6850.0,1550,6860.0,8664,6870.0,2456,6880.0,23514,2025-05-09 14:40:09.279,,1757003880,256630,False,nan
2101,300863,1610944154,MERV - XMEV - GGAL - 24hs,6820.0,2025-05-09 14:40:08,28,2025-05-09 14:40:09.878,6820.0,11034,6810.0,15338,6800.0,6263,6790.0,107,6780.0,2253,6840.0,3612,6850.0,1550,6860.0,8664,6870.0,2456,6880.0,23514,2025-05-09 14:40:09.780,,1757194840,256658,False,nan
2102,301430,1610944994,MERV - XMEV - GGAL - 24hs,6840.0,2025-05-09 14:40:14,21,2025-05-09 14:40:14.170,6820.0,11034,6810.0,15338,6800.0,6263,6790.0,107,6780.0,2253,6840.0,3612,6850.0,1550,6860.0,8664,6870.0,2456,6880.0,23514,2025-05-09 14:40:14.032,,1757194840,256658,True,offer
2103,301541,1610945144,MERV - XMEV - GGAL - 24hs,6840.0,2025-05-09 14:40:14,21,2025-05-09 14:40:14.785,6820.0,11034,6810.0,15338,6800.0,6263,6790.0,107,6780.0,2253,6840.0,3591,6850.0,1550,6860.0,8664,6870.0,2456,6880.0,23514,2025-05-09 14:40:14.698,,1757194840,256658,False,nan
2104,301601,1610945243,MERV - XMEV - GGAL - 24hs,6840.0,2025-05-09 14:40:14,21,2025-05-09 14:40:15.287,6820.0,11034,6810.0,15338,6800.0,6263,6790.0,107,6780.0,2253,6840.0,3591,6850.0,1550,6860.0,8664,6870.0,2456,6880.0,23514,2025-05-09 14:40:15.198,,1757338480,256679,False,nan
2105,301780,1610945488,MERV - XMEV - GGAL - 24hs,6840.0,2025-05-09 14:40:14,21,2025-05-09 14:40:16.700,6820.0,11034,6810.0,15338,6800.0,6263,6790.0,107,6780.0,2253,6840.0,3591,6850.0,1550,6860.0,8664,6870.0,1456,6880.0,24514,2025-05-09 14:40:16.613,,1757338480,256679,False,nan
2106,302134,1610945946,MERV - XMEV - GGAL - 24hs,6820.0,2025-05-09 14:40:18,218,2025-05-09 14:40:18.599,6820.0,11034,6810.0,15338,6800.0,6263,6790.0,107,6780.0,2253,6840.0,3591,6850.0,1550,6860.0,8664,6870.0,1456,6880.0,24514,2025-05-09 14:40:18.229,,1757338480,256679,True,bid
2107,302205,1610946045,MERV - XMEV - GGAL - 24hs,6820.0,2025-05-09 14:40:18,218,2025-05-09 14:40:18.896,6820.0,12316,6810.0,15338,6800.0,6263,6790.0,107,6780.0,2253,6840.0,3591,6850.0,1550,6860.0,8664,6870.0,1456,6880.0,24514,2025-05-09 14:40:18.730,,1757338480,256679,False,nan
2108,302301,1610946199,MERV - XMEV - GGAL - 24hs,6820.0,2025-05-09 14:40:18,218,2025-05-09 14:40:19.379,6820.0,12316,6810.0,15338,6800.0,6263,6790.0,107,6780.0,2253,6840.0,3591,6850.0,1550,6860.0,8664,6870.0,1456,6880.0,24514,2025-05-09 14:40:19.229,,1758825240,256897,False,nan
2109,302590,1610946607,MERV - XMEV - GGAL - 24hs,6840.0,2025-05-09 14:40:22,1,2025-05-09 14:40:22.268,6820.0,12316,6810.0,15338,6800.0,6263,6790.0,107,6780.0,2253,6840.0,3591,6850.0,1550,6860.0,8664,6870.0,1456,6880.0,24514,2025-05-09 14:40:22.180,,1758825240,256897,True,offer
2110,302649,1610946693,MERV - XMEV - GGAL - 24hs,6840.0,2025-05-09 14:40:22,1,2025-05-09 14:40:22.767,6820.0,26663,6810.0,991,6800.0,6263,6790.0,107,6780.0,2253,6840.0,3590,6850.0,1550,6860.0,8664,6870.0,1456,6880.0,24514,2025-05-09 14:40:22.680,,1758825240,256897,False,nan
2111,302694,1610946761,MERV - XMEV - GGAL - 24hs,6840.0,2025-05-09 14:40:22,1,2025-05-09 14:40:23.267,6820.0,26663,6810.0,991,6800.0,6263,6790.0,107,6780.0,2253,6840.0,3590,6850.0,1550,6860.0,8664,6870.0,1456,6880.0,24514,2025-05-09 14:40:23.180,,1758832080,256898,False,nan
2112,302991,1610947163,MERV - XMEV - GGAL - 24hs,6840.0,2025-05-09 14:40:22,1,2025-05-09 14:40:25.255,6820.0,26663,6810.0,991,6800.0,6263,6790.0,107,6780.0,2253,6840.0,3590,6850.0,1550,6860.0,8664,6870.0,1456,6880.0,25514,2025-05-09 14:40:25.153,,1758832080,256898,False,nan
2113,303210,1610947479,MERV - XMEV - GGAL - 24hs,6840.0,2025-05-09 14:40:22,1,2025-05-09 14:40:26.711,6820.0,26663,6810.0,991,6800.0,6263,6790.0,107,6780.0,2253,6840.0,3590,6850.0,1550,6860.0,8664,6870.0,1456,6880.0,25014,2025-05-09 14:40:26.573,,1758832080,256898,False,nan
2114,303282,1610947575,MERV - XMEV - GGAL - 24hs,6840.0,2025-05-09 14:40:27,8,2025-05-09 14:40:27.161,6820.0,26663,6810.0,991,6800.0,6263,6790.0,107,6780.0,2253,6840.0,3590,6850.0,1550,6860.0,8664,6870.0,1456,6880.0,25014,2025-05-09 14:40:27.073,,1758832080,256898,True,offer
2115,303367,1610947701,MERV - XMEV - GGAL - 24hs,6840.0,2025-05-09 14:40:27,8,2025-05-09 14:40:27.827,6820.0,26663,6810.0,991,6800.0,6263,6790.0,107,6780.0,2253,6840.0,3582,6850.0,1550,6860.0,8664,6870.0,1456,6880.0,25014,2025-05-09 14:40:27.737,,1758832080,256898,False,nan
2116,303425,1610947787,MERV - XMEV - GGAL - 24hs,6840.0,2025-05-09 14:40:27,8,2025-05-09 14:40:28.331,6820.0,26663,6810.0,991,6800.0,6263,6790.0,107,6780.0,2253,6840.0,3582,6850.0,1550,6860.0,8664,6870.0,1456,6880.0,25014,2025-05-09 14:40:28.238,,1758886800,256906,False,nan
2117,303526,1610947919,MERV - XMEV - GGAL - 24hs,6840.0,2025-05-09 14:40:27,8,2025-05-09 14:40:28.868,6820.0,26663,6810.0,991,6800.0,6333,6790.0,107,6780.0,2253,6840.0,3582,6850.0,1550,6860.0,8664,6870.0,1456,6880.0,26014,2025-05-09 14:40:28.780,,1758886800,256906,False,nan
2118,303826,1610948335,MERV - XMEV - GGAL - 24hs,6840.0,2025-05-09 14:40:30,5,2025-05-09 14:40:30.795,6820.0,26663,6810.0,991,6800.0,6333,6790.0,107,6780.0,2253,6840.0,3582,6850.0,1550,6860.0,8664,6870.0,1456,6880.0,26014,2025-05-09 14:40:30.638,,1758886800,256906,True,offer
2119,304013,1610948587,MERV - XMEV - GGAL - 24hs,6840.0,2025-05-09 14:40:30,5,2025-05-09 14:40:31.836,6820.0,26663,6810.0,991,6800.0,6333,6790.0,107,6780.0,2253,6840.0,3577,6850.0,1550,6860.0,8664,6870.0,1456,6880.0,26014,2025-05-09 14:40:31.305,,1758886800,256906,False,nan
2120,304079,1610948673,MERV - XMEV - GGAL - 24hs,6840.0,2025-05-09 14:40:30,5,2025-05-09 14:40:32.090,6820.0,26663,6810.0,991,6800.0,6333,6790.0,107,6780.0,2253,6840.0,3577,6850.0,1550,6860.0,8664,6870.0,1456,6880.0,27014,2025-05-09 14:40:31.638,,1758921000,256911,False,nan
2121,304348,1610949036,MERV - XMEV - GGAL - 24hs,6840.0,2025-05-09 14:40:30,5,2025-05-09 14:40:33.295,6820.0,26663,6810.0,991,6800.0,6333,6790.0,107,6780.0,2253,6840.0,4077,6850.0,1550,6860.0,8664,6870.0,5456,6880.0,23014,2025-05-09 14:40:33.100,,1758921000,256911,False,nan
2122,304670,1610949519,MERV - XMEV - GGAL - 24hs,6840.0,2025-05-09 14:40:30,5,2025-05-09 14:40:35.349,6820.0,26663,6810.0,991,6800.0,6333,6790.0,107,6780.0,2253,6840.0,4077,6850.0,1550,6860.0,8464,6870.0,5456,6880.0,23014,2025-05-09 14:40:35.256,,1758921000,256911,False,nan
2123,304948,1610949908,MERV - XMEV - GGAL - 24hs,6840.0,2025-05-09 14:40:30,5,2025-05-09 14:40:37.689,6820.0,26663,6810.0,991,6800.0,6333,6790.0,107,6780.0,2253,6840.0,4077,6850.0,1550,6860.0,8464,6870.0,10456,6880.0,18314,2025-05-09 14:40:37.601,,1758921000,256911,False,nan
2124,305092,1610950122,MERV - XMEV - GGAL - 24hs,6820.0,2025-05-09 14:40:38,6,2025-05-09 14:40:39.088,6820.0,26663,6810.0,991,6800.0,6333,6790.0,107,6780.0,2253,6840.0,4077,6850.0,1550,6860.0,8464,6870.0,10456,6880.0,18314,2025-05-09 14:40:38.992,,1758921000,256911,True,bid
2125,305187,1610950247,MERV - XMEV - GGAL - 24hs,6820.0,2025-05-09 14:40:38,6,2025-05-09 14:40:39.756,6820.0,26657,6810.0,991,6800.0,6333,6790.0,107,6780.0,2253,6840.0,4077,6850.0,1550,6860.0,8464,6870.0,10456,6880.0,18314,2025-05-09 14:40:39.663,,1758921000,256911,False,nan
2126,305238,1610950319,MERV - XMEV - GGAL - 24hs,6820.0,2025-05-09 14:40:38,6,2025-05-09 14:40:40.255,6820.0,26657,6810.0,991,6800.0,6333,6790.0,107,6780.0,2253,6840.0,4077,6850.0,1550,6860.0,8464,6870.0,10456,6880.0,18314,2025-05-09 14:40:40.163,,1758961920,256917,False,nan
2127,305324,1610950440,MERV - XMEV - GGAL - 24hs,6820.0,2025-05-09 14:40:38,6,2025-05-09 14:40:41.028,6820.0,12310,6810.0,15338,6800.0,6333,6790.0,107,6780.0,2253,6840.0,4077,6850.0,1550,6860.0,8464,6870.0,10456,6880.0,18314,2025-05-09 14:40:40.935,,1758961920,256917,False,nan
2128,305600,1610950825,MERV - XMEV - GGAL - 24hs,6820.0,2025-05-09 14:40:38,6,2025-05-09 14:40:43.234,6820.0,12310,6810.0,15338,6800.0,6333,6790.0,107,6780.0,2253,6840.0,4087,6850.0,1550,6860.0,8464,6870.0,10456,6880.0,18314,2025-05-09 14:40:43.140,,1758961920,256917,False,nan
2129,305689,1610950949,MERV - XMEV - GGAL - 24hs,6820.0,2025-05-09 14:40:38,6,2025-05-09 14:40:44.072,6820.0,26657,6810.0,991,6800.0,6333,6790.0,107,6780.0,2253,6840.0,4087,6850.0,1550,6860.0,3464,6870.0,6456,6880.0,17314,2025-05-09 14:40:43.967,,1758961920,256917,False,nan
2130,305875,1610951218,MERV - XMEV - GGAL - 24hs,6820.0,2025-05-09 14:40:38,6,2025-05-09 14:40:45.404,6820.0,26657,6810.0,991,6800.0,6333,6790.0,107,6780.0,2253,6840.0,4087,6850.0,1550,6860.0,3464,6870.0,6456,6880.0,15314,2025-05-09 14:40:45.295,,1758961920,256917,False,nan
2131,305973,1610951370,MERV - XMEV - GGAL - 24hs,6820.0,2025-05-09 14:40:45,868,2025-05-09 14:40:45.883,6820.0,26657,6810.0,991,6800.0,6333,6790.0,107,6780.0,2253,6840.0,4087,6850.0,1550,6860.0,3464,6870.0,6456,6880.0,15314,2025-05-09 14:40:45.795,,1758961920,256917,True,bid
2132,306058,1610951509,MERV - XMEV - GGAL - 24hs,6820.0,2025-05-09 14:40:45,868,2025-05-09 14:40:46.425,6820.0,25789,6810.0,991,6800.0,6333,6790.0,107,6780.0,2253,6840.0,4087,6850.0,1550,6860.0,3464,6870.0,6456,6880.0,16314,2025-05-09 14:40:46.295,,1764881680,257785,False,nan
2133,306153,1610951642,MERV - XMEV - GGAL - 24hs,6820.0,2025-05-09 14:40:47,37,2025-05-09 14:40:47.174,6820.0,25789,6810.0,991,6800.0,6333,6790.0,107,6780.0,2253,6840.0,4087,6850.0,1550,6860.0,3464,6870.0,6456,6880.0,16314,2025-05-09 14:40:47.083,,1764881680,257785,True,bid
2134,306244,1610951780,MERV - XMEV - GGAL - 24hs,6820.0,2025-05-09 14:40:47,37,2025-05-09 14:40:47.900,6820.0,25752,6810.0,991,6800.0,6333,6790.0,107,6780.0,2253,6840.0,4087,6850.0,1550,6860.0,3464,6870.0,8456,6880.0,14314,2025-05-09 14:40:47.813,,1764881680,257785,False,nan
2135,306293,1610951848,MERV - XMEV - GGAL - 24hs,6820.0,2025-05-09 14:40:47,37,2025-05-09 14:40:48.400,6820.0,25752,6810.0,991,6800.0,6333,6790.0,107,6780.0,2253,6840.0,4087,6850.0,1550,6860.0,3464,6870.0,8456,6880.0,14314,2025-05-09 14:40:48.313,,1765134020,257822,False,nan
2136,306329,1610951904,MERV - XMEV - GGAL - 24hs,6820.0,2025-05-09 14:40:47,37,2025-05-09 14:40:48.903,6830.0,7,6820.0,25752,6810.0,991,6800.0,6333,6790.0,107,6840.0,4011,6850.0,1550,6860.0,3464,6870.0,8456,6880.0,14321,2025-05-09 14:40:48.813,,1765134020,257822,False,nan
2137,306447,1610952061,MERV - XMEV - GGAL - 24hs,6820.0,2025-05-09 14:40:47,37,2025-05-09 14:40:50.421,6830.0,39,6820.0,25752,6810.0,991,6800.0,6333,6790.0,107,6840.0,4011,6850.0,1550,6860.0,3464,6870.0,8456,6880.0,16321,2025-05-09 14:40:50.332,,1765134020,257822,False,nan
2138,306690,1610952391,MERV - XMEV - GGAL - 24hs,6820.0,2025-05-09 14:40:47,37,2025-05-09 14:40:52.139,6830.0,39,6820.0,25851,6810.0,991,6800.0,6333,6790.0,107,6840.0,4011,6850.0,1550,6860.0,3464,6870.0,8456,6880.0,16321,2025-05-09 14:40:52.051,,1765134020,257822,False,nan
2139,306831,1610952598,MERV - XMEV - GGAL - 24hs,6820.0,2025-05-09 14:40:47,37,2025-05-09 14:40:53.455,6830.0,39,6820.0,25851,6810.0,991,6800.0,6333,6790.0,107,6840.0,1427,6850.0,4134,6860.0,3464,6870.0,8456,6880.0,16321,2025-05-09 14:40:53.337,,1765134020,257822,False,nan
2140,306890,1610952683,MERV - XMEV - GGAL - 24hs,6820.0,2025-05-09 14:40:47,37,2025-05-09 14:40:54.096,6830.0,339,6820.0,25551,6810.0,991,6800.0,6333,6790.0,107,6840.0,1427,6850.0,4134,6860.0,3464,6870.0,6456,6880.0,18321,2025-05-09 14:40:54.009,,1765134020,257822,False,nan
2141,307105,1610952987,MERV - XMEV - GGAL - 24hs,6820.0,2025-05-09 14:40:47,37,2025-05-09 14:40:55.891,6830.0,339,6820.0,25551,6810.0,991,6800.0,6333,6790.0,107,6840.0,1427,6850.0,4134,6860.0,3964,6870.0,6456,6880.0,18321,2025-05-09 14:40:55.799,,1765134020,257822,False,nan
2142,307241,1610953175,MERV - XMEV - GGAL - 24hs,6820.0,2025-05-09 14:40:47,37,2025-05-09 14:40:57.083,6830.0,339,6820.0,25551,6810.0,991,6800.0,6333,6790.0,107,6840.0,1427,6850.0,4134,6860.0,3964,6870.0,6456,6880.0,17321,2025-05-09 14:40:56.992,,1765134020,257822,False,nan
2143,307334,1610953316,MERV - XMEV - GGAL - 24hs,6820.0,2025-05-09 14:40:47,37,2025-05-09 14:40:57.840,6830.0,339,6820.0,25551,6810.0,991,6800.0,6333,6790.0,107,6840.0,1427,6850.0,4134,6860.0,3964,6870.0,6456,6880.0,18321,2025-05-09 14:40:57.743,,1765134020,257822,False,nan
2144,307406,1610953420,MERV - XMEV - GGAL - 24hs,6820.0,2025-05-09 14:40:47,37,2025-05-09 14:40:58.606,6830.0,339,6820.0,25551,6810.0,991,6800.0,6333,6790.0,107,6840.0,1427,6850.0,4134,6860.0,3964,6870.0,6456,6880.0,19321,2025-05-09 14:40:58.510,,1765134020,257822,False,nan
2145,307463,1610953497,MERV - XMEV - GGAL - 24hs,6840.0,2025-05-09 14:40:59,1,2025-05-09 14:40:59.280,6830.0,339,6820.0,25551,6810.0,991,6800.0,6333,6790.0,107,6840.0,1427,6850.0,4134,6860.0,3964,6870.0,6456,6880.0,19321,2025-05-09 14:40:59.191,,1765134020,257822,True,offer
2146,307499,1610953550,MERV - XMEV - GGAL - 24hs,6840.0,2025-05-09 14:40:59,1,2025-05-09 14:40:59.779,6830.0,339,6820.0,25551,6810.0,991,6800.0,6333,6790.0,107,6840.0,1426,6850.0,4134,6860.0,3964,6870.0,6456,6880.0,18321,2025-05-09 14:40:59.690,,1765134020,257822,False,nan
2147,307530,1610953589,MERV - XMEV - GGAL - 24hs,6840.0,2025-05-09 14:40:59,1,2025-05-09 14:41:00.279,6830.0,339,6820.0,25551,6810.0,991,6800.0,6333,6790.0,107,6840.0,1426,6850.0,4134,6860.0,3964,6870.0,6456,6880.0,18321,2025-05-09 14:41:00.192,,1765140860,257823,False,nan
2148,307587,1610953669,MERV - XMEV - GGAL - 24hs,6840.0,2025-05-09 14:40:59,1,2025-05-09 14:41:00.791,6830.0,339,6820.0,25551,6810.0,991,6800.0,6333,6790.0,107,6840.0,1426,6850.0,4134,6860.0,964,6870.0,6456,6880.0,16321,2025-05-09 14:41:00.691,,1765140860,257823,False,nan
2149,307649,1610953761,MERV - XMEV - GGAL - 24hs,6830.0,2025-05-09 14:41:00,226,2025-05-09 14:41:01.280,6830.0,339,6820.0,25551,6810.0,991,6800.0,6333,6790.0,107,6840.0,1426,6850.0,4134,6860.0,964,6870.0,6456,6880.0,16321,2025-05-09 14:41:01.192,,1765140860,257823,True,bid
2150,307745,1610953896,MERV - XMEV - GGAL - 24hs,6830.0,2025-05-09 14:41:00,226,2025-05-09 14:41:01.796,6830.0,14421,6820.0,11204,6810.0,991,6800.0,6333,6790.0,107,6840.0,1426,6850.0,4134,6860.0,964,6870.0,7456,6880.0,13321,2025-05-09 14:41:01.691,,1766950810,258088,False,nan
2151,307925,1610954142,MERV - XMEV - GGAL - 24hs,6830.0,2025-05-09 14:41:03,28,2025-05-09 14:41:03.578,6830.0,14421,6820.0,11204,6810.0,991,6800.0,6333,6790.0,107,6840.0,1426,6850.0,4134,6860.0,964,6870.0,7456,6880.0,13321,2025-05-09 14:41:03.491,,1766950810,258088,True,bid
2152,307995,1610954243,MERV - XMEV - GGAL - 24hs,6830.0,2025-05-09 14:41:03,28,2025-05-09 14:41:04.241,6830.0,14393,6820.0,11204,6810.0,991,6800.0,6333,6790.0,107,6840.0,1426,6850.0,4134,6860.0,964,6870.0,6456,6880.0,14321,2025-05-09 14:41:04.153,,1766950810,258088,False,nan
2153,308095,1610954378,MERV - XMEV - GGAL - 24hs,6830.0,2025-05-09 14:41:03,28,2025-05-09 14:41:04.763,6830.0,14393,6820.0,11204,6810.0,991,6800.0,6333,6790.0,107,6840.0,1426,6850.0,4134,6860.0,964,6870.0,6456,6880.0,14321,2025-05-09 14:41:04.653,,1767142050,258116,False,nan
2154,308136,1610954433,MERV - XMEV - GGAL - 24hs,6840.0,2025-05-09 14:41:04,28,2025-05-09 14:41:05.242,6830.0,14393,6820.0,11204,6810.0,991,6800.0,6333,6790.0,107,6840.0,1426,6850.0,4134,6860.0,964,6870.0,6456,6880.0,14321,2025-05-09 14:41:05.153,,1767142050,258116,True,offer
2155,308177,1610954486,MERV - XMEV - GGAL - 24hs,6840.0,2025-05-09 14:41:04,28,2025-05-09 14:41:05.742,6830.0,14393,6820.0,11204,6810.0,991,6800.0,6333,6790.0,107,6840.0,1398,6850.0,4134,6860.0,964,6870.0,6456,6880.0,14321,2025-05-09 14:41:05.653,,1767333570,258144,False,nan
2156,308664,1610955159,MERV - XMEV - GGAL - 24hs,6840.0,2025-05-09 14:41:09,387,2025-05-09 14:41:09.474,6830.0,14393,6820.0,11204,6810.0,991,6800.0,6333,6790.0,107,6840.0,1398,6850.0,4134,6860.0,964,6870.0,6456,6880.0,14321,2025-05-09 14:41:09.387,,1767333570,258144,True,offer
2157,308719,1610955236,MERV - XMEV - GGAL - 24hs,6840.0,2025-05-09 14:41:09,37,2025-05-09 14:41:09.982,6830.0,14393,6820.0,11204,6810.0,991,6800.0,6333,6790.0,107,6840.0,1398,6850.0,4134,6860.0,964,6870.0,6456,6880.0,14321,2025-05-09 14:41:09.894,,1767333570,258144,False,nan
2158,308770,1610955301,MERV - XMEV - GGAL - 24hs,6840.0,2025-05-09 14:41:09,25,2025-05-09 14:41:10.475,6830.0,15893,6820.0,8779,6810.0,991,6800.0,6333,6790.0,107,6840.0,448,6850.0,4134,6860.0,964,6870.0,6456,6880.0,14321,2025-05-09 14:41:10.387,,1773831570,259094,False,nan
2159,308805,1610955342,MERV - XMEV - GGAL - 24hs,6840.0,2025-05-09 14:41:09,25,2025-05-09 14:41:11.076,6830.0,15893,6820.0,8779,6810.0,991,6800.0,6333,6790.0,107,6840.0,448,6850.0,4134,6860.0,1364,6870.0,6456,6880.0,14321,2025-05-09 14:41:10.988,,1773831570,259094,False,nan
2160,308878,1610955456,MERV - XMEV - GGAL - 24hs,6840.0,2025-05-09 14:41:09,25,2025-05-09 14:41:11.917,6830.0,15893,6820.0,8779,6810.0,991,6800.0,6333,6790.0,107,6840.0,448,6850.0,4134,6860.0,964,6870.0,6456,6880.0,14321,2025-05-09 14:41:11.830,,1773831570,259094,False,nan
2161,309008,1610955630,MERV - XMEV - GGAL - 24hs,6830.0,2025-05-09 14:41:13,26,2025-05-09 14:41:13.164,6830.0,15893,6820.0,8779,6810.0,991,6800.0,6333,6790.0,107,6840.0,448,6850.0,4134,6860.0,964,6870.0,6456,6880.0,14321,2025-05-09 14:41:13.073,,1773831570,259094,True,bid
2162,309093,1610955753,MERV - XMEV - GGAL - 24hs,6830.0,2025-05-09 14:41:13,26,2025-05-09 14:41:13.830,6830.0,15867,6820.0,8779,6810.0,991,6800.0,6333,6790.0,107,6840.0,448,6850.0,3884,6860.0,1214,6870.0,6456,6880.0,14321,2025-05-09 14:41:13.740,,1773831570,259094,False,nan
2163,309166,1610955876,MERV - XMEV - GGAL - 24hs,6830.0,2025-05-09 14:41:13,26,2025-05-09 14:41:14.727,6830.0,15867,6820.0,8779,6810.0,991,6800.0,6333,6790.0,107,6840.0,448,6850.0,3884,6860.0,1214,6870.0,6456,6880.0,14321,2025-05-09 14:41:14.608,,1774009150,259120,False,nan
2164,309669,1610956580,MERV - XMEV - GGAL - 24hs,6830.0,2025-05-09 14:41:18,4,2025-05-09 14:41:18.964,6830.0,15867,6820.0,8779,6810.0,991,6800.0,6333,6790.0,107,6840.0,448,6850.0,3884,6860.0,1214,6870.0,6456,6880.0,14321,2025-05-09 14:41:18.875,,1774009150,259120,True,bid
2165,309768,1610956723,MERV - XMEV - GGAL - 24hs,6830.0,2025-05-09 14:41:18,4,2025-05-09 14:41:19.715,6830.0,15863,6820.0,8779,6810.0,991,6800.0,6333,6790.0,107,6840.0,448,6850.0,3884,6860.0,1214,6870.0,6456,6880.0,14321,2025-05-09 14:41:19.599,,1774009150,259120,False,nan
2166,309842,1610956837,MERV - XMEV - GGAL - 24hs,6830.0,2025-05-09 14:41:18,4,2025-05-09 14:41:20.189,6830.0,15863,6820.0,8779,6810.0,991,6800.0,6333,6790.0,107,6840.0,448,6850.0,3884,6860.0,1214,6870.0,6456,6880.0,14321,2025-05-09 14:41:20.099,,1774036470,259124,False,nan
2167,309895,1610956932,MERV - XMEV - GGAL - 24hs,6840.0,2025-05-09 14:41:20,119,2025-05-09 14:41:20.991,6830.0,15863,6820.0,8779,6810.0,991,6800.0,6333,6790.0,107,6840.0,448,6850.0,3884,6860.0,1214,6870.0,6456,6880.0,14321,2025-05-09 14:41:20.903,,1774036470,259124,True,offer
2168,309946,1610957007,MERV - XMEV - GGAL - 24hs,6840.0,2025-05-09 14:41:20,119,2025-05-09 14:41:21.677,6830.0,15863,6820.0,8779,6810.0,991,6800.0,6333,6790.0,107,6840.0,329,6850.0,3884,6860.0,1214,6870.0,6456,6880.0,14321,2025-05-09 14:41:21.568,,1774036470,259124,False,nan
2169,310011,1610957106,MERV - XMEV - GGAL - 24hs,6840.0,2025-05-09 14:41:20,119,2025-05-09 14:41:22.164,6830.0,15863,6820.0,8779,6810.0,991,6800.0,6333,6790.0,107,6840.0,329,6850.0,3884,6860.0,1214,6870.0,6456,6880.0,14321,2025-05-09 14:41:22.068,,1774850430,259243,False,nan
2170,310067,1610957177,MERV - XMEV - GGAL - 24hs,6840.0,2025-05-09 14:41:20,119,2025-05-09 14:41:22.695,6830.0,15863,6820.0,8779,6810.0,991,6800.0,6333,6790.0,107,6840.0,329,6850.0,1300,6860.0,1214,6870.0,9040,6880.0,10321,2025-05-09 14:41:22.601,,1774850430,259243,False,nan
2171,310298,1610957492,MERV - XMEV - GGAL - 24hs,6830.0,2025-05-09 14:41:24,4,2025-05-09 14:41:24.924,6830.0,15863,6820.0,8779,6810.0,991,6800.0,6333,6790.0,107,6840.0,329,6850.0,1300,6860.0,1214,6870.0,9040,6880.0,10321,2025-05-09 14:41:24.830,,1774850430,259243,True,bid
2172,310364,1610957576,MERV - XMEV - GGAL - 24hs,6830.0,2025-05-09 14:41:24,4,2025-05-09 14:41:25.418,6830.0,15859,6820.0,8779,6810.0,991,6800.0,6333,6790.0,107,6840.0,329,6850.0,1300,6860.0,1214,6870.0,9040,6880.0,9321,2025-05-09 14:41:25.330,,1774850430,259243,False,nan
2173,310447,1610957709,MERV - XMEV - GGAL - 24hs,6830.0,2025-05-09 14:41:24,4,2025-05-09 14:41:25.999,6830.0,15859,6820.0,8779,6810.0,991,6800.0,6333,6790.0,107,6840.0,329,6850.0,1300,6860.0,1214,6870.0,9040,6880.0,11321,2025-05-09 14:41:25.829,,1774877750,259247,False,nan
2174,310532,1610957848,MERV - XMEV - GGAL - 24hs,6830.0,2025-05-09 14:41:24,4,2025-05-09 14:41:26.643,6830.0,14359,6820.0,10279,6810.0,991,6800.0,6333,6790.0,107,6840.0,329,6850.0,1300,6860.0,1214,6870.0,9040,6880.0,11321,2025-05-09 14:41:26.545,,1774877750,259247,False,nan
2175,310726,1610958109,MERV - XMEV - GGAL - 24hs,6830.0,2025-05-09 14:41:24,4,2025-05-09 14:41:28.437,6830.0,14359,6820.0,10279,6810.0,991,6800.0,6333,6790.0,107,6840.0,329,6850.0,1300,6860.0,1214,6870.0,9040,6880.0,10321,2025-05-09 14:41:28.349,,1774877750,259247,False,nan
2176,310782,1610958181,MERV - XMEV - GGAL - 24hs,6830.0,2025-05-09 14:41:28,44,2025-05-09 14:41:28.938,6830.0,14359,6820.0,10279,6810.0,991,6800.0,6333,6790.0,107,6840.0,329,6850.0,1300,6860.0,1214,6870.0,9040,6880.0,10321,2025-05-09 14:41:28.850,,1774877750,259247,True,bid
2177,310838,1610958259,MERV - XMEV - GGAL - 24hs,6830.0,2025-05-09 14:41:28,44,2025-05-09 14:41:29.439,6830.0,14303,6820.0,10279,6810.0,991,6800.0,6333,6790.0,107,6840.0,329,6850.0,1300,6860.0,1214,6870.0,9040,6880.0,9321,2025-05-09 14:41:29.348,,1775260230,259303,False,nan
2178,310936,1610958394,MERV - XMEV - GGAL - 24hs,6840.0,2025-05-09 14:41:30,10,2025-05-09 14:41:30.447,6830.0,14303,6820.0,10279,6810.0,991,6800.0,6333,6790.0,107,6840.0,329,6850.0,1300,6860.0,1214,6870.0,9040,6880.0,9321,2025-05-09 14:41:30.341,,1775260230,259303,True,offer
2179,311025,1610958517,MERV - XMEV - GGAL - 24hs,6840.0,2025-05-09 14:41:30,10,2025-05-09 14:41:31.071,6830.0,14303,6820.0,10279,6810.0,991,6800.0,6333,6790.0,107,6840.0,319,6850.0,1300,6860.0,1214,6870.0,9040,6880.0,9321,2025-05-09 14:41:30.981,,1775260230,259303,False,nan
2180,311086,1610958605,MERV - XMEV - GGAL - 24hs,6840.0,2025-05-09 14:41:30,10,2025-05-09 14:41:31.574,6830.0,14303,6820.0,10279,6810.0,991,6800.0,6333,6790.0,107,6840.0,319,6850.0,1300,6860.0,1214,6870.0,9040,6880.0,9321,2025-05-09 14:41:31.481,,1775328630,259313,False,nan
2181,311311,1610958940,MERV - XMEV - GGAL - 24hs,6840.0,2025-05-09 14:41:34,55,2025-05-09 14:41:34.129,6830.0,14303,6820.0,10279,6810.0,991,6800.0,6333,6790.0,107,6840.0,319,6850.0,1300,6860.0,1214,6870.0,9040,6880.0,9321,2025-05-09 14:41:34.040,,1775328630,259313,True,offer
2182,311389,1610959049,MERV - XMEV - GGAL - 24hs,6840.0,2025-05-09 14:41:34,55,2025-05-09 14:41:34.795,6830.0,14303,6820.0,10279,6810.0,991,6800.0,6333,6790.0,107,6840.0,264,6850.0,1300,6860.0,1214,6870.0,9040,6880.0,9321,2025-05-09 14:41:34.707,,1775328630,259313,False,nan
2183,311446,1610959129,MERV - XMEV - GGAL - 24hs,6840.0,2025-05-09 14:41:34,55,2025-05-09 14:41:35.299,6830.0,14303,6820.0,10279,6810.0,991,6800.0,6333,6790.0,107,6840.0,264,6850.0,1300,6860.0,1214,6870.0,9040,6880.0,9321,2025-05-09 14:41:35.211,,1775704830,259368,False,nan
2184,311818,1610959653,MERV - XMEV - GGAL - 24hs,6830.0,2025-05-09 14:41:38,13,2025-05-09 14:41:38.355,6830.0,14303,6820.0,10279,6810.0,991,6800.0,6333,6790.0,107,6840.0,264,6850.0,1300,6860.0,1214,6870.0,9040,6880.0,9321,2025-05-09 14:41:38.260,,1775704830,259368,True,bid
2185,311884,1610959740,MERV - XMEV - GGAL - 24hs,6830.0,2025-05-09 14:41:38,1000,2025-05-09 14:41:38.867,6830.0,14303,6820.0,10279,6810.0,991,6800.0,6333,6790.0,107,6840.0,264,6850.0,1300,6860.0,1214,6870.0,9040,6880.0,9321,2025-05-09 14:41:38.762,,1775793620,259381,False,nan
2186,311984,1610959882,MERV - XMEV - GGAL - 24hs,6840.0,2025-05-09 14:41:38,8,2025-05-09 14:41:39.379,6820.0,10279,6810.0,991,6800.0,6333,6790.0,107,6780.0,2253,6840.0,332,6850.0,1300,6860.0,1214,6870.0,9040,6880.0,8314,2025-05-09 14:41:39.264,,1782678340,260389,False,nan
2187,312137,1610960088,MERV - XMEV - GGAL - 24hs,6840.0,2025-05-09 14:41:38,8,2025-05-09 14:41:40.020,6830.0,15000,6820.0,10279,6810.0,991,6800.0,6333,6790.0,107,6840.0,256,6850.0,1300,6860.0,1214,6870.0,9040,6880.0,8321,2025-05-09 14:41:39.804,,1782678340,260389,False,nan
2188,312327,1610960341,MERV - XMEV - GGAL - 24hs,6840.0,2025-05-09 14:41:38,8,2025-05-09 14:41:40.820,6830.0,15000,6820.0,10279,6810.0,991,6800.0,6333,6790.0,107,6840.0,256,6850.0,1300,6860.0,1214,6870.0,9040,6880.0,13321,2025-05-09 14:41:40.700,,1782678340,260389,False,nan
2189,312472,1610960568,MERV - XMEV - GGAL - 24hs,6840.0,2025-05-09 14:41:38,8,2025-05-09 14:41:41.604,6830.0,15000,6820.0,10279,6810.0,991,6800.0,6333,6790.0,107,6840.0,256,6850.0,1300,6860.0,1214,6870.0,9040,6880.0,15321,2025-05-09 14:41:41.476,,1782678340,260389,False,nan
2190,312682,1610960881,MERV - XMEV - GGAL - 24hs,6840.0,2025-05-09 14:41:38,8,2025-05-09 14:41:43.058,6820.0,25279,6810.0,991,6800.0,6333,6790.0,107,6780.0,2253,6840.0,256,6850.0,1300,6860.0,1614,6870.0,9040,6880.0,15321,2025-05-09 14:41:42.961,,1782678340,260389,False,nan
2191,312764,1610960984,MERV - XMEV - GGAL - 24hs,6840.0,2025-05-09 14:41:38,8,2025-05-09 14:41:44.132,6820.0,25279,6810.0,991,6800.0,6333,6790.0,107,6780.0,2253,6840.0,332,6850.0,1300,6860.0,1614,6870.0,9040,6880.0,15314,2025-05-09 14:41:43.984,,1782678340,260389,False,nan
2192,312817,1610961058,MERV - XMEV - GGAL - 24hs,6840.0,2025-05-09 14:41:43,2,2025-05-09 14:41:44.363,6820.0,25279,6810.0,991,6800.0,6333,6790.0,107,6780.0,2253,6840.0,332,6850.0,1300,6860.0,1614,6870.0,9040,6880.0,15314,2025-05-09 14:41:44.270,,1782678340,260389,True,offer
2193,312869,1610961130,MERV - XMEV - GGAL - 24hs,6840.0,2025-05-09 14:41:43,2,2025-05-09 14:41:44.866,6820.0,25279,6810.0,991,6800.0,6333,6790.0,107,6780.0,2253,6840.0,330,6850.0,1300,6860.0,1214,6870.0,9040,6880.0,15314,2025-05-09 14:41:44.771,,1782692020,260391,False,nan
2194,313062,1610961397,MERV - XMEV - GGAL - 24hs,6840.0,2025-05-09 14:41:43,2,2025-05-09 14:41:46.617,6820.0,25279,6810.0,991,6800.0,6333,6790.0,107,6780.0,2253,6840.0,330,6850.0,1300,6860.0,1614,6870.0,9040,6880.0,15314,2025-05-09 14:41:46.530,,1782692020,260391,False,nan
2195,313320,1610961737,MERV - XMEV - GGAL - 24hs,6840.0,2025-05-09 14:41:48,200,2025-05-09 14:41:48.491,6820.0,25279,6810.0,991,6800.0,6333,6790.0,107,6780.0,2253,6840.0,330,6850.0,1300,6860.0,1614,6870.0,9040,6880.0,15314,2025-05-09 14:41:48.360,,1782692020,260391,True,offer
2196,313395,1610961839,MERV - XMEV - GGAL - 24hs,6840.0,2025-05-09 14:41:48,200,2025-05-09 14:41:49.128,6820.0,25279,6810.0,991,6800.0,6333,6790.0,107,6780.0,2253,6840.0,130,6850.0,1300,6860.0,1614,6870.0,9040,6880.0,15314,2025-05-09 14:41:49.029,,1782692020,260391,False,nan
2197,313479,1610961963,MERV - XMEV - GGAL - 24hs,6840.0,2025-05-09 14:41:48,200,2025-05-09 14:41:49.620,6820.0,25279,6810.0,991,6800.0,6333,6790.0,107,6780.0,2253,6840.0,130,6850.0,1300,6860.0,1614,6870.0,9040,6880.0,15314,2025-05-09 14:41:49.531,,1784060020,260591,False,nan
2198,313972,1610962673,MERV - XMEV - GGAL - 24hs,6820.0,2025-05-09 14:41:53,1,2025-05-09 14:41:53.820,6820.0,25279,6810.0,991,6800.0,6333,6790.0,107,6780.0,2253,6840.0,130,6850.0,1300,6860.0,1614,6870.0,9040,6880.0,15314,2025-05-09 14:41:53.701,,1784060020,260591,True,bid
2199,314035,1610962757,MERV - XMEV - GGAL - 24hs,6820.0,2025-05-09 14:41:53,1,2025-05-09 14:41:54.359,6820.0,25278,6810.0,991,6800.0,6333,6790.0,107,6780.0,2253,6840.0,130,6850.0,1300,6860.0,1614,6870.0,9040,6880.0,15314,2025-05-09 14:41:54.271,,1784060020,260591,False,nan
2200,314082,1610962821,MERV - XMEV - GGAL - 24hs,6820.0,2025-05-09 14:41:53,1,2025-05-09 14:41:54.859,6820.0,25278,6810.0,991,6800.0,6333,6790.0,107,6780.0,2253,6840.0,130,6850.0,1300,6860.0,1614,6870.0,9040,6880.0,15314,2025-05-09 14:41:54.772,,1784066840,260592,False,nan
2201,314211,1610963019,MERV - XMEV - GGAL - 24hs,6820.0,2025-05-09 14:41:53,1,2025-05-09 14:41:55.714,6820.0,25333,6810.0,991,6800.0,6333,6790.0,107,6780.0,2253,6840.0,130,6850.0,1300,6860.0,1614,6870.0,9040,6880.0,15314,2025-05-09 14:41:55.620,,1784066840,260592,False,nan
2202,314666,1610963671,MERV - XMEV - GGAL - 24hs,6820.0,2025-05-09 14:41:53,1,2025-05-09 14:41:58.067,6820.0,25333,6810.0,991,6800.0,6333,6790.0,107,6780.0,2253,6840.0,130,6850.0,1300,6860.0,1214,6870.0,9040,6880.0,15318,2025-05-09 14:41:57.535,,1784066840,260592,False,nan
2203,314919,1610964020,MERV - XMEV - GGAL - 24hs,6820.0,2025-05-09 14:41:53,1,2025-05-09 14:41:59.563,6820.0,25333,6810.0,991,6800.0,6333,6790.0,107,6780.0,2253,6840.0,130,6850.0,1300,6860.0,1214,6870.0,9040,6880.0,18318,2025-05-09 14:41:59.462,,1784066840,260592,False,nan
2204,315170,1610964382,MERV - XMEV - GGAL - 24hs,6820.0,2025-05-09 14:41:53,1,2025-05-09 14:42:01.083,6820.0,25333,6810.0,991,6800.0,6333,6790.0,107,6780.0,2253,6840.0,130,6850.0,1300,6860.0,1214,6870.0,9040,6880.0,15318,2025-05-09 14:42:00.970,,1784066840,260592,False,nan
2205,315256,1610964520,MERV - XMEV - GGAL - 24hs,6820.0,2025-05-09 14:41:53,1,2025-05-09 14:42:01.826,6820.0,25333,6810.0,991,6800.0,6333,6790.0,107,6780.0,2253,6840.0,130,6850.0,1300,6860.0,1214,6870.0,9040,6880.0,18318,2025-05-09 14:42:01.727,,1784066840,260592,False,nan
2206,315426,1610964770,MERV - XMEV - GGAL - 24hs,6820.0,2025-05-09 14:41:53,1,2025-05-09 14:42:03.317,6820.0,25333,6810.0,991,6800.0,6333,6790.0,107,6780.0,2253,6840.0,130,6850.0,1300,6860.0,1214,6870.0,9040,6880.0,15318,2025-05-09 14:42:03.197,,1784066840,260592,False,nan
2207,315504,1610964920,MERV - XMEV - GGAL - 24hs,6820.0,2025-05-09 14:41:53,1,2025-05-09 14:42:04.295,6820.0,25333,6810.0,991,6800.0,6333,6790.0,107,6780.0,2253,6840.0,130,6850.0,1300,6860.0,1214,6870.0,9040,6880.0,18318,2025-05-09 14:42:04.188,,1784066840,260592,False,nan
2208,315609,1610965082,MERV - XMEV - GGAL - 24hs,6820.0,2025-05-09 14:41:53,1,2025-05-09 14:42:05.550,6820.0,25333,6810.0,991,6800.0,6333,6790.0,107,6780.0,2253,6840.0,130,6850.0,1300,6860.0,1214,6870.0,9040,6880.0,15318,2025-05-09 14:42:05.457,,1784066840,260592,False,nan
2209,315705,1610965209,MERV - XMEV - GGAL - 24hs,6820.0,2025-05-09 14:41:53,1,2025-05-09 14:42:06.408,6820.0,25333,6810.0,991,6800.0,6333,6790.0,107,6780.0,2253,6840.0,130,6850.0,1300,6860.0,1214,6870.0,9040,6880.0,18318,2025-05-09 14:42:06.320,,1784066840,260592,False,nan
2210,316153,1610965840,MERV - XMEV - GGAL - 24hs,6820.0,2025-05-09 14:41:53,1,2025-05-09 14:42:08.695,6820.0,25333,6810.0,991,6800.0,6333,6790.0,107,6780.0,2253,6840.0,130,6850.0,1300,6860.0,1214,6870.0,9040,6880.0,15318,2025-05-09 14:42:08.548,,1784066840,260592,False,nan
2211,316252,1610965982,MERV - XMEV - GGAL - 24hs,6820.0,2025-05-09 14:41:53,1,2025-05-09 14:42:09.396,6820.0,25333,6810.0,991,6800.0,6333,6790.0,107,6780.0,2253,6840.0,130,6850.0,1300,6860.0,1214,6870.0,9040,6880.0,18318,2025-05-09 14:42:09.304,,1784066840,260592,False,nan
2212,316564,1610966418,MERV - XMEV - GGAL - 24hs,6820.0,2025-05-09 14:41:53,1,2025-05-09 14:42:11.936,6820.0,25333,6810.0,991,6800.0,6333,6790.0,107,6780.0,2253,6840.0,130,6850.0,1300,6860.0,1214,6870.0,9040,6880.0,15318,2025-05-09 14:42:11.838,,1784066840,260592,False,nan
2213,316683,1610966591,MERV - XMEV - GGAL - 24hs,6820.0,2025-05-09 14:41:53,1,2025-05-09 14:42:13.418,6820.0,25333,6810.0,991,6800.0,6333,6790.0,107,6780.0,2253,6840.0,130,6850.0,1300,6860.0,1214,6870.0,9040,6880.0,19318,2025-05-09 14:42:13.327,,1784066840,260592,False,nan
2214,316886,1610966855,MERV - XMEV - GGAL - 24hs,6820.0,2025-05-09 14:41:53,1,2025-05-09 14:42:14.664,6820.0,25333,6810.0,991,6800.0,6333,6790.0,107,6780.0,2253,6840.0,130,6850.0,1300,6860.0,1214,6870.0,9040,6880.0,20318,2025-05-09 14:42:14.574,,1784066840,260592,False,nan
2215,316931,1610966914,MERV - XMEV - GGAL - 24hs,6820.0,2025-05-09 14:42:15,7,2025-05-09 14:42:15.163,6820.0,25333,6810.0,991,6800.0,6333,6790.0,107,6780.0,2253,6840.0,130,6850.0,1300,6860.0,1214,6870.0,9040,6880.0,20318,2025-05-09 14:42:15.075,,1784066840,260592,True,bid
2216,317055,1610967065,MERV - XMEV - GGAL - 24hs,6820.0,2025-05-09 14:42:15,7,2025-05-09 14:42:15.848,6820.0,25333,6810.0,991,6800.0,6333,6790.0,107,6780.0,2253,6840.0,130,6850.0,1300,6860.0,1214,6870.0,9040,6880.0,20318,2025-05-09 14:42:15.722,,1784114580,260599,False,nan
2217,317152,1610967201,MERV - XMEV - GGAL - 24hs,6820.0,2025-05-09 14:42:15,7,2025-05-09 14:42:16.311,6820.0,25328,6810.0,991,6800.0,6333,6790.0,107,6780.0,2253,6840.0,130,6850.0,1300,6860.0,1214,6870.0,9040,6880.0,20318,2025-05-09 14:42:16.222,,1784114580,260599,False,nan
2218,317315,1610967417,MERV - XMEV - GGAL - 24hs,6820.0,2025-05-09 14:42:15,7,2025-05-09 14:42:17.492,6820.0,25328,6810.0,991,6800.0,6333,6790.0,107,6780.0,2253,6840.0,130,6850.0,1300,6860.0,1214,6870.0,9040,6880.0,16318,2025-05-09 14:42:17.076,,1784114580,260599,False,nan
2219,317437,1610967572,MERV - XMEV - GGAL - 24hs,6820.0,2025-05-09 14:42:15,7,2025-05-09 14:42:17.992,6820.0,25328,6810.0,991,6800.0,6333,6790.0,107,6780.0,2253,6840.0,130,6850.0,1300,6860.0,1214,6870.0,9040,6880.0,20318,2025-05-09 14:42:17.817,,1784114580,260599,False,nan
2220,317862,1610968111,MERV - XMEV - GGAL - 24hs,6820.0,2025-05-09 14:42:15,7,2025-05-09 14:42:20.411,6820.0,10328,6810.0,15991,6800.0,6333,6790.0,107,6780.0,2253,6840.0,130,6850.0,1300,6860.0,1214,6870.0,9040,6880.0,17318,2025-05-09 14:42:20.317,,1784114580,260599,False,nan
2221,317989,1610968281,MERV - XMEV - GGAL - 24hs,6820.0,2025-05-09 14:42:15,7,2025-05-09 14:42:21.263,6820.0,10328,6810.0,15991,6800.0,6333,6790.0,107,6780.0,2253,6840.0,130,6850.0,1300,6860.0,1114,6870.0,9040,6880.0,16418,2025-05-09 14:42:21.127,,1784114580,260599,False,nan
2222,318529,1610969056,MERV - XMEV - GGAL - 24hs,6820.0,2025-05-09 14:42:15,7,2025-05-09 14:42:25.092,6820.0,10328,6810.0,15991,6800.0,6333,6790.0,107,6780.0,2253,6840.0,130,6850.0,1300,6860.0,1114,6870.0,9040,6880.0,19418,2025-05-09 14:42:24.719,,1784114580,260599,False,nan
2223,318640,1610969205,MERV - XMEV - GGAL - 24hs,6820.0,2025-05-09 14:42:15,7,2025-05-09 14:42:25.555,6820.0,10328,6810.0,15991,6800.0,6333,6790.0,107,6780.0,2253,6840.0,130,6850.0,1300,6860.0,1114,6870.0,9040,6880.0,17718,2025-05-09 14:42:25.358,,1784114580,260599,False,nan
2224,318936,1610969639,MERV - XMEV - GGAL - 24hs,6820.0,2025-05-09 14:42:15,7,2025-05-09 14:42:28.101,6820.0,10328,6810.0,15991,6800.0,6333,6790.0,107,6780.0,2253,6840.0,130,6850.0,1300,6860.0,1114,6870.0,9040,6880.0,18718,2025-05-09 14:42:27.848,,1784114580,260599,False,nan
2225,319203,1610970033,MERV - XMEV - GGAL - 24hs,6840.0,2025-05-09 14:42:30,2,2025-05-09 14:42:30.305,6820.0,10328,6810.0,15991,6800.0,6333,6790.0,107,6780.0,2253,6840.0,130,6850.0,1300,6860.0,1114,6870.0,9040,6880.0,18718,2025-05-09 14:42:30.217,,1784114580,260599,True,offer
2226,319249,1610970096,MERV - XMEV - GGAL - 24hs,6840.0,2025-05-09 14:42:30,2,2025-05-09 14:42:30.805,6820.0,10328,6810.0,15991,6800.0,6333,6790.0,107,6780.0,2253,6840.0,128,6850.0,1550,6860.0,5864,6870.0,4040,6880.0,18718,2025-05-09 14:42:30.717,,1784114580,260599,False,nan
2227,319321,1610970187,MERV - XMEV - GGAL - 24hs,6840.0,2025-05-09 14:42:30,2,2025-05-09 14:42:31.319,6820.0,10328,6810.0,15991,6800.0,6333,6790.0,107,6780.0,2253,6840.0,128,6850.0,1550,6860.0,864,6870.0,9040,6880.0,14718,2025-05-09 14:42:31.217,,1784128260,260601,False,nan
2228,319451,1610970352,MERV - XMEV - GGAL - 24hs,6840.0,2025-05-09 14:42:30,2,2025-05-09 14:42:32.108,6820.0,10328,6810.0,15991,6800.0,6333,6790.0,107,6780.0,2253,6840.0,128,6850.0,1550,6860.0,864,6870.0,9040,6880.0,15718,2025-05-09 14:42:32.019,,1784128260,260601,False,nan
2229,319651,1610970641,MERV - XMEV - GGAL - 24hs,6820.0,2025-05-09 14:42:33,30,2025-05-09 14:42:33.600,6820.0,10328,6810.0,15991,6800.0,6333,6790.0,107,6780.0,2253,6840.0,128,6850.0,1550,6860.0,864,6870.0,9040,6880.0,15718,2025-05-09 14:42:33.509,,1784128260,260601,True,bid
2230,319705,1610970723,MERV - XMEV - GGAL - 24hs,6820.0,2025-05-09 14:42:33,30,2025-05-09 14:42:34.264,6820.0,10298,6810.0,15991,6800.0,6333,6790.0,107,6780.0,2253,6840.0,128,6850.0,1550,6860.0,864,6870.0,9040,6880.0,15718,2025-05-09 14:42:34.172,,1784128260,260601,False,nan
2231,319794,1610970843,MERV - XMEV - GGAL - 24hs,6820.0,2025-05-09 14:42:33,30,2025-05-09 14:42:34.760,6820.0,10298,6810.0,15991,6800.0,6333,6790.0,107,6780.0,2253,6840.0,128,6850.0,1550,6860.0,864,6870.0,9040,6880.0,15718,2025-05-09 14:42:34.672,,1784332860,260631,False,nan
2232,320131,1610971321,MERV - XMEV - GGAL - 24hs,6820.0,2025-05-09 14:42:33,30,2025-05-09 14:42:37.363,6820.0,10298,6810.0,15991,6800.0,6333,6790.0,107,6780.0,2253,6840.0,128,6850.0,1550,6860.0,864,6870.0,9040,6880.0,24718,2025-05-09 14:42:37.260,,1784332860,260631,False,nan
2233,320877,1610972348,MERV - XMEV - GGAL - 24hs,6820.0,2025-05-09 14:42:33,30,2025-05-09 14:42:42.343,6820.0,10298,6810.0,15991,6800.0,6333,6790.0,107,6780.0,2253,6840.0,128,6850.0,1550,6860.0,864,6870.0,9040,6880.0,26718,2025-05-09 14:42:42.179,,1784332860,260631,False,nan
2234,320969,1610972471,MERV - XMEV - GGAL - 24hs,6820.0,2025-05-09 14:42:33,30,2025-05-09 14:42:43.076,6820.0,10298,6810.0,15991,6800.0,6333,6790.0,107,6780.0,2253,6840.0,128,6850.0,1550,6860.0,864,6870.0,9040,6880.0,25718,2025-05-09 14:42:42.964,,1784332860,260631,False,nan
2235,321176,1610972748,MERV - XMEV - GGAL - 24hs,6840.0,2025-05-09 14:42:44,1,2025-05-09 14:42:44.340,6820.0,10298,6810.0,15991,6800.0,6333,6790.0,107,6780.0,2253,6840.0,128,6850.0,1550,6860.0,864,6870.0,9040,6880.0,25718,2025-05-09 14:42:44.243,,1784332860,260631,True,offer
2236,321226,1610972824,MERV - XMEV - GGAL - 24hs,6840.0,2025-05-09 14:42:44,1,2025-05-09 14:42:44.836,6820.0,10298,6810.0,15991,6800.0,6333,6790.0,107,6780.0,2253,6840.0,127,6850.0,1550,6860.0,864,6870.0,9040,6880.0,25718,2025-05-09 14:42:44.743,,1784332860,260631,False,nan
2237,321319,1610972943,MERV - XMEV - GGAL - 24hs,6840.0,2025-05-09 14:42:44,1,2025-05-09 14:42:45.346,6820.0,10298,6810.0,15991,6800.0,6333,6790.0,107,6780.0,2253,6840.0,127,6850.0,1550,6860.0,864,6870.0,9040,6880.0,25718,2025-05-09 14:42:45.243,,1784339700,260632,False,nan
2238,321378,1610973025,MERV - XMEV - GGAL - 24hs,6840.0,2025-05-09 14:42:44,1,2025-05-09 14:42:45.837,6820.0,10298,6810.0,15991,6800.0,6333,6790.0,107,6780.0,2253,6840.0,127,6850.0,1550,6860.0,864,6870.0,9040,6880.0,26718,2025-05-09 14:42:45.743,,1784339700,260632,False,nan
2239,321749,1610973558,MERV - XMEV - GGAL - 24hs,6840.0,2025-05-09 14:42:44,1,2025-05-09 14:42:48.131,6820.0,10298,6810.0,15991,6800.0,6333,6790.0,107,6780.0,2253,6840.0,127,6850.0,1550,6860.0,1364,6870.0,9040,6880.0,25318,2025-05-09 14:42:47.822,,1784339700,260632,False,nan
2240,321863,1610973709,MERV - XMEV - GGAL - 24hs,6840.0,2025-05-09 14:42:49,41,2025-05-09 14:42:49.221,6820.0,10298,6810.0,15991,6800.0,6333,6790.0,107,6780.0,2253,6840.0,127,6850.0,1550,6860.0,1364,6870.0,9040,6880.0,25318,2025-05-09 14:42:49.132,,1784339700,260632,True,offer
2241,321923,1610973791,MERV - XMEV - GGAL - 24hs,6840.0,2025-05-09 14:42:49,49,2025-05-09 14:42:49.724,6820.0,10298,6810.0,15991,6800.0,6333,6790.0,107,6780.0,2253,6840.0,127,6850.0,1550,6860.0,1364,6870.0,9040,6880.0,25318,2025-05-09 14:42:49.632,,1784339700,260632,False,nan
2242,321952,1610973832,MERV - XMEV - GGAL - 24hs,6840.0,2025-05-09 14:42:49,49,2025-05-09 14:42:50.220,6820.0,10347,6810.0,15991,6800.0,6333,6790.0,107,6780.0,2253,6840.0,27,6850.0,1550,6860.0,1364,6870.0,9040,6880.0,25318,2025-05-09 14:42:50.132,,1785023700,260732,False,nan
2243,322430,1610974486,MERV - XMEV - GGAL - 24hs,6840.0,2025-05-09 14:42:49,49,2025-05-09 14:42:53.926,6830.0,80,6820.0,10347,6810.0,15991,6800.0,6333,6790.0,107,6840.0,27,6850.0,1550,6860.0,1364,6870.0,9040,6880.0,25318,2025-05-09 14:42:53.837,,1785023700,260732,False,nan
2244,322541,1610974639,MERV - XMEV - GGAL - 24hs,6840.0,2025-05-09 14:42:49,49,2025-05-09 14:42:54.771,6830.0,129,6820.0,10298,6810.0,15991,6800.0,6333,6790.0,107,6840.0,27,6850.0,1550,6860.0,1364,6870.0,9040,6880.0,25318,2025-05-09 14:42:54.680,,1785023700,260732,False,nan
2245,322708,1610974870,MERV - XMEV - GGAL - 24hs,6840.0,2025-05-09 14:42:49,49,2025-05-09 14:42:56.212,6830.0,129,6820.0,10298,6810.0,15991,6800.0,6333,6790.0,107,6840.0,27,6850.0,1550,6860.0,864,6870.0,9540,6880.0,25318,2025-05-09 14:42:56.113,,1785023700,260732,False,nan
2246,322780,1610974961,MERV - XMEV - GGAL - 24hs,6840.0,2025-05-09 14:42:56,3,2025-05-09 14:42:56.707,6830.0,129,6820.0,10298,6810.0,15991,6800.0,6333,6790.0,107,6840.0,27,6850.0,1550,6860.0,864,6870.0,9540,6880.0,25318,2025-05-09 14:42:56.614,,1785023700,260732,True,offer
2247,322914,1610975161,MERV - XMEV - GGAL - 24hs,6840.0,2025-05-09 14:42:56,3,2025-05-09 14:42:57.368,6830.0,129,6820.0,10298,6810.0,15991,6800.0,6333,6790.0,107,6840.0,24,6850.0,1550,6860.0,5864,6870.0,4540,6880.0,25318,2025-05-09 14:42:57.113,,1785044220,260735,False,nan
2248,322969,1610975233,MERV - XMEV - GGAL - 24hs,6840.0,2025-05-09 14:42:56,3,2025-05-09 14:42:57.706,6830.0,129,6820.0,10298,6810.0,15991,6800.0,6333,6790.0,107,6840.0,24,6850.0,1550,6860.0,5864,6870.0,4040,6880.0,25718,2025-05-09 14:42:57.612,,1785044220,260735,False,nan
2249,323282,1610975670,MERV - XMEV - GGAL - 24hs,6840.0,2025-05-09 14:42:56,3,2025-05-09 14:42:59.177,6830.0,129,6820.0,10298,6810.0,15991,6800.0,6333,6790.0,107,6840.0,24,6850.0,1550,6860.0,5864,6870.0,4040,6880.0,24718,2025-05-09 14:42:59.085,,1785044220,260735,False,nan
2250,323379,1610975798,MERV - XMEV - GGAL - 24hs,6840.0,2025-05-09 14:42:56,3,2025-05-09 14:42:59.879,6830.0,129,6820.0,25298,6810.0,991,6800.0,6333,6790.0,107,6840.0,24,6850.0,1550,6860.0,5864,6870.0,4040,6880.0,24718,2025-05-09 14:42:59.784,,1785044220,260735,False,nan
2251,323511,1610975993,MERV - XMEV - GGAL - 24hs,6840.0,2025-05-09 14:42:56,3,2025-05-09 14:43:00.883,6830.0,131,6820.0,25398,6810.0,991,6800.0,6333,6790.0,107,6840.0,24,6850.0,1550,6860.0,5864,6870.0,4040,6880.0,24718,2025-05-09 14:43:00.765,,1785044220,260735,False,nan
2252,323690,1610976269,MERV - XMEV - GGAL - 24hs,6840.0,2025-05-09 14:42:56,3,2025-05-09 14:43:02.171,6830.0,131,6820.0,25398,6810.0,911,6800.0,6333,6790.0,107,6840.0,24,6850.0,1550,6860.0,5864,6870.0,4040,6880.0,24718,2025-05-09 14:43:01.576,,1785044220,260735,False,nan
2253,324338,1610977222,MERV - XMEV - GGAL - 24hs,6830.0,2025-05-09 14:43:06,72,2025-05-09 14:43:06.336,6830.0,131,6820.0,25398,6810.0,911,6800.0,6333,6790.0,107,6840.0,24,6850.0,1550,6860.0,5864,6870.0,4040,6880.0,24718,2025-05-09 14:43:06.240,,1785044220,260735,True,bid
2254,324415,1610977329,MERV - XMEV - GGAL - 24hs,6830.0,2025-05-09 14:43:06,72,2025-05-09 14:43:06.866,6830.0,59,6820.0,25398,6810.0,911,6800.0,6333,6790.0,107,6840.0,24,6850.0,1550,6860.0,5864,6870.0,4040,6880.0,24718,2025-05-09 14:43:06.760,,1785044220,260735,False,nan
2255,324520,1610977469,MERV - XMEV - GGAL - 24hs,6830.0,2025-05-09 14:43:06,72,2025-05-09 14:43:07.398,6830.0,59,6820.0,25398,6810.0,911,6800.0,6333,6790.0,107,6840.0,24,6850.0,1550,6860.0,5864,6870.0,4040,6880.0,24718,2025-05-09 14:43:07.258,,1785535980,260807,False,nan
2256,324619,1610977603,MERV - XMEV - GGAL - 24hs,6830.0,2025-05-09 14:43:06,72,2025-05-09 14:43:07.878,6830.0,59,6820.0,25431,6810.0,911,6800.0,6333,6790.0,107,6840.0,24,6850.0,1550,6860.0,5864,6870.0,4040,6880.0,24718,2025-05-09 14:43:07.752,,1785535980,260807,False,nan
2257,324809,1610977875,MERV - XMEV - GGAL - 24hs,6830.0,2025-05-09 14:43:06,72,2025-05-09 14:43:09.043,6830.0,59,6820.0,25431,6810.0,1011,6800.0,6333,6790.0,107,6840.0,24,6850.0,1550,6860.0,5864,6870.0,4040,6880.0,24718,2025-05-09 14:43:08.934,,1785535980,260807,False,nan
2258,325524,1610978847,MERV - XMEV - GGAL - 24hs,6830.0,2025-05-09 14:43:06,72,2025-05-09 14:43:14.636,6830.0,59,6820.0,25431,6810.0,1011,6800.0,6433,6790.0,107,6840.0,24,6850.0,1550,6860.0,5864,6870.0,4040,6880.0,24718,2025-05-09 14:43:14.538,,1785535980,260807,False,nan
2259,326334,1610979946,MERV - XMEV - GGAL - 24hs,6830.0,2025-05-09 14:43:06,72,2025-05-09 14:43:20.890,6830.0,59,6820.0,10431,6810.0,1011,6800.0,21433,6790.0,107,6840.0,24,6850.0,1550,6860.0,5864,6870.0,4040,6880.0,24718,2025-05-09 14:43:20.797,,1785535980,260807,False,nan
2260,326939,1610980791,MERV - XMEV - GGAL - 24hs,6830.0,2025-05-09 14:43:06,72,2025-05-09 14:43:24.913,6830.0,89,6820.0,10431,6810.0,1011,6800.0,21433,6790.0,107,6840.0,24,6850.0,1550,6860.0,5864,6870.0,4040,6880.0,24718,2025-05-09 14:43:24.805,,1785535980,260807,False,nan
2261,327109,1610981024,MERV - XMEV - GGAL - 24hs,6830.0,2025-05-09 14:43:25,8,2025-05-09 14:43:26.344,6830.0,89,6820.0,10431,6810.0,1011,6800.0,21433,6790.0,107,6840.0,24,6850.0,1550,6860.0,5864,6870.0,4040,6880.0,24718,2025-05-09 14:43:26.125,,1785535980,260807,True,bid
2262,327156,1610981091,MERV - XMEV - GGAL - 24hs,6820.0,2025-05-09 14:43:25,14,2025-05-09 14:43:26.547,6830.0,89,6820.0,10431,6810.0,1011,6800.0,21433,6790.0,107,6840.0,24,6850.0,1550,6860.0,5864,6870.0,4040,6880.0,24718,2025-05-09 14:43:26.286,,1785535980,260807,False,nan
2263,327353,1610981382,MERV - XMEV - GGAL - 24hs,6820.0,2025-05-09 14:43:25,14,2025-05-09 14:43:27.468,6830.0,89,6820.0,10431,6810.0,1011,6800.0,21433,6790.0,107,6840.0,24,6850.0,1550,6860.0,5864,6870.0,4040,6880.0,24718,2025-05-09 14:43:27.059,,1786239330,260910,False,nan
2264,327530,1610981654,MERV - XMEV - GGAL - 24hs,6820.0,2025-05-09 14:43:25,14,2025-05-09 14:43:28.303,6830.0,3,6820.0,10417,6810.0,1011,6800.0,21433,6790.0,107,6840.0,24,6850.0,1550,6860.0,5864,6870.0,4040,6880.0,24718,2025-05-09 14:43:27.551,,1786239330,260910,False,nan
2265,327749,1610981950,MERV - XMEV - GGAL - 24hs,6820.0,2025-05-09 14:43:25,14,2025-05-09 14:43:29.928,6830.0,3,6820.0,10417,6810.0,1011,6800.0,21433,6790.0,107,6840.0,24,6850.0,1550,6860.0,5864,6870.0,4040,6880.0,25718,2025-05-09 14:43:29.839,,1786239330,260910,False,nan
2266,328067,1610982414,MERV - XMEV - GGAL - 24hs,6840.0,2025-05-09 14:43:32,24,2025-05-09 14:43:32.621,6830.0,3,6820.0,10417,6810.0,1011,6800.0,21433,6790.0,107,6840.0,24,6850.0,1550,6860.0,5864,6870.0,4040,6880.0,25718,2025-05-09 14:43:32.529,,1786239330,260910,True,offer
2267,328119,1610982488,MERV - XMEV - GGAL - 24hs,6840.0,2025-05-09 14:43:32,24,2025-05-09 14:43:33.286,6830.0,3,6820.0,10417,6810.0,1011,6800.0,21433,6790.0,107,6840.0,49,6850.0,1550,6860.0,5864,6870.0,4040,6880.0,25718,2025-05-09 14:43:33.194,,1786239330,260910,False,nan
2268,328172,1610982561,MERV - XMEV - GGAL - 24hs,6840.0,2025-05-09 14:43:32,24,2025-05-09 14:43:33.804,6830.0,3,6820.0,10417,6810.0,1011,6800.0,21433,6790.0,107,6840.0,49,6850.0,1550,6860.0,5864,6870.0,4040,6880.0,25718,2025-05-09 14:43:33.697,,1786403490,260934,False,nan
2269,328257,1610982677,MERV - XMEV - GGAL - 24hs,6840.0,2025-05-09 14:43:32,24,2025-05-09 14:43:34.725,6830.0,3,6820.0,10417,6810.0,16011,6800.0,6433,6790.0,107,6840.0,49,6850.0,1550,6860.0,5864,6870.0,4040,6880.0,25718,2025-05-09 14:43:34.627,,1786403490,260934,False,nan
2270,328421,1610982895,MERV - XMEV - GGAL - 24hs,6840.0,2025-05-09 14:43:32,24,2025-05-09 14:43:36.360,6830.0,3,6820.0,10417,6810.0,16011,6800.0,6433,6790.0,107,6840.0,49,6850.0,1550,6860.0,5864,6870.0,4040,6880.0,20718,2025-05-09 14:43:36.271,,1786403490,260934,False,nan
2271,328690,1610983304,MERV - XMEV - GGAL - 24hs,6840.0,2025-05-09 14:43:32,24,2025-05-09 14:43:37.959,6830.0,3,6820.0,10230,6810.0,934,6800.0,21533,6790.0,100,6840.0,49,6850.0,1550,6860.0,5864,6870.0,4040,6880.0,25718,2025-05-09 14:43:37.473,,1786403490,260934,False,nan
2272,328851,1610983519,MERV - XMEV - GGAL - 24hs,6840.0,2025-05-09 14:43:32,24,2025-05-09 14:43:38.636,6830.0,3,6820.0,10230,6810.0,934,6800.0,21533,6790.0,100,6840.0,49,6850.0,1550,6860.0,5864,6870.0,4040,6880.0,26718,2025-05-09 14:43:38.163,,1786403490,260934,False,nan
2273,329226,1610984024,MERV - XMEV - GGAL - 24hs,6840.0,2025-05-09 14:43:32,24,2025-05-09 14:43:41.925,6830.0,3,6820.0,10230,6810.0,15934,6800.0,6533,6790.0,100,6840.0,49,6850.0,1550,6860.0,5864,6870.0,4040,6880.0,26718,2025-05-09 14:43:41.823,,1786403490,260934,False,nan
2274,329293,1610984110,MERV - XMEV - GGAL - 24hs,6840.0,2025-05-09 14:43:32,24,2025-05-09 14:43:42.713,6830.0,3,6820.0,10230,6810.0,15934,6800.0,6533,6790.0,100,6840.0,49,6850.0,1600,6860.0,5864,6870.0,4040,6880.0,25718,2025-05-09 14:43:42.622,,1786403490,260934,False,nan
2275,329423,1610984281,MERV - XMEV - GGAL - 24hs,6840.0,2025-05-09 14:43:32,24,2025-05-09 14:43:44.211,6830.0,273,6820.0,10230,6810.0,15934,6800.0,6533,6790.0,100,6840.0,49,6850.0,1600,6860.0,5864,6870.0,4040,6880.0,25718,2025-05-09 14:43:44.122,,1786403490,260934,False,nan
2276,329576,1610984483,MERV - XMEV - GGAL - 24hs,6840.0,2025-05-09 14:43:45,1,2025-05-09 14:43:45.767,6830.0,273,6820.0,10230,6810.0,15934,6800.0,6533,6790.0,100,6840.0,49,6850.0,1600,6860.0,5864,6870.0,4040,6880.0,25718,2025-05-09 14:43:45.679,,1786403490,260934,True,offer
2277,329641,1610984563,MERV - XMEV - GGAL - 24hs,6840.0,2025-05-09 14:43:45,1,2025-05-09 14:43:46.271,6830.0,273,6820.0,10343,6810.0,15934,6800.0,6533,6790.0,100,6840.0,48,6850.0,2600,6860.0,5864,6870.0,4040,6880.0,25718,2025-05-09 14:43:46.178,,1786403490,260934,False,nan
2278,329709,1610984651,MERV - XMEV - GGAL - 24hs,6840.0,2025-05-09 14:43:45,1,2025-05-09 14:43:46.776,6830.0,273,6820.0,10343,6810.0,15934,6800.0,6533,6790.0,100,6840.0,48,6850.0,2600,6860.0,5864,6870.0,4040,6880.0,25718,2025-05-09 14:43:46.680,,1786410330,260935,False,nan
2279,329838,1610984836,MERV - XMEV - GGAL - 24hs,6840.0,2025-05-09 14:43:45,1,2025-05-09 14:43:47.639,6830.0,273,6820.0,10343,6810.0,15934,6800.0,6533,6790.0,100,6840.0,48,6850.0,2600,6860.0,864,6870.0,9040,6880.0,47718,2025-05-09 14:43:47.526,,1786410330,260935,False,nan
2280,329964,1610985007,MERV - XMEV - GGAL - 24hs,6840.0,2025-05-09 14:43:45,1,2025-05-09 14:43:48.422,6830.0,15273,6820.0,10343,6810.0,934,6800.0,6533,6790.0,100,6840.0,48,6850.0,2600,6860.0,864,6870.0,9040,6880.0,10718,2025-05-09 14:43:48.301,,1786410330,260935,False,nan
2281,330083,1610985162,MERV - XMEV - GGAL - 24hs,6840.0,2025-05-09 14:43:45,1,2025-05-09 14:43:49.367,6830.0,15273,6820.0,10343,6810.0,1626,6800.0,6533,6790.0,100,6840.0,48,6850.0,2760,6860.0,864,6870.0,9040,6880.0,11718,2025-05-09 14:43:49.270,,1786410330,260935,False,nan
2282,330215,1610985333,MERV - XMEV - GGAL - 24hs,6840.0,2025-05-09 14:43:45,1,2025-05-09 14:43:50.144,6830.0,15273,6820.0,10343,6810.0,1973,6800.0,6533,6790.0,100,6840.0,48,6850.0,2760,6860.0,864,6870.0,9040,6880.0,10718,2025-05-09 14:43:50.054,,1786410330,260935,False,nan
2283,330269,1610985402,MERV - XMEV - GGAL - 24hs,6840.0,2025-05-09 14:43:45,1,2025-05-09 14:43:50.795,6830.0,273,6820.0,25343,6810.0,1973,6800.0,6533,6790.0,100,6840.0,48,6850.0,2760,6860.0,864,6870.0,9040,6880.0,10718,2025-05-09 14:43:50.700,,1786410330,260935,False,nan
2284,330739,1610986019,MERV - XMEV - GGAL - 24hs,6840.0,2025-05-09 14:43:45,1,2025-05-09 14:43:55.643,6830.0,273,6820.0,25343,6810.0,1626,6800.0,6533,6790.0,100,6840.0,48,6850.0,2760,6860.0,864,6870.0,9040,6880.0,10718,2025-05-09 14:43:55.533,,1786410330,260935,False,nan
2285,330887,1610986218,MERV - XMEV - GGAL - 24hs,6840.0,2025-05-09 14:43:45,1,2025-05-09 14:43:57.148,6830.0,273,6820.0,25343,6810.0,1626,6800.0,6533,6790.0,100,6840.0,48,6850.0,1760,6860.0,864,6870.0,9040,6880.0,10718,2025-05-09 14:43:57.058,,1786410330,260935,False,nan
2286,330926,1610986267,MERV - XMEV - GGAL - 24hs,6840.0,2025-05-09 14:43:57,48,2025-05-09 14:43:57.651,6830.0,273,6820.0,25343,6810.0,1626,6800.0,6533,6790.0,100,6840.0,48,6850.0,1760,6860.0,864,6870.0,9040,6880.0,10718,2025-05-09 14:43:57.558,,1786410330,260935,True,offer
2287,330974,1610986344,MERV - XMEV - GGAL - 24hs,6840.0,2025-05-09 14:43:57,48,2025-05-09 14:43:58.146,6840.0,29,6830.0,270,6820.0,25343,6810.0,1626,6800.0,6533,6850.0,1760,6860.0,864,6870.0,9040,6880.0,10718,6890.0,17970,2025-05-09 14:43:58.057,,1786738650,260983,False,nan
2288,331207,1610986664,MERV - XMEV - GGAL - 24hs,6840.0,2025-05-09 14:43:57,48,2025-05-09 14:44:00.403,6840.0,29,6830.0,270,6820.0,25343,6810.0,1626,6800.0,6533,6850.0,1760,6860.0,864,6870.0,9040,6880.0,15718,6890.0,12970,2025-05-09 14:44:00.295,,1786738650,260983,False,nan
2289,331509,1610987100,MERV - XMEV - GGAL - 24hs,6840.0,2025-05-09 14:43:57,48,2025-05-09 14:44:02.614,6840.0,29,6830.0,270,6820.0,25343,6810.0,934,6800.0,6533,6850.0,1760,6860.0,864,6870.0,9040,6880.0,15718,6890.0,12970,2025-05-09 14:44:02.511,,1786738650,260983,False,nan
2290,331875,1610987642,MERV - XMEV - GGAL - 24hs,6840.0,2025-05-09 14:43:57,48,2025-05-09 14:44:05.211,6830.0,446,6820.0,25343,6810.0,934,6800.0,6533,6790.0,954,6850.0,1760,6860.0,864,6870.0,9040,6880.0,15718,6890.0,12970,2025-05-09 14:44:05.123,,1786738650,260983,False,nan
2291,332134,1610988021,MERV - XMEV - GGAL - 24hs,6840.0,2025-05-09 14:43:57,48,2025-05-09 14:44:07.454,6830.0,446,6820.0,25343,6810.0,934,6800.0,6533,6790.0,1648,6850.0,1760,6860.0,864,6870.0,9040,6880.0,15718,6890.0,12970,2025-05-09 14:44:07.359,,1786738650,260983,False,nan
2292,332500,1610988561,MERV - XMEV - GGAL - 24hs,6840.0,2025-05-09 14:43:57,48,2025-05-09 14:44:10.076,6830.0,446,6820.0,25343,6810.0,934,6800.0,6533,6790.0,1301,6850.0,1760,6860.0,864,6870.0,9040,6880.0,15718,6890.0,12970,2025-05-09 14:44:09.780,,1786738650,260983,False,nan
2293,332838,1610989031,MERV - XMEV - GGAL - 24hs,6840.0,2025-05-09 14:43:57,48,2025-05-09 14:44:12.265,6830.0,946,6820.0,25343,6810.0,434,6800.0,6533,6790.0,1301,6850.0,1760,6860.0,864,6870.0,9040,6880.0,15718,6890.0,12970,2025-05-09 14:44:12.175,,1786738650,260983,False,nan
2294,332930,1610989156,MERV - XMEV - GGAL - 24hs,6840.0,2025-05-09 14:43:57,48,2025-05-09 14:44:13.280,6830.0,966,6820.0,25343,6810.0,434,6800.0,6533,6790.0,1301,6850.0,1760,6860.0,864,6870.0,9040,6880.0,15718,6890.0,12970,2025-05-09 14:44:13.183,,1786738650,260983,False,nan
2295,334141,1610990861,MERV - XMEV - GGAL - 24hs,6850.0,2025-05-09 14:44:21,5,2025-05-09 14:44:22.066,6830.0,966,6820.0,25343,6810.0,434,6800.0,6533,6790.0,1301,6850.0,1760,6860.0,864,6870.0,9040,6880.0,15718,6890.0,12970,2025-05-09 14:44:21.928,,1786738650,260983,True,offer
2296,334239,1610990992,MERV - XMEV - GGAL - 24hs,6850.0,2025-05-09 14:44:21,5,2025-05-09 14:44:22.666,6830.0,2966,6820.0,25343,6810.0,434,6800.0,6533,6790.0,1301,6850.0,1755,6860.0,864,6870.0,9040,6880.0,15718,6890.0,12970,2025-05-09 14:44:22.578,,1786738650,260983,False,nan
2297,334300,1610991083,MERV - XMEV - GGAL - 24hs,6850.0,2025-05-09 14:44:21,5,2025-05-09 14:44:23.175,6830.0,2966,6820.0,25343,6810.0,434,6800.0,6533,6790.0,1301,6850.0,1755,6860.0,864,6870.0,9040,6880.0,15718,6890.0,12970,2025-05-09 14:44:23.078,,1786772900,260988,False,nan
2298,334420,1610991239,MERV - XMEV - GGAL - 24hs,6850.0,2025-05-09 14:44:21,5,2025-05-09 14:44:24.275,6830.0,2966,6820.0,10343,6810.0,434,6800.0,21533,6790.0,1301,6850.0,1755,6860.0,864,6870.0,9040,6880.0,15718,6890.0,12970,2025-05-09 14:44:24.182,,1786772900,260988,False,nan
2299,334862,1610991855,MERV - XMEV - GGAL - 24hs,6850.0,2025-05-09 14:44:21,5,2025-05-09 14:44:27.031,6830.0,2966,6820.0,10343,6810.0,633,6800.0,21533,6790.0,1301,6850.0,1755,6860.0,864,6870.0,9040,6880.0,16718,6890.0,12970,2025-05-09 14:44:26.940,,1786772900,260988,False,nan
2300,335128,1610992249,MERV - XMEV - GGAL - 24hs,6850.0,2025-05-09 14:44:21,5,2025-05-09 14:44:28.563,6830.0,2966,6820.0,10343,6810.0,633,6800.0,21533,6790.0,1301,6850.0,1755,6860.0,864,6870.0,9040,6880.0,15718,6890.0,12970,2025-05-09 14:44:28.076,,1786772900,260988,False,nan
2301,335205,1610992359,MERV - XMEV - GGAL - 24hs,6850.0,2025-05-09 14:44:21,5,2025-05-09 14:44:28.909,6830.0,2966,6820.0,10343,6810.0,633,6800.0,21533,6790.0,1301,6850.0,1755,6860.0,864,6870.0,9040,6880.0,17718,6890.0,12970,2025-05-09 14:44:28.538,,1786772900,260988,False,nan
2302,335736,1610993115,MERV - XMEV - GGAL - 24hs,6850.0,2025-05-09 14:44:21,5,2025-05-09 14:44:31.518,6830.0,2966,6820.0,10343,6810.0,15633,6800.0,6915,6790.0,100,6850.0,1755,6860.0,864,6870.0,4040,6880.0,13718,6890.0,18970,2025-05-09 14:44:31.205,,1786772900,260988,False,nan
2303,335940,1610993396,MERV - XMEV - GGAL - 24hs,6850.0,2025-05-09 14:44:21,5,2025-05-09 14:44:32.993,6830.0,2966,6820.0,25343,6810.0,633,6800.0,6915,6790.0,100,6850.0,1755,6860.0,864,6870.0,4040,6880.0,8718,6890.0,7970,2025-05-09 14:44:32.896,,1786772900,260988,False,nan
2304,336114,1610993662,MERV - XMEV - GGAL - 24hs,6850.0,2025-05-09 14:44:21,5,2025-05-09 14:44:34.684,6830.0,2966,6820.0,25343,6810.0,633,6800.0,6915,6790.0,100,6850.0,1755,6860.0,864,6870.0,4040,6880.0,8718,6890.0,2970,2025-05-09 14:44:34.591,,1786772900,260988,False,nan
2305,336315,1610993923,MERV - XMEV - GGAL - 24hs,6850.0,2025-05-09 14:44:36,3,2025-05-09 14:44:37.023,6830.0,2966,6820.0,25343,6810.0,633,6800.0,6915,6790.0,100,6850.0,1755,6860.0,864,6870.0,4040,6880.0,8718,6890.0,2970,2025-05-09 14:44:36.926,,1786772900,260988,True,offer
2306,336397,1610994031,MERV - XMEV - GGAL - 24hs,6850.0,2025-05-09 14:44:36,3,2025-05-09 14:44:37.375,6830.0,2966,6820.0,25343,6810.0,633,6800.0,6915,6790.0,100,6850.0,1752,6860.0,864,6870.0,4040,6880.0,8718,6890.0,2970,2025-05-09 14:44:37.139,,1786772900,260988,False,nan
2307,336446,1610994100,MERV - XMEV - GGAL - 24hs,6850.0,2025-05-09 14:44:36,3,2025-05-09 14:44:37.732,6830.0,2966,6820.0,25343,6810.0,633,6800.0,6915,6790.0,100,6850.0,1752,6860.0,864,6870.0,4040,6880.0,8718,6890.0,2970,2025-05-09 14:44:37.640,,1786793450,260991,False,nan
2308,336491,1610994157,MERV - XMEV - GGAL - 24hs,6850.0,2025-05-09 14:44:36,3,2025-05-09 14:44:38.231,6830.0,2966,6820.0,25343,6810.0,755,6800.0,6533,6790.0,607,6850.0,1752,6860.0,864,6870.0,4040,6880.0,8718,6890.0,2970,2025-05-09 14:44:38.139,,1786793450,260991,False,nan
2309,337229,1610995176,MERV - XMEV - GGAL - 24hs,6850.0,2025-05-09 14:44:43,57,2025-05-09 14:44:43.829,6830.0,2966,6820.0,25343,6810.0,755,6800.0,6533,6790.0,607,6850.0,1752,6860.0,864,6870.0,4040,6880.0,8718,6890.0,2970,2025-05-09 14:44:43.733,,1786793450,260991,True,offer
2310,337279,1610995251,MERV - XMEV - GGAL - 24hs,6850.0,2025-05-09 14:44:43,57,2025-05-09 14:44:44.321,6830.0,2966,6820.0,25343,6810.0,755,6800.0,6533,6790.0,607,6850.0,1695,6860.0,864,6870.0,4040,6880.0,7818,6890.0,2970,2025-05-09 14:44:44.233,,1786793450,260991,False,nan
2311,337327,1610995320,MERV - XMEV - GGAL - 24hs,6850.0,2025-05-09 14:44:43,57,2025-05-09 14:44:44.830,6830.0,2966,6820.0,25343,6810.0,755,6800.0,6533,6790.0,607,6850.0,1695,6860.0,864,6870.0,4040,6880.0,7818,6890.0,2970,2025-05-09 14:44:44.733,,1787183900,261048,False,nan
2312,337694,1610995880,MERV - XMEV - GGAL - 24hs,6850.0,2025-05-09 14:44:47,7,2025-05-09 14:44:47.846,6830.0,2966,6820.0,25343,6810.0,755,6800.0,6533,6790.0,607,6850.0,1695,6860.0,864,6870.0,4040,6880.0,7818,6890.0,2970,2025-05-09 14:44:47.728,,1787183900,261048,True,offer
2313,337791,1610996032,MERV - XMEV - GGAL - 24hs,6850.0,2025-05-09 14:44:47,7,2025-05-09 14:44:48.476,6830.0,2966,6820.0,25343,6810.0,755,6800.0,6533,6790.0,607,6850.0,1688,6860.0,864,6870.0,4040,6880.0,7818,6890.0,2970,2025-05-09 14:44:48.387,,1787183900,261048,False,nan
2314,337849,1610996122,MERV - XMEV - GGAL - 24hs,6850.0,2025-05-09 14:44:47,7,2025-05-09 14:44:48.974,6830.0,2966,6820.0,25343,6810.0,755,6800.0,6533,6790.0,607,6850.0,1688,6860.0,864,6870.0,4040,6880.0,7818,6890.0,2970,2025-05-09 14:44:48.885,,1787231850,261055,False,nan
2315,338125,1610996503,MERV - XMEV - GGAL - 24hs,6850.0,2025-05-09 14:44:51,228,2025-05-09 14:44:51.301,6830.0,2966,6820.0,25343,6810.0,755,6800.0,6533,6790.0,607,6850.0,1688,6860.0,864,6870.0,4040,6880.0,7818,6890.0,2970,2025-05-09 14:44:51.210,,1787231850,261055,True,offer
2316,338174,1610996580,MERV - XMEV - GGAL - 24hs,6860.0,2025-05-09 14:44:51,96,2025-05-09 14:44:51.835,6830.0,2966,6820.0,25343,6810.0,755,6800.0,6533,6790.0,607,6850.0,1688,6860.0,864,6870.0,4040,6880.0,7818,6890.0,2970,2025-05-09 14:44:51.742,,1787231850,261055,False,nan
2317,338237,1610996670,MERV - XMEV - GGAL - 24hs,6860.0,2025-05-09 14:44:51,96,2025-05-09 14:44:52.303,6830.0,2966,6820.0,23395,6810.0,755,6800.0,6533,6790.0,607,6860.0,604,6870.0,4040,6880.0,7818,6890.0,2970,6900.0,17061,2025-05-09 14:44:52.210,,1800578250,263003,False,nan
2318,338369,1610996840,MERV - XMEV - GGAL - 24hs,6860.0,2025-05-09 14:44:51,96,2025-05-09 14:44:53.643,6830.0,2966,6820.0,23395,6810.0,755,6800.0,6533,6790.0,619,6860.0,604,6870.0,4040,6880.0,7818,6890.0,2970,6900.0,17061,2025-05-09 14:44:53.554,,1800578250,263003,False,nan
2319,338796,1610997482,MERV - XMEV - GGAL - 24hs,6860.0,2025-05-09 14:44:51,96,2025-05-09 14:44:57.523,6830.0,2966,6820.0,23395,6810.0,2221,6800.0,6533,6790.0,100,6860.0,604,6870.0,4040,6880.0,7818,6890.0,2970,6900.0,17061,2025-05-09 14:44:57.429,,1800578250,263003,False,nan
2320,339576,1610998637,MERV - XMEV - GGAL - 24hs,6860.0,2025-05-09 14:44:51,96,2025-05-09 14:45:04.022,6830.0,3216,6820.0,23395,6810.0,2221,6800.0,6283,6790.0,100,6860.0,604,6870.0,4040,6880.0,7818,6890.0,2970,6900.0,17061,2025-05-09 14:45:03.893,,1800578250,263003,False,nan
2321,340139,1610999432,MERV - XMEV - GGAL - 24hs,6860.0,2025-05-09 14:44:51,96,2025-05-09 14:45:08.660,6830.0,3216,6820.0,23395,6810.0,2320,6800.0,6283,6790.0,100,6860.0,604,6870.0,4040,6880.0,7818,6890.0,2970,6900.0,17061,2025-05-09 14:45:08.571,,1800578250,263003,False,nan
2322,340951,1611000564,MERV - XMEV - GGAL - 24hs,6860.0,2025-05-09 14:44:51,96,2025-05-09 14:45:13.689,6830.0,3216,6820.0,23395,6810.0,2667,6800.0,6383,6790.0,100,6860.0,604,6870.0,4040,6880.0,7818,6890.0,2970,6900.0,17061,2025-05-09 14:45:13.600,,1800578250,263003,False,nan
2323,341104,1611000785,MERV - XMEV - GGAL - 24hs,6860.0,2025-05-09 14:44:51,96,2025-05-09 14:45:14.547,6830.0,3216,6820.0,23395,6810.0,3014,6800.0,6383,6790.0,100,6860.0,604,6870.0,4040,6880.0,7818,6890.0,2970,6900.0,17061,2025-05-09 14:45:14.368,,1800578250,263003,False,nan
2324,341168,1611000888,MERV - XMEV - GGAL - 24hs,6860.0,2025-05-09 14:45:14,20,2025-05-09 14:45:14.962,6830.0,3216,6820.0,23395,6810.0,3014,6800.0,6383,6790.0,100,6860.0,604,6870.0,4040,6880.0,7818,6890.0,2970,6900.0,17061,2025-05-09 14:45:14.869,,1800578250,263003,True,offer
2325,341209,1611000948,MERV - XMEV - GGAL - 24hs,6860.0,2025-05-09 14:45:14,20,2025-05-09 14:45:15.457,6830.0,3216,6820.0,23395,6810.0,3360,6800.0,6383,6790.0,100,6860.0,584,6870.0,4040,6880.0,7818,6890.0,2970,6900.0,17061,2025-05-09 14:45:15.369,,1800715450,263023,False,nan
2326,341417,1611001230,MERV - XMEV - GGAL - 24hs,6860.0,2025-05-09 14:45:14,20,2025-05-09 14:45:17.112,6830.0,3216,6820.0,23395,6810.0,3365,6800.0,6383,6790.0,100,6860.0,584,6870.0,4040,6880.0,7818,6890.0,2970,6900.0,17061,2025-05-09 14:45:17.023,,1800715450,263023,False,nan
2327,341516,1611001367,MERV - XMEV - GGAL - 24hs,6860.0,2025-05-09 14:45:14,20,2025-05-09 14:45:18.332,6830.0,3216,6820.0,23395,6810.0,3365,6800.0,6383,6790.0,5100,6860.0,584,6870.0,4040,6880.0,7818,6890.0,2970,6900.0,17061,2025-05-09 14:45:18.098,,1800715450,263023,False,nan
2328,341894,1611001879,MERV - XMEV - GGAL - 24hs,6860.0,2025-05-09 14:45:20,8,2025-05-09 14:45:20.808,6830.0,3216,6820.0,23395,6810.0,3365,6800.0,6383,6790.0,5100,6860.0,584,6870.0,4040,6880.0,7818,6890.0,2970,6900.0,17061,2025-05-09 14:45:20.698,,1800715450,263023,True,offer
2329,341971,1611001997,MERV - XMEV - GGAL - 24hs,6860.0,2025-05-09 14:45:20,8,2025-05-09 14:45:21.342,6830.0,3216,6820.0,23395,6810.0,3365,6800.0,6383,6790.0,5100,6860.0,576,6870.0,4040,6880.0,7818,6890.0,3470,6900.0,17061,2025-05-09 14:45:21.198,,1800715450,263023,False,nan
2330,342021,1611002064,MERV - XMEV - GGAL - 24hs,6860.0,2025-05-09 14:45:20,8,2025-05-09 14:45:21.792,6830.0,3216,6820.0,23395,6810.0,3365,6800.0,6383,6790.0,5100,6860.0,576,6870.0,4040,6880.0,7818,6890.0,3470,6900.0,17061,2025-05-09 14:45:21.698,,1800770330,263031,False,nan
2331,342386,1611002590,MERV - XMEV - GGAL - 24hs,6860.0,2025-05-09 14:45:20,8,2025-05-09 14:45:24.413,6830.0,3216,6820.0,23395,6810.0,3465,6800.0,6383,6790.0,5100,6860.0,576,6870.0,4040,6880.0,7818,6890.0,3470,6900.0,17061,2025-05-09 14:45:24.322,,1800770330,263031,False,nan
2332,342490,1611002732,MERV - XMEV - GGAL - 24hs,6860.0,2025-05-09 14:45:20,8,2025-05-09 14:45:25.448,6830.0,3216,6820.0,23395,6810.0,3119,6800.0,6383,6790.0,5100,6860.0,576,6870.0,4041,6880.0,7818,6890.0,3470,6900.0,17061,2025-05-09 14:45:25.344,,1800770330,263031,False,nan
2333,342721,1611003048,MERV - XMEV - GGAL - 24hs,6860.0,2025-05-09 14:45:27,7,2025-05-09 14:45:27.492,6830.0,3216,6820.0,23395,6810.0,3119,6800.0,6383,6790.0,5100,6860.0,576,6870.0,4041,6880.0,7818,6890.0,3470,6900.0,17061,2025-05-09 14:45:27.396,,1800770330,263031,True,offer
2334,342759,1611003104,MERV - XMEV - GGAL - 24hs,6860.0,2025-05-09 14:45:27,3,2025-05-09 14:45:27.989,6830.0,3216,6820.0,23395,6810.0,3114,6800.0,6383,6790.0,5100,6860.0,566,6870.0,4041,6880.0,7818,6890.0,3470,6900.0,17061,2025-05-09 14:45:27.896,,1800770330,263031,False,nan
2335,342795,1611003151,MERV - XMEV - GGAL - 24hs,6860.0,2025-05-09 14:45:27,2,2025-05-09 14:45:28.489,6830.0,3216,6820.0,23395,6810.0,3114,6800.0,6383,6790.0,5100,6860.0,566,6870.0,4041,6880.0,7818,6890.0,3470,6900.0,17061,2025-05-09 14:45:28.396,,1800852650,263043,False,nan
2336,342834,1611003215,MERV - XMEV - GGAL - 24hs,6860.0,2025-05-09 14:45:27,2,2025-05-09 14:45:28.985,6830.0,3216,6820.0,23395,6810.0,3156,6800.0,6383,6790.0,5100,6860.0,564,6870.0,4041,6880.0,7818,6890.0,3470,6900.0,17061,2025-05-09 14:45:28.896,,1800852650,263043,False,nan
2337,343157,1611003662,MERV - XMEV - GGAL - 24hs,6860.0,2025-05-09 14:45:27,2,2025-05-09 14:45:32.216,6830.0,3216,6820.0,23395,6810.0,6090,6800.0,6383,6790.0,5100,6860.0,564,6870.0,4041,6880.0,7818,6890.0,3470,6900.0,17061,2025-05-09 14:45:32.106,,1800852650,263043,False,nan
2338,343500,1611004154,MERV - XMEV - GGAL - 24hs,6860.0,2025-05-09 14:45:27,2,2025-05-09 14:45:34.979,6830.0,3216,6820.0,23395,6810.0,3156,6800.0,6383,6790.0,5100,6860.0,564,6870.0,4041,6880.0,7818,6890.0,3470,6900.0,17061,2025-05-09 14:45:34.888,,1800852650,263043,False,nan
2339,343645,1611004360,MERV - XMEV - GGAL - 24hs,6860.0,2025-05-09 14:45:27,2,2025-05-09 14:45:36.258,6840.0,576,6830.0,2640,6820.0,23395,6810.0,3156,6800.0,6383,6860.0,564,6870.0,4041,6880.0,7818,6890.0,3470,6900.0,17061,2025-05-09 14:45:36.157,,1800852650,263043,False,nan
2340,343704,1611004457,MERV - XMEV - GGAL - 24hs,6860.0,2025-05-09 14:45:36,1,2025-05-09 14:45:36.746,6840.0,576,6830.0,2640,6820.0,23395,6810.0,3156,6800.0,6383,6860.0,564,6870.0,4041,6880.0,7818,6890.0,3470,6900.0,17061,2025-05-09 14:45:36.657,,1800852650,263043,True,offer
2341,343757,1611004536,MERV - XMEV - GGAL - 24hs,6860.0,2025-05-09 14:45:36,1,2025-05-09 14:45:37.251,6840.0,576,6830.0,2640,6820.0,23395,6810.0,3149,6800.0,6383,6860.0,563,6870.0,4041,6880.0,7818,6890.0,3470,6900.0,17061,2025-05-09 14:45:37.158,,1800859510,263044,False,nan
2342,344032,1611004949,MERV - XMEV - GGAL - 24hs,6860.0,2025-05-09 14:45:36,1,2025-05-09 14:45:39.142,6840.0,576,6830.0,2640,6820.0,23495,6810.0,2802,6800.0,6383,6860.0,563,6870.0,4041,6880.0,7818,6890.0,3470,6900.0,17061,2025-05-09 14:45:38.896,,1800859510,263044,False,nan
2343,344228,1611005247,MERV - XMEV - GGAL - 24hs,6860.0,2025-05-09 14:45:36,1,2025-05-09 14:45:40.405,6840.0,576,6830.0,2640,6820.0,23495,6810.0,3149,6800.0,6383,6860.0,563,6870.0,4041,6880.0,7818,6890.0,3470,6900.0,17061,2025-05-09 14:45:40.313,,1800859510,263044,False,nan
2344,344466,1611005627,MERV - XMEV - GGAL - 24hs,6860.0,2025-05-09 14:45:43,8,2025-05-09 14:45:43.817,6840.0,576,6830.0,2640,6820.0,23495,6810.0,3149,6800.0,6383,6860.0,563,6870.0,4041,6880.0,7818,6890.0,3470,6900.0,17061,2025-05-09 14:45:43.722,,1800859510,263044,True,offer
2345,344504,1611005680,MERV - XMEV - GGAL - 24hs,6860.0,2025-05-09 14:45:43,8,2025-05-09 14:45:44.419,6840.0,576,6830.0,2640,6820.0,23495,6810.0,3149,6800.0,6383,6860.0,555,6870.0,4041,6880.0,7818,6890.0,3470,6900.0,17061,2025-05-09 14:45:44.329,,1800859510,263044,False,nan
2346,344552,1611005747,MERV - XMEV - GGAL - 24hs,6860.0,2025-05-09 14:45:43,8,2025-05-09 14:45:44.918,6840.0,576,6830.0,2640,6820.0,23495,6810.0,3149,6800.0,6383,6860.0,555,6870.0,4041,6880.0,7818,6890.0,3470,6900.0,17061,2025-05-09 14:45:44.829,,1800914390,263052,False,nan
2347,344950,1611006316,MERV - XMEV - GGAL - 24hs,6860.0,2025-05-09 14:45:43,8,2025-05-09 14:45:48.379,6840.0,576,6830.0,2640,6820.0,24191,6810.0,959,6800.0,6383,6860.0,555,6870.0,4041,6880.0,7818,6890.0,3470,6900.0,17061,2025-05-09 14:45:48.289,,1800914390,263052,False,nan
2348,345169,1611006651,MERV - XMEV - GGAL - 24hs,6860.0,2025-05-09 14:45:43,8,2025-05-09 14:45:49.972,6840.0,576,6830.0,2740,6820.0,23845,6810.0,959,6800.0,6383,6860.0,555,6870.0,4041,6880.0,7818,6890.0,3470,6900.0,17061,2025-05-09 14:45:49.588,,1800914390,263052,False,nan
2349,345305,1611006859,MERV - XMEV - GGAL - 24hs,6860.0,2025-05-09 14:45:43,8,2025-05-09 14:45:51.677,6840.0,576,6830.0,2740,6820.0,23845,6810.0,534,6800.0,6383,6860.0,555,6870.0,4041,6880.0,7818,6890.0,3470,6900.0,17061,2025-05-09 14:45:51.587,,1800914390,263052,False,nan
2350,345612,1611007300,MERV - XMEV - GGAL - 24hs,6860.0,2025-05-09 14:45:43,8,2025-05-09 14:45:55.059,6840.0,576,6830.0,2740,6820.0,23848,6810.0,534,6800.0,6383,6860.0,555,6870.0,4041,6880.0,7818,6890.0,3470,6900.0,17061,2025-05-09 14:45:54.967,,1800914390,263052,False,nan
2351,345783,1611007545,MERV - XMEV - GGAL - 24hs,6860.0,2025-05-09 14:45:56,55,2025-05-09 14:45:56.522,6840.0,576,6830.0,2740,6820.0,23848,6810.0,534,6800.0,6383,6860.0,555,6870.0,4041,6880.0,7818,6890.0,3470,6900.0,17061,2025-05-09 14:45:56.425,,1800914390,263052,True,offer
2352,345816,1611007587,MERV - XMEV - GGAL - 24hs,6860.0,2025-05-09 14:45:56,9,2025-05-09 14:45:57.014,6840.0,576,6830.0,2740,6820.0,23848,6810.0,534,6800.0,6383,6860.0,555,6870.0,4041,6880.0,7818,6890.0,3470,6900.0,17061,2025-05-09 14:45:56.924,,1810847670,264500,False,nan
2353,345883,1611007672,MERV - XMEV - GGAL - 24hs,6860.0,2025-05-09 14:45:56,9,2025-05-09 14:45:57.513,6840.0,576,6830.0,2740,6820.0,24194,6810.0,534,6800.0,6383,6860.0,9,6870.0,4041,6880.0,7818,6890.0,3470,6900.0,17061,2025-05-09 14:45:57.424,,1810909410,264509,False,nan
2354,346023,1611007880,MERV - XMEV - GGAL - 24hs,6860.0,2025-05-09 14:45:56,9,2025-05-09 14:45:58.493,6840.0,576,6830.0,2740,6820.0,24191,6810.0,534,6800.0,6383,6860.0,9,6870.0,4041,6880.0,7418,6890.0,3470,6900.0,17061,2025-05-09 14:45:58.358,,1810909410,264509,False,nan
2355,346333,1611008323,MERV - XMEV - GGAL - 24hs,6840.0,2025-05-09 14:46:00,8,2025-05-09 14:46:00.659,6840.0,576,6830.0,2740,6820.0,24191,6810.0,534,6800.0,6383,6860.0,9,6870.0,4041,6880.0,7418,6890.0,3470,6900.0,17061,2025-05-09 14:46:00.562,,1810909410,264509,True,bid
2356,346442,1611008484,MERV - XMEV - GGAL - 24hs,6840.0,2025-05-09 14:46:00,8,2025-05-09 14:46:01.404,6840.0,568,6830.0,2740,6820.0,24191,6810.0,534,6800.0,6383,6860.0,9,6870.0,4041,6880.0,7418,6890.0,3470,6900.0,17061,2025-05-09 14:46:01.262,,1810909410,264509,False,nan
2357,346515,1611008585,MERV - XMEV - GGAL - 24hs,6840.0,2025-05-09 14:46:00,8,2025-05-09 14:46:01.854,6840.0,568,6830.0,2740,6820.0,24191,6810.0,534,6800.0,6383,6860.0,9,6870.0,4041,6880.0,7418,6890.0,3470,6900.0,17061,2025-05-09 14:46:01.763,,1810964130,264517,False,nan
2358,346684,1611008823,MERV - XMEV - GGAL - 24hs,6860.0,2025-05-09 14:46:01,2,2025-05-09 14:46:02.596,6840.0,568,6830.0,2839,6820.0,24191,6810.0,534,6800.0,6383,6860.0,7,6870.0,4041,6880.0,7418,6890.0,3470,6900.0,17061,2025-05-09 14:46:02.262,,1810964130,264517,True,offer
2359,346787,1611008949,MERV - XMEV - GGAL - 24hs,6860.0,2025-05-09 14:46:01,2,2025-05-09 14:46:02.995,6840.0,568,6830.0,2569,6820.0,24191,6810.0,534,6800.0,6383,6860.0,7,6870.0,3841,6880.0,7318,6890.0,3970,6900.0,17061,2025-05-09 14:46:02.763,,1810977850,264519,False,nan
2360,346865,1611009063,MERV - XMEV - GGAL - 24hs,6860.0,2025-05-09 14:46:01,2,2025-05-09 14:46:03.468,6840.0,568,6830.0,2569,6820.0,24884,6810.0,534,6800.0,6383,6860.0,7,6870.0,3841,6880.0,7318,6890.0,3970,6900.0,17061,2025-05-09 14:46:03.376,,1810977850,264519,False,nan
2361,346932,1611009154,MERV - XMEV - GGAL - 24hs,6860.0,2025-05-09 14:46:03,1,2025-05-09 14:46:03.966,6840.0,568,6830.0,2569,6820.0,24884,6810.0,534,6800.0,6383,6860.0,7,6870.0,3841,6880.0,7318,6890.0,3970,6900.0,17061,2025-05-09 14:46:03.878,,1810977850,264519,True,offer
2362,346990,1611009230,MERV - XMEV - GGAL - 24hs,6840.0,2025-05-09 14:46:04,686,2025-05-09 14:46:04.473,6840.0,568,6830.0,2569,6820.0,24884,6810.0,534,6800.0,6383,6860.0,7,6870.0,3841,6880.0,7318,6890.0,3970,6900.0,17061,2025-05-09 14:46:04.377,,1811087700,264535,True,bid
2363,347052,1611009321,MERV - XMEV - GGAL - 24hs,6840.0,2025-05-09 14:46:04,685,2025-05-09 14:46:04.968,6830.0,2569,6820.0,23498,6810.0,6149,6800.0,6383,6790.0,5100,6840.0,1226,6870.0,3832,6880.0,7318,6890.0,3970,6900.0,22068,2025-05-09 14:46:04.876,,1824350460,266474,False,nan
2364,347190,1611009514,MERV - XMEV - GGAL - 24hs,6840.0,2025-05-09 14:46:04,685,2025-05-09 14:46:05.749,6830.0,2569,6820.0,23498,6810.0,6149,6800.0,6383,6790.0,5100,6840.0,541,6870.0,3832,6880.0,7318,6890.0,3970,6900.0,27068,2025-05-09 14:46:05.618,,1824350460,266474,False,nan
2365,347268,1611009649,MERV - XMEV - GGAL - 24hs,6840.0,2025-05-09 14:46:04,685,2025-05-09 14:46:06.572,6830.0,2569,6820.0,24190,6810.0,534,6800.0,6383,6790.0,5100,6840.0,541,6870.0,3832,6880.0,7318,6890.0,3970,6900.0,17068,2025-05-09 14:46:06.477,,1824350460,266474,False,nan
2366,347770,1611010348,MERV - XMEV - GGAL - 24hs,6840.0,2025-05-09 14:46:04,685,2025-05-09 14:46:10.216,6830.0,2569,6820.0,24190,6810.0,534,6800.0,6383,6790.0,100,6840.0,541,6870.0,3832,6880.0,7318,6890.0,3470,6900.0,19068,2025-05-09 14:46:10.111,,1824350460,266474,False,nan
2367,347956,1611010614,MERV - XMEV - GGAL - 24hs,6840.0,2025-05-09 14:46:10,342,2025-05-09 14:46:11.043,6830.0,2569,6820.0,24190,6810.0,534,6800.0,6383,6790.0,100,6840.0,541,6870.0,3832,6880.0,7318,6890.0,3470,6900.0,19068,2025-05-09 14:46:10.891,,1824350460,266474,True,offer
2368,348027,1611010715,MERV - XMEV - GGAL - 24hs,6840.0,2025-05-09 14:46:10,342,2025-05-09 14:46:11.479,6830.0,2569,6820.0,23843,6810.0,534,6800.0,6383,6790.0,100,6840.0,199,6860.0,500,6870.0,3832,6880.0,7318,6890.0,3470,2025-05-09 14:46:11.391,,1824350460,266474,False,nan
2369,348107,1611010819,MERV - XMEV - GGAL - 24hs,6840.0,2025-05-09 14:46:10,2,2025-05-09 14:46:12.212,6830.0,2569,6820.0,23843,6810.0,534,6800.0,6383,6790.0,100,6840.0,199,6860.0,500,6870.0,3832,6880.0,7318,6890.0,3470,2025-05-09 14:46:12.081,,1828030380,267012,False,nan
2370,348173,1611010931,MERV - XMEV - GGAL - 24hs,6840.0,2025-05-09 14:46:10,2,2025-05-09 14:46:12.547,6830.0,2569,6820.0,23989,6810.0,534,6800.0,6383,6790.0,100,6840.0,1,6860.0,500,6870.0,3832,6880.0,7318,6890.0,3470,2025-05-09 14:46:12.391,,1828044060,267014,False,nan
2371,348294,1611011107,MERV - XMEV - GGAL - 24hs,6840.0,2025-05-09 14:46:10,2,2025-05-09 14:46:13.092,6830.0,2569,6820.0,23498,6810.0,2026,6800.0,6383,6790.0,100,6840.0,1,6860.0,500,6870.0,3832,6880.0,7318,6890.0,3470,2025-05-09 14:46:12.891,,1828044060,267014,False,nan
2372,348460,1611011355,MERV - XMEV - GGAL - 24hs,6840.0,2025-05-09 14:46:10,2,2025-05-09 14:46:14.419,6830.0,2569,6820.0,23575,6810.0,2026,6800.0,6383,6790.0,100,6840.0,1,6860.0,500,6870.0,3832,6880.0,7318,6890.0,3470,2025-05-09 14:46:14.325,,1828044060,267014,False,nan
2373,348629,1611011586,MERV - XMEV - GGAL - 24hs,6840.0,2025-05-09 14:46:15,1,2025-05-09 14:46:15.893,6830.0,2569,6820.0,23575,6810.0,2026,6800.0,6383,6790.0,100,6840.0,1,6860.0,500,6870.0,3832,6880.0,7318,6890.0,3470,2025-05-09 14:46:15.804,,1828044060,267014,True,offer
2374,348674,1611011669,MERV - XMEV - GGAL - 24hs,6840.0,2025-05-09 14:46:15,1,2025-05-09 14:46:16.395,6840.0,249,6830.0,2569,6820.0,23575,6810.0,1989,6800.0,6383,6860.0,500,6870.0,3832,6880.0,7318,6890.0,3470,6900.0,19068,2025-05-09 14:46:16.304,,1828044060,267014,False,nan
2375,348731,1611011750,MERV - XMEV - GGAL - 24hs,6840.0,2025-05-09 14:46:15,1,2025-05-09 14:46:16.891,6840.0,249,6830.0,17569,6820.0,8575,6810.0,1989,6800.0,6383,6860.0,576,6870.0,3832,6880.0,7318,6890.0,3470,6900.0,19061,2025-05-09 14:46:16.803,,1828050900,267015,False,nan
2376,349105,1611012275,MERV - XMEV - GGAL - 24hs,6840.0,2025-05-09 14:46:15,1,2025-05-09 14:46:20.845,6840.0,549,6830.0,17569,6820.0,8575,6810.0,1989,6800.0,6383,6860.0,576,6870.0,3832,6880.0,7318,6890.0,3470,6900.0,19061,2025-05-09 14:46:20.756,,1828050900,267015,False,nan
2377,349409,1611012702,MERV - XMEV - GGAL - 24hs,6840.0,2025-05-09 14:46:15,1,2025-05-09 14:46:23.155,6840.0,1049,6830.0,17569,6820.0,8575,6810.0,1989,6800.0,6383,6860.0,576,6870.0,3832,6880.0,7318,6890.0,3470,6900.0,17361,2025-05-09 14:46:23.063,,1828050900,267015,False,nan
2378,349505,1611012847,MERV - XMEV - GGAL - 24hs,6860.0,2025-05-09 14:46:23,1,2025-05-09 14:46:23.771,6840.0,1049,6830.0,17569,6820.0,8575,6810.0,1989,6800.0,6383,6860.0,576,6870.0,3832,6880.0,7318,6890.0,3470,6900.0,17361,2025-05-09 14:46:23.565,,1828050900,267015,True,offer
2379,349579,1611012970,MERV - XMEV - GGAL - 24hs,6860.0,2025-05-09 14:46:23,1,2025-05-09 14:46:24.379,6840.0,1049,6830.0,17569,6820.0,8575,6810.0,1989,6800.0,6383,6860.0,575,6870.0,3832,6880.0,7318,6890.0,3470,6900.0,17361,2025-05-09 14:46:24.255,,1828050900,267015,False,nan
2380,349653,1611013073,MERV - XMEV - GGAL - 24hs,6860.0,2025-05-09 14:46:23,1,2025-05-09 14:46:24.854,6840.0,1049,6830.0,17569,6820.0,8575,6810.0,1989,6800.0,6383,6860.0,575,6870.0,3832,6880.0,7318,6890.0,3470,6900.0,17361,2025-05-09 14:46:24.755,,1828057760,267016,False,nan
2381,349832,1611013362,MERV - XMEV - GGAL - 24hs,6860.0,2025-05-09 14:46:23,1,2025-05-09 14:46:27.084,6840.0,1049,6830.0,17569,6820.0,8575,6810.0,1989,6800.0,6383,6860.0,775,6870.0,3832,6880.0,7318,6890.0,3470,6900.0,17361,2025-05-09 14:46:26.788,,1828057760,267016,False,nan
2382,350353,1611014118,MERV - XMEV - GGAL - 24hs,6860.0,2025-05-09 14:46:23,1,2025-05-09 14:46:30.871,6840.0,1049,6830.0,2569,6820.0,22075,6810.0,1989,6800.0,6383,6860.0,775,6870.0,3832,6880.0,7318,6890.0,24470,6900.0,12361,2025-05-09 14:46:30.776,,1828057760,267016,False,nan
2383,350443,1611014245,MERV - XMEV - GGAL - 24hs,6860.0,2025-05-09 14:46:23,1,2025-05-09 14:46:31.577,6840.0,1049,6830.0,2569,6820.0,22075,6810.0,1989,6800.0,6383,6860.0,775,6870.0,3832,6880.0,12318,6890.0,21470,6900.0,12361,2025-05-09 14:46:31.488,,1828057760,267016,False,nan
2384,350610,1611014484,MERV - XMEV - GGAL - 24hs,6860.0,2025-05-09 14:46:23,1,2025-05-09 14:46:33.767,6840.0,1049,6830.0,2569,6820.0,22075,6810.0,1989,6800.0,6383,6860.0,775,6870.0,3832,6880.0,7318,6890.0,8470,6900.0,28361,2025-05-09 14:46:33.678,,1828057760,267016,False,nan
2385,350658,1611014558,MERV - XMEV - GGAL - 24hs,6860.0,2025-05-09 14:46:23,1,2025-05-09 14:46:34.491,6840.0,549,6830.0,2569,6820.0,22075,6810.0,1989,6800.0,6383,6860.0,775,6870.0,3832,6880.0,7318,6890.0,8470,6900.0,28361,2025-05-09 14:46:34.403,,1828057760,267016,False,nan
2386,350829,1611014819,MERV - XMEV - GGAL - 24hs,6860.0,2025-05-09 14:46:23,1,2025-05-09 14:46:36.620,6840.0,549,6830.0,2569,6820.0,22075,6810.0,1986,6800.0,6383,6860.0,775,6870.0,3832,6880.0,7318,6890.0,8470,6900.0,28361,2025-05-09 14:46:36.526,,1828057760,267016,False,nan
2387,351095,1611015220,MERV - XMEV - GGAL - 24hs,6860.0,2025-05-09 14:46:23,1,2025-05-09 14:46:39.750,6840.0,549,6830.0,2569,6820.0,22075,6810.0,1986,6800.0,6383,6860.0,776,6870.0,3832,6880.0,7318,6890.0,8470,6900.0,28361,2025-05-09 14:46:39.660,,1828057760,267016,False,nan
2388,351404,1611015696,MERV - XMEV - GGAL - 24hs,6860.0,2025-05-09 14:46:23,1,2025-05-09 14:46:43.647,6840.0,549,6830.0,2569,6820.0,22075,6810.0,1986,6800.0,6383,6860.0,776,6870.0,3832,6880.0,7319,6890.0,8470,6900.0,28361,2025-05-09 14:46:43.555,,1828057760,267016,False,nan
2389,351443,1611015764,MERV - XMEV - GGAL - 24hs,6860.0,2025-05-09 14:46:23,1,2025-05-09 14:46:44.367,6840.0,549,6830.0,2569,6820.0,22175,6810.0,1986,6800.0,6383,6860.0,776,6870.0,3832,6880.0,7319,6890.0,8470,6900.0,28361,2025-05-09 14:46:44.276,,1828057760,267016,False,nan
2390,351493,1611015854,MERV - XMEV - GGAL - 24hs,6860.0,2025-05-09 14:46:44,1,2025-05-09 14:46:44.966,6840.0,549,6830.0,2569,6820.0,22175,6810.0,1986,6800.0,6383,6860.0,776,6870.0,3832,6880.0,7319,6890.0,8470,6900.0,28361,2025-05-09 14:46:44.876,,1828057760,267016,True,offer
2391,351568,1611015962,MERV - XMEV - GGAL - 24hs,6860.0,2025-05-09 14:46:44,1,2025-05-09 14:46:45.633,6840.0,300,6830.0,2569,6820.0,22175,6810.0,1986,6800.0,6383,6860.0,775,6870.0,3832,6880.0,7319,6890.0,8470,6900.0,28361,2025-05-09 14:46:45.542,,1828057760,267016,False,nan
2392,351606,1611016026,MERV - XMEV - GGAL - 24hs,6860.0,2025-05-09 14:46:44,1,2025-05-09 14:46:46.138,6840.0,300,6830.0,2569,6820.0,22175,6810.0,1986,6800.0,6383,6860.0,775,6870.0,3832,6880.0,7319,6890.0,8470,6900.0,28361,2025-05-09 14:46:46.042,,1828064620,267017,False,nan
2393,351737,1611016198,MERV - XMEV - GGAL - 24hs,6860.0,2025-05-09 14:46:44,1,2025-05-09 14:46:47.163,6840.0,300,6830.0,2569,6820.0,7175,6810.0,1986,6800.0,21383,6860.0,775,6870.0,3832,6880.0,12319,6890.0,3470,6900.0,28361,2025-05-09 14:46:46.683,,1828064620,267017,False,nan
2394,351824,1611016335,MERV - XMEV - GGAL - 24hs,6860.0,2025-05-09 14:46:44,1,2025-05-09 14:46:47.639,6840.0,300,6830.0,2569,6820.0,7175,6810.0,1986,6800.0,21383,6860.0,775,6870.0,3832,6880.0,7319,6890.0,8470,6900.0,28361,2025-05-09 14:46:47.537,,1828064620,267017,False,nan
2395,352051,1611016701,MERV - XMEV - GGAL - 24hs,6840.0,2025-05-09 14:46:49,2,2025-05-09 14:46:50.163,6840.0,300,6830.0,2569,6820.0,7175,6810.0,1986,6800.0,21383,6860.0,775,6870.0,3832,6880.0,7319,6890.0,8470,6900.0,28361,2025-05-09 14:46:50.053,,1828064620,267017,True,bid
2396,352099,1611016772,MERV - XMEV - GGAL - 24hs,6840.0,2025-05-09 14:46:49,2,2025-05-09 14:46:50.655,6840.0,298,6830.0,2569,6820.0,7175,6810.0,1986,6800.0,21383,6860.0,775,6870.0,3832,6880.0,7319,6890.0,8470,6900.0,28361,2025-05-09 14:46:50.562,,1828064620,267017,False,nan
2397,352128,1611016810,MERV - XMEV - GGAL - 24hs,6840.0,2025-05-09 14:46:49,2,2025-05-09 14:46:51.152,6840.0,298,6830.0,2569,6820.0,7175,6810.0,1986,6800.0,21383,6860.0,775,6870.0,3832,6880.0,7319,6890.0,8470,6900.0,28361,2025-05-09 14:46:51.063,,1828078300,267019,False,nan
2398,352175,1611016879,MERV - XMEV - GGAL - 24hs,6840.0,2025-05-09 14:46:49,2,2025-05-09 14:46:51.656,6840.0,298,6830.0,2669,6820.0,7175,6810.0,1986,6800.0,21383,6860.0,775,6870.0,3832,6880.0,7319,6890.0,8470,6900.0,28361,2025-05-09 14:46:51.563,,1828078300,267019,False,nan
2399,352438,1611017240,MERV - XMEV - GGAL - 24hs,6860.0,2025-05-09 14:46:53,1,2025-05-09 14:46:53.715,6840.0,298,6830.0,2669,6820.0,7175,6810.0,1986,6800.0,21383,6860.0,775,6870.0,3832,6880.0,7319,6890.0,8470,6900.0,28361,2025-05-09 14:46:53.627,,1828078300,267019,True,offer
2400,352488,1611017311,MERV - XMEV - GGAL - 24hs,6860.0,2025-05-09 14:46:53,1,2025-05-09 14:46:54.382,6840.0,298,6830.0,2669,6820.0,7175,6810.0,1986,6800.0,21383,6860.0,774,6870.0,3832,6880.0,7319,6890.0,18470,6900.0,27861,2025-05-09 14:46:54.292,,1828078300,267019,False,nan
2401,352542,1611017388,MERV - XMEV - GGAL - 24hs,6860.0,2025-05-09 14:46:53,1,2025-05-09 14:46:54.881,6840.0,298,6830.0,2669,6820.0,7175,6810.0,1986,6800.0,21383,6860.0,774,6870.0,3832,6880.0,7319,6890.0,18470,6900.0,27861,2025-05-09 14:46:54.792,,1828085160,267020,False,nan
2402,352583,1611017451,MERV - XMEV - GGAL - 24hs,6860.0,2025-05-09 14:46:53,1,2025-05-09 14:46:55.386,6840.0,298,6830.0,2669,6820.0,7175,6810.0,1986,6800.0,21383,6860.0,1774,6870.0,3832,6880.0,7319,6890.0,18470,6900.0,23861,2025-05-09 14:46:55.292,,1828085160,267020,False,nan
2403,352838,1611017809,MERV - XMEV - GGAL - 24hs,6860.0,2025-05-09 14:46:57,10,2025-05-09 14:46:57.512,6840.0,298,6830.0,2669,6820.0,7175,6810.0,1986,6800.0,21383,6860.0,1774,6870.0,3832,6880.0,7319,6890.0,18470,6900.0,23861,2025-05-09 14:46:57.405,,1828085160,267020,True,offer
2404,352958,1611017986,MERV - XMEV - GGAL - 24hs,6860.0,2025-05-09 14:46:57,10,2025-05-09 14:46:58.199,6840.0,298,6830.0,2669,6820.0,7175,6810.0,1986,6800.0,21383,6860.0,1774,6870.0,3832,6880.0,7319,6890.0,18470,6900.0,23861,2025-05-09 14:46:58.082,,1828153760,267030,False,nan
2405,353034,1611018090,MERV - XMEV - GGAL - 24hs,6860.0,2025-05-09 14:46:57,10,2025-05-09 14:46:58.672,6840.0,298,6830.0,2669,6820.0,7175,6810.0,1986,6800.0,21383,6860.0,1764,6870.0,3832,6880.0,7319,6890.0,18470,6900.0,23861,2025-05-09 14:46:58.583,,1828153760,267030,False,nan
2406,353094,1611018177,MERV - XMEV - GGAL - 24hs,6860.0,2025-05-09 14:46:57,10,2025-05-09 14:46:59.170,6840.0,298,6830.0,2669,6820.0,7175,6810.0,1986,6800.0,6383,6860.0,1764,6870.0,3832,6880.0,7319,6890.0,18470,6900.0,23861,2025-05-09 14:46:59.082,,1828153760,267030,False,nan
2407,353402,1611018614,MERV - XMEV - GGAL - 24hs,6860.0,2025-05-09 14:46:57,10,2025-05-09 14:47:01.759,6840.0,298,6830.0,2669,6820.0,7175,6810.0,1986,6800.0,6383,6860.0,1764,6870.0,3832,6880.0,7319,6890.0,18470,6900.0,23161,2025-05-09 14:47:01.661,,1828153760,267030,False,nan
2408,353549,1611018807,MERV - XMEV - GGAL - 24hs,6860.0,2025-05-09 14:46:57,10,2025-05-09 14:47:03.179,6840.0,298,6830.0,2419,6820.0,7175,6810.0,1986,6800.0,6383,6860.0,1764,6870.0,3832,6880.0,7319,6890.0,8470,6900.0,33161,2025-05-09 14:47:03.079,,1828153760,267030,False,nan
2409,353641,1611018924,MERV - XMEV - GGAL - 24hs,6860.0,2025-05-09 14:46:57,10,2025-05-09 14:47:03.866,6840.0,298,6830.0,2419,6820.0,7175,6810.0,1985,6800.0,6383,6860.0,1764,6870.0,3832,6880.0,7319,6890.0,8470,6900.0,33161,2025-05-09 14:47:03.773,,1828153760,267030,False,nan
2410,353727,1611019039,MERV - XMEV - GGAL - 24hs,6860.0,2025-05-09 14:47:03,1,2025-05-09 14:47:04.412,6840.0,298,6830.0,2419,6820.0,7175,6810.0,1985,6800.0,6383,6860.0,1764,6870.0,3832,6880.0,7319,6890.0,8470,6900.0,33161,2025-05-09 14:47:04.277,,1828153760,267030,True,offer
2411,353784,1611019117,MERV - XMEV - GGAL - 24hs,6860.0,2025-05-09 14:47:03,1,2025-05-09 14:47:04.864,6840.0,298,6830.0,2419,6820.0,7175,6810.0,1985,6800.0,6383,6860.0,1763,6870.0,3832,6880.0,7319,6890.0,8470,6900.0,33161,2025-05-09 14:47:04.775,,1828160620,267031,False,nan
2412,353984,1611019385,MERV - XMEV - GGAL - 24hs,6860.0,2025-05-09 14:47:03,1,2025-05-09 14:47:06.083,6840.0,298,6830.0,2419,6820.0,7175,6810.0,1986,6800.0,6383,6860.0,1763,6870.0,3832,6880.0,7319,6890.0,8470,6900.0,33161,2025-05-09 14:47:05.983,,1828160620,267031,False,nan
2413,354040,1611019460,MERV - XMEV - GGAL - 24hs,6860.0,2025-05-09 14:47:03,1,2025-05-09 14:47:06.800,6840.0,298,6830.0,2419,6820.0,7175,6810.0,1986,6800.0,6383,6860.0,1763,6870.0,3832,6880.0,7319,6890.0,8470,6900.0,34161,2025-05-09 14:47:06.712,,1828160620,267031,False,nan
2414,354165,1611019646,MERV - XMEV - GGAL - 24hs,6860.0,2025-05-09 14:47:07,35,2025-05-09 14:47:07.987,6840.0,298,6830.0,2419,6820.0,7175,6810.0,1986,6800.0,6383,6860.0,1763,6870.0,3832,6880.0,7319,6890.0,8470,6900.0,34161,2025-05-09 14:47:07.796,,1828160620,267031,True,offer
2415,354221,1611019731,MERV - XMEV - GGAL - 24hs,6860.0,2025-05-09 14:47:07,35,2025-05-09 14:47:08.395,6840.0,298,6830.0,2419,6820.0,7175,6810.0,1986,6800.0,6383,6860.0,1728,6870.0,3832,6880.0,7319,6890.0,8470,6900.0,34161,2025-05-09 14:47:08.302,,1828160620,267031,False,nan
2416,354260,1611019780,MERV - XMEV - GGAL - 24hs,6860.0,2025-05-09 14:47:07,35,2025-05-09 14:47:08.890,6840.0,298,6830.0,2419,6820.0,7175,6810.0,1986,6800.0,6383,6860.0,1728,6870.0,3832,6880.0,7319,6890.0,8470,6900.0,34161,2025-05-09 14:47:08.802,,1828400720,267066,False,nan
2417,354396,1611019957,MERV - XMEV - GGAL - 24hs,6860.0,2025-05-09 14:47:07,35,2025-05-09 14:47:10.026,6840.0,298,6830.0,2419,6820.0,7175,6810.0,1986,6800.0,21383,6860.0,1728,6870.0,3832,6880.0,7319,6890.0,8470,6900.0,34161,2025-05-09 14:47:09.931,,1828400720,267066,False,nan
2418,354764,1611020468,MERV - XMEV - GGAL - 24hs,6860.0,2025-05-09 14:47:13,1,2025-05-09 14:47:13.691,6840.0,298,6830.0,2419,6820.0,7175,6810.0,1986,6800.0,21383,6860.0,1728,6870.0,3832,6880.0,7319,6890.0,8470,6900.0,34161,2025-05-09 14:47:13.600,,1828400720,267066,True,offer
2419,354839,1611020561,MERV - XMEV - GGAL - 24hs,6860.0,2025-05-09 14:47:13,1,2025-05-09 14:47:14.189,6840.0,298,6830.0,2419,6820.0,7175,6810.0,1986,6800.0,21383,6860.0,1726,6870.0,3832,6880.0,7319,6890.0,8470,6900.0,35161,2025-05-09 14:47:14.100,,1828407580,267067,False,nan
2420,354865,1611020598,MERV - XMEV - GGAL - 24hs,6860.0,2025-05-09 14:47:13,1,2025-05-09 14:47:14.690,6840.0,298,6830.0,2419,6820.0,7175,6810.0,1986,6800.0,21383,6860.0,1726,6870.0,3832,6880.0,7319,6890.0,8470,6900.0,35161,2025-05-09 14:47:14.600,,1828414440,267068,False,nan
2421,354900,1611020649,MERV - XMEV - GGAL - 24hs,6860.0,2025-05-09 14:47:13,1,2025-05-09 14:47:15.192,6840.0,298,6830.0,2419,6820.0,7175,6810.0,1986,6800.0,21383,6860.0,4310,6870.0,1248,6880.0,7319,6890.0,8470,6900.0,36161,2025-05-09 14:47:15.100,,1828414440,267068,False,nan
2422,354991,1611020783,MERV - XMEV - GGAL - 24hs,6860.0,2025-05-09 14:47:13,1,2025-05-09 14:47:16.162,6840.0,298,6830.0,2419,6820.0,7175,6810.0,1986,6800.0,21383,6860.0,4310,6870.0,1248,6880.0,7319,6890.0,8470,6900.0,34561,2025-05-09 14:47:16.073,,1828414440,267068,False,nan
2423,355125,1611020966,MERV - XMEV - GGAL - 24hs,6860.0,2025-05-09 14:47:13,1,2025-05-09 14:47:17.624,6840.0,298,6830.0,2419,6820.0,7175,6810.0,1986,6800.0,21383,6860.0,4310,6870.0,1248,6880.0,7319,6890.0,8470,6900.0,35561,2025-05-09 14:47:17.531,,1828414440,267068,False,nan
2424,355356,1611021307,MERV - XMEV - GGAL - 24hs,6860.0,2025-05-09 14:47:13,1,2025-05-09 14:47:20.035,6840.0,298,6830.0,2419,6820.0,7175,6810.0,1986,6800.0,21383,6850.0,1,6860.0,4233,6870.0,1248,6880.0,7319,6890.0,8477,2025-05-09 14:47:19.911,,1828414440,267068,False,nan
2425,355610,1611021711,MERV - XMEV - GGAL - 24hs,6860.0,2025-05-09 14:47:13,1,2025-05-09 14:47:22.327,6840.0,301,6830.0,2419,6820.0,7175,6810.0,1986,6800.0,21383,6850.0,1,6860.0,4233,6870.0,1248,6880.0,7319,6890.0,8477,2025-05-09 14:47:22.230,,1828414440,267068,False,nan
2426,355890,1611022117,MERV - XMEV - GGAL - 24hs,6850.0,2025-05-09 14:47:25,1,2025-05-09 14:47:25.661,6840.0,301,6830.0,2419,6820.0,7175,6810.0,1986,6800.0,21383,6850.0,1,6860.0,4233,6870.0,1248,6880.0,7319,6890.0,8477,2025-05-09 14:47:25.571,,1828414440,267068,True,offer
2427,355935,1611022185,MERV - XMEV - GGAL - 24hs,6860.0,2025-05-09 14:47:25,1,2025-05-09 14:47:26.161,6840.0,301,6830.0,2419,6820.0,7175,6810.0,1986,6800.0,21383,6850.0,1,6860.0,4233,6870.0,1248,6880.0,7319,6890.0,8477,2025-05-09 14:47:26.071,,1828414440,267068,False,nan
2428,355971,1611022238,MERV - XMEV - GGAL - 24hs,6860.0,2025-05-09 14:47:25,1,2025-05-09 14:47:26.664,6840.0,301,6830.0,2419,6820.0,7175,6810.0,1986,6800.0,21383,6860.0,4308,6870.0,1248,6880.0,7319,6890.0,8470,6900.0,28561,2025-05-09 14:47:26.570,,1828428150,267070,False,nan
2429,356252,1611022666,MERV - XMEV - GGAL - 24hs,6860.0,2025-05-09 14:47:25,1,2025-05-09 14:47:29.788,6840.0,301,6830.0,2419,6820.0,7175,6810.0,1986,6800.0,21383,6860.0,4308,6870.0,1248,6880.0,7319,6890.0,8470,6900.0,29561,2025-05-09 14:47:29.583,,1828428150,267070,False,nan
2430,356440,1611022927,MERV - XMEV - GGAL - 24hs,6860.0,2025-05-09 14:47:25,1,2025-05-09 14:47:31.759,6850.0,1,6840.0,301,6830.0,2419,6820.0,7175,6810.0,1986,6860.0,4232,6870.0,1248,6880.0,7319,6890.0,8470,6900.0,29568,2025-05-09 14:47:31.666,,1828428150,267070,False,nan
2431,356586,1611023129,MERV - XMEV - GGAL - 24hs,6860.0,2025-05-09 14:47:25,1,2025-05-09 14:47:33.035,6850.0,1,6840.0,301,6830.0,2419,6820.0,7175,6810.0,1986,6860.0,4232,6870.0,1248,6880.0,7319,6890.0,8470,6900.0,29068,2025-05-09 14:47:32.936,,1828428150,267070,False,nan
2432,357031,1611023747,MERV - XMEV - GGAL - 24hs,6860.0,2025-05-09 14:47:25,1,2025-05-09 14:47:36.727,6850.0,1,6840.0,301,6830.0,2419,6820.0,7175,6810.0,1986,6860.0,4232,6870.0,1248,6880.0,7319,6890.0,8470,6900.0,30068,2025-05-09 14:47:36.633,,1828428150,267070,False,nan
2433,357296,1611024079,MERV - XMEV - GGAL - 24hs,6850.0,2025-05-09 14:47:39,1,2025-05-09 14:47:39.576,6850.0,1,6840.0,301,6830.0,2419,6820.0,7175,6810.0,1986,6860.0,4232,6870.0,1248,6880.0,7319,6890.0,8470,6900.0,30068,2025-05-09 14:47:39.485,,1828428150,267070,True,bid
2434,357348,1611024148,MERV - XMEV - GGAL - 24hs,6850.0,2025-05-09 14:47:39,1,2025-05-09 14:47:40.115,6840.0,301,6830.0,2419,6820.0,7175,6810.0,1986,6800.0,21383,6850.0,999,6860.0,4232,6870.0,1248,6880.0,7319,6890.0,8475,2025-05-09 14:47:40.023,,1828428150,267070,False,nan
2435,357401,1611024227,MERV - XMEV - GGAL - 24hs,6840.0,2025-05-09 14:47:40,1,2025-05-09 14:47:40.615,6840.0,301,6830.0,2419,6820.0,7175,6810.0,1986,6800.0,21383,6850.0,999,6860.0,4232,6870.0,1248,6880.0,7319,6890.0,8475,2025-05-09 14:47:40.523,,1828435000,267071,True,bid
2436,357460,1611024299,MERV - XMEV - GGAL - 24hs,6840.0,2025-05-09 14:47:40,1,2025-05-09 14:47:41.111,6840.0,300,6830.0,2419,6820.0,7175,6810.0,1986,6800.0,21383,6850.0,999,6860.0,4232,6870.0,1248,6880.0,7319,6890.0,8475,2025-05-09 14:47:41.022,,1828441840,267072,False,nan
2437,357985,1611025040,MERV - XMEV - GGAL - 24hs,6840.0,2025-05-09 14:47:40,1,2025-05-09 14:47:46.155,6840.0,300,6830.0,2419,6820.0,7175,6810.0,1986,6800.0,21383,6850.0,999,6860.0,4732,6870.0,1248,6880.0,7319,6890.0,7975,2025-05-09 14:47:46.067,,1828441840,267072,False,nan
2438,358293,1611025457,MERV - XMEV - GGAL - 24hs,6840.0,2025-05-09 14:47:40,1,2025-05-09 14:47:48.539,6840.0,300,6830.0,2419,6820.0,7175,6810.0,1986,6800.0,21383,6850.0,2999,6860.0,4732,6870.0,1248,6880.0,7319,6890.0,7975,2025-05-09 14:47:48.447,,1828441840,267072,False,nan
2439,358702,1611026041,MERV - XMEV - GGAL - 24hs,6840.0,2025-05-09 14:47:40,1,2025-05-09 14:47:53.248,6840.0,300,6830.0,2419,6820.0,7175,6810.0,1986,6800.0,21390,6850.0,2999,6860.0,4732,6870.0,1248,6880.0,7319,6890.0,7975,2025-05-09 14:47:53.160,,1828441840,267072,False,nan
2440,359432,1611027116,MERV - XMEV - GGAL - 24hs,6850.0,2025-05-09 14:47:59,2,2025-05-09 14:47:59.696,6840.0,300,6830.0,2419,6820.0,7175,6810.0,1986,6800.0,21390,6850.0,2999,6860.0,4732,6870.0,1248,6880.0,7319,6890.0,7975,2025-05-09 14:47:59.556,,1828441840,267072,True,offer
2441,359515,1611027233,MERV - XMEV - GGAL - 24hs,6850.0,2025-05-09 14:47:59,2,2025-05-09 14:48:00.226,6840.0,300,6830.0,2419,6820.0,7175,6810.0,1986,6800.0,21390,6850.0,2997,6860.0,4732,6870.0,1248,6880.0,7319,6890.0,7975,2025-05-09 14:48:00.132,,1828441840,267072,False,nan
2442,359557,1611027307,MERV - XMEV - GGAL - 24hs,6850.0,2025-05-09 14:47:59,2,2025-05-09 14:48:00.724,6840.0,300,6830.0,2419,6820.0,7175,6810.0,1986,6800.0,21390,6850.0,2997,6860.0,4732,6870.0,1248,6880.0,7319,6890.0,7975,2025-05-09 14:48:00.632,,1828455540,267074,False,nan
2443,359690,1611027511,MERV - XMEV - GGAL - 24hs,6850.0,2025-05-09 14:47:59,2,2025-05-09 14:48:01.839,6840.0,300,6830.0,2419,6820.0,7175,6810.0,1516,6800.0,21390,6850.0,2997,6860.0,4732,6870.0,1248,6880.0,7319,6890.0,7975,2025-05-09 14:48:01.748,,1828455540,267074,False,nan
2444,360146,1611028155,MERV - XMEV - GGAL - 24hs,6850.0,2025-05-09 14:47:59,2,2025-05-09 14:48:06.122,6840.0,303,6830.0,2419,6820.0,7175,6810.0,1516,6800.0,21390,6850.0,2997,6860.0,4732,6870.0,1248,6880.0,7319,6890.0,7975,2025-05-09 14:48:06.034,,1828455540,267074,False,nan
2445,360279,1611028361,MERV - XMEV - GGAL - 24hs,6850.0,2025-05-09 14:48:07,77,2025-05-09 14:48:07.665,6840.0,303,6830.0,2419,6820.0,7175,6810.0,1516,6800.0,21390,6850.0,2997,6860.0,4732,6870.0,1248,6880.0,7319,6890.0,7975,2025-05-09 14:48:07.572,,1828455540,267074,True,offer
2446,360346,1611028454,MERV - XMEV - GGAL - 24hs,6850.0,2025-05-09 14:48:07,77,2025-05-09 14:48:08.370,6840.0,303,6830.0,2419,6820.0,7175,6810.0,1516,6800.0,21390,6850.0,2920,6860.0,4732,6870.0,1248,6880.0,7319,6890.0,7975,2025-05-09 14:48:08.273,,1828455540,267074,False,nan
2447,360411,1611028546,MERV - XMEV - GGAL - 24hs,6850.0,2025-05-09 14:48:07,77,2025-05-09 14:48:08.865,6840.0,303,6830.0,2419,6820.0,7175,6810.0,1516,6800.0,21390,6850.0,2920,6860.0,4732,6870.0,1248,6880.0,7319,6890.0,7975,2025-05-09 14:48:08.774,,1828982990,267151,False,nan
2448,360449,1611028603,MERV - XMEV - GGAL - 24hs,6850.0,2025-05-09 14:48:09,15,2025-05-09 14:48:09.365,6840.0,303,6830.0,2419,6820.0,7175,6810.0,1516,6800.0,21390,6850.0,2920,6860.0,4732,6870.0,1248,6880.0,7319,6890.0,7975,2025-05-09 14:48:09.273,,1828982990,267151,True,offer
2449,360492,1611028660,MERV - XMEV - GGAL - 24hs,6850.0,2025-05-09 14:48:09,15,2025-05-09 14:48:09.868,6840.0,303,6830.0,2419,6820.0,7175,6810.0,1516,6800.0,21390,6850.0,2905,6860.0,4732,6870.0,1248,6880.0,7319,6890.0,7975,2025-05-09 14:48:09.774,,1828982990,267151,False,nan
2450,360544,1611028736,MERV - XMEV - GGAL - 24hs,6850.0,2025-05-09 14:48:09,15,2025-05-09 14:48:10.363,6840.0,303,6830.0,2419,6820.0,7175,6810.0,1516,6800.0,21390,6850.0,2905,6860.0,4732,6870.0,1248,6880.0,7319,6890.0,7975,2025-05-09 14:48:10.274,,1829085740,267166,False,nan
2451,360810,1611029119,MERV - XMEV - GGAL - 24hs,6850.0,2025-05-09 14:48:09,15,2025-05-09 14:48:13.758,6840.0,303,6830.0,2419,6820.0,7175,6810.0,1516,6800.0,21390,6850.0,2905,6860.0,4732,6870.0,12248,6880.0,22319,6890.0,2975,2025-05-09 14:48:13.670,,1829085740,267166,False,nan
2452,360907,1611029266,MERV - XMEV - GGAL - 24hs,6850.0,2025-05-09 14:48:09,15,2025-05-09 14:48:14.624,6840.0,303,6830.0,2419,6820.0,7175,6810.0,1516,6800.0,21390,6850.0,2905,6860.0,4732,6870.0,6248,6880.0,23319,6890.0,2975,2025-05-09 14:48:14.440,,1829085740,267166,False,nan
2453,361534,1611030136,MERV - XMEV - GGAL - 24hs,6850.0,2025-05-09 14:48:09,15,2025-05-09 14:48:20.130,6840.0,303,6830.0,2419,6820.0,7175,6810.0,1549,6800.0,21390,6850.0,2905,6860.0,4732,6870.0,6248,6880.0,23319,6890.0,2975,2025-05-09 14:48:20.042,,1829085740,267166,False,nan
2454,361565,1611030188,MERV - XMEV - GGAL - 24hs,6850.0,2025-05-09 14:48:20,1,2025-05-09 14:48:20.630,6840.0,303,6830.0,2419,6820.0,7175,6810.0,1549,6800.0,21390,6850.0,2905,6860.0,4732,6870.0,6248,6880.0,23319,6890.0,2975,2025-05-09 14:48:20.542,,1829085740,267166,True,offer
2455,361618,1611030257,MERV - XMEV - GGAL - 24hs,6850.0,2025-05-09 14:48:20,1,2025-05-09 14:48:21.155,6840.0,303,6830.0,2419,6820.0,7175,6810.0,1549,6800.0,21390,6850.0,2904,6860.0,4732,6870.0,6248,6880.0,23319,6890.0,2975,2025-05-09 14:48:21.064,,1829085740,267166,False,nan
2456,361651,1611030317,MERV - XMEV - GGAL - 24hs,6850.0,2025-05-09 14:48:21,14,2025-05-09 14:48:21.655,6840.0,303,6830.0,2419,6820.0,7175,6810.0,1549,6800.0,21390,6850.0,2904,6860.0,4732,6870.0,6248,6880.0,23319,6890.0,2975,2025-05-09 14:48:21.565,,1829092590,267167,True,offer
2457,361694,1611030381,MERV - XMEV - GGAL - 24hs,6850.0,2025-05-09 14:48:21,14,2025-05-09 14:48:22.153,6840.0,303,6830.0,2419,6820.0,7175,6810.0,1549,6800.0,21290,6850.0,2890,6860.0,4732,6870.0,6248,6880.0,23319,6890.0,2975,2025-05-09 14:48:22.064,,1829092590,267167,False,nan
2458,361723,1611030422,MERV - XMEV - GGAL - 24hs,6850.0,2025-05-09 14:48:21,14,2025-05-09 14:48:22.652,6840.0,303,6830.0,2419,6820.0,7175,6810.0,1549,6800.0,21290,6850.0,2890,6860.0,4732,6870.0,6248,6880.0,23319,6890.0,2975,2025-05-09 14:48:22.564,,1829188490,267181,False,nan
2459,361789,1611030514,MERV - XMEV - GGAL - 24hs,6850.0,2025-05-09 14:48:21,14,2025-05-09 14:48:23.153,6840.0,303,6830.0,2419,6820.0,7175,6810.0,1549,6800.0,21290,6850.0,2890,6860.0,4732,6870.0,7248,6880.0,23319,6890.0,2975,2025-05-09 14:48:23.064,,1829188490,267181,False,nan
2460,361985,1611030781,MERV - XMEV - GGAL - 24hs,6850.0,2025-05-09 14:48:21,14,2025-05-09 14:48:25.234,6840.0,303,6830.0,2419,6820.0,7175,6810.0,1549,6800.0,21290,6850.0,2890,6860.0,4732,6870.0,6248,6880.0,24319,6890.0,2975,2025-05-09 14:48:25.143,,1829188490,267181,False,nan
2461,362156,1611031012,MERV - XMEV - GGAL - 24hs,6850.0,2025-05-09 14:48:27,5,2025-05-09 14:48:27.358,6840.0,303,6830.0,2419,6820.0,7175,6810.0,1549,6800.0,21290,6850.0,2890,6860.0,4732,6870.0,6248,6880.0,24319,6890.0,2975,2025-05-09 14:48:27.266,,1829188490,267181,True,offer
2462,362221,1611031093,MERV - XMEV - GGAL - 24hs,6850.0,2025-05-09 14:48:27,5,2025-05-09 14:48:28.038,6840.0,303,6830.0,2419,6820.0,7175,6810.0,1549,6800.0,21290,6850.0,2885,6860.0,3732,6870.0,6248,6880.0,24319,6890.0,2975,2025-05-09 14:48:27.929,,1829188490,267181,False,nan
2463,362311,1611031208,MERV - XMEV - GGAL - 24hs,6850.0,2025-05-09 14:48:27,5,2025-05-09 14:48:28.959,6840.0,303,6830.0,2419,6820.0,7175,6810.0,1549,6800.0,21290,6850.0,2885,6860.0,3732,6870.0,6248,6880.0,24319,6890.0,2975,2025-05-09 14:48:28.771,,1829222740,267186,False,nan
2464,362397,1611031314,MERV - XMEV - GGAL - 24hs,6850.0,2025-05-09 14:48:27,5,2025-05-09 14:48:29.280,6840.0,303,6830.0,2419,6820.0,7175,6810.0,1549,6800.0,21290,6850.0,2885,6860.0,3732,6870.0,6248,6880.0,25319,6890.0,2975,2025-05-09 14:48:29.187,,1829222740,267186,False,nan
2465,362591,1611031595,MERV - XMEV - GGAL - 24hs,6850.0,2025-05-09 14:48:27,5,2025-05-09 14:48:31.327,6840.0,343,6830.0,2419,6820.0,7175,6810.0,1549,6800.0,21290,6850.0,2885,6860.0,3732,6870.0,6248,6880.0,25319,6890.0,2975,2025-05-09 14:48:31.212,,1829222740,267186,False,nan
2466,362869,1611031964,MERV - XMEV - GGAL - 24hs,6840.0,2025-05-09 14:48:34,15,2025-05-09 14:48:34.335,6840.0,343,6830.0,2419,6820.0,7175,6810.0,1549,6800.0,21290,6850.0,2885,6860.0,3732,6870.0,6248,6880.0,25319,6890.0,2975,2025-05-09 14:48:34.246,,1829222740,267186,True,bid
2467,362941,1611032065,MERV - XMEV - GGAL - 24hs,6840.0,2025-05-09 14:48:34,15,2025-05-09 14:48:35.011,6840.0,343,6830.0,2419,6820.0,7175,6810.0,1549,6800.0,21290,6850.0,2885,6860.0,3732,6870.0,6248,6880.0,25319,6890.0,2975,2025-05-09 14:48:34.921,,1829325340,267201,False,nan
2468,363017,1611032164,MERV - XMEV - GGAL - 24hs,6840.0,2025-05-09 14:48:34,15,2025-05-09 14:48:35.531,6840.0,328,6830.0,2419,6820.0,7175,6810.0,1549,6800.0,21290,6850.0,2885,6860.0,3732,6870.0,8248,6880.0,24319,6890.0,2975,2025-05-09 14:48:35.428,,1829325340,267201,False,nan
2469,363099,1611032280,MERV - XMEV - GGAL - 24hs,6840.0,2025-05-09 14:48:36,44,2025-05-09 14:48:36.551,6840.0,328,6830.0,2419,6820.0,7175,6810.0,1549,6800.0,21290,6850.0,2885,6860.0,3732,6870.0,8248,6880.0,24319,6890.0,2975,2025-05-09 14:48:36.460,,1829325340,267201,True,bid
2470,363147,1611032347,MERV - XMEV - GGAL - 24hs,6840.0,2025-05-09 14:48:36,44,2025-05-09 14:48:37.092,6840.0,284,6830.0,2419,6820.0,7175,6810.0,1549,6800.0,21290,6850.0,2885,6860.0,3732,6870.0,6248,6880.0,26319,6890.0,2975,2025-05-09 14:48:36.960,,1829325340,267201,False,nan
2471,363199,1611032430,MERV - XMEV - GGAL - 24hs,6840.0,2025-05-09 14:48:36,44,2025-05-09 14:48:37.551,6840.0,284,6830.0,2419,6820.0,7175,6810.0,1549,6800.0,21290,6850.0,2885,6860.0,3732,6870.0,6248,6880.0,26319,6890.0,2975,2025-05-09 14:48:37.461,,1829626300,267245,False,nan
2472,363242,1611032494,MERV - XMEV - GGAL - 24hs,6840.0,2025-05-09 14:48:37,33,2025-05-09 14:48:38.049,6840.0,284,6830.0,2419,6820.0,7175,6810.0,1549,6800.0,21290,6850.0,2885,6860.0,3732,6870.0,6248,6880.0,26319,6890.0,2975,2025-05-09 14:48:37.961,,1829626300,267245,True,bid
2473,363300,1611032572,MERV - XMEV - GGAL - 24hs,6840.0,2025-05-09 14:48:37,33,2025-05-09 14:48:38.553,6840.0,251,6830.0,2419,6820.0,7175,6810.0,1549,6800.0,21290,6850.0,2885,6860.0,3732,6870.0,8248,6880.0,24319,6890.0,2975,2025-05-09 14:48:38.460,,1829852020,267278,False,nan
2474,363354,1611032648,MERV - XMEV - GGAL - 24hs,6840.0,2025-05-09 14:48:37,33,2025-05-09 14:48:39.311,6840.0,251,6830.0,2419,6820.0,7175,6810.0,1549,6800.0,21290,6850.0,2885,6860.0,3732,6870.0,8248,6880.0,23319,6890.0,2975,2025-05-09 14:48:39.216,,1829852020,267278,False,nan
2475,363451,1611032769,MERV - XMEV - GGAL - 24hs,6840.0,2025-05-09 14:48:37,33,2025-05-09 14:48:40.360,6840.0,251,6830.0,2419,6820.0,7175,6810.0,1549,6800.0,21290,6850.0,2885,6860.0,3732,6870.0,6248,6880.0,24319,6890.0,2975,2025-05-09 14:48:40.267,,1829852020,267278,False,nan
2476,363503,1611032837,MERV - XMEV - GGAL - 24hs,6840.0,2025-05-09 14:48:40,48,2025-05-09 14:48:40.905,6840.0,251,6830.0,2419,6820.0,7175,6810.0,1549,6800.0,21290,6850.0,2885,6860.0,3732,6870.0,6248,6880.0,24319,6890.0,2975,2025-05-09 14:48:40.816,,1829852020,267278,True,bid
2477,363550,1611032903,MERV - XMEV - GGAL - 24hs,6840.0,2025-05-09 14:48:41,36,2025-05-09 14:48:41.405,6840.0,251,6830.0,2419,6820.0,7175,6810.0,1549,6800.0,21290,6850.0,2885,6860.0,3732,6870.0,6248,6880.0,24319,6890.0,2975,2025-05-09 14:48:41.316,,1830180340,267326,True,bid
2478,363582,1611032960,MERV - XMEV - GGAL - 24hs,6840.0,2025-05-09 14:48:41,36,2025-05-09 14:48:41.906,6840.0,167,6830.0,2419,6820.0,7175,6810.0,1549,6800.0,21290,6850.0,2885,6860.0,3732,6870.0,7248,6880.0,23319,6890.0,2975,2025-05-09 14:48:41.816,,1830426580,267362,False,nan
2479,363638,1611033045,MERV - XMEV - GGAL - 24hs,6840.0,2025-05-09 14:48:41,36,2025-05-09 14:48:42.784,6840.0,167,6830.0,2419,6820.0,7175,6810.0,1549,6800.0,21290,6850.0,2885,6860.0,3732,6870.0,6248,6880.0,24319,6890.0,2975,2025-05-09 14:48:42.690,,1830426580,267362,False,nan
2480,363715,1611033160,MERV - XMEV - GGAL - 24hs,6840.0,2025-05-09 14:48:42,1,2025-05-09 14:48:43.279,6840.0,167,6830.0,2419,6820.0,7175,6810.0,1549,6800.0,21290,6850.0,2885,6860.0,3732,6870.0,6248,6880.0,24319,6890.0,2975,2025-05-09 14:48:43.191,,1833778180,267852,True,bid
2481,363809,1611033296,MERV - XMEV - GGAL - 24hs,6840.0,2025-05-09 14:48:42,1,2025-05-09 14:48:43.818,6830.0,2419,6820.0,7175,6810.0,1549,6800.0,21290,6790.0,100,6840.0,1,6850.0,2885,6860.0,3284,6870.0,6248,6880.0,23319,2025-05-09 14:48:43.690,,1833785020,267853,False,nan
2482,364245,1611033952,MERV - XMEV - GGAL - 24hs,6830.0,2025-05-09 14:48:47,100,2025-05-09 14:48:47.327,6830.0,2419,6820.0,7175,6810.0,1549,6800.0,21290,6790.0,100,6840.0,1,6850.0,2885,6860.0,3284,6870.0,6248,6880.0,23319,2025-05-09 14:48:47.176,,1833785020,267853,True,bid
2483,364334,1611034087,MERV - XMEV - GGAL - 24hs,6830.0,2025-05-09 14:48:47,1061,2025-05-09 14:48:47.774,6830.0,2419,6820.0,7175,6810.0,1549,6800.0,21290,6790.0,100,6840.0,1,6850.0,2885,6860.0,3284,6870.0,6248,6880.0,23319,2025-05-09 14:48:47.677,,1833785020,267853,False,nan
2484,364405,1611034199,MERV - XMEV - GGAL - 24hs,6830.0,2025-05-09 14:48:47,8,2025-05-09 14:48:48.622,6830.0,1238,6820.0,7175,6810.0,1549,6800.0,21290,6790.0,100,6840.0,1,6850.0,2885,6860.0,3284,6870.0,6248,6880.0,23319,2025-05-09 14:48:48.271,,1841851250,269034,False,nan
2485,364485,1611034323,MERV - XMEV - GGAL - 24hs,6830.0,2025-05-09 14:48:47,8,2025-05-09 14:48:48.988,6830.0,1230,6820.0,7175,6810.0,1549,6800.0,21290,6790.0,100,6840.0,1,6850.0,2885,6860.0,3284,6870.0,6248,6880.0,23319,2025-05-09 14:48:48.684,,1841905890,269042,False,nan
2486,364694,1611034614,MERV - XMEV - GGAL - 24hs,6840.0,2025-05-09 14:48:50,1,2025-05-09 14:48:51.022,6830.0,1230,6820.0,7175,6810.0,1549,6800.0,21290,6790.0,100,6840.0,1,6850.0,2885,6860.0,3284,6870.0,6248,6880.0,23319,2025-05-09 14:48:50.934,,1841905890,269042,True,offer
2487,364757,1611034698,MERV - XMEV - GGAL - 24hs,6840.0,2025-05-09 14:48:51,1,2025-05-09 14:48:51.527,6830.0,1230,6820.0,7175,6810.0,2549,6800.0,21290,6790.0,100,6840.0,1,6850.0,828,6860.0,3284,6870.0,7248,6880.0,23326,2025-05-09 14:48:51.434,,1855969500,271098,True,offer
2488,364846,1611034814,MERV - XMEV - GGAL - 24hs,6830.0,2025-05-09 14:48:51,76,2025-05-09 14:48:52.028,6830.0,1230,6820.0,7175,6810.0,2549,6800.0,21290,6790.0,100,6840.0,1,6850.0,828,6860.0,3284,6870.0,7248,6880.0,23326,2025-05-09 14:48:51.934,,1855976340,271099,False,nan
2489,364945,1611034940,MERV - XMEV - GGAL - 24hs,6830.0,2025-05-09 14:48:51,76,2025-05-09 14:48:52.600,6830.0,1154,6820.0,7175,6810.0,2549,6800.0,21290,6790.0,100,6840.0,1,6850.0,828,6860.0,3284,6870.0,7248,6880.0,23326,2025-05-09 14:48:52.438,,1856495420,271175,False,nan
2490,365022,1611035067,MERV - XMEV - GGAL - 24hs,6850.0,2025-05-09 14:48:52,20,2025-05-09 14:48:53.023,6830.0,1154,6820.0,7175,6810.0,2549,6800.0,21290,6790.0,100,6840.0,1,6850.0,828,6860.0,3284,6870.0,7248,6880.0,23326,2025-05-09 14:48:52.936,,1856495420,271175,True,offer
2491,365094,1611035181,MERV - XMEV - GGAL - 24hs,6850.0,2025-05-09 14:48:52,20,2025-05-09 14:48:53.567,6830.0,1154,6820.0,7175,6810.0,2549,6800.0,21290,6790.0,100,6850.0,884,6860.0,3284,6870.0,7248,6880.0,23319,6890.0,2975,2025-05-09 14:48:53.435,,1856639260,271196,False,nan
2492,365179,1611035294,MERV - XMEV - GGAL - 24hs,6850.0,2025-05-09 14:48:52,20,2025-05-09 14:48:54.157,6830.0,1154,6820.0,7175,6810.0,3449,6800.0,21290,6790.0,100,6850.0,884,6860.0,3284,6870.0,7248,6880.0,23319,6890.0,2975,2025-05-09 14:48:54.064,,1856639260,271196,False,nan
2493,365452,1611035703,MERV - XMEV - GGAL - 24hs,6850.0,2025-05-09 14:48:52,20,2025-05-09 14:48:56.403,6840.0,2,6830.0,1154,6820.0,7175,6810.0,3449,6800.0,21290,6850.0,808,6860.0,3284,6870.0,7248,6880.0,28319,6890.0,2982,2025-05-09 14:48:56.313,,1856639260,271196,False,nan
2494,365873,1611036294,MERV - XMEV - GGAL - 24hs,6850.0,2025-05-09 14:48:52,20,2025-05-09 14:49:00.448,6840.0,2,6830.0,1154,6820.0,7175,6810.0,3414,6800.0,21290,6850.0,808,6860.0,3384,6870.0,7248,6880.0,28319,6890.0,2982,2025-05-09 14:49:00.360,,1856639260,271196,False,nan
2495,365970,1611036427,MERV - XMEV - GGAL - 24hs,6850.0,2025-05-09 14:48:52,20,2025-05-09 14:49:01.295,6840.0,2,6830.0,1404,6820.0,7175,6810.0,3414,6800.0,21290,6850.0,808,6860.0,3384,6870.0,7392,6880.0,28319,6890.0,2982,2025-05-09 14:49:01.206,,1856639260,271196,False,nan
2496,366270,1611036854,MERV - XMEV - GGAL - 24hs,6850.0,2025-05-09 14:48:52,20,2025-05-09 14:49:04.188,6840.0,2,6830.0,1404,6820.0,7175,6810.0,3414,6800.0,21290,6850.0,808,6860.0,3384,6870.0,7392,6880.0,27319,6890.0,2982,2025-05-09 14:49:04.100,,1856639260,271196,False,nan
2497,366397,1611037023,MERV - XMEV - GGAL - 24hs,6850.0,2025-05-09 14:48:52,20,2025-05-09 14:49:05.701,6840.0,2,6830.0,1404,6820.0,7175,6810.0,5414,6800.0,21290,6850.0,808,6860.0,3384,6870.0,7392,6880.0,28319,6890.0,2982,2025-05-09 14:49:05.612,,1856639260,271196,False,nan
2498,366603,1611037325,MERV - XMEV - GGAL - 24hs,6840.0,2025-05-09 14:49:08,2,2025-05-09 14:49:08.136,6840.0,2,6830.0,1404,6820.0,7175,6810.0,5414,6800.0,21290,6850.0,808,6860.0,3384,6870.0,7392,6880.0,28319,6890.0,2982,2025-05-09 14:49:08.046,,1856639260,271196,True,bid
2499,366681,1611037474,MERV - XMEV - GGAL - 24hs,6840.0,2025-05-09 14:49:08,2,2025-05-09 14:49:08.810,6830.0,1404,6820.0,7175,6810.0,5414,6800.0,21290,6790.0,100,6850.0,884,6860.0,3384,6870.0,11392,6880.0,28319,6890.0,2975,2025-05-09 14:49:08.715,,1856639260,271196,False,nan
2500,366755,1611037594,MERV - XMEV - GGAL - 24hs,6840.0,2025-05-09 14:49:08,2,2025-05-09 14:49:09.340,6830.0,1404,6820.0,7175,6810.0,5414,6800.0,21290,6790.0,100,6850.0,884,6860.0,3384,6870.0,11392,6880.0,28319,6890.0,2975,2025-05-09 14:49:09.217,,1856652940,271198,False,nan
2501,366815,1611037692,MERV - XMEV - GGAL - 24hs,6840.0,2025-05-09 14:49:08,2,2025-05-09 14:49:09.980,6830.0,1404,6820.0,7175,6810.0,4467,6800.0,21290,6790.0,5243,6850.0,884,6860.0,3384,6870.0,11492,6880.0,23319,6890.0,2975,2025-05-09 14:49:09.891,,1856652940,271198,False,nan
2502,366913,1611037838,MERV - XMEV - GGAL - 24hs,6830.0,2025-05-09 14:49:10,3,2025-05-09 14:49:10.607,6830.0,1404,6820.0,7175,6810.0,4467,6800.0,21290,6790.0,5243,6850.0,884,6860.0,3384,6870.0,11492,6880.0,23319,6890.0,2975,2025-05-09 14:49:10.456,,1856652940,271198,True,bid
2503,366967,1611037904,MERV - XMEV - GGAL - 24hs,6830.0,2025-05-09 14:49:10,123,2025-05-09 14:49:11.044,6830.0,1278,6820.0,7175,6810.0,4467,6800.0,22676,6790.0,100,6850.0,884,6860.0,3384,6870.0,10492,6880.0,26319,6890.0,2975,2025-05-09 14:49:10.956,,1856673430,271201,False,nan
2504,367016,1611037973,MERV - XMEV - GGAL - 24hs,6830.0,2025-05-09 14:49:10,123,2025-05-09 14:49:11.545,6830.0,1278,6820.0,7175,6810.0,4467,6800.0,22676,6790.0,100,6850.0,884,6860.0,3384,6870.0,10492,6880.0,26319,6890.0,2975,2025-05-09 14:49:11.457,,1857513520,271324,False,nan
2505,367120,1611038120,MERV - XMEV - GGAL - 24hs,6830.0,2025-05-09 14:49:10,123,2025-05-09 14:49:12.750,6830.0,1278,6820.0,7175,6810.0,4467,6800.0,22676,6790.0,100,6850.0,884,6860.0,3384,6870.0,10492,6880.0,23319,6890.0,2975,2025-05-09 14:49:12.661,,1857513520,271324,False,nan
2506,367291,1611038335,MERV - XMEV - GGAL - 24hs,6830.0,2025-05-09 14:49:10,123,2025-05-09 14:49:14.346,6830.0,1278,6820.0,7175,6810.0,19467,6800.0,8022,6790.0,100,6850.0,884,6860.0,3384,6870.0,1492,6880.0,7319,6890.0,8975,2025-05-09 14:49:14.259,,1857513520,271324,False,nan
2507,367407,1611038500,MERV - XMEV - GGAL - 24hs,6830.0,2025-05-09 14:49:10,123,2025-05-09 14:49:15.059,6830.0,1278,6820.0,7175,6810.0,19467,6800.0,8369,6790.0,100,6850.0,884,6860.0,3384,6870.0,1492,6880.0,7319,6890.0,8975,2025-05-09 14:49:14.952,,1857513520,271324,False,nan
2508,367558,1611038768,MERV - XMEV - GGAL - 24hs,6830.0,2025-05-09 14:49:10,123,2025-05-09 14:49:16.385,6830.0,1278,6820.0,7175,6810.0,19467,6800.0,7329,6790.0,100,6850.0,884,6860.0,3384,6870.0,1492,6880.0,7319,6890.0,8975,2025-05-09 14:49:16.297,,1857513520,271324,False,nan
2509,367725,1611038990,MERV - XMEV - GGAL - 24hs,6830.0,2025-05-09 14:49:10,123,2025-05-09 14:49:18.190,6830.0,1278,6820.0,7175,6810.0,4467,6800.0,23369,6790.0,100,6850.0,884,6860.0,3384,6870.0,1492,6880.0,7319,6890.0,8975,2025-05-09 14:49:18.099,,1857513520,271324,False,nan
2510,367794,1611039086,MERV - XMEV - GGAL - 24hs,6830.0,2025-05-09 14:49:10,123,2025-05-09 14:49:19.294,6830.0,1278,6820.0,7175,6810.0,19467,6800.0,8369,6790.0,100,6850.0,884,6860.0,3384,6870.0,1492,6880.0,7319,6890.0,8975,2025-05-09 14:49:19.096,,1857513520,271324,False,nan
2511,367838,1611039150,MERV - XMEV - GGAL - 24hs,6830.0,2025-05-09 14:49:18,708,2025-05-09 14:49:19.482,6830.0,1278,6820.0,7175,6810.0,19467,6800.0,8369,6790.0,100,6850.0,884,6860.0,3384,6870.0,1492,6880.0,7319,6890.0,8975,2025-05-09 14:49:19.305,,1857513520,271324,True,bid
2512,367905,1611039252,MERV - XMEV - GGAL - 24hs,6830.0,2025-05-09 14:49:18,708,2025-05-09 14:49:19.900,6830.0,570,6820.0,7175,6810.0,19467,6800.0,8369,6790.0,100,6850.0,884,6860.0,3184,6870.0,1492,6880.0,7319,6890.0,8975,2025-05-09 14:49:19.806,,1862349160,272032,False,nan
2513,367979,1611039358,MERV - XMEV - GGAL - 24hs,6830.0,2025-05-09 14:49:18,708,2025-05-09 14:49:20.671,6830.0,570,6820.0,7175,6810.0,19467,6800.0,8369,6790.0,100,6850.0,1394,6860.0,3284,6870.0,1492,6880.0,7419,6890.0,8975,2025-05-09 14:49:20.582,,1862349160,272032,False,nan
2514,368309,1611039875,MERV - XMEV - GGAL - 24hs,6830.0,2025-05-09 14:49:18,708,2025-05-09 14:49:25.554,6830.0,3481,6820.0,7098,6810.0,19434,6800.0,8362,6790.0,100,6850.0,1394,6860.0,3284,6870.0,1492,6880.0,7419,6890.0,8975,2025-05-09 14:49:25.467,,1862349160,272032,False,nan
2515,368343,1611039920,MERV - XMEV - GGAL - 24hs,6830.0,2025-05-09 14:49:25,8,2025-05-09 14:49:26.059,6830.0,3481,6820.0,7098,6810.0,19434,6800.0,8362,6790.0,100,6850.0,1394,6860.0,3284,6870.0,1492,6880.0,7419,6890.0,8975,2025-05-09 14:49:25.966,,1862349160,272032,True,bid
2516,368382,1611039971,MERV - XMEV - GGAL - 24hs,6830.0,2025-05-09 14:49:25,8,2025-05-09 14:49:26.559,6830.0,3473,6820.0,7098,6810.0,19434,6800.0,9862,6790.0,100,6850.0,1394,6860.0,3284,6870.0,1492,6880.0,7419,6890.0,8975,2025-05-09 14:49:26.468,,1862403800,272040,False,nan
2517,368420,1611040032,MERV - XMEV - GGAL - 24hs,6830.0,2025-05-09 14:49:25,8,2025-05-09 14:49:27.055,6830.0,3473,6820.0,7098,6810.0,19434,6800.0,9862,6790.0,100,6850.0,1394,6860.0,3284,6870.0,1492,6880.0,12419,6890.0,3975,2025-05-09 14:49:26.968,,1862403800,272040,False,nan
2518,368478,1611040113,MERV - XMEV - GGAL - 24hs,6830.0,2025-05-09 14:49:27,5,2025-05-09 14:49:27.852,6830.0,3473,6820.0,7098,6810.0,19434,6800.0,9862,6790.0,100,6850.0,1394,6860.0,3284,6870.0,1492,6880.0,12419,6890.0,3975,2025-05-09 14:49:27.762,,1862403800,272040,True,bid
2519,368520,1611040164,MERV - XMEV - GGAL - 24hs,6830.0,2025-05-09 14:49:27,70,2025-05-09 14:49:28.353,6830.0,3473,6820.0,7098,6810.0,19434,6800.0,9862,6790.0,100,6850.0,1394,6860.0,3284,6870.0,1492,6880.0,12419,6890.0,3975,2025-05-09 14:49:28.262,,1862437950,272045,False,nan
2520,368568,1611040230,MERV - XMEV - GGAL - 24hs,6830.0,2025-05-09 14:49:27,70,2025-05-09 14:49:28.849,6830.0,3390,6820.0,7098,6810.0,19434,6800.0,9862,6790.0,100,6850.0,1394,6860.0,3284,6870.0,1492,6880.0,12419,6890.0,7975,2025-05-09 14:49:28.762,,1862970690,272123,False,nan
2521,368801,1611040565,MERV - XMEV - GGAL - 24hs,6830.0,2025-05-09 14:49:30,30,2025-05-09 14:49:30.539,6830.0,3390,6820.0,7098,6810.0,19434,6800.0,9862,6790.0,100,6850.0,1394,6860.0,3284,6870.0,1492,6880.0,12419,6890.0,7975,2025-05-09 14:49:30.445,,1862970690,272123,True,bid
2522,368873,1611040667,MERV - XMEV - GGAL - 24hs,6840.0,2025-05-09 14:49:30,4941,2025-05-09 14:49:31.038,6830.0,1064,6820.0,7098,6810.0,4434,6800.0,9862,6790.0,15100,6850.0,20394,6860.0,18284,6870.0,1492,6880.0,7419,6890.0,3075,2025-05-09 14:49:30.945,,1878857270,274449,False,nan
2523,368952,1611040801,MERV - XMEV - GGAL - 24hs,6840.0,2025-05-09 14:49:31,73,2025-05-09 14:49:31.592,6830.0,1064,6820.0,7098,6810.0,4434,6800.0,9862,6790.0,15100,6850.0,20394,6860.0,18284,6870.0,1492,6880.0,7419,6890.0,3075,2025-05-09 14:49:31.446,,1920317540,280512,True,nan
2524,369014,1611040893,MERV - XMEV - GGAL - 24hs,6840.0,2025-05-09 14:49:31,1,2025-05-09 14:49:32.042,6820.0,6400,6810.0,4444,6800.0,9862,6790.0,100,6780.0,17267,6840.0,3,6850.0,15318,6860.0,18284,6870.0,1492,6880.0,7419,2025-05-09 14:49:31.950,,1926102440,281360,False,nan
2525,369059,1611040962,MERV - XMEV - GGAL - 24hs,6830.0,2025-05-09 14:49:32,74,2025-05-09 14:49:32.539,6820.0,6400,6810.0,4444,6800.0,8822,6790.0,100,6780.0,17267,6840.0,1,6850.0,15318,6860.0,18284,6870.0,1492,6880.0,7419,2025-05-09 14:49:32.446,,1927953370,281631,True,nan
2526,369085,1611041015,MERV - XMEV - GGAL - 24hs,6820.0,2025-05-09 14:49:32,270,2025-05-09 14:49:33.036,6820.0,6400,6810.0,4444,6800.0,8822,6790.0,100,6780.0,17267,6840.0,1,6850.0,15318,6860.0,18284,6870.0,1492,6880.0,7419,2025-05-09 14:49:32.946,,1928458790,281705,False,nan
2527,369141,1611041095,MERV - XMEV - GGAL - 24hs,6820.0,2025-05-09 14:49:32,270,2025-05-09 14:49:33.536,6820.0,6057,6810.0,4444,6800.0,9862,6790.0,100,6780.0,17267,6830.0,1,6850.0,9318,6860.0,18284,6870.0,1492,6880.0,7419,2025-05-09 14:49:33.445,,1930300190,281975,False,nan
2528,369184,1611041162,MERV - XMEV - GGAL - 24hs,6820.0,2025-05-09 14:49:32,270,2025-05-09 14:49:34.044,6820.0,6057,6810.0,4444,6800.0,9862,6790.0,100,6780.0,17267,6830.0,1,6840.0,5000,6850.0,9318,6860.0,18284,6870.0,1492,2025-05-09 14:49:33.946,,1930300190,281975,False,nan
2529,369371,1611041438,MERV - XMEV - GGAL - 24hs,6840.0,2025-05-09 14:49:36,4941,2025-05-09 14:49:36.536,6820.0,6057,6810.0,4444,6800.0,9862,6790.0,100,6780.0,17267,6830.0,1,6840.0,5000,6850.0,9318,6860.0,18284,6870.0,1492,2025-05-09 14:49:36.435,,1930300190,281975,True,offer
2530,369420,1611041497,MERV - XMEV - GGAL - 24hs,6850.0,2025-05-09 14:49:36,2,2025-05-09 14:49:37.167,6820.0,6057,6810.0,4444,6800.0,9862,6790.0,100,6780.0,17267,6840.0,135,6850.0,16510,6860.0,18284,6870.0,1492,6880.0,7419,2025-05-09 14:49:37.008,,1965013190,287050,False,nan
2531,369471,1611041583,MERV - XMEV - GGAL - 24hs,6850.0,2025-05-09 14:49:36,2,2025-05-09 14:49:37.522,6820.0,6131,6810.0,4444,6800.0,9862,6790.0,100,6780.0,17267,6850.0,13508,6860.0,18284,6870.0,1492,6880.0,7419,6890.0,3075,2025-05-09 14:49:37.434,,1965033730,287053,False,nan
2532,369582,1611041731,MERV - XMEV - GGAL - 24hs,6850.0,2025-05-09 14:49:36,2,2025-05-09 14:49:38.343,6820.0,6131,6810.0,4444,6800.0,9862,6790.0,100,6780.0,17267,6850.0,14508,6860.0,18284,6870.0,1492,6880.0,7419,6890.0,3075,2025-05-09 14:49:38.255,,1965033730,287053,False,nan
2533,369628,1611041788,MERV - XMEV - GGAL - 24hs,6820.0,2025-05-09 14:49:38,2215,2025-05-09 14:49:38.844,6820.0,6131,6810.0,4444,6800.0,9862,6790.0,100,6780.0,17267,6850.0,14508,6860.0,18284,6870.0,1492,6880.0,7419,6890.0,3075,2025-05-09 14:49:38.756,,1980581050,289326,True,bid
2534,369682,1611041863,MERV - XMEV - GGAL - 24hs,6820.0,2025-05-09 14:49:38,2215,2025-05-09 14:49:39.343,6820.0,3916,6810.0,4444,6800.0,9862,6790.0,100,6780.0,17267,6850.0,14508,6860.0,18284,6870.0,1492,6880.0,7419,6890.0,3075,2025-05-09 14:49:39.255,,1995687350,291541,False,nan
2535,369776,1611041997,MERV - XMEV - GGAL - 24hs,6820.0,2025-05-09 14:49:38,2215,2025-05-09 14:49:40.465,6820.0,3916,6810.0,4444,6800.0,9862,6790.0,277,6780.0,17267,6850.0,19508,6860.0,18284,6870.0,1492,6880.0,7419,6890.0,3075,2025-05-09 14:49:40.377,,1995687350,291541,False,nan
2536,369819,1611042050,MERV - XMEV - GGAL - 24hs,6820.0,2025-05-09 14:49:40,17,2025-05-09 14:49:40.966,6820.0,3916,6810.0,4444,6800.0,9862,6790.0,277,6780.0,17267,6850.0,19508,6860.0,18284,6870.0,1492,6880.0,7419,6890.0,3075,2025-05-09 14:49:40.878,,1995687350,291541,True,bid
2537,369871,1611042115,MERV - XMEV - GGAL - 24hs,6820.0,2025-05-09 14:49:40,17,2025-05-09 14:49:41.465,6820.0,3899,6810.0,4444,6800.0,9862,6790.0,277,6780.0,17267,6850.0,19758,6860.0,18284,6870.0,1492,6880.0,7419,6890.0,3075,2025-05-09 14:49:41.378,,1995803290,291558,False,nan
2538,370090,1611042400,MERV - XMEV - GGAL - 24hs,6820.0,2025-05-09 14:49:42,547,2025-05-09 14:49:43.060,6820.0,3899,6810.0,4444,6800.0,9862,6790.0,277,6780.0,17267,6850.0,19758,6860.0,18284,6870.0,1492,6880.0,7419,6890.0,3075,2025-05-09 14:49:42.972,,1995803290,291558,True,bid
2539,370136,1611042457,MERV - XMEV - GGAL - 24hs,6820.0,2025-05-09 14:49:42,547,2025-05-09 14:49:43.560,6820.0,3352,6810.0,4444,6800.0,9862,6790.0,277,6780.0,17267,6850.0,19758,6860.0,18284,6870.0,1492,6880.0,7419,6890.0,3075,2025-05-09 14:49:43.472,,1995803290,291558,False,nan
2540,370206,1611042549,MERV - XMEV - GGAL - 24hs,6820.0,2025-05-09 14:49:42,547,2025-05-09 14:49:44.061,6820.0,3352,6810.0,4444,6800.0,9862,6790.0,277,6780.0,17267,6850.0,19758,6860.0,18284,6870.0,1492,6880.0,7419,6890.0,3075,2025-05-09 14:49:43.973,,1999533830,292105,False,nan
2541,370257,1611042613,MERV - XMEV - GGAL - 24hs,6820.0,2025-05-09 14:49:42,547,2025-05-09 14:49:44.656,6820.0,3352,6810.0,4444,6800.0,9862,6790.0,277,6780.0,17267,6850.0,18758,6860.0,18284,6870.0,1492,6880.0,7419,6890.0,3075,2025-05-09 14:49:44.566,,1999533830,292105,False,nan
2542,370316,1611042687,MERV - XMEV - GGAL - 24hs,6820.0,2025-05-09 14:49:42,547,2025-05-09 14:49:45.358,6820.0,3352,6810.0,4444,6800.0,9862,6790.0,277,6780.0,17267,6850.0,20758,6860.0,18284,6870.0,1492,6880.0,7419,6890.0,3075,2025-05-09 14:49:45.270,,1999533830,292105,False,nan
2543,370532,1611042949,MERV - XMEV - GGAL - 24hs,6820.0,2025-05-09 14:49:42,547,2025-05-09 14:49:46.919,6820.0,3352,6810.0,4444,6800.0,9862,6790.0,277,6780.0,17267,6850.0,20758,6860.0,18284,6870.0,1692,6880.0,7419,6890.0,3075,2025-05-09 14:49:46.829,,1999533830,292105,False,nan
2544,370624,1611043074,MERV - XMEV - GGAL - 24hs,6830.0,2025-05-09 14:49:47,1,2025-05-09 14:49:47.417,6820.0,3352,6810.0,4444,6800.0,9862,6790.0,277,6780.0,17267,6850.0,20758,6860.0,18284,6870.0,1692,6880.0,7419,6890.0,3075,2025-05-09 14:49:47.330,,2000387580,292230,True,bid
2545,370670,1611043134,MERV - XMEV - GGAL - 24hs,6830.0,2025-05-09 14:49:47,1,2025-05-09 14:49:47.930,6820.0,3278,6810.0,4444,6800.0,9862,6790.0,277,6780.0,17274,6830.0,76,6850.0,15758,6860.0,18284,6870.0,1692,6880.0,7420,2025-05-09 14:49:47.842,,2000387580,292230,False,nan
2546,370735,1611043221,MERV - XMEV - GGAL - 24hs,6830.0,2025-05-09 14:49:47,1,2025-05-09 14:49:48.443,6820.0,3278,6810.0,4444,6800.0,9862,6790.0,277,6780.0,17274,6830.0,76,6850.0,15758,6860.0,18284,6870.0,1692,6880.0,7420,2025-05-09 14:49:48.343,,2000394410,292231,False,nan
2547,371088,1611043670,MERV - XMEV - GGAL - 24hs,6830.0,2025-05-09 14:49:47,1,2025-05-09 14:49:51.684,6820.0,3278,6810.0,4444,6800.0,9862,6790.0,277,6780.0,17274,6830.0,576,6850.0,15758,6860.0,17784,6870.0,1692,6880.0,7420,2025-05-09 14:49:51.595,,2000394410,292231,False,nan
2548,371721,1611044541,MERV - XMEV - GGAL - 24hs,6830.0,2025-05-09 14:49:47,1,2025-05-09 14:49:57.702,6820.0,3278,6810.0,4444,6800.0,9515,6790.0,277,6780.0,17274,6830.0,576,6850.0,16758,6860.0,17784,6870.0,1692,6880.0,7420,2025-05-09 14:49:57.615,,2000394410,292231,False,nan
2549,371765,1611044601,MERV - XMEV - GGAL - 24hs,6830.0,2025-05-09 14:49:57,2,2025-05-09 14:49:58.206,6820.0,3278,6810.0,4444,6800.0,9515,6790.0,277,6780.0,17274,6830.0,576,6850.0,16758,6860.0,17784,6870.0,1692,6880.0,7420,2025-05-09 14:49:58.115,,2000394410,292231,True,offer
2550,371830,1611044697,MERV - XMEV - GGAL - 24hs,6830.0,2025-05-09 14:49:57,2,2025-05-09 14:49:58.703,6820.0,3278,6810.0,4444,6800.0,9515,6790.0,277,6780.0,17274,6830.0,283,6850.0,18758,6860.0,17784,6870.0,1692,6880.0,7420,2025-05-09 14:49:58.616,,2002395600,292524,False,nan
2551,371921,1611044814,MERV - XMEV - GGAL - 24hs,6830.0,2025-05-09 14:49:57,2,2025-05-09 14:49:59.651,6820.0,3353,6810.0,4444,6800.0,9515,6790.0,277,6780.0,17267,6850.0,20759,6860.0,17784,6870.0,1692,6880.0,7419,6890.0,3075,2025-05-09 14:49:59.558,,2002395600,292524,False,nan
2552,371997,1611044927,MERV - XMEV - GGAL - 24hs,6830.0,2025-05-09 14:49:57,2,2025-05-09 14:50:00.639,6820.0,3353,6810.0,4444,6800.0,9169,6790.0,277,6780.0,17267,6840.0,250,6850.0,20509,6860.0,17784,6870.0,1692,6880.0,7419,2025-05-09 14:50:00.552,,2002395600,292524,False,nan
2553,372093,1611045064,MERV - XMEV - GGAL - 24hs,6830.0,2025-05-09 14:49:57,2,2025-05-09 14:50:01.771,6820.0,3353,6810.0,4444,6800.0,9169,6790.0,277,6780.0,17267,6840.0,251,6850.0,20508,6860.0,17784,6870.0,1692,6880.0,7419,2025-05-09 14:50:01.684,,2002395600,292524,False,nan
2554,372163,1611045173,MERV - XMEV - GGAL - 24hs,6830.0,2025-05-09 14:49:57,2,2025-05-09 14:50:02.706,6820.0,3353,6810.0,4444,6800.0,9169,6790.0,277,6780.0,17267,6840.0,251,6850.0,20778,6860.0,17784,6870.0,1692,6880.0,7419,2025-05-09 14:50:02.613,,2002395600,292524,False,nan
2555,372252,1611045293,MERV - XMEV - GGAL - 24hs,6820.0,2025-05-09 14:50:03,21,2025-05-09 14:50:03.851,6820.0,3353,6810.0,4444,6800.0,9169,6790.0,277,6780.0,17267,6840.0,251,6850.0,20778,6860.0,17784,6870.0,1692,6880.0,7419,2025-05-09 14:50:03.754,,2002395600,292524,True,bid
2556,372324,1611045384,MERV - XMEV - GGAL - 24hs,6820.0,2025-05-09 14:50:03,21,2025-05-09 14:50:04.489,6820.0,3332,6810.0,4444,6800.0,9169,6790.0,277,6780.0,17267,6840.0,251,6850.0,20778,6860.0,17784,6870.0,1692,6880.0,7419,2025-05-09 14:50:04.400,,2002395600,292524,False,nan
2557,372377,1611045456,MERV - XMEV - GGAL - 24hs,6820.0,2025-05-09 14:50:03,21,2025-05-09 14:50:04.991,6820.0,3332,6810.0,4444,6800.0,9169,6790.0,277,6780.0,17267,6840.0,251,6850.0,20778,6860.0,17784,6870.0,1692,6880.0,7419,2025-05-09 14:50:04.900,,2002538820,292545,False,nan
2558,372424,1611045527,MERV - XMEV - GGAL - 24hs,6820.0,2025-05-09 14:50:03,21,2025-05-09 14:50:05.498,6820.0,3332,6810.0,4444,6800.0,7818,6790.0,277,6780.0,17267,6840.0,451,6850.0,20778,6860.0,17784,6870.0,1692,6880.0,7419,2025-05-09 14:50:05.408,,2002538820,292545,False,nan
2559,372553,1611045718,MERV - XMEV - GGAL - 24hs,6820.0,2025-05-09 14:50:03,21,2025-05-09 14:50:06.437,6820.0,3332,6810.0,4444,6800.0,7783,6790.0,565,6780.0,17267,6840.0,451,6850.0,20778,6860.0,17784,6870.0,1692,6880.0,7419,2025-05-09 14:50:06.350,,2002538820,292545,False,nan
2560,372684,1611045905,MERV - XMEV - GGAL - 24hs,6820.0,2025-05-09 14:50:03,21,2025-05-09 14:50:07.378,6820.0,3332,6810.0,4444,6800.0,7818,6790.0,277,6780.0,17267,6840.0,451,6850.0,20778,6860.0,17784,6870.0,1692,6880.0,7419,2025-05-09 14:50:07.267,,2002538820,292545,False,nan
2561,372834,1611046096,MERV - XMEV - GGAL - 24hs,6820.0,2025-05-09 14:50:03,21,2025-05-09 14:50:08.548,6820.0,3332,6810.0,4444,6800.0,7818,6790.0,277,6780.0,17267,6840.0,2734,6850.0,20778,6860.0,17784,6870.0,1692,6880.0,7419,2025-05-09 14:50:08.460,,2002538820,292545,False,nan
2562,372879,1611046166,MERV - XMEV - GGAL - 24hs,6820.0,2025-05-09 14:50:08,29,2025-05-09 14:50:09.049,6820.0,3332,6810.0,4444,6800.0,7818,6790.0,277,6780.0,17267,6840.0,2734,6850.0,20778,6860.0,17784,6870.0,1692,6880.0,7419,2025-05-09 14:50:08.961,,2002538820,292545,True,bid
2563,372923,1611046233,MERV - XMEV - GGAL - 24hs,6820.0,2025-05-09 14:50:08,29,2025-05-09 14:50:09.551,6820.0,4803,6810.0,4444,6800.0,6318,6790.0,277,6780.0,17267,6840.0,2734,6850.0,20778,6860.0,17784,6870.0,1692,6880.0,7419,2025-05-09 14:50:09.463,,2002736600,292574,False,nan
2564,373109,1611046472,MERV - XMEV - GGAL - 24hs,6820.0,2025-05-09 14:50:08,29,2025-05-09 14:50:12.118,6820.0,4803,6810.0,4444,6800.0,6318,6790.0,277,6780.0,17267,6840.0,2734,6850.0,18778,6860.0,17784,6870.0,1692,6880.0,7419,2025-05-09 14:50:12.031,,2002736600,292574,False,nan
2565,373216,1611046595,MERV - XMEV - GGAL - 24hs,6820.0,2025-05-09 14:50:08,29,2025-05-09 14:50:12.485,6820.0,4803,6810.0,4444,6800.0,6318,6790.0,277,6780.0,17267,6840.0,2734,6850.0,21778,6860.0,17784,6870.0,1692,6880.0,7419,2025-05-09 14:50:12.357,,2002736600,292574,False,nan
2566,373365,1611046796,MERV - XMEV - GGAL - 24hs,6820.0,2025-05-09 14:50:13,7,2025-05-09 14:50:13.847,6820.0,4803,6810.0,4444,6800.0,6318,6790.0,277,6780.0,17267,6840.0,2734,6850.0,21778,6860.0,17784,6870.0,1692,6880.0,7419,2025-05-09 14:50:13.760,,2002736600,292574,True,bid
2567,373415,1611046861,MERV - XMEV - GGAL - 24hs,6820.0,2025-05-09 14:50:14,5,2025-05-09 14:50:14.469,6820.0,4803,6810.0,4444,6800.0,6318,6790.0,277,6780.0,17267,6840.0,2734,6850.0,21778,6860.0,17784,6870.0,1692,6880.0,7419,2025-05-09 14:50:14.381,,2002784340,292581,True,bid
2568,373464,1611046927,MERV - XMEV - GGAL - 24hs,6820.0,2025-05-09 14:50:14,5,2025-05-09 14:50:14.971,6820.0,4792,6810.0,4444,6800.0,6318,6790.0,277,6780.0,17267,6840.0,2734,6850.0,21778,6860.0,17784,6870.0,1692,6880.0,7419,2025-05-09 14:50:14.881,,2002818440,292586,False,nan
2569,373531,1611047014,MERV - XMEV - GGAL - 24hs,6820.0,2025-05-09 14:50:14,5,2025-05-09 14:50:15.479,6820.0,4792,6810.0,3444,6800.0,6318,6790.0,277,6780.0,17267,6840.0,2734,6850.0,21778,6860.0,17784,6870.0,1692,6880.0,7419,2025-05-09 14:50:15.385,,2002818440,292586,False,nan
2570,373609,1611047110,MERV - XMEV - GGAL - 24hs,6840.0,2025-05-09 14:50:15,10,2025-05-09 14:50:15.970,6820.0,4792,6810.0,3444,6800.0,6318,6790.0,277,6780.0,17267,6840.0,2734,6850.0,21778,6860.0,17784,6870.0,1692,6880.0,7419,2025-05-09 14:50:15.882,,2002818440,292586,True,offer
2571,373658,1611047173,MERV - XMEV - GGAL - 24hs,6840.0,2025-05-09 14:50:15,10,2025-05-09 14:50:16.473,6820.0,4792,6810.0,3444,6800.0,6318,6790.0,277,6780.0,17267,6840.0,2724,6850.0,21778,6860.0,17784,6870.0,1692,6880.0,7419,2025-05-09 14:50:16.382,,2002886840,292596,False,nan
2572,374056,1611047725,MERV - XMEV - GGAL - 24hs,6840.0,2025-05-09 14:50:15,10,2025-05-09 14:50:20.537,6820.0,4792,6810.0,3444,6800.0,6283,6790.0,565,6780.0,17267,6840.0,2724,6850.0,21778,6860.0,17784,6870.0,1692,6880.0,7419,2025-05-09 14:50:20.447,,2002886840,292596,False,nan
2573,374101,1611047776,MERV - XMEV - GGAL - 24hs,6820.0,2025-05-09 14:50:20,105,2025-05-09 14:50:21.042,6820.0,4792,6810.0,3444,6800.0,6283,6790.0,565,6780.0,17267,6840.0,2724,6850.0,21778,6860.0,17784,6870.0,1692,6880.0,7419,2025-05-09 14:50:20.947,,2002886840,292596,True,bid
2574,374143,1611047834,MERV - XMEV - GGAL - 24hs,6820.0,2025-05-09 14:50:20,105,2025-05-09 14:50:21.539,6820.0,4687,6810.0,3444,6800.0,6283,6790.0,565,6780.0,17267,6840.0,2724,6850.0,21778,6860.0,17784,6870.0,1692,6880.0,7419,2025-05-09 14:50:21.447,,2003602940,292701,False,nan
2575,374428,1611048222,MERV - XMEV - GGAL - 24hs,6820.0,2025-05-09 14:50:23,90,2025-05-09 14:50:23.916,6820.0,4687,6810.0,3444,6800.0,6283,6790.0,565,6780.0,17267,6840.0,2724,6850.0,21778,6860.0,17784,6870.0,1692,6880.0,7419,2025-05-09 14:50:23.797,,2003602940,292701,True,bid
2576,374504,1611048325,MERV - XMEV - GGAL - 24hs,6820.0,2025-05-09 14:50:23,90,2025-05-09 14:50:24.483,6820.0,4687,6810.0,3444,6800.0,6283,6790.0,565,6780.0,17267,6840.0,2724,6850.0,21778,6860.0,17784,6870.0,1692,6880.0,7419,2025-05-09 14:50:24.393,,2004216740,292791,False,nan
2577,374565,1611048433,MERV - XMEV - GGAL - 24hs,6820.0,2025-05-09 14:50:23,90,2025-05-09 14:50:24.983,6820.0,4597,6810.0,3444,6800.0,6283,6790.0,565,6780.0,17267,6840.0,2724,6850.0,18778,6860.0,17784,6870.0,1692,6880.0,7419,2025-05-09 14:50:24.892,,2004216740,292791,False,nan
2578,374666,1611048562,MERV - XMEV - GGAL - 24hs,6820.0,2025-05-09 14:50:23,90,2025-05-09 14:50:25.978,6820.0,4597,6810.0,3444,6800.0,6283,6790.0,565,6780.0,17267,6840.0,2724,6850.0,22778,6860.0,17784,6870.0,1692,6880.0,7419,2025-05-09 14:50:25.891,,2004216740,292791,False,nan
2579,374703,1611048608,MERV - XMEV - GGAL - 24hs,6840.0,2025-05-09 14:50:26,240,2025-05-09 14:50:26.484,6820.0,4597,6810.0,3444,6800.0,6283,6790.0,565,6780.0,17267,6840.0,2724,6850.0,22778,6860.0,17784,6870.0,1692,6880.0,7419,2025-05-09 14:50:26.397,,2004216740,292791,True,offer
2580,374757,1611048680,MERV - XMEV - GGAL - 24hs,6840.0,2025-05-09 14:50:26,42,2025-05-09 14:50:26.985,6820.0,4597,6810.0,3444,6800.0,6283,6790.0,565,6780.0,17267,6840.0,2724,6850.0,22778,6860.0,17784,6870.0,1692,6880.0,7419,2025-05-09 14:50:26.898,,2004216740,292791,False,nan
2581,374790,1611048725,MERV - XMEV - GGAL - 24hs,6840.0,2025-05-09 14:50:26,42,2025-05-09 14:50:27.484,6820.0,4597,6810.0,3444,6800.0,6283,6790.0,565,6780.0,17267,6840.0,2241,6850.0,22778,6860.0,17784,6870.0,1692,6880.0,7419,2025-05-09 14:50:27.397,,2007520460,293274,False,nan
2582,374850,1611048803,MERV - XMEV - GGAL - 24hs,6820.0,2025-05-09 14:50:27,34,2025-05-09 14:50:27.985,6820.0,4597,6810.0,3444,6800.0,6283,6790.0,565,6780.0,17267,6840.0,2241,6850.0,22778,6860.0,17784,6870.0,1692,6880.0,7419,2025-05-09 14:50:27.898,,2007520460,293274,True,bid
2583,374895,1611048867,MERV - XMEV - GGAL - 24hs,6820.0,2025-05-09 14:50:27,34,2025-05-09 14:50:28.580,6820.0,4563,6810.0,3444,6800.0,6283,6790.0,565,6780.0,17267,6840.0,2241,6850.0,22778,6860.0,17784,6870.0,1692,6880.0,7419,2025-05-09 14:50:28.492,,2007520460,293274,False,nan
2584,374959,1611048970,MERV - XMEV - GGAL - 24hs,6820.0,2025-05-09 14:50:27,34,2025-05-09 14:50:29.079,6820.0,4563,6810.0,3444,6800.0,6283,6790.0,565,6780.0,17267,6840.0,2241,6850.0,22778,6860.0,17784,6870.0,1692,6880.0,7419,2025-05-09 14:50:28.992,,2007752340,293308,False,nan
2585,375192,1611049258,MERV - XMEV - GGAL - 24hs,6820.0,2025-05-09 14:50:31,596,2025-05-09 14:50:31.455,6820.0,4563,6810.0,3444,6800.0,6283,6790.0,565,6780.0,17267,6840.0,2241,6850.0,22778,6860.0,17784,6870.0,1692,6880.0,7419,2025-05-09 14:50:31.367,,2007752340,293308,True,bid
2586,375252,1611049338,MERV - XMEV - GGAL - 24hs,6820.0,2025-05-09 14:50:31,8,2025-05-09 14:50:31.954,6820.0,4563,6810.0,3444,6800.0,6283,6790.0,565,6780.0,17267,6840.0,2241,6850.0,22778,6860.0,17784,6870.0,1692,6880.0,7419,2025-05-09 14:50:31.867,,2011817060,293904,False,nan
2587,375314,1611049431,MERV - XMEV - GGAL - 24hs,6820.0,2025-05-09 14:50:31,8,2025-05-09 14:50:32.454,6820.0,3959,6810.0,3444,6800.0,6283,6790.0,565,6780.0,17267,6840.0,2241,6850.0,22778,6860.0,17784,6870.0,1692,6880.0,7419,2025-05-09 14:50:32.367,,2011871620,293912,False,nan
2588,375365,1611049494,MERV - XMEV - GGAL - 24hs,6840.0,2025-05-09 14:50:33,50,2025-05-09 14:50:33.472,6820.0,3959,6810.0,3444,6800.0,6283,6790.0,565,6780.0,17267,6840.0,2241,6850.0,22778,6860.0,17784,6870.0,1692,6880.0,7419,2025-05-09 14:50:33.324,,2011871620,293912,True,offer
2589,375425,1611049574,MERV - XMEV - GGAL - 24hs,6840.0,2025-05-09 14:50:33,50,2025-05-09 14:50:33.757,6820.0,3959,6810.0,3444,6800.0,6283,6790.0,565,6780.0,17267,6840.0,2191,6850.0,22778,6860.0,17784,6870.0,1692,6880.0,7419,2025-05-09 14:50:33.670,,2011871620,293912,False,nan
2590,375470,1611049633,MERV - XMEV - GGAL - 24hs,6840.0,2025-05-09 14:50:33,50,2025-05-09 14:50:34.258,6820.0,3959,6810.0,3444,6800.0,6283,6790.0,565,6780.0,17267,6840.0,2191,6850.0,22778,6860.0,17784,6870.0,1692,6880.0,7419,2025-05-09 14:50:34.171,,2012213620,293962,False,nan
2591,375504,1611049689,MERV - XMEV - GGAL - 24hs,6820.0,2025-05-09 14:50:34,1965,2025-05-09 14:50:34.783,6820.0,3959,6810.0,3444,6800.0,6283,6790.0,565,6780.0,17267,6840.0,2191,6850.0,22778,6860.0,17784,6870.0,1692,6880.0,7419,2025-05-09 14:50:34.696,,2012213620,293962,True,bid
2592,375550,1611049748,MERV - XMEV - GGAL - 24hs,6820.0,2025-05-09 14:50:34,68,2025-05-09 14:50:35.284,6820.0,3959,6810.0,3444,6800.0,6283,6790.0,565,6780.0,17267,6840.0,2191,6850.0,22778,6860.0,17784,6870.0,1692,6880.0,7419,2025-05-09 14:50:35.196,,2012213620,293962,False,nan
2593,375620,1611049840,MERV - XMEV - GGAL - 24hs,6820.0,2025-05-09 14:50:35,4,2025-05-09 14:50:35.795,6820.0,1824,6810.0,3444,6800.0,6283,6790.0,565,6780.0,17267,6840.0,2191,6850.0,22778,6860.0,17784,6870.0,1692,6880.0,7419,2025-05-09 14:50:35.698,,2026774320,296097,True,bid
2594,375685,1611049949,MERV - XMEV - GGAL - 24hs,6820.0,2025-05-09 14:50:35,4,2025-05-09 14:50:36.331,6820.0,1820,6810.0,3444,6800.0,6283,6790.0,565,6780.0,17267,6840.0,2191,6850.0,22778,6860.0,17784,6870.0,1692,6880.0,7419,2025-05-09 14:50:36.197,,2026774320,296097,False,nan
2595,375730,1611050009,MERV - XMEV - GGAL - 24hs,6820.0,2025-05-09 14:50:35,4,2025-05-09 14:50:36.784,6820.0,1820,6810.0,3444,6800.0,6283,6790.0,565,6780.0,17267,6840.0,2191,6850.0,22778,6860.0,17784,6870.0,1692,6880.0,7419,2025-05-09 14:50:36.697,,2026801600,296101,False,nan
2596,375793,1611050085,MERV - XMEV - GGAL - 24hs,6820.0,2025-05-09 14:50:36,5,2025-05-09 14:50:37.287,6820.0,1820,6810.0,3444,6800.0,6283,6790.0,565,6780.0,17267,6840.0,2191,6850.0,22778,6860.0,17784,6870.0,1692,6880.0,7419,2025-05-09 14:50:37.197,,2026801600,296101,True,bid
2597,375889,1611050219,MERV - XMEV - GGAL - 24hs,6820.0,2025-05-09 14:50:37,59,2025-05-09 14:50:37.814,6820.0,1671,6810.0,3444,6800.0,6283,6790.0,449,6780.0,17267,6840.0,2191,6850.0,22778,6860.0,17784,6870.0,1692,6880.0,7419,2025-05-09 14:50:37.705,,2028220160,296309,True,bid
2598,375953,1611050306,MERV - XMEV - GGAL - 24hs,6820.0,2025-05-09 14:50:37,59,2025-05-09 14:50:38.285,6820.0,1612,6810.0,3444,6800.0,6283,6790.0,449,6780.0,17267,6840.0,2191,6850.0,18778,6860.0,17784,6870.0,1692,6880.0,7419,2025-05-09 14:50:38.198,,2028220160,296309,False,nan
2599,376069,1611050464,MERV - XMEV - GGAL - 24hs,6820.0,2025-05-09 14:50:37,59,2025-05-09 14:50:39.555,6820.0,1612,6810.0,3444,6800.0,6283,6790.0,449,6780.0,17267,6840.0,2191,6850.0,23778,6860.0,17784,6870.0,1692,6880.0,7419,2025-05-09 14:50:39.461,,2028220160,296309,False,nan
2600,376304,1611050762,MERV - XMEV - GGAL - 24hs,6840.0,2025-05-09 14:50:42,1,2025-05-09 14:50:42.249,6820.0,1612,6810.0,3444,6800.0,6283,6790.0,449,6780.0,17267,6840.0,2191,6850.0,23778,6860.0,17784,6870.0,1692,6880.0,7419,2025-05-09 14:50:42.159,,2028220160,296309,True,offer
2601,376369,1611050845,MERV - XMEV - GGAL - 24hs,6840.0,2025-05-09 14:50:42,1,2025-05-09 14:50:42.915,6820.0,1612,6810.0,3444,6800.0,6283,6790.0,449,6780.0,17267,6840.0,2190,6850.0,23778,6860.0,17784,6870.0,1692,6880.0,7419,2025-05-09 14:50:42.822,,2028220160,296309,False,nan
2602,376415,1611050910,MERV - XMEV - GGAL - 24hs,6840.0,2025-05-09 14:50:42,1,2025-05-09 14:50:43.412,6820.0,1612,6810.0,3444,6800.0,6283,6790.0,449,6780.0,17267,6840.0,2190,6850.0,23778,6860.0,17784,6870.0,1692,6880.0,7419,2025-05-09 14:50:43.317,,2028227000,296310,False,nan
2603,376589,1611051146,MERV - XMEV - GGAL - 24hs,6840.0,2025-05-09 14:50:42,1,2025-05-09 14:50:45.072,6820.0,1612,6810.0,3444,6800.0,6283,6790.0,449,6780.0,17267,6840.0,2190,6850.0,18778,6860.0,17784,6870.0,1692,6880.0,7419,2025-05-09 14:50:44.982,,2028227000,296310,False,nan
2604,376631,1611051199,MERV - XMEV - GGAL - 24hs,6820.0,2025-05-09 14:50:45,17,2025-05-09 14:50:45.570,6820.0,1612,6810.0,3444,6800.0,6283,6790.0,449,6780.0,17267,6840.0,2190,6850.0,18778,6860.0,17784,6870.0,1692,6880.0,7419,2025-05-09 14:50:45.483,,2028227000,296310,True,bid
2605,376671,1611051257,MERV - XMEV - GGAL - 24hs,6820.0,2025-05-09 14:50:45,17,2025-05-09 14:50:46.076,6820.0,1595,6810.0,3444,6800.0,6283,6790.0,449,6780.0,17267,6840.0,2190,6850.0,18778,6860.0,17784,6870.0,1692,6880.0,7419,2025-05-09 14:50:45.983,,2028227000,296310,False,nan
2606,376720,1611051324,MERV - XMEV - GGAL - 24hs,6820.0,2025-05-09 14:50:45,17,2025-05-09 14:50:46.573,6820.0,1595,6810.0,3444,6800.0,6283,6790.0,449,6780.0,17267,6840.0,2190,6850.0,18778,6860.0,17784,6870.0,1692,6880.0,7419,2025-05-09 14:50:46.483,,2028342940,296327,False,nan
2607,376996,1611051717,MERV - XMEV - GGAL - 24hs,6820.0,2025-05-09 14:50:50,19,2025-05-09 14:50:50.163,6820.0,1595,6810.0,3444,6800.0,6283,6790.0,449,6780.0,17267,6840.0,2190,6850.0,18778,6860.0,17784,6870.0,1692,6880.0,7419,2025-05-09 14:50:50.077,,2028342940,296327,True,bid
2608,377041,1611051786,MERV - XMEV - GGAL - 24hs,6810.0,2025-05-09 14:50:50,71,2025-05-09 14:50:50.666,6820.0,1595,6810.0,3444,6800.0,6283,6790.0,449,6780.0,17267,6840.0,2190,6850.0,18778,6860.0,17784,6870.0,1692,6880.0,7419,2025-05-09 14:50:50.578,,2061508600,301190,False,nan
2609,377090,1611051849,MERV - XMEV - GGAL - 24hs,6810.0,2025-05-09 14:50:50,71,2025-05-09 14:50:51.168,6810.0,2015,6800.0,6283,6790.0,449,6780.0,17267,6770.0,200,6840.0,2190,6850.0,7778,6860.0,17784,6870.0,1692,6880.0,7419,2025-05-09 14:50:51.076,,2071757650,302695,False,nan
2610,377156,1611051937,MERV - XMEV - GGAL - 24hs,6810.0,2025-05-09 14:50:50,71,2025-05-09 14:50:51.774,6810.0,2015,6800.0,6283,6790.0,15449,6780.0,2267,6770.0,200,6840.0,2190,6850.0,778,6860.0,21784,6870.0,1692,6880.0,7419,2025-05-09 14:50:51.683,,2071757650,302695,False,nan
2611,377489,1611052404,MERV - XMEV - GGAL - 24hs,6810.0,2025-05-09 14:50:54,74,2025-05-09 14:50:54.766,6810.0,2015,6800.0,6283,6790.0,15449,6780.0,2267,6770.0,200,6840.0,2190,6850.0,778,6860.0,21784,6870.0,1692,6880.0,7419,2025-05-09 14:50:54.677,,2071757650,302695,True,bid
2612,377528,1611052470,MERV - XMEV - GGAL - 24hs,6810.0,2025-05-09 14:50:55,14,2025-05-09 14:50:55.283,6810.0,2015,6800.0,6283,6790.0,15449,6780.0,2267,6770.0,200,6840.0,2190,6850.0,778,6860.0,21784,6870.0,1692,6880.0,7419,2025-05-09 14:50:55.178,,2072261590,302769,True,bid
2613,377568,1611052530,MERV - XMEV - GGAL - 24hs,6810.0,2025-05-09 14:50:55,14,2025-05-09 14:50:55.764,6810.0,1927,6800.0,6283,6790.0,15449,6780.0,2267,6770.0,200,6840.0,2190,6850.0,778,6860.0,21784,6870.0,1692,6880.0,7419,2025-05-09 14:50:55.678,,2072356930,302783,False,nan
2614,377984,1611053144,MERV - XMEV - GGAL - 24hs,6810.0,2025-05-09 14:50:55,14,2025-05-09 14:50:58.236,6810.0,1927,6800.0,6283,6790.0,15449,6780.0,2267,6770.0,200,6830.0,900,6840.0,1907,6850.0,1061,6860.0,21784,6870.0,1692,2025-05-09 14:50:57.716,,2072356930,302783,False,nan
2615,378057,1611053234,MERV - XMEV - GGAL - 24hs,6810.0,2025-05-09 14:50:57,26,2025-05-09 14:50:58.522,6810.0,1927,6800.0,6283,6790.0,15449,6780.0,2267,6770.0,200,6830.0,900,6840.0,1907,6850.0,1061,6860.0,21784,6870.0,1692,2025-05-09 14:50:58.216,,2072356930,302783,True,bid
2616,378139,1611053354,MERV - XMEV - GGAL - 24hs,6810.0,2025-05-09 14:50:57,26,2025-05-09 14:50:58.896,6810.0,1901,6800.0,6283,6790.0,15449,6780.0,2267,6770.0,200,6830.0,900,6840.0,1907,6850.0,1061,6860.0,21884,6870.0,1692,2025-05-09 14:50:58.716,,2072533990,302809,False,nan
2617,378325,1611053618,MERV - XMEV - GGAL - 24hs,6810.0,2025-05-09 14:51:00,2,2025-05-09 14:51:00.936,6810.0,1901,6800.0,6283,6790.0,15449,6780.0,2267,6770.0,200,6830.0,900,6840.0,1907,6850.0,1061,6860.0,21884,6870.0,1692,2025-05-09 14:51:00.848,,2072533990,302809,True,bid
2618,378395,1611053723,MERV - XMEV - GGAL - 24hs,6810.0,2025-05-09 14:51:00,2,2025-05-09 14:51:01.599,6810.0,1899,6800.0,6283,6790.0,15449,6780.0,2267,6770.0,200,6830.0,900,6840.0,1907,6850.0,1061,6860.0,21884,6870.0,1692,2025-05-09 14:51:01.511,,2072533990,302809,False,nan
2619,378444,1611053780,MERV - XMEV - GGAL - 24hs,6810.0,2025-05-09 14:51:00,2,2025-05-09 14:51:02.108,6810.0,1899,6800.0,6283,6790.0,15449,6780.0,2267,6770.0,200,6830.0,900,6840.0,1907,6850.0,1061,6860.0,21884,6870.0,1692,2025-05-09 14:51:02.012,,2072547610,302811,False,nan
2620,378924,1611054441,MERV - XMEV - GGAL - 24hs,6810.0,2025-05-09 14:51:00,2,2025-05-09 14:51:05.630,6810.0,1899,6800.0,6283,6790.0,15449,6780.0,2267,6770.0,200,6830.0,900,6840.0,1907,6850.0,1061,6860.0,21884,6870.0,1792,2025-05-09 14:51:05.543,,2072547610,302811,False,nan
2621,378993,1611054548,MERV - XMEV - GGAL - 24hs,6830.0,2025-05-09 14:51:05,1,2025-05-09 14:51:06.147,6810.0,1899,6800.0,6283,6790.0,15449,6780.0,2267,6770.0,200,6830.0,900,6840.0,1907,6850.0,1061,6860.0,21884,6870.0,1792,2025-05-09 14:51:06.043,,2072547610,302811,True,offer
2622,379037,1611054607,MERV - XMEV - GGAL - 24hs,6830.0,2025-05-09 14:51:05,1,2025-05-09 14:51:06.631,6810.0,3399,6800.0,6283,6790.0,15449,6780.0,2267,6770.0,200,6830.0,899,6840.0,1907,6850.0,1061,6860.0,21884,6870.0,1792,2025-05-09 14:51:06.543,,2072554440,302812,False,nan
2623,379139,1611054749,MERV - XMEV - GGAL - 24hs,6830.0,2025-05-09 14:51:05,1,2025-05-09 14:51:07.559,6810.0,3399,6800.0,6283,6790.0,15449,6780.0,2267,6770.0,200,6830.0,899,6840.0,1907,6850.0,2561,6860.0,21884,6870.0,1792,2025-05-09 14:51:07.472,,2072554440,302812,False,nan
2624,379209,1611054834,MERV - XMEV - GGAL - 24hs,6810.0,2025-05-09 14:51:08,211,2025-05-09 14:51:08.254,6810.0,3399,6800.0,6283,6790.0,15449,6780.0,2267,6770.0,200,6830.0,899,6840.0,1907,6850.0,2561,6860.0,21884,6870.0,1792,2025-05-09 14:51:08.166,,2072554440,302812,True,bid
2625,379265,1611054910,MERV - XMEV - GGAL - 24hs,6810.0,2025-05-09 14:51:08,211,2025-05-09 14:51:08.941,6810.0,3188,6800.0,6283,6790.0,15449,6780.0,2267,6770.0,200,6830.0,899,6840.0,1907,6850.0,2561,6860.0,21884,6870.0,1792,2025-05-09 14:51:08.854,,2072554440,302812,False,nan
2626,379347,1611055029,MERV - XMEV - GGAL - 24hs,6810.0,2025-05-09 14:51:08,211,2025-05-09 14:51:09.806,6810.0,3188,6800.0,6283,6790.0,15449,6780.0,2267,6770.0,200,6830.0,899,6840.0,1907,6850.0,2561,6860.0,21884,6870.0,1792,2025-05-09 14:51:09.584,,2073991350,303023,False,nan
2627,379492,1611055232,MERV - XMEV - GGAL - 24hs,6830.0,2025-05-09 14:51:10,1,2025-05-09 14:51:11.088,6810.0,3188,6800.0,6283,6790.0,15449,6780.0,2267,6770.0,200,6830.0,899,6840.0,1907,6850.0,2561,6860.0,21884,6870.0,1792,2025-05-09 14:51:10.993,,2073991350,303023,True,offer
2628,379528,1611055281,MERV - XMEV - GGAL - 24hs,6810.0,2025-05-09 14:51:11,3,2025-05-09 14:51:11.581,6810.0,3188,6800.0,6283,6790.0,15449,6780.0,2267,6770.0,200,6830.0,899,6840.0,1907,6850.0,2561,6860.0,21884,6870.0,1792,2025-05-09 14:51:11.493,,2073998180,303024,True,bid
2629,379606,1611055388,MERV - XMEV - GGAL - 24hs,6810.0,2025-05-09 14:51:11,3,2025-05-09 14:51:12.136,6810.0,3185,6800.0,6283,6790.0,15449,6780.0,2267,6770.0,200,6830.0,898,6840.0,1907,6850.0,2661,6860.0,21884,6870.0,1792,2025-05-09 14:51:11.992,,2074018610,303027,False,nan
2630,379820,1611055702,MERV - XMEV - GGAL - 24hs,6810.0,2025-05-09 14:51:13,1599,2025-05-09 14:51:13.288,6810.0,3185,6800.0,6283,6790.0,15449,6780.0,2267,6770.0,200,6830.0,898,6840.0,1907,6850.0,2661,6860.0,21884,6870.0,1792,2025-05-09 14:51:13.196,,2074018610,303027,True,bid
2631,379873,1611055772,MERV - XMEV - GGAL - 24hs,6810.0,2025-05-09 14:51:13,205,2025-05-09 14:51:13.783,6810.0,3185,6800.0,6283,6790.0,15449,6780.0,2267,6770.0,200,6830.0,898,6840.0,1907,6850.0,2661,6860.0,21884,6870.0,1792,2025-05-09 14:51:13.696,,2074018610,303027,False,nan
2632,379931,1611055859,MERV - XMEV - GGAL - 24hs,6810.0,2025-05-09 14:51:13,205,2025-05-09 14:51:14.288,6810.0,1295,6800.0,6283,6790.0,449,6780.0,2267,6770.0,15200,6830.0,974,6840.0,1907,6850.0,20661,6860.0,4884,6870.0,1792,2025-05-09 14:51:14.197,,2086889510,304917,False,nan
2633,379996,1611055958,MERV - XMEV - GGAL - 24hs,6810.0,2025-05-09 14:51:13,205,2025-05-09 14:51:14.784,6810.0,1295,6800.0,6283,6790.0,449,6780.0,2267,6770.0,15200,6830.0,974,6840.0,1907,6850.0,22661,6860.0,4884,6870.0,1792,2025-05-09 14:51:14.698,,2086889510,304917,False,nan
2634,380069,1611056066,MERV - XMEV - GGAL - 24hs,6810.0,2025-05-09 14:51:13,205,2025-05-09 14:51:15.326,6810.0,1295,6800.0,6283,6790.0,449,6780.0,2267,6770.0,15200,6830.0,974,6840.0,1907,6850.0,26661,6860.0,4884,6870.0,1792,2025-05-09 14:51:15.239,,2086889510,304917,False,nan
2635,380273,1611056360,MERV - XMEV - GGAL - 24hs,6810.0,2025-05-09 14:51:13,205,2025-05-09 14:51:16.533,6800.0,6283,6790.0,449,6780.0,2267,6770.0,15200,6760.0,300,6830.0,974,6840.0,1907,6850.0,26661,6860.0,4884,6870.0,1792,2025-05-09 14:51:16.447,,2086889510,304917,False,nan
2636,380379,1611056521,MERV - XMEV - GGAL - 24hs,6810.0,2025-05-09 14:51:13,205,2025-05-09 14:51:17.519,6800.0,6283,6790.0,448,6780.0,2267,6770.0,15200,6760.0,300,6830.0,974,6840.0,1907,6850.0,26661,6860.0,4884,6870.0,1792,2025-05-09 14:51:17.400,,2086889510,304917,False,nan
2637,380518,1611056729,MERV - XMEV - GGAL - 24hs,6810.0,2025-05-09 14:51:13,205,2025-05-09 14:51:18.839,6800.0,6283,6790.0,448,6780.0,2267,6770.0,15200,6760.0,300,6830.0,974,6840.0,1907,6850.0,31661,6860.0,4884,6870.0,1792,2025-05-09 14:51:18.738,,2086889510,304917,False,nan
2638,380618,1611056883,MERV - XMEV - GGAL - 24hs,6810.0,2025-05-09 14:51:13,205,2025-05-09 14:51:19.715,6800.0,6283,6790.0,448,6780.0,2267,6770.0,15200,6760.0,300,6830.0,974,6840.0,1907,6850.0,26661,6860.0,4884,6870.0,1792,2025-05-09 14:51:19.523,,2086889510,304917,False,nan
2639,380808,1611057157,MERV - XMEV - GGAL - 24hs,6810.0,2025-05-09 14:51:13,205,2025-05-09 14:51:21.145,6800.0,6283,6790.0,448,6780.0,2267,6770.0,15200,6760.0,300,6830.0,974,6840.0,1907,6850.0,31661,6860.0,4884,6870.0,1792,2025-05-09 14:51:21.011,,2086889510,304917,False,nan
2640,380878,1611057261,MERV - XMEV - GGAL - 24hs,6810.0,2025-05-09 14:51:13,205,2025-05-09 14:51:21.879,6800.0,6283,6790.0,448,6780.0,2267,6770.0,15200,6760.0,300,6830.0,974,6840.0,1907,6850.0,26661,6860.0,4884,6870.0,1792,2025-05-09 14:51:21.750,,2086889510,304917,False,nan
2641,381015,1611057440,MERV - XMEV - GGAL - 24hs,6830.0,2025-05-09 14:51:23,1,2025-05-09 14:51:23.255,6800.0,6283,6790.0,448,6780.0,2267,6770.0,15200,6760.0,300,6830.0,974,6840.0,1907,6850.0,26661,6860.0,4884,6870.0,1792,2025-05-09 14:51:23.167,,2086889510,304917,True,offer
2642,381143,1611057606,MERV - XMEV - GGAL - 24hs,6830.0,2025-05-09 14:51:23,1,2025-05-09 14:51:24.023,6800.0,6283,6790.0,448,6780.0,2267,6770.0,15200,6760.0,300,6830.0,974,6840.0,1907,6850.0,26661,6860.0,4884,6870.0,1792,2025-05-09 14:51:23.844,,2086896340,304918,False,nan
2643,381184,1611057670,MERV - XMEV - GGAL - 24hs,6830.0,2025-05-09 14:51:23,1,2025-05-09 14:51:24.436,6800.0,6283,6790.0,448,6780.0,2267,6770.0,15200,6760.0,300,6830.0,973,6840.0,1907,6850.0,26661,6860.0,4884,6870.0,1792,2025-05-09 14:51:24.343,,2086896340,304918,False,nan
2644,381285,1611057791,MERV - XMEV - GGAL - 24hs,6830.0,2025-05-09 14:51:24,3,2025-05-09 14:51:25.020,6800.0,6283,6790.0,448,6780.0,2267,6770.0,15200,6760.0,300,6830.0,973,6840.0,1907,6850.0,26661,6860.0,4884,6870.0,1792,2025-05-09 14:51:24.847,,2086896340,304918,True,offer
2645,381340,1611057880,MERV - XMEV - GGAL - 24hs,6830.0,2025-05-09 14:51:25,250,2025-05-09 14:51:25.431,6800.0,6283,6790.0,448,6780.0,2267,6770.0,15200,6760.0,300,6830.0,970,6840.0,1907,6850.0,26378,6860.0,4884,6870.0,1792,2025-05-09 14:51:25.344,,2086916830,304921,True,offer
2646,381414,1611057980,MERV - XMEV - GGAL - 24hs,6830.0,2025-05-09 14:51:25,250,2025-05-09 14:51:25.996,6800.0,6283,6790.0,448,6780.0,2267,6770.0,15200,6760.0,300,6830.0,720,6840.0,1907,6850.0,31378,6860.0,4884,6870.0,1792,2025-05-09 14:51:25.884,,2088624330,305171,False,nan
2647,381474,1611058083,MERV - XMEV - GGAL - 24hs,6830.0,2025-05-09 14:51:25,1,2025-05-09 14:51:26.470,6800.0,6283,6790.0,448,6780.0,2267,6770.0,15200,6760.0,300,6830.0,720,6840.0,1907,6850.0,31378,6860.0,4884,6870.0,1792,2025-05-09 14:51:26.383,,2088624330,305171,False,nan
2648,381538,1611058166,MERV - XMEV - GGAL - 24hs,6830.0,2025-05-09 14:51:25,1,2025-05-09 14:51:26.977,6800.0,6283,6790.0,448,6780.0,2267,6770.0,15200,6760.0,300,6830.0,719,6840.0,1907,6850.0,26378,6860.0,4884,6870.0,1792,2025-05-09 14:51:26.882,,2088631160,305172,False,nan
2649,381652,1611058305,MERV - XMEV - GGAL - 24hs,6830.0,2025-05-09 14:51:25,1,2025-05-09 14:51:27.872,6800.0,11283,6790.0,448,6780.0,2267,6770.0,15200,6760.0,300,6830.0,719,6840.0,1907,6850.0,26378,6860.0,9884,6870.0,1792,2025-05-09 14:51:27.780,,2088631160,305172,False,nan
2650,381806,1611058505,MERV - XMEV - GGAL - 24hs,6830.0,2025-05-09 14:51:25,1,2025-05-09 14:51:29.335,6810.0,6,6800.0,11283,6790.0,448,6780.0,2267,6770.0,15200,6830.0,719,6840.0,1907,6850.0,21378,6860.0,9884,6870.0,1792,2025-05-09 14:51:29.216,,2088631160,305172,False,nan
2651,382153,1611058958,MERV - XMEV - GGAL - 24hs,6830.0,2025-05-09 14:51:25,1,2025-05-09 14:51:32.634,6810.0,6,6800.0,11283,6790.0,448,6780.0,2267,6770.0,15200,6830.0,719,6840.0,1907,6850.0,26378,6860.0,9884,6870.0,1792,2025-05-09 14:51:32.544,,2088631160,305172,False,nan
2652,382208,1611059047,MERV - XMEV - GGAL - 24hs,6830.0,2025-05-09 14:51:25,1,2025-05-09 14:51:33.391,6810.0,6,6800.0,11283,6790.0,448,6780.0,2267,6770.0,15200,6830.0,719,6840.0,1907,6850.0,21378,6860.0,9884,6870.0,1792,2025-05-09 14:51:33.299,,2088631160,305172,False,nan
2653,382254,1611059121,MERV - XMEV - GGAL - 24hs,6830.0,2025-05-09 14:51:33,220,2025-05-09 14:51:33.889,6810.0,6,6800.0,11283,6790.0,448,6780.0,2267,6770.0,15200,6830.0,719,6840.0,1907,6850.0,21378,6860.0,9884,6870.0,1792,2025-05-09 14:51:33.802,,2088631160,305172,True,offer
2654,382296,1611059175,MERV - XMEV - GGAL - 24hs,6830.0,2025-05-09 14:51:33,220,2025-05-09 14:51:34.387,6810.0,6,6800.0,11283,6790.0,448,6780.0,2267,6770.0,15200,6830.0,499,6840.0,1907,6850.0,21378,6860.0,9884,6870.0,1792,2025-05-09 14:51:34.300,,2090133760,305392,False,nan
2655,382425,1611059359,MERV - XMEV - GGAL - 24hs,6810.0,2025-05-09 14:51:35,6,2025-05-09 14:51:35.286,6810.0,6,6800.0,11283,6790.0,448,6780.0,2267,6770.0,15200,6830.0,499,6840.0,1907,6850.0,21378,6860.0,9884,6870.0,1792,2025-05-09 14:51:35.175,,2090133760,305392,True,bid
2656,382451,1611059409,MERV - XMEV - GGAL - 24hs,6810.0,2025-05-09 14:51:35,6,2025-05-09 14:51:35.763,6800.0,11283,6790.0,448,6780.0,2267,6770.0,15200,6760.0,300,6820.0,3000,6830.0,423,6840.0,1907,6850.0,21378,6860.0,7891,2025-05-09 14:51:35.675,,2090133760,305392,False,nan
2657,382505,1611059493,MERV - XMEV - GGAL - 24hs,6810.0,2025-05-09 14:51:35,6,2025-05-09 14:51:36.262,6800.0,11283,6790.0,448,6780.0,2267,6770.0,15200,6760.0,300,6820.0,3000,6830.0,423,6840.0,1907,6850.0,23378,6860.0,7891,2025-05-09 14:51:36.175,,2090174620,305398,False,nan
2658,382910,1611060076,MERV - XMEV - GGAL - 24hs,6810.0,2025-05-09 14:51:35,6,2025-05-09 14:51:40.766,6800.0,12416,6790.0,448,6780.0,2267,6770.0,15200,6760.0,300,6820.0,3000,6830.0,423,6840.0,1907,6850.0,23378,6860.0,7891,2025-05-09 14:51:40.677,,2090174620,305398,False,nan
2659,383173,1611060460,MERV - XMEV - GGAL - 24hs,6810.0,2025-05-09 14:51:35,6,2025-05-09 14:51:42.335,6800.0,12416,6790.0,448,6780.0,2267,6770.0,15200,6760.0,300,6820.0,3000,6830.0,423,6840.0,1907,6850.0,22378,6860.0,7891,2025-05-09 14:51:42.217,,2090174620,305398,False,nan
2660,383225,1611060539,MERV - XMEV - GGAL - 24hs,6820.0,2025-05-09 14:51:42,1,2025-05-09 14:51:42.804,6800.0,12416,6790.0,448,6780.0,2267,6770.0,15200,6760.0,300,6820.0,3000,6830.0,423,6840.0,1907,6850.0,22378,6860.0,7891,2025-05-09 14:51:42.718,,2090174620,305398,True,offer
2661,383255,1611060584,MERV - XMEV - GGAL - 24hs,6820.0,2025-05-09 14:51:43,1,2025-05-09 14:51:43.306,6800.0,12416,6790.0,448,6780.0,2267,6770.0,15200,6760.0,300,6820.0,2998,6830.0,423,6840.0,1907,6850.0,22378,6860.0,7891,2025-05-09 14:51:43.217,,2090188260,305400,True,offer
2662,383315,1611060681,MERV - XMEV - GGAL - 24hs,6820.0,2025-05-09 14:51:43,1,2025-05-09 14:51:43.893,6800.0,12416,6790.0,448,6780.0,2267,6770.0,15200,6760.0,300,6820.0,2998,6830.0,423,6840.0,1907,6850.0,23378,6860.0,7891,2025-05-09 14:51:43.805,,2090188260,305400,False,nan
2663,383355,1611060751,MERV - XMEV - GGAL - 24hs,6800.0,2025-05-09 14:51:43,14,2025-05-09 14:51:44.392,6800.0,12416,6790.0,448,6780.0,2267,6770.0,15200,6760.0,300,6820.0,2998,6830.0,423,6840.0,1907,6850.0,23378,6860.0,7891,2025-05-09 14:51:44.306,,2090222360,305405,False,nan
2664,383421,1611060843,MERV - XMEV - GGAL - 24hs,6800.0,2025-05-09 14:51:43,14,2025-05-09 14:51:44.892,6800.0,12402,6790.0,436,6780.0,2267,6770.0,15200,6760.0,300,6820.0,2993,6830.0,423,6840.0,1907,6850.0,22378,6860.0,7891,2025-05-09 14:51:44.805,,2090317560,305419,False,nan
2665,383996,1611061651,MERV - XMEV - GGAL - 24hs,6800.0,2025-05-09 14:51:43,14,2025-05-09 14:51:50.752,6810.0,600,6800.0,12402,6790.0,436,6780.0,2267,6770.0,15200,6820.0,2993,6830.0,423,6840.0,1907,6850.0,22378,6860.0,7891,2025-05-09 14:51:50.663,,2090317560,305419,False,nan
2666,384213,1611061964,MERV - XMEV - GGAL - 24hs,6820.0,2025-05-09 14:51:51,2957,2025-05-09 14:51:52.260,6810.0,600,6800.0,12402,6790.0,436,6780.0,2267,6770.0,15200,6820.0,2993,6830.0,423,6840.0,1907,6850.0,22378,6860.0,7891,2025-05-09 14:51:52.078,,2090317560,305419,True,offer
2667,384298,1611062090,MERV - XMEV - GGAL - 24hs,6820.0,2025-05-09 14:51:52,1,2025-05-09 14:51:52.708,6810.0,600,6800.0,12402,6790.0,436,6780.0,2267,6770.0,15200,6820.0,2993,6830.0,423,6840.0,1907,6850.0,22378,6860.0,7891,2025-05-09 14:51:52.586,,2110716180,308410,True,offer
2668,384398,1611062236,MERV - XMEV - GGAL - 24hs,6820.0,2025-05-09 14:51:52,1,2025-05-09 14:51:53.171,6810.0,600,6800.0,12402,6790.0,436,6780.0,2267,6770.0,15200,6820.0,1,6830.0,423,6840.0,1907,6850.0,22378,6860.0,7891,2025-05-09 14:51:53.079,,2110723000,308411,False,nan
2669,384739,1611062703,MERV - XMEV - GGAL - 24hs,6820.0,2025-05-09 14:51:52,1,2025-05-09 14:51:55.931,6810.0,600,6800.0,12402,6790.0,436,6780.0,2267,6770.0,15200,6820.0,1,6830.0,423,6840.0,1907,6850.0,22378,6860.0,8091,2025-05-09 14:51:55.839,,2110723000,308411,False,nan
2670,385191,1611063337,MERV - XMEV - GGAL - 24hs,6820.0,2025-05-09 14:51:52,1,2025-05-09 14:51:59.914,6810.0,600,6800.0,12402,6790.0,436,6780.0,2267,6770.0,15200,6820.0,1,6830.0,423,6840.0,1907,6850.0,27378,6860.0,3091,2025-05-09 14:51:59.816,,2110723000,308411,False,nan
2671,385351,1611063569,MERV - XMEV - GGAL - 24hs,6820.0,2025-05-09 14:51:52,1,2025-05-09 14:52:00.708,6810.0,700,6800.0,12402,6790.0,436,6780.0,2267,6770.0,15200,6820.0,1,6830.0,423,6840.0,1907,6850.0,29378,6860.0,3091,2025-05-09 14:52:00.620,,2110723000,308411,False,nan
2672,385463,1611063763,MERV - XMEV - GGAL - 24hs,6820.0,2025-05-09 14:51:52,1,2025-05-09 14:52:01.452,6810.0,700,6800.0,12402,6790.0,436,6780.0,2267,6770.0,15200,6820.0,1,6830.0,423,6840.0,1907,6850.0,27378,6860.0,3091,2025-05-09 14:52:01.296,,2110723000,308411,False,nan
2673,385513,1611063850,MERV - XMEV - GGAL - 24hs,6810.0,2025-05-09 14:52:01,9,2025-05-09 14:52:01.887,6810.0,700,6800.0,12402,6790.0,436,6780.0,2267,6770.0,15200,6820.0,1,6830.0,423,6840.0,1907,6850.0,27378,6860.0,3091,2025-05-09 14:52:01.796,,2110723000,308411,True,bid
2674,385580,1611063941,MERV - XMEV - GGAL - 24hs,6810.0,2025-05-09 14:52:01,9,2025-05-09 14:52:02.387,6810.0,691,6800.0,12402,6790.0,436,6780.0,2267,6770.0,15200,6820.0,1,6830.0,423,6840.0,1907,6850.0,26378,6860.0,3091,2025-05-09 14:52:02.296,,2110784290,308420,False,nan
2675,385626,1611064008,MERV - XMEV - GGAL - 24hs,6810.0,2025-05-09 14:52:01,9,2025-05-09 14:52:02.886,6810.0,691,6800.0,12402,6790.0,436,6780.0,2267,6770.0,15200,6820.0,1,6830.0,423,6840.0,1907,6850.0,29578,6860.0,3091,2025-05-09 14:52:02.796,,2110784290,308420,False,nan
2676,385727,1611064140,MERV - XMEV - GGAL - 24hs,6810.0,2025-05-09 14:52:01,9,2025-05-09 14:52:03.888,6810.0,691,6800.0,12402,6790.0,436,6780.0,2267,6770.0,15200,6820.0,1,6830.0,423,6840.0,1907,6850.0,26578,6860.0,3091,2025-05-09 14:52:03.793,,2110784290,308420,False,nan
2677,385934,1611064427,MERV - XMEV - GGAL - 24hs,6810.0,2025-05-09 14:52:01,9,2025-05-09 14:52:05.557,6810.0,891,6800.0,12402,6790.0,436,6780.0,17267,6770.0,200,6820.0,1,6830.0,423,6840.0,1907,6850.0,26578,6860.0,3091,2025-05-09 14:52:05.458,,2110784290,308420,False,nan
2678,385991,1611064512,MERV - XMEV - GGAL - 24hs,6820.0,2025-05-09 14:52:05,1,2025-05-09 14:52:06.075,6810.0,891,6800.0,12402,6790.0,436,6780.0,17267,6770.0,200,6820.0,1,6830.0,423,6840.0,1907,6850.0,26578,6860.0,3091,2025-05-09 14:52:05.982,,2110784290,308420,True,offer
2679,386076,1611064627,MERV - XMEV - GGAL - 24hs,6830.0,2025-05-09 14:52:05,19,2025-05-09 14:52:06.571,6810.0,891,6800.0,12402,6790.0,436,6780.0,17267,6770.0,200,6820.0,1,6830.0,423,6840.0,1907,6850.0,26578,6860.0,3091,2025-05-09 14:52:06.483,,2110784290,308420,False,nan
2680,386153,1611064735,MERV - XMEV - GGAL - 24hs,6830.0,2025-05-09 14:52:05,19,2025-05-09 14:52:07.074,6810.0,891,6800.0,12402,6790.0,436,6780.0,17267,6770.0,200,6830.0,480,6840.0,1907,6850.0,26578,6860.0,3084,6870.0,1792,2025-05-09 14:52:06.987,,2110920880,308440,False,nan
2681,386382,1611065060,MERV - XMEV - GGAL - 24hs,6830.0,2025-05-09 14:52:05,19,2025-05-09 14:52:08.931,6810.0,891,6800.0,12402,6790.0,436,6780.0,17767,6770.0,200,6830.0,480,6840.0,1907,6850.0,26578,6860.0,3084,6870.0,1992,2025-05-09 14:52:08.844,,2110920880,308440,False,nan
2682,386461,1611065174,MERV - XMEV - GGAL - 24hs,6830.0,2025-05-09 14:52:09,1,2025-05-09 14:52:09.440,6810.0,891,6800.0,12402,6790.0,436,6780.0,17767,6770.0,200,6830.0,480,6840.0,1907,6850.0,26578,6860.0,3084,6870.0,1992,2025-05-09 14:52:09.349,,2110920880,308440,True,offer
2683,386496,1611065221,MERV - XMEV - GGAL - 24hs,6810.0,2025-05-09 14:52:09,200,2025-05-09 14:52:09.935,6810.0,891,6800.0,12402,6790.0,436,6780.0,17767,6770.0,200,6830.0,480,6840.0,1907,6850.0,26578,6860.0,3084,6870.0,1992,2025-05-09 14:52:09.844,,2115626610,309131,False,nan
2684,386543,1611065284,MERV - XMEV - GGAL - 24hs,6810.0,2025-05-09 14:52:09,200,2025-05-09 14:52:10.439,6800.0,12402,6790.0,436,6780.0,2767,6770.0,15200,6760.0,300,6810.0,1,6830.0,24403,6840.0,1907,6850.0,4578,6860.0,3091,2025-05-09 14:52:10.344,,2116995420,309332,False,nan
2685,386869,1611065713,MERV - XMEV - GGAL - 24hs,6810.0,2025-05-09 14:52:09,200,2025-05-09 14:52:12.375,6800.0,12402,6790.0,465,6780.0,2767,6770.0,15200,6760.0,300,6810.0,1,6830.0,24403,6840.0,1907,6850.0,4578,6860.0,3091,2025-05-09 14:52:12.054,,2116995420,309332,False,nan
2686,387003,1611065899,MERV - XMEV - GGAL - 24hs,6810.0,2025-05-09 14:52:09,200,2025-05-09 14:52:13.310,6800.0,12402,6790.0,465,6780.0,2767,6770.0,15200,6760.0,300,6810.0,1,6830.0,403,6840.0,1907,6850.0,26578,6860.0,3091,2025-05-09 14:52:13.221,,2116995420,309332,False,nan
2687,387090,1611066020,MERV - XMEV - GGAL - 24hs,6810.0,2025-05-09 14:52:09,200,2025-05-09 14:52:13.997,6800.0,12402,6790.0,465,6780.0,2767,6770.0,15200,6760.0,300,6830.0,479,6840.0,6907,6850.0,23578,6860.0,3084,6870.0,1992,2025-05-09 14:52:13.908,,2116995420,309332,False,nan
2688,387192,1611066203,MERV - XMEV - GGAL - 24hs,6810.0,2025-05-09 14:52:09,200,2025-05-09 14:52:14.714,6810.0,3000,6800.0,12402,6790.0,465,6780.0,2767,6770.0,15200,6830.0,479,6840.0,6907,6850.0,27578,6860.0,3084,6870.0,1992,2025-05-09 14:52:14.624,,2116995420,309332,False,nan
2689,387248,1611066280,MERV - XMEV - GGAL - 24hs,6810.0,2025-05-09 14:52:14,3000,2025-05-09 14:52:15.215,6810.0,3000,6800.0,12402,6790.0,465,6780.0,2767,6770.0,15200,6830.0,479,6840.0,6907,6850.0,27578,6860.0,3084,6870.0,1992,2025-05-09 14:52:15.121,,2116995420,309332,True,bid
2690,387301,1611066358,MERV - XMEV - GGAL - 24hs,6810.0,2025-05-09 14:52:14,3000,2025-05-09 14:52:15.718,6800.0,12402,6790.0,465,6780.0,2767,6770.0,15200,6760.0,300,6830.0,479,6840.0,10907,6850.0,21578,6860.0,3084,6870.0,1992,2025-05-09 14:52:15.621,,2137425420,312332,False,nan
2691,387354,1611066428,MERV - XMEV - GGAL - 24hs,6810.0,2025-05-09 14:52:14,3000,2025-05-09 14:52:16.223,6800.0,12417,6790.0,465,6780.0,2767,6770.0,15200,6760.0,300,6830.0,479,6840.0,11907,6850.0,21578,6860.0,3084,6870.0,1992,2025-05-09 14:52:16.136,,2137425420,312332,False,nan
2692,387496,1611066624,MERV - XMEV - GGAL - 24hs,6800.0,2025-05-09 14:52:17,5,2025-05-09 14:52:17.295,6800.0,12417,6790.0,465,6780.0,2767,6770.0,15200,6760.0,300,6830.0,479,6840.0,11907,6850.0,21578,6860.0,3084,6870.0,1992,2025-05-09 14:52:17.207,,2137425420,312332,True,bid
2693,387586,1611066761,MERV - XMEV - GGAL - 24hs,6800.0,2025-05-09 14:52:17,5,2025-05-09 14:52:17.842,6800.0,12412,6790.0,465,6780.0,2767,6770.0,15200,6760.0,300,6830.0,1287,6840.0,11907,6850.0,19578,6860.0,3084,6870.0,1992,2025-05-09 14:52:17.710,,2137425420,312332,False,nan
2694,387651,1611066844,MERV - XMEV - GGAL - 24hs,6800.0,2025-05-09 14:52:17,5,2025-05-09 14:52:18.568,6800.0,12412,6790.0,465,6780.0,2767,6770.0,15200,6760.0,300,6830.0,1287,6840.0,16907,6850.0,19578,6860.0,3084,6870.0,1992,2025-05-09 14:52:18.380,,2137459420,312337,False,nan
2695,387874,1611067156,MERV - XMEV - GGAL - 24hs,6800.0,2025-05-09 14:52:17,5,2025-05-09 14:52:19.718,6800.0,12412,6790.0,465,6780.0,2767,6770.0,15200,6760.0,300,6830.0,1287,6840.0,12907,6850.0,24578,6860.0,3084,6870.0,1992,2025-05-09 14:52:19.627,,2137459420,312337,False,nan
2696,388124,1611067522,MERV - XMEV - GGAL - 24hs,6800.0,2025-05-09 14:52:21,508,2025-05-09 14:52:21.954,6800.0,12412,6790.0,465,6780.0,2767,6770.0,15200,6760.0,300,6830.0,1287,6840.0,12907,6850.0,24578,6860.0,3084,6870.0,1992,2025-05-09 14:52:21.828,,2137459420,312337,True,bid
2697,388197,1611067624,MERV - XMEV - GGAL - 24hs,6800.0,2025-05-09 14:52:21,508,2025-05-09 14:52:22.481,6800.0,11904,6790.0,465,6780.0,2767,6770.0,15200,6760.0,300,6830.0,1287,6840.0,16907,6850.0,19578,6860.0,3084,6870.0,1992,2025-05-09 14:52:22.375,,2137459420,312337,False,nan
2698,388260,1611067714,MERV - XMEV - GGAL - 24hs,6800.0,2025-05-09 14:52:21,508,2025-05-09 14:52:22.961,6800.0,11904,6790.0,465,6780.0,2767,6770.0,15200,6760.0,300,6830.0,1287,6840.0,16907,6850.0,19578,6860.0,3084,6870.0,1992,2025-05-09 14:52:22.872,,2140913820,312845,False,nan
2699,388539,1611068108,MERV - XMEV - GGAL - 24hs,6800.0,2025-05-09 14:52:21,508,2025-05-09 14:52:25.671,6800.0,11904,6790.0,465,6780.0,2767,6770.0,15200,6760.0,300,6830.0,1287,6840.0,11907,6850.0,24578,6860.0,3084,6870.0,1992,2025-05-09 14:52:25.580,,2140913820,312845,False,nan
2700,389432,1611069343,MERV - XMEV - GGAL - 24hs,6800.0,2025-05-09 14:52:21,508,2025-05-09 14:52:32.222,6800.0,11904,6790.0,428,6780.0,2767,6770.0,15200,6760.0,300,6830.0,1287,6840.0,11907,6850.0,24578,6860.0,3084,6870.0,1992,2025-05-09 14:52:32.135,,2140913820,312845,False,nan
2701,389557,1611069506,MERV - XMEV - GGAL - 24hs,6800.0,2025-05-09 14:52:21,508,2025-05-09 14:52:33.517,6800.0,11976,6790.0,277,6780.0,2767,6770.0,15200,6760.0,300,6830.0,1287,6840.0,11907,6850.0,24578,6860.0,3084,6870.0,1992,2025-05-09 14:52:33.425,,2140913820,312845,False,nan
2702,389668,1611069658,MERV - XMEV - GGAL - 24hs,6820.0,2025-05-09 14:52:34,4940,2025-05-09 14:52:34.735,6800.0,11976,6790.0,277,6780.0,2767,6770.0,15200,6760.0,300,6830.0,1287,6840.0,11907,6850.0,24578,6860.0,3084,6870.0,1992,2025-05-09 14:52:34.647,,2140913820,312845,True,offer
2703,389719,1611069730,MERV - XMEV - GGAL - 24hs,6820.0,2025-05-09 14:52:34,1,2025-05-09 14:52:35.235,6800.0,11976,6790.0,277,6780.0,2767,6770.0,15200,6760.0,300,6830.0,1287,6840.0,11907,6850.0,24578,6860.0,3084,6870.0,1992,2025-05-09 14:52:35.147,,2147483647,317919,False,nan
2704,389799,1611069845,MERV - XMEV - GGAL - 24hs,6820.0,2025-05-09 14:52:34,1,2025-05-09 14:52:35.734,6800.0,12050,6790.0,277,6780.0,2767,6770.0,15200,6760.0,300,6820.0,1,6830.0,17211,6840.0,1907,6850.0,9578,6860.0,3084,2025-05-09 14:52:35.647,,2147483647,317920,False,nan
2705,390046,1611070170,MERV - XMEV - GGAL - 24hs,6820.0,2025-05-09 14:52:34,1,2025-05-09 14:52:38.051,6800.0,12050,6790.0,277,6780.0,2767,6770.0,15200,6760.0,300,6820.0,1,6830.0,22211,6840.0,1907,6850.0,9578,6860.0,3084,2025-05-09 14:52:37.941,,2147483647,317920,False,nan
2706,390636,1611070981,MERV - XMEV - GGAL - 24hs,6800.0,2025-05-09 14:52:42,10,2025-05-09 14:52:42.486,6800.0,12050,6790.0,277,6780.0,2767,6770.0,15200,6760.0,300,6820.0,1,6830.0,22211,6840.0,1907,6850.0,9578,6860.0,3084,2025-05-09 14:52:42.384,,2147483647,317920,True,bid
2707,390692,1611071076,MERV - XMEV - GGAL - 24hs,6830.0,2025-05-09 14:52:42,35,2025-05-09 14:52:42.968,6800.0,12040,6790.0,277,6780.0,2767,6770.0,15200,6760.0,300,6820.0,1,6830.0,1211,6840.0,11907,6850.0,24578,6860.0,3084,2025-05-09 14:52:42.879,,2147483647,317930,False,nan
2708,390746,1611071154,MERV - XMEV - GGAL - 24hs,6830.0,2025-05-09 14:52:42,35,2025-05-09 14:52:43.465,6800.0,12040,6790.0,277,6780.0,2767,6770.0,15200,6760.0,300,6820.0,1,6830.0,1211,6840.0,11907,6850.0,24578,6860.0,3084,2025-05-09 14:52:43.379,,2147483647,317966,False,nan
2709,390819,1611071269,MERV - XMEV - GGAL - 24hs,6830.0,2025-05-09 14:52:42,35,2025-05-09 14:52:44.036,6800.0,12040,6790.0,277,6780.0,2767,6770.0,15200,6760.0,300,6830.0,1176,6840.0,8907,6850.0,24578,6860.0,3084,6870.0,1992,2025-05-09 14:52:43.897,,2147483647,317966,False,nan
2710,391077,1611071651,MERV - XMEV - GGAL - 24hs,6830.0,2025-05-09 14:52:46,37,2025-05-09 14:52:47.243,6800.0,12040,6790.0,277,6780.0,2767,6770.0,15200,6760.0,300,6830.0,1176,6840.0,8907,6850.0,24578,6860.0,3084,6870.0,1992,2025-05-09 14:52:47.106,,2147483647,317966,True,offer
2711,391161,1611071780,MERV - XMEV - GGAL - 24hs,6830.0,2025-05-09 14:52:46,37,2025-05-09 14:52:47.940,6800.0,12040,6790.0,277,6780.0,2767,6770.0,15200,6760.0,300,6830.0,1164,6840.0,8907,6850.0,24578,6860.0,3084,6870.0,1992,2025-05-09 14:52:47.822,,2147483647,317966,False,nan
2712,391236,1611071903,MERV - XMEV - GGAL - 24hs,6830.0,2025-05-09 14:52:46,37,2025-05-09 14:52:48.411,6800.0,12040,6790.0,277,6780.0,2767,6770.0,15200,6760.0,300,6830.0,1164,6840.0,8907,6850.0,24578,6860.0,3084,6870.0,1992,2025-05-09 14:52:48.322,,2147483647,318003,False,nan
2713,391633,1611072474,MERV - XMEV - GGAL - 24hs,6810.0,2025-05-09 14:52:51,26,2025-05-09 14:52:52.126,6800.0,12040,6790.0,277,6780.0,2767,6770.0,15200,6760.0,300,6830.0,1164,6840.0,8907,6850.0,24578,6860.0,3084,6870.0,1992,2025-05-09 14:52:52.016,,2147483647,318003,True,bid
2714,391712,1611072590,MERV - XMEV - GGAL - 24hs,6810.0,2025-05-09 14:52:52,1,2025-05-09 14:52:52.607,6800.0,12040,6790.0,277,6780.0,2767,6770.0,15200,6760.0,300,6830.0,1164,6840.0,8907,6850.0,24578,6860.0,3084,6870.0,1992,2025-05-09 14:52:52.516,,2147483647,318029,True,bid
2715,391775,1611072679,MERV - XMEV - GGAL - 24hs,6810.0,2025-05-09 14:52:52,1,2025-05-09 14:52:53.106,6800.0,11966,6790.0,277,6780.0,2767,6770.0,15200,6760.0,307,6810.0,1,6830.0,1164,6840.0,8907,6850.0,24578,6860.0,3084,2025-05-09 14:52:53.016,,2147483647,318030,False,nan
2716,392145,1611073216,MERV - XMEV - GGAL - 24hs,6800.0,2025-05-09 14:52:56,3,2025-05-09 14:52:56.377,6800.0,11966,6790.0,277,6780.0,2767,6770.0,15200,6760.0,307,6810.0,1,6830.0,1164,6840.0,8907,6850.0,24578,6860.0,3084,2025-05-09 14:52:56.290,,2147483647,318030,True,bid
2717,392197,1611073292,MERV - XMEV - GGAL - 24hs,6830.0,2025-05-09 14:52:56,1,2025-05-09 14:52:56.882,6800.0,11966,6790.0,277,6780.0,2767,6770.0,15200,6760.0,307,6810.0,1,6830.0,1164,6840.0,8907,6850.0,24578,6860.0,3084,2025-05-09 14:52:56.795,,2147483647,318033,False,nan
2718,392246,1611073366,MERV - XMEV - GGAL - 24hs,6830.0,2025-05-09 14:52:56,1,2025-05-09 14:52:57.376,6800.0,11963,6790.0,277,6780.0,2767,6770.0,15200,6760.0,307,6830.0,1163,6840.0,8907,6850.0,24578,6860.0,3084,6870.0,1992,2025-05-09 14:52:57.290,,2147483647,318035,False,nan
2719,392293,1611073448,MERV - XMEV - GGAL - 24hs,6830.0,2025-05-09 14:52:56,1,2025-05-09 14:52:57.879,6800.0,12039,6790.0,277,6780.0,2767,6770.0,15200,6760.0,300,6830.0,1163,6840.0,8907,6850.0,24578,6860.0,3084,6870.0,1992,2025-05-09 14:52:57.790,,2147483647,318035,False,nan
2720,392402,1611073617,MERV - XMEV - GGAL - 24hs,6830.0,2025-05-09 14:52:56,1,2025-05-09 14:52:58.909,6800.0,12040,6790.0,277,6780.0,2767,6770.0,15200,6760.0,300,6830.0,1163,6840.0,12907,6850.0,24578,6860.0,3084,6870.0,1992,2025-05-09 14:52:58.819,,2147483647,318035,False,nan
2721,392572,1611073904,MERV - XMEV - GGAL - 24hs,6830.0,2025-05-09 14:52:56,1,2025-05-09 14:53:01.120,6800.0,12040,6790.0,277,6780.0,2767,6770.0,15200,6760.0,300,6830.0,1163,6840.0,13907,6850.0,24578,6860.0,3084,6870.0,1992,2025-05-09 14:53:01.033,,2147483647,318035,False,nan
2722,393013,1611074560,MERV - XMEV - GGAL - 24hs,6830.0,2025-05-09 14:52:56,1,2025-05-09 14:53:05.199,6800.0,12003,6790.0,277,6780.0,2767,6770.0,15200,6760.0,300,6830.0,1163,6840.0,13907,6850.0,24578,6860.0,3084,6870.0,1992,2025-05-09 14:53:05.106,,2147483647,318035,False,nan
2723,393354,1611075032,MERV - XMEV - GGAL - 24hs,6830.0,2025-05-09 14:52:56,1,2025-05-09 14:53:08.118,6800.0,12003,6790.0,277,6780.0,2767,6770.0,15200,6760.0,300,6830.0,1451,6840.0,9907,6850.0,24578,6860.0,3084,6870.0,1992,2025-05-09 14:53:08.030,,2147483647,318035,False,nan
2724,393460,1611075186,MERV - XMEV - GGAL - 24hs,6830.0,2025-05-09 14:52:56,1,2025-05-09 14:53:09.089,6800.0,12003,6790.0,277,6780.0,2767,6770.0,15200,6760.0,300,6830.0,1451,6840.0,14907,6850.0,24578,6860.0,3084,6870.0,1992,2025-05-09 14:53:08.998,,2147483647,318035,False,nan
2725,394211,1611076312,MERV - XMEV - GGAL - 24hs,6830.0,2025-05-09 14:53:13,330,2025-05-09 14:53:13.740,6800.0,12003,6790.0,277,6780.0,2767,6770.0,15200,6760.0,300,6830.0,1451,6840.0,14907,6850.0,24578,6860.0,3084,6870.0,1992,2025-05-09 14:53:13.645,,2147483647,318035,True,offer
2726,394269,1611076388,MERV - XMEV - GGAL - 24hs,6830.0,2025-05-09 14:53:13,12,2025-05-09 14:53:14.231,6800.0,12003,6790.0,277,6780.0,2767,6770.0,15200,6760.0,300,6830.0,1451,6840.0,14907,6850.0,24578,6860.0,3084,6870.0,1992,2025-05-09 14:53:14.144,,2147483647,319473,False,nan
2727,394326,1611076465,MERV - XMEV - GGAL - 24hs,6830.0,2025-05-09 14:53:13,12,2025-05-09 14:53:14.731,6800.0,12003,6790.0,277,6780.0,2767,6770.0,15200,6760.0,300,6830.0,1,6840.0,14907,6850.0,24578,6860.0,3084,6870.0,1992,2025-05-09 14:53:14.645,,2147483647,319485,False,nan
2728,394380,1611076534,MERV - XMEV - GGAL - 24hs,6830.0,2025-05-09 14:53:13,12,2025-05-09 14:53:15.259,6810.0,377,6800.0,11892,6790.0,277,6780.0,2767,6770.0,15200,6830.0,1,6840.0,14907,6850.0,24578,6860.0,3084,6870.0,1992,2025-05-09 14:53:15.162,,2147483647,319485,False,nan
2729,394505,1611076690,MERV - XMEV - GGAL - 24hs,6830.0,2025-05-09 14:53:13,12,2025-05-09 14:53:16.715,6810.0,3377,6800.0,11892,6790.0,277,6780.0,2767,6770.0,15200,6830.0,1,6840.0,14907,6850.0,24578,6860.0,3084,6870.0,1992,2025-05-09 14:53:16.619,,2147483647,319485,False,nan
2730,394798,1611077079,MERV - XMEV - GGAL - 24hs,6830.0,2025-05-09 14:53:13,12,2025-05-09 14:53:19.000,6810.0,3377,6800.0,11892,6790.0,277,6780.0,2767,6770.0,15200,6830.0,1,6840.0,9907,6850.0,29578,6860.0,3084,6870.0,1992,2025-05-09 14:53:18.895,,2147483647,319485,False,nan
2731,394866,1611077175,MERV - XMEV - GGAL - 24hs,6830.0,2025-05-09 14:53:13,12,2025-05-09 14:53:19.661,6810.0,3377,6800.0,11892,6790.0,277,6780.0,2767,6770.0,15200,6830.0,1,6840.0,2907,6850.0,29578,6860.0,3084,6870.0,1992,2025-05-09 14:53:19.571,,2147483647,319485,False,nan
2732,395041,1611077433,MERV - XMEV - GGAL - 24hs,6810.0,2025-05-09 14:53:21,9,2025-05-09 14:53:22.027,6810.0,3377,6800.0,11892,6790.0,277,6780.0,2767,6770.0,15200,6830.0,1,6840.0,2907,6850.0,29578,6860.0,3084,6870.0,1992,2025-05-09 14:53:21.844,,2147483647,319485,True,bid
2733,395093,1611077502,MERV - XMEV - GGAL - 24hs,6830.0,2025-05-09 14:53:22,1,2025-05-09 14:53:22.239,6810.0,3377,6800.0,11892,6790.0,277,6780.0,2767,6770.0,15200,6830.0,1,6840.0,2907,6850.0,29578,6860.0,3084,6870.0,1992,2025-05-09 14:53:22.105,,2147483647,319494,True,offer
2734,395153,1611077590,MERV - XMEV - GGAL - 24hs,6830.0,2025-05-09 14:53:22,5,2025-05-09 14:53:22.690,6810.0,3076,6800.0,11892,6790.0,277,6780.0,2767,6770.0,15200,6830.0,1,6840.0,2907,6850.0,29578,6860.0,3084,6870.0,1992,2025-05-09 14:53:22.604,,2147483647,319500,False,nan
2735,395202,1611077654,MERV - XMEV - GGAL - 24hs,6830.0,2025-05-09 14:53:22,5,2025-05-09 14:53:23.190,6810.0,3377,6800.0,11892,6790.0,277,6780.0,2767,6770.0,15200,6830.0,1,6840.0,2907,6850.0,29578,6860.0,3084,6870.0,1992,2025-05-09 14:53:23.104,,2147483647,319500,False,nan
2736,395251,1611077720,MERV - XMEV - GGAL - 24hs,6830.0,2025-05-09 14:53:22,5,2025-05-09 14:53:23.831,6810.0,3361,6800.0,11892,6790.0,277,6780.0,2767,6770.0,15200,6830.0,1,6840.0,2907,6850.0,29578,6860.0,3084,6870.0,1992,2025-05-09 14:53:23.745,,2147483647,319500,False,nan
2737,395302,1611077802,MERV - XMEV - GGAL - 24hs,6830.0,2025-05-09 14:53:22,5,2025-05-09 14:53:24.643,6810.0,3361,6800.0,11892,6790.0,277,6780.0,2767,6770.0,15200,6830.0,1,6840.0,7907,6850.0,29578,6860.0,3084,6870.0,1992,2025-05-09 14:53:24.547,,2147483647,319500,False,nan
2738,395493,1611078084,MERV - XMEV - GGAL - 24hs,6830.0,2025-05-09 14:53:22,5,2025-05-09 14:53:26.220,6810.0,3361,6800.0,11892,6790.0,277,6780.0,2767,6770.0,15200,6830.0,1,6840.0,8907,6850.0,29578,6860.0,3084,6870.0,1992,2025-05-09 14:53:26.133,,2147483647,319500,False,nan
2739,395639,1611078291,MERV - XMEV - GGAL - 24hs,6830.0,2025-05-09 14:53:27,1,2025-05-09 14:53:27.682,6810.0,3361,6800.0,11892,6790.0,277,6780.0,2767,6770.0,15200,6830.0,1,6840.0,8907,6850.0,29578,6860.0,3084,6870.0,1992,2025-05-09 14:53:27.592,,2147483647,319500,True,offer
2740,395679,1611078341,MERV - XMEV - GGAL - 24hs,6830.0,2025-05-09 14:53:27,1,2025-05-09 14:53:28.171,6810.0,3361,6800.0,11892,6790.0,277,6780.0,2767,6770.0,15200,6830.0,1,6840.0,8907,6850.0,29578,6860.0,3084,6870.0,1992,2025-05-09 14:53:28.084,,2147483647,319700,False,nan
2741,395731,1611078412,MERV - XMEV - GGAL - 24hs,6830.0,2025-05-09 14:53:27,1,2025-05-09 14:53:28.671,6830.0,29,6810.0,3361,6800.0,11892,6790.0,277,6780.0,2767,6840.0,9907,6850.0,29578,6860.0,3084,6870.0,1992,6880.0,7419,2025-05-09 14:53:28.584,,2147483647,319701,False,nan
2742,395788,1611078489,MERV - XMEV - GGAL - 24hs,6830.0,2025-05-09 14:53:27,1,2025-05-09 14:53:29.170,6830.0,29,6810.0,3082,6800.0,11892,6790.0,277,6780.0,2774,6840.0,9907,6850.0,29578,6860.0,3084,6870.0,1992,6880.0,7419,2025-05-09 14:53:29.084,,2147483647,319701,False,nan
2743,395896,1611078649,MERV - XMEV - GGAL - 24hs,6830.0,2025-05-09 14:53:27,1,2025-05-09 14:53:30.091,6830.0,29,6810.0,3082,6800.0,11892,6790.0,277,6780.0,2774,6840.0,8907,6850.0,29578,6860.0,3084,6870.0,1992,6880.0,7419,2025-05-09 14:53:30.001,,2147483647,319701,False,nan
2744,396066,1611078907,MERV - XMEV - GGAL - 24hs,6830.0,2025-05-09 14:53:27,1,2025-05-09 14:53:31.236,6830.0,29,6810.0,3082,6800.0,11892,6790.0,277,6780.0,2774,6840.0,12907,6850.0,29578,6860.0,3084,6870.0,1992,6880.0,7419,2025-05-09 14:53:31.149,,2147483647,319701,False,nan
2745,396232,1611079153,MERV - XMEV - GGAL - 24hs,6840.0,2025-05-09 14:53:32,11,2025-05-09 14:53:32.676,6830.0,29,6810.0,3082,6800.0,11892,6790.0,277,6780.0,2774,6840.0,12907,6850.0,29578,6860.0,3084,6870.0,1992,6880.0,7419,2025-05-09 14:53:32.585,,2147483647,319701,True,offer
2746,396303,1611079252,MERV - XMEV - GGAL - 24hs,6840.0,2025-05-09 14:53:32,11,2025-05-09 14:53:33.328,6830.0,29,6810.0,3082,6800.0,11892,6790.0,277,6780.0,2774,6840.0,12896,6850.0,29578,6860.0,3084,6870.0,1992,6880.0,7419,2025-05-09 14:53:33.241,,2147483647,319701,False,nan
2747,396358,1611079330,MERV - XMEV - GGAL - 24hs,6840.0,2025-05-09 14:53:32,11,2025-05-09 14:53:33.829,6830.0,29,6810.0,3082,6800.0,11892,6790.0,277,6780.0,2774,6840.0,12896,6850.0,29578,6860.0,3084,6870.0,1992,6880.0,7419,2025-05-09 14:53:33.741,,2147483647,319712,False,nan
2748,396633,1611079732,MERV - XMEV - GGAL - 24hs,6840.0,2025-05-09 14:53:32,11,2025-05-09 14:53:36.954,6830.0,29,6810.0,3082,6800.0,11892,6790.0,277,6780.0,2774,6840.0,8896,6850.0,24578,6860.0,3084,6870.0,1992,6880.0,7419,2025-05-09 14:53:36.864,,2147483647,319712,False,nan
2749,396730,1611079868,MERV - XMEV - GGAL - 24hs,6840.0,2025-05-09 14:53:32,11,2025-05-09 14:53:37.640,6830.0,29,6810.0,3794,6800.0,11892,6790.0,277,6780.0,2774,6840.0,10896,6850.0,24578,6860.0,3084,6870.0,1992,6880.0,7419,2025-05-09 14:53:37.546,,2147483647,319712,False,nan
2750,396812,1611079983,MERV - XMEV - GGAL - 24hs,6830.0,2025-05-09 14:53:38,29,2025-05-09 14:53:38.239,6830.0,29,6810.0,3794,6800.0,11892,6790.0,277,6780.0,2774,6840.0,10896,6850.0,24578,6860.0,3084,6870.0,1992,6880.0,7419,2025-05-09 14:53:38.134,,2147483647,319712,True,bid
2751,396854,1611080063,MERV - XMEV - GGAL - 24hs,6830.0,2025-05-09 14:53:38,3,2025-05-09 14:53:38.732,6830.0,29,6810.0,3794,6800.0,11892,6790.0,277,6780.0,2774,6840.0,10896,6850.0,24578,6860.0,3084,6870.0,1992,6880.0,7419,2025-05-09 14:53:38.633,,2147483647,320058,False,nan
2752,396910,1611080139,MERV - XMEV - GGAL - 24hs,6830.0,2025-05-09 14:53:38,3,2025-05-09 14:53:39.224,6810.0,3870,6800.0,11892,6790.0,277,6780.0,2767,6770.0,15200,6830.0,1,6840.0,10896,6850.0,24578,6860.0,3084,6870.0,1992,2025-05-09 14:53:39.133,,2147483647,320061,False,nan
2753,396950,1611080202,MERV - XMEV - GGAL - 24hs,6830.0,2025-05-09 14:53:38,3,2025-05-09 14:53:39.822,6810.0,3545,6800.0,11892,6790.0,277,6780.0,2767,6770.0,15200,6830.0,1,6840.0,10896,6850.0,24578,6860.0,3084,6870.0,1992,2025-05-09 14:53:39.734,,2147483647,320061,False,nan
2754,397442,1611080908,MERV - XMEV - GGAL - 24hs,6830.0,2025-05-09 14:53:38,3,2025-05-09 14:53:44.983,6810.0,3545,6800.0,11892,6790.0,277,6780.0,2767,6770.0,15200,6830.0,1,6840.0,12896,6850.0,24578,6860.0,3084,6870.0,1992,2025-05-09 14:53:44.706,,2147483647,320061,False,nan
2755,397503,1611080994,MERV - XMEV - GGAL - 24hs,6830.0,2025-05-09 14:53:38,3,2025-05-09 14:53:45.425,6810.0,3545,6800.0,11892,6790.0,277,6780.0,2767,6770.0,15200,6830.0,1,6840.0,10896,6850.0,24578,6860.0,3084,6870.0,1992,2025-05-09 14:53:45.339,,2147483647,320061,False,nan
2756,397725,1611081298,MERV - XMEV - GGAL - 24hs,6830.0,2025-05-09 14:53:38,3,2025-05-09 14:53:47.971,6810.0,3545,6800.0,11892,6790.0,277,6780.0,2767,6770.0,15200,6840.0,8896,6850.0,24578,6860.0,3084,6870.0,1992,6880.0,7419,2025-05-09 14:53:47.875,,2147483647,320061,False,nan
2757,397781,1611081411,MERV - XMEV - GGAL - 24hs,6830.0,2025-05-09 14:53:38,3,2025-05-09 14:53:48.712,6810.0,3545,6800.0,11892,6790.0,277,6780.0,2767,6770.0,15200,6840.0,11896,6850.0,24578,6860.0,3084,6870.0,1992,6880.0,7419,2025-05-09 14:53:48.624,,2147483647,320061,False,nan
2758,398520,1611082482,MERV - XMEV - GGAL - 24hs,6830.0,2025-05-09 14:53:38,3,2025-05-09 14:53:57.027,6810.0,3543,6800.0,11892,6790.0,277,6780.0,2767,6770.0,15200,6840.0,13896,6850.0,19578,6860.0,3084,6870.0,1992,6880.0,7419,2025-05-09 14:53:56.935,,2147483647,320061,False,nan
2759,398560,1611082544,MERV - XMEV - GGAL - 24hs,6830.0,2025-05-09 14:53:38,3,2025-05-09 14:53:57.708,6810.0,3543,6800.0,11892,6790.0,277,6780.0,2767,6770.0,15200,6840.0,14896,6850.0,19578,6860.0,3084,6870.0,1992,6880.0,7419,2025-05-09 14:53:57.615,,2147483647,320061,False,nan
2760,398743,1611082803,MERV - XMEV - GGAL - 24hs,6830.0,2025-05-09 14:53:58,3,2025-05-09 14:53:59.416,6810.0,3543,6800.0,11892,6790.0,277,6780.0,2767,6770.0,15200,6840.0,14896,6850.0,19578,6860.0,3084,6870.0,1992,6880.0,7419,2025-05-09 14:53:59.182,,2147483647,320061,True,offer
2761,398820,1611082911,MERV - XMEV - GGAL - 24hs,6830.0,2025-05-09 14:53:59,2,2025-05-09 14:53:59.760,6810.0,3173,6800.0,11892,6790.0,277,6780.0,2767,6770.0,15200,6830.0,1,6840.0,15896,6850.0,19578,6860.0,3084,6870.0,1992,2025-05-09 14:53:59.390,,2147483647,320409,True,offer
2762,398868,1611082979,MERV - XMEV - GGAL - 24hs,6830.0,2025-05-09 14:53:59,2,2025-05-09 14:53:59.982,6810.0,3173,6800.0,11892,6790.0,277,6780.0,2767,6770.0,15200,6830.0,1,6840.0,15896,6850.0,19578,6860.0,3084,6870.0,1992,2025-05-09 14:53:59.889,,2147483647,320411,False,nan
2763,398960,1611083113,MERV - XMEV - GGAL - 24hs,6820.0,2025-05-09 14:54:00,60,2025-05-09 14:54:00.979,6810.0,3173,6800.0,11892,6790.0,277,6780.0,2767,6770.0,15200,6830.0,1,6840.0,15896,6850.0,19578,6860.0,3084,6870.0,1992,2025-05-09 14:54:00.880,,2147483647,320411,True,nan
2764,399020,1611083200,MERV - XMEV - GGAL - 24hs,6820.0,2025-05-09 14:54:00,60,2025-05-09 14:54:01.478,6820.0,5,6810.0,3097,6800.0,11892,6790.0,277,6780.0,2774,6830.0,1,6840.0,15896,6850.0,19578,6860.0,3084,6870.0,1992,2025-05-09 14:54:01.379,,2147483647,320411,False,nan
2765,399060,1611083261,MERV - XMEV - GGAL - 24hs,6820.0,2025-05-09 14:54:00,60,2025-05-09 14:54:01.972,6820.0,5,6810.0,3097,6800.0,11892,6790.0,277,6780.0,2774,6830.0,1,6840.0,15896,6850.0,19578,6860.0,3084,6870.0,1992,2025-05-09 14:54:01.880,,2147483647,320471,False,nan
2766,399127,1611083359,MERV - XMEV - GGAL - 24hs,6820.0,2025-05-09 14:54:00,60,2025-05-09 14:54:02.684,6820.0,5,6810.0,3097,6800.0,11892,6790.0,277,6780.0,2774,6830.0,1,6840.0,16896,6850.0,19578,6860.0,3084,6870.0,1992,2025-05-09 14:54:02.595,,2147483647,320471,False,nan
2767,400016,1611084651,MERV - XMEV - GGAL - 24hs,6820.0,2025-05-09 14:54:00,60,2025-05-09 14:54:10.108,6820.0,5,6810.0,3097,6800.0,11892,6790.0,277,6780.0,2774,6830.0,1,6840.0,17896,6850.0,19578,6860.0,3084,6870.0,1992,2025-05-09 14:54:09.962,,2147483647,320471,False,nan
2768,400198,1611084914,MERV - XMEV - GGAL - 24hs,6820.0,2025-05-09 14:54:00,60,2025-05-09 14:54:10.920,6820.0,5,6810.0,3097,6800.0,11892,6790.0,277,6780.0,2774,6830.0,1,6840.0,16896,6850.0,19578,6860.0,3084,6870.0,1992,2025-05-09 14:54:10.464,,2147483647,320471,False,nan
2769,400255,1611084999,MERV - XMEV - GGAL - 24hs,6820.0,2025-05-09 14:54:00,60,2025-05-09 14:54:11.183,6820.0,5,6810.0,3097,6800.0,11892,6790.0,277,6780.0,2774,6830.0,1,6840.0,17896,6850.0,19578,6860.0,3084,6870.0,1992,2025-05-09 14:54:10.963,,2147483647,320471,False,nan
2770,400339,1611085146,MERV - XMEV - GGAL - 24hs,6820.0,2025-05-09 14:54:00,60,2025-05-09 14:54:11.752,6820.0,5,6810.0,3097,6800.0,11892,6790.0,277,6780.0,2774,6830.0,1,6840.0,16896,6850.0,19578,6860.0,3084,6870.0,1992,2025-05-09 14:54:11.657,,2147483647,320471,False,nan
2771,400426,1611085276,MERV - XMEV - GGAL - 24hs,6830.0,2025-05-09 14:54:12,1,2025-05-09 14:54:12.518,6820.0,5,6810.0,3097,6800.0,11892,6790.0,277,6780.0,2774,6830.0,1,6840.0,16896,6850.0,19578,6860.0,3084,6870.0,1992,2025-05-09 14:54:12.431,,2147483647,320471,True,offer
2772,400471,1611085340,MERV - XMEV - GGAL - 24hs,6810.0,2025-05-09 14:54:12,85,2025-05-09 14:54:13.018,6820.0,5,6810.0,3097,6800.0,11892,6790.0,277,6780.0,2774,6830.0,1,6840.0,16896,6850.0,19578,6860.0,3084,6870.0,1992,2025-05-09 14:54:12.932,,2147483647,320471,False,nan
2773,400529,1611085435,MERV - XMEV - GGAL - 24hs,6810.0,2025-05-09 14:54:12,85,2025-05-09 14:54:13.523,6810.0,76,6800.0,11892,6790.0,277,6780.0,2767,6770.0,200,6830.0,15904,6840.0,11896,6850.0,9578,6860.0,3084,6870.0,1992,2025-05-09 14:54:13.432,,2147483647,323658,False,nan
2774,400622,1611085569,MERV - XMEV - GGAL - 24hs,6810.0,2025-05-09 14:54:12,85,2025-05-09 14:54:14.025,6810.0,76,6800.0,11892,6790.0,277,6780.0,2767,6770.0,200,6830.0,16904,6840.0,11896,6850.0,9578,6860.0,3084,6870.0,1992,2025-05-09 14:54:13.932,,2147483647,323658,False,nan
2775,400760,1611085768,MERV - XMEV - GGAL - 24hs,6810.0,2025-05-09 14:54:15,70,2025-05-09 14:54:15.284,6810.0,76,6800.0,11892,6790.0,277,6780.0,2767,6770.0,200,6830.0,16904,6840.0,11896,6850.0,9578,6860.0,3084,6870.0,1992,2025-05-09 14:54:15.193,,2147483647,323658,True,bid
2776,400824,1611085858,MERV - XMEV - GGAL - 24hs,6810.0,2025-05-09 14:54:15,70,2025-05-09 14:54:16.218,6810.0,6,6800.0,11892,6790.0,277,6780.0,2767,6770.0,200,6830.0,17974,6840.0,11896,6850.0,9578,6860.0,3084,6870.0,1992,2025-05-09 14:54:16.073,,2147483647,323658,False,nan
2777,400896,1611085958,MERV - XMEV - GGAL - 24hs,6810.0,2025-05-09 14:54:15,70,2025-05-09 14:54:16.527,6810.0,6,6800.0,11892,6790.0,277,6780.0,2767,6770.0,200,6830.0,17974,6840.0,11896,6850.0,9578,6860.0,3084,6870.0,1992,2025-05-09 14:54:16.193,,2147483647,323728,False,nan
2778,400968,1611086064,MERV - XMEV - GGAL - 24hs,6810.0,2025-05-09 14:54:15,70,2025-05-09 14:54:16.863,6810.0,6,6800.0,11892,6790.0,277,6780.0,2767,6770.0,200,6830.0,19974,6840.0,11896,6850.0,9678,6860.0,3084,6870.0,1992,2025-05-09 14:54:16.693,,2147483647,323728,False,nan
2779,401025,1611086138,MERV - XMEV - GGAL - 24hs,6810.0,2025-05-09 14:54:15,70,2025-05-09 14:54:17.280,6810.0,6,6800.0,11892,6790.0,277,6780.0,2767,6770.0,200,6830.0,18974,6840.0,11896,6850.0,9678,6860.0,3084,6870.0,1992,2025-05-09 14:54:17.193,,2147483647,323728,False,nan
2780,401324,1611086600,MERV - XMEV - GGAL - 24hs,6810.0,2025-05-09 14:54:15,70,2025-05-09 14:54:19.852,6810.0,6,6800.0,11892,6790.0,277,6780.0,2767,6770.0,200,6830.0,13974,6840.0,16896,6850.0,9678,6860.0,3084,6870.0,1992,2025-05-09 14:54:19.766,,2147483647,323728,False,nan
2781,401494,1611086835,MERV - XMEV - GGAL - 24hs,6810.0,2025-05-09 14:54:15,70,2025-05-09 14:54:21.471,6810.0,6,6800.0,11892,6790.0,277,6780.0,2767,6770.0,200,6830.0,14974,6840.0,11896,6850.0,9678,6860.0,3084,6870.0,1992,2025-05-09 14:54:21.384,,2147483647,323728,False,nan
2782,401633,1611087024,MERV - XMEV - GGAL - 24hs,6810.0,2025-05-09 14:54:15,70,2025-05-09 14:54:22.786,6810.0,6,6800.0,11892,6790.0,277,6780.0,2767,6770.0,200,6830.0,9974,6840.0,16896,6850.0,9678,6860.0,3084,6870.0,1992,2025-05-09 14:54:22.699,,2147483647,323728,False,nan
2783,401789,1611087230,MERV - XMEV - GGAL - 24hs,6810.0,2025-05-09 14:54:15,70,2025-05-09 14:54:24.432,6810.0,6,6800.0,14892,6790.0,277,6780.0,2767,6770.0,200,6830.0,11974,6840.0,16896,6850.0,9678,6860.0,3084,6870.0,1992,2025-05-09 14:54:24.346,,2147483647,323728,False,nan
2784,401867,1611087332,MERV - XMEV - GGAL - 24hs,6810.0,2025-05-09 14:54:15,70,2025-05-09 14:54:25.139,6810.0,6,6800.0,14892,6790.0,277,6780.0,2777,6770.0,200,6830.0,12974,6840.0,16996,6850.0,9678,6860.0,3084,6870.0,1992,2025-05-09 14:54:25.053,,2147483647,323728,False,nan
2785,402214,1611087817,MERV - XMEV - GGAL - 24hs,6810.0,2025-05-09 14:54:15,70,2025-05-09 14:54:28.336,6810.0,6,6800.0,14892,6790.0,277,6780.0,2777,6770.0,200,6830.0,11974,6840.0,16996,6850.0,9678,6860.0,3084,6870.0,1992,2025-05-09 14:54:28.235,,2147483647,323728,False,nan
2786,402416,1611088108,MERV - XMEV - GGAL - 24hs,6810.0,2025-05-09 14:54:15,70,2025-05-09 14:54:29.761,6810.0,6,6800.0,14892,6790.0,277,6780.0,2777,6770.0,200,6830.0,12974,6840.0,16996,6850.0,9678,6860.0,3084,6870.0,1992,2025-05-09 14:54:29.674,,2147483647,323728,False,nan
2787,402471,1611088190,MERV - XMEV - GGAL - 24hs,6810.0,2025-05-09 14:54:15,70,2025-05-09 14:54:30.504,6810.0,6,6800.0,14892,6790.0,277,6780.0,2777,6770.0,200,6830.0,11974,6840.0,16996,6850.0,9678,6860.0,3084,6870.0,1992,2025-05-09 14:54:30.412,,2147483647,323728,False,nan
2788,402558,1611088318,MERV - XMEV - GGAL - 24hs,6830.0,2025-05-09 14:54:31,4904,2025-05-09 14:54:31.324,6810.0,6,6800.0,14892,6790.0,277,6780.0,2777,6770.0,200,6830.0,11974,6840.0,16996,6850.0,9678,6860.0,3084,6870.0,1992,2025-05-09 14:54:31.236,,2147483647,323728,True,offer
2789,402620,1611088399,MERV - XMEV - GGAL - 24hs,6830.0,2025-05-09 14:54:31,26,2025-05-09 14:54:31.851,6810.0,206,6800.0,14892,6790.0,277,6780.0,2777,6770.0,202,6830.0,6974,6840.0,16996,6850.0,9678,6860.0,3084,6870.0,1992,2025-05-09 14:54:31.736,,2147483647,323728,False,nan
2790,402664,1611088464,MERV - XMEV - GGAL - 24hs,6830.0,2025-05-09 14:54:31,26,2025-05-09 14:54:32.323,6810.0,206,6800.0,14892,6790.0,277,6780.0,2777,6770.0,202,6830.0,12000,6840.0,16996,6850.0,9678,6860.0,3084,6870.0,1992,2025-05-09 14:54:32.236,,2147483647,328728,False,nan
2791,402724,1611088538,MERV - XMEV - GGAL - 24hs,6830.0,2025-05-09 14:54:31,26,2025-05-09 14:54:33.149,6810.0,200,6800.0,14892,6790.0,277,6780.0,2777,6770.0,203,6820.0,1300,6830.0,12000,6840.0,16996,6850.0,9678,6860.0,3084,2025-05-09 14:54:33.056,,2147483647,328728,False,nan
2792,403119,1611089073,MERV - XMEV - GGAL - 24hs,6830.0,2025-05-09 14:54:31,26,2025-05-09 14:54:37.161,6810.0,276,6800.0,14892,6790.0,277,6780.0,2777,6770.0,202,6830.0,12000,6840.0,16996,6850.0,9678,6860.0,3084,6870.0,1992,2025-05-09 14:54:37.071,,2147483647,328728,False,nan
2793,403175,1611089148,MERV - XMEV - GGAL - 24hs,6810.0,2025-05-09 14:54:37,200,2025-05-09 14:54:37.658,6810.0,276,6800.0,14892,6790.0,277,6780.0,2777,6770.0,202,6830.0,12000,6840.0,16996,6850.0,9678,6860.0,3084,6870.0,1992,2025-05-09 14:54:37.572,,2147483647,328728,True,bid
2794,403242,1611089238,MERV - XMEV - GGAL - 24hs,6810.0,2025-05-09 14:54:37,200,2025-05-09 14:54:38.157,6810.0,76,6800.0,14892,6790.0,277,6780.0,2777,6770.0,202,6830.0,11000,6840.0,16996,6850.0,9678,6860.0,3084,6870.0,1992,2025-05-09 14:54:38.071,,2147483647,328928,False,nan
2795,403311,1611089323,MERV - XMEV - GGAL - 24hs,6810.0,2025-05-09 14:54:37,200,2025-05-09 14:54:38.788,6810.0,76,6800.0,14892,6790.0,277,6780.0,2777,6770.0,202,6830.0,13000,6840.0,11996,6850.0,9678,6860.0,3084,6870.0,1992,2025-05-09 14:54:38.694,,2147483647,328928,False,nan
2796,403419,1611089487,MERV - XMEV - GGAL - 24hs,6810.0,2025-05-09 14:54:37,200,2025-05-09 14:54:39.675,6810.0,76,6800.0,14892,6790.0,277,6780.0,2777,6770.0,202,6830.0,12000,6840.0,11996,6850.0,9678,6860.0,3084,6870.0,1992,2025-05-09 14:54:39.572,,2147483647,328928,False,nan
2797,403567,1611089689,MERV - XMEV - GGAL - 24hs,6830.0,2025-05-09 14:54:40,15,2025-05-09 14:54:40.771,6810.0,76,6800.0,14892,6790.0,277,6780.0,2777,6770.0,202,6830.0,12000,6840.0,11996,6850.0,9678,6860.0,3084,6870.0,1992,2025-05-09 14:54:40.680,,2147483647,328928,True,offer
2798,403656,1611089799,MERV - XMEV - GGAL - 24hs,6830.0,2025-05-09 14:54:40,15,2025-05-09 14:54:41.463,6810.0,76,6800.0,14892,6790.0,277,6780.0,2777,6770.0,202,6830.0,11985,6840.0,11996,6850.0,9678,6860.0,3084,6870.0,1992,2025-05-09 14:54:41.371,,2147483647,328928,False,nan
2799,403754,1611089926,MERV - XMEV - GGAL - 24hs,6830.0,2025-05-09 14:54:40,15,2025-05-09 14:54:41.960,6810.0,76,6800.0,14892,6790.0,277,6780.0,2777,6770.0,202,6830.0,11985,6840.0,11996,6850.0,9678,6860.0,3084,6870.0,1992,2025-05-09 14:54:41.874,,2147483647,328943,False,nan
2800,404127,1611090448,MERV - XMEV - GGAL - 24hs,6830.0,2025-05-09 14:54:40,15,2025-05-09 14:54:44.060,6810.0,76,6800.0,14892,6790.0,277,6780.0,2777,6770.0,202,6830.0,12985,6840.0,11996,6850.0,9678,6860.0,3084,6870.0,1992,2025-05-09 14:54:43.963,,2147483647,328943,False,nan
2801,404295,1611090695,MERV - XMEV - GGAL - 24hs,6830.0,2025-05-09 14:54:44,15,2025-05-09 14:54:45.392,6810.0,76,6800.0,14892,6790.0,277,6780.0,2777,6770.0,202,6830.0,12985,6840.0,11996,6850.0,9678,6860.0,3084,6870.0,1992,2025-05-09 14:54:45.243,,2147483647,328943,True,offer
2802,404447,1611090922,MERV - XMEV - GGAL - 24hs,6830.0,2025-05-09 14:54:44,15,2025-05-09 14:54:46.088,6810.0,76,6800.0,14892,6790.0,277,6780.0,2777,6770.0,202,6830.0,12970,6840.0,11996,6850.0,9678,6860.0,3084,6870.0,1992,2025-05-09 14:54:45.508,,2147483647,328943,False,nan
2803,404536,1611091041,MERV - XMEV - GGAL - 24hs,6830.0,2025-05-09 14:54:44,15,2025-05-09 14:54:46.460,6810.0,76,6800.0,14892,6790.0,277,6780.0,2777,6770.0,202,6830.0,12970,6840.0,11996,6850.0,9678,6860.0,3084,6870.0,1992,2025-05-09 14:54:46.009,,2147483647,328958,False,nan
2804,404620,1611091175,MERV - XMEV - GGAL - 24hs,6830.0,2025-05-09 14:54:46,21,2025-05-09 14:54:46.871,6810.0,76,6800.0,14892,6790.0,277,6780.0,2777,6770.0,202,6830.0,12970,6840.0,11996,6850.0,9678,6860.0,3084,6870.0,1992,2025-05-09 14:54:46.509,,2147483647,328958,True,offer
2805,404697,1611091280,MERV - XMEV - GGAL - 24hs,6830.0,2025-05-09 14:54:46,21,2025-05-09 14:54:47.203,6810.0,76,6800.0,14892,6790.0,277,6780.0,2777,6770.0,202,6830.0,12949,6840.0,11996,6850.0,9678,6860.0,3084,6870.0,1992,2025-05-09 14:54:47.033,,2147483647,328958,False,nan
2806,404772,1611091373,MERV - XMEV - GGAL - 24hs,6830.0,2025-05-09 14:54:46,21,2025-05-09 14:54:47.620,6810.0,76,6800.0,14892,6790.0,277,6780.0,2777,6770.0,202,6830.0,12949,6840.0,11996,6850.0,9678,6860.0,3084,6870.0,1992,2025-05-09 14:54:47.534,,2147483647,328979,False,nan
2807,404861,1611091497,MERV - XMEV - GGAL - 24hs,6830.0,2025-05-09 14:54:46,21,2025-05-09 14:54:48.132,6820.0,60,6800.0,14892,6790.0,277,6780.0,2784,6770.0,202,6830.0,12949,6840.0,11996,6850.0,9678,6860.0,3084,6870.0,1992,2025-05-09 14:54:48.042,,2147483647,328979,False,nan
2808,405687,1611092692,MERV - XMEV - GGAL - 24hs,6830.0,2025-05-09 14:54:46,21,2025-05-09 14:54:55.286,6820.0,60,6800.0,14892,6790.0,277,6780.0,2784,6770.0,202,6830.0,18949,6840.0,1996,6850.0,9678,6860.0,3084,6870.0,1992,2025-05-09 14:54:55.197,,2147483647,328979,False,nan
2809,405734,1611092752,MERV - XMEV - GGAL - 24hs,6820.0,2025-05-09 14:54:55,60,2025-05-09 14:54:55.803,6820.0,60,6800.0,14892,6790.0,277,6780.0,2784,6770.0,202,6830.0,18949,6840.0,1996,6850.0,9678,6860.0,3084,6870.0,1992,2025-05-09 14:54:55.696,,2147483647,328979,True,bid
2810,405829,1611092880,MERV - XMEV - GGAL - 24hs,6820.0,2025-05-09 14:54:55,60,2025-05-09 14:54:56.291,6800.0,14968,6790.0,277,6780.0,2777,6770.0,202,6760.0,300,6820.0,3940,6830.0,14949,6840.0,1996,6850.0,9678,6860.0,3084,2025-05-09 14:54:56.196,,2147483647,329039,False,nan
2811,405949,1611093068,MERV - XMEV - GGAL - 24hs,6820.0,2025-05-09 14:54:55,60,2025-05-09 14:54:57.907,6800.0,9968,6790.0,277,6780.0,2777,6770.0,202,6760.0,300,6820.0,4000,6830.0,14949,6840.0,1996,6850.0,9678,6860.0,3084,2025-05-09 14:54:57.817,,2147483647,329039,False,nan
2812,406202,1611093415,MERV - XMEV - GGAL - 24hs,6820.0,2025-05-09 14:54:55,60,2025-05-09 14:54:59.563,6800.0,9968,6790.0,277,6780.0,2777,6770.0,202,6760.0,300,6820.0,1000,6830.0,14949,6840.0,1996,6850.0,9678,6860.0,3084,2025-05-09 14:54:59.475,,2147483647,329039,False,nan
2813,406286,1611093546,MERV - XMEV - GGAL - 24hs,6820.0,2025-05-09 14:54:55,60,2025-05-09 14:55:00.344,6800.0,9968,6790.0,277,6780.0,2777,6770.0,202,6760.0,300,6820.0,6000,6830.0,14949,6840.0,1996,6850.0,9678,6860.0,3084,2025-05-09 14:55:00.247,,2147483647,329039,False,nan
2814,406343,1611093623,MERV - XMEV - GGAL - 24hs,6820.0,2025-05-09 14:55:00,3,2025-05-09 14:55:00.859,6800.0,9968,6790.0,277,6780.0,2777,6770.0,202,6760.0,300,6820.0,6000,6830.0,14949,6840.0,1996,6850.0,9678,6860.0,3084,2025-05-09 14:55:00.746,,2147483647,329039,True,offer
2815,406389,1611093700,MERV - XMEV - GGAL - 24hs,6820.0,2025-05-09 14:55:00,3,2025-05-09 14:55:01.339,6800.0,9968,6790.0,277,6780.0,2777,6770.0,202,6760.0,300,6820.0,10000,6830.0,14949,6840.0,1996,6850.0,9678,6860.0,3084,2025-05-09 14:55:01.246,,2147483647,329042,False,nan
2816,406601,1611094013,MERV - XMEV - GGAL - 24hs,6820.0,2025-05-09 14:55:00,3,2025-05-09 14:55:02.616,6800.0,9968,6790.0,277,6780.0,2777,6770.0,202,6760.0,15300,6820.0,11000,6830.0,14949,6840.0,1996,6850.0,9678,6860.0,3084,2025-05-09 14:55:02.528,,2147483647,329042,False,nan
2817,406685,1611094121,MERV - XMEV - GGAL - 24hs,6800.0,2025-05-09 14:55:03,1,2025-05-09 14:55:03.602,6800.0,9968,6790.0,277,6780.0,2777,6770.0,202,6760.0,15300,6820.0,11000,6830.0,14949,6840.0,1996,6850.0,9678,6860.0,3084,2025-05-09 14:55:03.374,,2147483647,329042,True,bid
2818,406748,1611094215,MERV - XMEV - GGAL - 24hs,6800.0,2025-05-09 14:55:03,1,2025-05-09 14:55:04.450,6800.0,9967,6790.0,277,6780.0,2777,6770.0,202,6760.0,15300,6820.0,11000,6830.0,14949,6840.0,1996,6850.0,9678,6860.0,3084,2025-05-09 14:55:04.325,,2147483647,329042,False,nan
2819,406837,1611094336,MERV - XMEV - GGAL - 24hs,6820.0,2025-05-09 14:55:04,500,2025-05-09 14:55:04.923,6800.0,9967,6790.0,277,6780.0,2777,6770.0,202,6760.0,15300,6820.0,10499,6830.0,14949,6840.0,1996,6850.0,9678,6860.0,3084,2025-05-09 14:55:04.825,,2147483647,329544,True,offer
2820,407161,1611094781,MERV - XMEV - GGAL - 24hs,6820.0,2025-05-09 14:55:04,500,2025-05-09 14:55:07.203,6800.0,9967,6790.0,277,6780.0,2777,6770.0,202,6760.0,15300,6820.0,6000,6830.0,14949,6840.0,1996,6850.0,9678,6860.0,3084,2025-05-09 14:55:07.110,,2147483647,329544,False,nan
2821,407282,1611094960,MERV - XMEV - GGAL - 24hs,6820.0,2025-05-09 14:55:04,500,2025-05-09 14:55:07.966,6800.0,9967,6790.0,277,6780.0,2777,6770.0,202,6760.0,15300,6820.0,3000,6830.0,14949,6840.0,1996,6850.0,9678,6860.0,3084,2025-05-09 14:55:07.868,,2147483647,329544,False,nan
2822,407896,1611095874,MERV - XMEV - GGAL - 24hs,6820.0,2025-05-09 14:55:12,108,2025-05-09 14:55:14.320,6800.0,9967,6790.0,277,6780.0,2777,6770.0,202,6760.0,15300,6820.0,3000,6830.0,14949,6840.0,1996,6850.0,9678,6860.0,3084,2025-05-09 14:55:14.195,,2147483647,329544,True,offer
2823,408023,1611096037,MERV - XMEV - GGAL - 24hs,6820.0,2025-05-09 14:55:12,108,2025-05-09 14:55:14.967,6800.0,9967,6790.0,277,6780.0,2777,6770.0,202,6760.0,15300,6820.0,3000,6830.0,14949,6840.0,1996,6850.0,9678,6860.0,3084,2025-05-09 14:55:14.759,,2147483647,329652,False,nan
2824,408152,1611096223,MERV - XMEV - GGAL - 24hs,6820.0,2025-05-09 14:55:12,108,2025-05-09 14:55:15.559,6800.0,9967,6790.0,277,6780.0,2777,6770.0,202,6760.0,15300,6820.0,12892,6830.0,4949,6840.0,1996,6850.0,9678,6860.0,3084,2025-05-09 14:55:15.260,,2147483647,329652,False,nan
2825,408252,1611096354,MERV - XMEV - GGAL - 24hs,6820.0,2025-05-09 14:55:12,108,2025-05-09 14:55:15.976,6800.0,9967,6790.0,277,6780.0,2777,6770.0,202,6760.0,15300,6820.0,14000,6830.0,4949,6840.0,1996,6850.0,9678,6860.0,3084,2025-05-09 14:55:15.760,,2147483647,329652,False,nan
2826,408338,1611096466,MERV - XMEV - GGAL - 24hs,6820.0,2025-05-09 14:55:12,108,2025-05-09 14:55:16.686,6800.0,9967,6790.0,277,6780.0,2777,6770.0,202,6760.0,15300,6820.0,14000,6840.0,1996,6850.0,9678,6860.0,3084,6870.0,1992,2025-05-09 14:55:16.599,,2147483647,329652,False,nan
2827,408479,1611096677,MERV - XMEV - GGAL - 24hs,6820.0,2025-05-09 14:55:12,108,2025-05-09 14:55:18.068,6800.0,9967,6790.0,277,6780.0,2777,6770.0,202,6760.0,15300,6820.0,14000,6830.0,5000,6840.0,1996,6850.0,9678,6860.0,3084,2025-05-09 14:55:17.979,,2147483647,329652,False,nan
2828,408516,1611096743,MERV - XMEV - GGAL - 24hs,6820.0,2025-05-09 14:55:17,1,2025-05-09 14:55:18.702,6800.0,9967,6790.0,277,6780.0,2777,6770.0,202,6760.0,15300,6820.0,14000,6830.0,5000,6840.0,1996,6850.0,9678,6860.0,3084,2025-05-09 14:55:18.616,,2147483647,329652,True,offer
2829,408550,1611096781,MERV - XMEV - GGAL - 24hs,6820.0,2025-05-09 14:55:17,1,2025-05-09 14:55:19.419,6800.0,9967,6790.0,277,6780.0,2777,6770.0,202,6760.0,300,6820.0,12999,6830.0,5000,6840.0,1996,6850.0,9678,6860.0,3084,2025-05-09 14:55:19.280,,2147483647,329652,False,nan
2830,408648,1611096920,MERV - XMEV - GGAL - 24hs,6820.0,2025-05-09 14:55:17,1,2025-05-09 14:55:19.879,6800.0,9967,6790.0,277,6780.0,2777,6770.0,202,6760.0,300,6820.0,13999,6830.0,5000,6840.0,1996,6850.0,9678,6860.0,3084,2025-05-09 14:55:19.616,,2147483647,329653,False,nan
2831,408742,1611097055,MERV - XMEV - GGAL - 24hs,6820.0,2025-05-09 14:55:19,50,2025-05-09 14:55:20.316,6800.0,9967,6790.0,277,6780.0,2777,6770.0,202,6760.0,300,6820.0,13949,6830.0,5000,6840.0,1996,6850.0,9678,6860.0,3084,2025-05-09 14:55:20.116,,2147483647,329653,True,offer
2832,408788,1611097121,MERV - XMEV - GGAL - 24hs,6820.0,2025-05-09 14:55:19,50,2025-05-09 14:55:20.702,6800.0,9967,6790.0,277,6780.0,2777,6770.0,202,6760.0,300,6820.0,13949,6830.0,5000,6840.0,1996,6850.0,9678,6860.0,3084,2025-05-09 14:55:20.616,,2147483647,329703,False,nan
2833,409224,1611097739,MERV - XMEV - GGAL - 24hs,6820.0,2025-05-09 14:55:19,50,2025-05-09 14:55:23.934,6800.0,9967,6790.0,277,6780.0,2777,6770.0,202,6760.0,300,6820.0,13949,6830.0,5000,6840.0,2596,6850.0,9678,6860.0,3084,2025-05-09 14:55:23.849,,2147483647,329703,False,nan
2834,409562,1611098230,MERV - XMEV - GGAL - 24hs,6820.0,2025-05-09 14:55:19,50,2025-05-09 14:55:27.563,6800.0,9967,6790.0,277,6780.0,2777,6770.0,202,6760.0,300,6820.0,16949,6840.0,2596,6850.0,9678,6860.0,3084,6870.0,1992,2025-05-09 14:55:27.475,,2147483647,329703,False,nan
2835,409623,1611098319,MERV - XMEV - GGAL - 24hs,6820.0,2025-05-09 14:55:28,10,2025-05-09 14:55:28.283,6800.0,9967,6790.0,277,6780.0,2777,6770.0,202,6760.0,300,6820.0,16949,6840.0,2596,6850.0,9678,6860.0,3084,6870.0,1992,2025-05-09 14:55:28.197,,2147483647,329703,True,offer
2836,409696,1611098448,MERV - XMEV - GGAL - 24hs,6820.0,2025-05-09 14:55:28,10,2025-05-09 14:55:28.952,6800.0,9967,6790.0,277,6780.0,2777,6770.0,202,6760.0,300,6820.0,16939,6840.0,2596,6850.0,9678,6860.0,3084,6870.0,1992,2025-05-09 14:55:28.859,,2147483647,329703,False,nan
2837,409746,1611098525,MERV - XMEV - GGAL - 24hs,6820.0,2025-05-09 14:55:28,10,2025-05-09 14:55:29.446,6800.0,9967,6790.0,277,6780.0,2777,6770.0,202,6760.0,300,6820.0,16939,6840.0,2596,6850.0,9678,6860.0,3084,6870.0,1992,2025-05-09 14:55:29.359,,2147483647,329713,False,nan
2838,409974,1611098865,MERV - XMEV - GGAL - 24hs,6820.0,2025-05-09 14:55:28,10,2025-05-09 14:55:31.548,6810.0,200,6800.0,9891,6790.0,277,6780.0,2777,6770.0,209,6820.0,16939,6840.0,2596,6850.0,9678,6860.0,3084,6870.0,1992,2025-05-09 14:55:31.462,,2147483647,329713,False,nan
2839,410645,1611099878,MERV - XMEV - GGAL - 24hs,6820.0,2025-05-09 14:55:28,10,2025-05-09 14:55:39.695,6810.0,200,6800.0,9891,6790.0,277,6780.0,2777,6770.0,209,6820.0,19939,6840.0,2596,6850.0,9678,6860.0,3084,6870.0,1992,2025-05-09 14:55:39.600,,2147483647,329713,False,nan
2840,410712,1611099987,MERV - XMEV - GGAL - 24hs,6820.0,2025-05-09 14:55:28,10,2025-05-09 14:55:40.402,6810.0,200,6800.0,9891,6790.0,277,6780.0,2777,6770.0,209,6820.0,20939,6840.0,2596,6850.0,9678,6860.0,3084,6870.0,1992,2025-05-09 14:55:40.314,,2147483647,329713,False,nan
2841,410914,1611100288,MERV - XMEV - GGAL - 24hs,6820.0,2025-05-09 14:55:28,10,2025-05-09 14:55:41.904,6810.0,200,6800.0,9891,6790.0,277,6780.0,2777,6770.0,209,6820.0,18939,6840.0,2596,6850.0,9678,6860.0,3084,6870.0,1992,2025-05-09 14:55:41.818,,2147483647,329713,False,nan
2842,410964,1611100361,MERV - XMEV - GGAL - 24hs,6810.0,2025-05-09 14:55:42,200,2025-05-09 14:55:42.484,6810.0,200,6800.0,9891,6790.0,277,6780.0,2777,6770.0,209,6820.0,18939,6840.0,2596,6850.0,9678,6860.0,3084,6870.0,1992,2025-05-09 14:55:42.392,,2147483647,329713,True,bid
2843,411007,1611100428,MERV - XMEV - GGAL - 24hs,6810.0,2025-05-09 14:55:42,10,2025-05-09 14:55:42.979,6800.0,5129,6790.0,277,6780.0,2777,6770.0,202,6760.0,300,6810.0,4000,6820.0,10939,6840.0,2596,6850.0,9678,6860.0,3084,2025-05-09 14:55:42.892,,2147483647,334713,False,nan
2844,411068,1611100514,MERV - XMEV - GGAL - 24hs,6810.0,2025-05-09 14:55:42,10,2025-05-09 14:55:43.478,6800.0,5129,6790.0,277,6780.0,2777,6770.0,202,6760.0,300,6810.0,15990,6820.0,939,6840.0,2596,6850.0,9678,6860.0,3084,2025-05-09 14:55:43.392,,2147483647,334723,False,nan
2845,411196,1611100707,MERV - XMEV - GGAL - 24hs,6810.0,2025-05-09 14:55:42,10,2025-05-09 14:55:45.414,6800.0,5129,6790.0,277,6780.0,2777,6770.0,202,6760.0,300,6810.0,23000,6820.0,939,6840.0,2596,6850.0,9678,6860.0,3084,2025-05-09 14:55:45.328,,2147483647,334723,False,nan
2846,411267,1611100820,MERV - XMEV - GGAL - 24hs,6810.0,2025-05-09 14:55:42,10,2025-05-09 14:55:46.454,6800.0,5129,6790.0,277,6780.0,2777,6770.0,202,6760.0,300,6810.0,16000,6820.0,939,6840.0,2596,6850.0,9678,6860.0,3084,2025-05-09 14:55:46.363,,2147483647,334723,False,nan
2847,411385,1611100994,MERV - XMEV - GGAL - 24hs,6810.0,2025-05-09 14:55:42,10,2025-05-09 14:55:47.694,6800.0,5129,6790.0,277,6780.0,2777,6770.0,202,6760.0,300,6810.0,21000,6820.0,939,6840.0,2596,6850.0,9678,6860.0,3084,2025-05-09 14:55:47.284,,2147483647,334723,False,nan
2848,411434,1611101062,MERV - XMEV - GGAL - 24hs,6810.0,2025-05-09 14:55:42,10,2025-05-09 14:55:47.923,6800.0,5129,6790.0,277,6780.0,2777,6770.0,202,6760.0,300,6810.0,22000,6820.0,939,6840.0,2596,6850.0,9678,6860.0,3084,2025-05-09 14:55:47.835,,2147483647,334723,False,nan
2849,411479,1611101117,MERV - XMEV - GGAL - 24hs,6800.0,2025-05-09 14:55:48,38,2025-05-09 14:55:48.424,6800.0,5129,6790.0,277,6780.0,2777,6770.0,202,6760.0,300,6810.0,22000,6820.0,939,6840.0,2596,6850.0,9678,6860.0,3084,2025-05-09 14:55:48.336,,2147483647,334723,True,bid
2850,411556,1611101232,MERV - XMEV - GGAL - 24hs,6800.0,2025-05-09 14:55:48,38,2025-05-09 14:55:48.923,6790.0,277,6780.0,2777,6770.0,202,6760.0,300,6750.0,20430,6800.0,16412,6810.0,1000,6820.0,939,6840.0,2596,6850.0,9678,2025-05-09 14:55:48.835,,2147483647,334723,False,nan
2851,411598,1611101289,MERV - XMEV - GGAL - 24hs,6800.0,2025-05-09 14:55:48,38,2025-05-09 14:55:49.428,6790.0,277,6780.0,2777,6770.0,202,6760.0,300,6750.0,20430,6800.0,16412,6810.0,1000,6820.0,939,6840.0,2596,6850.0,9678,2025-05-09 14:55:49.337,,2147483647,339852,False,nan
2852,411648,1611101358,MERV - XMEV - GGAL - 24hs,6800.0,2025-05-09 14:55:48,38,2025-05-09 14:55:49.925,6790.0,277,6780.0,2777,6770.0,202,6760.0,300,6750.0,5430,6800.0,19412,6820.0,939,6840.0,2596,6850.0,9678,6860.0,3084,2025-05-09 14:55:49.837,,2147483647,339852,False,nan
2853,411993,1611101840,MERV - XMEV - GGAL - 24hs,6800.0,2025-05-09 14:55:48,38,2025-05-09 14:55:52.555,6790.0,777,6780.0,2777,6770.0,202,6760.0,300,6750.0,5430,6800.0,19412,6820.0,939,6840.0,2596,6850.0,9678,6860.0,3084,2025-05-09 14:55:52.468,,2147483647,339852,False,nan
2854,412210,1611102104,MERV - XMEV - GGAL - 24hs,6800.0,2025-05-09 14:55:48,38,2025-05-09 14:55:53.720,6790.0,777,6780.0,2777,6770.0,202,6760.0,300,6750.0,5430,6800.0,20412,6820.0,939,6840.0,2596,6850.0,9678,6860.0,3084,2025-05-09 14:55:53.634,,2147483647,339852,False,nan
2855,412289,1611102222,MERV - XMEV - GGAL - 24hs,6800.0,2025-05-09 14:55:48,38,2025-05-09 14:55:54.735,6790.0,777,6780.0,2777,6770.0,202,6760.0,300,6750.0,5430,6800.0,17412,6820.0,939,6840.0,2596,6850.0,9678,6860.0,3084,2025-05-09 14:55:54.646,,2147483647,339852,False,nan
2856,412744,1611102857,MERV - XMEV - GGAL - 24hs,6790.0,2025-05-09 14:55:57,100,2025-05-09 14:55:58.042,6790.0,777,6780.0,2777,6770.0,202,6760.0,300,6750.0,5430,6800.0,17412,6820.0,939,6840.0,2596,6850.0,9678,6860.0,3084,2025-05-09 14:55:57.956,,2147483647,339852,True,bid
2857,412795,1611102932,MERV - XMEV - GGAL - 24hs,6790.0,2025-05-09 14:55:58,1,2025-05-09 14:55:58.567,6790.0,777,6780.0,2777,6770.0,202,6760.0,300,6750.0,5430,6800.0,17412,6820.0,939,6840.0,2596,6850.0,9678,6860.0,3084,2025-05-09 14:55:58.456,,2147483647,340850,True,bid
2858,412838,1611102996,MERV - XMEV - GGAL - 24hs,6780.0,2025-05-09 14:55:58,35,2025-05-09 14:55:59.043,6780.0,2777,6770.0,202,6760.0,300,6750.0,5430,6740.0,1000,6790.0,1,6800.0,16412,6820.0,939,6840.0,2596,6850.0,9678,2025-05-09 14:55:58.956,,2147483647,345567,False,nan
2859,412940,1611103143,MERV - XMEV - GGAL - 24hs,6780.0,2025-05-09 14:55:59,10,2025-05-09 14:55:59.576,6770.0,240,6760.0,300,6750.0,5430,6740.0,1000,6730.0,10,6790.0,6988,6800.0,1412,6820.0,939,6840.0,2596,6850.0,9678,2025-05-09 14:55:59.456,,2147483647,348864,True,bid
2860,412988,1611103210,MERV - XMEV - GGAL - 24hs,6770.0,2025-05-09 14:55:59,38,2025-05-09 14:56:00.066,6770.0,240,6760.0,300,6750.0,5430,6740.0,1000,6730.0,10,6790.0,6988,6800.0,1412,6820.0,939,6840.0,2596,6850.0,9678,2025-05-09 14:55:59.956,,2147483647,348864,False,nan
2861,413045,1611103292,MERV - XMEV - GGAL - 24hs,6770.0,2025-05-09 14:55:59,38,2025-05-09 14:56:00.643,6760.0,300,6750.0,5430,6740.0,1000,6730.0,10,6720.0,15000,6770.0,3760,6780.0,6988,6800.0,1412,6820.0,939,6840.0,2596,2025-05-09 14:56:00.556,,2147483647,348864,False,nan
2862,413088,1611103353,MERV - XMEV - GGAL - 24hs,6770.0,2025-05-09 14:55:59,38,2025-05-09 14:56:01.145,6760.0,300,6750.0,5430,6740.0,1000,6730.0,10,6720.0,15000,6770.0,3760,6780.0,6988,6800.0,1412,6820.0,939,6840.0,2596,2025-05-09 14:56:01.056,,2147483647,349104,False,nan
2863,413125,1611103404,MERV - XMEV - GGAL - 24hs,6770.0,2025-05-09 14:55:59,38,2025-05-09 14:56:01.643,6760.0,300,6750.0,5430,6740.0,1000,6730.0,15010,6710.0,1,6770.0,3760,6790.0,6988,6800.0,1412,6820.0,939,6840.0,2596,2025-05-09 14:56:01.556,,2147483647,349104,False,nan
2864,413262,1611103587,MERV - XMEV - GGAL - 24hs,6770.0,2025-05-09 14:56:02,555,2025-05-09 14:56:03.264,6760.0,300,6750.0,5430,6740.0,1000,6730.0,15010,6710.0,1,6770.0,3760,6790.0,6988,6800.0,1412,6820.0,939,6840.0,2596,2025-05-09 14:56:02.990,,2147483647,349104,True,offer
2865,413316,1611103658,MERV - XMEV - GGAL - 24hs,6770.0,2025-05-09 14:56:02,555,2025-05-09 14:56:03.594,6760.0,300,6750.0,5430,6740.0,1000,6730.0,15010,6710.0,1,6770.0,3205,6790.0,6988,6800.0,1412,6820.0,939,6840.0,2596,2025-05-09 14:56:03.508,,2147483647,349104,False,nan
2866,413362,1611103729,MERV - XMEV - GGAL - 24hs,6770.0,2025-05-09 14:56:02,555,2025-05-09 14:56:04.095,6760.0,300,6750.0,5430,6740.0,1000,6730.0,15010,6710.0,1,6770.0,3205,6790.0,6988,6800.0,1412,6820.0,939,6840.0,2596,2025-05-09 14:56:04.008,,2147483647,349659,False,nan
2867,413556,1611104002,MERV - XMEV - GGAL - 24hs,6760.0,2025-05-09 14:56:05,100,2025-05-09 14:56:06.005,6760.0,300,6750.0,5430,6740.0,1000,6730.0,15010,6710.0,1,6770.0,3205,6790.0,6988,6800.0,1412,6820.0,939,6840.0,2596,2025-05-09 14:56:05.919,,2147483647,349659,True,bid
2868,413586,1611104051,MERV - XMEV - GGAL - 24hs,6760.0,2025-05-09 14:56:05,100,2025-05-09 14:56:06.511,6760.0,300,6750.0,5430,6740.0,1000,6730.0,15010,6710.0,1,6770.0,3205,6790.0,6988,6800.0,1412,6820.0,939,6840.0,2596,2025-05-09 14:56:06.419,,2147483647,349659,False,nan
2869,413635,1611104115,MERV - XMEV - GGAL - 24hs,6760.0,2025-05-09 14:56:05,100,2025-05-09 14:56:07.019,6750.0,5430,6740.0,1000,6730.0,15010,6710.0,1,6700.0,395,6760.0,639,6780.0,2000,6790.0,6988,6800.0,1412,6840.0,2596,2025-05-09 14:56:06.920,,2147483647,349959,False,nan
2870,413923,1611104516,MERV - XMEV - GGAL - 24hs,6760.0,2025-05-09 14:56:05,100,2025-05-09 14:56:09.035,6750.0,5430,6740.0,1000,6730.0,15010,6710.0,1,6700.0,395,6760.0,639,6780.0,2000,6790.0,6988,6800.0,1412,6840.0,4096,2025-05-09 14:56:08.931,,2147483647,349959,False,nan
2871,414329,1611105107,MERV - XMEV - GGAL - 24hs,6760.0,2025-05-09 14:56:12,1,2025-05-09 14:56:12.567,6750.0,5430,6740.0,1000,6730.0,15010,6710.0,1,6700.0,395,6760.0,639,6780.0,2000,6790.0,6988,6800.0,1412,6840.0,4096,2025-05-09 14:56:12.478,,2147483647,349959,True,offer
2872,414365,1611105151,MERV - XMEV - GGAL - 24hs,6760.0,2025-05-09 14:56:12,10,2025-05-09 14:56:13.066,6750.0,5430,6740.0,1000,6730.0,15010,6710.0,1,6700.0,395,6760.0,639,6780.0,2000,6790.0,6988,6800.0,1412,6840.0,4096,2025-05-09 14:56:12.978,,2147483647,349960,False,nan
2873,414430,1611105239,MERV - XMEV - GGAL - 24hs,6750.0,2025-05-09 14:56:13,3,2025-05-09 14:56:13.567,6750.0,5427,6740.0,1000,6730.0,15010,6710.0,1,6700.0,395,6760.0,628,6780.0,2000,6790.0,6988,6800.0,1412,6840.0,4096,2025-05-09 14:56:13.479,,2147483647,349973,True,bid
2874,414486,1611105314,MERV - XMEV - GGAL - 24hs,6750.0,2025-05-09 14:56:13,3,2025-05-09 14:56:14.064,6750.0,5427,6740.0,1000,6730.0,15010,6710.0,1,6700.0,395,6760.0,628,6780.0,2000,6790.0,7168,6800.0,1412,6840.0,4096,2025-05-09 14:56:13.978,,2147483647,349973,False,nan
2875,414682,1611105577,MERV - XMEV - GGAL - 24hs,6760.0,2025-05-09 14:56:16,1,2025-05-09 14:56:16.124,6750.0,5427,6740.0,1000,6730.0,15010,6710.0,1,6700.0,395,6760.0,628,6780.0,2000,6790.0,7168,6800.0,1412,6840.0,4096,2025-05-09 14:56:16.033,,2147483647,349973,True,offer
2876,414745,1611105667,MERV - XMEV - GGAL - 24hs,6760.0,2025-05-09 14:56:16,1,2025-05-09 14:56:16.851,6750.0,5427,6740.0,1000,6730.0,15010,6710.0,1,6700.0,395,6760.0,627,6780.0,2000,6790.0,7168,6800.0,1412,6840.0,4096,2025-05-09 14:56:16.729,,2147483647,349973,False,nan
2877,414789,1611105731,MERV - XMEV - GGAL - 24hs,6760.0,2025-05-09 14:56:16,1,2025-05-09 14:56:17.316,6750.0,5427,6740.0,1000,6730.0,15010,6710.0,1,6700.0,395,6760.0,627,6780.0,2000,6790.0,7168,6800.0,1412,6840.0,4096,2025-05-09 14:56:17.226,,2147483647,349974,False,nan
2878,415805,1611107100,MERV - XMEV - GGAL - 24hs,6760.0,2025-05-09 14:56:24,152,2025-05-09 14:56:25.069,6750.0,5427,6740.0,1000,6730.0,15010,6710.0,1,6700.0,395,6760.0,627,6780.0,2000,6790.0,7168,6800.0,1412,6840.0,4096,2025-05-09 14:56:24.983,,2147483647,349974,True,offer
2879,415878,1611107198,MERV - XMEV - GGAL - 24hs,6760.0,2025-05-09 14:56:24,152,2025-05-09 14:56:25.726,6750.0,5427,6740.0,1000,6730.0,15010,6710.0,1,6700.0,395,6760.0,475,6780.0,2000,6790.0,7168,6800.0,1412,6840.0,4096,2025-05-09 14:56:25.638,,2147483647,349974,False,nan
2880,415942,1611107286,MERV - XMEV - GGAL - 24hs,6760.0,2025-05-09 14:56:25,475,2025-05-09 14:56:26.231,6750.0,5427,6740.0,1000,6730.0,15010,6710.0,1,6700.0,395,6760.0,475,6780.0,2000,6790.0,7168,6800.0,1412,6840.0,4096,2025-05-09 14:56:26.144,,2147483647,350126,True,offer
2881,416079,1611107474,MERV - XMEV - GGAL - 24hs,6760.0,2025-05-09 14:56:25,475,2025-05-09 14:56:26.812,6760.0,152,6750.0,5427,6740.0,1000,6730.0,15010,6710.0,1,6780.0,2000,6790.0,7168,6800.0,1412,6840.0,4096,6850.0,9678,2025-05-09 14:56:26.638,,2147483647,350601,False,nan
2882,416209,1611107663,MERV - XMEV - GGAL - 24hs,6760.0,2025-05-09 14:56:25,475,2025-05-09 14:56:27.961,6760.0,281,6750.0,5427,6740.0,1000,6730.0,15010,6710.0,1,6780.0,2000,6790.0,7168,6800.0,1412,6840.0,4096,6850.0,9678,2025-05-09 14:56:27.875,,2147483647,350601,False,nan
2883,416260,1611107735,MERV - XMEV - GGAL - 24hs,6760.0,2025-05-09 14:56:28,29,2025-05-09 14:56:28.461,6760.0,281,6750.0,5427,6740.0,1000,6730.0,15010,6710.0,1,6780.0,2000,6790.0,7168,6800.0,1412,6840.0,4096,6850.0,9678,2025-05-09 14:56:28.375,,2147483647,350601,True,bid
2884,416325,1611107827,MERV - XMEV - GGAL - 24hs,6760.0,2025-05-09 14:56:28,29,2025-05-09 14:56:28.964,6760.0,252,6750.0,5427,6740.0,1000,6730.0,15010,6710.0,1,6780.0,2000,6790.0,7168,6800.0,1412,6840.0,4096,6850.0,9678,2025-05-09 14:56:28.875,,2147483647,350630,False,nan
2885,416493,1611108067,MERV - XMEV - GGAL - 24hs,6780.0,2025-05-09 14:56:30,2,2025-05-09 14:56:30.796,6760.0,252,6750.0,5427,6740.0,1000,6730.0,15010,6710.0,1,6780.0,2000,6790.0,7168,6800.0,1412,6840.0,4096,6850.0,9678,2025-05-09 14:56:30.706,,2147483647,350630,True,offer
2886,416569,1611108164,MERV - XMEV - GGAL - 24hs,6780.0,2025-05-09 14:56:30,2,2025-05-09 14:56:31.459,6760.0,752,6750.0,5427,6740.0,1000,6730.0,15010,6710.0,1,6780.0,2000,6790.0,7168,6800.0,1412,6840.0,4096,6850.0,9678,2025-05-09 14:56:31.372,,2147483647,350630,False,nan
2887,416595,1611108208,MERV - XMEV - GGAL - 24hs,6780.0,2025-05-09 14:56:30,2,2025-05-09 14:56:31.963,6760.0,752,6750.0,5427,6740.0,1000,6730.0,15010,6710.0,1,6780.0,2000,6790.0,7168,6800.0,1412,6840.0,4096,6850.0,9678,2025-05-09 14:56:31.874,,2147483647,350632,False,nan
2888,416792,1611108473,MERV - XMEV - GGAL - 24hs,6780.0,2025-05-09 14:56:30,2,2025-05-09 14:56:33.866,6760.0,752,6750.0,5427,6740.0,1000,6730.0,15010,6710.0,1,6790.0,9168,6800.0,1412,6840.0,4096,6850.0,9678,6860.0,3085,2025-05-09 14:56:33.687,,2147483647,350632,False,nan
2889,416927,1611108691,MERV - XMEV - GGAL - 24hs,6790.0,2025-05-09 14:56:33,15,2025-05-09 14:56:34.527,6760.0,752,6750.0,5427,6740.0,1000,6730.0,15010,6710.0,1,6790.0,9168,6800.0,1412,6840.0,4096,6850.0,9678,6860.0,3085,2025-05-09 14:56:34.188,,2147483647,350632,True,offer
2890,416962,1611108741,MERV - XMEV - GGAL - 24hs,6790.0,2025-05-09 14:56:33,15,2025-05-09 14:56:34.781,6760.0,752,6750.0,5427,6740.0,1000,6730.0,15010,6710.0,1,6790.0,9153,6800.0,1412,6840.0,4096,6850.0,9678,6860.0,3085,2025-05-09 14:56:34.687,,2147483647,350647,False,nan
2891,417366,1611109323,MERV - XMEV - GGAL - 24hs,6790.0,2025-05-09 14:56:33,15,2025-05-09 14:56:38.408,6760.0,752,6750.0,5427,6740.0,1000,6730.0,15010,6710.0,1,6790.0,9153,6800.0,1419,6840.0,4096,6850.0,9678,6860.0,3085,2025-05-09 14:56:38.316,,2147483647,350647,False,nan
2892,417564,1611109590,MERV - XMEV - GGAL - 24hs,6790.0,2025-05-09 14:56:33,15,2025-05-09 14:56:40.263,6760.0,802,6750.0,5427,6740.0,1000,6730.0,15010,6710.0,1,6790.0,9153,6800.0,1419,6840.0,4096,6850.0,9678,6860.0,3085,2025-05-09 14:56:40.175,,2147483647,350647,False,nan
2893,417717,1611109847,MERV - XMEV - GGAL - 24hs,6790.0,2025-05-09 14:56:33,15,2025-05-09 14:56:41.942,6760.0,1002,6750.0,5427,6740.0,1000,6730.0,15010,6710.0,1,6790.0,10153,6800.0,1419,6840.0,4096,6850.0,9678,6860.0,3085,2025-05-09 14:56:41.855,,2147483647,350647,False,nan
2894,417808,1611109967,MERV - XMEV - GGAL - 24hs,6790.0,2025-05-09 14:56:33,15,2025-05-09 14:56:43.106,6760.0,1002,6750.0,5460,6740.0,1000,6730.0,15010,6710.0,1,6790.0,180,6800.0,1419,6820.0,6973,6830.0,7000,6840.0,4096,2025-05-09 14:56:43.019,,2147483647,350647,False,nan
2895,417953,1611110150,MERV - XMEV - GGAL - 24hs,6790.0,2025-05-09 14:56:33,15,2025-05-09 14:56:44.084,6760.0,1002,6750.0,5460,6740.0,1000,6730.0,15010,6710.0,1,6790.0,180,6800.0,1419,6820.0,6973,6830.0,4000,6840.0,4096,2025-05-09 14:56:43.994,,2147483647,350647,False,nan
2896,418220,1611110543,MERV - XMEV - GGAL - 24hs,6790.0,2025-05-09 14:56:33,15,2025-05-09 14:56:47.070,6760.0,1002,6750.0,5460,6740.0,1500,6730.0,15010,6710.0,1,6790.0,180,6800.0,1419,6820.0,6973,6830.0,4000,6840.0,4096,2025-05-09 14:56:46.981,,2147483647,350647,False,nan
2897,418749,1611111292,MERV - XMEV - GGAL - 24hs,6790.0,2025-05-09 14:56:33,15,2025-05-09 14:56:52.323,6760.0,1002,6750.0,10460,6740.0,1500,6730.0,15010,6710.0,1,6790.0,180,6800.0,1419,6820.0,6973,6830.0,4000,6840.0,4096,2025-05-09 14:56:52.234,,2147483647,350647,False,nan
2898,419095,1611111785,MERV - XMEV - GGAL - 24hs,6790.0,2025-05-09 14:56:33,15,2025-05-09 14:56:55.940,6760.0,4256,6750.0,10460,6740.0,1500,6730.0,15010,6710.0,1,6790.0,180,6800.0,1419,6820.0,6973,6830.0,4000,6840.0,4096,2025-05-09 14:56:55.854,,2147483647,350647,False,nan
2899,419275,1611112041,MERV - XMEV - GGAL - 24hs,6790.0,2025-05-09 14:56:33,15,2025-05-09 14:56:57.953,6760.0,9256,6750.0,10460,6740.0,1500,6730.0,15010,6710.0,1,6790.0,180,6800.0,1419,6820.0,6973,6830.0,4000,6840.0,4096,2025-05-09 14:56:57.866,,2147483647,350647,False,nan
2900,419423,1611112240,MERV - XMEV - GGAL - 24hs,6790.0,2025-05-09 14:56:33,15,2025-05-09 14:56:59.287,6760.0,12256,6750.0,10460,6740.0,1500,6730.0,15010,6710.0,1,6790.0,180,6800.0,1419,6820.0,6973,6830.0,4000,6840.0,4096,2025-05-09 14:56:59.201,,2147483647,350647,False,nan
2901,419618,1611112526,MERV - XMEV - GGAL - 24hs,6790.0,2025-05-09 14:56:33,15,2025-05-09 14:57:00.962,6760.0,12257,6750.0,10460,6740.0,1574,6730.0,15010,6710.0,1,6790.0,180,6800.0,1419,6820.0,6973,6830.0,4000,6840.0,4096,2025-05-09 14:57:00.867,,2147483647,350647,False,nan
2902,419841,1611112838,MERV - XMEV - GGAL - 24hs,6790.0,2025-05-09 14:57:02,78,2025-05-09 14:57:02.823,6760.0,12257,6750.0,10460,6740.0,1574,6730.0,15010,6710.0,1,6790.0,180,6800.0,1419,6820.0,6973,6830.0,4000,6840.0,4096,2025-05-09 14:57:02.736,,2147483647,350647,True,offer
2903,419931,1611112959,MERV - XMEV - GGAL - 24hs,6790.0,2025-05-09 14:57:02,78,2025-05-09 14:57:03.588,6760.0,12257,6750.0,10460,6740.0,1574,6730.0,15010,6710.0,1,6790.0,180,6800.0,1419,6820.0,6973,6830.0,4000,6840.0,4096,2025-05-09 14:57:03.453,,2147483647,350725,False,nan
2904,419988,1611113050,MERV - XMEV - GGAL - 24hs,6790.0,2025-05-09 14:57:02,78,2025-05-09 14:57:04.042,6760.0,12257,6750.0,10460,6740.0,1574,6730.0,15010,6710.0,1,6790.0,102,6800.0,1419,6820.0,6973,6830.0,4000,6840.0,4096,2025-05-09 14:57:03.952,,2147483647,350725,False,nan
2905,420137,1611113244,MERV - XMEV - GGAL - 24hs,6790.0,2025-05-09 14:57:02,78,2025-05-09 14:57:05.350,6760.0,12757,6750.0,10460,6740.0,1574,6730.0,15010,6710.0,1,6790.0,102,6800.0,1419,6820.0,6973,6830.0,4000,6840.0,4096,2025-05-09 14:57:05.261,,2147483647,350725,False,nan
2906,420229,1611113370,MERV - XMEV - GGAL - 24hs,6790.0,2025-05-09 14:57:02,78,2025-05-09 14:57:06.536,6760.0,15757,6750.0,10460,6740.0,1574,6730.0,15010,6710.0,1,6790.0,102,6800.0,1419,6820.0,6973,6830.0,4000,6840.0,4096,2025-05-09 14:57:06.450,,2147483647,350725,False,nan
2907,420266,1611113423,MERV - XMEV - GGAL - 24hs,6790.0,2025-05-09 14:57:06,7,2025-05-09 14:57:07.078,6760.0,15757,6750.0,10460,6740.0,1574,6730.0,15010,6710.0,1,6790.0,102,6800.0,1419,6820.0,6973,6830.0,4000,6840.0,4096,2025-05-09 14:57:06.989,,2147483647,350725,True,offer
2908,420332,1611113518,MERV - XMEV - GGAL - 24hs,6790.0,2025-05-09 14:57:06,7,2025-05-09 14:57:07.763,6760.0,15758,6750.0,10460,6740.0,1574,6730.0,15010,6710.0,1,6790.0,95,6800.0,1419,6820.0,6973,6830.0,4000,6840.0,4096,2025-05-09 14:57:07.653,,2147483647,350725,False,nan
2909,420398,1611113604,MERV - XMEV - GGAL - 24hs,6790.0,2025-05-09 14:57:06,7,2025-05-09 14:57:08.240,6760.0,15758,6750.0,10460,6740.0,1574,6730.0,15010,6710.0,1,6790.0,95,6800.0,1419,6820.0,6973,6830.0,4000,6840.0,4096,2025-05-09 14:57:08.154,,2147483647,350732,False,nan
2910,420498,1611113745,MERV - XMEV - GGAL - 24hs,6790.0,2025-05-09 14:57:06,7,2025-05-09 14:57:09.620,6770.0,3000,6760.0,12758,6750.0,10460,6740.0,1574,6730.0,15010,6790.0,95,6800.0,1419,6820.0,6973,6830.0,4000,6840.0,4096,2025-05-09 14:57:09.422,,2147483647,350732,False,nan
2911,420949,1611114415,MERV - XMEV - GGAL - 24hs,6790.0,2025-05-09 14:57:06,7,2025-05-09 14:57:15.180,6770.0,3000,6760.0,12628,6750.0,10427,6740.0,1574,6730.0,15010,6790.0,95,6800.0,1419,6820.0,7973,6840.0,4096,6850.0,9678,2025-05-09 14:57:15.095,,2147483647,350732,False,nan
2912,421006,1611114497,MERV - XMEV - GGAL - 24hs,6790.0,2025-05-09 14:57:06,7,2025-05-09 14:57:16.269,6770.0,3000,6760.0,12628,6750.0,10427,6740.0,1574,6730.0,15010,6790.0,95,6800.0,1419,6820.0,9973,6840.0,4096,6850.0,9678,2025-05-09 14:57:16.179,,2147483647,350732,False,nan
2913,421382,1611115052,MERV - XMEV - GGAL - 24hs,6770.0,2025-05-09 14:57:19,5,2025-05-09 14:57:19.355,6770.0,3000,6760.0,12628,6750.0,10427,6740.0,1574,6730.0,15010,6790.0,95,6800.0,1419,6820.0,9973,6840.0,4096,6850.0,9678,2025-05-09 14:57:19.266,,2147483647,350732,True,bid
2914,421454,1611115153,MERV - XMEV - GGAL - 24hs,6770.0,2025-05-09 14:57:19,5,2025-05-09 14:57:19.976,6770.0,2995,6760.0,12628,6750.0,10427,6740.0,1574,6730.0,15010,6790.0,95,6800.0,1419,6820.0,9973,6840.0,4096,6850.0,9678,2025-05-09 14:57:19.891,,2147483647,350732,False,nan
2915,421516,1611115240,MERV - XMEV - GGAL - 24hs,6770.0,2025-05-09 14:57:19,5,2025-05-09 14:57:20.476,6770.0,2995,6760.0,12628,6750.0,10427,6740.0,1574,6730.0,15010,6790.0,95,6800.0,1419,6820.0,9973,6840.0,4096,6850.0,9678,2025-05-09 14:57:20.391,,2147483647,350737,False,nan
2916,421572,1611115335,MERV - XMEV - GGAL - 24hs,6770.0,2025-05-09 14:57:19,5,2025-05-09 14:57:20.977,6770.0,3495,6760.0,12628,6750.0,10427,6740.0,1574,6730.0,15010,6790.0,95,6800.0,1419,6820.0,9973,6840.0,4096,6850.0,9678,2025-05-09 14:57:20.891,,2147483647,350737,False,nan
2917,421665,1611115478,MERV - XMEV - GGAL - 24hs,6770.0,2025-05-09 14:57:19,5,2025-05-09 14:57:21.987,6770.0,3495,6760.0,12628,6750.0,10427,6740.0,1574,6730.0,15025,6790.0,95,6800.0,1419,6820.0,9973,6840.0,4096,6850.0,9678,2025-05-09 14:57:21.882,,2147483647,350737,False,nan
2918,421827,1611115712,MERV - XMEV - GGAL - 24hs,6770.0,2025-05-09 14:57:19,5,2025-05-09 14:57:23.719,6780.0,1429,6770.0,3495,6760.0,12628,6750.0,10427,6740.0,1574,6790.0,95,6800.0,1419,6820.0,9973,6840.0,4096,6850.0,9678,2025-05-09 14:57:23.630,,2147483647,350737,False,nan
2919,421928,1611115854,MERV - XMEV - GGAL - 24hs,6770.0,2025-05-09 14:57:19,5,2025-05-09 14:57:24.523,6770.0,3495,6760.0,13671,6750.0,10427,6740.0,1574,6730.0,15025,6790.0,95,6800.0,1419,6820.0,9973,6840.0,4096,6850.0,9678,2025-05-09 14:57:24.436,,2147483647,350737,False,nan
2920,422097,1611116084,MERV - XMEV - GGAL - 24hs,6770.0,2025-05-09 14:57:19,5,2025-05-09 14:57:26.203,6770.0,3672,6760.0,13671,6750.0,10427,6740.0,1574,6730.0,15025,6790.0,95,6800.0,1419,6820.0,9973,6840.0,4096,6850.0,9678,2025-05-09 14:57:26.111,,2147483647,350737,False,nan
2921,422422,1611116547,MERV - XMEV - GGAL - 24hs,6770.0,2025-05-09 14:57:19,5,2025-05-09 14:57:30.240,6780.0,14,6770.0,3672,6760.0,12628,6750.0,10427,6740.0,1574,6790.0,95,6800.0,1419,6820.0,9973,6840.0,4096,6850.0,9678,2025-05-09 14:57:30.105,,2147483647,350737,False,nan
2922,422631,1611116838,MERV - XMEV - GGAL - 24hs,6790.0,2025-05-09 14:57:31,3,2025-05-09 14:57:31.971,6780.0,14,6770.0,3672,6760.0,12628,6750.0,10427,6740.0,1574,6790.0,95,6800.0,1419,6820.0,9973,6840.0,4096,6850.0,9678,2025-05-09 14:57:31.866,,2147483647,350737,True,offer
2923,422670,1611116894,MERV - XMEV - GGAL - 24hs,6790.0,2025-05-09 14:57:31,3,2025-05-09 14:57:32.451,6780.0,14,6770.0,3672,6760.0,12628,6750.0,10427,6740.0,1574,6790.0,92,6800.0,1419,6820.0,9973,6840.0,2200,6850.0,9678,2025-05-09 14:57:32.365,,2147483647,350737,False,nan
2924,422723,1611116974,MERV - XMEV - GGAL - 24hs,6790.0,2025-05-09 14:57:31,3,2025-05-09 14:57:32.964,6780.0,14,6770.0,4401,6760.0,12628,6750.0,10427,6740.0,1574,6790.0,92,6800.0,1419,6820.0,9973,6840.0,2200,6850.0,9678,2025-05-09 14:57:32.865,,2147483647,350740,False,nan
2925,422913,1611117247,MERV - XMEV - GGAL - 24hs,6790.0,2025-05-09 14:57:34,92,2025-05-09 14:57:34.691,6780.0,14,6770.0,4401,6760.0,12628,6750.0,10427,6740.0,1574,6790.0,92,6800.0,1419,6820.0,9973,6840.0,2200,6850.0,9678,2025-05-09 14:57:34.605,,2147483647,350740,True,offer
2926,422959,1611117313,MERV - XMEV - GGAL - 24hs,6790.0,2025-05-09 14:57:34,92,2025-05-09 14:57:35.326,6790.0,14,6770.0,4411,6760.0,12628,6750.0,10427,6740.0,1574,6800.0,1419,6820.0,9973,6840.0,2200,6850.0,9678,6860.0,500,2025-05-09 14:57:35.241,,2147483647,350740,False,nan
2927,422998,1611117373,MERV - XMEV - GGAL - 24hs,6790.0,2025-05-09 14:57:34,92,2025-05-09 14:57:35.838,6790.0,14,6770.0,4411,6760.0,12628,6750.0,10427,6740.0,1574,6800.0,1419,6820.0,9973,6840.0,2200,6850.0,9678,6860.0,500,2025-05-09 14:57:35.742,,2147483647,350832,False,nan
2928,423050,1611117446,MERV - XMEV - GGAL - 24hs,6790.0,2025-05-09 14:57:34,92,2025-05-09 14:57:36.405,6790.0,14,6770.0,4525,6760.0,12628,6750.0,10427,6740.0,1574,6800.0,1419,6820.0,9973,6840.0,2200,6850.0,9678,6860.0,500,2025-05-09 14:57:36.319,,2147483647,350832,False,nan
2929,423456,1611118010,MERV - XMEV - GGAL - 24hs,6790.0,2025-05-09 14:57:34,92,2025-05-09 14:57:39.920,6790.0,14,6780.0,10,6770.0,4525,6760.0,12628,6750.0,10427,6800.0,1419,6820.0,9973,6840.0,2200,6850.0,9678,6860.0,500,2025-05-09 14:57:39.834,,2147483647,350832,False,nan
2930,424056,1611118866,MERV - XMEV - GGAL - 24hs,6790.0,2025-05-09 14:57:34,92,2025-05-09 14:57:44.617,6790.0,14,6780.0,10,6770.0,4525,6760.0,12628,6750.0,10427,6800.0,1419,6820.0,10973,6840.0,2200,6850.0,9678,6860.0,500,2025-05-09 14:57:44.528,,2147483647,350832,False,nan
2931,424538,1611119621,MERV - XMEV - GGAL - 24hs,6800.0,2025-05-09 14:57:49,2,2025-05-09 14:57:49.283,6790.0,14,6780.0,10,6770.0,4525,6760.0,12628,6750.0,10427,6800.0,1419,6820.0,10973,6840.0,2200,6850.0,9678,6860.0,500,2025-05-09 14:57:49.187,,2147483647,350832,True,offer
2932,424619,1611119752,MERV - XMEV - GGAL - 24hs,6800.0,2025-05-09 14:57:49,2,2025-05-09 14:57:49.990,6790.0,14,6780.0,10,6770.0,4525,6760.0,12628,6750.0,10427,6800.0,1417,6820.0,10973,6840.0,2200,6850.0,9678,6860.0,500,2025-05-09 14:57:49.859,,2147483647,350832,False,nan
2933,424651,1611119803,MERV - XMEV - GGAL - 24hs,6800.0,2025-05-09 14:57:49,2,2025-05-09 14:57:50.445,6790.0,14,6780.0,10,6770.0,4525,6760.0,12628,6750.0,10427,6800.0,1417,6820.0,10973,6840.0,2200,6850.0,9678,6860.0,500,2025-05-09 14:57:50.359,,2147483647,350834,False,nan
2934,424685,1611119869,MERV - XMEV - GGAL - 24hs,6800.0,2025-05-09 14:57:49,2,2025-05-09 14:57:50.968,6790.0,14,6780.0,10,6770.0,4525,6760.0,12628,6750.0,5427,6800.0,1417,6820.0,10973,6840.0,2200,6850.0,9678,6860.0,500,2025-05-09 14:57:50.883,,2147483647,350834,False,nan
2935,424843,1611120085,MERV - XMEV - GGAL - 24hs,6800.0,2025-05-09 14:57:49,2,2025-05-09 14:57:52.584,6790.0,14,6780.0,10,6770.0,4525,6760.0,12628,6750.0,6427,6800.0,1417,6820.0,8973,6840.0,2200,6850.0,9678,6860.0,500,2025-05-09 14:57:52.497,,2147483647,350834,False,nan
2936,424948,1611120233,MERV - XMEV - GGAL - 24hs,6800.0,2025-05-09 14:57:49,2,2025-05-09 14:57:53.647,6790.0,14,6780.0,10,6770.0,4525,6760.0,12628,6750.0,6427,6800.0,1417,6820.0,9973,6840.0,2200,6850.0,9678,6860.0,500,2025-05-09 14:57:53.561,,2147483647,350834,False,nan
2937,425095,1611120426,MERV - XMEV - GGAL - 24hs,6800.0,2025-05-09 14:57:49,2,2025-05-09 14:57:54.511,6790.0,14,6780.0,10,6770.0,4525,6760.0,12628,6750.0,6427,6800.0,1417,6820.0,8973,6840.0,2200,6850.0,9678,6860.0,500,2025-05-09 14:57:54.309,,2147483647,350834,False,nan
2938,425276,1611120679,MERV - XMEV - GGAL - 24hs,6800.0,2025-05-09 14:57:49,2,2025-05-09 14:57:56.200,6790.0,14,6780.0,10,6770.0,4525,6760.0,12628,6750.0,6427,6800.0,1417,6820.0,9973,6840.0,2200,6850.0,9678,6860.0,500,2025-05-09 14:57:56.104,,2147483647,350834,False,nan
2939,425420,1611120871,MERV - XMEV - GGAL - 24hs,6800.0,2025-05-09 14:57:49,2,2025-05-09 14:57:57.507,6790.0,14,6780.0,10,6770.0,4555,6760.0,12628,6750.0,6427,6800.0,1417,6820.0,8973,6840.0,2200,6850.0,9678,6860.0,500,2025-05-09 14:57:57.418,,2147483647,350834,False,nan
2940,425603,1611121110,MERV - XMEV - GGAL - 24hs,6800.0,2025-05-09 14:57:58,100,2025-05-09 14:57:58.871,6790.0,14,6780.0,10,6770.0,4555,6760.0,12628,6750.0,6427,6800.0,1417,6820.0,8973,6840.0,2200,6850.0,9678,6860.0,500,2025-05-09 14:57:58.779,,2147483647,350834,True,offer
2941,425665,1611121201,MERV - XMEV - GGAL - 24hs,6800.0,2025-05-09 14:57:58,100,2025-05-09 14:57:59.535,6790.0,14,6780.0,10,6770.0,4555,6760.0,12628,6750.0,6427,6800.0,1317,6820.0,8973,6840.0,2200,6850.0,9678,6860.0,500,2025-05-09 14:57:59.444,,2147483647,350834,False,nan
2942,425704,1611121254,MERV - XMEV - GGAL - 24hs,6800.0,2025-05-09 14:57:58,100,2025-05-09 14:58:00.047,6790.0,14,6780.0,10,6770.0,4555,6760.0,12628,6750.0,6427,6800.0,1317,6820.0,8973,6840.0,2200,6850.0,9678,6860.0,500,2025-05-09 14:57:59.944,,2147483647,350934,False,nan
2943,425826,1611121436,MERV - XMEV - GGAL - 24hs,6800.0,2025-05-09 14:57:58,100,2025-05-09 14:58:01.359,6790.0,14,6780.0,10,6770.0,4555,6760.0,12628,6750.0,6427,6800.0,1317,6820.0,9973,6840.0,2200,6850.0,9678,6860.0,500,2025-05-09 14:58:01.250,,2147483647,350934,False,nan
2944,425888,1611121523,MERV - XMEV - GGAL - 24hs,6800.0,2025-05-09 14:57:58,100,2025-05-09 14:58:02.036,6790.0,14,6780.0,10,6770.0,4555,6760.0,12628,6750.0,6427,6800.0,1317,6820.0,8973,6840.0,2200,6850.0,9678,6860.0,500,2025-05-09 14:58:01.951,,2147483647,350934,False,nan
2945,425995,1611121675,MERV - XMEV - GGAL - 24hs,6800.0,2025-05-09 14:57:58,100,2025-05-09 14:58:03.088,6790.0,14,6780.0,10,6770.0,4555,6760.0,12628,6750.0,6427,6800.0,1317,6820.0,9973,6840.0,2200,6850.0,9678,6860.0,500,2025-05-09 14:58:02.997,,2147483647,350934,False,nan
2946,426054,1611121757,MERV - XMEV - GGAL - 24hs,6800.0,2025-05-09 14:57:58,100,2025-05-09 14:58:03.798,6790.0,14,6780.0,10,6770.0,4555,6760.0,12628,6750.0,6427,6800.0,1317,6820.0,8973,6840.0,2200,6850.0,9678,6860.0,500,2025-05-09 14:58:03.706,,2147483647,350934,False,nan
2947,426132,1611121874,MERV - XMEV - GGAL - 24hs,6800.0,2025-05-09 14:57:58,100,2025-05-09 14:58:04.618,6790.0,14,6780.0,10,6770.0,4555,6760.0,12628,6750.0,6428,6800.0,1317,6820.0,8973,6840.0,2200,6850.0,9678,6860.0,500,2025-05-09 14:58:04.520,,2147483647,350934,False,nan
2948,426467,1611122363,MERV - XMEV - GGAL - 24hs,6800.0,2025-05-09 14:57:58,100,2025-05-09 14:58:07.582,6790.0,14,6780.0,10,6770.0,4518,6760.0,12628,6750.0,6428,6800.0,1317,6820.0,8973,6840.0,2200,6850.0,9678,6860.0,500,2025-05-09 14:58:07.465,,2147483647,350934,False,nan
2949,426616,1611122575,MERV - XMEV - GGAL - 24hs,6800.0,2025-05-09 14:57:58,100,2025-05-09 14:58:08.500,6790.0,14,6780.0,10,6770.0,4518,6760.0,12628,6750.0,6428,6800.0,1317,6820.0,14973,6840.0,2200,6850.0,9678,6860.0,500,2025-05-09 14:58:08.373,,2147483647,350934,False,nan
2950,426855,1611122917,MERV - XMEV - GGAL - 24hs,6800.0,2025-05-09 14:57:58,100,2025-05-09 14:58:09.975,6790.0,14,6780.0,10,6770.0,4518,6760.0,12628,6750.0,6428,6800.0,1317,6820.0,13973,6840.0,2200,6850.0,9678,6860.0,500,2025-05-09 14:58:09.576,,2147483647,350934,False,nan
2951,426965,1611123078,MERV - XMEV - GGAL - 24hs,6800.0,2025-05-09 14:57:58,100,2025-05-09 14:58:10.484,6790.0,14,6780.0,10,6770.0,4518,6760.0,12628,6750.0,6428,6800.0,1317,6820.0,14973,6840.0,2200,6850.0,9678,6860.0,500,2025-05-09 14:58:10.077,,2147483647,350934,False,nan
2952,427527,1611123862,MERV - XMEV - GGAL - 24hs,6800.0,2025-05-09 14:57:58,100,2025-05-09 14:58:13.301,6790.0,14,6780.0,10,6770.0,4518,6760.0,12628,6750.0,6428,6800.0,1327,6820.0,14973,6840.0,2200,6850.0,9678,6860.0,500,2025-05-09 14:58:13.215,,2147483647,350934,False,nan
2953,427745,1611124153,MERV - XMEV - GGAL - 24hs,6800.0,2025-05-09 14:57:58,100,2025-05-09 14:58:14.751,6790.0,14,6780.0,10,6770.0,4518,6760.0,12628,6750.0,6428,6800.0,1327,6820.0,14973,6840.0,2200,6850.0,9678,6860.0,501,2025-05-09 14:58:14.666,,2147483647,350934,False,nan
2954,427841,1611124267,MERV - XMEV - GGAL - 24hs,6800.0,2025-05-09 14:58:14,73,2025-05-09 14:58:15.283,6790.0,14,6780.0,10,6770.0,4518,6760.0,12628,6750.0,6428,6800.0,1327,6820.0,14973,6840.0,2200,6850.0,9678,6860.0,501,2025-05-09 14:58:15.171,,2147483647,350934,True,offer
2955,427919,1611124379,MERV - XMEV - GGAL - 24hs,6800.0,2025-05-09 14:58:15,10,2025-05-09 14:58:15.751,6790.0,1673,6780.0,10,6770.0,4508,6760.0,12628,6750.0,6428,6800.0,1244,6820.0,14973,6840.0,2200,6850.0,9678,6860.0,501,2025-05-09 14:58:15.666,,2147483647,351017,True,offer
2956,427966,1611124443,MERV - XMEV - GGAL - 24hs,6800.0,2025-05-09 14:58:15,10,2025-05-09 14:58:16.251,6790.0,14,6780.0,702,6770.0,4508,6760.0,12628,6750.0,6428,6800.0,1244,6820.0,14973,6840.0,2200,6850.0,9678,6860.0,501,2025-05-09 14:58:16.166,,2147483647,351017,False,nan
2957,428085,1611124620,MERV - XMEV - GGAL - 24hs,6800.0,2025-05-09 14:58:15,10,2025-05-09 14:58:17.395,6790.0,49,6780.0,10,6770.0,4508,6760.0,12628,6750.0,6428,6800.0,1244,6820.0,14973,6840.0,2200,6850.0,9678,6860.0,501,2025-05-09 14:58:17.310,,2147483647,351017,False,nan
2958,428453,1611125133,MERV - XMEV - GGAL - 24hs,6800.0,2025-05-09 14:58:19,1,2025-05-09 14:58:20.395,6790.0,49,6780.0,10,6770.0,4508,6760.0,12628,6750.0,6428,6800.0,1244,6820.0,14973,6840.0,2200,6850.0,9678,6860.0,501,2025-05-09 14:58:20.266,,2147483647,351017,True,offer
2959,428537,1611125259,MERV - XMEV - GGAL - 24hs,6800.0,2025-05-09 14:58:19,1,2025-05-09 14:58:20.855,6790.0,49,6780.0,10,6770.0,4508,6760.0,12628,6750.0,6428,6800.0,1243,6820.0,14973,6840.0,2200,6850.0,9678,6860.0,501,2025-05-09 14:58:20.761,,2147483647,351018,False,nan
2960,428583,1611125323,MERV - XMEV - GGAL - 24hs,6790.0,2025-05-09 14:58:21,7,2025-05-09 14:58:21.350,6790.0,49,6780.0,10,6770.0,4508,6760.0,12628,6750.0,6428,6800.0,1243,6820.0,14973,6840.0,2200,6850.0,9678,6860.0,501,2025-05-09 14:58:21.261,,2147483647,351018,True,bid
2961,428636,1611125411,MERV - XMEV - GGAL - 24hs,6790.0,2025-05-09 14:58:21,7,2025-05-09 14:58:21.940,6790.0,42,6780.0,10,6770.0,4508,6760.0,12628,6750.0,6428,6800.0,1243,6820.0,14973,6840.0,2200,6850.0,9678,6860.0,501,2025-05-09 14:58:21.851,,2147483647,351018,False,nan
2962,428666,1611125458,MERV - XMEV - GGAL - 24hs,6790.0,2025-05-09 14:58:21,7,2025-05-09 14:58:22.436,6790.0,42,6780.0,10,6770.0,4508,6760.0,12628,6750.0,6428,6800.0,1243,6820.0,14973,6840.0,2200,6850.0,9678,6860.0,501,2025-05-09 14:58:22.351,,2147483647,351025,False,nan
2963,429119,1611126049,MERV - XMEV - GGAL - 24hs,6790.0,2025-05-09 14:58:21,7,2025-05-09 14:58:26.394,6790.0,42,6780.0,910,6770.0,4508,6760.0,12628,6750.0,6428,6800.0,1243,6820.0,14973,6840.0,2200,6850.0,9678,6860.0,501,2025-05-09 14:58:26.309,,2147483647,351025,False,nan
2964,429250,1611126240,MERV - XMEV - GGAL - 24hs,6790.0,2025-05-09 14:58:21,7,2025-05-09 14:58:27.545,6790.0,42,6780.0,910,6770.0,4509,6760.0,12628,6750.0,6428,6800.0,1243,6820.0,14973,6840.0,2200,6850.0,9678,6860.0,501,2025-05-09 14:58:27.451,,2147483647,351025,False,nan
2965,429441,1611126507,MERV - XMEV - GGAL - 24hs,6790.0,2025-05-09 14:58:21,7,2025-05-09 14:58:29.008,6790.0,42,6780.0,910,6770.0,4509,6760.0,12628,6750.0,6428,6800.0,1243,6820.0,16973,6840.0,2200,6850.0,9678,6860.0,501,2025-05-09 14:58:28.923,,2147483647,351025,False,nan
2966,430458,1611127986,MERV - XMEV - GGAL - 24hs,6790.0,2025-05-09 14:58:37,7,2025-05-09 14:58:37.648,6790.0,42,6780.0,910,6770.0,4509,6760.0,12628,6750.0,6428,6800.0,1243,6820.0,16973,6840.0,2200,6850.0,9678,6860.0,501,2025-05-09 14:58:37.561,,2147483647,351025,True,bid
2967,430510,1611128073,MERV - XMEV - GGAL - 24hs,6790.0,2025-05-09 14:58:37,15,2025-05-09 14:58:38.150,6790.0,42,6780.0,910,6770.0,4509,6760.0,12628,6750.0,6428,6800.0,1243,6820.0,16973,6840.0,2200,6850.0,9678,6860.0,501,2025-05-09 14:58:38.062,,2147483647,351025,False,nan
2968,430623,1611128232,MERV - XMEV - GGAL - 24hs,6790.0,2025-05-09 14:58:37,15,2025-05-09 14:58:38.831,6780.0,910,6770.0,4509,6760.0,12628,6750.0,6428,6740.0,16574,6800.0,1243,6820.0,15973,6840.0,2200,6850.0,9678,6860.0,501,2025-05-09 14:58:38.563,,2147483647,351047,False,nan
2969,430666,1611128299,MERV - XMEV - GGAL - 24hs,6790.0,2025-05-09 14:58:37,15,2025-05-09 14:58:39.159,6790.0,35,6780.0,910,6770.0,4509,6760.0,12628,6750.0,6428,6800.0,1243,6820.0,16973,6840.0,2200,6850.0,9678,6860.0,501,2025-05-09 14:58:39.062,,2147483647,351047,False,nan
2970,430732,1611128405,MERV - XMEV - GGAL - 24hs,6790.0,2025-05-09 14:58:37,15,2025-05-09 14:58:39.968,6780.0,1264,6770.0,4509,6760.0,12628,6750.0,6428,6740.0,16574,6800.0,1243,6820.0,15973,6840.0,2200,6850.0,9678,6860.0,501,2025-05-09 14:58:39.877,,2147483647,351047,False,nan
2971,430814,1611128510,MERV - XMEV - GGAL - 24hs,6800.0,2025-05-09 14:58:40,15,2025-05-09 14:58:40.903,6780.0,1264,6770.0,4509,6760.0,12628,6750.0,6428,6740.0,16574,6800.0,1243,6820.0,15973,6840.0,2200,6850.0,9678,6860.0,501,2025-05-09 14:58:40.619,,2147483647,351047,True,offer
2972,430866,1611128584,MERV - XMEV - GGAL - 24hs,6800.0,2025-05-09 14:58:40,15,2025-05-09 14:58:41.132,6790.0,20,6780.0,919,6770.0,4509,6760.0,12628,6750.0,6428,6800.0,1228,6820.0,16973,6840.0,2200,6850.0,9678,6860.0,501,2025-05-09 14:58:40.940,,2147483647,351047,False,nan
2973,430912,1611128651,MERV - XMEV - GGAL - 24hs,6800.0,2025-05-09 14:58:40,15,2025-05-09 14:58:41.527,6790.0,20,6780.0,919,6770.0,4509,6760.0,12628,6750.0,6428,6800.0,1228,6820.0,16973,6840.0,2200,6850.0,9678,6860.0,501,2025-05-09 14:58:41.441,,2147483647,351062,False,nan
2974,430958,1611128727,MERV - XMEV - GGAL - 24hs,6800.0,2025-05-09 14:58:40,15,2025-05-09 14:58:42.031,6780.0,1264,6770.0,4509,6760.0,12628,6750.0,6428,6740.0,16574,6800.0,1228,6820.0,16973,6840.0,2200,6850.0,9678,6860.0,501,2025-05-09 14:58:41.940,,2147483647,351062,False,nan
2975,431110,1611128946,MERV - XMEV - GGAL - 24hs,6800.0,2025-05-09 14:58:40,15,2025-05-09 14:58:43.349,6790.0,20,6780.0,919,6770.0,4509,6760.0,12628,6750.0,21428,6800.0,1228,6810.0,6973,6820.0,7000,6840.0,2200,6850.0,9678,2025-05-09 14:58:43.264,,2147483647,351062,False,nan
2976,431177,1611129050,MERV - XMEV - GGAL - 24hs,6800.0,2025-05-09 14:58:40,15,2025-05-09 14:58:44.098,6790.0,20,6780.0,919,6770.0,4509,6760.0,12628,6750.0,21428,6800.0,1228,6810.0,6973,6820.0,6000,6840.0,2200,6850.0,9678,2025-05-09 14:58:44.004,,2147483647,351062,False,nan
2977,431255,1611129166,MERV - XMEV - GGAL - 24hs,6800.0,2025-05-09 14:58:40,15,2025-05-09 14:58:44.922,6780.0,1264,6770.0,4509,6760.0,12628,6750.0,21428,6740.0,1574,6800.0,1228,6810.0,6973,6820.0,6000,6840.0,2200,6850.0,9678,2025-05-09 14:58:44.836,,2147483647,351062,False,nan
2978,431420,1611129423,MERV - XMEV - GGAL - 24hs,6800.0,2025-05-09 14:58:40,15,2025-05-09 14:58:46.091,6790.0,20,6780.0,919,6770.0,4509,6760.0,12628,6750.0,21428,6800.0,1228,6820.0,13973,6840.0,2200,6850.0,9678,6860.0,501,2025-05-09 14:58:45.952,,2147483647,351062,False,nan
2979,431520,1611129573,MERV - XMEV - GGAL - 24hs,6800.0,2025-05-09 14:58:40,15,2025-05-09 14:58:46.951,6790.0,20,6780.0,919,6770.0,4509,6760.0,12628,6750.0,21428,6800.0,1228,6810.0,200,6820.0,13973,6840.0,2200,6850.0,9678,2025-05-09 14:58:46.861,,2147483647,351062,False,nan
2980,431605,1611129700,MERV - XMEV - GGAL - 24hs,6800.0,2025-05-09 14:58:40,15,2025-05-09 14:58:47.713,6790.0,2,6780.0,1264,6770.0,4509,6760.0,12628,6750.0,21428,6800.0,1228,6810.0,200,6820.0,15973,6840.0,2200,6850.0,9678,2025-05-09 14:58:47.627,,2147483647,351062,False,nan
2981,431726,1611129876,MERV - XMEV - GGAL - 24hs,6800.0,2025-05-09 14:58:40,15,2025-05-09 14:58:49.211,6790.0,22,6780.0,919,6770.0,4509,6760.0,12628,6750.0,21428,6800.0,1228,6810.0,200,6820.0,15973,6840.0,2200,6850.0,9678,2025-05-09 14:58:49.116,,2147483647,351062,False,nan
2982,431832,1611130019,MERV - XMEV - GGAL - 24hs,6800.0,2025-05-09 14:58:40,15,2025-05-09 14:58:49.904,6790.0,72,6780.0,919,6770.0,4509,6760.0,12628,6750.0,21428,6800.0,1228,6810.0,200,6820.0,15973,6840.0,2200,6850.0,9678,2025-05-09 14:58:49.810,,2147483647,351062,False,nan
2983,431929,1611130155,MERV - XMEV - GGAL - 24hs,6800.0,2025-05-09 14:58:40,15,2025-05-09 14:58:50.775,6790.0,52,6780.0,1264,6770.0,4509,6760.0,12628,6750.0,21428,6800.0,1228,6810.0,200,6820.0,15973,6840.0,2200,6850.0,9678,2025-05-09 14:58:50.676,,2147483647,351062,False,nan
2984,431975,1611130224,MERV - XMEV - GGAL - 24hs,6790.0,2025-05-09 14:58:50,6,2025-05-09 14:58:51.271,6790.0,52,6780.0,1264,6770.0,4509,6760.0,12628,6750.0,21428,6800.0,1228,6810.0,200,6820.0,15973,6840.0,2200,6850.0,9678,2025-05-09 14:58:51.176,,2147483647,351062,True,bid
2985,432013,1611130286,MERV - XMEV - GGAL - 24hs,6790.0,2025-05-09 14:58:50,6,2025-05-09 14:58:51.761,6790.0,64,6780.0,919,6770.0,4509,6760.0,12628,6750.0,21428,6800.0,1228,6810.0,200,6820.0,15973,6840.0,2200,6850.0,9678,2025-05-09 14:58:51.676,,2147483647,351070,False,nan
2986,432217,1611130550,MERV - XMEV - GGAL - 24hs,6790.0,2025-05-09 14:58:50,6,2025-05-09 14:58:53.301,6790.0,44,6780.0,1264,6770.0,4509,6760.0,12628,6750.0,21428,6800.0,1228,6810.0,200,6820.0,15973,6840.0,2200,6850.0,9678,2025-05-09 14:58:53.215,,2147483647,351070,False,nan
2987,432328,1611130715,MERV - XMEV - GGAL - 24hs,6790.0,2025-05-09 14:58:50,6,2025-05-09 14:58:54.403,6790.0,64,6780.0,919,6770.0,4509,6760.0,12628,6750.0,21428,6800.0,1228,6810.0,200,6820.0,16973,6840.0,2200,6850.0,9678,2025-05-09 14:58:54.313,,2147483647,351070,False,nan
2988,432424,1611130840,MERV - XMEV - GGAL - 24hs,6800.0,2025-05-09 14:58:55,1,2025-05-09 14:58:55.247,6790.0,64,6780.0,919,6770.0,4509,6760.0,12628,6750.0,21428,6800.0,1228,6810.0,200,6820.0,16973,6840.0,2200,6850.0,9678,2025-05-09 14:58:55.162,,2147483647,351070,True,offer
2989,432517,1611130971,MERV - XMEV - GGAL - 24hs,6800.0,2025-05-09 14:58:55,1,2025-05-09 14:58:55.913,6790.0,44,6780.0,1264,6770.0,4509,6760.0,12628,6750.0,21428,6800.0,1227,6810.0,200,6820.0,16973,6840.0,2200,6850.0,9678,2025-05-09 14:58:55.824,,2147483647,351070,False,nan
2990,432550,1611131020,MERV - XMEV - GGAL - 24hs,6800.0,2025-05-09 14:58:55,1,2025-05-09 14:58:56.405,6790.0,44,6780.0,1264,6770.0,4509,6760.0,12628,6750.0,21428,6800.0,1227,6810.0,200,6820.0,16973,6840.0,2200,6850.0,9678,2025-05-09 14:58:56.320,,2147483647,351071,False,nan
2991,432601,1611131100,MERV - XMEV - GGAL - 24hs,6800.0,2025-05-09 14:58:55,1,2025-05-09 14:58:56.906,6790.0,44,6780.0,1264,6770.0,4509,6760.0,12428,6750.0,21428,6800.0,1227,6810.0,200,6820.0,17973,6840.0,2200,6850.0,9678,2025-05-09 14:58:56.819,,2147483647,351071,False,nan
2992,432655,1611131185,MERV - XMEV - GGAL - 24hs,6800.0,2025-05-09 14:58:55,1,2025-05-09 14:58:57.459,6790.0,64,6780.0,919,6770.0,4509,6760.0,12428,6750.0,21428,6800.0,1227,6810.0,200,6820.0,18973,6840.0,2200,6850.0,9678,2025-05-09 14:58:57.351,,2147483647,351071,False,nan
2993,432821,1611131436,MERV - XMEV - GGAL - 24hs,6800.0,2025-05-09 14:58:55,1,2025-05-09 14:58:58.795,6790.0,44,6780.0,1255,6770.0,4254,6760.0,12428,6750.0,21427,6800.0,1227,6820.0,18973,6840.0,2200,6850.0,9678,6860.0,500,2025-05-09 14:58:58.555,,2147483647,351071,False,nan
2994,432999,1611131686,MERV - XMEV - GGAL - 24hs,6800.0,2025-05-09 14:58:55,1,2025-05-09 14:59:00.153,6790.0,64,6780.0,910,6770.0,4254,6760.0,12428,6750.0,21427,6800.0,1227,6820.0,18973,6840.0,2200,6850.0,9678,6860.0,500,2025-05-09 14:59:00.067,,2147483647,351071,False,nan
2995,433134,1611131876,MERV - XMEV - GGAL - 24hs,6800.0,2025-05-09 14:58:55,1,2025-05-09 14:59:01.407,6790.0,44,6780.0,1255,6770.0,4224,6760.0,12428,6750.0,21457,6800.0,1227,6820.0,18973,6840.0,2200,6850.0,9678,6860.0,500,2025-05-09 14:59:01.320,,2147483647,351071,False,nan
2996,433310,1611132137,MERV - XMEV - GGAL - 24hs,6800.0,2025-05-09 14:58:55,1,2025-05-09 14:59:02.920,6790.0,64,6780.0,3905,6770.0,1229,6760.0,12428,6750.0,21457,6800.0,1227,6820.0,18973,6840.0,2200,6850.0,9678,6860.0,500,2025-05-09 14:59:02.831,,2147483647,351071,False,nan
2997,433447,1611132328,MERV - XMEV - GGAL - 24hs,6800.0,2025-05-09 14:58:55,1,2025-05-09 14:59:04.255,6790.0,44,6780.0,4250,6770.0,1229,6760.0,12428,6750.0,21457,6800.0,1227,6820.0,18973,6840.0,2200,6850.0,9678,6860.0,500,2025-05-09 14:59:04.146,,2147483647,351071,False,nan
2998,433591,1611132540,MERV - XMEV - GGAL - 24hs,6800.0,2025-05-09 14:58:55,1,2025-05-09 14:59:05.834,6790.0,64,6780.0,3905,6770.0,1229,6760.0,12428,6750.0,21457,6800.0,1227,6820.0,13973,6840.0,2200,6850.0,9678,6860.0,500,2025-05-09 14:59:05.722,,2147483647,351071,False,nan
2999,433731,1611132732,MERV - XMEV - GGAL - 24hs,6800.0,2025-05-09 14:58:55,1,2025-05-09 14:59:07.210,6790.0,44,6780.0,4250,6770.0,1229,6760.0,12428,6750.0,21457,6800.0,1227,6820.0,18973,6840.0,2200,6850.0,9678,6860.0,500,2025-05-09 14:59:07.125,,2147483647,351071,False,nan
3000,433842,1611132895,MERV - XMEV - GGAL - 24hs,6800.0,2025-05-09 14:58:55,1,2025-05-09 14:59:08.315,6790.0,64,6780.0,4155,6770.0,1229,6760.0,12428,6750.0,21457,6800.0,1227,6820.0,18973,6840.0,2200,6850.0,9678,6860.0,500,2025-05-09 14:59:08.222,,2147483647,351071,False,nan
3001,433978,1611133087,MERV - XMEV - GGAL - 24hs,6800.0,2025-05-09 14:58:55,1,2025-05-09 14:59:09.596,6790.0,44,6780.0,4500,6770.0,1229,6760.0,12428,6750.0,21457,6800.0,1227,6820.0,18973,6840.0,2200,6850.0,9678,6860.0,570,2025-05-09 14:59:09.501,,2147483647,351071,False,nan
3002,434117,1611133293,MERV - XMEV - GGAL - 24hs,6800.0,2025-05-09 14:58:55,1,2025-05-09 14:59:10.719,6790.0,64,6780.0,4155,6770.0,1229,6760.0,12428,6750.0,21457,6800.0,1227,6820.0,15973,6840.0,2200,6850.0,9678,6860.0,570,2025-05-09 14:59:10.627,,2147483647,351071,False,nan
3003,434182,1611133382,MERV - XMEV - GGAL - 24hs,6800.0,2025-05-09 14:58:55,1,2025-05-09 14:59:11.468,6790.0,64,6780.0,4155,6770.0,1229,6760.0,12428,6750.0,21457,6800.0,1227,6820.0,19973,6840.0,2200,6850.0,9678,6860.0,570,2025-05-09 14:59:11.379,,2147483647,351071,False,nan
3004,434246,1611133482,MERV - XMEV - GGAL - 24hs,6800.0,2025-05-09 14:58:55,1,2025-05-09 14:59:12.252,6790.0,44,6780.0,4500,6770.0,1229,6760.0,12428,6750.0,21457,6800.0,1227,6820.0,19973,6840.0,2200,6850.0,9678,6860.0,570,2025-05-09 14:59:12.167,,2147483647,351071,False,nan
3005,434337,1611133623,MERV - XMEV - GGAL - 24hs,6800.0,2025-05-09 14:58:55,1,2025-05-09 14:59:13.247,6790.0,64,6780.0,4155,6770.0,1229,6760.0,12428,6750.0,21457,6800.0,1227,6820.0,19973,6840.0,2200,6850.0,9678,6860.0,570,2025-05-09 14:59:13.156,,2147483647,351071,False,nan
3006,434470,1611133830,MERV - XMEV - GGAL - 24hs,6790.0,2025-05-09 14:59:14,25,2025-05-09 14:59:14.555,6790.0,64,6780.0,4155,6770.0,1229,6760.0,12428,6750.0,21457,6800.0,1227,6820.0,19973,6840.0,2200,6850.0,9678,6860.0,570,2025-05-09 14:59:14.318,,2147483647,351071,True,bid
3007,434520,1611133900,MERV - XMEV - GGAL - 24hs,6790.0,2025-05-09 14:59:14,25,2025-05-09 14:59:14.905,6790.0,19,6780.0,4500,6770.0,1229,6760.0,12428,6750.0,21457,6800.0,1227,6820.0,19973,6840.0,2200,6850.0,9678,6860.0,570,2025-05-09 14:59:14.819,,2147483647,351071,False,nan
3008,434553,1611133941,MERV - XMEV - GGAL - 24hs,6790.0,2025-05-09 14:59:14,25,2025-05-09 14:59:15.410,6790.0,19,6780.0,4500,6770.0,1229,6760.0,12428,6750.0,21457,6800.0,1227,6820.0,19973,6840.0,2200,6850.0,9678,6860.0,570,2025-05-09 14:59:15.319,,2147483647,351096,False,nan
3009,434676,1611134111,MERV - XMEV - GGAL - 24hs,6790.0,2025-05-09 14:59:14,25,2025-05-09 14:59:16.401,6790.0,39,6780.0,4155,6770.0,1229,6760.0,12428,6750.0,21457,6800.0,1227,6820.0,18973,6840.0,2200,6850.0,9678,6860.0,570,2025-05-09 14:59:16.315,,2147483647,351096,False,nan
3010,434940,1611134474,MERV - XMEV - GGAL - 24hs,6790.0,2025-05-09 14:59:14,25,2025-05-09 14:59:17.937,6790.0,19,6780.0,4847,6770.0,1229,6760.0,12428,6750.0,21457,6800.0,1227,6820.0,18973,6840.0,2200,6850.0,9678,6860.0,570,2025-05-09 14:59:17.852,,2147483647,351096,False,nan
3011,435271,1611134926,MERV - XMEV - GGAL - 24hs,6790.0,2025-05-09 14:59:14,25,2025-05-09 14:59:20.265,6790.0,39,6780.0,4155,6770.0,1229,6760.0,12428,6750.0,21457,6800.0,1227,6820.0,18973,6840.0,2200,6850.0,9678,6860.0,570,2025-05-09 14:59:20.168,,2147483647,351096,False,nan
3012,435436,1611135146,MERV - XMEV - GGAL - 24hs,6790.0,2025-05-09 14:59:14,25,2025-05-09 14:59:21.892,6790.0,19,6780.0,4847,6770.0,1229,6760.0,12428,6750.0,21457,6800.0,1227,6820.0,18973,6840.0,2200,6850.0,9678,6860.0,570,2025-05-09 14:59:21.785,,2147483647,351096,False,nan
3013,435679,1611135504,MERV - XMEV - GGAL - 24hs,6790.0,2025-05-09 14:59:14,25,2025-05-09 14:59:23.731,6790.0,38,6780.0,4155,6770.0,1229,6760.0,12428,6750.0,21457,6800.0,1227,6820.0,14973,6840.0,2200,6850.0,9678,6860.0,570,2025-05-09 14:59:23.337,,2147483647,351096,False,nan
3014,435760,1611135600,MERV - XMEV - GGAL - 24hs,6790.0,2025-05-09 14:59:23,19,2025-05-09 14:59:24.032,6790.0,38,6780.0,4155,6770.0,1229,6760.0,12428,6750.0,21457,6800.0,1227,6820.0,14973,6840.0,2200,6850.0,9678,6860.0,570,2025-05-09 14:59:23.843,,2147483647,351096,True,bid
3015,435795,1611135657,MERV - XMEV - GGAL - 24hs,6790.0,2025-05-09 14:59:23,13,2025-05-09 14:59:24.431,6780.0,4155,6770.0,1229,6760.0,12428,6750.0,21457,6740.0,1674,6800.0,1227,6820.0,19973,6840.0,2200,6850.0,9678,6860.0,570,2025-05-09 14:59:24.343,,2147483647,351096,False,nan
3016,435887,1611135768,MERV - XMEV - GGAL - 24hs,6790.0,2025-05-09 14:59:23,13,2025-05-09 14:59:25.314,6780.0,4155,6770.0,1229,6760.0,12428,6750.0,21457,6740.0,1674,6800.0,1227,6820.0,19973,6840.0,2200,6850.0,9678,6860.0,570,2025-05-09 14:59:25.188,,2147483647,351128,False,nan
3017,435969,1611135898,MERV - XMEV - GGAL - 24hs,6780.0,2025-05-09 14:59:25,2,2025-05-09 14:59:25.740,6780.0,4155,6770.0,1229,6760.0,12428,6750.0,21457,6740.0,1674,6800.0,1227,6820.0,19973,6840.0,2200,6850.0,9678,6860.0,570,2025-05-09 14:59:25.653,,2147483647,351128,True,bid
3018,436069,1611136052,MERV - XMEV - GGAL - 24hs,6780.0,2025-05-09 14:59:25,2,2025-05-09 14:59:26.424,6780.0,4153,6770.0,1229,6760.0,12428,6750.0,21457,6740.0,1674,6800.0,1227,6820.0,19973,6840.0,2200,6850.0,9678,6860.0,570,2025-05-09 14:59:26.320,,2147483647,351128,False,nan
3019,436112,1611136116,MERV - XMEV - GGAL - 24hs,6780.0,2025-05-09 14:59:25,2,2025-05-09 14:59:26.909,6780.0,4153,6770.0,1229,6760.0,12428,6750.0,21457,6740.0,1674,6800.0,1227,6820.0,19973,6840.0,2200,6850.0,9678,6860.0,570,2025-05-09 14:59:26.821,,2147483647,351130,False,nan
3020,436184,1611136224,MERV - XMEV - GGAL - 24hs,6780.0,2025-05-09 14:59:25,2,2025-05-09 14:59:27.712,6780.0,4153,6770.0,1229,6760.0,12428,6750.0,21457,6740.0,1674,6800.0,1227,6820.0,20973,6840.0,2200,6850.0,9678,6860.0,570,2025-05-09 14:59:27.612,,2147483647,351130,False,nan
3021,436279,1611136357,MERV - XMEV - GGAL - 24hs,6780.0,2025-05-09 14:59:25,2,2025-05-09 14:59:28.580,6790.0,300,6780.0,4153,6770.0,1229,6760.0,12428,6750.0,21457,6800.0,1227,6820.0,20973,6840.0,2200,6850.0,9678,6860.0,570,2025-05-09 14:59:28.478,,2147483647,351130,False,nan
3022,436727,1611136990,MERV - XMEV - GGAL - 24hs,6780.0,2025-05-09 14:59:25,2,2025-05-09 14:59:32.630,6790.0,300,6780.0,4153,6770.0,1229,6760.0,12428,6750.0,21457,6800.0,1227,6820.0,21973,6840.0,2200,6850.0,9678,6860.0,570,2025-05-09 14:59:32.543,,2147483647,351130,False,nan
3023,436811,1611137105,MERV - XMEV - GGAL - 24hs,6780.0,2025-05-09 14:59:25,2,2025-05-09 14:59:33.381,6790.0,300,6780.0,4153,6770.0,1229,6760.0,12428,6750.0,21457,6800.0,1227,6820.0,22973,6840.0,2200,6850.0,9678,6860.0,570,2025-05-09 14:59:33.293,,2147483647,351130,False,nan
3024,437098,1611137522,MERV - XMEV - GGAL - 24hs,6780.0,2025-05-09 14:59:25,2,2025-05-09 14:59:35.736,6790.0,300,6780.0,5192,6770.0,1229,6760.0,12428,6750.0,21457,6800.0,1227,6820.0,22973,6840.0,2200,6850.0,9678,6860.0,570,2025-05-09 14:59:35.639,,2147483647,351130,False,nan
3025,437191,1611137651,MERV - XMEV - GGAL - 24hs,6800.0,2025-05-09 14:59:36,200,2025-05-09 14:59:36.512,6790.0,300,6780.0,5192,6770.0,1229,6760.0,12428,6750.0,21457,6800.0,1227,6820.0,22973,6840.0,2200,6850.0,9678,6860.0,570,2025-05-09 14:59:36.426,,2147483647,351130,True,offer
3026,437249,1611137727,MERV - XMEV - GGAL - 24hs,6800.0,2025-05-09 14:59:36,200,2025-05-09 14:59:37.012,6790.0,300,6780.0,5192,6770.0,1229,6760.0,12428,6750.0,21457,6800.0,1027,6820.0,22973,6840.0,2200,6850.0,9678,6860.0,570,2025-05-09 14:59:36.927,,2147483647,351130,False,nan
3027,437291,1611137783,MERV - XMEV - GGAL - 24hs,6800.0,2025-05-09 14:59:36,200,2025-05-09 14:59:37.520,6790.0,300,6780.0,5192,6770.0,1229,6760.0,12428,6750.0,21457,6800.0,1027,6820.0,22973,6840.0,2200,6850.0,9678,6860.0,570,2025-05-09 14:59:37.426,,2147483647,351330,False,nan
3028,437360,1611137883,MERV - XMEV - GGAL - 24hs,6800.0,2025-05-09 14:59:36,200,2025-05-09 14:59:38.025,6790.0,1300,6780.0,5692,6770.0,1229,6760.0,12428,6750.0,21457,6800.0,1027,6820.0,22973,6840.0,2200,6850.0,9678,6860.0,570,2025-05-09 14:59:37.936,,2147483647,351330,False,nan
3029,437630,1611138249,MERV - XMEV - GGAL - 24hs,6800.0,2025-05-09 14:59:36,200,2025-05-09 14:59:40.236,6790.0,1300,6780.0,5992,6770.0,4229,6760.0,9428,6750.0,21457,6800.0,1027,6820.0,22973,6840.0,2200,6850.0,9678,6860.0,570,2025-05-09 14:59:40.151,,2147483647,351330,False,nan
3030,437834,1611138536,MERV - XMEV - GGAL - 24hs,6800.0,2025-05-09 14:59:36,200,2025-05-09 14:59:41.711,6790.0,1300,6780.0,5645,6770.0,4229,6760.0,9428,6750.0,21457,6800.0,1027,6820.0,22973,6840.0,2200,6850.0,9678,6860.0,570,2025-05-09 14:59:41.594,,2147483647,351330,False,nan
3031,437991,1611138770,MERV - XMEV - GGAL - 24hs,6800.0,2025-05-09 14:59:36,200,2025-05-09 14:59:42.936,6790.0,1300,6780.0,5634,6770.0,4229,6760.0,9428,6750.0,21457,6800.0,1027,6820.0,22973,6840.0,2200,6850.0,9678,6860.0,570,2025-05-09 14:59:42.850,,2147483647,351330,False,nan
3032,438084,1611138890,MERV - XMEV - GGAL - 24hs,6800.0,2025-05-09 14:59:36,200,2025-05-09 14:59:44.179,6790.0,1329,6780.0,5334,6770.0,4229,6760.0,9428,6750.0,21457,6800.0,1027,6820.0,22973,6840.0,2200,6850.0,9678,6860.0,570,2025-05-09 14:59:44.021,,2147483647,351330,False,nan
3033,438279,1611139133,MERV - XMEV - GGAL - 24hs,6800.0,2025-05-09 14:59:36,200,2025-05-09 14:59:44.930,6790.0,1329,6780.0,5334,6770.0,4229,6760.0,9428,6750.0,21457,6800.0,1027,6810.0,6973,6820.0,13000,6840.0,2200,6850.0,9678,2025-05-09 14:59:44.714,,2147483647,351330,False,nan
3034,438451,1611139347,MERV - XMEV - GGAL - 24hs,6800.0,2025-05-09 14:59:36,200,2025-05-09 14:59:45.700,6790.0,1426,6780.0,5345,6770.0,4229,6760.0,9428,6750.0,21457,6800.0,1027,6810.0,6973,6820.0,12000,6840.0,2200,6850.0,9678,2025-05-09 14:59:45.581,,2147483647,351330,False,nan
3035,438767,1611139785,MERV - XMEV - GGAL - 24hs,6800.0,2025-05-09 14:59:36,200,2025-05-09 14:59:47.684,6790.0,1771,6780.0,4653,6770.0,4229,6760.0,9428,6750.0,21457,6800.0,1027,6810.0,7973,6820.0,5000,6840.0,2200,6850.0,9678,2025-05-09 14:59:47.591,,2147483647,351330,False,nan
3036,438847,1611139915,MERV - XMEV - GGAL - 24hs,6800.0,2025-05-09 14:59:36,200,2025-05-09 14:59:48.670,6790.0,1771,6780.0,4653,6770.0,4229,6760.0,9428,6750.0,21457,6800.0,1027,6810.0,12973,6840.0,2200,6850.0,9678,6860.0,570,2025-05-09 14:59:48.584,,2147483647,351330,False,nan
3037,438946,1611140054,MERV - XMEV - GGAL - 24hs,6800.0,2025-05-09 14:59:36,200,2025-05-09 14:59:49.699,6790.0,2071,6780.0,4653,6770.0,4229,6760.0,9428,6750.0,21457,6800.0,1027,6810.0,12973,6840.0,2200,6850.0,9678,6860.0,570,2025-05-09 14:59:49.591,,2147483647,351330,False,nan
3038,439156,1611140335,MERV - XMEV - GGAL - 24hs,6800.0,2025-05-09 14:59:36,200,2025-05-09 14:59:51.492,6790.0,2071,6780.0,4653,6770.0,4229,6760.0,9428,6750.0,21457,6800.0,1027,6810.0,13973,6840.0,2200,6850.0,9678,6860.0,570,2025-05-09 14:59:51.368,,2147483647,351330,False,nan
3039,439204,1611140413,MERV - XMEV - GGAL - 24hs,6800.0,2025-05-09 14:59:52,10,2025-05-09 14:59:52.156,6790.0,2071,6780.0,4653,6770.0,4229,6760.0,9428,6750.0,21457,6800.0,1027,6810.0,13973,6840.0,2200,6850.0,9678,6860.0,570,2025-05-09 14:59:52.070,,2147483647,351330,True,offer
3040,439271,1611140514,MERV - XMEV - GGAL - 24hs,6800.0,2025-05-09 14:59:52,10,2025-05-09 14:59:52.662,6790.0,2071,6780.0,4653,6770.0,4229,6760.0,9428,6750.0,21457,6800.0,1017,6810.0,12973,6840.0,2200,6850.0,9678,6860.0,570,2025-05-09 14:59:52.570,,2147483647,351330,False,nan
3041,439357,1611140649,MERV - XMEV - GGAL - 24hs,6800.0,2025-05-09 14:59:52,10,2025-05-09 14:59:53.211,6790.0,2071,6780.0,4653,6770.0,4229,6760.0,9428,6750.0,21457,6800.0,1017,6810.0,12973,6840.0,2200,6850.0,9678,6860.0,570,2025-05-09 14:59:53.071,,2147483647,351340,False,nan
3042,439407,1611140722,MERV - XMEV - GGAL - 24hs,6800.0,2025-05-09 14:59:52,10,2025-05-09 14:59:53.655,6790.0,2071,6780.0,4653,6770.0,4229,6760.0,9428,6750.0,21457,6800.0,1017,6810.0,16973,6840.0,2200,6850.0,9678,6860.0,570,2025-05-09 14:59:53.570,,2147483647,351340,False,nan
3043,439475,1611140821,MERV - XMEV - GGAL - 24hs,6800.0,2025-05-09 14:59:52,10,2025-05-09 14:59:54.156,6790.0,2071,6780.0,4653,6770.0,4229,6760.0,9428,6750.0,21457,6800.0,1017,6810.0,18973,6840.0,2200,6850.0,9678,6860.0,570,2025-05-09 14:59:54.071,,2147483647,351340,False,nan
3044,439560,1611140941,MERV - XMEV - GGAL - 24hs,6800.0,2025-05-09 14:59:52,10,2025-05-09 14:59:54.924,6790.0,2092,6780.0,4653,6770.0,4229,6760.0,9428,6750.0,6457,6800.0,1017,6810.0,18973,6840.0,2200,6850.0,9678,6860.0,570,2025-05-09 14:59:54.832,,2147483647,351340,False,nan
3045,439703,1611141152,MERV - XMEV - GGAL - 24hs,6800.0,2025-05-09 14:59:52,10,2025-05-09 14:59:56.195,6790.0,2963,6780.0,4653,6770.0,4229,6760.0,9428,6750.0,6457,6800.0,1017,6810.0,18973,6840.0,2200,6850.0,9678,6860.0,570,2025-05-09 14:59:56.103,,2147483647,351340,False,nan
3046,439862,1611141380,MERV - XMEV - GGAL - 24hs,6800.0,2025-05-09 14:59:52,10,2025-05-09 14:59:57.329,6790.0,2616,6780.0,4653,6770.0,4229,6760.0,9428,6750.0,6457,6800.0,1017,6810.0,18973,6840.0,2200,6850.0,9678,6860.0,570,2025-05-09 14:59:57.241,,2147483647,351340,False,nan
3047,440018,1611141648,MERV - XMEV - GGAL - 24hs,6800.0,2025-05-09 14:59:52,10,2025-05-09 14:59:58.578,6790.0,2269,6780.0,4653,6770.0,4229,6760.0,9428,6750.0,6457,6800.0,1017,6810.0,18973,6840.0,2200,6850.0,9678,6860.0,570,2025-05-09 14:59:58.476,,2147483647,351340,False,nan
3048,440095,1611141754,MERV - XMEV - GGAL - 24hs,6790.0,2025-05-09 14:59:58,3,2025-05-09 14:59:59.059,6790.0,2269,6780.0,4653,6770.0,4229,6760.0,9428,6750.0,6457,6800.0,1017,6810.0,18973,6840.0,2200,6850.0,9678,6860.0,570,2025-05-09 14:59:58.974,,2147483647,351340,True,bid
3049,440152,1611141843,MERV - XMEV - GGAL - 24hs,6790.0,2025-05-09 14:59:58,3,2025-05-09 14:59:59.557,6790.0,2266,6780.0,4653,6770.0,4229,6760.0,9428,6750.0,6457,6800.0,1017,6810.0,19973,6840.0,2200,6850.0,9678,6860.0,570,2025-05-09 14:59:59.472,,2147483647,351343,False,nan
3050,440202,1611141910,MERV - XMEV - GGAL - 24hs,6800.0,2025-05-09 14:59:59,10,2025-05-09 15:00:00.097,6790.0,2266,6780.0,4653,6770.0,4229,6760.0,9428,6750.0,6457,6800.0,1017,6810.0,19973,6840.0,2200,6850.0,9678,6860.0,570,2025-05-09 14:59:59.972,,2147483647,351343,True,offer
3051,440451,1611142293,MERV - XMEV - GGAL - 24hs,6800.0,2025-05-09 14:59:59,10,2025-05-09 15:00:01.495,6790.0,2266,6780.0,4653,6770.0,4229,6760.0,9428,6750.0,6457,6810.0,21049,6840.0,2200,6850.0,9678,6860.0,570,6870.0,1892,2025-05-09 15:00:01.288,,2147483647,351343,False,nan
3052,440528,1611142395,MERV - XMEV - GGAL - 24hs,6800.0,2025-05-09 14:59:59,10,2025-05-09 15:00:01.799,6790.0,2266,6780.0,4653,6770.0,4229,6760.0,9428,6750.0,6457,6810.0,21049,6840.0,2200,6850.0,9678,6860.0,570,6870.0,1892,2025-05-09 15:00:01.399,,2147483647,352360,False,nan
3053,440643,1611142564,MERV - XMEV - GGAL - 24hs,6800.0,2025-05-09 14:59:59,10,2025-05-09 15:00:02.447,6790.0,2266,6780.0,4653,6770.0,4229,6760.0,9428,6750.0,6457,6810.0,16049,6840.0,2200,6850.0,9678,6860.0,570,6870.0,1892,2025-05-09 15:00:02.310,,2147483647,352360,False,nan
3054,441058,1611143100,MERV - XMEV - GGAL - 24hs,6800.0,2025-05-09 14:59:59,10,2025-05-09 15:00:05.497,6790.0,2266,6780.0,4653,6770.0,4229,6760.0,9428,6750.0,6457,6800.0,1300,6810.0,15973,6840.0,2200,6850.0,9678,6860.0,577,2025-05-09 15:00:05.412,,2147483647,352360,False,nan
3055,441267,1611143382,MERV - XMEV - GGAL - 24hs,6800.0,2025-05-09 15:00:07,25,2025-05-09 15:00:07.595,6790.0,2266,6780.0,4653,6770.0,4229,6760.0,9428,6750.0,6457,6800.0,1300,6810.0,15973,6840.0,2200,6850.0,9678,6860.0,577,2025-05-09 15:00:07.506,,2147483647,352360,True,offer
3056,441345,1611143489,MERV - XMEV - GGAL - 24hs,6800.0,2025-05-09 15:00:07,25,2025-05-09 15:00:08.257,6790.0,2263,6780.0,4653,6770.0,4229,6760.0,9428,6750.0,6457,6800.0,1275,6810.0,15973,6840.0,2200,6850.0,9678,6860.0,577,2025-05-09 15:00:08.169,,2147483647,352360,False,nan
3057,441408,1611143586,MERV - XMEV - GGAL - 24hs,6800.0,2025-05-09 15:00:07,25,2025-05-09 15:00:08.756,6790.0,2263,6780.0,4653,6770.0,4229,6760.0,9428,6750.0,6457,6800.0,1275,6810.0,15973,6840.0,2200,6850.0,9678,6860.0,577,2025-05-09 15:00:08.670,,2147483647,352385,False,nan
3058,441640,1611143907,MERV - XMEV - GGAL - 24hs,6800.0,2025-05-09 15:00:07,25,2025-05-09 15:00:10.066,6790.0,2263,6780.0,4653,6770.0,4229,6760.0,9428,6750.0,6457,6810.0,17049,6840.0,2200,6850.0,9678,6860.0,570,6870.0,1892,2025-05-09 15:00:09.935,,2147483647,352385,False,nan
3059,441875,1611144216,MERV - XMEV - GGAL - 24hs,6800.0,2025-05-09 15:00:07,25,2025-05-09 15:00:11.598,6790.0,2263,6780.0,4653,6770.0,4229,6760.0,9428,6750.0,6457,6810.0,16049,6840.0,2200,6850.0,9678,6860.0,570,6870.0,1892,2025-05-09 15:00:11.510,,2147483647,352385,False,nan
3060,441961,1611144327,MERV - XMEV - GGAL - 24hs,6800.0,2025-05-09 15:00:07,25,2025-05-09 15:00:12.351,6790.0,2263,6780.0,4653,6770.0,4229,6760.0,9428,6750.0,6457,6810.0,18049,6840.0,2200,6850.0,9678,6860.0,570,6870.0,1892,2025-05-09 15:00:12.262,,2147483647,352385,False,nan
3061,441996,1611144377,MERV - XMEV - GGAL - 24hs,6790.0,2025-05-09 15:00:12,5,2025-05-09 15:00:12.861,6790.0,2263,6780.0,4653,6770.0,4229,6760.0,9428,6750.0,6457,6810.0,18049,6840.0,2200,6850.0,9678,6860.0,570,6870.0,1892,2025-05-09 15:00:12.762,,2147483647,352385,True,bid
3062,442063,1611144463,MERV - XMEV - GGAL - 24hs,6790.0,2025-05-09 15:00:12,5,2025-05-09 15:00:13.351,6790.0,2258,6780.0,4653,6770.0,4229,6760.0,9428,6750.0,6457,6810.0,18049,6840.0,2200,6850.0,9678,6860.0,570,6870.0,1892,2025-05-09 15:00:13.263,,2147483647,352390,False,nan
3063,442285,1611144755,MERV - XMEV - GGAL - 24hs,6790.0,2025-05-09 15:00:12,5,2025-05-09 15:00:15.126,6790.0,2605,6780.0,4653,6770.0,4229,6760.0,9428,6750.0,21457,6810.0,18049,6840.0,2200,6850.0,9678,6860.0,570,6870.0,1892,2025-05-09 15:00:15.040,,2147483647,352390,False,nan
3064,442676,1611145282,MERV - XMEV - GGAL - 24hs,6790.0,2025-05-09 15:00:12,5,2025-05-09 15:00:17.727,6790.0,1911,6780.0,4653,6770.0,4229,6760.0,9428,6750.0,21457,6810.0,18049,6840.0,2200,6850.0,9678,6860.0,570,6870.0,1892,2025-05-09 15:00:17.620,,2147483647,352390,False,nan
3065,442856,1611145538,MERV - XMEV - GGAL - 24hs,6790.0,2025-05-09 15:00:12,5,2025-05-09 15:00:19.295,6790.0,1911,6780.0,4653,6770.0,4229,6760.0,8928,6750.0,21457,6810.0,18049,6840.0,2200,6850.0,9678,6860.0,570,6870.0,1892,2025-05-09 15:00:19.083,,2147483647,352390,False,nan
3066,443101,1611145879,MERV - XMEV - GGAL - 24hs,6790.0,2025-05-09 15:00:12,5,2025-05-09 15:00:21.127,6790.0,2011,6780.0,4653,6770.0,4229,6760.0,8928,6750.0,6457,6800.0,6973,6810.0,8000,6840.0,2200,6850.0,9678,6860.0,577,2025-05-09 15:00:21.037,,2147483647,352390,False,nan
3067,443166,1611145968,MERV - XMEV - GGAL - 24hs,6790.0,2025-05-09 15:00:12,5,2025-05-09 15:00:21.919,6790.0,2011,6780.0,4653,6770.0,4229,6760.0,8928,6750.0,6457,6800.0,6973,6810.0,10000,6840.0,2200,6850.0,9678,6860.0,577,2025-05-09 15:00:21.819,,2147483647,352390,False,nan
3068,443261,1611146105,MERV - XMEV - GGAL - 24hs,6790.0,2025-05-09 15:00:12,5,2025-05-09 15:00:22.791,6790.0,1995,6780.0,5345,6770.0,4229,6760.0,8928,6750.0,6457,6800.0,6973,6810.0,11000,6840.0,2200,6850.0,9678,6860.0,577,2025-05-09 15:00:22.695,,2147483647,352390,False,nan
3069,443368,1611146242,MERV - XMEV - GGAL - 24hs,6800.0,2025-05-09 15:00:23,11,2025-05-09 15:00:23.807,6790.0,1995,6780.0,5345,6770.0,4229,6760.0,8928,6750.0,6457,6800.0,6973,6810.0,11000,6840.0,2200,6850.0,9678,6860.0,577,2025-05-09 15:00:23.711,,2147483647,352390,True,offer
3070,443466,1611146383,MERV - XMEV - GGAL - 24hs,6800.0,2025-05-09 15:00:23,11,2025-05-09 15:00:24.298,6790.0,2011,6780.0,4653,6770.0,4229,6760.0,8928,6750.0,6457,6800.0,6962,6810.0,11000,6840.0,2200,6850.0,9678,6860.0,577,2025-05-09 15:00:24.213,,2147483647,352390,False,nan
3071,443517,1611146444,MERV - XMEV - GGAL - 24hs,6800.0,2025-05-09 15:00:23,11,2025-05-09 15:00:24.803,6790.0,2011,6780.0,4653,6770.0,4229,6760.0,8928,6750.0,6457,6800.0,6962,6810.0,11000,6840.0,2200,6850.0,9678,6860.0,577,2025-05-09 15:00:24.711,,2147483647,352401,False,nan
3072,443604,1611146563,MERV - XMEV - GGAL - 24hs,6800.0,2025-05-09 15:00:23,11,2025-05-09 15:00:25.299,6790.0,1995,6780.0,5345,6770.0,4229,6760.0,8928,6750.0,6457,6800.0,6962,6810.0,9000,6840.0,2200,6850.0,9678,6860.0,577,2025-05-09 15:00:25.210,,2147483647,352401,False,nan
3073,443663,1611146646,MERV - XMEV - GGAL - 24hs,6800.0,2025-05-09 15:00:23,11,2025-05-09 15:00:25.811,6790.0,1995,6780.0,5345,6770.0,4229,6760.0,8928,6750.0,6457,6800.0,6962,6810.0,12000,6840.0,2200,6850.0,9678,6860.0,577,2025-05-09 15:00:25.710,,2147483647,352401,False,nan
3074,443726,1611146734,MERV - XMEV - GGAL - 24hs,6800.0,2025-05-09 15:00:23,11,2025-05-09 15:00:26.387,6790.0,2011,6780.0,4153,6770.0,4229,6760.0,8928,6750.0,6457,6800.0,6962,6810.0,12000,6840.0,2200,6850.0,9678,6860.0,577,2025-05-09 15:00:26.281,,2147483647,352401,False,nan
3075,443878,1611146947,MERV - XMEV - GGAL - 24hs,6800.0,2025-05-09 15:00:23,11,2025-05-09 15:00:27.868,6790.0,1995,6780.0,4845,6770.0,4229,6760.0,8928,6750.0,6457,6800.0,6962,6810.0,12000,6840.0,2200,6850.0,9678,6860.0,577,2025-05-09 15:00:27.774,,2147483647,352401,False,nan
3076,444015,1611147141,MERV - XMEV - GGAL - 24hs,6800.0,2025-05-09 15:00:23,11,2025-05-09 15:00:29.028,6790.0,1983,6780.0,4153,6770.0,4229,6760.0,8928,6750.0,6460,6800.0,6962,6810.0,9000,6840.0,2200,6850.0,9678,6860.0,577,2025-05-09 15:00:28.931,,2147483647,352401,False,nan
3077,444204,1611147423,MERV - XMEV - GGAL - 24hs,6800.0,2025-05-09 15:00:23,11,2025-05-09 15:00:30.382,6790.0,1966,6780.0,4595,6770.0,4229,6760.0,8928,6750.0,6460,6800.0,6962,6810.0,9000,6840.0,2200,6850.0,9678,6860.0,577,2025-05-09 15:00:30.294,,2147483647,352401,False,nan
3078,444348,1611147642,MERV - XMEV - GGAL - 24hs,6800.0,2025-05-09 15:00:23,11,2025-05-09 15:00:31.851,6790.0,1983,6780.0,3903,6770.0,4229,6760.0,8928,6750.0,6460,6800.0,6962,6810.0,9000,6840.0,2200,6850.0,9678,6860.0,577,2025-05-09 15:00:31.759,,2147483647,352401,False,nan
3079,444391,1611147714,MERV - XMEV - GGAL - 24hs,6790.0,2025-05-09 15:00:32,185,2025-05-09 15:00:32.345,6790.0,1983,6780.0,3903,6770.0,4229,6760.0,8928,6750.0,6460,6800.0,6962,6810.0,9000,6840.0,2200,6850.0,9678,6860.0,577,2025-05-09 15:00:32.259,,2147483647,352401,True,bid
3080,444457,1611147807,MERV - XMEV - GGAL - 24hs,6790.0,2025-05-09 15:00:32,185,2025-05-09 15:00:32.847,6790.0,1781,6780.0,4595,6770.0,4229,6760.0,8928,6750.0,6460,6800.0,6962,6810.0,9000,6840.0,2200,6850.0,9678,6860.0,577,2025-05-09 15:00:32.758,,2147483647,352586,False,nan
3081,444576,1611147971,MERV - XMEV - GGAL - 24hs,6790.0,2025-05-09 15:00:32,185,2025-05-09 15:00:34.284,6790.0,1798,6780.0,3903,6770.0,4229,6760.0,8928,6750.0,6460,6800.0,6962,6810.0,9000,6840.0,2200,6850.0,9678,6860.0,577,2025-05-09 15:00:34.198,,2147483647,352586,False,nan
3082,444778,1611148269,MERV - XMEV - GGAL - 24hs,6790.0,2025-05-09 15:00:32,185,2025-05-09 15:00:36.083,6790.0,1781,6780.0,4595,6770.0,4229,6760.0,9028,6750.0,6460,6800.0,6962,6810.0,9000,6840.0,2200,6850.0,9678,6860.0,2577,2025-05-09 15:00:35.880,,2147483647,352586,False,nan
3083,444875,1611148427,MERV - XMEV - GGAL - 24hs,6790.0,2025-05-09 15:00:32,185,2025-05-09 15:00:37.231,6790.0,1798,6780.0,3903,6770.0,4229,6760.0,9028,6750.0,6460,6800.0,6962,6810.0,10000,6840.0,2200,6850.0,9678,6860.0,2577,2025-05-09 15:00:37.145,,2147483647,352586,False,nan
3084,445024,1611148627,MERV - XMEV - GGAL - 24hs,6790.0,2025-05-09 15:00:32,185,2025-05-09 15:00:38.715,6790.0,1781,6780.0,4595,6770.0,4229,6760.0,9028,6750.0,6460,6800.0,6962,6810.0,10000,6840.0,2200,6850.0,9678,6860.0,2577,2025-05-09 15:00:38.607,,2147483647,352586,False,nan
3085,445158,1611148830,MERV - XMEV - GGAL - 24hs,6790.0,2025-05-09 15:00:32,185,2025-05-09 15:00:39.804,6790.0,1698,6780.0,3903,6770.0,4229,6760.0,9028,6750.0,6460,6800.0,6962,6810.0,10000,6840.0,2200,6850.0,9678,6860.0,2577,2025-05-09 15:00:39.702,,2147483647,352586,False,nan
3086,445237,1611148942,MERV - XMEV - GGAL - 24hs,6790.0,2025-05-09 15:00:32,185,2025-05-09 15:00:40.729,6790.0,1381,6780.0,4991,6770.0,4229,6760.0,9028,6750.0,6460,6800.0,6962,6810.0,10000,6840.0,2200,6850.0,9678,6860.0,2577,2025-05-09 15:00:40.642,,2147483647,352586,False,nan
3087,445335,1611149086,MERV - XMEV - GGAL - 24hs,6790.0,2025-05-09 15:00:32,185,2025-05-09 15:00:42.173,6790.0,1399,6780.0,3952,6770.0,4229,6760.0,9028,6750.0,6460,6800.0,6962,6810.0,10000,6840.0,2200,6850.0,9678,6860.0,2577,2025-05-09 15:00:42.087,,2147483647,352586,False,nan
3088,445424,1611149209,MERV - XMEV - GGAL - 24hs,6800.0,2025-05-09 15:00:43,2,2025-05-09 15:00:43.504,6790.0,1399,6780.0,3952,6770.0,4229,6760.0,9028,6750.0,6460,6800.0,6962,6810.0,10000,6840.0,2200,6850.0,9678,6860.0,2577,2025-05-09 15:00:43.419,,2147483647,352586,True,offer
3089,445478,1611149284,MERV - XMEV - GGAL - 24hs,6800.0,2025-05-09 15:00:43,2,2025-05-09 15:00:44.008,6790.0,1381,6780.0,4991,6770.0,4229,6760.0,9028,6750.0,6460,6800.0,6960,6810.0,10000,6840.0,2200,6850.0,9678,6860.0,2577,2025-05-09 15:00:43.923,,2147483647,352586,False,nan
3090,445534,1611149351,MERV - XMEV - GGAL - 24hs,6800.0,2025-05-09 15:00:43,2,2025-05-09 15:00:44.509,6790.0,1381,6780.0,4991,6770.0,4229,6760.0,9028,6750.0,6460,6800.0,6960,6810.0,10000,6840.0,2200,6850.0,9678,6860.0,2577,2025-05-09 15:00:44.419,,2147483647,352588,False,nan
3091,445573,1611149407,MERV - XMEV - GGAL - 24hs,6800.0,2025-05-09 15:00:43,2,2025-05-09 15:00:45.006,6790.0,1399,6780.0,3952,6770.0,4229,6760.0,9028,6750.0,6460,6800.0,6960,6810.0,10000,6840.0,2200,6850.0,9678,6860.0,2577,2025-05-09 15:00:44.919,,2147483647,352588,False,nan
3092,445669,1611149537,MERV - XMEV - GGAL - 24hs,6800.0,2025-05-09 15:00:43,2,2025-05-09 15:00:46.355,6790.0,1381,6780.0,4644,6770.0,4229,6760.0,9028,6750.0,6460,6800.0,6960,6810.0,10000,6840.0,2200,6850.0,9678,6860.0,2577,2025-05-09 15:00:46.270,,2147483647,352588,False,nan
3093,445787,1611149712,MERV - XMEV - GGAL - 24hs,6800.0,2025-05-09 15:00:43,2,2025-05-09 15:00:47.822,6790.0,1399,6780.0,3952,6770.0,4229,6760.0,9028,6750.0,6460,6800.0,6960,6810.0,10000,6840.0,2200,6850.0,9678,6860.0,2577,2025-05-09 15:00:47.736,,2147483647,352588,False,nan
3094,445850,1611149805,MERV - XMEV - GGAL - 24hs,6800.0,2025-05-09 15:00:43,2,2025-05-09 15:00:48.792,6790.0,1381,6780.0,4644,6770.0,4229,6760.0,9028,6750.0,6460,6800.0,6960,6810.0,10000,6830.0,2000,6840.0,2200,6850.0,9678,2025-05-09 15:00:48.701,,2147483647,352588,False,nan
3095,445917,1611149910,MERV - XMEV - GGAL - 24hs,6800.0,2025-05-09 15:00:49,73,2025-05-09 15:00:49.547,6790.0,1381,6780.0,4644,6770.0,4229,6760.0,9028,6750.0,6460,6800.0,6960,6810.0,10000,6830.0,2000,6840.0,2200,6850.0,9678,2025-05-09 15:00:49.460,,2147483647,352588,True,offer
3096,446011,1611150038,MERV - XMEV - GGAL - 24hs,6800.0,2025-05-09 15:00:49,73,2025-05-09 15:00:50.211,6790.0,1399,6780.0,3952,6770.0,4229,6760.0,9028,6750.0,6460,6800.0,6887,6810.0,11000,6830.0,2000,6840.0,2200,6850.0,9678,2025-05-09 15:00:50.124,,2147483647,352588,False,nan
3097,446039,1611150082,MERV - XMEV - GGAL - 24hs,6800.0,2025-05-09 15:00:49,73,2025-05-09 15:00:50.711,6790.0,1399,6780.0,3952,6770.0,4229,6760.0,9028,6750.0,6460,6800.0,6887,6810.0,11000,6830.0,2000,6840.0,2200,6850.0,9678,2025-05-09 15:00:50.623,,2147483647,352661,False,nan
3098,446101,1611150195,MERV - XMEV - GGAL - 24hs,6800.0,2025-05-09 15:00:49,73,2025-05-09 15:00:51.657,6790.0,1381,6780.0,4644,6770.0,4229,6760.0,9028,6750.0,6460,6800.0,6887,6810.0,11000,6830.0,2000,6840.0,2200,6850.0,9678,2025-05-09 15:00:51.572,,2147483647,352661,False,nan
3099,446207,1611150374,MERV - XMEV - GGAL - 24hs,6800.0,2025-05-09 15:00:49,73,2025-05-09 15:00:52.824,6790.0,1399,6780.0,3952,6770.0,4229,6760.0,9528,6750.0,6460,6800.0,6887,6810.0,13000,6830.0,2000,6840.0,2200,6850.0,9678,2025-05-09 15:00:52.737,,2147483647,352661,False,nan
3100,446342,1611150559,MERV - XMEV - GGAL - 24hs,6800.0,2025-05-09 15:00:49,73,2025-05-09 15:00:54.672,6790.0,1381,6780.0,4644,6770.0,4229,6760.0,9528,6750.0,6460,6800.0,6887,6810.0,13000,6830.0,2000,6840.0,2200,6850.0,9678,2025-05-09 15:00:54.555,,2147483647,352661,False,nan
3101,446458,1611150729,MERV - XMEV - GGAL - 24hs,6800.0,2025-05-09 15:00:49,73,2025-05-09 15:00:55.768,6790.0,1399,6780.0,3952,6770.0,4229,6760.0,9528,6750.0,6460,6800.0,6887,6810.0,13000,6830.0,2000,6840.0,2200,6850.0,9678,2025-05-09 15:00:55.682,,2147483647,352661,False,nan
3102,446554,1611150847,MERV - XMEV - GGAL - 24hs,6800.0,2025-05-09 15:00:49,73,2025-05-09 15:00:56.495,6790.0,1399,6780.0,3952,6770.0,4229,6760.0,9528,6750.0,6460,6800.0,6887,6810.0,13003,6830.0,2000,6840.0,2200,6850.0,9678,2025-05-09 15:00:56.402,,2147483647,352661,False,nan
3103,446623,1611150953,MERV - XMEV - GGAL - 24hs,6800.0,2025-05-09 15:00:49,73,2025-05-09 15:00:57.271,6790.0,1381,6780.0,4644,6770.0,4229,6760.0,9528,6750.0,6460,6800.0,6887,6810.0,13003,6830.0,2000,6840.0,2200,6850.0,9678,2025-05-09 15:00:57.187,,2147483647,352661,False,nan
3104,446813,1611151220,MERV - XMEV - GGAL - 24hs,6800.0,2025-05-09 15:00:49,73,2025-05-09 15:00:58.761,6790.0,1399,6780.0,3952,6770.0,4229,6760.0,9528,6750.0,6460,6800.0,6887,6810.0,13003,6830.0,2000,6840.0,2200,6850.0,9678,2025-05-09 15:00:58.672,,2147483647,352661,False,nan
3105,446946,1611151400,MERV - XMEV - GGAL - 24hs,6800.0,2025-05-09 15:00:49,73,2025-05-09 15:01:00.251,6790.0,1381,6780.0,4644,6770.0,4229,6760.0,9528,6750.0,6460,6800.0,6887,6810.0,13003,6830.0,2000,6840.0,2200,6850.0,9678,2025-05-09 15:01:00.165,,2147483647,352661,False,nan
3106,447023,1611151516,MERV - XMEV - GGAL - 24hs,6790.0,2025-05-09 15:01:00,10,2025-05-09 15:01:01.176,6790.0,1381,6780.0,4644,6770.0,4229,6760.0,9528,6750.0,6460,6800.0,6887,6810.0,13003,6830.0,2000,6840.0,2200,6850.0,9678,2025-05-09 15:01:01.074,,2147483647,352661,True,bid
3107,447127,1611151656,MERV - XMEV - GGAL - 24hs,6790.0,2025-05-09 15:01:00,10,2025-05-09 15:01:01.882,6790.0,1389,6780.0,3952,6770.0,4229,6760.0,9528,6750.0,6460,6800.0,6887,6810.0,13003,6830.0,2000,6840.0,2200,6850.0,9678,2025-05-09 15:01:01.746,,2147483647,352661,False,nan
3108,447205,1611151773,MERV - XMEV - GGAL - 24hs,6790.0,2025-05-09 15:01:00,10,2025-05-09 15:01:02.327,6790.0,1389,6780.0,3952,6770.0,4229,6760.0,9528,6750.0,6460,6800.0,6887,6810.0,13003,6830.0,2000,6840.0,2200,6850.0,9678,2025-05-09 15:01:02.241,,2147483647,352671,False,nan
3109,447294,1611151901,MERV - XMEV - GGAL - 24hs,6790.0,2025-05-09 15:01:00,10,2025-05-09 15:01:03.209,6790.0,1371,6780.0,4644,6770.0,4229,6760.0,9528,6750.0,6460,6800.0,6887,6810.0,13003,6830.0,2000,6840.0,2200,6850.0,9678,2025-05-09 15:01:03.118,,2147483647,352671,False,nan
3110,447486,1611152177,MERV - XMEV - GGAL - 24hs,6790.0,2025-05-09 15:01:00,10,2025-05-09 15:01:04.696,6790.0,1389,6780.0,3952,6770.0,4229,6760.0,9528,6750.0,6482,6800.0,6887,6810.0,13003,6830.0,2000,6840.0,2200,6850.0,9678,2025-05-09 15:01:04.597,,2147483647,352671,False,nan
3111,447703,1611152473,MERV - XMEV - GGAL - 24hs,6790.0,2025-05-09 15:01:00,10,2025-05-09 15:01:06.182,6790.0,1371,6780.0,4644,6770.0,4229,6760.0,9528,6750.0,6482,6800.0,6887,6810.0,13003,6830.0,2000,6840.0,2200,6850.0,9678,2025-05-09 15:01:06.082,,2147483647,352671,False,nan
3112,448096,1611153015,MERV - XMEV - GGAL - 24hs,6790.0,2025-05-09 15:01:00,10,2025-05-09 15:01:09.743,6790.0,1371,6780.0,4644,6770.0,4229,6760.0,9528,6750.0,6482,6800.0,6887,6810.0,12003,6830.0,2000,6840.0,2200,6850.0,9678,2025-05-09 15:01:09.654,,2147483647,352671,False,nan
3113,448170,1611153117,MERV - XMEV - GGAL - 24hs,6790.0,2025-05-09 15:01:00,10,2025-05-09 15:01:10.494,6790.0,1371,6780.0,4644,6770.0,4229,6760.0,9528,6750.0,6497,6800.0,6887,6810.0,13003,6830.0,2000,6840.0,2200,6850.0,9678,2025-05-09 15:01:10.410,,2147483647,352671,False,nan
3114,448449,1611153508,MERV - XMEV - GGAL - 24hs,6790.0,2025-05-09 15:01:00,10,2025-05-09 15:01:12.831,6790.0,1371,6780.0,4644,6770.0,4229,6760.0,9528,6750.0,6497,6800.0,15887,6810.0,3,6830.0,2000,6840.0,2200,6850.0,9678,2025-05-09 15:01:12.517,,2147483647,352671,False,nan
3115,448667,1611153802,MERV - XMEV - GGAL - 24hs,6790.0,2025-05-09 15:01:00,10,2025-05-09 15:01:13.736,6790.0,1371,6780.0,4644,6770.0,4229,6760.0,9528,6750.0,6497,6800.0,18887,6810.0,3,6830.0,2000,6840.0,2200,6850.0,9678,2025-05-09 15:01:13.396,,2147483647,352671,False,nan
3116,448791,1611153982,MERV - XMEV - GGAL - 24hs,6790.0,2025-05-09 15:01:00,10,2025-05-09 15:01:14.752,6790.0,1371,6780.0,4644,6770.0,4229,6760.0,9528,6750.0,6497,6800.0,20887,6810.0,3,6830.0,2000,6840.0,2200,6850.0,9678,2025-05-09 15:01:14.668,,2147483647,352671,False,nan
3117,448963,1611154220,MERV - XMEV - GGAL - 24hs,6790.0,2025-05-09 15:01:00,10,2025-05-09 15:01:16.103,6790.0,1371,6780.0,4644,6770.0,1229,6760.0,12528,6750.0,6497,6800.0,20887,6810.0,3,6830.0,2000,6840.0,2200,6850.0,9678,2025-05-09 15:01:16.013,,2147483647,352671,False,nan
3118,449066,1611154371,MERV - XMEV - GGAL - 24hs,6790.0,2025-05-09 15:01:00,10,2025-05-09 15:01:16.994,6790.0,1371,6780.0,4644,6770.0,1229,6760.0,12528,6750.0,6497,6800.0,21887,6810.0,3,6830.0,2000,6840.0,2200,6850.0,9678,2025-05-09 15:01:16.909,,2147483647,352671,False,nan
3119,449539,1611155012,MERV - XMEV - GGAL - 24hs,6790.0,2025-05-09 15:01:20,5,2025-05-09 15:01:20.616,6790.0,1371,6780.0,4644,6770.0,1229,6760.0,12528,6750.0,6497,6800.0,21887,6810.0,3,6830.0,2000,6840.0,2200,6850.0,9678,2025-05-09 15:01:20.528,,2147483647,352671,True,bid
3120,449652,1611155175,MERV - XMEV - GGAL - 24hs,6790.0,2025-05-09 15:01:20,5,2025-05-09 15:01:21.280,6790.0,1366,6780.0,4644,6770.0,1229,6760.0,12528,6750.0,6497,6800.0,21887,6810.0,3,6830.0,2000,6840.0,2200,6850.0,9678,2025-05-09 15:01:21.195,,2147483647,352671,False,nan
3121,449707,1611155250,MERV - XMEV - GGAL - 24hs,6790.0,2025-05-09 15:01:20,5,2025-05-09 15:01:21.789,6790.0,1366,6780.0,4644,6770.0,1229,6760.0,12528,6750.0,6497,6800.0,21887,6810.0,3,6830.0,2000,6840.0,2200,6850.0,9678,2025-05-09 15:01:21.694,,2147483647,352676,False,nan
3122,449748,1611155308,MERV - XMEV - GGAL - 24hs,6800.0,2025-05-09 15:01:22,46,2025-05-09 15:01:22.280,6790.0,1366,6780.0,4644,6770.0,1229,6760.0,12528,6750.0,6497,6800.0,21887,6810.0,3,6830.0,2000,6840.0,2200,6850.0,9678,2025-05-09 15:01:22.195,,2147483647,352676,True,offer
3123,449780,1611155356,MERV - XMEV - GGAL - 24hs,6800.0,2025-05-09 15:01:22,46,2025-05-09 15:01:22.787,6790.0,1366,6780.0,4644,6770.0,1229,6760.0,12528,6750.0,6497,6800.0,20841,6810.0,3,6830.0,2000,6840.0,2200,6850.0,9678,2025-05-09 15:01:22.698,,2147483647,352676,False,nan
3124,449811,1611155399,MERV - XMEV - GGAL - 24hs,6800.0,2025-05-09 15:01:22,46,2025-05-09 15:01:23.283,6790.0,1384,6780.0,3952,6770.0,1229,6760.0,12528,6750.0,6497,6800.0,17841,6810.0,3,6830.0,2000,6840.0,2200,6850.0,9678,2025-05-09 15:01:23.194,,2147483647,352722,False,nan
3125,449929,1611155562,MERV - XMEV - GGAL - 24hs,6800.0,2025-05-09 15:01:22,46,2025-05-09 15:01:24.747,6790.0,1366,6780.0,4644,6770.0,1229,6760.0,12528,6750.0,6497,6800.0,17841,6810.0,3,6830.0,2000,6840.0,2200,6850.0,9678,2025-05-09 15:01:24.662,,2147483647,352722,False,nan
3126,450094,1611155791,MERV - XMEV - GGAL - 24hs,6800.0,2025-05-09 15:01:22,46,2025-05-09 15:01:25.819,6790.0,1366,6780.0,4644,6770.0,1229,6760.0,12528,6750.0,6497,6800.0,18841,6810.0,3,6830.0,2000,6840.0,2200,6850.0,9678,2025-05-09 15:01:25.636,,2147483647,352722,False,nan
3127,450183,1611155936,MERV - XMEV - GGAL - 24hs,6800.0,2025-05-09 15:01:22,46,2025-05-09 15:01:26.548,6790.0,1366,6780.0,4644,6770.0,1229,6760.0,12528,6750.0,6497,6800.0,18841,6810.0,3,6830.0,2000,6840.0,2201,6850.0,9678,2025-05-09 15:01:26.462,,2147483647,352722,False,nan
3128,450671,1611156590,MERV - XMEV - GGAL - 24hs,6790.0,2025-05-09 15:01:31,92,2025-05-09 15:01:31.226,6790.0,1366,6780.0,4644,6770.0,1229,6760.0,12528,6750.0,6497,6800.0,18841,6810.0,3,6830.0,2000,6840.0,2201,6850.0,9678,2025-05-09 15:01:31.135,,2147483647,352722,True,bid
3129,450725,1611156672,MERV - XMEV - GGAL - 24hs,6790.0,2025-05-09 15:01:31,408,2025-05-09 15:01:31.731,6790.0,1366,6780.0,4644,6770.0,1229,6760.0,12528,6750.0,6497,6800.0,18841,6810.0,3,6830.0,2000,6840.0,2201,6850.0,9678,2025-05-09 15:01:31.635,,2147483647,352722,False,nan
3130,450767,1611156733,MERV - XMEV - GGAL - 24hs,6790.0,2025-05-09 15:01:31,408,2025-05-09 15:01:32.243,6790.0,866,6780.0,4644,6770.0,1229,6760.0,12528,6750.0,6497,6800.0,18841,6810.0,3,6830.0,2000,6840.0,2201,6850.0,9678,2025-05-09 15:01:32.143,,2147483647,353222,False,nan
3131,451119,1611157207,MERV - XMEV - GGAL - 24hs,6790.0,2025-05-09 15:01:31,408,2025-05-09 15:01:35.787,6790.0,866,6780.0,4644,6770.0,1229,6760.0,12528,6750.0,6497,6800.0,18841,6810.0,3,6830.0,2001,6840.0,2201,6850.0,9678,2025-05-09 15:01:35.409,,2147483647,353222,False,nan
3132,451233,1611157366,MERV - XMEV - GGAL - 24hs,6790.0,2025-05-09 15:01:31,408,2025-05-09 15:01:36.274,6790.0,866,6780.0,3744,6770.0,1229,6760.0,12528,6750.0,6497,6800.0,18841,6810.0,3,6830.0,2001,6840.0,2201,6850.0,9678,2025-05-09 15:01:36.133,,2147483647,353222,False,nan
3133,451445,1611157657,MERV - XMEV - GGAL - 24hs,6790.0,2025-05-09 15:01:31,408,2025-05-09 15:01:38.231,6790.0,866,6780.0,3744,6770.0,1479,6760.0,12528,6750.0,6497,6800.0,18841,6810.0,3,6830.0,2001,6840.0,2201,6850.0,9678,2025-05-09 15:01:38.109,,2147483647,353222,False,nan
3134,451650,1611157944,MERV - XMEV - GGAL - 24hs,6790.0,2025-05-09 15:01:31,408,2025-05-09 15:01:39.810,6790.0,866,6780.0,3744,6770.0,1479,6760.0,12528,6750.0,6497,6800.0,16841,6810.0,3,6830.0,2001,6840.0,2201,6850.0,9678,2025-05-09 15:01:39.724,,2147483647,353222,False,nan
3135,451689,1611158013,MERV - XMEV - GGAL - 24hs,6800.0,2025-05-09 15:01:40,8,2025-05-09 15:01:40.311,6790.0,866,6780.0,3744,6770.0,1479,6760.0,12528,6750.0,6497,6800.0,16841,6810.0,3,6830.0,2001,6840.0,2201,6850.0,9678,2025-05-09 15:01:40.224,,2147483647,353223,True,offer
3136,451737,1611158078,MERV - XMEV - GGAL - 24hs,6790.0,2025-05-09 15:01:40,83,2025-05-09 15:01:40.813,6790.0,866,6780.0,3744,6770.0,1479,6760.0,12528,6750.0,6497,6800.0,20832,6810.0,3,6830.0,2001,6840.0,2201,6850.0,9678,2025-05-09 15:01:40.727,,2147483647,353314,False,nan
3137,451790,1611158150,MERV - XMEV - GGAL - 24hs,6790.0,2025-05-09 15:01:40,83,2025-05-09 15:01:41.311,6790.0,783,6780.0,3744,6770.0,1479,6760.0,12528,6750.0,6497,6800.0,20832,6810.0,3,6830.0,2001,6840.0,2201,6850.0,9678,2025-05-09 15:01:41.225,,2147483647,353314,False,nan
3138,451829,1611158208,MERV - XMEV - GGAL - 24hs,6790.0,2025-05-09 15:01:41,83,2025-05-09 15:01:41.811,6790.0,783,6780.0,3744,6770.0,1479,6760.0,12528,6750.0,6497,6800.0,20832,6810.0,3,6830.0,2001,6840.0,2201,6850.0,9678,2025-05-09 15:01:41.724,,2147483647,353314,True,bid
3139,451875,1611158266,MERV - XMEV - GGAL - 24hs,6780.0,2025-05-09 15:01:41,533,2025-05-09 15:01:42.309,6790.0,783,6780.0,3744,6770.0,1479,6760.0,12528,6750.0,6497,6800.0,20832,6810.0,3,6830.0,2001,6840.0,2201,6850.0,9678,2025-05-09 15:01:42.225,,2147483647,353971,False,nan
3140,451925,1611158348,MERV - XMEV - GGAL - 24hs,6780.0,2025-05-09 15:01:41,533,2025-05-09 15:01:42.812,6780.0,3203,6770.0,1479,6760.0,12528,6750.0,6497,6740.0,1674,6790.0,33,6800.0,20832,6810.0,3,6830.0,2001,6840.0,2208,2025-05-09 15:01:42.724,,2147483647,354638,False,nan
3141,451972,1611158415,MERV - XMEV - GGAL - 24hs,6780.0,2025-05-09 15:01:41,533,2025-05-09 15:01:43.347,6780.0,3203,6770.0,1479,6760.0,12528,6750.0,6497,6740.0,1674,6790.0,116,6800.0,20832,6810.0,3,6830.0,2001,6840.0,2208,2025-05-09 15:01:43.262,,2147483647,354638,False,nan
3142,452162,1611158662,MERV - XMEV - GGAL - 24hs,6780.0,2025-05-09 15:01:41,533,2025-05-09 15:01:44.910,6780.0,2511,6770.0,1701,6760.0,12528,6750.0,6497,6740.0,1674,6790.0,116,6800.0,20832,6810.0,3,6830.0,2001,6840.0,2208,2025-05-09 15:01:44.823,,2147483647,354638,False,nan
3143,452221,1611158735,MERV - XMEV - GGAL - 24hs,6780.0,2025-05-09 15:01:41,533,2025-05-09 15:01:45.611,6780.0,2511,6770.0,1701,6760.0,12528,6750.0,6497,6740.0,1674,6790.0,33,6800.0,20832,6810.0,3,6830.0,2001,6840.0,2208,2025-05-09 15:01:45.522,,2147483647,354638,False,nan
3144,452797,1611159544,MERV - XMEV - GGAL - 24hs,6780.0,2025-05-09 15:01:41,533,2025-05-09 15:01:50.723,6780.0,2511,6770.0,1701,6760.0,12528,6750.0,6497,6740.0,1674,6790.0,308,6800.0,20832,6810.0,3,6830.0,2001,6840.0,2208,2025-05-09 15:01:50.638,,2147483647,354638,False,nan
3145,453066,1611159921,MERV - XMEV - GGAL - 24hs,6780.0,2025-05-09 15:01:41,533,2025-05-09 15:01:53.786,6780.0,49,6770.0,4163,6760.0,12528,6750.0,6497,6740.0,1674,6790.0,308,6800.0,17832,6810.0,3,6830.0,2001,6840.0,2208,2025-05-09 15:01:53.701,,2147483647,354638,False,nan
3146,453124,1611160001,MERV - XMEV - GGAL - 24hs,6780.0,2025-05-09 15:01:41,533,2025-05-09 15:01:54.567,6780.0,49,6770.0,4163,6760.0,12528,6750.0,6497,6740.0,1674,6790.0,308,6800.0,21832,6810.0,3,6830.0,2001,6840.0,2208,2025-05-09 15:01:54.475,,2147483647,354638,False,nan
3147,453225,1611160154,MERV - XMEV - GGAL - 24hs,6780.0,2025-05-09 15:01:41,533,2025-05-09 15:01:55.771,6780.0,49,6770.0,4163,6760.0,12528,6750.0,6494,6740.0,1674,6790.0,308,6800.0,21832,6830.0,2000,6840.0,2207,6850.0,7678,2025-05-09 15:01:55.683,,2147483647,354638,False,nan
3148,453639,1611160759,MERV - XMEV - GGAL - 24hs,6790.0,2025-05-09 15:01:59,33,2025-05-09 15:02:00.000,6780.0,49,6770.0,4163,6760.0,12528,6750.0,6494,6740.0,1674,6790.0,308,6800.0,21832,6830.0,2000,6840.0,2207,6850.0,7678,2025-05-09 15:01:59.916,,2147483647,354638,True,offer
3149,453690,1611160842,MERV - XMEV - GGAL - 24hs,6790.0,2025-05-09 15:01:59,27,2025-05-09 15:02:00.501,6780.0,49,6770.0,4163,6760.0,12528,6750.0,6494,6740.0,1674,6790.0,248,6800.0,21832,6830.0,2000,6840.0,2212,6850.0,7678,2025-05-09 15:02:00.416,,2147483647,354638,False,nan
3150,453740,1611160919,MERV - XMEV - GGAL - 24hs,6790.0,2025-05-09 15:01:59,27,2025-05-09 15:02:01.002,6780.0,49,6770.0,4163,6760.0,12528,6750.0,6494,6740.0,1674,6790.0,248,6800.0,21832,6830.0,2000,6840.0,2212,6850.0,7678,2025-05-09 15:02:00.916,,2147483647,354698,False,nan
3151,453811,1611161012,MERV - XMEV - GGAL - 24hs,6790.0,2025-05-09 15:01:59,27,2025-05-09 15:02:01.823,6780.0,78,6770.0,4163,6760.0,12528,6750.0,6494,6740.0,1674,6790.0,248,6800.0,21832,6830.0,2000,6840.0,2212,6850.0,7678,2025-05-09 15:02:01.722,,2147483647,354698,False,nan
3152,454216,1611161570,MERV - XMEV - GGAL - 24hs,6790.0,2025-05-09 15:01:59,27,2025-05-09 15:02:05.068,6780.0,78,6770.0,4163,6760.0,12528,6750.0,6495,6740.0,1674,6790.0,248,6800.0,21832,6830.0,2000,6840.0,2212,6850.0,7678,2025-05-09 15:02:04.918,,2147483647,354698,False,nan
3153,454602,1611162087,MERV - XMEV - GGAL - 24hs,6790.0,2025-05-09 15:01:59,27,2025-05-09 15:02:07.891,6780.0,78,6770.0,4163,6760.0,12528,6750.0,6495,6740.0,1674,6790.0,248,6800.0,17832,6830.0,2000,6840.0,2212,6850.0,7678,2025-05-09 15:02:07.799,,2147483647,354698,False,nan
3154,454693,1611162215,MERV - XMEV - GGAL - 24hs,6790.0,2025-05-09 15:01:59,27,2025-05-09 15:02:08.668,6780.0,78,6770.0,4163,6760.0,12528,6750.0,6495,6740.0,1674,6790.0,248,6800.0,22832,6830.0,2000,6840.0,2212,6850.0,7678,2025-05-09 15:02:08.561,,2147483647,354698,False,nan
3155,455272,1611163042,MERV - XMEV - GGAL - 24hs,6790.0,2025-05-09 15:01:59,27,2025-05-09 15:02:14.483,6780.0,78,6770.0,4163,6760.0,12528,6750.0,6646,6740.0,1674,6790.0,248,6800.0,22832,6830.0,2000,6840.0,2212,6850.0,7678,2025-05-09 15:02:14.298,,2147483647,354698,False,nan
3156,455337,1611163128,MERV - XMEV - GGAL - 24hs,6790.0,2025-05-09 15:01:59,27,2025-05-09 15:02:15.208,6780.0,78,6770.0,4163,6760.0,12605,6750.0,6646,6740.0,1674,6790.0,248,6800.0,22832,6830.0,2000,6840.0,2212,6850.0,7678,2025-05-09 15:02:15.117,,2147483647,354698,False,nan
3157,455567,1611163460,MERV - XMEV - GGAL - 24hs,6790.0,2025-05-09 15:01:59,27,2025-05-09 15:02:17.975,6780.0,78,6770.0,4163,6760.0,12605,6750.0,6646,6740.0,1674,6790.0,248,6800.0,21832,6830.0,2000,6840.0,2212,6850.0,7678,2025-05-09 15:02:17.890,,2147483647,354698,False,nan
3158,455718,1611163670,MERV - XMEV - GGAL - 24hs,6790.0,2025-05-09 15:01:59,27,2025-05-09 15:02:19.456,6780.0,78,6770.0,4163,6760.0,12605,6750.0,6646,6740.0,1674,6790.0,248,6800.0,19832,6830.0,2000,6840.0,2212,6850.0,7678,2025-05-09 15:02:19.368,,2147483647,354698,False,nan
3159,456702,1611165063,MERV - XMEV - GGAL - 24hs,6790.0,2025-05-09 15:02:27,9,2025-05-09 15:02:28.046,6780.0,78,6770.0,4163,6760.0,12605,6750.0,6646,6740.0,1674,6790.0,248,6800.0,19832,6830.0,2000,6840.0,2212,6850.0,7678,2025-05-09 15:02:27.960,,2147483647,354698,True,offer
3160,456762,1611165136,MERV - XMEV - GGAL - 24hs,6790.0,2025-05-09 15:02:27,9,2025-05-09 15:02:28.719,6780.0,78,6770.0,4163,6760.0,12605,6750.0,6646,6740.0,1674,6790.0,239,6800.0,19832,6830.0,2000,6840.0,2212,6850.0,7678,2025-05-09 15:02:28.628,,2147483647,354698,False,nan
3161,456822,1611165221,MERV - XMEV - GGAL - 24hs,6790.0,2025-05-09 15:02:27,9,2025-05-09 15:02:29.224,6780.0,78,6770.0,4163,6760.0,12605,6750.0,6646,6740.0,1674,6790.0,239,6800.0,19832,6830.0,2000,6840.0,2212,6850.0,7678,2025-05-09 15:02:29.128,,2147483647,354707,False,nan
3162,457557,1611166349,MERV - XMEV - GGAL - 24hs,6790.0,2025-05-09 15:02:27,9,2025-05-09 15:02:37.163,6780.0,78,6770.0,4163,6760.0,12605,6750.0,6646,6740.0,1674,6790.0,239,6800.0,20832,6830.0,2000,6840.0,2212,6850.0,7678,2025-05-09 15:02:37.075,,2147483647,354707,False,nan
3163,457689,1611166548,MERV - XMEV - GGAL - 24hs,6790.0,2025-05-09 15:02:27,9,2025-05-09 15:02:38.834,6780.0,578,6770.0,4163,6760.0,12605,6750.0,6646,6740.0,1674,6790.0,239,6800.0,20832,6830.0,2000,6840.0,2212,6850.0,7678,2025-05-09 15:02:38.749,,2147483647,354707,False,nan
3164,457757,1611166646,MERV - XMEV - GGAL - 24hs,6790.0,2025-05-09 15:02:27,9,2025-05-09 15:02:39.664,6780.0,578,6770.0,4163,6760.0,12605,6750.0,6646,6740.0,1674,6790.0,19071,6830.0,2000,6840.0,2212,6850.0,7678,6860.0,2570,2025-05-09 15:02:39.579,,2147483647,354707,False,nan
3165,457820,1611166726,MERV - XMEV - GGAL - 24hs,6790.0,2025-05-09 15:02:27,9,2025-05-09 15:02:40.904,6780.0,683,6770.0,4163,6760.0,12605,6750.0,6646,6740.0,1674,6790.0,18071,6830.0,2000,6840.0,2212,6850.0,7678,6860.0,2570,2025-05-09 15:02:40.807,,2147483647,354707,False,nan
3166,457904,1611166857,MERV - XMEV - GGAL - 24hs,6790.0,2025-05-09 15:02:27,9,2025-05-09 15:02:41.347,6780.0,683,6770.0,4163,6760.0,12605,6750.0,6646,6740.0,1674,6790.0,19071,6830.0,2000,6840.0,2212,6850.0,7678,6860.0,2570,2025-05-09 15:02:41.245,,2147483647,354707,False,nan
3167,457961,1611166937,MERV - XMEV - GGAL - 24hs,6790.0,2025-05-09 15:02:27,9,2025-05-09 15:02:42.063,6780.0,683,6770.0,3913,6760.0,12605,6750.0,6646,6740.0,1674,6790.0,19071,6830.0,2000,6840.0,2212,6850.0,7678,6860.0,2570,2025-05-09 15:02:41.978,,2147483647,354707,False,nan
3168,458156,1611167212,MERV - XMEV - GGAL - 24hs,6790.0,2025-05-09 15:02:27,9,2025-05-09 15:02:44.564,6780.0,1183,6770.0,3913,6760.0,12605,6750.0,6646,6740.0,1674,6790.0,19071,6830.0,2000,6840.0,2212,6850.0,7678,6860.0,2570,2025-05-09 15:02:44.479,,2147483647,354707,False,nan
3169,458629,1611167917,MERV - XMEV - GGAL - 24hs,6790.0,2025-05-09 15:02:49,1,2025-05-09 15:02:49.761,6780.0,1183,6770.0,3913,6760.0,12605,6750.0,6646,6740.0,1674,6790.0,19071,6830.0,2000,6840.0,2212,6850.0,7678,6860.0,2570,2025-05-09 15:02:49.674,,2147483647,354707,True,offer
3170,458697,1611168010,MERV - XMEV - GGAL - 24hs,6790.0,2025-05-09 15:02:49,1,2025-05-09 15:02:50.459,6780.0,1183,6770.0,4413,6760.0,12605,6750.0,6646,6740.0,1674,6790.0,18070,6830.0,2000,6840.0,2212,6850.0,7678,6860.0,2570,2025-05-09 15:02:50.347,,2147483647,354707,False,nan
3171,458759,1611168116,MERV - XMEV - GGAL - 24hs,6790.0,2025-05-09 15:02:50,30,2025-05-09 15:02:50.933,6780.0,1183,6770.0,4413,6760.0,12605,6750.0,6646,6740.0,1674,6790.0,18070,6830.0,2000,6840.0,2212,6850.0,7678,6860.0,2570,2025-05-09 15:02:50.847,,2147483647,354708,True,offer
3172,458814,1611168202,MERV - XMEV - GGAL - 24hs,6790.0,2025-05-09 15:02:50,30,2025-05-09 15:02:51.456,6780.0,1183,6770.0,4413,6760.0,12605,6750.0,6646,6740.0,1674,6790.0,20040,6830.0,2000,6840.0,2212,6850.0,7678,6860.0,2570,2025-05-09 15:02:51.348,,2147483647,354708,False,nan
3173,458871,1611168277,MERV - XMEV - GGAL - 24hs,6790.0,2025-05-09 15:02:50,30,2025-05-09 15:02:51.934,6780.0,1183,6770.0,4413,6760.0,12605,6750.0,6646,6740.0,1674,6790.0,20040,6830.0,2000,6840.0,2212,6850.0,7678,6860.0,2570,2025-05-09 15:02:51.847,,2147483647,354738,False,nan
3174,459128,1611168652,MERV - XMEV - GGAL - 24hs,6780.0,2025-05-09 15:02:54,3,2025-05-09 15:02:54.364,6780.0,1183,6770.0,4413,6760.0,12605,6750.0,6646,6740.0,1674,6790.0,20040,6830.0,2000,6840.0,2212,6850.0,7678,6860.0,2570,2025-05-09 15:02:54.263,,2147483647,354738,True,bid
3175,459177,1611168721,MERV - XMEV - GGAL - 24hs,6780.0,2025-05-09 15:02:54,3,2025-05-09 15:02:55.016,6780.0,1180,6770.0,4413,6760.0,12605,6750.0,6646,6740.0,1674,6790.0,20040,6830.0,2000,6840.0,2212,6850.0,7678,6860.0,2570,2025-05-09 15:02:54.928,,2147483647,354738,False,nan
3176,459213,1611168775,MERV - XMEV - GGAL - 24hs,6780.0,2025-05-09 15:02:54,3,2025-05-09 15:02:55.515,6780.0,1180,6770.0,4413,6760.0,12605,6750.0,6646,6740.0,1674,6790.0,20040,6830.0,2000,6840.0,2212,6850.0,7678,6860.0,2570,2025-05-09 15:02:55.428,,2147483647,354741,False,nan
3177,459281,1611168871,MERV - XMEV - GGAL - 24hs,6780.0,2025-05-09 15:02:54,3,2025-05-09 15:02:56.429,6780.0,1180,6770.0,1951,6760.0,12605,6750.0,9108,6740.0,1674,6790.0,20040,6830.0,2000,6840.0,2212,6850.0,7678,6860.0,2570,2025-05-09 15:02:56.337,,2147483647,354741,False,nan
3178,460586,1611170732,MERV - XMEV - GGAL - 24hs,6780.0,2025-05-09 15:03:10,46,2025-05-09 15:03:10.472,6780.0,1180,6770.0,1951,6760.0,12605,6750.0,9108,6740.0,1674,6790.0,20040,6830.0,2000,6840.0,2212,6850.0,7678,6860.0,2570,2025-05-09 15:03:10.262,,2147483647,354741,True,bid
3179,460636,1611170801,MERV - XMEV - GGAL - 24hs,6780.0,2025-05-09 15:03:10,4,2025-05-09 15:03:10.850,6780.0,1180,6770.0,1951,6760.0,12605,6750.0,9108,6740.0,1674,6790.0,20040,6830.0,2000,6840.0,2212,6850.0,7678,6860.0,2570,2025-05-09 15:03:10.763,,2147483647,354741,False,nan
3180,460672,1611170846,MERV - XMEV - GGAL - 24hs,6780.0,2025-05-09 15:03:10,4,2025-05-09 15:03:11.348,6780.0,1101,6770.0,1951,6760.0,12605,6750.0,9108,6740.0,1674,6790.0,20040,6830.0,2000,6840.0,2212,6850.0,7678,6860.0,2570,2025-05-09 15:03:11.262,,2147483647,354820,False,nan
3181,460815,1611171041,MERV - XMEV - GGAL - 24hs,6780.0,2025-05-09 15:03:10,4,2025-05-09 15:03:12.832,6780.0,1101,6770.0,1951,6760.0,12605,6750.0,9108,6740.0,3674,6790.0,20040,6830.0,2000,6840.0,2212,6850.0,7678,6860.0,2570,2025-05-09 15:03:12.745,,2147483647,354820,False,nan
3182,460863,1611171104,MERV - XMEV - GGAL - 24hs,6780.0,2025-05-09 15:03:10,4,2025-05-09 15:03:13.553,6780.0,1101,6770.0,1951,6760.0,12605,6750.0,9108,6740.0,3674,6790.0,15040,6830.0,2000,6840.0,2212,6850.0,7678,6860.0,2570,2025-05-09 15:03:13.466,,2147483647,354820,False,nan
3183,460955,1611171224,MERV - XMEV - GGAL - 24hs,6780.0,2025-05-09 15:03:10,4,2025-05-09 15:03:14.323,6780.0,1101,6770.0,1951,6760.0,12605,6750.0,9108,6740.0,3674,6790.0,17040,6830.0,2000,6840.0,2212,6850.0,7678,6860.0,2570,2025-05-09 15:03:14.229,,2147483647,354820,False,nan
3184,461169,1611171571,MERV - XMEV - GGAL - 24hs,6780.0,2025-05-09 15:03:10,4,2025-05-09 15:03:16.823,6780.0,1101,6770.0,1951,6760.0,12605,6750.0,9108,6740.0,3674,6790.0,15040,6830.0,2000,6840.0,2212,6850.0,7678,6860.0,2570,2025-05-09 15:03:16.726,,2147483647,354820,False,nan
3185,461245,1611171681,MERV - XMEV - GGAL - 24hs,6780.0,2025-05-09 15:03:10,4,2025-05-09 15:03:17.613,6780.0,1101,6770.0,1951,6760.0,12605,6750.0,9108,6740.0,3674,6790.0,17040,6830.0,2000,6840.0,2212,6850.0,7678,6860.0,2570,2025-05-09 15:03:17.528,,2147483647,354820,False,nan
3186,461417,1611171915,MERV - XMEV - GGAL - 24hs,6780.0,2025-05-09 15:03:19,496,2025-05-09 15:03:19.765,6780.0,1101,6770.0,1951,6760.0,12605,6750.0,9108,6740.0,3674,6790.0,17040,6830.0,2000,6840.0,2212,6850.0,7678,6860.0,2570,2025-05-09 15:03:19.677,,2147483647,354820,True,bid
3187,461486,1611171999,MERV - XMEV - GGAL - 24hs,6780.0,2025-05-09 15:03:19,42,2025-05-09 15:03:20.284,6780.0,1101,6770.0,1951,6760.0,12605,6750.0,9108,6740.0,3674,6790.0,17040,6830.0,2000,6840.0,2212,6850.0,7678,6860.0,2570,2025-05-09 15:03:20.177,,2147483647,354820,False,nan
3188,461532,1611172068,MERV - XMEV - GGAL - 24hs,6780.0,2025-05-09 15:03:19,42,2025-05-09 15:03:20.763,6780.0,563,6770.0,1951,6760.0,12605,6750.0,9108,6740.0,3674,6790.0,17040,6830.0,2000,6840.0,2212,6850.0,7678,6860.0,2570,2025-05-09 15:03:20.677,,2147483647,355358,False,nan
3189,461877,1611172570,MERV - XMEV - GGAL - 24hs,6780.0,2025-05-09 15:03:24,1,2025-05-09 15:03:24.898,6780.0,563,6770.0,1951,6760.0,12605,6750.0,9108,6740.0,3674,6790.0,17040,6830.0,2000,6840.0,2212,6850.0,7678,6860.0,2570,2025-05-09 15:03:24.810,,2147483647,355358,True,bid
3190,461936,1611172655,MERV - XMEV - GGAL - 24hs,6780.0,2025-05-09 15:03:24,1,2025-05-09 15:03:25.564,6780.0,562,6770.0,1951,6760.0,12605,6750.0,9108,6740.0,3674,6790.0,17040,6830.0,2000,6840.0,2212,6850.0,7678,6860.0,2570,2025-05-09 15:03:25.478,,2147483647,355358,False,nan
3191,461977,1611172707,MERV - XMEV - GGAL - 24hs,6780.0,2025-05-09 15:03:24,1,2025-05-09 15:03:26.063,6780.0,562,6770.0,1951,6760.0,12605,6750.0,9108,6740.0,3674,6790.0,17040,6830.0,2000,6840.0,2212,6850.0,7678,6860.0,2570,2025-05-09 15:03:25.978,,2147483647,355359,False,nan
3192,462051,1611172826,MERV - XMEV - GGAL - 24hs,6780.0,2025-05-09 15:03:26,3,2025-05-09 15:03:26.675,6780.0,562,6770.0,1951,6760.0,12605,6750.0,9108,6740.0,3674,6790.0,17040,6830.0,2000,6840.0,2212,6850.0,7678,6860.0,2570,2025-05-09 15:03:26.589,,2147483647,355359,True,bid
3193,462114,1611172931,MERV - XMEV - GGAL - 24hs,6780.0,2025-05-09 15:03:26,3,2025-05-09 15:03:27.175,6780.0,559,6770.0,1951,6760.0,12605,6750.0,9108,6740.0,3674,6790.0,15040,6830.0,2000,6840.0,2212,6850.0,7678,6860.0,2570,2025-05-09 15:03:27.087,,2147483647,355359,False,nan
3194,462164,1611172996,MERV - XMEV - GGAL - 24hs,6780.0,2025-05-09 15:03:26,3,2025-05-09 15:03:27.678,6780.0,559,6770.0,1951,6760.0,12605,6750.0,9108,6740.0,3674,6790.0,18040,6830.0,2000,6840.0,2212,6850.0,7678,6860.0,2570,2025-05-09 15:03:27.587,,2147483647,355362,False,nan
3195,462233,1611173081,MERV - XMEV - GGAL - 24hs,6780.0,2025-05-09 15:03:26,3,2025-05-09 15:03:28.356,6780.0,559,6770.0,1951,6760.0,12605,6750.0,9108,6740.0,3674,6790.0,19040,6830.0,2000,6840.0,2212,6850.0,7678,6860.0,2570,2025-05-09 15:03:28.260,,2147483647,355362,False,nan
3196,462329,1611173211,MERV - XMEV - GGAL - 24hs,6780.0,2025-05-09 15:03:26,3,2025-05-09 15:03:29.385,6780.0,559,6770.0,1951,6760.0,7605,6750.0,9108,6740.0,3674,6790.0,17040,6830.0,2000,6840.0,2212,6850.0,7678,6860.0,2570,2025-05-09 15:03:29.299,,2147483647,355362,False,nan
3197,462406,1611173315,MERV - XMEV - GGAL - 24hs,6780.0,2025-05-09 15:03:26,3,2025-05-09 15:03:30.092,6780.0,559,6770.0,1951,6760.0,7605,6750.0,9108,6740.0,3674,6790.0,20040,6830.0,2000,6840.0,2212,6850.0,7678,6860.0,2570,2025-05-09 15:03:30.002,,2147483647,355362,False,nan
3198,462700,1611173733,MERV - XMEV - GGAL - 24hs,6780.0,2025-05-09 15:03:26,3,2025-05-09 15:03:32.824,6780.0,559,6770.0,1951,6760.0,7605,6750.0,9108,6740.0,3674,6790.0,17040,6830.0,2000,6840.0,2212,6850.0,7678,6860.0,2570,2025-05-09 15:03:32.735,,2147483647,355362,False,nan
3199,462759,1611173815,MERV - XMEV - GGAL - 24hs,6780.0,2025-05-09 15:03:26,3,2025-05-09 15:03:33.577,6780.0,559,6770.0,1951,6760.0,7605,6750.0,9108,6740.0,3674,6790.0,20040,6830.0,2000,6840.0,2212,6850.0,7678,6860.0,2570,2025-05-09 15:03:33.492,,2147483647,355362,False,nan
3200,463512,1611174847,MERV - XMEV - GGAL - 24hs,6780.0,2025-05-09 15:03:26,3,2025-05-09 15:03:41.159,6780.0,560,6770.0,1951,6760.0,7605,6750.0,6646,6740.0,3674,6790.0,20040,6830.0,2000,6840.0,2212,6850.0,7678,6860.0,2570,2025-05-09 15:03:40.968,,2147483647,355362,False,nan
3201,463591,1611174945,MERV - XMEV - GGAL - 24hs,6780.0,2025-05-09 15:03:26,3,2025-05-09 15:03:41.853,6780.0,560,6770.0,1951,6760.0,7605,6750.0,6646,6740.0,3674,6790.0,17040,6830.0,2000,6840.0,2212,6850.0,7678,6860.0,2570,2025-05-09 15:03:41.768,,2147483647,355362,False,nan
3202,463687,1611175057,MERV - XMEV - GGAL - 24hs,6790.0,2025-05-09 15:03:42,50,2025-05-09 15:03:42.444,6780.0,560,6770.0,1951,6760.0,7605,6750.0,6646,6740.0,3674,6790.0,17040,6830.0,2000,6840.0,2212,6850.0,7678,6860.0,2570,2025-05-09 15:03:42.347,,2147483647,355362,True,offer
3203,463741,1611175124,MERV - XMEV - GGAL - 24hs,6790.0,2025-05-09 15:03:42,50,2025-05-09 15:03:42.939,6780.0,560,6770.0,1951,6760.0,7605,6750.0,6646,6740.0,3674,6790.0,19990,6830.0,2000,6840.0,2212,6850.0,7678,6860.0,2570,2025-05-09 15:03:42.847,,2147483647,355362,False,nan
3204,463781,1611175178,MERV - XMEV - GGAL - 24hs,6790.0,2025-05-09 15:03:42,50,2025-05-09 15:03:43.432,6780.0,560,6770.0,1951,6760.0,7605,6750.0,6646,6740.0,3674,6790.0,19990,6830.0,2000,6840.0,2212,6850.0,7678,6860.0,2570,2025-05-09 15:03:43.347,,2147483647,355412,False,nan
3205,463969,1611175424,MERV - XMEV - GGAL - 24hs,6790.0,2025-05-09 15:03:42,50,2025-05-09 15:03:45.226,6780.0,560,6770.0,1946,6760.0,7605,6750.0,6646,6740.0,3674,6790.0,19990,6830.0,2000,6840.0,2212,6850.0,7678,6860.0,2500,2025-05-09 15:03:45.139,,2147483647,355412,False,nan
3206,464445,1611176059,MERV - XMEV - GGAL - 24hs,6790.0,2025-05-09 15:03:42,50,2025-05-09 15:03:50.098,6780.0,1060,6770.0,1446,6760.0,7605,6750.0,6646,6740.0,3674,6790.0,19990,6830.0,2000,6840.0,2212,6850.0,7678,6860.0,2500,2025-05-09 15:03:50.012,,2147483647,355412,False,nan
3207,464583,1611176246,MERV - XMEV - GGAL - 24hs,6790.0,2025-05-09 15:03:42,50,2025-05-09 15:03:51.587,6780.0,1460,6770.0,1446,6760.0,7605,6750.0,6646,6740.0,3674,6790.0,19990,6830.0,2000,6840.0,2212,6850.0,7678,6860.0,2500,2025-05-09 15:03:51.482,,2147483647,355412,False,nan
3208,464704,1611176399,MERV - XMEV - GGAL - 24hs,6780.0,2025-05-09 15:03:52,59,2025-05-09 15:03:53.112,6780.0,1460,6770.0,1446,6760.0,7605,6750.0,6646,6740.0,3674,6790.0,19990,6830.0,2000,6840.0,2212,6850.0,7678,6860.0,2500,2025-05-09 15:03:53.027,,2147483647,355412,True,bid
3209,464748,1611176470,MERV - XMEV - GGAL - 24hs,6780.0,2025-05-09 15:03:53,133,2025-05-09 15:03:53.624,6780.0,1460,6770.0,1446,6760.0,7605,6750.0,6646,6740.0,3674,6790.0,19990,6830.0,2000,6840.0,2212,6850.0,7678,6860.0,2500,2025-05-09 15:03:53.528,,2147483647,356739,True,bid
3210,464867,1611176632,MERV - XMEV - GGAL - 24hs,6780.0,2025-05-09 15:03:53,133,2025-05-09 15:03:54.776,6770.0,1446,6760.0,7605,6750.0,6646,6740.0,3674,6730.0,570,6790.0,19990,6830.0,2000,6840.0,2205,6850.0,7678,6860.0,2507,2025-05-09 15:03:54.653,,2147483647,356872,False,nan
3211,465101,1611176968,MERV - XMEV - GGAL - 24hs,6780.0,2025-05-09 15:03:53,133,2025-05-09 15:03:56.439,6770.0,1446,6760.0,7605,6750.0,6646,6740.0,3674,6730.0,570,6790.0,15990,6830.0,2000,6840.0,2205,6850.0,7678,6860.0,2507,2025-05-09 15:03:56.354,,2147483647,356872,False,nan
3212,465157,1611177042,MERV - XMEV - GGAL - 24hs,6780.0,2025-05-09 15:03:53,133,2025-05-09 15:03:57.170,6770.0,1446,6760.0,7605,6750.0,6646,6740.0,3674,6730.0,570,6790.0,20990,6830.0,2000,6840.0,2205,6850.0,7678,6860.0,2507,2025-05-09 15:03:57.081,,2147483647,356872,False,nan
3213,465195,1611177096,MERV - XMEV - GGAL - 24hs,6790.0,2025-05-09 15:03:57,1,2025-05-09 15:03:57.666,6770.0,1446,6760.0,7605,6750.0,6646,6740.0,3674,6730.0,570,6790.0,20990,6830.0,2000,6840.0,2205,6850.0,7678,6860.0,2507,2025-05-09 15:03:57.581,,2147483647,356872,True,offer
3214,465252,1611177176,MERV - XMEV - GGAL - 24hs,6790.0,2025-05-09 15:03:57,1,2025-05-09 15:03:58.168,6770.0,1446,6760.0,7605,6750.0,6646,6740.0,3674,6730.0,570,6790.0,20989,6830.0,2000,6840.0,2205,6850.0,7678,6860.0,2507,2025-05-09 15:03:58.082,,2147483647,356873,False,nan
3215,465277,1611177218,MERV - XMEV - GGAL - 24hs,6790.0,2025-05-09 15:03:58,35,2025-05-09 15:03:58.667,6770.0,1446,6760.0,7605,6750.0,6646,6740.0,3674,6730.0,570,6790.0,20989,6830.0,2000,6840.0,2205,6850.0,7678,6860.0,2507,2025-05-09 15:03:58.582,,2147483647,356873,True,offer
3216,465324,1611177282,MERV - XMEV - GGAL - 24hs,6790.0,2025-05-09 15:03:58,35,2025-05-09 15:03:59.168,6770.0,1446,6760.0,7605,6750.0,6646,6740.0,3674,6730.0,570,6790.0,20797,6830.0,2000,6840.0,2205,6850.0,7678,6860.0,2507,2025-05-09 15:03:59.081,,2147483647,357065,False,nan
3217,466089,1611178397,MERV - XMEV - GGAL - 24hs,6790.0,2025-05-09 15:03:58,35,2025-05-09 15:04:06.179,6770.0,1446,6760.0,7605,6750.0,6646,6740.0,3674,6730.0,570,6780.0,3000,6790.0,20797,6830.0,2000,6840.0,2205,6850.0,7678,2025-05-09 15:04:06.094,,2147483647,357065,False,nan
3218,466379,1611178784,MERV - XMEV - GGAL - 24hs,6790.0,2025-05-09 15:03:58,35,2025-05-09 15:04:08.462,6770.0,1446,6760.0,7605,6750.0,6646,6740.0,3674,6730.0,570,6780.0,3000,6790.0,21797,6830.0,2000,6840.0,2205,6850.0,7678,2025-05-09 15:04:08.327,,2147483647,357065,False,nan
3219,466559,1611179032,MERV - XMEV - GGAL - 24hs,6790.0,2025-05-09 15:03:58,35,2025-05-09 15:04:10.322,6770.0,1426,6760.0,7605,6750.0,6646,6740.0,3674,6730.0,570,6780.0,3000,6790.0,21797,6830.0,2000,6840.0,2205,6850.0,7678,2025-05-09 15:04:10.176,,2147483647,357065,False,nan
3220,466986,1611179655,MERV - XMEV - GGAL - 24hs,6790.0,2025-05-09 15:03:58,35,2025-05-09 15:04:14.991,6770.0,1426,6760.0,7605,6750.0,6646,6740.0,3674,6730.0,570,6780.0,3000,6790.0,20797,6830.0,2000,6840.0,2237,6850.0,7678,2025-05-09 15:04:14.906,,2147483647,357065,False,nan
3221,467025,1611179708,MERV - XMEV - GGAL - 24hs,6790.0,2025-05-09 15:03:58,35,2025-05-09 15:04:15.771,6770.0,1426,6760.0,7605,6750.0,6646,6740.0,3675,6730.0,570,6780.0,3000,6790.0,17797,6830.0,2000,6840.0,2237,6850.0,7678,2025-05-09 15:04:15.684,,2147483647,357065,False,nan
3222,467304,1611180114,MERV - XMEV - GGAL - 24hs,6790.0,2025-05-09 15:03:58,35,2025-05-09 15:04:18.802,6770.0,1426,6760.0,7605,6750.0,6646,6740.0,3675,6730.0,570,6780.0,3000,6790.0,13797,6830.0,2000,6840.0,2237,6850.0,7678,2025-05-09 15:04:18.703,,2147483647,357065,False,nan
3223,467374,1611180208,MERV - XMEV - GGAL - 24hs,6790.0,2025-05-09 15:03:58,35,2025-05-09 15:04:19.582,6770.0,1426,6760.0,7605,6750.0,6646,6740.0,3675,6730.0,125,6780.0,3000,6790.0,17797,6830.0,2500,6840.0,2237,6850.0,7678,2025-05-09 15:04:19.495,,2147483647,357065,False,nan
3224,467902,1611180946,MERV - XMEV - GGAL - 24hs,6790.0,2025-05-09 15:03:58,35,2025-05-09 15:04:25.119,6770.0,1426,6760.0,7605,6750.0,6646,6740.0,3675,6730.0,130,6780.0,3000,6790.0,17797,6830.0,2500,6840.0,2237,6850.0,7678,2025-05-09 15:04:25.035,,2147483647,357065,False,nan
3225,468105,1611181223,MERV - XMEV - GGAL - 24hs,6790.0,2025-05-09 15:03:58,35,2025-05-09 15:04:27.306,6770.0,1426,6760.0,7605,6750.0,6646,6740.0,3675,6730.0,130,6780.0,9832,6790.0,11965,6830.0,2500,6840.0,2237,6850.0,7678,2025-05-09 15:04:27.214,,2147483647,357065,False,nan
3226,468171,1611181308,MERV - XMEV - GGAL - 24hs,6770.0,2025-05-09 15:04:27,197,2025-05-09 15:04:27.811,6770.0,1426,6760.0,7605,6750.0,6646,6740.0,3675,6730.0,130,6780.0,9832,6790.0,11965,6830.0,2500,6840.0,2237,6850.0,7678,2025-05-09 15:04:27.718,,2147483647,357065,True,bid
3227,468209,1611181359,MERV - XMEV - GGAL - 24hs,6770.0,2025-05-09 15:04:27,197,2025-05-09 15:04:28.318,6760.0,7605,6750.0,6646,6740.0,3675,6730.0,130,6720.0,100,6770.0,17381,6780.0,3000,6830.0,2500,6840.0,2237,6850.0,7678,2025-05-09 15:04:28.225,,2147483647,357065,False,nan
3228,468254,1611181424,MERV - XMEV - GGAL - 24hs,6770.0,2025-05-09 15:04:28,17,2025-05-09 15:04:28.808,6760.0,7605,6750.0,6646,6740.0,3675,6730.0,130,6720.0,100,6770.0,17381,6780.0,3000,6830.0,2500,6840.0,2237,6850.0,7678,2025-05-09 15:04:28.721,,2147483647,358688,True,offer
3229,468305,1611181498,MERV - XMEV - GGAL - 24hs,6770.0,2025-05-09 15:04:28,17,2025-05-09 15:04:29.306,6760.0,7605,6750.0,6646,6740.0,3675,6730.0,130,6720.0,100,6770.0,16167,6780.0,3000,6830.0,2500,6840.0,2237,6850.0,7678,2025-05-09 15:04:29.220,,2147483647,358705,False,nan
3230,468567,1611181822,MERV - XMEV - GGAL - 24hs,6770.0,2025-05-09 15:04:28,17,2025-05-09 15:04:31.221,6760.0,7605,6750.0,6646,6740.0,3675,6730.0,130,6720.0,100,6770.0,17167,6780.0,3000,6830.0,2500,6840.0,2237,6850.0,7678,2025-05-09 15:04:31.136,,2147483647,358705,False,nan
3231,468697,1611181997,MERV - XMEV - GGAL - 24hs,6770.0,2025-05-09 15:04:32,40,2025-05-09 15:04:32.688,6760.0,7605,6750.0,6646,6740.0,3675,6730.0,130,6720.0,100,6770.0,17167,6780.0,3000,6830.0,2500,6840.0,2237,6850.0,7678,2025-05-09 15:04:32.577,,2147483647,358705,True,offer
3232,468726,1611182052,MERV - XMEV - GGAL - 24hs,6770.0,2025-05-09 15:04:32,40,2025-05-09 15:04:32.852,6760.0,7605,6750.0,6646,6740.0,3675,6730.0,130,6720.0,100,6770.0,17127,6780.0,3000,6830.0,2500,6840.0,2237,6850.0,7678,2025-05-09 15:04:32.739,,2147483647,358705,False,nan
3233,468754,1611182094,MERV - XMEV - GGAL - 24hs,6770.0,2025-05-09 15:04:32,40,2025-05-09 15:04:33.323,6760.0,7605,6750.0,6646,6740.0,3675,6730.0,130,6720.0,100,6770.0,17127,6780.0,3000,6830.0,2500,6840.0,2237,6850.0,7678,2025-05-09 15:04:33.239,,2147483647,358745,False,nan
3234,469577,1611183242,MERV - XMEV - GGAL - 24hs,6760.0,2025-05-09 15:04:42,123,2025-05-09 15:04:42.862,6760.0,7605,6750.0,6646,6740.0,3675,6730.0,130,6720.0,100,6770.0,17127,6780.0,3000,6830.0,2500,6840.0,2237,6850.0,7678,2025-05-09 15:04:42.765,,2147483647,358745,True,bid
3235,469628,1611183317,MERV - XMEV - GGAL - 24hs,6760.0,2025-05-09 15:04:42,25,2025-05-09 15:04:43.365,6760.0,7605,6750.0,6646,6740.0,3675,6730.0,130,6720.0,100,6770.0,17127,6780.0,3000,6830.0,2500,6840.0,2237,6850.0,7678,2025-05-09 15:04:43.265,,2147483647,358745,False,nan
3236,469673,1611183374,MERV - XMEV - GGAL - 24hs,6760.0,2025-05-09 15:04:43,3,2025-05-09 15:04:43.849,6760.0,7457,6750.0,6646,6740.0,3675,6730.0,130,6720.0,100,6770.0,17127,6780.0,3000,6830.0,2500,6840.0,2237,6850.0,7678,2025-05-09 15:04:43.765,,2147483647,358893,True,bid
3237,469716,1611183428,MERV - XMEV - GGAL - 24hs,6770.0,2025-05-09 15:04:43,2,2025-05-09 15:04:44.349,6760.0,7454,6750.0,6646,6740.0,3675,6730.0,130,6720.0,100,6770.0,17125,6780.0,3000,6830.0,2500,6840.0,2237,6850.0,7678,2025-05-09 15:04:44.265,,2147483647,358898,False,nan
3238,469773,1611183507,MERV - XMEV - GGAL - 24hs,6770.0,2025-05-09 15:04:43,2,2025-05-09 15:04:45.135,6760.0,7454,6750.0,9646,6740.0,3675,6730.0,130,6720.0,100,6770.0,17125,6780.0,3000,6830.0,2500,6840.0,2205,6850.0,7678,2025-05-09 15:04:45.048,,2147483647,358898,False,nan
3239,470049,1611183865,MERV - XMEV - GGAL - 24hs,6770.0,2025-05-09 15:04:43,2,2025-05-09 15:04:47.728,6760.0,7454,6750.0,9646,6740.0,3675,6730.0,130,6720.0,100,6770.0,16125,6780.0,3000,6830.0,2500,6840.0,2205,6850.0,7678,2025-05-09 15:04:47.631,,2147483647,358898,False,nan
3240,470138,1611183988,MERV - XMEV - GGAL - 24hs,6770.0,2025-05-09 15:04:43,2,2025-05-09 15:04:48.336,6760.0,7454,6750.0,9646,6740.0,3675,6730.0,130,6720.0,100,6770.0,18125,6780.0,3000,6830.0,2500,6840.0,2205,6850.0,7678,2025-05-09 15:04:48.248,,2147483647,358898,False,nan
3241,470198,1611184083,MERV - XMEV - GGAL - 24hs,6770.0,2025-05-09 15:04:43,2,2025-05-09 15:04:49.396,6760.0,7454,6750.0,9646,6740.0,3675,6730.0,130,6720.0,100,6770.0,13125,6780.0,3000,6830.0,2500,6840.0,2205,6850.0,7678,2025-05-09 15:04:49.219,,2147483647,358898,False,nan
3242,470887,1611185081,MERV - XMEV - GGAL - 24hs,6770.0,2025-05-09 15:04:43,2,2025-05-09 15:04:55.981,6760.0,7454,6750.0,9646,6740.0,3675,6730.0,130,6720.0,100,6770.0,9842,6780.0,3000,6830.0,2500,6840.0,2205,6850.0,7678,2025-05-09 15:04:55.896,,2147483647,358898,False,nan
3243,471030,1611185307,MERV - XMEV - GGAL - 24hs,6770.0,2025-05-09 15:04:43,2,2025-05-09 15:04:57.564,6760.0,7454,6750.0,9646,6740.0,3675,6730.0,130,6720.0,100,6770.0,14842,6780.0,3000,6830.0,2500,6840.0,2205,6850.0,7678,2025-05-09 15:04:57.473,,2147483647,358898,False,nan
3244,471144,1611185461,MERV - XMEV - GGAL - 24hs,6770.0,2025-05-09 15:04:43,2,2025-05-09 15:04:59.090,6760.0,7454,6750.0,9646,6740.0,3675,6730.0,130,6720.0,100,6770.0,15842,6780.0,3000,6830.0,2500,6840.0,2205,6850.0,7678,2025-05-09 15:04:58.998,,2147483647,358898,False,nan
3245,471305,1611185683,MERV - XMEV - GGAL - 24hs,6770.0,2025-05-09 15:04:43,2,2025-05-09 15:05:00.889,6760.0,7454,6750.0,9646,6740.0,5675,6730.0,130,6720.0,100,6770.0,14842,6780.0,3000,6830.0,2500,6840.0,2205,6850.0,7678,2025-05-09 15:05:00.805,,2147483647,358898,False,nan
3246,471402,1611185813,MERV - XMEV - GGAL - 24hs,6770.0,2025-05-09 15:04:43,2,2025-05-09 15:05:01.840,6760.0,7454,6750.0,9646,6740.0,5675,6730.0,130,6720.0,100,6770.0,16842,6780.0,3000,6830.0,2500,6840.0,2205,6850.0,7679,2025-05-09 15:05:01.748,,2147483647,358898,False,nan
3247,471454,1611185883,MERV - XMEV - GGAL - 24hs,6760.0,2025-05-09 15:05:02,23,2025-05-09 15:05:02.327,6760.0,7454,6750.0,9646,6740.0,5675,6730.0,130,6720.0,100,6770.0,16842,6780.0,3000,6830.0,2500,6840.0,2205,6850.0,7679,2025-05-09 15:05:02.243,,2147483647,358898,True,bid
3248,471504,1611185951,MERV - XMEV - GGAL - 24hs,6760.0,2025-05-09 15:05:02,23,2025-05-09 15:05:02.828,6760.0,7409,6750.0,9646,6740.0,5675,6730.0,130,6720.0,100,6770.0,16842,6780.0,3000,6830.0,2500,6840.0,2205,6850.0,7679,2025-05-09 15:05:02.743,,2147483647,358943,False,nan
3249,471659,1611186175,MERV - XMEV - GGAL - 24hs,6760.0,2025-05-09 15:05:02,23,2025-05-09 15:05:04.406,6760.0,7409,6750.0,9646,6740.0,5675,6730.0,130,6720.0,100,6770.0,10010,6780.0,3000,6830.0,2500,6840.0,2205,6850.0,7679,2025-05-09 15:05:04.318,,2147483647,358943,False,nan
3250,471901,1611186501,MERV - XMEV - GGAL - 24hs,6760.0,2025-05-09 15:05:02,23,2025-05-09 15:05:06.863,6760.0,7409,6750.0,9646,6740.0,5675,6730.0,130,6720.0,100,6770.0,11010,6780.0,3000,6830.0,2500,6840.0,2205,6850.0,7679,2025-05-09 15:05:06.748,,2147483647,358943,False,nan
3251,472101,1611186780,MERV - XMEV - GGAL - 24hs,6760.0,2025-05-09 15:05:02,23,2025-05-09 15:05:08.195,6760.0,7409,6750.0,9646,6740.0,5675,6730.0,130,6720.0,100,6770.0,11010,6780.0,3000,6800.0,5000,6830.0,2500,6840.0,2605,2025-05-09 15:05:08.080,,2147483647,358943,False,nan
3252,472242,1611186969,MERV - XMEV - GGAL - 24hs,6760.0,2025-05-09 15:05:02,23,2025-05-09 15:05:09.182,6760.0,7409,6750.0,9646,6740.0,5675,6730.0,130,6720.0,100,6770.0,11010,6800.0,8000,6830.0,2500,6840.0,2605,6850.0,2679,2025-05-09 15:05:09.053,,2147483647,358943,False,nan
3253,472398,1611187234,MERV - XMEV - GGAL - 24hs,6760.0,2025-05-09 15:05:02,23,2025-05-09 15:05:11.130,6760.0,7409,6750.0,9646,6740.0,5675,6730.0,130,6720.0,100,6770.0,11010,6800.0,3000,6810.0,5000,6830.0,2500,6840.0,2605,2025-05-09 15:05:11.020,,2147483647,358943,False,nan
3254,472521,1611187415,MERV - XMEV - GGAL - 24hs,6770.0,2025-05-09 15:05:12,10,2025-05-09 15:05:12.127,6760.0,7409,6750.0,9646,6740.0,5675,6730.0,130,6720.0,100,6770.0,11010,6800.0,3000,6810.0,5000,6830.0,2500,6840.0,2605,2025-05-09 15:05:12.031,,2147483647,358943,True,offer
3255,472565,1611187476,MERV - XMEV - GGAL - 24hs,6770.0,2025-05-09 15:05:12,10,2025-05-09 15:05:12.615,6760.0,7409,6750.0,9646,6740.0,5675,6730.0,130,6720.0,100,6770.0,11010,6800.0,3000,6810.0,5000,6830.0,2500,6840.0,2605,2025-05-09 15:05:12.531,,2147483647,358943,False,nan
3256,472611,1611187551,MERV - XMEV - GGAL - 24hs,6770.0,2025-05-09 15:05:12,10,2025-05-09 15:05:13.118,6760.0,7409,6750.0,9646,6740.0,5675,6730.0,130,6720.0,100,6770.0,10990,6800.0,3000,6810.0,5000,6830.0,2500,6840.0,2605,2025-05-09 15:05:13.031,,2147483647,358963,False,nan
3257,472779,1611187775,MERV - XMEV - GGAL - 24hs,6770.0,2025-05-09 15:05:12,10,2025-05-09 15:05:15.364,6760.0,7409,6750.0,9646,6740.0,5675,6730.0,130,6720.0,100,6770.0,11990,6800.0,3000,6810.0,5000,6830.0,2500,6840.0,2605,2025-05-09 15:05:15.279,,2147483647,358963,False,nan
3258,472887,1611187927,MERV - XMEV - GGAL - 24hs,6770.0,2025-05-09 15:05:16,4,2025-05-09 15:05:16.916,6760.0,7409,6750.0,9646,6740.0,5675,6730.0,130,6720.0,100,6770.0,11990,6800.0,3000,6810.0,5000,6830.0,2500,6840.0,2605,2025-05-09 15:05:16.824,,2147483647,358963,True,offer
3259,472926,1611187981,MERV - XMEV - GGAL - 24hs,6770.0,2025-05-09 15:05:16,4,2025-05-09 15:05:17.415,6760.0,7409,6750.0,9646,6740.0,5675,6730.0,130,6720.0,100,6770.0,11986,6800.0,3000,6810.0,5000,6830.0,2500,6840.0,2605,2025-05-09 15:05:17.325,,2147483647,358963,False,nan
3260,472985,1611188064,MERV - XMEV - GGAL - 24hs,6770.0,2025-05-09 15:05:16,4,2025-05-09 15:05:17.932,6760.0,7409,6750.0,9646,6740.0,5675,6730.0,130,6720.0,100,6770.0,11986,6800.0,3000,6810.0,5000,6830.0,2500,6840.0,2605,2025-05-09 15:05:17.825,,2147483647,358967,False,nan
3261,473155,1611188294,MERV - XMEV - GGAL - 24hs,6770.0,2025-05-09 15:05:16,4,2025-05-09 15:05:19.604,6760.0,7411,6750.0,9646,6740.0,5675,6730.0,130,6720.0,100,6770.0,11986,6800.0,3000,6810.0,5000,6830.0,2500,6840.0,2605,2025-05-09 15:05:19.520,,2147483647,358967,False,nan
3262,473578,1611188914,MERV - XMEV - GGAL - 24hs,6760.0,2025-05-09 15:05:22,51,2025-05-09 15:05:22.906,6760.0,7411,6750.0,9646,6740.0,5675,6730.0,130,6720.0,100,6770.0,11986,6800.0,3000,6810.0,5000,6830.0,2500,6840.0,2605,2025-05-09 15:05:22.818,,2147483647,358967,True,bid
3263,473635,1611189004,MERV - XMEV - GGAL - 24hs,6760.0,2025-05-09 15:05:22,51,2025-05-09 15:05:23.710,6760.0,7360,6750.0,9646,6740.0,5675,6730.0,130,6720.0,100,6770.0,11986,6800.0,3000,6810.0,5000,6830.0,2500,6840.0,2605,2025-05-09 15:05:23.483,,2147483647,358967,False,nan
3264,473677,1611189064,MERV - XMEV - GGAL - 24hs,6760.0,2025-05-09 15:05:22,51,2025-05-09 15:05:24.068,6760.0,7360,6750.0,9646,6740.0,5675,6730.0,130,6720.0,100,6770.0,11986,6800.0,3000,6810.0,5000,6830.0,2500,6840.0,2605,2025-05-09 15:05:23.983,,2147483647,359018,False,nan
3265,473736,1611189159,MERV - XMEV - GGAL - 24hs,6760.0,2025-05-09 15:05:22,51,2025-05-09 15:05:25.109,6760.0,7360,6750.0,9646,6740.0,5675,6730.0,130,6720.0,100,6770.0,11986,6800.0,3001,6810.0,5000,6830.0,2500,6840.0,2605,2025-05-09 15:05:25.024,,2147483647,359018,False,nan
3266,473779,1611189215,MERV - XMEV - GGAL - 24hs,6760.0,2025-05-09 15:05:25,300,2025-05-09 15:05:25.716,6760.0,7360,6750.0,9646,6740.0,5675,6730.0,130,6720.0,100,6770.0,11986,6800.0,3001,6810.0,5000,6830.0,2500,6840.0,2605,2025-05-09 15:05:25.627,,2147483647,359018,True,bid
3267,473823,1611189281,MERV - XMEV - GGAL - 24hs,6760.0,2025-05-09 15:05:25,300,2025-05-09 15:05:26.215,6760.0,7060,6750.0,9646,6740.0,5675,6730.0,130,6720.0,100,6770.0,9986,6800.0,3001,6810.0,5000,6830.0,2500,6840.0,2605,2025-05-09 15:05:26.129,,2147483647,359018,False,nan
3268,473858,1611189349,MERV - XMEV - GGAL - 24hs,6760.0,2025-05-09 15:05:25,300,2025-05-09 15:05:26.718,6760.0,7060,6750.0,9646,6740.0,5675,6730.0,130,6720.0,100,6770.0,12986,6800.0,3001,6810.0,5000,6830.0,2500,6840.0,2605,2025-05-09 15:05:26.633,,2147483647,359318,False,nan
3269,473891,1611189399,MERV - XMEV - GGAL - 24hs,6760.0,2025-05-09 15:05:26,99,2025-05-09 15:05:27.215,6760.0,7060,6750.0,9646,6740.0,5675,6730.0,130,6720.0,100,6770.0,12986,6800.0,3001,6810.0,5000,6830.0,2500,6840.0,2605,2025-05-09 15:05:27.127,,2147483647,359318,True,bid
3270,473921,1611189435,MERV - XMEV - GGAL - 24hs,6760.0,2025-05-09 15:05:26,99,2025-05-09 15:05:27.713,6760.0,6961,6750.0,9646,6740.0,5675,6730.0,130,6720.0,100,6770.0,12986,6800.0,3001,6810.0,5000,6830.0,2500,6840.0,2605,2025-05-09 15:05:27.627,,2147483647,359318,False,nan
3271,473953,1611189481,MERV - XMEV - GGAL - 24hs,6760.0,2025-05-09 15:05:26,99,2025-05-09 15:05:28.215,6760.0,6961,6750.0,9646,6740.0,5675,6730.0,130,6720.0,100,6770.0,12986,6800.0,3001,6810.0,5000,6830.0,2500,6840.0,2605,2025-05-09 15:05:28.128,,2147483647,359417,False,nan
3272,474094,1611189674,MERV - XMEV - GGAL - 24hs,6760.0,2025-05-09 15:05:26,99,2025-05-09 15:05:29.468,6760.0,6961,6750.0,9646,6740.0,5675,6730.0,130,6720.0,100,6770.0,13986,6800.0,3001,6810.0,5000,6830.0,2500,6840.0,2605,2025-05-09 15:05:29.379,,2147483647,359417,False,nan
3273,474172,1611189790,MERV - XMEV - GGAL - 24hs,6760.0,2025-05-09 15:05:30,6,2025-05-09 15:05:30.389,6760.0,6961,6750.0,9646,6740.0,5675,6730.0,130,6720.0,100,6770.0,13986,6800.0,3001,6810.0,5000,6830.0,2500,6840.0,2605,2025-05-09 15:05:30.305,,2147483647,359417,True,bid
3274,474209,1611189836,MERV - XMEV - GGAL - 24hs,6760.0,2025-05-09 15:05:30,6,2025-05-09 15:05:30.889,6760.0,6955,6750.0,9646,6740.0,5675,6730.0,130,6720.0,100,6770.0,13986,6800.0,3001,6810.0,5000,6830.0,2500,6840.0,2605,2025-05-09 15:05:30.806,,2147483647,359417,False,nan
3275,474248,1611189893,MERV - XMEV - GGAL - 24hs,6760.0,2025-05-09 15:05:30,6,2025-05-09 15:05:31.390,6760.0,6955,6750.0,9646,6740.0,5675,6730.0,130,6720.0,100,6770.0,13986,6800.0,3001,6810.0,5000,6830.0,2500,6840.0,2605,2025-05-09 15:05:31.306,,2147483647,359423,False,nan
3276,474342,1611190007,MERV - XMEV - GGAL - 24hs,6760.0,2025-05-09 15:05:30,6,2025-05-09 15:05:32.525,6760.0,6955,6750.0,9646,6740.0,5675,6730.0,130,6720.0,100,6770.0,13986,6800.0,3001,6810.0,5001,6830.0,2500,6840.0,2605,2025-05-09 15:05:32.438,,2147483647,359423,False,nan
3277,474434,1611190125,MERV - XMEV - GGAL - 24hs,6760.0,2025-05-09 15:05:30,6,2025-05-09 15:05:33.599,6760.0,6960,6750.0,9646,6740.0,5675,6730.0,130,6720.0,100,6770.0,13986,6800.0,3001,6810.0,5001,6830.0,2500,6840.0,2605,2025-05-09 15:05:33.511,,2147483647,359423,False,nan
3278,474488,1611190202,MERV - XMEV - GGAL - 24hs,6770.0,2025-05-09 15:05:33,95,2025-05-09 15:05:34.109,6760.0,6960,6750.0,9646,6740.0,5675,6730.0,130,6720.0,100,6770.0,13986,6800.0,3001,6810.0,5001,6830.0,2500,6840.0,2605,2025-05-09 15:05:34.011,,2147483647,359423,True,offer
3279,474528,1611190254,MERV - XMEV - GGAL - 24hs,6770.0,2025-05-09 15:05:33,95,2025-05-09 15:05:34.601,6760.0,6960,6750.0,9646,6740.0,5675,6730.0,130,6720.0,100,6770.0,13891,6800.0,3001,6810.0,5001,6830.0,2500,6840.0,2605,2025-05-09 15:05:34.517,,2147483647,359423,False,nan
3280,474588,1611190341,MERV - XMEV - GGAL - 24hs,6770.0,2025-05-09 15:05:33,95,2025-05-09 15:05:35.097,6760.0,6960,6750.0,9646,6740.0,5675,6730.0,130,6720.0,100,6770.0,13891,6800.0,3001,6810.0,5001,6830.0,2500,6840.0,2605,2025-05-09 15:05:35.012,,2147483647,359518,False,nan
3281,474644,1611190422,MERV - XMEV - GGAL - 24hs,6770.0,2025-05-09 15:05:33,95,2025-05-09 15:05:35.597,6760.0,6960,6750.0,9646,6740.0,5675,6730.0,130,6720.0,100,6770.0,14891,6800.0,3001,6810.0,5001,6830.0,2500,6840.0,2605,2025-05-09 15:05:35.512,,2147483647,359518,False,nan
3282,474874,1611190735,MERV - XMEV - GGAL - 24hs,6770.0,2025-05-09 15:05:37,15,2025-05-09 15:05:38.095,6760.0,6960,6750.0,9646,6740.0,5675,6730.0,130,6720.0,100,6770.0,14891,6800.0,3001,6810.0,5001,6830.0,2500,6840.0,2605,2025-05-09 15:05:37.994,,2147483647,359518,True,offer
3283,474951,1611190830,MERV - XMEV - GGAL - 24hs,6770.0,2025-05-09 15:05:37,15,2025-05-09 15:05:38.742,6760.0,6960,6750.0,9646,6740.0,5675,6730.0,130,6720.0,100,6770.0,14876,6800.0,3001,6810.0,5001,6830.0,2500,6840.0,2605,2025-05-09 15:05:38.656,,2147483647,359518,False,nan
3284,475008,1611190901,MERV - XMEV - GGAL - 24hs,6770.0,2025-05-09 15:05:37,15,2025-05-09 15:05:39.246,6760.0,6960,6750.0,9646,6740.0,5675,6730.0,130,6720.0,100,6770.0,14876,6800.0,3001,6810.0,5001,6830.0,2500,6840.0,2605,2025-05-09 15:05:39.156,,2147483647,359533,False,nan
3285,475037,1611190951,MERV - XMEV - GGAL - 24hs,6770.0,2025-05-09 15:05:37,15,2025-05-09 15:05:39.740,6760.0,6960,6750.0,9646,6740.0,5677,6730.0,130,6720.0,100,6770.0,14876,6800.0,3001,6810.0,5001,6830.0,2501,6840.0,2605,2025-05-09 15:05:39.655,,2147483647,359533,False,nan
3286,475088,1611191037,MERV - XMEV - GGAL - 24hs,6760.0,2025-05-09 15:05:40,5,2025-05-09 15:05:40.243,6760.0,6960,6750.0,9646,6740.0,5677,6730.0,130,6720.0,100,6770.0,14876,6800.0,3001,6810.0,5001,6830.0,2501,6840.0,2605,2025-05-09 15:05:40.156,,2147483647,359570,True,bid
3287,475114,1611191074,MERV - XMEV - GGAL - 24hs,6760.0,2025-05-09 15:05:40,5,2025-05-09 15:05:40.741,6760.0,6923,6750.0,9646,6740.0,5677,6730.0,130,6720.0,100,6770.0,14871,6800.0,8001,6810.0,1,6830.0,2501,6840.0,2605,2025-05-09 15:05:40.656,,2147483647,359575,False,nan
3288,475155,1611191128,MERV - XMEV - GGAL - 24hs,6760.0,2025-05-09 15:05:40,7,2025-05-09 15:05:41.406,6760.0,6923,6750.0,9646,6740.0,5677,6730.0,130,6720.0,100,6770.0,14871,6800.0,8001,6810.0,1,6830.0,2501,6840.0,2605,2025-05-09 15:05:41.322,,2147483647,359575,False,nan
3289,475216,1611191214,MERV - XMEV - GGAL - 24hs,6760.0,2025-05-09 15:05:40,7,2025-05-09 15:05:41.978,6760.0,6916,6750.0,9646,6740.0,5687,6730.0,130,6720.0,100,6770.0,14871,6800.0,8001,6810.0,1,6830.0,2501,6840.0,2605,2025-05-09 15:05:41.824,,2147483647,359575,False,nan
3290,475291,1611191315,MERV - XMEV - GGAL - 24hs,6760.0,2025-05-09 15:05:40,7,2025-05-09 15:05:42.412,6760.0,6916,6750.0,9646,6740.0,5687,6730.0,130,6720.0,100,6770.0,14871,6800.0,8001,6810.0,1,6830.0,2501,6840.0,2605,2025-05-09 15:05:42.322,,2147483647,359582,False,nan
3291,475342,1611191376,MERV - XMEV - GGAL - 24hs,6760.0,2025-05-09 15:05:42,60,2025-05-09 15:05:43.087,6760.0,6916,6750.0,9646,6740.0,5687,6730.0,130,6720.0,100,6770.0,14871,6800.0,8001,6810.0,1,6830.0,2501,6840.0,2605,2025-05-09 15:05:42.989,,2147483647,359582,True,bid
3292,475509,1611191623,MERV - XMEV - GGAL - 24hs,6760.0,2025-05-09 15:05:42,27,2025-05-09 15:05:43.868,6760.0,6829,6750.0,9646,6740.0,5687,6730.0,130,6720.0,100,6770.0,14871,6800.0,8001,6810.0,1,6830.0,2501,6840.0,2605,2025-05-09 15:05:43.489,,2147483647,359669,False,nan
3293,475605,1611191776,MERV - XMEV - GGAL - 24hs,6760.0,2025-05-09 15:05:42,27,2025-05-09 15:05:44.355,6760.0,6829,6750.0,9646,6740.0,5687,6730.0,130,6720.0,100,6770.0,15871,6800.0,8001,6810.0,1,6830.0,2501,6840.0,2605,2025-05-09 15:05:43.988,,2147483647,359669,False,nan
3294,475701,1611191899,MERV - XMEV - GGAL - 24hs,6760.0,2025-05-09 15:05:42,27,2025-05-09 15:05:44.940,6760.0,6829,6750.0,9646,6740.0,5687,6730.0,130,6720.0,100,6770.0,14871,6800.0,8001,6810.0,1,6830.0,2501,6840.0,2605,2025-05-09 15:05:44.645,,2147483647,359669,False,nan
3295,475922,1611192188,MERV - XMEV - GGAL - 24hs,6760.0,2025-05-09 15:05:47,21,2025-05-09 15:05:47.475,6760.0,6829,6750.0,9646,6740.0,5687,6730.0,130,6720.0,100,6770.0,14871,6800.0,8001,6810.0,1,6830.0,2501,6840.0,2605,2025-05-09 15:05:47.356,,2147483647,359669,True,bid
3296,475997,1611192292,MERV - XMEV - GGAL - 24hs,6760.0,2025-05-09 15:05:47,21,2025-05-09 15:05:47.943,6760.0,6808,6750.0,9646,6740.0,5687,6730.0,130,6720.0,100,6770.0,14871,6800.0,3001,6810.0,5001,6830.0,2501,6840.0,2605,2025-05-09 15:05:47.858,,2147483647,359669,False,nan
3297,476047,1611192361,MERV - XMEV - GGAL - 24hs,6760.0,2025-05-09 15:05:47,21,2025-05-09 15:05:48.450,6760.0,6808,6750.0,9646,6740.0,5687,6730.0,130,6720.0,100,6770.0,14871,6800.0,3001,6810.0,5001,6830.0,2501,6840.0,2605,2025-05-09 15:05:48.362,,2147483647,359690,False,nan
3298,477073,1611193840,MERV - XMEV - GGAL - 24hs,6760.0,2025-05-09 15:05:47,21,2025-05-09 15:06:01.943,6760.0,6808,6750.0,9646,6740.0,5687,6730.0,130,6720.0,100,6770.0,15871,6800.0,3001,6810.0,5001,6830.0,2501,6840.0,2605,2025-05-09 15:06:01.859,,2147483647,359690,False,nan
3299,477240,1611194087,MERV - XMEV - GGAL - 24hs,6770.0,2025-05-09 15:06:03,10,2025-05-09 15:06:03.894,6760.0,6808,6750.0,9646,6740.0,5687,6730.0,130,6720.0,100,6770.0,15871,6800.0,3001,6810.0,5001,6830.0,2501,6840.0,2605,2025-05-09 15:06:03.809,,2147483647,359690,True,offer
3300,477272,1611194140,MERV - XMEV - GGAL - 24hs,6770.0,2025-05-09 15:06:03,113,2025-05-09 15:06:04.394,6760.0,6808,6750.0,9646,6740.0,5687,6730.0,130,6720.0,100,6770.0,12861,6800.0,3001,6810.0,5001,6830.0,2501,6840.0,2605,2025-05-09 15:06:04.309,,2147483647,359700,False,nan
3301,477326,1611194223,MERV - XMEV - GGAL - 24hs,6770.0,2025-05-09 15:06:03,113,2025-05-09 15:06:04.893,6760.0,6808,6750.0,9646,6740.0,5687,6730.0,130,6720.0,100,6770.0,6748,6800.0,3001,6810.0,5001,6830.0,2501,6840.0,2605,2025-05-09 15:06:04.809,,2147483647,359813,False,nan
3302,477508,1611194484,MERV - XMEV - GGAL - 24hs,6770.0,2025-05-09 15:06:03,113,2025-05-09 15:06:06.800,6760.0,6808,6750.0,9646,6740.0,5687,6730.0,130,6720.0,100,6770.0,7748,6800.0,3001,6810.0,5001,6830.0,2501,6840.0,2605,2025-05-09 15:06:06.713,,2147483647,359813,False,nan
3303,477569,1611194564,MERV - XMEV - GGAL - 24hs,6770.0,2025-05-09 15:06:06,67,2025-05-09 15:06:07.543,6760.0,6808,6750.0,9646,6740.0,5687,6730.0,130,6720.0,100,6770.0,7748,6800.0,3001,6810.0,5001,6830.0,2501,6840.0,2605,2025-05-09 15:06:07.240,,2147483647,359813,True,offer
3304,477609,1611194635,MERV - XMEV - GGAL - 24hs,6770.0,2025-05-09 15:06:06,67,2025-05-09 15:06:07.898,6760.0,6808,6750.0,9646,6740.0,5687,6730.0,130,6720.0,100,6770.0,7681,6800.0,3001,6810.0,5001,6830.0,2501,6840.0,2605,2025-05-09 15:06:07.713,,2147483647,359880,False,nan
3305,478141,1611195371,MERV - XMEV - GGAL - 24hs,6770.0,2025-05-09 15:06:06,67,2025-05-09 15:06:12.999,6760.0,6808,6750.0,9646,6740.0,5687,6730.0,130,6720.0,100,6770.0,6681,6800.0,3001,6810.0,5001,6830.0,2501,6840.0,2605,2025-05-09 15:06:12.907,,2147483647,359880,False,nan
3306,478182,1611195429,MERV - XMEV - GGAL - 24hs,6760.0,2025-05-09 15:06:13,775,2025-05-09 15:06:13.491,6760.0,6808,6750.0,9646,6740.0,5687,6730.0,130,6720.0,100,6770.0,6681,6800.0,3001,6810.0,5001,6830.0,2501,6840.0,2605,2025-05-09 15:06:13.407,,2147483647,359895,True,bid
3307,478238,1611195502,MERV - XMEV - GGAL - 24hs,6770.0,2025-05-09 15:06:13,297,2025-05-09 15:06:13.991,6760.0,6034,6750.0,9646,6740.0,5687,6730.0,130,6720.0,100,6770.0,8666,6800.0,7001,6810.0,1,6830.0,2501,6840.0,2605,2025-05-09 15:06:13.907,,2147483647,360670,False,nan
3308,478320,1611195613,MERV - XMEV - GGAL - 24hs,6770.0,2025-05-09 15:06:13,297,2025-05-09 15:06:14.491,6760.0,6034,6750.0,9646,6740.0,5687,6730.0,130,6720.0,100,6770.0,8369,6800.0,7001,6810.0,1,6830.0,2501,6840.0,2605,2025-05-09 15:06:14.407,,2147483647,360670,False,nan
3309,478425,1611195750,MERV - XMEV - GGAL - 24hs,6770.0,2025-05-09 15:06:13,297,2025-05-09 15:06:15.095,6760.0,6034,6750.0,9646,6740.0,5687,6730.0,130,6720.0,100,6770.0,8369,6800.0,7001,6810.0,1,6830.0,2501,6840.0,2605,2025-05-09 15:06:14.907,,2147483647,360967,False,nan
3310,478505,1611195847,MERV - XMEV - GGAL - 24hs,6770.0,2025-05-09 15:06:13,297,2025-05-09 15:06:15.706,6760.0,6034,6750.0,11146,6740.0,5687,6730.0,130,6720.0,100,6770.0,9369,6800.0,7001,6810.0,1,6830.0,2501,6840.0,2605,2025-05-09 15:06:15.622,,2147483647,360967,False,nan
3311,478585,1611195943,MERV - XMEV - GGAL - 24hs,6770.0,2025-05-09 15:06:13,297,2025-05-09 15:06:16.742,6760.0,6034,6750.0,11146,6740.0,5687,6730.0,130,6720.0,100,6770.0,8369,6800.0,7001,6810.0,1,6830.0,2501,6840.0,2605,2025-05-09 15:06:16.658,,2147483647,360967,False,nan
3312,478804,1611196244,MERV - XMEV - GGAL - 24hs,6770.0,2025-05-09 15:06:19,3000,2025-05-09 15:06:19.411,6760.0,6034,6750.0,11146,6740.0,5687,6730.0,130,6720.0,100,6770.0,8369,6800.0,7001,6810.0,1,6830.0,2501,6840.0,2605,2025-05-09 15:06:19.324,,2147483647,360967,True,offer
3313,478910,1611196376,MERV - XMEV - GGAL - 24hs,6770.0,2025-05-09 15:06:19,3000,2025-05-09 15:06:20.083,6760.0,6034,6750.0,11146,6740.0,5687,6730.0,130,6720.0,100,6770.0,5369,6800.0,3001,6810.0,4001,6830.0,2501,6840.0,2605,2025-05-09 15:06:19.998,,2147483647,360967,False,nan
3314,478978,1611196463,MERV - XMEV - GGAL - 24hs,6770.0,2025-05-09 15:06:19,3000,2025-05-09 15:06:20.581,6760.0,6034,6750.0,11146,6740.0,5687,6730.0,130,6720.0,100,6770.0,5369,6800.0,3001,6810.0,4001,6830.0,2501,6840.0,2605,2025-05-09 15:06:20.498,,2147483647,363967,False,nan
3315,479037,1611196533,MERV - XMEV - GGAL - 24hs,6770.0,2025-05-09 15:06:19,3000,2025-05-09 15:06:21.156,6760.0,6034,6750.0,11146,6740.0,5687,6730.0,130,6720.0,100,6770.0,5369,6800.0,3001,6810.0,4001,6830.0,2501,6840.0,2655,2025-05-09 15:06:21.071,,2147483647,363967,False,nan
3316,479119,1611196645,MERV - XMEV - GGAL - 24hs,6770.0,2025-05-09 15:06:21,1,2025-05-09 15:06:21.960,6760.0,6034,6750.0,11146,6740.0,5687,6730.0,130,6720.0,100,6770.0,5369,6800.0,3001,6810.0,4001,6830.0,2501,6840.0,2655,2025-05-09 15:06:21.873,,2147483647,363967,True,offer
3317,479185,1611196741,MERV - XMEV - GGAL - 24hs,6770.0,2025-05-09 15:06:21,1,2025-05-09 15:06:22.621,6760.0,6034,6750.0,11146,6740.0,5687,6730.0,130,6720.0,100,6770.0,5368,6800.0,3001,6810.0,4001,6830.0,2501,6840.0,2655,2025-05-09 15:06:22.537,,2147483647,363967,False,nan
3318,479251,1611196836,MERV - XMEV - GGAL - 24hs,6770.0,2025-05-09 15:06:21,1,2025-05-09 15:06:23.123,6760.0,6034,6750.0,11146,6740.0,5687,6730.0,130,6720.0,100,6770.0,5368,6800.0,3001,6810.0,4001,6830.0,2501,6840.0,2655,2025-05-09 15:06:23.038,,2147483647,363968,False,nan
3319,479637,1611197381,MERV - XMEV - GGAL - 24hs,6770.0,2025-05-09 15:06:21,1,2025-05-09 15:06:26.042,6760.0,6034,6750.0,11147,6740.0,5687,6730.0,130,6720.0,100,6770.0,4368,6800.0,3001,6810.0,4001,6830.0,2501,6840.0,2655,2025-05-09 15:06:25.949,,2147483647,363968,False,nan
3320,479818,1611197622,MERV - XMEV - GGAL - 24hs,6770.0,2025-05-09 15:06:21,1,2025-05-09 15:06:27.600,6760.0,6034,6750.0,11147,6740.0,5687,6730.0,130,6720.0,100,6770.0,5368,6800.0,3001,6810.0,4001,6830.0,2501,6840.0,2655,2025-05-09 15:06:27.515,,2147483647,363968,False,nan
3321,479905,1611197737,MERV - XMEV - GGAL - 24hs,6770.0,2025-05-09 15:06:28,500,2025-05-09 15:06:28.992,6760.0,6034,6750.0,11147,6740.0,5687,6730.0,130,6720.0,100,6770.0,5368,6800.0,3001,6810.0,4001,6830.0,2501,6840.0,2655,2025-05-09 15:06:28.908,,2147483647,363968,True,offer
3322,479970,1611197826,MERV - XMEV - GGAL - 24hs,6770.0,2025-05-09 15:06:28,500,2025-05-09 15:06:29.654,6760.0,6034,6750.0,11147,6740.0,5687,6730.0,130,6720.0,100,6770.0,4868,6800.0,3001,6810.0,4001,6830.0,2501,6840.0,2655,2025-05-09 15:06:29.569,,2147483647,363968,False,nan
3323,480004,1611197877,MERV - XMEV - GGAL - 24hs,6770.0,2025-05-09 15:06:28,500,2025-05-09 15:06:30.153,6760.0,6034,6750.0,11147,6740.0,5687,6730.0,130,6720.0,100,6770.0,4868,6800.0,3001,6810.0,4001,6830.0,2501,6840.0,2655,2025-05-09 15:06:30.069,,2147483647,364468,False,nan
3324,480484,1611198540,MERV - XMEV - GGAL - 24hs,6770.0,2025-05-09 15:06:28,500,2025-05-09 15:06:35.817,6760.0,6034,6750.0,11147,6740.0,5687,6730.0,130,6720.0,100,6770.0,3868,6800.0,3001,6810.0,4001,6830.0,2501,6840.0,2655,2025-05-09 15:06:35.732,,2147483647,364468,False,nan
3325,480604,1611198701,MERV - XMEV - GGAL - 24hs,6770.0,2025-05-09 15:06:28,500,2025-05-09 15:06:37.071,6760.0,6035,6750.0,11147,6740.0,5687,6730.0,130,6720.0,100,6770.0,4868,6800.0,3001,6810.0,4001,6830.0,2501,6840.0,2655,2025-05-09 15:06:36.987,,2147483647,364468,False,nan
3326,480939,1611199186,MERV - XMEV - GGAL - 24hs,6760.0,2025-05-09 15:06:41,43,2025-05-09 15:06:41.686,6760.0,6035,6750.0,11147,6740.0,5687,6730.0,130,6720.0,100,6770.0,4868,6800.0,3001,6810.0,4001,6830.0,2501,6840.0,2655,2025-05-09 15:06:41.573,,2147483647,364468,True,bid
3327,481032,1611199319,MERV - XMEV - GGAL - 24hs,6760.0,2025-05-09 15:06:41,56,2025-05-09 15:06:42.188,6760.0,5936,6750.0,11147,6740.0,5687,6730.0,130,6720.0,100,6770.0,4868,6800.0,3001,6810.0,4001,6830.0,2501,6840.0,2655,2025-05-09 15:06:42.077,,2147483647,364567,False,nan
3328,481180,1611199527,MERV - XMEV - GGAL - 24hs,6760.0,2025-05-09 15:06:41,56,2025-05-09 15:06:44.111,6760.0,5936,6750.0,11147,6740.0,5687,6730.0,130,6720.0,100,6770.0,1868,6800.0,3001,6810.0,4001,6830.0,2501,6840.0,2655,2025-05-09 15:06:43.902,,2147483647,364567,False,nan
3329,481236,1611199602,MERV - XMEV - GGAL - 24hs,6770.0,2025-05-09 15:06:44,54,2025-05-09 15:06:44.371,6760.0,5936,6750.0,11147,6740.0,5687,6730.0,130,6720.0,100,6770.0,1868,6800.0,3001,6810.0,4001,6830.0,2501,6840.0,2655,2025-05-09 15:06:44.287,,2147483647,364567,True,offer
3330,481301,1611199694,MERV - XMEV - GGAL - 24hs,6770.0,2025-05-09 15:06:44,50,2025-05-09 15:06:45.108,6760.0,5936,6750.0,11147,6740.0,5687,6730.0,130,6720.0,100,6770.0,1868,6800.0,3001,6810.0,4001,6830.0,2501,6840.0,2655,2025-05-09 15:06:45.015,,2147483647,364621,False,nan
3331,481373,1611199791,MERV - XMEV - GGAL - 24hs,6770.0,2025-05-09 15:06:44,50,2025-05-09 15:06:45.599,6760.0,5936,6750.0,11147,6740.0,5687,6730.0,130,6720.0,100,6770.0,1764,6800.0,3001,6810.0,4001,6830.0,2501,6840.0,2655,2025-05-09 15:06:45.515,,2147483647,364671,False,nan
3332,481478,1611199925,MERV - XMEV - GGAL - 24hs,6770.0,2025-05-09 15:06:44,50,2025-05-09 15:06:46.827,6760.0,5936,6750.0,11147,6740.0,5687,6730.0,130,6720.0,100,6770.0,1764,6800.0,3001,6810.0,4001,6830.0,3305,6840.0,2655,2025-05-09 15:06:46.741,,2147483647,364671,False,nan
3333,481592,1611200083,MERV - XMEV - GGAL - 24hs,6770.0,2025-05-09 15:06:44,50,2025-05-09 15:06:48.080,6760.0,5936,6750.0,11147,6740.0,5687,6730.0,130,6720.0,100,6770.0,3764,6800.0,3001,6810.0,4001,6830.0,3305,6840.0,2655,2025-05-09 15:06:47.987,,2147483647,364671,False,nan
3334,481698,1611200223,MERV - XMEV - GGAL - 24hs,6760.0,2025-05-09 15:06:49,3,2025-05-09 15:06:49.451,6760.0,5936,6750.0,11147,6740.0,5687,6730.0,130,6720.0,100,6770.0,3764,6800.0,3001,6810.0,4001,6830.0,3305,6840.0,2655,2025-05-09 15:06:49.350,,2147483647,364671,True,bid
3335,481744,1611200274,MERV - XMEV - GGAL - 24hs,6760.0,2025-05-09 15:06:49,3,2025-05-09 15:06:50.112,6760.0,5933,6750.0,11147,6740.0,5687,6730.0,130,6720.0,100,6770.0,3764,6800.0,3001,6810.0,3001,6830.0,3305,6840.0,2655,2025-05-09 15:06:50.019,,2147483647,364671,False,nan
3336,481776,1611200317,MERV - XMEV - GGAL - 24hs,6770.0,2025-05-09 15:06:50,500,2025-05-09 15:06:50.604,6760.0,5933,6750.0,11147,6740.0,5687,6730.0,130,6720.0,100,6770.0,3764,6800.0,3001,6810.0,3001,6830.0,3305,6840.0,2655,2025-05-09 15:06:50.520,,2147483647,364674,True,offer
3337,481834,1611200394,MERV - XMEV - GGAL - 24hs,6770.0,2025-05-09 15:06:50,500,2025-05-09 15:06:51.108,6760.0,5933,6750.0,11147,6740.0,5687,6730.0,130,6720.0,100,6770.0,3264,6800.0,3001,6810.0,3001,6830.0,3305,6840.0,2655,2025-05-09 15:06:51.020,,2147483647,365174,False,nan
3338,481944,1611200548,MERV - XMEV - GGAL - 24hs,6760.0,2025-05-09 15:06:52,18,2025-05-09 15:06:52.125,6760.0,5933,6750.0,11147,6740.0,5687,6730.0,130,6720.0,100,6770.0,3264,6800.0,3001,6810.0,3001,6830.0,3305,6840.0,2655,2025-05-09 15:06:52.038,,2147483647,365174,True,bid
3339,482022,1611200653,MERV - XMEV - GGAL - 24hs,6760.0,2025-05-09 15:06:52,18,2025-05-09 15:06:52.902,6760.0,5915,6750.0,11147,6740.0,5687,6730.0,130,6720.0,100,6770.0,3264,6800.0,3001,6810.0,3001,6830.0,3305,6840.0,2655,2025-05-09 15:06:52.789,,2147483647,365174,False,nan
3340,482074,1611200717,MERV - XMEV - GGAL - 24hs,6760.0,2025-05-09 15:06:52,18,2025-05-09 15:06:53.379,6760.0,5915,6750.0,11147,6740.0,5687,6730.0,130,6720.0,100,6770.0,3264,6800.0,3001,6810.0,3001,6830.0,3305,6840.0,2655,2025-05-09 15:06:53.288,,2147483647,365192,False,nan
3341,482127,1611200789,MERV - XMEV - GGAL - 24hs,6760.0,2025-05-09 15:06:52,18,2025-05-09 15:06:54.148,6760.0,5915,6750.0,11147,6740.0,5687,6730.0,130,6720.0,100,6770.0,4264,6800.0,3001,6810.0,3001,6830.0,3305,6840.0,2655,2025-05-09 15:06:54.062,,2147483647,365192,False,nan
3342,482547,1611201366,MERV - XMEV - GGAL - 24hs,6760.0,2025-05-09 15:06:52,18,2025-05-09 15:06:58.960,6760.0,5836,6750.0,11145,6740.0,5686,6730.0,125,6720.0,100,6770.0,4264,6800.0,3000,6810.0,3000,6830.0,3304,6840.0,2655,2025-05-09 15:06:58.874,,2147483647,365192,False,nan
3343,482601,1611201447,MERV - XMEV - GGAL - 24hs,6770.0,2025-05-09 15:06:59,118,2025-05-09 15:06:59.462,6760.0,5836,6750.0,11145,6740.0,5686,6730.0,125,6720.0,100,6770.0,4264,6800.0,3000,6810.0,3000,6830.0,3304,6840.0,2655,2025-05-09 15:06:59.375,,2147483647,365192,True,offer
3344,482630,1611201490,MERV - XMEV - GGAL - 24hs,6770.0,2025-05-09 15:06:59,118,2025-05-09 15:06:59.960,6760.0,5836,6750.0,11145,6740.0,5686,6730.0,125,6720.0,100,6770.0,4146,6800.0,3000,6810.0,3000,6830.0,3304,6840.0,2655,2025-05-09 15:06:59.875,,2147483647,365310,False,nan
3345,482803,1611201757,MERV - XMEV - GGAL - 24hs,6770.0,2025-05-09 15:06:59,118,2025-05-09 15:07:02.645,6760.0,5836,6750.0,11145,6740.0,5686,6730.0,125,6720.0,100,6770.0,2146,6800.0,3000,6810.0,3000,6830.0,3304,6840.0,2655,2025-05-09 15:07:02.561,,2147483647,365310,False,nan
3346,482858,1611201838,MERV - XMEV - GGAL - 24hs,6770.0,2025-05-09 15:06:59,118,2025-05-09 15:07:03.457,6760.0,6019,6750.0,11145,6740.0,5686,6730.0,125,6720.0,100,6770.0,5146,6800.0,3000,6810.0,3000,6830.0,3304,6840.0,2655,2025-05-09 15:07:03.371,,2147483647,365310,False,nan
3347,483094,1611202210,MERV - XMEV - GGAL - 24hs,6770.0,2025-05-09 15:06:59,118,2025-05-09 15:07:06.222,6760.0,6019,6750.0,11145,6740.0,5686,6730.0,125,6720.0,100,6770.0,2146,6800.0,3000,6810.0,3000,6830.0,3304,6840.0,2655,2025-05-09 15:07:06.034,,2147483647,365310,False,nan
3348,483389,1611202683,MERV - XMEV - GGAL - 24hs,6770.0,2025-05-09 15:06:59,118,2025-05-09 15:07:09.298,6760.0,6019,6750.0,11145,6740.0,5686,6730.0,125,6720.0,100,6770.0,2146,6790.0,500,6800.0,3000,6810.0,3000,6830.0,3304,2025-05-09 15:07:09.211,,2147483647,365310,False,nan
3349,483523,1611202852,MERV - XMEV - GGAL - 24hs,6770.0,2025-05-09 15:07:10,146,2025-05-09 15:07:10.300,6760.0,6019,6750.0,11145,6740.0,5686,6730.0,125,6720.0,100,6770.0,2146,6790.0,500,6800.0,3000,6810.0,3000,6830.0,3304,2025-05-09 15:07:10.213,,2147483647,365310,True,offer
3350,483586,1611202931,MERV - XMEV - GGAL - 24hs,6770.0,2025-05-09 15:07:10,354,2025-05-09 15:07:10.799,6760.0,6019,6750.0,11145,6740.0,5686,6730.0,125,6720.0,100,6770.0,7646,6790.0,500,6800.0,3000,6810.0,3000,6830.0,3304,2025-05-09 15:07:10.713,,2147483647,365310,False,nan
3351,483632,1611202987,MERV - XMEV - GGAL - 24hs,6770.0,2025-05-09 15:07:10,354,2025-05-09 15:07:11.301,6760.0,6019,6750.0,11145,6740.0,5686,6730.0,125,6720.0,100,6770.0,7646,6790.0,500,6800.0,3000,6810.0,3000,6830.0,3304,2025-05-09 15:07:11.213,,2147483647,365810,False,nan
3352,483716,1611203100,MERV - XMEV - GGAL - 24hs,6770.0,2025-05-09 15:07:10,354,2025-05-09 15:07:12.365,6760.0,6019,6750.0,11145,6740.0,5686,6730.0,125,6720.0,100,6770.0,9000,6790.0,500,6800.0,3000,6810.0,3000,6830.0,3304,2025-05-09 15:07:12.282,,2147483647,365810,False,nan
3353,483799,1611203206,MERV - XMEV - GGAL - 24hs,6770.0,2025-05-09 15:07:10,354,2025-05-09 15:07:13.612,6760.0,6019,6750.0,11145,6740.0,5686,6730.0,125,6720.0,100,6770.0,8000,6790.0,500,6800.0,3000,6810.0,3000,6830.0,3304,2025-05-09 15:07:13.528,,2147483647,365810,False,nan
3354,483862,1611203284,MERV - XMEV - GGAL - 24hs,6770.0,2025-05-09 15:07:10,354,2025-05-09 15:07:14.438,6760.0,7019,6750.0,11145,6740.0,5686,6730.0,125,6720.0,100,6770.0,10000,6790.0,500,6800.0,3000,6810.0,3000,6830.0,3304,2025-05-09 15:07:14.352,,2147483647,365810,False,nan
3355,484045,1611203533,MERV - XMEV - GGAL - 24hs,6760.0,2025-05-09 15:07:16,29,2025-05-09 15:07:16.895,6760.0,7019,6750.0,11145,6740.0,5686,6730.0,125,6720.0,100,6770.0,10000,6790.0,500,6800.0,3000,6810.0,3000,6830.0,3304,2025-05-09 15:07:16.772,,2147483647,365810,True,bid
3356,484112,1611203621,MERV - XMEV - GGAL - 24hs,6760.0,2025-05-09 15:07:16,29,2025-05-09 15:07:17.363,6760.0,6990,6750.0,11145,6740.0,5686,6730.0,125,6720.0,100,6770.0,10000,6790.0,500,6800.0,3000,6810.0,5000,6830.0,3304,2025-05-09 15:07:17.276,,2147483647,365839,False,nan
3357,484171,1611203700,MERV - XMEV - GGAL - 24hs,6770.0,2025-05-09 15:07:18,8,2025-05-09 15:07:18.253,6760.0,6990,6750.0,11145,6740.0,5686,6730.0,125,6720.0,100,6770.0,10000,6790.0,500,6800.0,3000,6810.0,5000,6830.0,3304,2025-05-09 15:07:18.168,,2147483647,365839,True,offer
3358,484213,1611203754,MERV - XMEV - GGAL - 24hs,6770.0,2025-05-09 15:07:18,8,2025-05-09 15:07:18.921,6760.0,6990,6750.0,11145,6740.0,5686,6730.0,125,6720.0,100,6770.0,9992,6790.0,500,6800.0,3000,6810.0,5000,6830.0,3304,2025-05-09 15:07:18.837,,2147483647,365839,False,nan
3359,484247,1611203794,MERV - XMEV - GGAL - 24hs,6770.0,2025-05-09 15:07:18,8,2025-05-09 15:07:19.423,6760.0,6990,6750.0,11145,6740.0,5686,6730.0,125,6720.0,100,6770.0,9992,6790.0,500,6800.0,3000,6810.0,5000,6830.0,3304,2025-05-09 15:07:19.336,,2147483647,365847,False,nan
3360,484470,1611204080,MERV - XMEV - GGAL - 24hs,6770.0,2025-05-09 15:07:22,4,2025-05-09 15:07:22.389,6760.0,6990,6750.0,11145,6740.0,5686,6730.0,125,6720.0,100,6770.0,9992,6790.0,500,6800.0,3000,6810.0,5000,6830.0,3304,2025-05-09 15:07:22.305,,2147483647,365847,True,offer
3361,484528,1611204152,MERV - XMEV - GGAL - 24hs,6770.0,2025-05-09 15:07:22,4,2025-05-09 15:07:23.063,6760.0,6990,6750.0,11145,6740.0,5686,6730.0,125,6720.0,100,6770.0,9988,6790.0,500,6800.0,3000,6810.0,5000,6830.0,3304,2025-05-09 15:07:22.970,,2147483647,365847,False,nan
3362,484563,1611204208,MERV - XMEV - GGAL - 24hs,6760.0,2025-05-09 15:07:23,2,2025-05-09 15:07:23.554,6760.0,6990,6750.0,11145,6740.0,5686,6730.0,125,6720.0,100,6770.0,9988,6790.0,500,6800.0,3000,6810.0,5000,6830.0,3304,2025-05-09 15:07:23.470,,2147483647,365851,True,bid
3363,484608,1611204270,MERV - XMEV - GGAL - 24hs,6760.0,2025-05-09 15:07:23,2,2025-05-09 15:07:24.054,6760.0,6988,6750.0,11145,6740.0,5686,6730.0,125,6720.0,100,6770.0,9988,6790.0,500,6800.0,3000,6810.0,5000,6830.0,3304,2025-05-09 15:07:23.970,,2147483647,365853,False,nan
3364,484668,1611204346,MERV - XMEV - GGAL - 24hs,6770.0,2025-05-09 15:07:24,7,2025-05-09 15:07:24.555,6760.0,6988,6750.0,11145,6740.0,5686,6730.0,125,6720.0,100,6770.0,9988,6790.0,500,6800.0,3000,6810.0,5000,6830.0,3304,2025-05-09 15:07:24.471,,2147483647,365853,True,offer
3365,484716,1611204411,MERV - XMEV - GGAL - 24hs,6760.0,2025-05-09 15:07:24,425,2025-05-09 15:07:25.054,6760.0,6563,6750.0,11145,6740.0,5686,6730.0,125,6720.0,100,6770.0,9981,6790.0,500,6800.0,3000,6830.0,3304,6840.0,2655,2025-05-09 15:07:24.970,,2147483647,366285,False,nan
3366,484754,1611204463,MERV - XMEV - GGAL - 24hs,6760.0,2025-05-09 15:07:24,425,2025-05-09 15:07:25.556,6760.0,6563,6750.0,11145,6740.0,5686,6730.0,125,6720.0,100,6770.0,9981,6790.0,500,6800.0,3000,6810.0,5000,6830.0,3304,2025-05-09 15:07:25.470,,2147483647,366285,False,nan
3367,484818,1611204545,MERV - XMEV - GGAL - 24hs,6770.0,2025-05-09 15:07:25,250,2025-05-09 15:07:26.060,6760.0,6563,6750.0,11145,6740.0,5686,6730.0,125,6720.0,100,6770.0,9981,6790.0,500,6800.0,3000,6810.0,5000,6830.0,3304,2025-05-09 15:07:25.970,,2147483647,366285,True,offer
3368,484859,1611204598,MERV - XMEV - GGAL - 24hs,6770.0,2025-05-09 15:07:25,250,2025-05-09 15:07:26.554,6760.0,6563,6750.0,11145,6740.0,5686,6730.0,125,6720.0,100,6770.0,7731,6790.0,500,6800.0,3000,6810.0,5000,6830.0,3304,2025-05-09 15:07:26.470,,2147483647,366285,False,nan
3369,484912,1611204666,MERV - XMEV - GGAL - 24hs,6770.0,2025-05-09 15:07:25,250,2025-05-09 15:07:27.058,6760.0,6563,6750.0,11145,6740.0,5686,6730.0,125,6720.0,100,6770.0,7731,6790.0,500,6800.0,3000,6810.0,5000,6830.0,3304,2025-05-09 15:07:26.971,,2147483647,366535,False,nan
3370,484990,1611204781,MERV - XMEV - GGAL - 24hs,6770.0,2025-05-09 15:07:25,250,2025-05-09 15:07:27.570,6760.0,6563,6750.0,11145,6740.0,5686,6730.0,125,6720.0,100,6770.0,10731,6790.0,500,6800.0,3000,6810.0,5000,6830.0,3304,2025-05-09 15:07:27.474,,2147483647,366535,False,nan
3371,485128,1611204958,MERV - XMEV - GGAL - 24hs,6770.0,2025-05-09 15:07:29,1,2025-05-09 15:07:29.253,6760.0,6563,6750.0,11145,6740.0,5686,6730.0,125,6720.0,100,6770.0,10731,6790.0,500,6800.0,3000,6810.0,5000,6830.0,3304,2025-05-09 15:07:29.170,,2147483647,366535,True,offer
3372,485166,1611205012,MERV - XMEV - GGAL - 24hs,6770.0,2025-05-09 15:07:29,1,2025-05-09 15:07:29.931,6760.0,6563,6750.0,11145,6740.0,5686,6730.0,125,6720.0,100,6770.0,10731,6790.0,500,6800.0,3000,6810.0,5000,6830.0,3304,2025-05-09 15:07:29.835,,2147483647,366536,False,nan
3373,485213,1611205067,MERV - XMEV - GGAL - 24hs,6760.0,2025-05-09 15:07:30,100,2025-05-09 15:07:30.422,6760.0,6639,6750.0,11145,6740.0,5686,6730.0,125,6720.0,100,6770.0,10730,6790.0,500,6800.0,3000,6810.0,5000,6830.0,3304,2025-05-09 15:07:30.336,,2147483647,366536,True,bid
3374,485256,1611205133,MERV - XMEV - GGAL - 24hs,6760.0,2025-05-09 15:07:30,100,2025-05-09 15:07:31.058,6760.0,6539,6750.0,11145,6740.0,5686,6730.0,125,6720.0,100,6770.0,10730,6790.0,500,6800.0,3000,6810.0,5000,6830.0,3304,2025-05-09 15:07:30.973,,2147483647,366536,False,nan
3375,485299,1611205188,MERV - XMEV - GGAL - 24hs,6770.0,2025-05-09 15:07:31,4,2025-05-09 15:07:31.560,6760.0,6539,6750.0,11145,6740.0,5686,6730.0,125,6720.0,100,6770.0,10730,6790.0,500,6800.0,3000,6810.0,5000,6830.0,3304,2025-05-09 15:07:31.474,,2147483647,366636,True,offer
3376,485346,1611205254,MERV - XMEV - GGAL - 24hs,6770.0,2025-05-09 15:07:31,4,2025-05-09 15:07:32.149,6760.0,6539,6750.0,11145,6740.0,5686,6730.0,125,6720.0,100,6770.0,10726,6790.0,500,6800.0,3000,6810.0,5000,6830.0,3304,2025-05-09 15:07:32.060,,2147483647,366636,False,nan
3377,485404,1611205324,MERV - XMEV - GGAL - 24hs,6770.0,2025-05-09 15:07:31,4,2025-05-09 15:07:32.643,6760.0,6539,6750.0,11145,6740.0,5686,6730.0,125,6720.0,100,6770.0,10726,6790.0,500,6800.0,3000,6810.0,5000,6830.0,3304,2025-05-09 15:07:32.559,,2147483647,366640,False,nan
3378,485987,1611206127,MERV - XMEV - GGAL - 24hs,6770.0,2025-05-09 15:07:31,4,2025-05-09 15:07:40.808,6760.0,6539,6750.0,11145,6740.0,5686,6730.0,125,6720.0,100,6770.0,11726,6790.0,500,6800.0,3000,6810.0,5000,6830.0,3304,2025-05-09 15:07:40.723,,2147483647,366640,False,nan
3379,486078,1611206241,MERV - XMEV - GGAL - 24hs,6760.0,2025-05-09 15:07:41,25,2025-05-09 15:07:41.558,6760.0,6539,6750.0,11145,6740.0,5686,6730.0,125,6720.0,100,6770.0,11726,6790.0,500,6800.0,3000,6810.0,5000,6830.0,3304,2025-05-09 15:07:41.466,,2147483647,366640,True,bid
3380,486125,1611206303,MERV - XMEV - GGAL - 24hs,6760.0,2025-05-09 15:07:41,25,2025-05-09 15:07:42.049,6760.0,6514,6750.0,15145,6740.0,5686,6730.0,125,6720.0,100,6770.0,11726,6790.0,500,6800.0,3000,6830.0,3304,6840.0,2655,2025-05-09 15:07:41.966,,2147483647,366640,False,nan
3381,486170,1611206361,MERV - XMEV - GGAL - 24hs,6760.0,2025-05-09 15:07:41,25,2025-05-09 15:07:42.555,6760.0,6514,6750.0,15145,6740.0,5686,6730.0,125,6720.0,100,6770.0,11726,6790.0,500,6800.0,3000,6810.0,5000,6830.0,3304,2025-05-09 15:07:42.466,,2147483647,366665,False,nan
3382,486467,1611206799,MERV - XMEV - GGAL - 24hs,6770.0,2025-05-09 15:07:47,5,2025-05-09 15:07:47.155,6760.0,6514,6750.0,15145,6740.0,5686,6730.0,125,6720.0,100,6770.0,11726,6790.0,500,6800.0,3000,6810.0,5000,6830.0,3304,2025-05-09 15:07:47.070,,2147483647,366665,True,offer
3383,486522,1611206888,MERV - XMEV - GGAL - 24hs,6770.0,2025-05-09 15:07:47,5,2025-05-09 15:07:47.828,6760.0,6514,6750.0,15145,6740.0,5686,6730.0,125,6720.0,100,6770.0,11721,6790.0,500,6800.0,3000,6810.0,5000,6830.0,3304,2025-05-09 15:07:47.745,,2147483647,366665,False,nan
3384,486559,1611206946,MERV - XMEV - GGAL - 24hs,6770.0,2025-05-09 15:07:48,7,2025-05-09 15:07:48.328,6760.0,6514,6750.0,15145,6740.0,5686,6730.0,125,6720.0,100,6770.0,11721,6790.0,500,6800.0,3000,6810.0,5000,6830.0,3304,2025-05-09 15:07:48.239,,2147483647,366670,True,offer
3385,486599,1611207016,MERV - XMEV - GGAL - 24hs,6770.0,2025-05-09 15:07:48,7,2025-05-09 15:07:48.919,6760.0,6514,6750.0,15145,6740.0,5686,6730.0,125,6720.0,100,6770.0,11714,6790.0,500,6800.0,3000,6810.0,5000,6830.0,3304,2025-05-09 15:07:48.830,,2147483647,366670,False,nan
3386,486636,1611207068,MERV - XMEV - GGAL - 24hs,6770.0,2025-05-09 15:07:48,7,2025-05-09 15:07:49.422,6760.0,6514,6750.0,15145,6740.0,5686,6730.0,125,6720.0,100,6770.0,11714,6790.0,500,6800.0,3000,6810.0,5000,6830.0,3304,2025-05-09 15:07:49.330,,2147483647,366677,False,nan
3387,486858,1611207370,MERV - XMEV - GGAL - 24hs,6770.0,2025-05-09 15:07:48,7,2025-05-09 15:07:51.958,6760.0,6514,6750.0,15145,6740.0,5686,6730.0,125,6720.0,100,6770.0,9714,6790.0,500,6800.0,3000,6810.0,5000,6830.0,3304,2025-05-09 15:07:51.874,,2147483647,366677,False,nan
3388,486965,1611207496,MERV - XMEV - GGAL - 24hs,6760.0,2025-05-09 15:07:52,81,2025-05-09 15:07:52.458,6760.0,6514,6750.0,15145,6740.0,5686,6730.0,125,6720.0,100,6770.0,9714,6790.0,500,6800.0,3000,6810.0,5000,6830.0,3304,2025-05-09 15:07:52.374,,2147483647,366693,True,bid
3389,487015,1611207578,MERV - XMEV - GGAL - 24hs,6760.0,2025-05-09 15:07:52,81,2025-05-09 15:07:52.957,6760.0,6417,6750.0,15145,6740.0,5686,6730.0,125,6720.0,100,6770.0,8714,6790.0,500,6800.0,3000,6810.0,1000,6830.0,3304,2025-05-09 15:07:52.873,,2147483647,366774,False,nan
3390,487147,1611207786,MERV - XMEV - GGAL - 24hs,6770.0,2025-05-09 15:07:54,4,2025-05-09 15:07:55.047,6760.0,6417,6750.0,15145,6740.0,5686,6730.0,125,6720.0,100,6770.0,8714,6790.0,500,6800.0,3000,6810.0,1000,6830.0,3304,2025-05-09 15:07:54.961,,2147483647,366774,True,offer
3391,487185,1611207849,MERV - XMEV - GGAL - 24hs,6770.0,2025-05-09 15:07:54,4,2025-05-09 15:07:55.710,6760.0,6417,6750.0,15145,6740.0,5686,6730.0,125,6720.0,100,6770.0,8710,6790.0,500,6800.0,3000,6810.0,1000,6830.0,3304,2025-05-09 15:07:55.626,,2147483647,366774,False,nan
3392,487217,1611207892,MERV - XMEV - GGAL - 24hs,6770.0,2025-05-09 15:07:54,4,2025-05-09 15:07:56.209,6760.0,6417,6750.0,15145,6740.0,5686,6730.0,125,6720.0,100,6770.0,8710,6790.0,500,6800.0,3000,6810.0,1000,6830.0,3304,2025-05-09 15:07:56.125,,2147483647,366778,False,nan
3393,487271,1611207969,MERV - XMEV - GGAL - 24hs,6770.0,2025-05-09 15:07:54,4,2025-05-09 15:07:56.974,6760.0,6417,6750.0,15145,6740.0,5686,6730.0,125,6720.0,100,6770.0,9710,6790.0,500,6800.0,3000,6810.0,1000,6830.0,3304,2025-05-09 15:07:56.890,,2147483647,366778,False,nan
3394,487308,1611208022,MERV - XMEV - GGAL - 24hs,6770.0,2025-05-09 15:07:54,4,2025-05-09 15:07:57.678,6760.0,6417,6750.0,15145,6740.0,5686,6730.0,125,6720.0,100,6770.0,7710,6790.0,500,6800.0,3000,6810.0,1000,6830.0,3304,2025-05-09 15:07:57.587,,2147483647,366778,False,nan
3395,487345,1611208072,MERV - XMEV - GGAL - 24hs,6770.0,2025-05-09 15:07:54,4,2025-05-09 15:07:58.483,6760.0,6417,6750.0,15145,6740.0,5686,6730.0,125,6720.0,100,6770.0,11710,6790.0,500,6800.0,3000,6810.0,1000,6830.0,3304,2025-05-09 15:07:58.398,,2147483647,366778,False,nan
3396,487380,1611208115,MERV - XMEV - GGAL - 24hs,6760.0,2025-05-09 15:07:58,255,2025-05-09 15:07:58.979,6760.0,6417,6750.0,15145,6740.0,5686,6730.0,125,6720.0,100,6770.0,11710,6790.0,500,6800.0,3000,6810.0,1000,6830.0,3304,2025-05-09 15:07:58.889,,2147483647,366778,True,bid
3397,487425,1611208187,MERV - XMEV - GGAL - 24hs,6760.0,2025-05-09 15:07:58,255,2025-05-09 15:07:59.489,6760.0,6162,6750.0,15145,6740.0,5686,6730.0,125,6720.0,100,6770.0,11710,6790.0,500,6800.0,3000,6810.0,1000,6830.0,3304,2025-05-09 15:07:59.390,,2147483647,367033,False,nan
3398,487855,1611208782,MERV - XMEV - GGAL - 24hs,6760.0,2025-05-09 15:07:58,255,2025-05-09 15:08:03.427,6760.0,6162,6750.0,15145,6740.0,5686,6730.0,125,6720.0,100,6770.0,11710,6790.0,510,6800.0,3000,6810.0,1000,6830.0,3304,2025-05-09 15:08:03.343,,2147483647,367033,False,nan
3399,487975,1611208954,MERV - XMEV - GGAL - 24hs,6760.0,2025-05-09 15:07:58,255,2025-05-09 15:08:05.051,6760.0,6162,6750.0,15145,6740.0,5686,6730.0,125,6720.0,100,6770.0,12710,6790.0,510,6800.0,3000,6810.0,1000,6830.0,3304,2025-05-09 15:08:04.786,,2147483647,367033,False,nan
3400,488275,1611209387,MERV - XMEV - GGAL - 24hs,6760.0,2025-05-09 15:08:07,20,2025-05-09 15:08:07.768,6760.0,6162,6750.0,15145,6740.0,5686,6730.0,125,6720.0,100,6770.0,12710,6790.0,510,6800.0,3000,6810.0,1000,6830.0,3304,2025-05-09 15:08:07.684,,2147483647,367033,True,bid
3401,488343,1611209477,MERV - XMEV - GGAL - 24hs,6760.0,2025-05-09 15:08:07,20,2025-05-09 15:08:08.275,6760.0,6142,6750.0,15145,6740.0,5686,6730.0,125,6720.0,100,6770.0,12710,6790.0,510,6800.0,8000,6830.0,3304,6840.0,2655,2025-05-09 15:08:08.184,,2147483647,367033,False,nan
3402,488391,1611209536,MERV - XMEV - GGAL - 24hs,6760.0,2025-05-09 15:08:07,20,2025-05-09 15:08:08.790,6760.0,6142,6750.0,15145,6740.0,5686,6730.0,125,6720.0,100,6770.0,12710,6790.0,510,6800.0,8000,6830.0,3304,6840.0,2655,2025-05-09 15:08:08.693,,2147483647,367053,False,nan
3403,488440,1611209609,MERV - XMEV - GGAL - 24hs,6760.0,2025-05-09 15:08:07,20,2025-05-09 15:08:09.278,6760.0,6142,6750.0,15145,6740.0,5686,6730.0,125,6720.0,100,6770.0,10710,6790.0,510,6800.0,8000,6830.0,3304,6840.0,2655,2025-05-09 15:08:09.191,,2147483647,367053,False,nan
3404,488477,1611209668,MERV - XMEV - GGAL - 24hs,6760.0,2025-05-09 15:08:07,20,2025-05-09 15:08:09.776,6760.0,6142,6750.0,15145,6740.0,5686,6730.0,125,6720.0,100,6770.0,8710,6790.0,510,6800.0,3000,6810.0,4000,6830.0,3304,2025-05-09 15:08:09.692,,2147483647,367053,False,nan
3405,488534,1611209744,MERV - XMEV - GGAL - 24hs,6760.0,2025-05-09 15:08:07,20,2025-05-09 15:08:10.482,6760.0,6142,6750.0,15145,6740.0,5686,6730.0,125,6720.0,100,6770.0,10710,6790.0,510,6800.0,3000,6810.0,4000,6830.0,3304,2025-05-09 15:08:10.391,,2147483647,367053,False,nan
3406,488706,1611209956,MERV - XMEV - GGAL - 24hs,6760.0,2025-05-09 15:08:12,3,2025-05-09 15:08:12.414,6760.0,6142,6750.0,15145,6740.0,5686,6730.0,125,6720.0,100,6770.0,10710,6790.0,510,6800.0,3000,6810.0,4000,6830.0,3304,2025-05-09 15:08:12.330,,2147483647,367053,True,bid
3407,488772,1611210038,MERV - XMEV - GGAL - 24hs,6760.0,2025-05-09 15:08:12,3,2025-05-09 15:08:13.088,6760.0,6139,6750.0,15145,6740.0,5686,6730.0,125,6720.0,100,6770.0,10710,6790.0,510,6800.0,8000,6830.0,3304,6840.0,2655,2025-05-09 15:08:12.999,,2147483647,367053,False,nan
3408,488805,1611210093,MERV - XMEV - GGAL - 24hs,6760.0,2025-05-09 15:08:13,85,2025-05-09 15:08:13.584,6760.0,6139,6750.0,15145,6740.0,5686,6730.0,125,6720.0,100,6770.0,10710,6790.0,510,6800.0,8000,6830.0,3304,6840.0,2655,2025-05-09 15:08:13.499,,2147483647,367056,True,bid
3409,488835,1611210130,MERV - XMEV - GGAL - 24hs,6760.0,2025-05-09 15:08:13,85,2025-05-09 15:08:14.083,6760.0,6054,6750.0,15145,6740.0,5686,6730.0,125,6720.0,100,6770.0,10710,6790.0,510,6800.0,8000,6830.0,3304,6840.0,2655,2025-05-09 15:08:13.999,,2147483647,367141,False,nan
3410,488912,1611210230,MERV - XMEV - GGAL - 24hs,6760.0,2025-05-09 15:08:13,85,2025-05-09 15:08:14.925,6760.0,6054,6750.0,15145,6740.0,5686,6730.0,125,6720.0,101,6770.0,10710,6790.0,510,6800.0,8000,6830.0,3304,6840.0,2655,2025-05-09 15:08:14.841,,2147483647,367141,False,nan
3411,488975,1611210327,MERV - XMEV - GGAL - 24hs,6770.0,2025-05-09 15:08:15,174,2025-05-09 15:08:15.652,6760.0,6054,6750.0,15145,6740.0,5686,6730.0,125,6720.0,101,6770.0,10710,6790.0,510,6800.0,8000,6830.0,3304,6840.0,2655,2025-05-09 15:08:15.563,,2147483647,367141,True,offer
3412,489018,1611210384,MERV - XMEV - GGAL - 24hs,6770.0,2025-05-09 15:08:15,174,2025-05-09 15:08:16.311,6760.0,6054,6750.0,15145,6740.0,5686,6730.0,125,6720.0,101,6770.0,10536,6790.0,510,6800.0,8000,6830.0,3304,6840.0,2655,2025-05-09 15:08:16.222,,2147483647,367141,False,nan
3413,489049,1611210429,MERV - XMEV - GGAL - 24hs,6770.0,2025-05-09 15:08:15,174,2025-05-09 15:08:16.806,6760.0,6054,6750.0,15145,6740.0,5686,6730.0,125,6720.0,101,6770.0,10536,6790.0,510,6800.0,8000,6830.0,3304,6840.0,2655,2025-05-09 15:08:16.722,,2147483647,367315,False,nan
3414,489093,1611210484,MERV - XMEV - GGAL - 24hs,6770.0,2025-05-09 15:08:15,174,2025-05-09 15:08:17.306,6760.0,6055,6750.0,15145,6740.0,5686,6730.0,125,6720.0,101,6770.0,11536,6790.0,510,6800.0,8000,6830.0,3304,6840.0,2655,2025-05-09 15:08:17.222,,2147483647,367315,False,nan
3415,489322,1611210775,MERV - XMEV - GGAL - 24hs,6770.0,2025-05-09 15:08:20,1,2025-05-09 15:08:20.292,6760.0,6055,6750.0,15145,6740.0,5686,6730.0,125,6720.0,101,6770.0,11536,6790.0,510,6800.0,8000,6830.0,3304,6840.0,2655,2025-05-09 15:08:20.205,,2147483647,367315,True,offer
3416,489362,1611210833,MERV - XMEV - GGAL - 24hs,6770.0,2025-05-09 15:08:20,1,2025-05-09 15:08:20.923,6760.0,6055,6750.0,15145,6740.0,5686,6730.0,125,6720.0,101,6770.0,11535,6790.0,510,6800.0,8000,6830.0,3304,6840.0,2655,2025-05-09 15:08:20.829,,2147483647,367315,False,nan
3417,489403,1611210888,MERV - XMEV - GGAL - 24hs,6770.0,2025-05-09 15:08:20,1,2025-05-09 15:08:21.412,6760.0,6055,6750.0,15145,6740.0,5686,6730.0,125,6720.0,101,6770.0,11535,6790.0,510,6800.0,8000,6830.0,3304,6840.0,2655,2025-05-09 15:08:21.329,,2147483647,367316,False,nan
3418,489635,1611211206,MERV - XMEV - GGAL - 24hs,6760.0,2025-05-09 15:08:23,20,2025-05-09 15:08:23.252,6760.0,6055,6750.0,15145,6740.0,5686,6730.0,125,6720.0,101,6770.0,11535,6790.0,510,6800.0,8000,6830.0,3304,6840.0,2655,2025-05-09 15:08:23.169,,2147483647,367316,True,bid
3419,489677,1611211257,MERV - XMEV - GGAL - 24hs,6760.0,2025-05-09 15:08:23,20,2025-05-09 15:08:23.759,6760.0,6035,6750.0,15205,6740.0,5686,6730.0,125,6720.0,101,6770.0,11535,6790.0,510,6800.0,8000,6830.0,3304,6840.0,2655,2025-05-09 15:08:23.670,,2147483647,367316,False,nan
3420,489731,1611211329,MERV - XMEV - GGAL - 24hs,6760.0,2025-05-09 15:08:23,20,2025-05-09 15:08:24.259,6760.0,6035,6750.0,15205,6740.0,5686,6730.0,125,6720.0,101,6770.0,11535,6790.0,510,6800.0,8000,6830.0,3304,6840.0,2655,2025-05-09 15:08:24.172,,2147483647,367336,False,nan
3421,489840,1611211478,MERV - XMEV - GGAL - 24hs,6760.0,2025-05-09 15:08:23,20,2025-05-09 15:08:25.316,6760.0,6035,6750.0,15205,6740.0,5686,6730.0,125,6720.0,101,6770.0,9535,6790.0,510,6800.0,8000,6830.0,3304,6840.0,2655,2025-05-09 15:08:25.232,,2147483647,367336,False,nan
3422,489905,1611211566,MERV - XMEV - GGAL - 24hs,6760.0,2025-05-09 15:08:23,20,2025-05-09 15:08:26.071,6760.0,6035,6750.0,15205,6740.0,5686,6730.0,125,6720.0,101,6770.0,12535,6790.0,510,6800.0,8000,6830.0,3304,6840.0,2655,2025-05-09 15:08:25.981,,2147483647,367336,False,nan
3423,490022,1611211749,MERV - XMEV - GGAL - 24hs,6760.0,2025-05-09 15:08:27,211,2025-05-09 15:08:27.232,6760.0,6035,6750.0,15205,6740.0,5686,6730.0,125,6720.0,101,6770.0,12535,6790.0,510,6800.0,8000,6830.0,3304,6840.0,2655,2025-05-09 15:08:27.148,,2147483647,367336,True,bid
3424,490077,1611211829,MERV - XMEV - GGAL - 24hs,6760.0,2025-05-09 15:08:27,211,2025-05-09 15:08:27.896,6760.0,5824,6750.0,15205,6740.0,5686,6730.0,125,6720.0,101,6770.0,12535,6790.0,510,6800.0,8000,6830.0,3304,6840.0,2655,2025-05-09 15:08:27.812,,2147483647,367336,False,nan
3425,490109,1611211876,MERV - XMEV - GGAL - 24hs,6760.0,2025-05-09 15:08:27,211,2025-05-09 15:08:28.395,6760.0,5824,6750.0,15205,6740.0,5686,6730.0,125,6720.0,101,6770.0,12535,6790.0,510,6800.0,8000,6830.0,3304,6840.0,2655,2025-05-09 15:08:28.312,,2147483647,367547,False,nan
3426,490235,1611212074,MERV - XMEV - GGAL - 24hs,6760.0,2025-05-09 15:08:27,211,2025-05-09 15:08:30.554,6760.0,5824,6750.0,15205,6740.0,5686,6730.0,125,6720.0,101,6770.0,11535,6790.0,510,6800.0,8000,6830.0,3304,6840.0,2655,2025-05-09 15:08:30.469,,2147483647,367547,False,nan
3427,490416,1611212339,MERV - XMEV - GGAL - 24hs,6760.0,2025-05-09 15:08:27,211,2025-05-09 15:08:32.828,6760.0,5824,6750.0,15205,6740.0,5686,6730.0,125,6720.0,101,6770.0,11535,6790.0,510,6800.0,3000,6810.0,5000,6830.0,3304,2025-05-09 15:08:32.741,,2147483647,367547,False,nan
3428,490713,1611212738,MERV - XMEV - GGAL - 24hs,6760.0,2025-05-09 15:08:27,211,2025-05-09 15:08:35.395,6760.0,5824,6750.0,15205,6740.0,5686,6730.0,125,6720.0,101,6770.0,10535,6790.0,510,6800.0,3000,6810.0,5000,6830.0,3304,2025-05-09 15:08:35.308,,2147483647,367547,False,nan
3429,490966,1611213066,MERV - XMEV - GGAL - 24hs,6760.0,2025-05-09 15:08:38,139,2025-05-09 15:08:38.529,6760.0,5824,6750.0,15205,6740.0,5686,6730.0,125,6720.0,101,6770.0,10535,6790.0,510,6800.0,3000,6810.0,5000,6830.0,3304,2025-05-09 15:08:38.441,,2147483647,367547,True,bid
3430,491023,1611213151,MERV - XMEV - GGAL - 24hs,6760.0,2025-05-09 15:08:38,139,2025-05-09 15:08:39.199,6760.0,5685,6750.0,15205,6740.0,5686,6730.0,125,6720.0,101,6770.0,10535,6790.0,510,6800.0,3000,6810.0,5000,6830.0,3304,2025-05-09 15:08:39.107,,2147483647,367547,False,nan
3431,491080,1611213228,MERV - XMEV - GGAL - 24hs,6760.0,2025-05-09 15:08:38,139,2025-05-09 15:08:39.694,6760.0,5685,6750.0,15205,6740.0,5686,6730.0,125,6720.0,101,6770.0,10535,6790.0,510,6800.0,3000,6810.0,5000,6830.0,3304,2025-05-09 15:08:39.606,,2147483647,367686,False,nan
3432,491142,1611213334,MERV - XMEV - GGAL - 24hs,6770.0,2025-05-09 15:08:40,1,2025-05-09 15:08:40.493,6760.0,5685,6750.0,15205,6740.0,5686,6730.0,125,6720.0,101,6770.0,10535,6790.0,510,6800.0,3000,6810.0,5000,6830.0,3304,2025-05-09 15:08:40.408,,2147483647,367686,True,offer
3433,491197,1611213408,MERV - XMEV - GGAL - 24hs,6770.0,2025-05-09 15:08:40,1,2025-05-09 15:08:41.140,6760.0,5685,6750.0,15205,6740.0,5686,6730.0,125,6720.0,101,6770.0,11534,6790.0,510,6800.0,3000,6810.0,5000,6830.0,3304,2025-05-09 15:08:41.020,,2147483647,367686,False,nan
3434,491246,1611213487,MERV - XMEV - GGAL - 24hs,6770.0,2025-05-09 15:08:40,1,2025-05-09 15:08:43.575,6760.0,5685,6750.0,15205,6740.0,5686,6730.0,125,6720.0,101,6770.0,11534,6790.0,510,6800.0,3000,6810.0,5000,6830.0,3304,2025-05-09 15:08:43.451,,2147483647,367687,False,nan
3435,491355,1611213642,MERV - XMEV - GGAL - 24hs,6760.0,2025-05-09 15:08:42,211,2025-05-09 15:08:44.090,6760.0,5474,6750.0,15205,6740.0,5686,6730.0,125,6720.0,101,6770.0,11534,6790.0,510,6800.0,3000,6810.0,5000,6830.0,3304,2025-05-09 15:08:43.951,,2147483647,367898,True,bid
3436,491586,1611213981,MERV - XMEV - GGAL - 24hs,6770.0,2025-05-09 15:08:46,1,2025-05-09 15:08:46.215,6760.0,5474,6750.0,15205,6740.0,5686,6730.0,125,6720.0,101,6770.0,11534,6790.0,510,6800.0,3000,6810.0,5000,6830.0,3304,2025-05-09 15:08:46.126,,2147483647,367898,True,offer
3437,491670,1611214095,MERV - XMEV - GGAL - 24hs,6770.0,2025-05-09 15:08:46,1,2025-05-09 15:08:46.879,6760.0,5474,6750.0,15205,6740.0,5686,6730.0,125,6720.0,101,6770.0,11533,6790.0,510,6800.0,3000,6810.0,5000,6830.0,3304,2025-05-09 15:08:46.787,,2147483647,367898,False,nan
3438,491717,1611214156,MERV - XMEV - GGAL - 24hs,6770.0,2025-05-09 15:08:46,1,2025-05-09 15:08:47.373,6760.0,5474,6750.0,15205,6740.0,5686,6730.0,125,6720.0,101,6770.0,11533,6790.0,510,6800.0,3000,6810.0,5000,6830.0,3304,2025-05-09 15:08:47.286,,2147483647,367899,False,nan
3439,491851,1611214342,MERV - XMEV - GGAL - 24hs,6770.0,2025-05-09 15:08:49,20,2025-05-09 15:08:49.628,6760.0,5474,6750.0,15205,6740.0,5686,6730.0,125,6720.0,101,6770.0,11533,6790.0,510,6800.0,3000,6810.0,5000,6830.0,3304,2025-05-09 15:08:49.541,,2147483647,367899,True,offer
3440,491911,1611214419,MERV - XMEV - GGAL - 24hs,6770.0,2025-05-09 15:08:49,20,2025-05-09 15:08:50.306,6760.0,5474,6750.0,15205,6740.0,5686,6730.0,125,6720.0,101,6770.0,11513,6790.0,510,6800.0,3000,6810.0,5000,6830.0,3304,2025-05-09 15:08:50.222,,2147483647,367899,False,nan
3441,491954,1611214476,MERV - XMEV - GGAL - 24hs,6770.0,2025-05-09 15:08:49,20,2025-05-09 15:08:50.809,6760.0,5474,6750.0,15205,6740.0,5686,6730.0,125,6720.0,101,6770.0,11513,6790.0,510,6800.0,3000,6810.0,5000,6830.0,3304,2025-05-09 15:08:50.723,,2147483647,367919,False,nan
3442,492094,1611214683,MERV - XMEV - GGAL - 24hs,6770.0,2025-05-09 15:08:52,100,2025-05-09 15:08:52.834,6760.0,5474,6750.0,15205,6740.0,5686,6730.0,125,6720.0,101,6770.0,11513,6790.0,510,6800.0,3000,6810.0,5000,6830.0,3304,2025-05-09 15:08:52.747,,2147483647,367919,True,offer
3443,492133,1611214735,MERV - XMEV - GGAL - 24hs,6770.0,2025-05-09 15:08:52,100,2025-05-09 15:08:53.492,6760.0,5474,6750.0,15205,6740.0,5686,6730.0,125,6720.0,101,6770.0,7413,6790.0,510,6800.0,3000,6810.0,5000,6830.0,3304,2025-05-09 15:08:53.409,,2147483647,367919,False,nan
3444,492188,1611214823,MERV - XMEV - GGAL - 24hs,6770.0,2025-05-09 15:08:53,1,2025-05-09 15:08:53.995,6760.0,5474,6750.0,15205,6740.0,5686,6730.0,125,6720.0,101,6770.0,7413,6790.0,510,6800.0,3000,6810.0,5000,6830.0,3304,2025-05-09 15:08:53.908,,2147483647,368019,True,offer
3445,492230,1611214884,MERV - XMEV - GGAL - 24hs,6770.0,2025-05-09 15:08:53,1,2025-05-09 15:08:54.491,6760.0,5474,6750.0,15205,6740.0,5686,6730.0,125,6720.0,101,6770.0,11412,6790.0,510,6800.0,3000,6810.0,5000,6830.0,3304,2025-05-09 15:08:54.409,,2147483647,368020,False,nan
3446,492342,1611215042,MERV - XMEV - GGAL - 24hs,6760.0,2025-05-09 15:08:55,106,2025-05-09 15:08:56.020,6760.0,5474,6750.0,15205,6740.0,5686,6730.0,125,6720.0,101,6770.0,11412,6790.0,510,6800.0,3000,6810.0,5000,6830.0,3304,2025-05-09 15:08:55.937,,2147483647,368020,True,bid
3447,492426,1611215188,MERV - XMEV - GGAL - 24hs,6770.0,2025-05-09 15:08:56,100,2025-05-09 15:08:56.552,6760.0,918,6750.0,15205,6740.0,5686,6730.0,125,6720.0,101,6770.0,7000,6790.0,510,6800.0,8000,6830.0,3304,6840.0,2655,2025-05-09 15:08:56.437,,2147483647,372576,True,offer
3448,492500,1611215290,MERV - XMEV - GGAL - 24hs,6760.0,2025-05-09 15:08:56,4000,2025-05-09 15:08:57.021,6760.0,1000,6750.0,15205,6740.0,5686,6730.0,273,6720.0,101,6790.0,586,6800.0,4000,6830.0,3304,6840.0,2655,6850.0,2678,2025-05-09 15:08:56.937,,2147483647,379495,False,nan
3449,492575,1611215391,MERV - XMEV - GGAL - 24hs,6760.0,2025-05-09 15:08:57,1099,2025-05-09 15:08:57.521,6760.0,1000,6750.0,15205,6740.0,5686,6730.0,273,6720.0,101,6790.0,586,6800.0,4000,6830.0,3304,6840.0,2655,6850.0,2678,2025-05-09 15:08:57.437,,2147483647,386594,True,bid
3450,492622,1611215452,MERV - XMEV - GGAL - 24hs,6760.0,2025-05-09 15:08:57,1099,2025-05-09 15:08:58.021,6750.0,15205,6740.0,5686,6730.0,422,6720.0,101,6710.0,18425,6760.0,97,6770.0,2901,6790.0,510,6800.0,4000,6820.0,9,2025-05-09 15:08:57.937,,2147483647,386594,False,nan
3451,492654,1611215501,MERV - XMEV - GGAL - 24hs,6760.0,2025-05-09 15:08:58,15,2025-05-09 15:08:58.520,6750.0,15205,6740.0,5686,6730.0,422,6720.0,101,6710.0,18425,6760.0,1097,6770.0,2901,6790.0,510,6800.0,4000,6820.0,9,2025-05-09 15:08:58.437,,2147483647,386594,True,offer
3452,492684,1611215543,MERV - XMEV - GGAL - 24hs,6760.0,2025-05-09 15:08:58,15,2025-05-09 15:08:59.022,6750.0,15205,6740.0,5686,6730.0,422,6720.0,101,6710.0,18425,6760.0,1082,6770.0,2901,6790.0,510,6800.0,4000,6820.0,9,2025-05-09 15:08:58.937,,2147483647,386594,False,nan
3453,492711,1611215577,MERV - XMEV - GGAL - 24hs,6760.0,2025-05-09 15:08:58,15,2025-05-09 15:08:59.520,6750.0,15205,6740.0,5686,6730.0,422,6720.0,101,6710.0,18425,6760.0,1082,6770.0,2901,6790.0,510,6800.0,4000,6820.0,9,2025-05-09 15:08:59.437,,2147483647,386609,False,nan
3454,493126,1611216164,MERV - XMEV - GGAL - 24hs,6760.0,2025-05-09 15:08:58,15,2025-05-09 15:09:04.220,6750.0,15205,6740.0,5686,6730.0,422,6720.0,101,6710.0,18425,6760.0,82,6770.0,3901,6790.0,510,6800.0,4000,6820.0,9,2025-05-09 15:09:04.009,,2147483647,386609,False,nan
3455,493339,1611216474,MERV - XMEV - GGAL - 24hs,6750.0,2025-05-09 15:09:06,5,2025-05-09 15:09:06.933,6750.0,15205,6740.0,5686,6730.0,422,6720.0,101,6710.0,18425,6760.0,82,6770.0,3901,6790.0,510,6800.0,4000,6820.0,9,2025-05-09 15:09:06.849,,2147483647,386609,True,bid
3456,493375,1611216523,MERV - XMEV - GGAL - 24hs,6750.0,2025-05-09 15:09:06,81,2025-05-09 15:09:07.433,6750.0,15205,6740.0,5686,6730.0,422,6720.0,101,6710.0,18425,6760.0,82,6770.0,3901,6790.0,510,6800.0,4000,6820.0,9,2025-05-09 15:09:07.350,,2147483647,386609,False,nan
3457,493407,1611216571,MERV - XMEV - GGAL - 24hs,6750.0,2025-05-09 15:09:06,81,2025-05-09 15:09:07.935,6750.0,15105,6740.0,5686,6730.0,422,6720.0,101,6710.0,18425,6760.0,82,6770.0,3901,6790.0,510,6800.0,4000,6820.0,9,2025-05-09 15:09:07.849,,2147483647,386709,False,nan
3458,493519,1611216731,MERV - XMEV - GGAL - 24hs,6750.0,2025-05-09 15:09:09,13,2025-05-09 15:09:09.507,6750.0,15105,6740.0,5686,6730.0,422,6720.0,101,6710.0,18425,6760.0,82,6770.0,3901,6790.0,510,6800.0,4000,6820.0,9,2025-05-09 15:09:09.423,,2147483647,386709,True,bid
3459,493572,1611216807,MERV - XMEV - GGAL - 24hs,6750.0,2025-05-09 15:09:09,13,2025-05-09 15:09:10.170,6750.0,15092,6740.0,5686,6730.0,422,6720.0,101,6710.0,18425,6760.0,82,6770.0,3901,6790.0,510,6800.0,4000,6820.0,9,2025-05-09 15:09:10.083,,2147483647,386709,False,nan
3460,493642,1611216910,MERV - XMEV - GGAL - 24hs,6750.0,2025-05-09 15:09:10,7,2025-05-09 15:09:10.687,6750.0,15092,6740.0,5686,6730.0,422,6720.0,101,6710.0,18425,6760.0,82,6770.0,3901,6790.0,510,6800.0,4000,6820.0,9,2025-05-09 15:09:10.583,,2147483647,386722,True,bid
3461,493680,1611216976,MERV - XMEV - GGAL - 24hs,6770.0,2025-05-09 15:09:10,18,2025-05-09 15:09:11.167,6750.0,15085,6740.0,5686,6730.0,422,6720.0,101,6710.0,18425,6770.0,76,6790.0,4393,6800.0,3000,6820.0,1009,6830.0,3304,2025-05-09 15:09:11.083,,2147483647,386729,False,nan
3462,493721,1611217036,MERV - XMEV - GGAL - 24hs,6770.0,2025-05-09 15:09:10,18,2025-05-09 15:09:11.675,6750.0,15085,6740.0,5686,6730.0,422,6720.0,101,6710.0,18425,6770.0,76,6790.0,4393,6800.0,3000,6820.0,1009,6830.0,3304,2025-05-09 15:09:11.583,,2147483647,386829,False,nan
3463,493774,1611217131,MERV - XMEV - GGAL - 24hs,6780.0,2025-05-09 15:09:11,5,2025-05-09 15:09:12.172,6760.0,500,6750.0,15085,6740.0,5686,6730.0,422,6720.0,15101,6780.0,76,6790.0,4393,6800.0,3000,6820.0,1009,6830.0,3304,2025-05-09 15:09:12.083,,2147483647,386829,True,offer
3464,493811,1611217186,MERV - XMEV - GGAL - 24hs,6780.0,2025-05-09 15:09:11,5,2025-05-09 15:09:12.667,6760.0,505,6750.0,15085,6740.0,5686,6730.0,422,6720.0,15101,6780.0,71,6790.0,4393,6800.0,3000,6820.0,2509,6830.0,3304,2025-05-09 15:09:12.583,,2147483647,386834,False,nan
3465,493848,1611217243,MERV - XMEV - GGAL - 24hs,6780.0,2025-05-09 15:09:11,5,2025-05-09 15:09:13.276,6760.0,5505,6750.0,15085,6740.0,5686,6730.0,422,6720.0,15101,6780.0,71,6790.0,4393,6800.0,3000,6820.0,2509,6830.0,3304,2025-05-09 15:09:13.191,,2147483647,386834,False,nan
3466,493980,1611217426,MERV - XMEV - GGAL - 24hs,6780.0,2025-05-09 15:09:15,71,2025-05-09 15:09:15.335,6760.0,5505,6750.0,15085,6740.0,5686,6730.0,422,6720.0,15101,6780.0,71,6790.0,4393,6800.0,3000,6820.0,2509,6830.0,3304,2025-05-09 15:09:15.250,,2147483647,386834,True,offer
3467,494051,1611217525,MERV - XMEV - GGAL - 24hs,6780.0,2025-05-09 15:09:15,71,2025-05-09 15:09:16.001,6770.0,1,6760.0,5505,6750.0,15085,6740.0,5686,6730.0,422,6790.0,4393,6800.0,3000,6820.0,2509,6830.0,3304,6840.0,2655,2025-05-09 15:09:15.915,,2147483647,386834,False,nan
3468,494093,1611217585,MERV - XMEV - GGAL - 24hs,6780.0,2025-05-09 15:09:15,71,2025-05-09 15:09:16.501,6770.0,1,6760.0,5505,6750.0,15085,6740.0,5686,6730.0,422,6790.0,4393,6800.0,3000,6820.0,2509,6830.0,3304,6840.0,2655,2025-05-09 15:09:16.415,,2147483647,386905,False,nan
3469,494156,1611217679,MERV - XMEV - GGAL - 24hs,6770.0,2025-05-09 15:09:17,1,2025-05-09 15:09:17.239,6770.0,1,6760.0,5505,6750.0,15085,6740.0,5686,6730.0,422,6790.0,4393,6800.0,3000,6820.0,2509,6830.0,3304,6840.0,2655,2025-05-09 15:09:17.156,,2147483647,386905,True,bid
3470,494211,1611217751,MERV - XMEV - GGAL - 24hs,6770.0,2025-05-09 15:09:17,1,2025-05-09 15:09:17.935,6770.0,1,6760.0,5505,6750.0,15085,6740.0,5686,6730.0,422,6790.0,4393,6800.0,3000,6820.0,2509,6830.0,3304,6840.0,2655,2025-05-09 15:09:17.851,,2147483647,386906,False,nan
3471,494341,1611217913,MERV - XMEV - GGAL - 24hs,6770.0,2025-05-09 15:09:19,1,2025-05-09 15:09:19.610,6770.0,1,6760.0,5505,6750.0,15085,6740.0,5686,6730.0,422,6790.0,4393,6800.0,3000,6820.0,2509,6830.0,3304,6840.0,2655,2025-05-09 15:09:19.523,,2147483647,386906,True,bid
3472,494459,1611218076,MERV - XMEV - GGAL - 24hs,6770.0,2025-05-09 15:09:19,1,2025-05-09 15:09:20.269,6770.0,500,6760.0,5505,6750.0,15085,6740.0,5686,6730.0,422,6790.0,4393,6800.0,3000,6820.0,2509,6830.0,3304,6840.0,2655,2025-05-09 15:09:20.184,,2147483647,386906,False,nan
3473,494517,1611218143,MERV - XMEV - GGAL - 24hs,6770.0,2025-05-09 15:09:20,34,2025-05-09 15:09:20.773,6770.0,500,6760.0,5505,6750.0,15085,6740.0,5686,6730.0,422,6790.0,4393,6800.0,3000,6820.0,2509,6830.0,3304,6840.0,2655,2025-05-09 15:09:20.687,,2147483647,386907,True,bid
3474,494564,1611218209,MERV - XMEV - GGAL - 24hs,6770.0,2025-05-09 15:09:20,34,2025-05-09 15:09:21.272,6770.0,466,6760.0,5505,6750.0,15085,6740.0,5686,6730.0,422,6790.0,4393,6800.0,3000,6820.0,2509,6830.0,3304,6840.0,2655,2025-05-09 15:09:21.185,,2147483647,386941,False,nan
3475,495011,1611218896,MERV - XMEV - GGAL - 24hs,6770.0,2025-05-09 15:09:26,27,2025-05-09 15:09:26.360,6770.0,466,6760.0,5505,6750.0,15085,6740.0,5686,6730.0,422,6790.0,4393,6800.0,3000,6820.0,2509,6830.0,3304,6840.0,2655,2025-05-09 15:09:26.256,,2147483647,386941,True,bid
3476,495086,1611218993,MERV - XMEV - GGAL - 24hs,6770.0,2025-05-09 15:09:26,27,2025-05-09 15:09:27.210,6770.0,439,6760.0,5505,6750.0,15085,6740.0,5686,6730.0,422,6790.0,4393,6800.0,3000,6820.0,2509,6830.0,3304,6840.0,2655,2025-05-09 15:09:26.919,,2147483647,386941,False,nan
3477,495123,1611219050,MERV - XMEV - GGAL - 24hs,6770.0,2025-05-09 15:09:26,27,2025-05-09 15:09:27.515,6770.0,439,6760.0,5505,6750.0,15085,6740.0,5686,6730.0,422,6790.0,4393,6800.0,3000,6820.0,2509,6830.0,3304,6840.0,2655,2025-05-09 15:09:27.421,,2147483647,386968,False,nan
3478,495222,1611219194,MERV - XMEV - GGAL - 24hs,6770.0,2025-05-09 15:09:26,27,2025-05-09 15:09:29.139,6760.0,5505,6750.0,15085,6740.0,5686,6730.0,422,6720.0,15101,6790.0,4393,6800.0,3000,6820.0,2509,6830.0,3304,6840.0,2655,2025-05-09 15:09:29.056,,2147483647,386968,False,nan
3479,495319,1611219336,MERV - XMEV - GGAL - 24hs,6790.0,2025-05-09 15:09:30,150,2025-05-09 15:09:30.328,6760.0,5505,6750.0,15085,6740.0,5686,6730.0,422,6720.0,15101,6790.0,4393,6800.0,3000,6820.0,2509,6830.0,3304,6840.0,2655,2025-05-09 15:09:30.243,,2147483647,386968,True,offer
3480,495351,1611219384,MERV - XMEV - GGAL - 24hs,6790.0,2025-05-09 15:09:30,150,2025-05-09 15:09:30.839,6760.0,5505,6750.0,15085,6740.0,5686,6730.0,422,6720.0,15101,6790.0,4243,6800.0,3300,6820.0,2509,6830.0,3304,6840.0,2655,2025-05-09 15:09:30.755,,2147483647,386968,False,nan
3481,495390,1611219442,MERV - XMEV - GGAL - 24hs,6790.0,2025-05-09 15:09:30,150,2025-05-09 15:09:31.338,6760.0,5505,6750.0,15085,6740.0,5686,6730.0,422,6720.0,15101,6790.0,4243,6800.0,3300,6820.0,2509,6830.0,3304,6840.0,2655,2025-05-09 15:09:31.255,,2147483647,387118,False,nan
3482,495439,1611219511,MERV - XMEV - GGAL - 24hs,6790.0,2025-05-09 15:09:31,2,2025-05-09 15:09:31.965,6760.0,5505,6750.0,15085,6740.0,5686,6730.0,422,6720.0,15101,6790.0,4243,6800.0,3300,6820.0,2509,6830.0,3304,6840.0,2655,2025-05-09 15:09:31.880,,2147483647,387118,True,offer
3483,495489,1611219579,MERV - XMEV - GGAL - 24hs,6760.0,2025-05-09 15:09:32,501,2025-05-09 15:09:32.478,6760.0,5505,6750.0,15085,6740.0,5686,6730.0,422,6720.0,15101,6790.0,4243,6800.0,3300,6820.0,2509,6830.0,3304,6840.0,2655,2025-05-09 15:09:32.385,,2147483647,387126,True,bid
3484,495567,1611219689,MERV - XMEV - GGAL - 24hs,6760.0,2025-05-09 15:09:32,501,2025-05-09 15:09:32.992,6760.0,4570,6750.0,15085,6740.0,5686,6730.0,422,6720.0,15101,6790.0,4246,6800.0,3300,6820.0,2509,6830.0,3304,6840.0,2655,2025-05-09 15:09:32.880,,2147483647,388126,False,nan
3485,495659,1611219806,MERV - XMEV - GGAL - 24hs,6760.0,2025-05-09 15:09:32,501,2025-05-09 15:09:33.604,6760.0,4570,6750.0,15085,6740.0,5686,6730.0,422,6720.0,15101,6790.0,4246,6800.0,300,6820.0,2509,6830.0,6304,6840.0,2655,2025-05-09 15:09:33.465,,2147483647,388126,False,nan
3486,495955,1611220225,MERV - XMEV - GGAL - 24hs,6760.0,2025-05-09 15:09:37,154,2025-05-09 15:09:37.446,6760.0,4570,6750.0,15085,6740.0,5686,6730.0,422,6720.0,15101,6790.0,4246,6800.0,300,6820.0,2509,6830.0,6304,6840.0,2655,2025-05-09 15:09:37.359,,2147483647,388126,True,bid
3487,495992,1611220289,MERV - XMEV - GGAL - 24hs,6760.0,2025-05-09 15:09:37,154,2025-05-09 15:09:38.107,6760.0,4416,6750.0,15085,6740.0,5686,6730.0,422,6720.0,15101,6790.0,4246,6800.0,300,6820.0,2509,6830.0,6304,6840.0,2655,2025-05-09 15:09:38.023,,2147483647,388126,False,nan
3488,496029,1611220343,MERV - XMEV - GGAL - 24hs,6760.0,2025-05-09 15:09:37,154,2025-05-09 15:09:38.607,6760.0,4416,6750.0,15085,6740.0,5686,6730.0,422,6720.0,15101,6790.0,4246,6800.0,300,6820.0,2509,6830.0,6304,6840.0,2655,2025-05-09 15:09:38.523,,2147483647,388280,False,nan
3489,496074,1611220403,MERV - XMEV - GGAL - 24hs,6760.0,2025-05-09 15:09:37,154,2025-05-09 15:09:39.108,6760.0,5316,6750.0,16085,6740.0,5686,6730.0,422,6720.0,15101,6780.0,15,6790.0,4241,6800.0,300,6820.0,2509,6830.0,6304,2025-05-09 15:09:39.024,,2147483647,388280,False,nan
3490,496161,1611220518,MERV - XMEV - GGAL - 24hs,6760.0,2025-05-09 15:09:40,662,2025-05-09 15:09:40.366,6760.0,5316,6750.0,16085,6740.0,5686,6730.0,422,6720.0,15101,6780.0,15,6790.0,4241,6800.0,300,6820.0,2509,6830.0,6304,2025-05-09 15:09:40.282,,2147483647,388280,True,bid
3491,496201,1611220571,MERV - XMEV - GGAL - 24hs,6760.0,2025-05-09 15:09:40,662,2025-05-09 15:09:40.867,6760.0,4654,6750.0,16085,6740.0,5686,6730.0,422,6720.0,15101,6780.0,15,6790.0,4241,6800.0,300,6820.0,2509,6830.0,6304,2025-05-09 15:09:40.781,,2147483647,388280,False,nan
3492,496247,1611220626,MERV - XMEV - GGAL - 24hs,6760.0,2025-05-09 15:09:40,662,2025-05-09 15:09:41.366,6760.0,4654,6750.0,16085,6740.0,5686,6730.0,422,6720.0,15101,6780.0,15,6790.0,4241,6800.0,300,6820.0,2509,6830.0,6304,2025-05-09 15:09:41.282,,2147483647,388942,False,nan
3493,496544,1611221007,MERV - XMEV - GGAL - 24hs,6780.0,2025-05-09 15:09:45,8,2025-05-09 15:09:45.433,6760.0,4654,6750.0,16085,6740.0,5686,6730.0,422,6720.0,15101,6780.0,15,6790.0,4241,6800.0,300,6820.0,2509,6830.0,6304,2025-05-09 15:09:45.345,,2147483647,388942,True,offer
3494,496586,1611221061,MERV - XMEV - GGAL - 24hs,6780.0,2025-05-09 15:09:45,8,2025-05-09 15:09:45.928,6760.0,4654,6750.0,16085,6740.0,5686,6730.0,422,6720.0,15101,6780.0,7,6790.0,4241,6800.0,300,6820.0,2509,6830.0,6304,2025-05-09 15:09:45.845,,2147483647,388942,False,nan
3495,496630,1611221122,MERV - XMEV - GGAL - 24hs,6780.0,2025-05-09 15:09:45,8,2025-05-09 15:09:46.433,6760.0,4654,6750.0,16085,6740.0,5686,6730.0,422,6720.0,15101,6780.0,7,6790.0,4241,6800.0,300,6820.0,2509,6830.0,6304,2025-05-09 15:09:46.346,,2147483647,388950,False,nan
3496,496678,1611221179,MERV - XMEV - GGAL - 24hs,6760.0,2025-05-09 15:09:46,3,2025-05-09 15:09:46.935,6760.0,4654,6750.0,16085,6740.0,5686,6730.0,422,6720.0,15101,6780.0,7,6790.0,4241,6800.0,300,6820.0,2509,6830.0,6304,2025-05-09 15:09:46.846,,2147483647,388950,True,bid
3497,496746,1611221264,MERV - XMEV - GGAL - 24hs,6760.0,2025-05-09 15:09:46,3,2025-05-09 15:09:47.429,6760.0,4651,6750.0,16085,6740.0,5686,6730.0,422,6720.0,15101,6780.0,7,6790.0,4241,6800.0,300,6820.0,2509,6830.0,6304,2025-05-09 15:09:47.345,,2147483647,388953,False,nan
3498,497269,1611222009,MERV - XMEV - GGAL - 24hs,6760.0,2025-05-09 15:09:46,3,2025-05-09 15:09:54.637,6760.0,4803,6750.0,16085,6740.0,5686,6730.0,422,6720.0,15101,6780.0,7,6790.0,4241,6800.0,300,6820.0,2509,6830.0,6304,2025-05-09 15:09:54.554,,2147483647,388953,False,nan
3499,497398,1611222190,MERV - XMEV - GGAL - 24hs,6760.0,2025-05-09 15:09:56,8,2025-05-09 15:09:56.247,6760.0,4803,6750.0,16085,6740.0,5686,6730.0,422,6720.0,15101,6780.0,7,6790.0,4241,6800.0,300,6820.0,2509,6830.0,6304,2025-05-09 15:09:56.163,,2147483647,388953,True,bid
3500,497456,1611222280,MERV - XMEV - GGAL - 24hs,6760.0,2025-05-09 15:09:56,8,2025-05-09 15:09:56.923,6760.0,4795,6750.0,16085,6740.0,5686,6730.0,422,6720.0,15101,6780.0,7,6790.0,4241,6800.0,300,6820.0,2509,6830.0,6304,2025-05-09 15:09:56.826,,2147483647,388953,False,nan
3501,497487,1611222325,MERV - XMEV - GGAL - 24hs,6760.0,2025-05-09 15:09:56,8,2025-05-09 15:09:57.420,6760.0,4795,6750.0,16085,6740.0,5686,6730.0,422,6720.0,15101,6780.0,7,6790.0,4241,6800.0,300,6820.0,2509,6830.0,6304,2025-05-09 15:09:57.326,,2147483647,388961,False,nan
3502,497509,1611222354,MERV - XMEV - GGAL - 24hs,6760.0,2025-05-09 15:09:56,8,2025-05-09 15:09:57.909,6760.0,5045,6750.0,16085,6740.0,5686,6730.0,422,6720.0,15101,6780.0,7,6790.0,4241,6800.0,1800,6820.0,2509,6830.0,6304,2025-05-09 15:09:57.826,,2147483647,388961,False,nan
3503,497542,1611222399,MERV - XMEV - GGAL - 24hs,6760.0,2025-05-09 15:09:56,8,2025-05-09 15:09:58.550,6760.0,5045,6750.0,16085,6740.0,5686,6730.0,422,6720.0,15101,6780.0,7,6790.0,4341,6800.0,1800,6820.0,2509,6830.0,6304,2025-05-09 15:09:58.466,,2147483647,388961,False,nan
3504,498016,1611223049,MERV - XMEV - GGAL - 24hs,6760.0,2025-05-09 15:10:03,4,2025-05-09 15:10:04.005,6760.0,5045,6750.0,16085,6740.0,5686,6730.0,422,6720.0,15101,6780.0,7,6790.0,4341,6800.0,1800,6820.0,2509,6830.0,6304,2025-05-09 15:10:03.921,,2147483647,388961,True,bid
3505,498090,1611223141,MERV - XMEV - GGAL - 24hs,6760.0,2025-05-09 15:10:03,4,2025-05-09 15:10:04.670,6760.0,5041,6750.0,16085,6740.0,5686,6730.0,422,6720.0,15101,6780.0,7,6790.0,4341,6800.0,1800,6820.0,2509,6830.0,6304,2025-05-09 15:10:04.586,,2147483647,388961,False,nan
3506,498141,1611223212,MERV - XMEV - GGAL - 24hs,6760.0,2025-05-09 15:10:03,4,2025-05-09 15:10:05.171,6760.0,5041,6750.0,16085,6740.0,5686,6730.0,422,6720.0,15101,6780.0,7,6790.0,4341,6800.0,1800,6820.0,2509,6830.0,6304,2025-05-09 15:10:05.086,,2147483647,388965,False,nan
3507,498188,1611223286,MERV - XMEV - GGAL - 24hs,6760.0,2025-05-09 15:10:05,5,2025-05-09 15:10:05.675,6760.0,5041,6750.0,16085,6740.0,5686,6730.0,422,6720.0,15101,6780.0,7,6790.0,4341,6800.0,1800,6820.0,2509,6830.0,6304,2025-05-09 15:10:05.587,,2147483647,388965,True,bid
3508,498241,1611223358,MERV - XMEV - GGAL - 24hs,6780.0,2025-05-09 15:10:05,4,2025-05-09 15:10:06.170,6760.0,5036,6750.0,16085,6740.0,5686,6730.0,422,6720.0,15101,6780.0,7,6790.0,4341,6800.0,1800,6820.0,2509,6830.0,6304,2025-05-09 15:10:06.086,,2147483647,388970,False,nan
3509,498288,1611223422,MERV - XMEV - GGAL - 24hs,6780.0,2025-05-09 15:10:05,4,2025-05-09 15:10:06.669,6760.0,5036,6750.0,16085,6740.0,5686,6730.0,422,6720.0,15101,6780.0,1,6790.0,4341,6800.0,1800,6820.0,1509,6830.0,7304,2025-05-09 15:10:06.586,,2147483647,388976,False,nan
3510,498762,1611224113,MERV - XMEV - GGAL - 24hs,6780.0,2025-05-09 15:10:05,4,2025-05-09 15:10:11.051,6760.0,5036,6750.0,16085,6740.0,5686,6730.0,422,6720.0,15101,6780.0,1,6790.0,5341,6800.0,1800,6820.0,1509,6830.0,7304,2025-05-09 15:10:10.967,,2147483647,388976,False,nan
3511,498960,1611224377,MERV - XMEV - GGAL - 24hs,6780.0,2025-05-09 15:10:05,4,2025-05-09 15:10:13.587,6760.0,5036,6750.0,16085,6740.0,5686,6730.0,422,6720.0,15101,6780.0,1,6790.0,4341,6800.0,1800,6820.0,1509,6830.0,7304,2025-05-09 15:10:13.487,,2147483647,388976,False,nan
3512,499051,1611224516,MERV - XMEV - GGAL - 24hs,6780.0,2025-05-09 15:10:05,4,2025-05-09 15:10:14.549,6760.0,5036,6750.0,16085,6740.0,5686,6730.0,422,6720.0,15101,6780.0,1,6790.0,6341,6800.0,1800,6820.0,1509,6830.0,7304,2025-05-09 15:10:14.464,,2147483647,388976,False,nan
3513,499594,1611225334,MERV - XMEV - GGAL - 24hs,6760.0,2025-05-09 15:10:20,4,2025-05-09 15:10:21.038,6760.0,5036,6750.0,16085,6740.0,5686,6730.0,422,6720.0,15101,6780.0,1,6790.0,6341,6800.0,1800,6820.0,1509,6830.0,7304,2025-05-09 15:10:20.952,,2147483647,388976,True,bid
3514,499661,1611225433,MERV - XMEV - GGAL - 24hs,6760.0,2025-05-09 15:10:20,4,2025-05-09 15:10:21.708,6760.0,5032,6750.0,16085,6740.0,5686,6730.0,422,6720.0,15101,6780.0,1,6790.0,6341,6800.0,1800,6820.0,4509,6830.0,6304,2025-05-09 15:10:21.621,,2147483647,388976,False,nan
3515,499703,1611225494,MERV - XMEV - GGAL - 24hs,6760.0,2025-05-09 15:10:20,4,2025-05-09 15:10:22.203,6760.0,5032,6750.0,16085,6740.0,5686,6730.0,422,6720.0,15101,6780.0,1,6790.0,6341,6800.0,1800,6820.0,4509,6830.0,6304,2025-05-09 15:10:22.121,,2147483647,388980,False,nan
3516,500156,1611226108,MERV - XMEV - GGAL - 24hs,6780.0,2025-05-09 15:10:26,1,2025-05-09 15:10:26.978,6760.0,5032,6750.0,16085,6740.0,5686,6730.0,422,6720.0,15101,6780.0,1,6790.0,6341,6800.0,1800,6820.0,4509,6830.0,6304,2025-05-09 15:10:26.895,,2147483647,388980,True,offer
3517,500197,1611226186,MERV - XMEV - GGAL - 24hs,6790.0,2025-05-09 15:10:26,2,2025-05-09 15:10:27.478,6760.0,5032,6750.0,16085,6740.0,5686,6730.0,422,6720.0,15101,6780.0,1,6790.0,6341,6800.0,1800,6820.0,4509,6830.0,6304,2025-05-09 15:10:27.395,,2147483647,388980,False,nan
3518,500230,1611226234,MERV - XMEV - GGAL - 24hs,6760.0,2025-05-09 15:10:27,29,2025-05-09 15:10:27.986,6760.0,5032,6750.0,16085,6740.0,5686,6730.0,422,6720.0,15101,6790.0,6339,6800.0,1800,6820.0,4509,6830.0,6304,6840.0,2655,2025-05-09 15:10:27.895,,2147483647,388983,True,bid
3519,500305,1611226347,MERV - XMEV - GGAL - 24hs,6760.0,2025-05-09 15:10:27,29,2025-05-09 15:10:28.631,6760.0,5003,6750.0,16085,6740.0,5686,6730.0,422,6720.0,15101,6790.0,6339,6800.0,1800,6820.0,4509,6830.0,6304,6840.0,2655,2025-05-09 15:10:28.548,,2147483647,388983,False,nan
3520,500355,1611226415,MERV - XMEV - GGAL - 24hs,6760.0,2025-05-09 15:10:27,29,2025-05-09 15:10:29.144,6760.0,5003,6750.0,16085,6740.0,5686,6730.0,422,6720.0,15101,6790.0,6339,6800.0,1800,6820.0,4509,6830.0,6304,6840.0,2655,2025-05-09 15:10:29.047,,2147483647,389012,False,nan
3521,500401,1611226484,MERV - XMEV - GGAL - 24hs,6760.0,2025-05-09 15:10:27,29,2025-05-09 15:10:29.631,6760.0,5003,6750.0,16085,6740.0,5686,6730.0,422,6720.0,15101,6790.0,7339,6800.0,1800,6820.0,4509,6830.0,6304,6840.0,2655,2025-05-09 15:10:29.548,,2147483647,389012,False,nan
3522,500557,1611226699,MERV - XMEV - GGAL - 24hs,6760.0,2025-05-09 15:10:27,29,2025-05-09 15:10:31.873,6760.0,5003,6750.0,16085,6740.0,5686,6730.0,422,6720.0,15101,6780.0,1000,6790.0,4339,6800.0,1800,6820.0,4509,6830.0,6304,2025-05-09 15:10:31.790,,2147483647,389012,False,nan
3523,500601,1611226753,MERV - XMEV - GGAL - 24hs,6760.0,2025-05-09 15:10:32,30,2025-05-09 15:10:32.372,6760.0,5003,6750.0,16085,6740.0,5686,6730.0,422,6720.0,15101,6780.0,1000,6790.0,4339,6800.0,1800,6820.0,4509,6830.0,6304,2025-05-09 15:10:32.289,,2147483647,389012,True,bid
3524,500632,1611226797,MERV - XMEV - GGAL - 24hs,6760.0,2025-05-09 15:10:32,30,2025-05-09 15:10:32.872,6760.0,4973,6750.0,16085,6740.0,5686,6730.0,422,6720.0,15101,6780.0,1000,6790.0,4339,6800.0,1800,6820.0,4509,6830.0,6304,2025-05-09 15:10:32.789,,2147483647,389012,False,nan
3525,500668,1611226844,MERV - XMEV - GGAL - 24hs,6760.0,2025-05-09 15:10:32,30,2025-05-09 15:10:33.373,6760.0,4973,6750.0,16085,6740.0,5686,6730.0,422,6720.0,15101,6780.0,1000,6790.0,4339,6800.0,1800,6820.0,4509,6830.0,6304,2025-05-09 15:10:33.290,,2147483647,389042,False,nan
3526,500909,1611227168,MERV - XMEV - GGAL - 24hs,6760.0,2025-05-09 15:10:32,30,2025-05-09 15:10:36.904,6760.0,4973,6750.0,16085,6740.0,5686,6730.0,422,6720.0,15101,6780.0,1000,6790.0,5339,6800.0,1800,6820.0,4509,6830.0,6304,2025-05-09 15:10:36.817,,2147483647,389042,False,nan
3527,501028,1611227327,MERV - XMEV - GGAL - 24hs,6780.0,2025-05-09 15:10:38,14,2025-05-09 15:10:38.653,6760.0,4973,6750.0,16085,6740.0,5686,6730.0,422,6720.0,15101,6780.0,1000,6790.0,5339,6800.0,1800,6820.0,4509,6830.0,6304,2025-05-09 15:10:38.570,,2147483647,389042,True,offer
3528,501081,1611227412,MERV - XMEV - GGAL - 24hs,6780.0,2025-05-09 15:10:38,14,2025-05-09 15:10:39.319,6760.0,4973,6750.0,16085,6740.0,5686,6730.0,422,6720.0,15101,6780.0,986,6790.0,5339,6800.0,1800,6820.0,4509,6830.0,6304,2025-05-09 15:10:39.235,,2147483647,389042,False,nan
3529,501121,1611227465,MERV - XMEV - GGAL - 24hs,6780.0,2025-05-09 15:10:38,14,2025-05-09 15:10:39.821,6760.0,4973,6750.0,16085,6740.0,5686,6730.0,422,6720.0,15101,6780.0,986,6790.0,5339,6800.0,1800,6820.0,4509,6830.0,6304,2025-05-09 15:10:39.735,,2147483647,389056,False,nan
3530,501265,1611227656,MERV - XMEV - GGAL - 24hs,6780.0,2025-05-09 15:10:38,14,2025-05-09 15:10:41.604,6770.0,95,6760.0,4902,6750.0,16085,6740.0,5686,6730.0,429,6780.0,986,6790.0,5339,6800.0,1800,6820.0,4509,6830.0,6304,2025-05-09 15:10:41.521,,2147483647,389056,False,nan
3531,501482,1611227937,MERV - XMEV - GGAL - 24hs,6780.0,2025-05-09 15:10:38,14,2025-05-09 15:10:43.658,6770.0,95,6760.0,4902,6750.0,16085,6740.0,5686,6730.0,429,6780.0,986,6790.0,4339,6800.0,1800,6820.0,4509,6830.0,6304,2025-05-09 15:10:43.562,,2147483647,389056,False,nan
3532,501882,1611228441,MERV - XMEV - GGAL - 24hs,6780.0,2025-05-09 15:10:38,14,2025-05-09 15:10:47.410,6770.0,95,6760.0,4902,6750.0,16085,6740.0,5686,6730.0,429,6780.0,986,6790.0,4339,6800.0,1800,6820.0,1509,6830.0,7304,2025-05-09 15:10:47.307,,2147483647,389056,False,nan
3533,502118,1611228755,MERV - XMEV - GGAL - 24hs,6780.0,2025-05-09 15:10:38,14,2025-05-09 15:10:48.867,6770.0,95,6760.0,4902,6750.0,16085,6740.0,5686,6730.0,429,6780.0,986,6790.0,5339,6800.0,1800,6820.0,1509,6830.0,7304,2025-05-09 15:10:48.684,,2147483647,389056,False,nan
3534,502292,1611228978,MERV - XMEV - GGAL - 24hs,6780.0,2025-05-09 15:10:38,14,2025-05-09 15:10:49.536,6770.0,95,6760.0,4902,6750.0,16085,6740.0,5686,6730.0,429,6780.0,986,6790.0,7339,6800.0,1800,6820.0,1509,6830.0,7304,2025-05-09 15:10:49.395,,2147483647,389056,False,nan
3535,502597,1611229426,MERV - XMEV - GGAL - 24hs,6780.0,2025-05-09 15:10:38,14,2025-05-09 15:10:52.059,6770.0,95,6760.0,4902,6750.0,16085,6740.0,5686,6730.0,429,6780.0,986,6790.0,9339,6800.0,1800,6820.0,1509,6830.0,7304,2025-05-09 15:10:51.963,,2147483647,389056,False,nan
3536,502680,1611229537,MERV - XMEV - GGAL - 24hs,6780.0,2025-05-09 15:10:38,14,2025-05-09 15:10:52.716,6770.0,687,6760.0,4902,6750.0,16085,6740.0,5686,6730.0,430,6780.0,986,6790.0,9339,6800.0,1800,6820.0,1509,6830.0,7304,2025-05-09 15:10:52.631,,2147483647,389056,False,nan
3537,502922,1611229882,MERV - XMEV - GGAL - 24hs,6770.0,2025-05-09 15:10:55,95,2025-05-09 15:10:55.360,6770.0,687,6760.0,4902,6750.0,16085,6740.0,5686,6730.0,430,6780.0,986,6790.0,9339,6800.0,1800,6820.0,1509,6830.0,7304,2025-05-09 15:10:55.276,,2147483647,389056,True,bid
3538,502971,1611229955,MERV - XMEV - GGAL - 24hs,6770.0,2025-05-09 15:10:55,405,2025-05-09 15:10:55.862,6770.0,687,6760.0,4902,6750.0,16085,6740.0,5686,6730.0,430,6780.0,986,6790.0,9339,6800.0,1800,6820.0,1509,6830.0,7304,2025-05-09 15:10:55.776,,2147483647,389056,False,nan
3539,503027,1611230054,MERV - XMEV - GGAL - 24hs,6770.0,2025-05-09 15:10:55,405,2025-05-09 15:10:56.358,6770.0,187,6760.0,4902,6750.0,16085,6740.0,5686,6730.0,133,6780.0,986,6790.0,9339,6800.0,1800,6820.0,1509,6830.0,7304,2025-05-09 15:10:56.276,,2147483647,389556,False,nan
3540,503076,1611230114,MERV - XMEV - GGAL - 24hs,6780.0,2025-05-09 15:10:56,1,2025-05-09 15:10:56.859,6770.0,187,6760.0,4902,6750.0,16085,6740.0,5686,6730.0,133,6780.0,986,6790.0,9339,6800.0,1800,6820.0,1509,6830.0,7304,2025-05-09 15:10:56.777,,2147483647,389556,True,offer
3541,503111,1611230168,MERV - XMEV - GGAL - 24hs,6780.0,2025-05-09 15:10:56,1,2025-05-09 15:10:57.359,6770.0,187,6760.0,4902,6750.0,16085,6740.0,5686,6730.0,133,6780.0,1296,6790.0,9339,6800.0,1800,6820.0,1509,6830.0,7304,2025-05-09 15:10:57.276,,2147483647,389557,False,nan
3542,503179,1611230262,MERV - XMEV - GGAL - 24hs,6780.0,2025-05-09 15:10:56,1,2025-05-09 15:10:58.190,6770.0,187,6760.0,4902,6750.0,16085,6740.0,5686,6730.0,133,6780.0,1296,6790.0,9339,6800.0,1800,6820.0,1509,6830.0,7305,2025-05-09 15:10:58.106,,2147483647,389557,False,nan
3543,503346,1611230472,MERV - XMEV - GGAL - 24hs,6780.0,2025-05-09 15:10:56,1,2025-05-09 15:10:59.530,6770.0,187,6760.0,4902,6750.0,16085,6740.0,5686,6730.0,133,6780.0,1296,6790.0,8339,6800.0,1800,6820.0,1509,6830.0,7305,2025-05-09 15:10:59.447,,2147483647,389557,False,nan
3544,503447,1611230616,MERV - XMEV - GGAL - 24hs,6770.0,2025-05-09 15:11:00,167,2025-05-09 15:11:00.802,6770.0,187,6760.0,4902,6750.0,16085,6740.0,5686,6730.0,133,6780.0,1296,6790.0,8339,6800.0,1800,6820.0,1509,6830.0,7305,2025-05-09 15:11:00.711,,2147483647,389557,True,bid
3545,503531,1611230754,MERV - XMEV - GGAL - 24hs,6770.0,2025-05-09 15:11:00,167,2025-05-09 15:11:01.467,6770.0,20,6760.0,4902,6750.0,16085,6740.0,5686,6730.0,133,6780.0,1296,6790.0,8339,6800.0,1800,6820.0,1509,6830.0,7305,2025-05-09 15:11:01.377,,2147483647,389557,False,nan
3546,503588,1611230843,MERV - XMEV - GGAL - 24hs,6770.0,2025-05-09 15:11:00,167,2025-05-09 15:11:01.960,6770.0,20,6760.0,4902,6750.0,16085,6740.0,5686,6730.0,133,6780.0,1296,6790.0,8339,6800.0,1800,6820.0,1509,6830.0,7305,2025-05-09 15:11:01.877,,2147483647,389724,False,nan
3547,503684,1611230994,MERV - XMEV - GGAL - 24hs,6770.0,2025-05-09 15:11:00,167,2025-05-09 15:11:03.096,6770.0,20,6760.0,4907,6750.0,16085,6740.0,5694,6730.0,133,6780.0,1296,6790.0,8339,6800.0,1800,6820.0,1509,6830.0,7305,2025-05-09 15:11:03.008,,2147483647,389724,False,nan
3548,504263,1611231760,MERV - XMEV - GGAL - 24hs,6770.0,2025-05-09 15:11:00,167,2025-05-09 15:11:07.148,6770.0,20,6760.0,4907,6750.0,16085,6740.0,5694,6730.0,133,6780.0,1296,6790.0,9339,6800.0,1800,6820.0,1509,6830.0,7305,2025-05-09 15:11:07.060,,2147483647,389724,False,nan
3549,504416,1611231979,MERV - XMEV - GGAL - 24hs,6770.0,2025-05-09 15:11:08,20,2025-05-09 15:11:08.791,6770.0,20,6760.0,4907,6750.0,16085,6740.0,5694,6730.0,133,6780.0,1296,6790.0,9339,6800.0,1800,6820.0,1509,6830.0,7305,2025-05-09 15:11:08.701,,2147483647,389724,True,bid
3550,504508,1611232090,MERV - XMEV - GGAL - 24hs,6770.0,2025-05-09 15:11:08,20,2025-05-09 15:11:09.445,6770.0,20,6760.0,4907,6750.0,16085,6740.0,5694,6730.0,133,6780.0,1296,6790.0,9339,6800.0,1800,6820.0,1509,6830.0,11305,2025-05-09 15:11:09.359,,2147483647,389724,False,nan
3551,504630,1611232286,MERV - XMEV - GGAL - 24hs,6770.0,2025-05-09 15:11:09,20,2025-05-09 15:11:10.448,6770.0,20,6760.0,4907,6750.0,16085,6740.0,5694,6730.0,133,6780.0,1296,6790.0,9339,6800.0,1800,6820.0,1509,6830.0,11305,2025-05-09 15:11:10.101,,2147483647,389744,True,bid
3552,504679,1611232349,MERV - XMEV - GGAL - 24hs,6770.0,2025-05-09 15:11:09,20,2025-05-09 15:11:10.644,6760.0,4983,6750.0,16085,6740.0,5694,6730.0,126,6720.0,15250,6780.0,1296,6790.0,9339,6800.0,1800,6820.0,1509,6830.0,11305,2025-05-09 15:11:10.391,,2147483647,389744,False,nan
3553,504776,1611232473,MERV - XMEV - GGAL - 24hs,6770.0,2025-05-09 15:11:09,20,2025-05-09 15:11:11.027,6760.0,4983,6750.0,16085,6740.0,5694,6730.0,126,6720.0,15250,6780.0,1296,6790.0,9339,6800.0,1800,6820.0,1509,6830.0,11305,2025-05-09 15:11:10.890,,2147483647,389764,False,nan
3554,505110,1611232982,MERV - XMEV - GGAL - 24hs,6770.0,2025-05-09 15:11:09,20,2025-05-09 15:11:14.566,6760.0,4983,6750.0,16085,6740.0,5694,6730.0,126,6720.0,15250,6780.0,1296,6790.0,8339,6800.0,1800,6820.0,1509,6830.0,11305,2025-05-09 15:11:14.484,,2147483647,389764,False,nan
3555,505146,1611233029,MERV - XMEV - GGAL - 24hs,6780.0,2025-05-09 15:11:14,6,2025-05-09 15:11:15.066,6760.0,4983,6750.0,16085,6740.0,5694,6730.0,126,6720.0,15250,6780.0,1296,6790.0,8339,6800.0,1800,6820.0,1509,6830.0,11305,2025-05-09 15:11:14.983,,2147483647,389764,True,offer
3556,505204,1611233107,MERV - XMEV - GGAL - 24hs,6780.0,2025-05-09 15:11:14,6,2025-05-09 15:11:15.567,6760.0,4983,6750.0,16085,6740.0,5694,6730.0,126,6720.0,15250,6780.0,1290,6790.0,10339,6800.0,1800,6820.0,1509,6830.0,11305,2025-05-09 15:11:15.483,,2147483647,389764,False,nan
3557,505280,1611233226,MERV - XMEV - GGAL - 24hs,6780.0,2025-05-09 15:11:14,6,2025-05-09 15:11:16.090,6760.0,4983,6750.0,16085,6740.0,5694,6730.0,126,6720.0,15250,6780.0,1290,6790.0,10339,6800.0,1800,6820.0,1509,6830.0,11305,2025-05-09 15:11:15.986,,2147483647,389770,False,nan
3558,505547,1611233590,MERV - XMEV - GGAL - 24hs,6780.0,2025-05-09 15:11:14,6,2025-05-09 15:11:18.413,6760.0,4907,6750.0,16085,6740.0,5694,6730.0,126,6720.0,15555,6770.0,882,6780.0,1290,6790.0,11339,6800.0,1800,6820.0,1509,2025-05-09 15:11:18.329,,2147483647,389770,False,nan
3559,505673,1611233752,MERV - XMEV - GGAL - 24hs,6780.0,2025-05-09 15:11:14,6,2025-05-09 15:11:19.615,6760.0,4907,6750.0,16085,6740.0,5694,6730.0,126,6720.0,15555,6770.0,882,6780.0,1290,6790.0,12339,6800.0,1800,6820.0,1509,2025-05-09 15:11:19.530,,2147483647,389770,False,nan
3560,506386,1611234712,MERV - XMEV - GGAL - 24hs,6780.0,2025-05-09 15:11:14,6,2025-05-09 15:11:24.083,6760.0,4755,6750.0,16085,6740.0,5694,6730.0,126,6720.0,15555,6770.0,882,6780.0,1290,6790.0,12339,6800.0,1800,6820.0,1509,2025-05-09 15:11:23.917,,2147483647,389770,False,nan
3561,507051,1611235578,MERV - XMEV - GGAL - 24hs,6780.0,2025-05-09 15:11:14,6,2025-05-09 15:11:28.779,6760.0,4755,6750.0,16085,6740.0,5694,6730.0,126,6720.0,15555,6770.0,882,6780.0,1290,6790.0,9339,6800.0,1800,6820.0,1509,2025-05-09 15:11:28.633,,2147483647,389770,False,nan
3562,507140,1611235685,MERV - XMEV - GGAL - 24hs,6780.0,2025-05-09 15:11:14,6,2025-05-09 15:11:29.379,6760.0,4755,6750.0,16085,6740.0,5694,6730.0,126,6720.0,15555,6770.0,882,6780.0,1290,6790.0,10339,6800.0,1800,6820.0,1509,2025-05-09 15:11:29.289,,2147483647,389770,False,nan
3563,507359,1611235984,MERV - XMEV - GGAL - 24hs,6780.0,2025-05-09 15:11:14,6,2025-05-09 15:11:31.064,6760.0,4755,6750.0,16085,6740.0,5694,6730.0,126,6720.0,15555,6770.0,882,6780.0,1290,6790.0,7339,6800.0,1800,6820.0,1509,2025-05-09 15:11:30.816,,2147483647,389770,False,nan
3564,507637,1611236368,MERV - XMEV - GGAL - 24hs,6780.0,2025-05-09 15:11:14,6,2025-05-09 15:11:32.219,6760.0,4755,6750.0,16085,6740.0,5694,6730.0,126,6720.0,15555,6770.0,882,6780.0,1290,6790.0,9339,6800.0,1801,6820.0,1509,2025-05-09 15:11:31.772,,2147483647,389770,False,nan
3565,508142,1611237080,MERV - XMEV - GGAL - 24hs,6780.0,2025-05-09 15:11:14,6,2025-05-09 15:11:37.166,6760.0,4755,6750.0,16085,6740.0,5694,6730.0,126,6720.0,15555,6770.0,882,6780.0,1290,6790.0,7339,6800.0,1801,6820.0,1509,2025-05-09 15:11:37.082,,2147483647,389770,False,nan
3566,508192,1611237145,MERV - XMEV - GGAL - 24hs,6770.0,2025-05-09 15:11:37,14,2025-05-09 15:11:37.666,6760.0,4755,6750.0,16085,6740.0,5694,6730.0,126,6720.0,15555,6770.0,882,6780.0,1290,6790.0,7339,6800.0,1801,6820.0,1509,2025-05-09 15:11:37.583,,2147483647,389770,True,offer
3567,508245,1611237219,MERV - XMEV - GGAL - 24hs,6770.0,2025-05-09 15:11:37,14,2025-05-09 15:11:38.184,6760.0,4755,6750.0,16085,6740.0,5694,6730.0,126,6720.0,15555,6770.0,868,6780.0,1290,6790.0,10339,6800.0,1801,6820.0,1509,2025-05-09 15:11:38.084,,2147483647,389770,False,nan
3568,508307,1611237299,MERV - XMEV - GGAL - 24hs,6770.0,2025-05-09 15:11:38,3,2025-05-09 15:11:38.667,6760.0,4755,6750.0,16085,6740.0,5694,6730.0,126,6720.0,15555,6770.0,868,6780.0,1290,6790.0,10339,6800.0,1801,6820.0,1509,2025-05-09 15:11:38.583,,2147483647,389784,True,offer
3569,508346,1611237351,MERV - XMEV - GGAL - 24hs,6770.0,2025-05-09 15:11:38,3,2025-05-09 15:11:39.170,6760.0,4755,6750.0,16085,6740.0,5694,6730.0,126,6720.0,15555,6770.0,865,6780.0,1290,6790.0,11339,6800.0,1801,6820.0,1509,2025-05-09 15:11:39.083,,2147483647,389784,False,nan
3570,508388,1611237413,MERV - XMEV - GGAL - 24hs,6770.0,2025-05-09 15:11:38,3,2025-05-09 15:11:39.678,6760.0,4755,6750.0,16085,6740.0,5694,6730.0,126,6720.0,15555,6770.0,865,6780.0,1290,6790.0,11339,6800.0,1801,6820.0,1509,2025-05-09 15:11:39.583,,2147483647,389787,False,nan
3571,508554,1611237627,MERV - XMEV - GGAL - 24hs,6770.0,2025-05-09 15:11:38,3,2025-05-09 15:11:41.352,6760.0,4755,6750.0,16085,6740.0,5694,6730.0,126,6720.0,15555,6770.0,865,6780.0,1290,6790.0,11339,6800.0,1801,6820.0,1552,2025-05-09 15:11:41.270,,2147483647,389787,False,nan
3572,508725,1611237863,MERV - XMEV - GGAL - 24hs,6770.0,2025-05-09 15:11:43,17,2025-05-09 15:11:43.739,6760.0,4755,6750.0,16085,6740.0,5694,6730.0,126,6720.0,15555,6770.0,865,6780.0,1290,6790.0,11339,6800.0,1801,6820.0,1552,2025-05-09 15:11:43.655,,2147483647,389787,True,offer
3573,508789,1611237967,MERV - XMEV - GGAL - 24hs,6770.0,2025-05-09 15:11:43,17,2025-05-09 15:11:44.448,6760.0,4755,6750.0,16085,6740.0,5694,6730.0,126,6720.0,15555,6770.0,865,6780.0,1290,6790.0,11339,6800.0,1801,6820.0,1552,2025-05-09 15:11:44.356,,2147483647,389804,False,nan
3574,508879,1611238096,MERV - XMEV - GGAL - 24hs,6770.0,2025-05-09 15:11:43,17,2025-05-09 15:11:44.938,6760.0,4755,6750.0,16085,6740.0,5694,6730.0,126,6720.0,15555,6770.0,848,6780.0,1290,6790.0,11339,6800.0,1801,6820.0,1562,2025-05-09 15:11:44.855,,2147483647,389804,False,nan
3575,508918,1611238165,MERV - XMEV - GGAL - 24hs,6770.0,2025-05-09 15:11:43,17,2025-05-09 15:11:45.439,6760.0,4755,6750.0,16105,6740.0,5694,6730.0,126,6720.0,15555,6770.0,848,6780.0,1290,6790.0,11339,6800.0,1801,6820.0,1562,2025-05-09 15:11:45.357,,2147483647,389804,False,nan
3576,509208,1611238564,MERV - XMEV - GGAL - 24hs,6770.0,2025-05-09 15:11:43,17,2025-05-09 15:11:49.175,6760.0,4755,6750.0,16105,6740.0,5694,6730.0,126,6720.0,15555,6770.0,848,6780.0,1290,6790.0,9339,6800.0,1801,6820.0,1562,2025-05-09 15:11:49.092,,2147483647,389804,False,nan
3577,509325,1611238725,MERV - XMEV - GGAL - 24hs,6770.0,2025-05-09 15:11:43,17,2025-05-09 15:11:50.063,6760.0,3855,6750.0,16105,6740.0,5694,6730.0,126,6720.0,15555,6770.0,848,6780.0,1290,6790.0,11339,6800.0,1801,6820.0,1562,2025-05-09 15:11:49.813,,2147483647,389804,False,nan
3578,509409,1611238846,MERV - XMEV - GGAL - 24hs,6760.0,2025-05-09 15:11:51,7,2025-05-09 15:11:51.562,6760.0,3855,6750.0,16105,6740.0,5694,6730.0,126,6720.0,15555,6770.0,848,6780.0,1290,6790.0,11339,6800.0,1801,6820.0,1562,2025-05-09 15:11:51.388,,2147483647,389804,True,bid
3579,509481,1611238938,MERV - XMEV - GGAL - 24hs,6760.0,2025-05-09 15:11:51,7,2025-05-09 15:11:51.923,6760.0,3848,6750.0,16105,6740.0,5694,6730.0,126,6720.0,15555,6770.0,848,6780.0,1290,6790.0,11339,6800.0,1801,6820.0,1562,2025-05-09 15:11:51.835,,2147483647,389804,False,nan
3580,509576,1611239078,MERV - XMEV - GGAL - 24hs,6760.0,2025-05-09 15:11:51,7,2025-05-09 15:11:52.443,6760.0,3848,6750.0,16105,6740.0,5694,6730.0,126,6720.0,15555,6770.0,848,6780.0,1290,6790.0,11339,6800.0,1801,6820.0,1562,2025-05-09 15:11:52.334,,2147483647,389811,False,nan
3581,509651,1611239171,MERV - XMEV - GGAL - 24hs,6760.0,2025-05-09 15:11:51,7,2025-05-09 15:11:52.927,6760.0,3848,6750.0,16105,6740.0,5694,6730.0,571,6720.0,15109,6770.0,848,6780.0,1290,6790.0,8339,6800.0,1801,6820.0,1562,2025-05-09 15:11:52.835,,2147483647,389811,False,nan
3582,509802,1611239400,MERV - XMEV - GGAL - 24hs,6760.0,2025-05-09 15:11:51,7,2025-05-09 15:11:53.906,6760.0,3848,6750.0,16105,6740.0,5694,6730.0,571,6720.0,15109,6770.0,848,6780.0,1290,6790.0,12339,6800.0,1801,6820.0,1562,2025-05-09 15:11:53.823,,2147483647,389811,False,nan
3583,509848,1611239483,MERV - XMEV - GGAL - 24hs,6760.0,2025-05-09 15:11:51,7,2025-05-09 15:11:54.655,6760.0,3848,6750.0,16105,6740.0,5694,6730.0,571,6720.0,15109,6770.0,848,6780.0,1290,6790.0,13339,6800.0,1801,6820.0,1562,2025-05-09 15:11:54.573,,2147483647,389811,False,nan
3584,509928,1611239606,MERV - XMEV - GGAL - 24hs,6760.0,2025-05-09 15:11:55,3,2025-05-09 15:11:55.579,6760.0,3848,6750.0,16105,6740.0,5694,6730.0,571,6720.0,15109,6770.0,848,6780.0,1290,6790.0,13339,6800.0,1801,6820.0,1562,2025-05-09 15:11:55.496,,2147483647,389811,True,bid
3585,509968,1611239660,MERV - XMEV - GGAL - 24hs,6760.0,2025-05-09 15:11:55,17,2025-05-09 15:11:56.080,6760.0,3848,6750.0,16105,6740.0,5694,6730.0,571,6720.0,15109,6770.0,848,6780.0,1290,6790.0,13339,6800.0,1801,6820.0,1562,2025-05-09 15:11:55.997,,2147483647,389814,False,nan
3586,510080,1611239818,MERV - XMEV - GGAL - 24hs,6760.0,2025-05-09 15:11:55,17,2025-05-09 15:11:56.684,6760.0,3828,6750.0,16105,6740.0,5694,6730.0,571,6720.0,15109,6770.0,820,6780.0,1290,6790.0,13339,6800.0,1801,6820.0,1562,2025-05-09 15:11:56.496,,2147483647,389859,False,nan
3587,510290,1611240078,MERV - XMEV - GGAL - 24hs,6760.0,2025-05-09 15:11:55,17,2025-05-09 15:11:57.656,6760.0,3828,6750.0,16105,6740.0,5694,6730.0,126,6720.0,15555,6770.0,820,6780.0,1290,6790.0,13339,6800.0,1801,6820.0,1562,2025-05-09 15:11:57.448,,2147483647,389859,False,nan
3588,510373,1611240204,MERV - XMEV - GGAL - 24hs,6760.0,2025-05-09 15:11:55,17,2025-05-09 15:11:58.665,6760.0,4328,6750.0,16105,6740.0,5694,6730.0,126,6720.0,15555,6770.0,820,6780.0,1290,6790.0,13339,6800.0,1801,6820.0,1562,2025-05-09 15:11:58.579,,2147483647,389859,False,nan
3589,510785,1611240830,MERV - XMEV - GGAL - 24hs,6770.0,2025-05-09 15:12:03,4,2025-05-09 15:12:03.489,6760.0,4328,6750.0,16105,6740.0,5694,6730.0,126,6720.0,15555,6770.0,820,6780.0,1290,6790.0,13339,6800.0,1801,6820.0,1562,2025-05-09 15:12:03.405,,2147483647,389859,True,offer
3590,510844,1611240908,MERV - XMEV - GGAL - 24hs,6770.0,2025-05-09 15:12:03,4,2025-05-09 15:12:03.991,6760.0,4328,6750.0,16105,6740.0,5694,6730.0,3571,6720.0,15109,6770.0,816,6780.0,1290,6790.0,13339,6800.0,1801,6820.0,1562,2025-05-09 15:12:03.905,,2147483647,389859,False,nan
3591,510894,1611240981,MERV - XMEV - GGAL - 24hs,6770.0,2025-05-09 15:12:03,4,2025-05-09 15:12:04.488,6760.0,4328,6750.0,16105,6740.0,5694,6730.0,3571,6720.0,15109,6770.0,816,6780.0,1290,6790.0,13339,6800.0,1801,6820.0,1562,2025-05-09 15:12:04.405,,2147483647,389863,False,nan
3592,510936,1611241032,MERV - XMEV - GGAL - 24hs,6770.0,2025-05-09 15:12:03,4,2025-05-09 15:12:05.038,6760.0,4328,6750.0,16105,6740.0,5694,6730.0,3871,6720.0,15109,6770.0,816,6780.0,1290,6790.0,13339,6800.0,1801,6820.0,1562,2025-05-09 15:12:04.950,,2147483647,389863,False,nan
3593,511177,1611241367,MERV - XMEV - GGAL - 24hs,6770.0,2025-05-09 15:12:03,4,2025-05-09 15:12:07.541,6760.0,4328,6750.0,16105,6740.0,5694,6730.0,3871,6720.0,15109,6770.0,816,6780.0,1290,6790.0,9339,6800.0,1801,6820.0,1562,2025-05-09 15:12:07.455,,2147483647,389863,False,nan
3594,511265,1611241476,MERV - XMEV - GGAL - 24hs,6770.0,2025-05-09 15:12:03,4,2025-05-09 15:12:08.274,6760.0,4328,6750.0,16105,6740.0,5694,6730.0,3871,6720.0,15109,6770.0,816,6780.0,1290,6790.0,14339,6800.0,1801,6820.0,1562,2025-05-09 15:12:08.186,,2147483647,389863,False,nan
3595,511679,1611242037,MERV - XMEV - GGAL - 24hs,6770.0,2025-05-09 15:12:03,4,2025-05-09 15:12:12.330,6760.0,4335,6750.0,16105,6740.0,5694,6730.0,3871,6720.0,15109,6770.0,816,6780.0,1290,6790.0,14339,6800.0,1801,6820.0,1562,2025-05-09 15:12:12.238,,2147483647,389863,False,nan
3596,511785,1611242185,MERV - XMEV - GGAL - 24hs,6770.0,2025-05-09 15:12:13,14,2025-05-09 15:12:13.647,6760.0,4335,6750.0,16105,6740.0,5694,6730.0,3871,6720.0,15109,6770.0,816,6780.0,1290,6790.0,14339,6800.0,1801,6820.0,1562,2025-05-09 15:12:13.564,,2147483647,389863,True,offer
3597,511836,1611242259,MERV - XMEV - GGAL - 24hs,6770.0,2025-05-09 15:12:13,14,2025-05-09 15:12:14.314,6760.0,4335,6750.0,16120,6740.0,5694,6730.0,3871,6720.0,15109,6770.0,802,6780.0,1290,6790.0,14339,6800.0,1801,6820.0,1562,2025-05-09 15:12:14.230,,2147483647,389863,False,nan
3598,511881,1611242323,MERV - XMEV - GGAL - 24hs,6770.0,2025-05-09 15:12:13,14,2025-05-09 15:12:14.823,6760.0,4335,6750.0,16120,6740.0,5694,6730.0,3871,6720.0,15109,6770.0,802,6780.0,1290,6790.0,14339,6800.0,1801,6820.0,1562,2025-05-09 15:12:14.733,,2147483647,389877,False,nan
3599,511990,1611242476,MERV - XMEV - GGAL - 24hs,6770.0,2025-05-09 15:12:13,14,2025-05-09 15:12:16.112,6760.0,4335,6750.0,16120,6740.0,5694,6730.0,3426,6720.0,15555,6770.0,802,6780.0,1290,6790.0,14339,6800.0,1801,6820.0,1562,2025-05-09 15:12:16.029,,2147483647,389877,False,nan
3600,512221,1611242807,MERV - XMEV - GGAL - 24hs,6770.0,2025-05-09 15:12:13,14,2025-05-09 15:12:17.616,6760.0,4335,6750.0,16120,6740.0,5694,6730.0,3426,6720.0,15555,6770.0,802,6780.0,1290,6790.0,15339,6800.0,1801,6820.0,1562,2025-05-09 15:12:17.381,,2147483647,389877,False,nan
3601,512282,1611242888,MERV - XMEV - GGAL - 24hs,6770.0,2025-05-09 15:12:17,10,2025-05-09 15:12:17.964,6760.0,4335,6750.0,16120,6740.0,5694,6730.0,3426,6720.0,15555,6770.0,802,6780.0,1290,6790.0,15339,6800.0,1801,6820.0,1562,2025-05-09 15:12:17.881,,2147483647,389877,True,offer
3602,512383,1611243021,MERV - XMEV - GGAL - 24hs,6770.0,2025-05-09 15:12:17,10,2025-05-09 15:12:18.498,6760.0,4335,6750.0,16120,6740.0,5694,6730.0,3426,6720.0,15555,6770.0,792,6780.0,1290,6790.0,15339,6800.0,1801,6820.0,1562,2025-05-09 15:12:18.402,,2147483647,389877,False,nan
3603,512440,1611243108,MERV - XMEV - GGAL - 24hs,6770.0,2025-05-09 15:12:17,10,2025-05-09 15:12:18.985,6760.0,4335,6750.0,16120,6740.0,5694,6730.0,3426,6720.0,15555,6770.0,792,6780.0,1290,6790.0,15339,6800.0,1801,6820.0,1562,2025-05-09 15:12:18.902,,2147483647,389887,False,nan
3604,512568,1611243300,MERV - XMEV - GGAL - 24hs,6770.0,2025-05-09 15:12:17,10,2025-05-09 15:12:19.766,6760.0,6335,6750.0,16120,6740.0,5694,6730.0,3426,6720.0,15555,6770.0,792,6780.0,1290,6790.0,15339,6800.0,1801,6820.0,1562,2025-05-09 15:12:19.607,,2147483647,389887,False,nan
3605,513045,1611243950,MERV - XMEV - GGAL - 24hs,6770.0,2025-05-09 15:12:24,239,2025-05-09 15:12:24.438,6760.0,6335,6750.0,16120,6740.0,5694,6730.0,3426,6720.0,15555,6770.0,792,6780.0,1290,6790.0,15339,6800.0,1801,6820.0,1562,2025-05-09 15:12:24.248,,2147483647,389887,True,offer
3606,513125,1611244054,MERV - XMEV - GGAL - 24hs,6770.0,2025-05-09 15:12:24,239,2025-05-09 15:12:25.007,6760.0,6335,6750.0,16105,6740.0,5709,6730.0,3871,6720.0,15109,6770.0,553,6780.0,1290,6790.0,15339,6800.0,1801,6820.0,1562,2025-05-09 15:12:24.916,,2147483647,389887,False,nan
3607,513160,1611244110,MERV - XMEV - GGAL - 24hs,6770.0,2025-05-09 15:12:24,239,2025-05-09 15:12:25.500,6760.0,6335,6750.0,16105,6740.0,5709,6730.0,3871,6720.0,15109,6770.0,553,6780.0,1290,6790.0,15339,6800.0,1801,6820.0,1562,2025-05-09 15:12:25.416,,2147483647,390126,False,nan
3608,513315,1611244322,MERV - XMEV - GGAL - 24hs,6760.0,2025-05-09 15:12:26,8,2025-05-09 15:12:26.994,6760.0,6335,6750.0,16105,6740.0,5709,6730.0,3871,6720.0,15109,6770.0,553,6780.0,1290,6790.0,15339,6800.0,1801,6820.0,1562,2025-05-09 15:12:26.906,,2147483647,390126,True,bid
3609,513380,1611244412,MERV - XMEV - GGAL - 24hs,6760.0,2025-05-09 15:12:26,8,2025-05-09 15:12:27.660,6760.0,6327,6750.0,16105,6740.0,5709,6730.0,3871,6720.0,15109,6770.0,553,6780.0,1290,6790.0,15339,6800.0,1801,6820.0,1562,2025-05-09 15:12:27.573,,2147483647,390126,False,nan
3610,513431,1611244482,MERV - XMEV - GGAL - 24hs,6760.0,2025-05-09 15:12:26,8,2025-05-09 15:12:28.157,6760.0,6327,6750.0,16105,6740.0,5709,6730.0,3871,6720.0,15109,6770.0,553,6780.0,1290,6790.0,15339,6800.0,1801,6820.0,1562,2025-05-09 15:12:28.073,,2147483647,390134,False,nan
3611,513557,1611244670,MERV - XMEV - GGAL - 24hs,6760.0,2025-05-09 15:12:26,8,2025-05-09 15:12:29.898,6760.0,6327,6750.0,16105,6740.0,5709,6730.0,3871,6720.0,15109,6770.0,553,6780.0,1290,6790.0,16339,6800.0,1801,6820.0,1562,2025-05-09 15:12:29.812,,2147483647,390134,False,nan
3612,513699,1611244857,MERV - XMEV - GGAL - 24hs,6760.0,2025-05-09 15:12:26,8,2025-05-09 15:12:31.745,6760.0,6327,6750.0,16105,6740.0,5709,6730.0,3426,6720.0,15555,6770.0,553,6780.0,1290,6790.0,16339,6800.0,1801,6820.0,1562,2025-05-09 15:12:31.662,,2147483647,390134,False,nan
3613,513746,1611244914,MERV - XMEV - GGAL - 24hs,6760.0,2025-05-09 15:12:31,1,2025-05-09 15:12:32.245,6760.0,6327,6750.0,16105,6740.0,5709,6730.0,3426,6720.0,15555,6770.0,553,6780.0,1290,6790.0,16339,6800.0,1801,6820.0,1562,2025-05-09 15:12:32.163,,2147483647,390134,True,bid
3614,513846,1611245046,MERV - XMEV - GGAL - 24hs,6760.0,2025-05-09 15:12:31,1,2025-05-09 15:12:32.763,6760.0,6326,6750.0,16105,6740.0,5709,6730.0,3426,6720.0,15555,6770.0,553,6780.0,1290,6790.0,16339,6800.0,1801,6820.0,1562,2025-05-09 15:12:32.663,,2147483647,390135,False,nan
3615,514070,1611245344,MERV - XMEV - GGAL - 24hs,6760.0,2025-05-09 15:12:31,1,2025-05-09 15:12:35.372,6760.0,6326,6750.0,16105,6740.0,5709,6730.0,426,6720.0,18555,6770.0,8436,6780.0,1290,6790.0,456,6800.0,1801,6810.0,5000,2025-05-09 15:12:35.289,,2147483647,390135,False,nan
3616,514133,1611245447,MERV - XMEV - GGAL - 24hs,6760.0,2025-05-09 15:12:31,1,2025-05-09 15:12:36.093,6760.0,6327,6750.0,16105,6740.0,5709,6730.0,426,6720.0,18555,6770.0,7436,6780.0,1290,6790.0,456,6800.0,1801,6810.0,5000,2025-05-09 15:12:36.010,,2147483647,390135,False,nan
3617,514305,1611245705,MERV - XMEV - GGAL - 24hs,6760.0,2025-05-09 15:12:31,1,2025-05-09 15:12:37.829,6760.0,6327,6750.0,16105,6740.0,5709,6730.0,426,6720.0,18555,6770.0,9436,6780.0,1290,6790.0,456,6800.0,1801,6810.0,5000,2025-05-09 15:12:37.746,,2147483647,390135,False,nan
3618,514704,1611246255,MERV - XMEV - GGAL - 24hs,6760.0,2025-05-09 15:12:31,1,2025-05-09 15:12:42.055,6760.0,6077,6750.0,16105,6740.0,5709,6730.0,426,6720.0,555,6770.0,7436,6780.0,1290,6790.0,456,6800.0,1801,6810.0,5000,2025-05-09 15:12:41.968,,2147483647,390135,False,nan
3619,514875,1611246478,MERV - XMEV - GGAL - 24hs,6760.0,2025-05-09 15:12:31,1,2025-05-09 15:12:43.646,6760.0,8077,6750.0,16105,6740.0,3709,6730.0,426,6720.0,555,6770.0,10436,6780.0,1290,6790.0,456,6800.0,1801,6810.0,5000,2025-05-09 15:12:43.561,,2147483647,390135,False,nan
3620,514966,1611246601,MERV - XMEV - GGAL - 24hs,6760.0,2025-05-09 15:12:31,1,2025-05-09 15:12:44.434,6760.0,8077,6750.0,16105,6740.0,3709,6730.0,426,6720.0,555,6770.0,12436,6780.0,1290,6790.0,456,6800.0,1801,6810.0,5000,2025-05-09 15:12:44.347,,2147483647,390135,False,nan
3621,515322,1611247074,MERV - XMEV - GGAL - 24hs,6770.0,2025-05-09 15:12:48,370,2025-05-09 15:12:48.549,6760.0,8077,6750.0,16105,6740.0,3709,6730.0,426,6720.0,555,6770.0,12436,6780.0,1290,6790.0,456,6800.0,1801,6810.0,5000,2025-05-09 15:12:48.467,,2147483647,390135,True,offer
3622,515389,1611247164,MERV - XMEV - GGAL - 24hs,6770.0,2025-05-09 15:12:48,370,2025-05-09 15:12:49.222,6760.0,8077,6750.0,16105,6740.0,3709,6730.0,426,6720.0,555,6770.0,12066,6780.0,1290,6790.0,456,6800.0,1801,6810.0,5000,2025-05-09 15:12:49.133,,2147483647,390135,False,nan
3623,515423,1611247213,MERV - XMEV - GGAL - 24hs,6770.0,2025-05-09 15:12:49,1,2025-05-09 15:12:49.719,6760.0,8077,6750.0,16105,6740.0,3709,6730.0,426,6720.0,555,6770.0,12066,6780.0,1290,6790.0,456,6800.0,1801,6810.0,5000,2025-05-09 15:12:49.634,,2147483647,390505,True,offer
3624,515469,1611247276,MERV - XMEV - GGAL - 24hs,6770.0,2025-05-09 15:12:49,1,2025-05-09 15:12:50.243,6760.0,8077,6750.0,16105,6740.0,3709,6730.0,426,6720.0,555,6770.0,10065,6780.0,1290,6790.0,456,6800.0,1801,6810.0,5000,2025-05-09 15:12:50.150,,2147483647,390505,False,nan
3625,515516,1611247334,MERV - XMEV - GGAL - 24hs,6770.0,2025-05-09 15:12:50,14,2025-05-09 15:12:50.734,6760.0,8077,6750.0,16105,6740.0,3709,6730.0,426,6720.0,555,6770.0,10065,6780.0,1290,6790.0,456,6800.0,1801,6810.0,5000,2025-05-09 15:12:50.650,,2147483647,390506,True,offer
3626,515559,1611247399,MERV - XMEV - GGAL - 24hs,6770.0,2025-05-09 15:12:50,14,2025-05-09 15:12:51.311,6760.0,8077,6750.0,16105,6740.0,3709,6730.0,426,6720.0,555,6770.0,14051,6780.0,1290,6790.0,456,6800.0,1801,6810.0,5000,2025-05-09 15:12:51.228,,2147483647,390506,False,nan
3627,515599,1611247451,MERV - XMEV - GGAL - 24hs,6770.0,2025-05-09 15:12:50,14,2025-05-09 15:12:51.810,6760.0,8077,6750.0,16105,6740.0,3709,6730.0,426,6720.0,555,6770.0,14051,6780.0,1290,6790.0,456,6800.0,1801,6810.0,5000,2025-05-09 15:12:51.728,,2147483647,390520,False,nan
3628,515639,1611247504,MERV - XMEV - GGAL - 24hs,6770.0,2025-05-09 15:12:50,14,2025-05-09 15:12:52.323,6760.0,8077,6750.0,16105,6740.0,3709,6730.0,426,6720.0,555,6770.0,15051,6780.0,1290,6790.0,456,6800.0,1801,6810.0,5000,2025-05-09 15:12:52.228,,2147483647,390520,False,nan
3629,515699,1611247580,MERV - XMEV - GGAL - 24hs,6770.0,2025-05-09 15:12:50,14,2025-05-09 15:12:53.132,6760.0,8077,6750.0,16105,6740.0,3709,6730.0,426,6720.0,555,6770.0,15051,6780.0,1291,6790.0,456,6800.0,1801,6810.0,5000,2025-05-09 15:12:53.044,,2147483647,390520,False,nan
3630,515884,1611247834,MERV - XMEV - GGAL - 24hs,6770.0,2025-05-09 15:12:50,14,2025-05-09 15:12:54.647,6760.0,8077,6750.0,16105,6740.0,3709,6730.0,426,6720.0,555,6770.0,12051,6780.0,1291,6790.0,456,6800.0,1801,6810.0,5000,2025-05-09 15:12:54.565,,2147483647,390520,False,nan
3631,515946,1611247916,MERV - XMEV - GGAL - 24hs,6770.0,2025-05-09 15:12:50,14,2025-05-09 15:12:55.425,6760.0,8077,6750.0,16105,6740.0,3709,6730.0,426,6720.0,555,6770.0,17051,6780.0,1291,6790.0,456,6800.0,1801,6810.0,5000,2025-05-09 15:12:55.340,,2147483647,390520,False,nan
3632,516011,1611248000,MERV - XMEV - GGAL - 24hs,6770.0,2025-05-09 15:12:50,14,2025-05-09 15:12:56.195,6760.0,8077,6750.0,16105,6740.0,3709,6730.0,426,6720.0,555,6770.0,12051,6780.0,1291,6790.0,456,6800.0,1801,6810.0,5000,2025-05-09 15:12:56.088,,2147483647,390520,False,nan
3633,516059,1611248069,MERV - XMEV - GGAL - 24hs,6760.0,2025-05-09 15:12:56,1500,2025-05-09 15:12:56.675,6760.0,8077,6750.0,16105,6740.0,3709,6730.0,426,6720.0,555,6770.0,12051,6780.0,1291,6790.0,456,6800.0,1801,6810.0,5000,2025-05-09 15:12:56.588,,2147483647,390520,True,bid
3634,516098,1611248135,MERV - XMEV - GGAL - 24hs,6760.0,2025-05-09 15:12:56,1500,2025-05-09 15:12:57.175,6760.0,6577,6750.0,16105,6740.0,3709,6730.0,426,6720.0,555,6770.0,12051,6780.0,1291,6790.0,456,6800.0,301,6810.0,5000,2025-05-09 15:12:57.092,,2147483647,392020,False,nan
3635,516296,1611248408,MERV - XMEV - GGAL - 24hs,6760.0,2025-05-09 15:12:56,1500,2025-05-09 15:12:59.508,6760.0,6577,6750.0,16105,6740.0,3709,6730.0,426,6720.0,555,6770.0,19051,6780.0,1291,6790.0,456,6800.0,301,6810.0,5000,2025-05-09 15:12:59.425,,2147483647,392020,False,nan
3636,516531,1611248717,MERV - XMEV - GGAL - 24hs,6760.0,2025-05-09 15:13:00,2064,2025-05-09 15:13:01.267,6760.0,6577,6750.0,16105,6740.0,3709,6730.0,426,6720.0,555,6770.0,19051,6780.0,1291,6790.0,456,6800.0,301,6810.0,5000,2025-05-09 15:13:01.067,,2147483647,392020,True,bid
3637,516622,1611248848,MERV - XMEV - GGAL - 24hs,6760.0,2025-05-09 15:13:00,2000,2025-05-09 15:13:01.652,6760.0,6577,6750.0,16105,6740.0,3709,6730.0,426,6720.0,555,6770.0,19051,6780.0,1291,6790.0,456,6800.0,301,6810.0,5000,2025-05-09 15:13:01.567,,2147483647,392020,False,nan
3638,516691,1611248937,MERV - XMEV - GGAL - 24hs,6760.0,2025-05-09 15:13:01,42,2025-05-09 15:13:02.159,6750.0,16105,6740.0,3709,6730.0,426,6720.0,109,6710.0,4170,6760.0,7423,6770.0,3051,6780.0,1291,6790.0,456,6800.0,301,2025-05-09 15:13:02.067,,2147483647,398597,True,bid
3639,516764,1611249030,MERV - XMEV - GGAL - 24hs,6760.0,2025-05-09 15:13:01,42,2025-05-09 15:13:02.828,6750.0,16105,6740.0,3709,6730.0,426,6720.0,109,6710.0,4170,6760.0,7423,6770.0,3051,6780.0,1291,6790.0,456,6800.0,301,2025-05-09 15:13:02.734,,2147483647,398639,False,nan
3640,516880,1611249193,MERV - XMEV - GGAL - 24hs,6760.0,2025-05-09 15:13:01,42,2025-05-09 15:13:03.323,6750.0,16105,6740.0,3709,6730.0,426,6720.0,109,6710.0,4170,6760.0,7381,6770.0,3051,6780.0,1291,6790.0,456,6800.0,301,2025-05-09 15:13:03.235,,2147483647,398639,False,nan
3641,517181,1611249598,MERV - XMEV - GGAL - 24hs,6760.0,2025-05-09 15:13:01,42,2025-05-09 15:13:05.379,6750.0,16105,6740.0,3709,6730.0,426,6720.0,109,6710.0,4170,6760.0,11000,6770.0,3051,6780.0,1291,6790.0,456,6800.0,301,2025-05-09 15:13:05.254,,2147483647,398639,False,nan
3642,517270,1611249733,MERV - XMEV - GGAL - 24hs,6760.0,2025-05-09 15:13:01,42,2025-05-09 15:13:06.634,6750.0,16105,6740.0,3709,6730.0,426,6720.0,109,6710.0,4170,6760.0,15000,6770.0,3051,6780.0,1291,6790.0,456,6800.0,301,2025-05-09 15:13:06.541,,2147483647,398639,False,nan
3643,517375,1611249883,MERV - XMEV - GGAL - 24hs,6760.0,2025-05-09 15:13:01,42,2025-05-09 15:13:07.168,6750.0,16105,6740.0,3709,6730.0,426,6720.0,109,6710.0,4170,6760.0,3311,6770.0,3051,6780.0,980,6790.0,456,6800.0,301,2025-05-09 15:13:07.083,,2147483647,398639,False,nan
3644,517408,1611249933,MERV - XMEV - GGAL - 24hs,6760.0,2025-05-09 15:13:07,1,2025-05-09 15:13:07.660,6750.0,16105,6740.0,3709,6730.0,426,6720.0,109,6710.0,4170,6760.0,3311,6770.0,3051,6780.0,980,6790.0,456,6800.0,301,2025-05-09 15:13:07.577,,2147483647,398653,True,offer
3645,517448,1611249988,MERV - XMEV - GGAL - 24hs,6760.0,2025-05-09 15:13:07,1,2025-05-09 15:13:08.159,6750.0,16105,6740.0,3709,6730.0,426,6720.0,109,6710.0,4170,6760.0,3296,6770.0,3051,6780.0,980,6790.0,456,6800.0,301,2025-05-09 15:13:08.077,,2147483647,398654,False,nan
3646,517531,1611250095,MERV - XMEV - GGAL - 24hs,6760.0,2025-05-09 15:13:07,1,2025-05-09 15:13:09.062,6750.0,16105,6740.0,3709,6730.0,426,6720.0,109,6710.0,4170,6760.0,6311,6770.0,3051,6780.0,980,6790.0,456,6800.0,301,2025-05-09 15:13:08.980,,2147483647,398654,False,nan
3647,517595,1611250177,MERV - XMEV - GGAL - 24hs,6760.0,2025-05-09 15:13:07,1,2025-05-09 15:13:09.808,6750.0,16105,6740.0,3709,6730.0,426,6720.0,109,6710.0,4170,6760.0,5311,6770.0,3051,6780.0,980,6790.0,456,6800.0,301,2025-05-09 15:13:09.724,,2147483647,398654,False,nan
3648,518046,1611250811,MERV - XMEV - GGAL - 24hs,6760.0,2025-05-09 15:13:07,1,2025-05-09 15:13:13.599,6750.0,16105,6740.0,3709,6730.0,428,6720.0,109,6710.0,4170,6760.0,5311,6770.0,3051,6780.0,980,6790.0,456,6800.0,301,2025-05-09 15:13:13.506,,2147483647,398654,False,nan
3649,518091,1611250871,MERV - XMEV - GGAL - 24hs,6760.0,2025-05-09 15:13:07,1,2025-05-09 15:13:14.238,6750.0,16105,6740.0,3709,6730.0,428,6720.0,109,6710.0,4170,6760.0,5645,6770.0,3051,6780.0,980,6790.0,456,6800.0,301,2025-05-09 15:13:14.155,,2147483647,398654,False,nan
3650,518241,1611251081,MERV - XMEV - GGAL - 24hs,6760.0,2025-05-09 15:13:07,1,2025-05-09 15:13:16.031,6750.0,13105,6740.0,6709,6730.0,428,6720.0,109,6710.0,4170,6760.0,5645,6770.0,3051,6780.0,980,6790.0,456,6800.0,301,2025-05-09 15:13:15.943,,2147483647,398654,False,nan
3651,518345,1611251265,MERV - XMEV - GGAL - 24hs,6750.0,2025-05-09 15:13:16,3,2025-05-09 15:13:17.059,6750.0,13105,6740.0,6709,6730.0,428,6720.0,109,6710.0,4170,6760.0,5645,6770.0,3051,6780.0,980,6790.0,456,6800.0,301,2025-05-09 15:13:16.948,,2147483647,398654,True,bid
3652,518413,1611251364,MERV - XMEV - GGAL - 24hs,6750.0,2025-05-09 15:13:16,3,2025-05-09 15:13:17.808,6750.0,13102,6740.0,6709,6730.0,428,6720.0,109,6710.0,4170,6760.0,5645,6770.0,3051,6780.0,980,6790.0,456,6800.0,5301,2025-05-09 15:13:17.703,,2147483647,398654,False,nan
3653,518468,1611251433,MERV - XMEV - GGAL - 24hs,6750.0,2025-05-09 15:13:16,3,2025-05-09 15:13:18.285,6750.0,13102,6740.0,6709,6730.0,428,6720.0,109,6710.0,4170,6760.0,5645,6770.0,3051,6780.0,980,6790.0,456,6800.0,5301,2025-05-09 15:13:18.201,,2147483647,398657,False,nan
3654,518513,1611251491,MERV - XMEV - GGAL - 24hs,6750.0,2025-05-09 15:13:16,3,2025-05-09 15:13:18.801,6750.0,13102,6740.0,6709,6730.0,428,6720.0,109,6710.0,4170,6760.0,6145,6770.0,3051,6780.0,980,6790.0,456,6800.0,5301,2025-05-09 15:13:18.718,,2147483647,398657,False,nan
3655,518681,1611251731,MERV - XMEV - GGAL - 24hs,6760.0,2025-05-09 15:13:20,7,2025-05-09 15:13:20.648,6750.0,13102,6740.0,6709,6730.0,428,6720.0,109,6710.0,4170,6760.0,6145,6770.0,3051,6780.0,980,6790.0,456,6800.0,5301,2025-05-09 15:13:20.565,,2147483647,398657,True,offer
3656,518737,1611251817,MERV - XMEV - GGAL - 24hs,6760.0,2025-05-09 15:13:20,7,2025-05-09 15:13:21.314,6750.0,13102,6740.0,6709,6730.0,428,6720.0,109,6710.0,4170,6760.0,6138,6770.0,3051,6780.0,980,6790.0,456,6800.0,5301,2025-05-09 15:13:21.230,,2147483647,398657,False,nan
3657,518768,1611251855,MERV - XMEV - GGAL - 24hs,6760.0,2025-05-09 15:13:20,7,2025-05-09 15:13:21.812,6750.0,13102,6740.0,6709,6730.0,428,6720.0,109,6710.0,4170,6760.0,6138,6770.0,3051,6780.0,980,6790.0,456,6800.0,5301,2025-05-09 15:13:21.730,,2147483647,398664,False,nan
3658,519060,1611252279,MERV - XMEV - GGAL - 24hs,6760.0,2025-05-09 15:13:20,7,2025-05-09 15:13:25.615,6750.0,13102,6740.0,6709,6730.0,428,6720.0,109,6710.0,4170,6760.0,7138,6770.0,3173,6780.0,980,6790.0,456,6800.0,5301,2025-05-09 15:13:25.532,,2147483647,398664,False,nan
3659,519613,1611253034,MERV - XMEV - GGAL - 24hs,6750.0,2025-05-09 15:13:31,196,2025-05-09 15:13:31.548,6750.0,13102,6740.0,6709,6730.0,428,6720.0,109,6710.0,4170,6760.0,7138,6770.0,3173,6780.0,980,6790.0,456,6800.0,5301,2025-05-09 15:13:31.465,,2147483647,398664,True,bid
3660,519654,1611253091,MERV - XMEV - GGAL - 24hs,6750.0,2025-05-09 15:13:31,67,2025-05-09 15:13:32.048,6750.0,13102,6740.0,6709,6730.0,428,6720.0,109,6710.0,4170,6760.0,7138,6770.0,3173,6780.0,980,6790.0,456,6800.0,5301,2025-05-09 15:13:31.965,,2147483647,399323,False,nan
3661,519723,1611253182,MERV - XMEV - GGAL - 24hs,6750.0,2025-05-09 15:13:31,67,2025-05-09 15:13:32.575,6750.0,12339,6740.0,6709,6730.0,428,6720.0,109,6710.0,4170,6760.0,7138,6770.0,3173,6780.0,980,6790.0,456,6800.0,5301,2025-05-09 15:13:32.465,,2147483647,399427,False,nan
3662,520016,1611253613,MERV - XMEV - GGAL - 24hs,6760.0,2025-05-09 15:13:34,6,2025-05-09 15:13:34.215,6750.0,12339,6740.0,6709,6730.0,428,6720.0,109,6710.0,4170,6760.0,7138,6770.0,3173,6780.0,980,6790.0,456,6800.0,5301,2025-05-09 15:13:34.044,,2147483647,399427,True,offer
3663,520103,1611253745,MERV - XMEV - GGAL - 24hs,6760.0,2025-05-09 15:13:34,6,2025-05-09 15:13:34.796,6750.0,12339,6740.0,6709,6730.0,428,6720.0,109,6710.0,4170,6760.0,2132,6770.0,3173,6780.0,980,6790.0,456,6800.0,5301,2025-05-09 15:13:34.705,,2147483647,399427,False,nan
3664,520172,1611253841,MERV - XMEV - GGAL - 24hs,6760.0,2025-05-09 15:13:34,6,2025-05-09 15:13:35.288,6750.0,12339,6740.0,6709,6730.0,428,6720.0,109,6710.0,4170,6760.0,2132,6770.0,3173,6780.0,980,6790.0,456,6800.0,5301,2025-05-09 15:13:35.205,,2147483647,399433,False,nan
3665,520262,1611253982,MERV - XMEV - GGAL - 24hs,6760.0,2025-05-09 15:13:34,6,2025-05-09 15:13:36.199,6750.0,12339,6740.0,6709,6730.0,428,6720.0,109,6710.0,4170,6760.0,4132,6770.0,3173,6780.0,980,6790.0,456,6800.0,5301,2025-05-09 15:13:36.117,,2147483647,399433,False,nan
3666,520376,1611254202,MERV - XMEV - GGAL - 24hs,6750.0,2025-05-09 15:13:37,29,2025-05-09 15:13:37.698,6750.0,12339,6740.0,6709,6730.0,428,6720.0,109,6710.0,4170,6760.0,4132,6770.0,3173,6780.0,980,6790.0,456,6800.0,5301,2025-05-09 15:13:37.616,,2147483647,399433,True,bid
3667,520423,1611254279,MERV - XMEV - GGAL - 24hs,6750.0,2025-05-09 15:13:37,29,2025-05-09 15:13:38.363,6750.0,12310,6740.0,6710,6730.0,428,6720.0,109,6710.0,4170,6760.0,4132,6770.0,3173,6780.0,980,6790.0,456,6800.0,5301,2025-05-09 15:13:38.280,,2147483647,399433,False,nan
3668,520463,1611254337,MERV - XMEV - GGAL - 24hs,6750.0,2025-05-09 15:13:37,29,2025-05-09 15:13:38.873,6750.0,12310,6740.0,6710,6730.0,428,6720.0,109,6710.0,4170,6760.0,4132,6770.0,3173,6780.0,980,6790.0,456,6800.0,5301,2025-05-09 15:13:38.780,,2147483647,399462,False,nan
3669,520570,1611254485,MERV - XMEV - GGAL - 24hs,6750.0,2025-05-09 15:13:37,29,2025-05-09 15:13:39.982,6750.0,12310,6740.0,6710,6730.0,428,6720.0,109,6710.0,4170,6760.0,6132,6770.0,3173,6780.0,980,6790.0,456,6800.0,5301,2025-05-09 15:13:39.897,,2147483647,399462,False,nan
3670,520667,1611254611,MERV - XMEV - GGAL - 24hs,6750.0,2025-05-09 15:13:37,29,2025-05-09 15:13:40.848,6750.0,12310,6740.0,6710,6730.0,428,6720.0,109,6710.0,4170,6760.0,8132,6770.0,3173,6780.0,980,6790.0,456,6800.0,5301,2025-05-09 15:13:40.762,,2147483647,399462,False,nan
3671,520824,1611254836,MERV - XMEV - GGAL - 24hs,6760.0,2025-05-09 15:13:42,15,2025-05-09 15:13:42.283,6750.0,12310,6740.0,6710,6730.0,428,6720.0,109,6710.0,4170,6760.0,8132,6770.0,3173,6780.0,980,6790.0,456,6800.0,5301,2025-05-09 15:13:42.034,,2147483647,399462,True,offer
3672,520869,1611254904,MERV - XMEV - GGAL - 24hs,6760.0,2025-05-09 15:13:42,15,2025-05-09 15:13:42.782,6750.0,12310,6740.0,6710,6730.0,428,6720.0,109,6710.0,4170,6760.0,8117,6770.0,3173,6780.0,980,6790.0,456,6800.0,5301,2025-05-09 15:13:42.699,,2147483647,399462,False,nan
3673,520904,1611254948,MERV - XMEV - GGAL - 24hs,6760.0,2025-05-09 15:13:42,15,2025-05-09 15:13:43.282,6750.0,12310,6740.0,6710,6730.0,428,6720.0,109,6710.0,4170,6760.0,8117,6770.0,3173,6780.0,980,6790.0,456,6800.0,5301,2025-05-09 15:13:43.199,,2147483647,399477,False,nan
3674,521251,1611255466,MERV - XMEV - GGAL - 24hs,6760.0,2025-05-09 15:13:42,15,2025-05-09 15:13:46.885,6750.0,12910,6740.0,6710,6730.0,428,6720.0,109,6710.0,4170,6760.0,9117,6770.0,3173,6780.0,980,6790.0,456,6800.0,5301,2025-05-09 15:13:46.803,,2147483647,399477,False,nan
3675,521401,1611255664,MERV - XMEV - GGAL - 24hs,6760.0,2025-05-09 15:13:48,84,2025-05-09 15:13:48.220,6750.0,12910,6740.0,6710,6730.0,428,6720.0,109,6710.0,4170,6760.0,9117,6770.0,3173,6780.0,980,6790.0,456,6800.0,5301,2025-05-09 15:13:48.137,,2147483647,399477,True,offer
3676,521510,1611255811,MERV - XMEV - GGAL - 24hs,6760.0,2025-05-09 15:13:48,84,2025-05-09 15:13:48.883,6750.0,12910,6740.0,6710,6730.0,428,6720.0,109,6710.0,4170,6760.0,9033,6770.0,3173,6780.0,981,6790.0,456,6800.0,5301,2025-05-09 15:13:48.800,,2147483647,399477,False,nan
3677,521552,1611255863,MERV - XMEV - GGAL - 24hs,6760.0,2025-05-09 15:13:48,84,2025-05-09 15:13:49.385,6750.0,12910,6740.0,6710,6730.0,428,6720.0,109,6710.0,4170,6760.0,9033,6770.0,3173,6780.0,981,6790.0,456,6800.0,5301,2025-05-09 15:13:49.301,,2147483647,399561,False,nan
3678,522090,1611256577,MERV - XMEV - GGAL - 24hs,6760.0,2025-05-09 15:13:48,84,2025-05-09 15:13:54.907,6750.0,10910,6740.0,6710,6730.0,428,6720.0,109,6710.0,4170,6760.0,9033,6770.0,3173,6780.0,981,6790.0,456,6800.0,5301,2025-05-09 15:13:54.825,,2147483647,399561,False,nan
3679,522156,1611256661,MERV - XMEV - GGAL - 24hs,6760.0,2025-05-09 15:13:55,4,2025-05-09 15:13:55.528,6750.0,10910,6740.0,6710,6730.0,428,6720.0,109,6710.0,4170,6760.0,9033,6770.0,3173,6780.0,981,6790.0,456,6800.0,5301,2025-05-09 15:13:55.414,,2147483647,399561,True,offer
3680,522215,1611256732,MERV - XMEV - GGAL - 24hs,6760.0,2025-05-09 15:13:55,4,2025-05-09 15:13:56.167,6750.0,10910,6740.0,6710,6730.0,428,6720.0,109,6710.0,4170,6760.0,9029,6770.0,3173,6780.0,981,6790.0,456,6800.0,5301,2025-05-09 15:13:56.080,,2147483647,399561,False,nan
3681,522293,1611256823,MERV - XMEV - GGAL - 24hs,6760.0,2025-05-09 15:13:55,4,2025-05-09 15:13:56.687,6750.0,10910,6740.0,6710,6730.0,428,6720.0,109,6710.0,4170,6760.0,9029,6770.0,3173,6780.0,981,6790.0,456,6800.0,5301,2025-05-09 15:13:56.581,,2147483647,399565,False,nan
3682,522395,1611256955,MERV - XMEV - GGAL - 24hs,6750.0,2025-05-09 15:13:57,12,2025-05-09 15:13:57.875,6750.0,10910,6740.0,6710,6730.0,428,6720.0,109,6710.0,4170,6760.0,9029,6770.0,3173,6780.0,981,6790.0,456,6800.0,5301,2025-05-09 15:13:57.687,,2147483647,399565,True,bid
3683,522459,1611257032,MERV - XMEV - GGAL - 24hs,6750.0,2025-05-09 15:13:57,12,2025-05-09 15:13:58.223,6750.0,10898,6740.0,6695,6730.0,443,6720.0,109,6710.0,4170,6760.0,9029,6770.0,3173,6780.0,981,6790.0,456,6800.0,5301,2025-05-09 15:13:58.141,,2147483647,399565,False,nan
3684,522488,1611257074,MERV - XMEV - GGAL - 24hs,6750.0,2025-05-09 15:13:57,12,2025-05-09 15:13:58.723,6750.0,10898,6740.0,6695,6730.0,443,6720.0,109,6710.0,4170,6760.0,9029,6770.0,3173,6780.0,981,6790.0,456,6800.0,5301,2025-05-09 15:13:58.641,,2147483647,399577,False,nan
3685,522776,1611257443,MERV - XMEV - GGAL - 24hs,6750.0,2025-05-09 15:13:57,12,2025-05-09 15:14:03.160,6750.0,9898,6740.0,6695,6730.0,443,6720.0,109,6710.0,4170,6760.0,9029,6770.0,3173,6780.0,981,6790.0,456,6800.0,5301,2025-05-09 15:14:03.078,,2147483647,399577,False,nan
3686,522927,1611257633,MERV - XMEV - GGAL - 24hs,6750.0,2025-05-09 15:13:57,12,2025-05-09 15:14:04.997,6750.0,9898,6740.0,6695,6730.0,443,6720.0,110,6710.0,4170,6760.0,9029,6770.0,3173,6780.0,981,6790.0,456,6800.0,5301,2025-05-09 15:14:04.908,,2147483647,399577,False,nan
3687,523073,1611257823,MERV - XMEV - GGAL - 24hs,6750.0,2025-05-09 15:13:57,12,2025-05-09 15:14:06.129,6750.0,5898,6740.0,6695,6730.0,443,6720.0,110,6710.0,4170,6760.0,9029,6770.0,3173,6780.0,981,6790.0,456,6800.0,5301,2025-05-09 15:14:06.047,,2147483647,399577,False,nan
3688,523602,1611258573,MERV - XMEV - GGAL - 24hs,6750.0,2025-05-09 15:14:11,7,2025-05-09 15:14:11.328,6750.0,5898,6740.0,6695,6730.0,443,6720.0,110,6710.0,4170,6760.0,9029,6770.0,3173,6780.0,981,6790.0,456,6800.0,5301,2025-05-09 15:14:11.241,,2147483647,399577,True,bid
3689,523663,1611258681,MERV - XMEV - GGAL - 24hs,6750.0,2025-05-09 15:14:11,7,2025-05-09 15:14:11.824,6750.0,4894,6740.0,6695,6730.0,1443,6720.0,110,6710.0,4170,6760.0,9029,6770.0,3173,6780.0,981,6790.0,456,6800.0,5301,2025-05-09 15:14:11.741,,2147483647,399577,False,nan
3690,523718,1611258752,MERV - XMEV - GGAL - 24hs,6750.0,2025-05-09 15:14:11,7,2025-05-09 15:14:12.332,6750.0,4894,6740.0,6695,6730.0,1443,6720.0,110,6710.0,4170,6760.0,9029,6770.0,3173,6780.0,981,6790.0,456,6800.0,5301,2025-05-09 15:14:12.241,,2147483647,399584,False,nan
3691,523919,1611259014,MERV - XMEV - GGAL - 24hs,6750.0,2025-05-09 15:14:11,7,2025-05-09 15:14:14.714,6750.0,4894,6740.0,6695,6730.0,1443,6720.0,110,6710.0,4170,6760.0,14029,6770.0,3173,6780.0,981,6790.0,456,6800.0,5301,2025-05-09 15:14:14.632,,2147483647,399584,False,nan
3692,524154,1611259321,MERV - XMEV - GGAL - 24hs,6750.0,2025-05-09 15:14:17,1335,2025-05-09 15:14:17.143,6750.0,4894,6740.0,6695,6730.0,1443,6720.0,110,6710.0,4170,6760.0,14029,6770.0,3173,6780.0,981,6790.0,456,6800.0,5301,2025-05-09 15:14:17.060,,2147483647,399584,True,bid
3693,524208,1611259391,MERV - XMEV - GGAL - 24hs,6750.0,2025-05-09 15:14:17,3,2025-05-09 15:14:17.651,6750.0,4894,6740.0,6695,6730.0,1443,6720.0,110,6710.0,4170,6760.0,14029,6770.0,3173,6780.0,981,6790.0,456,6800.0,5301,2025-05-09 15:14:17.561,,2147483647,399584,False,nan
3694,524267,1611259479,MERV - XMEV - GGAL - 24hs,6750.0,2025-05-09 15:14:17,1,2025-05-09 15:14:18.143,6740.0,6695,6730.0,1443,6720.0,110,6710.0,4170,6700.0,3495,6750.0,1,6760.0,15029,6770.0,3173,6780.0,981,6790.0,456,2025-05-09 15:14:18.060,,2147483647,404478,False,nan
3695,524318,1611259545,MERV - XMEV - GGAL - 24hs,6750.0,2025-05-09 15:14:17,1,2025-05-09 15:14:18.643,6740.0,6771,6730.0,1500,6720.0,103,6710.0,4170,6700.0,3495,6760.0,15029,6770.0,3173,6780.0,981,6790.0,456,6800.0,5301,2025-05-09 15:14:18.560,,2147483647,404478,False,nan
3696,524382,1611259630,MERV - XMEV - GGAL - 24hs,6750.0,2025-05-09 15:14:17,1,2025-05-09 15:14:19.145,6740.0,6771,6730.0,1500,6720.0,103,6710.0,4170,6700.0,3495,6760.0,15029,6770.0,3173,6780.0,981,6790.0,456,6800.0,5301,2025-05-09 15:14:19.060,,2147483647,404479,False,nan
3697,524763,1611260164,MERV - XMEV - GGAL - 24hs,6750.0,2025-05-09 15:14:17,1,2025-05-09 15:14:23.492,6740.0,6771,6730.0,1485,6720.0,118,6710.0,4170,6700.0,3495,6760.0,13029,6770.0,3173,6780.0,981,6790.0,456,6800.0,5301,2025-05-09 15:14:23.407,,2147483647,404479,False,nan
3698,524812,1611260231,MERV - XMEV - GGAL - 24hs,6750.0,2025-05-09 15:14:17,1,2025-05-09 15:14:24.242,6740.0,6771,6730.0,1485,6720.0,118,6710.0,4170,6700.0,3495,6760.0,14029,6770.0,3173,6780.0,981,6790.0,456,6800.0,5301,2025-05-09 15:14:24.159,,2147483647,404479,False,nan
3699,525424,1611261069,MERV - XMEV - GGAL - 24hs,6750.0,2025-05-09 15:14:17,1,2025-05-09 15:14:31.999,6740.0,6695,6730.0,1485,6720.0,118,6710.0,4170,6700.0,3502,6750.0,2,6760.0,15029,6770.0,3173,6780.0,981,6790.0,456,2025-05-09 15:14:31.917,,2147483647,404479,False,nan
3700,525552,1611261229,MERV - XMEV - GGAL - 24hs,6750.0,2025-05-09 15:14:17,1,2025-05-09 15:14:33.342,6740.0,6695,6730.0,1485,6720.0,118,6710.0,4170,6700.0,3502,6750.0,2,6760.0,16029,6770.0,3173,6780.0,981,6790.0,456,2025-05-09 15:14:33.259,,2147483647,404479,False,nan
3701,526430,1611262344,MERV - XMEV - GGAL - 24hs,6750.0,2025-05-09 15:14:17,1,2025-05-09 15:14:43.328,6740.0,6717,6730.0,1485,6720.0,118,6710.0,4170,6700.0,502,6750.0,2,6760.0,16029,6770.0,3173,6780.0,981,6790.0,456,2025-05-09 15:14:43.229,,2147483647,404479,False,nan
3702,526604,1611262555,MERV - XMEV - GGAL - 24hs,6750.0,2025-05-09 15:14:17,1,2025-05-09 15:14:45.062,6740.0,6717,6730.0,1485,6720.0,118,6710.0,4170,6700.0,3502,6750.0,2,6760.0,16029,6770.0,3173,6780.0,981,6790.0,456,2025-05-09 15:14:44.974,,2147483647,404479,False,nan
3703,526710,1611262702,MERV - XMEV - GGAL - 24hs,6750.0,2025-05-09 15:14:46,2,2025-05-09 15:14:46.745,6740.0,6717,6730.0,1485,6720.0,118,6710.0,4170,6700.0,3502,6750.0,2,6760.0,16029,6770.0,3173,6780.0,981,6790.0,456,2025-05-09 15:14:46.662,,2147483647,404479,True,offer
3704,526754,1611262767,MERV - XMEV - GGAL - 24hs,6750.0,2025-05-09 15:14:46,86,2025-05-09 15:14:47.247,6740.0,6717,6730.0,1485,6720.0,118,6710.0,4170,6700.0,3502,6750.0,2,6760.0,16029,6770.0,3173,6780.0,981,6790.0,456,2025-05-09 15:14:47.162,,2147483647,404479,False,nan
3705,526799,1611262822,MERV - XMEV - GGAL - 24hs,6750.0,2025-05-09 15:14:46,86,2025-05-09 15:14:47.747,6740.0,6717,6730.0,1485,6720.0,118,6710.0,4170,6700.0,3502,6750.0,15,6760.0,16029,6770.0,3173,6780.0,981,6790.0,456,2025-05-09 15:14:47.662,,2147483647,404567,False,nan
3706,527156,1611263346,MERV - XMEV - GGAL - 24hs,6750.0,2025-05-09 15:14:52,5,2025-05-09 15:14:52.982,6740.0,6717,6730.0,1485,6720.0,118,6710.0,4170,6700.0,3502,6750.0,15,6760.0,16029,6770.0,3173,6780.0,981,6790.0,456,2025-05-09 15:14:52.897,,2147483647,404567,True,offer
3707,527178,1611263377,MERV - XMEV - GGAL - 24hs,6750.0,2025-05-09 15:14:52,5,2025-05-09 15:14:53.479,6740.0,6717,6730.0,1485,6720.0,118,6710.0,4170,6700.0,3502,6750.0,10,6760.0,16029,6770.0,3173,6780.0,981,6790.0,456,2025-05-09 15:14:53.397,,2147483647,404567,False,nan
3708,527219,1611263432,MERV - XMEV - GGAL - 24hs,6750.0,2025-05-09 15:14:52,5,2025-05-09 15:14:53.982,6740.0,6717,6730.0,1485,6720.0,118,6710.0,4170,6700.0,3502,6750.0,10,6760.0,16029,6770.0,3173,6780.0,981,6790.0,456,2025-05-09 15:14:53.897,,2147483647,404572,False,nan
3709,527278,1611263531,MERV - XMEV - GGAL - 24hs,6750.0,2025-05-09 15:14:54,10,2025-05-09 15:14:54.672,6740.0,6717,6730.0,1485,6720.0,118,6710.0,4170,6700.0,3502,6750.0,10,6760.0,16029,6770.0,3173,6780.0,981,6790.0,456,2025-05-09 15:14:54.578,,2147483647,404572,True,offer
3710,527315,1611263595,MERV - XMEV - GGAL - 24hs,6750.0,2025-05-09 15:14:54,10,2025-05-09 15:14:55.167,6750.0,64,6740.0,6717,6730.0,1485,6720.0,118,6710.0,5235,6760.0,12912,6770.0,290,6780.0,981,6790.0,456,6800.0,5301,2025-05-09 15:14:55.085,,2147483647,404572,False,nan
3711,527341,1611263632,MERV - XMEV - GGAL - 24hs,6750.0,2025-05-09 15:14:54,10,2025-05-09 15:14:55.668,6750.0,64,6740.0,6717,6730.0,1485,6720.0,118,6710.0,5235,6760.0,12912,6770.0,290,6780.0,981,6790.0,456,6800.0,5301,2025-05-09 15:14:55.585,,2147483647,404582,False,nan
3712,527393,1611263704,MERV - XMEV - GGAL - 24hs,6750.0,2025-05-09 15:14:54,10,2025-05-09 15:14:56.600,6750.0,64,6740.0,6717,6730.0,1485,6720.0,118,6710.0,5235,6760.0,20912,6770.0,290,6780.0,981,6790.0,457,6800.0,5301,2025-05-09 15:14:56.513,,2147483647,404582,False,nan
3713,527583,1611263969,MERV - XMEV - GGAL - 24hs,6750.0,2025-05-09 15:14:54,10,2025-05-09 15:14:59.087,6750.0,64,6740.0,6717,6730.0,1485,6720.0,862,6710.0,4490,6760.0,20912,6770.0,290,6780.0,981,6790.0,457,6800.0,5301,2025-05-09 15:14:59.001,,2147483647,404582,False,nan
3714,527838,1611264333,MERV - XMEV - GGAL - 24hs,6750.0,2025-05-09 15:15:02,64,2025-05-09 15:15:02.952,6750.0,64,6740.0,6717,6730.0,1485,6720.0,862,6710.0,4490,6760.0,20912,6770.0,290,6780.0,981,6790.0,457,6800.0,5301,2025-05-09 15:15:02.868,,2147483647,404582,True,bid
3715,527895,1611264414,MERV - XMEV - GGAL - 24hs,6750.0,2025-05-09 15:15:02,64,2025-05-09 15:15:03.615,6740.0,6717,6730.0,1485,6720.0,862,6710.0,4490,6700.0,3502,6750.0,2936,6760.0,20912,6770.0,290,6780.0,981,6790.0,457,2025-05-09 15:15:03.532,,2147483647,404582,False,nan
3716,527941,1611264472,MERV - XMEV - GGAL - 24hs,6750.0,2025-05-09 15:15:02,64,2025-05-09 15:15:04.114,6740.0,6717,6730.0,1485,6720.0,862,6710.0,4490,6700.0,3502,6750.0,2936,6760.0,20912,6770.0,290,6780.0,981,6790.0,457,2025-05-09 15:15:04.032,,2147483647,404646,False,nan
3717,528082,1611264657,MERV - XMEV - GGAL - 24hs,6750.0,2025-05-09 15:15:02,64,2025-05-09 15:15:05.564,6740.0,6643,6730.0,1485,6720.0,862,6710.0,4490,6700.0,3502,6750.0,2936,6760.0,20912,6770.0,290,6780.0,981,6790.0,457,2025-05-09 15:15:05.480,,2147483647,404646,False,nan
3718,528449,1611265162,MERV - XMEV - GGAL - 24hs,6750.0,2025-05-09 15:15:08,5,2025-05-09 15:15:08.804,6740.0,6643,6730.0,1485,6720.0,862,6710.0,4490,6700.0,3502,6750.0,2936,6760.0,20912,6770.0,290,6780.0,981,6790.0,457,2025-05-09 15:15:08.722,,2147483647,404646,True,offer
3719,528512,1611265254,MERV - XMEV - GGAL - 24hs,6750.0,2025-05-09 15:15:08,5,2025-05-09 15:15:09.462,6740.0,6643,6730.0,1485,6720.0,862,6710.0,4490,6700.0,3502,6750.0,2931,6760.0,20912,6770.0,290,6780.0,981,6790.0,457,2025-05-09 15:15:09.380,,2147483647,404646,False,nan
3720,528554,1611265321,MERV - XMEV - GGAL - 24hs,6750.0,2025-05-09 15:15:08,5,2025-05-09 15:15:09.962,6740.0,6643,6730.0,1485,6720.0,862,6710.0,4490,6700.0,3502,6750.0,2931,6760.0,20912,6770.0,290,6780.0,981,6790.0,457,2025-05-09 15:15:09.880,,2147483647,404651,False,nan
3721,528686,1611265508,MERV - XMEV - GGAL - 24hs,6740.0,2025-05-09 15:15:11,1,2025-05-09 15:15:11.755,6740.0,6643,6730.0,1485,6720.0,862,6710.0,4490,6700.0,3502,6750.0,2931,6760.0,20912,6770.0,290,6780.0,981,6790.0,457,2025-05-09 15:15:11.673,,2147483647,404651,True,bid
3722,528743,1611265580,MERV - XMEV - GGAL - 24hs,6740.0,2025-05-09 15:15:11,1,2025-05-09 15:15:12.440,6740.0,6642,6730.0,1485,6720.0,862,6710.0,4490,6700.0,3502,6750.0,2931,6760.0,21912,6770.0,290,6780.0,981,6790.0,457,2025-05-09 15:15:12.357,,2147483647,404651,False,nan
3723,528792,1611265640,MERV - XMEV - GGAL - 24hs,6740.0,2025-05-09 15:15:11,1,2025-05-09 15:15:12.946,6740.0,6642,6730.0,1485,6720.0,862,6710.0,4490,6700.0,3502,6750.0,2931,6760.0,21912,6770.0,290,6780.0,981,6790.0,457,2025-05-09 15:15:12.860,,2147483647,404652,False,nan
3724,529101,1611266047,MERV - XMEV - GGAL - 24hs,6740.0,2025-05-09 15:15:11,1,2025-05-09 15:15:16.299,6740.0,6642,6730.0,1485,6720.0,862,6710.0,4490,6700.0,3502,6750.0,2931,6760.0,16912,6770.0,290,6780.0,981,6790.0,457,2025-05-09 15:15:16.215,,2147483647,404652,False,nan
3725,529173,1611266137,MERV - XMEV - GGAL - 24hs,6740.0,2025-05-09 15:15:11,1,2025-05-09 15:15:17.005,6740.0,6642,6730.0,1485,6720.0,862,6710.0,4490,6700.0,3502,6750.0,2931,6760.0,17912,6770.0,290,6780.0,981,6790.0,457,2025-05-09 15:15:16.922,,2147483647,404652,False,nan
3726,529231,1611266216,MERV - XMEV - GGAL - 24hs,6740.0,2025-05-09 15:15:17,22,2025-05-09 15:15:17.894,6740.0,6642,6730.0,1485,6720.0,862,6710.0,4490,6700.0,3502,6750.0,2931,6760.0,17912,6770.0,290,6780.0,981,6790.0,457,2025-05-09 15:15:17.809,,2147483647,404652,True,bid
3727,529262,1611266260,MERV - XMEV - GGAL - 24hs,6740.0,2025-05-09 15:15:17,22,2025-05-09 15:15:18.403,6740.0,6620,6730.0,1985,6720.0,862,6710.0,4490,6700.0,3502,6750.0,2931,6760.0,16912,6770.0,290,6780.0,981,6790.0,457,2025-05-09 15:15:18.317,,2147483647,404652,False,nan
3728,529319,1611266329,MERV - XMEV - GGAL - 24hs,6740.0,2025-05-09 15:15:17,22,2025-05-09 15:15:18.908,6740.0,6620,6730.0,1985,6720.0,862,6710.0,4490,6700.0,3502,6750.0,2931,6760.0,16912,6770.0,290,6780.0,981,6790.0,457,2025-05-09 15:15:18.818,,2147483647,404674,False,nan
3729,529406,1611266446,MERV - XMEV - GGAL - 24hs,6740.0,2025-05-09 15:15:17,22,2025-05-09 15:15:19.764,6740.0,6620,6730.0,1985,6720.0,862,6710.0,4490,6700.0,3502,6750.0,2931,6760.0,18912,6770.0,290,6780.0,981,6790.0,457,2025-05-09 15:15:19.681,,2147483647,404674,False,nan
3730,529519,1611266595,MERV - XMEV - GGAL - 24hs,6740.0,2025-05-09 15:15:17,22,2025-05-09 15:15:21.102,6740.0,6620,6730.0,1985,6720.0,847,6710.0,4505,6700.0,3502,6750.0,2931,6760.0,18912,6770.0,290,6780.0,981,6790.0,457,2025-05-09 15:15:21.019,,2147483647,404674,False,nan
3731,529626,1611266737,MERV - XMEV - GGAL - 24hs,6750.0,2025-05-09 15:15:21,17,2025-05-09 15:15:21.959,6740.0,6620,6730.0,1985,6720.0,847,6710.0,4505,6700.0,3502,6750.0,2931,6760.0,18912,6770.0,290,6780.0,981,6790.0,457,2025-05-09 15:15:21.866,,2147483647,404674,True,offer
3732,529666,1611266794,MERV - XMEV - GGAL - 24hs,6750.0,2025-05-09 15:15:21,17,2025-05-09 15:15:22.448,6740.0,6620,6730.0,1985,6720.0,847,6710.0,4505,6700.0,3502,6750.0,2914,6760.0,19912,6770.0,290,6780.0,981,6790.0,457,2025-05-09 15:15:22.366,,2147483647,404674,False,nan
3733,529713,1611266851,MERV - XMEV - GGAL - 24hs,6750.0,2025-05-09 15:15:21,17,2025-05-09 15:15:22.955,6740.0,6620,6730.0,1985,6720.0,847,6710.0,4505,6700.0,3502,6750.0,2914,6760.0,19912,6770.0,290,6780.0,981,6790.0,457,2025-05-09 15:15:22.873,,2147483647,404691,False,nan
3734,529769,1611266922,MERV - XMEV - GGAL - 24hs,6750.0,2025-05-09 15:15:21,17,2025-05-09 15:15:23.460,6740.0,6622,6730.0,1985,6720.0,847,6710.0,4505,6700.0,3502,6750.0,2914,6760.0,19912,6770.0,290,6780.0,981,6790.0,457,2025-05-09 15:15:23.366,,2147483647,404691,False,nan
3735,529875,1611267049,MERV - XMEV - GGAL - 24hs,6740.0,2025-05-09 15:15:23,6,2025-05-09 15:15:23.959,6740.0,6622,6730.0,1985,6720.0,847,6710.0,4505,6700.0,3502,6750.0,2914,6760.0,19912,6770.0,290,6780.0,981,6790.0,457,2025-05-09 15:15:23.867,,2147483647,404691,True,bid
3736,529943,1611267144,MERV - XMEV - GGAL - 24hs,6740.0,2025-05-09 15:15:23,6,2025-05-09 15:15:24.555,6740.0,6616,6730.0,1985,6720.0,847,6710.0,4505,6700.0,3502,6750.0,2914,6760.0,19912,6770.0,290,6780.0,981,6790.0,457,2025-05-09 15:15:24.466,,2147483647,404691,False,nan
3737,530008,1611267227,MERV - XMEV - GGAL - 24hs,6740.0,2025-05-09 15:15:23,6,2025-05-09 15:15:25.054,6740.0,6616,6730.0,1985,6720.0,847,6710.0,4505,6700.0,3502,6750.0,2914,6760.0,19912,6770.0,290,6780.0,981,6790.0,457,2025-05-09 15:15:24.966,,2147483647,404697,False,nan
3738,530039,1611267264,MERV - XMEV - GGAL - 24hs,6740.0,2025-05-09 15:15:23,6,2025-05-09 15:15:25.666,6740.0,6625,6730.0,1985,6720.0,3847,6710.0,4505,6700.0,3502,6750.0,2914,6760.0,19912,6770.0,290,6780.0,981,6790.0,457,2025-05-09 15:15:25.583,,2147483647,404697,False,nan
3739,530474,1611267845,MERV - XMEV - GGAL - 24hs,6740.0,2025-05-09 15:15:30,262,2025-05-09 15:15:30.460,6740.0,6625,6730.0,1985,6720.0,3847,6710.0,4505,6700.0,3502,6750.0,2914,6760.0,19912,6770.0,290,6780.0,981,6790.0,457,2025-05-09 15:15:30.321,,2147483647,404697,True,bid
3740,530550,1611267948,MERV - XMEV - GGAL - 24hs,6740.0,2025-05-09 15:15:30,262,2025-05-09 15:15:31.070,6740.0,6363,6730.0,1985,6720.0,3847,6710.0,4505,6700.0,3502,6750.0,2914,6760.0,19912,6770.0,290,6780.0,981,6790.0,457,2025-05-09 15:15:30.986,,2147483647,404697,False,nan
3741,530632,1611268049,MERV - XMEV - GGAL - 24hs,6740.0,2025-05-09 15:15:30,262,2025-05-09 15:15:31.573,6740.0,6363,6730.0,1985,6720.0,3847,6710.0,4505,6700.0,3502,6750.0,2914,6760.0,19912,6770.0,290,6780.0,981,6790.0,457,2025-05-09 15:15:31.487,,2147483647,404959,False,nan
3742,530798,1611268249,MERV - XMEV - GGAL - 24hs,6740.0,2025-05-09 15:15:30,262,2025-05-09 15:15:33.348,6740.0,6363,6730.0,1985,6720.0,3847,6710.0,4505,6700.0,3503,6750.0,6797,6760.0,1029,6770.0,290,6780.0,1981,6790.0,457,2025-05-09 15:15:33.265,,2147483647,404959,False,nan
3743,530905,1611268400,MERV - XMEV - GGAL - 24hs,6740.0,2025-05-09 15:15:30,262,2025-05-09 15:15:34.062,6740.0,6363,6730.0,1985,6720.0,3847,6710.0,4505,6700.0,3503,6750.0,9797,6760.0,1029,6770.0,290,6780.0,1981,6790.0,457,2025-05-09 15:15:33.976,,2147483647,404959,False,nan
3744,530972,1611268491,MERV - XMEV - GGAL - 24hs,6740.0,2025-05-09 15:15:30,262,2025-05-09 15:15:34.802,6740.0,6363,6730.0,1985,6720.0,3847,6710.0,4505,6700.0,3503,6750.0,14797,6760.0,1029,6770.0,290,6780.0,1981,6790.0,457,2025-05-09 15:15:34.716,,2147483647,404959,False,nan
3745,531073,1611268633,MERV - XMEV - GGAL - 24hs,6740.0,2025-05-09 15:15:30,262,2025-05-09 15:15:35.956,6740.0,6363,6730.0,1985,6720.0,3847,6710.0,4505,6700.0,3503,6750.0,14797,6760.0,1029,6770.0,290,6780.0,981,6790.0,5457,2025-05-09 15:15:35.868,,2147483647,404959,False,nan
3746,531165,1611268766,MERV - XMEV - GGAL - 24hs,6740.0,2025-05-09 15:15:30,262,2025-05-09 15:15:37.057,6740.0,6363,6730.0,1985,6720.0,3847,6710.0,4505,6700.0,3503,6750.0,16797,6760.0,1029,6770.0,290,6780.0,981,6790.0,5457,2025-05-09 15:15:36.972,,2147483647,404959,False,nan
3747,531227,1611268852,MERV - XMEV - GGAL - 24hs,6740.0,2025-05-09 15:15:30,262,2025-05-09 15:15:37.814,6740.0,6363,6730.0,1985,6720.0,3847,6710.0,4505,6700.0,3503,6750.0,13797,6760.0,1029,6770.0,290,6780.0,981,6790.0,5457,2025-05-09 15:15:37.731,,2147483647,404959,False,nan
3748,531289,1611268932,MERV - XMEV - GGAL - 24hs,6740.0,2025-05-09 15:15:38,709,2025-05-09 15:15:38.439,6740.0,6363,6730.0,1985,6720.0,3847,6710.0,4505,6700.0,3503,6750.0,13797,6760.0,1029,6770.0,290,6780.0,981,6790.0,5457,2025-05-09 15:15:38.355,,2147483647,404959,True,bid
3749,531337,1611268992,MERV - XMEV - GGAL - 24hs,6740.0,2025-05-09 15:15:38,671,2025-05-09 15:15:38.940,6740.0,2363,6730.0,1985,6720.0,3847,6710.0,4505,6700.0,3503,6750.0,5797,6760.0,1029,6770.0,290,6780.0,981,6790.0,5457,2025-05-09 15:15:38.855,,2147483647,404959,False,nan
3750,531371,1611269047,MERV - XMEV - GGAL - 24hs,6740.0,2025-05-09 15:15:38,671,2025-05-09 15:15:39.444,6740.0,2363,6730.0,1985,6720.0,3847,6710.0,4505,6700.0,3503,6750.0,5797,6760.0,1029,6770.0,290,6780.0,981,6790.0,5457,2025-05-09 15:15:39.355,,2147483647,408959,False,nan
3751,531425,1611269133,MERV - XMEV - GGAL - 24hs,6740.0,2025-05-09 15:15:39,2329,2025-05-09 15:15:39.974,6740.0,2363,6730.0,1985,6720.0,3847,6710.0,4505,6700.0,3503,6750.0,5797,6760.0,1029,6770.0,290,6780.0,981,6790.0,5457,2025-05-09 15:15:39.887,,2147483647,408959,True,bid
3752,531479,1611269203,MERV - XMEV - GGAL - 24hs,6740.0,2025-05-09 15:15:39,9,2025-05-09 15:15:40.470,6740.0,2363,6730.0,1985,6720.0,3847,6710.0,4505,6700.0,3503,6750.0,5797,6760.0,1029,6770.0,290,6780.0,981,6790.0,5457,2025-05-09 15:15:40.388,,2147483647,408959,False,nan
3753,531566,1611269314,MERV - XMEV - GGAL - 24hs,6740.0,2025-05-09 15:15:39,9,2025-05-09 15:15:41.011,6730.0,1985,6720.0,3847,6710.0,7505,6700.0,15503,6690.0,202,6740.0,2637,6750.0,5797,6760.0,1029,6770.0,290,6780.0,981,2025-05-09 15:15:40.888,,2147483647,411322,False,nan
3754,531662,1611269435,MERV - XMEV - GGAL - 24hs,6740.0,2025-05-09 15:15:39,9,2025-05-09 15:15:42.474,6730.0,2061,6720.0,3847,6710.0,7505,6700.0,15496,6690.0,202,6750.0,3914,6760.0,3912,6770.0,290,6780.0,981,6790.0,5457,2025-05-09 15:15:42.390,,2147483647,411322,False,nan
3755,531856,1611269682,MERV - XMEV - GGAL - 24hs,6740.0,2025-05-09 15:15:39,9,2025-05-09 15:15:44.736,6730.0,2061,6720.0,3847,6710.0,7505,6700.0,15496,6690.0,202,6750.0,3914,6760.0,3912,6770.0,291,6780.0,981,6790.0,5457,2025-05-09 15:15:44.595,,2147483647,411322,False,nan
3756,532170,1611270105,MERV - XMEV - GGAL - 24hs,6740.0,2025-05-09 15:15:39,9,2025-05-09 15:15:48.748,6730.0,1561,6720.0,3847,6710.0,7490,6700.0,15511,6690.0,202,6750.0,3914,6760.0,3912,6770.0,291,6780.0,981,6790.0,5457,2025-05-09 15:15:48.663,,2147483647,411322,False,nan
3757,532351,1611270346,MERV - XMEV - GGAL - 24hs,6740.0,2025-05-09 15:15:39,9,2025-05-09 15:15:51.099,6730.0,1561,6720.0,3847,6710.0,7490,6700.0,15511,6690.0,202,6750.0,3914,6760.0,3412,6770.0,291,6780.0,981,6790.0,457,2025-05-09 15:15:51.013,,2147483647,411322,False,nan
3758,532622,1611270740,MERV - XMEV - GGAL - 24hs,6750.0,2025-05-09 15:15:53,7,2025-05-09 15:15:53.196,6730.0,1561,6720.0,3847,6710.0,7490,6700.0,15511,6690.0,202,6750.0,3914,6760.0,3412,6770.0,291,6780.0,981,6790.0,457,2025-05-09 15:15:53.104,,2147483647,411322,True,offer
3759,532699,1611270866,MERV - XMEV - GGAL - 24hs,6750.0,2025-05-09 15:15:53,7,2025-05-09 15:15:53.860,6730.0,1561,6720.0,3847,6710.0,7490,6700.0,15511,6690.0,202,6750.0,3907,6760.0,3412,6770.0,291,6780.0,981,6790.0,457,2025-05-09 15:15:53.769,,2147483647,411322,False,nan
3760,532756,1611270944,MERV - XMEV - GGAL - 24hs,6750.0,2025-05-09 15:15:53,7,2025-05-09 15:15:54.374,6730.0,1561,6720.0,3847,6710.0,7490,6700.0,15511,6690.0,202,6750.0,3907,6760.0,3412,6770.0,291,6780.0,981,6790.0,457,2025-05-09 15:15:54.276,,2147483647,411329,False,nan
3761,532802,1611271024,MERV - XMEV - GGAL - 24hs,6750.0,2025-05-09 15:15:53,7,2025-05-09 15:15:55.089,6730.0,1561,6720.0,4347,6710.0,7490,6700.0,15511,6690.0,202,6750.0,3907,6760.0,3412,6770.0,291,6780.0,981,6790.0,457,2025-05-09 15:15:55.004,,2147483647,411329,False,nan
3762,532842,1611271087,MERV - XMEV - GGAL - 24hs,6730.0,2025-05-09 15:15:55,210,2025-05-09 15:15:55.586,6730.0,1561,6720.0,4347,6710.0,7490,6700.0,15511,6690.0,202,6750.0,3907,6760.0,3412,6770.0,291,6780.0,981,6790.0,457,2025-05-09 15:15:55.504,,2147483647,411329,True,bid
3763,532893,1611271157,MERV - XMEV - GGAL - 24hs,6730.0,2025-05-09 15:15:55,210,2025-05-09 15:15:56.218,6730.0,1561,6720.0,4347,6710.0,7490,6700.0,15511,6690.0,202,6750.0,3907,6760.0,3412,6770.0,291,6780.0,981,6790.0,457,2025-05-09 15:15:56.136,,2147483647,411967,False,nan
3764,532952,1611271261,MERV - XMEV - GGAL - 24hs,6730.0,2025-05-09 15:15:55,210,2025-05-09 15:15:56.739,6730.0,923,6720.0,4347,6710.0,7490,6700.0,15511,6690.0,202,6750.0,3907,6760.0,3412,6770.0,291,6780.0,981,6790.0,457,2025-05-09 15:15:56.643,,2147483647,411967,False,nan
3765,533417,1611271866,MERV - XMEV - GGAL - 24hs,6730.0,2025-05-09 15:15:55,210,2025-05-09 15:15:59.370,6730.0,923,6720.0,4347,6710.0,4490,6700.0,3511,6690.0,15202,6750.0,3907,6760.0,3412,6770.0,291,6780.0,981,6790.0,457,2025-05-09 15:15:59.288,,2147483647,411967,False,nan
3766,533510,1611272001,MERV - XMEV - GGAL - 24hs,6730.0,2025-05-09 15:15:55,210,2025-05-09 15:16:00.144,6730.0,923,6720.0,4347,6710.0,4490,6700.0,3511,6690.0,15203,6750.0,3907,6760.0,3412,6770.0,291,6780.0,981,6790.0,457,2025-05-09 15:16:00.058,,2147483647,411967,False,nan
3767,533735,1611272320,MERV - XMEV - GGAL - 24hs,6730.0,2025-05-09 15:16:02,213,2025-05-09 15:16:02.614,6730.0,923,6720.0,4347,6710.0,4490,6700.0,3511,6690.0,15203,6750.0,3907,6760.0,3412,6770.0,291,6780.0,981,6790.0,457,2025-05-09 15:16:02.523,,2147483647,411967,True,bid
3768,533788,1611272392,MERV - XMEV - GGAL - 24hs,6730.0,2025-05-09 15:16:02,213,2025-05-09 15:16:03.274,6730.0,810,6720.0,4347,6710.0,4494,6700.0,3511,6690.0,15203,6750.0,3907,6760.0,3412,6770.0,291,6780.0,981,6790.0,457,2025-05-09 15:16:03.187,,2147483647,411967,False,nan
3769,533868,1611272497,MERV - XMEV - GGAL - 24hs,6730.0,2025-05-09 15:16:02,213,2025-05-09 15:16:03.776,6730.0,810,6720.0,4347,6710.0,4494,6700.0,3511,6690.0,15203,6750.0,3907,6760.0,3412,6770.0,291,6780.0,981,6790.0,457,2025-05-09 15:16:03.687,,2147483647,412180,False,nan
3770,534086,1611272779,MERV - XMEV - GGAL - 24hs,6730.0,2025-05-09 15:16:02,213,2025-05-09 15:16:05.615,6730.0,810,6720.0,4347,6710.0,4494,6700.0,3511,6690.0,15203,6750.0,3907,6760.0,3217,6770.0,291,6780.0,981,6790.0,457,2025-05-09 15:16:05.533,,2147483647,412180,False,nan
3771,534346,1611273131,MERV - XMEV - GGAL - 24hs,6730.0,2025-05-09 15:16:07,10,2025-05-09 15:16:07.840,6730.0,810,6720.0,4347,6710.0,4494,6700.0,3511,6690.0,15203,6750.0,3907,6760.0,3217,6770.0,291,6780.0,981,6790.0,457,2025-05-09 15:16:07.740,,2147483647,412180,True,bid
3772,534413,1611273219,MERV - XMEV - GGAL - 24hs,6730.0,2025-05-09 15:16:07,10,2025-05-09 15:16:08.495,6730.0,800,6720.0,4347,6710.0,7494,6700.0,511,6690.0,15203,6750.0,2907,6760.0,1334,6770.0,3174,6780.0,981,6790.0,457,2025-05-09 15:16:08.404,,2147483647,412180,False,nan
3773,534470,1611273289,MERV - XMEV - GGAL - 24hs,6730.0,2025-05-09 15:16:07,10,2025-05-09 15:16:08.992,6730.0,800,6720.0,4347,6710.0,7494,6700.0,511,6690.0,15203,6750.0,2907,6760.0,1334,6770.0,3174,6780.0,981,6790.0,457,2025-05-09 15:16:08.904,,2147483647,412190,False,nan
3774,534499,1611273331,MERV - XMEV - GGAL - 24hs,6730.0,2025-05-09 15:16:07,10,2025-05-09 15:16:09.487,6730.0,800,6720.0,4347,6710.0,7494,6700.0,511,6690.0,15203,6750.0,2907,6760.0,2334,6770.0,3174,6780.0,981,6790.0,457,2025-05-09 15:16:09.404,,2147483647,412190,False,nan
3775,534684,1611273579,MERV - XMEV - GGAL - 24hs,6730.0,2025-05-09 15:16:07,10,2025-05-09 15:16:11.397,6730.0,800,6720.0,4347,6710.0,7494,6700.0,511,6690.0,15203,6750.0,2907,6760.0,1334,6770.0,3174,6780.0,981,6790.0,457,2025-05-09 15:16:11.314,,2147483647,412190,False,nan
3776,534878,1611273849,MERV - XMEV - GGAL - 24hs,6730.0,2025-05-09 15:16:07,10,2025-05-09 15:16:13.949,6730.0,5800,6720.0,4347,6710.0,7494,6700.0,511,6690.0,15203,6750.0,2907,6760.0,1334,6770.0,3174,6780.0,981,6790.0,457,2025-05-09 15:16:13.863,,2147483647,412190,False,nan
3777,535180,1611274267,MERV - XMEV - GGAL - 24hs,6730.0,2025-05-09 15:16:07,10,2025-05-09 15:16:18.177,6730.0,5724,6720.0,4347,6710.0,7494,6700.0,511,6690.0,15210,6740.0,500,6750.0,2907,6760.0,2334,6770.0,3174,6780.0,981,2025-05-09 15:16:18.096,,2147483647,412190,False,nan
3778,535265,1611274385,MERV - XMEV - GGAL - 24hs,6730.0,2025-05-09 15:16:07,10,2025-05-09 15:16:19.126,6730.0,5724,6720.0,4347,6710.0,7494,6700.0,15511,6690.0,210,6740.0,500,6750.0,2907,6760.0,1334,6770.0,3174,6780.0,981,2025-05-09 15:16:19.038,,2147483647,412190,False,nan
3779,535373,1611274534,MERV - XMEV - GGAL - 24hs,6730.0,2025-05-09 15:16:07,10,2025-05-09 15:16:20.197,6730.0,5624,6720.0,4347,6710.0,7494,6700.0,15521,6690.0,210,6740.0,500,6750.0,2907,6760.0,1334,6770.0,3174,6780.0,981,2025-05-09 15:16:20.114,,2147483647,412190,False,nan
3780,535704,1611274996,MERV - XMEV - GGAL - 24hs,6730.0,2025-05-09 15:16:07,10,2025-05-09 15:16:23.453,6730.0,5624,6720.0,4347,6710.0,7494,6700.0,16021,6690.0,210,6740.0,500,6750.0,2907,6760.0,1334,6770.0,3174,6780.0,981,2025-05-09 15:16:23.370,,2147483647,412190,False,nan
3781,535846,1611275185,MERV - XMEV - GGAL - 24hs,6730.0,2025-05-09 15:16:07,10,2025-05-09 15:16:24.710,6730.0,5698,6720.0,4347,6710.0,7494,6700.0,16021,6690.0,210,6740.0,500,6750.0,2907,6760.0,1334,6770.0,3174,6780.0,981,2025-05-09 15:16:24.625,,2147483647,412190,False,nan
3782,535951,1611275349,MERV - XMEV - GGAL - 24hs,6740.0,2025-05-09 15:16:26,500,2025-05-09 15:16:26.234,6730.0,5698,6720.0,4347,6710.0,7494,6700.0,16021,6690.0,210,6740.0,500,6750.0,2907,6760.0,1334,6770.0,3174,6780.0,981,2025-05-09 15:16:26.149,,2147483647,412190,True,offer
3783,535991,1611275404,MERV - XMEV - GGAL - 24hs,6730.0,2025-05-09 15:16:26,50,2025-05-09 15:16:26.821,6730.0,5698,6720.0,4347,6710.0,7494,6700.0,16021,6690.0,210,6740.0,500,6750.0,2907,6760.0,1334,6770.0,3174,6780.0,981,2025-05-09 15:16:26.731,,2147483647,412690,False,nan
3784,536026,1611275452,MERV - XMEV - GGAL - 24hs,6730.0,2025-05-09 15:16:26,355,2025-05-09 15:16:27.311,6730.0,5724,6720.0,4347,6710.0,7494,6700.0,16021,6690.0,203,6750.0,2907,6760.0,2334,6770.0,3174,6780.0,981,6790.0,457,2025-05-09 15:16:27.229,,2147483647,412740,False,nan
3785,536066,1611275512,MERV - XMEV - GGAL - 24hs,6730.0,2025-05-09 15:16:26,355,2025-05-09 15:16:27.820,6730.0,5369,6720.0,4346,6710.0,7494,6700.0,16021,6690.0,203,6750.0,2907,6760.0,2334,6770.0,3174,6780.0,980,6790.0,457,2025-05-09 15:16:27.729,,2147483647,413095,False,nan
3786,536120,1611275602,MERV - XMEV - GGAL - 24hs,6730.0,2025-05-09 15:16:26,355,2025-05-09 15:16:28.425,6730.0,5312,6720.0,4345,6710.0,7494,6700.0,16020,6690.0,202,6750.0,2907,6760.0,2334,6770.0,3173,6780.0,979,6790.0,456,2025-05-09 15:16:28.341,,2147483647,413095,False,nan
3787,536190,1611275706,MERV - XMEV - GGAL - 24hs,6730.0,2025-05-09 15:16:26,355,2025-05-09 15:16:29.299,6730.0,5312,6720.0,4345,6710.0,7494,6700.0,16020,6690.0,202,6750.0,2907,6760.0,1334,6770.0,3173,6780.0,979,6790.0,456,2025-05-09 15:16:29.190,,2147483647,413095,False,nan
3788,536298,1611275860,MERV - XMEV - GGAL - 24hs,6730.0,2025-05-09 15:16:26,355,2025-05-09 15:16:30.217,6740.0,25,6730.0,5236,6720.0,4345,6710.0,7494,6700.0,16027,6750.0,2907,6760.0,2334,6770.0,3173,6780.0,979,6790.0,456,2025-05-09 15:16:30.130,,2147483647,413095,False,nan
3789,536729,1611276451,MERV - XMEV - GGAL - 24hs,6730.0,2025-05-09 15:16:26,355,2025-05-09 15:16:33.956,6740.0,25,6730.0,5236,6720.0,4345,6710.0,7494,6700.0,16027,6750.0,2907,6760.0,1334,6770.0,3173,6780.0,979,6790.0,456,2025-05-09 15:16:33.871,,2147483647,413095,False,nan
3790,536879,1611276653,MERV - XMEV - GGAL - 24hs,6750.0,2025-05-09 15:16:35,200,2025-05-09 15:16:35.926,6740.0,25,6730.0,5236,6720.0,4345,6710.0,7494,6700.0,16027,6750.0,2907,6760.0,1334,6770.0,3173,6780.0,979,6790.0,456,2025-05-09 15:16:35.841,,2147483647,413095,True,offer
3791,536910,1611276697,MERV - XMEV - GGAL - 24hs,6750.0,2025-05-09 15:16:35,200,2025-05-09 15:16:36.590,6740.0,25,6730.0,5236,6720.0,4345,6710.0,7494,6700.0,16027,6750.0,2707,6760.0,1334,6770.0,3173,6780.0,979,6790.0,456,2025-05-09 15:16:36.507,,2147483647,413095,False,nan
3792,536935,1611276736,MERV - XMEV - GGAL - 24hs,6750.0,2025-05-09 15:16:35,200,2025-05-09 15:16:37.089,6740.0,25,6730.0,5236,6720.0,4345,6710.0,7494,6700.0,16027,6750.0,2707,6760.0,1334,6770.0,3173,6780.0,979,6790.0,456,2025-05-09 15:16:37.007,,2147483647,413295,False,nan
3793,537238,1611277172,MERV - XMEV - GGAL - 24hs,6750.0,2025-05-09 15:16:40,100,2025-05-09 15:16:40.266,6740.0,25,6730.0,5236,6720.0,4345,6710.0,7494,6700.0,16027,6750.0,2707,6760.0,1334,6770.0,3173,6780.0,979,6790.0,456,2025-05-09 15:16:40.184,,2147483647,413295,True,offer
3794,537320,1611277286,MERV - XMEV - GGAL - 24hs,6750.0,2025-05-09 15:16:40,100,2025-05-09 15:16:40.934,6740.0,25,6730.0,5236,6720.0,4345,6710.0,7494,6700.0,16027,6750.0,2607,6760.0,1334,6770.0,3173,6780.0,979,6790.0,456,2025-05-09 15:16:40.848,,2147483647,413295,False,nan
3795,537364,1611277346,MERV - XMEV - GGAL - 24hs,6750.0,2025-05-09 15:16:40,500,2025-05-09 15:16:41.430,6740.0,25,6730.0,5236,6720.0,4345,6710.0,7494,6700.0,16027,6750.0,2607,6760.0,1334,6770.0,3173,6780.0,979,6790.0,456,2025-05-09 15:16:41.348,,2147483647,413395,False,nan
3796,537409,1611277408,MERV - XMEV - GGAL - 24hs,6750.0,2025-05-09 15:16:40,500,2025-05-09 15:16:41.930,6740.0,125,6730.0,5236,6720.0,4345,6710.0,7494,6700.0,16027,6750.0,2107,6760.0,2334,6770.0,3173,6780.0,979,6790.0,456,2025-05-09 15:16:41.848,,2147483647,413895,False,nan
3797,537459,1611277506,MERV - XMEV - GGAL - 24hs,6750.0,2025-05-09 15:16:42,500,2025-05-09 15:16:42.467,6740.0,125,6730.0,5236,6720.0,4345,6710.0,7494,6700.0,16027,6750.0,2107,6760.0,2334,6770.0,3173,6780.0,979,6790.0,456,2025-05-09 15:16:42.348,,2147483647,413895,True,offer
3798,537533,1611277601,MERV - XMEV - GGAL - 24hs,6750.0,2025-05-09 15:16:42,500,2025-05-09 15:16:42.935,6740.0,125,6730.0,5236,6720.0,4345,6710.0,7494,6700.0,16030,6750.0,1607,6760.0,1334,6770.0,3173,6780.0,979,6790.0,456,2025-05-09 15:16:42.848,,2147483647,414395,False,nan
3799,537610,1611277708,MERV - XMEV - GGAL - 24hs,6750.0,2025-05-09 15:16:42,500,2025-05-09 15:16:43.495,6740.0,625,6730.0,5236,6720.0,3845,6710.0,7494,6700.0,16030,6750.0,1607,6760.0,2334,6770.0,3173,6780.0,979,6790.0,456,2025-05-09 15:16:43.414,,2147483647,414395,False,nan
3800,537664,1611277777,MERV - XMEV - GGAL - 24hs,6750.0,2025-05-09 15:16:43,200,2025-05-09 15:16:43.996,6740.0,625,6730.0,5236,6720.0,3845,6710.0,7494,6700.0,16030,6750.0,1607,6760.0,2334,6770.0,3173,6780.0,979,6790.0,456,2025-05-09 15:16:43.914,,2147483647,414395,True,offer
3801,537702,1611277836,MERV - XMEV - GGAL - 24hs,6750.0,2025-05-09 15:16:43,200,2025-05-09 15:16:44.497,6740.0,879,6730.0,5236,6720.0,3845,6710.0,7494,6700.0,16030,6750.0,1407,6760.0,2334,6770.0,3173,6780.0,979,6790.0,456,2025-05-09 15:16:44.414,,2147483647,414595,False,nan
3802,537766,1611277944,MERV - XMEV - GGAL - 24hs,6750.0,2025-05-09 15:16:43,200,2025-05-09 15:16:45.238,6740.0,879,6730.0,5236,6720.0,3845,6710.0,7494,6700.0,16030,6750.0,1407,6760.0,1334,6770.0,3173,6780.0,979,6790.0,456,2025-05-09 15:16:45.156,,2147483647,414595,False,nan
3803,537820,1611278022,MERV - XMEV - GGAL - 24hs,6750.0,2025-05-09 15:16:45,1407,2025-05-09 15:16:45.865,6740.0,879,6730.0,5236,6720.0,3845,6710.0,7494,6700.0,16030,6750.0,1407,6760.0,1334,6770.0,3173,6780.0,979,6790.0,456,2025-05-09 15:16:45.780,,2147483647,414595,True,offer
3804,537885,1611278109,MERV - XMEV - GGAL - 24hs,6750.0,2025-05-09 15:16:45,1407,2025-05-09 15:16:46.376,6750.0,593,6740.0,879,6730.0,5236,6720.0,3845,6710.0,7494,6760.0,2334,6770.0,3173,6780.0,979,6790.0,456,6800.0,300,2025-05-09 15:16:46.281,,2147483647,414595,False,nan
3805,537972,1611278229,MERV - XMEV - GGAL - 24hs,6750.0,2025-05-09 15:16:45,1407,2025-05-09 15:16:46.891,6750.0,593,6740.0,879,6730.0,5236,6720.0,3845,6710.0,7494,6760.0,2334,6770.0,3173,6780.0,979,6790.0,456,6800.0,300,2025-05-09 15:16:46.782,,2147483647,416002,False,nan
3806,538121,1611278439,MERV - XMEV - GGAL - 24hs,6750.0,2025-05-09 15:16:45,1407,2025-05-09 15:16:47.980,6750.0,593,6740.0,1879,6730.0,5236,6720.0,3845,6710.0,7494,6760.0,2334,6770.0,3173,6780.0,979,6790.0,456,6800.0,300,2025-05-09 15:16:47.891,,2147483647,416002,False,nan
3807,538217,1611278568,MERV - XMEV - GGAL - 24hs,6750.0,2025-05-09 15:16:45,1407,2025-05-09 15:16:49.499,6750.0,593,6740.0,1879,6730.0,5236,6720.0,3845,6710.0,7494,6760.0,1334,6770.0,3173,6780.0,979,6790.0,456,6800.0,300,2025-05-09 15:16:49.413,,2147483647,416002,False,nan
3808,538284,1611278655,MERV - XMEV - GGAL - 24hs,6750.0,2025-05-09 15:16:45,1407,2025-05-09 15:16:50.267,6750.0,593,6740.0,1879,6730.0,5236,6720.0,3845,6710.0,7495,6760.0,3334,6770.0,3173,6780.0,979,6790.0,456,6800.0,300,2025-05-09 15:16:50.186,,2147483647,416002,False,nan
3809,538529,1611279024,MERV - XMEV - GGAL - 24hs,6750.0,2025-05-09 15:16:45,1407,2025-05-09 15:16:53.727,6750.0,593,6740.0,1879,6730.0,5236,6720.0,3845,6710.0,7495,6760.0,4334,6770.0,3173,6780.0,979,6790.0,456,6800.0,300,2025-05-09 15:16:53.427,,2147483647,416002,False,nan
3810,538951,1611279633,MERV - XMEV - GGAL - 24hs,6750.0,2025-05-09 15:16:45,1407,2025-05-09 15:16:58.169,6750.0,2493,6740.0,1879,6730.0,5236,6720.0,3845,6710.0,7495,6760.0,2334,6770.0,3173,6780.0,979,6790.0,456,6800.0,300,2025-05-09 15:16:58.083,,2147483647,416002,False,nan
3811,539003,1611279706,MERV - XMEV - GGAL - 24hs,6760.0,2025-05-09 15:16:58,1,2025-05-09 15:16:58.868,6750.0,2493,6740.0,1879,6730.0,5236,6720.0,3845,6710.0,7495,6760.0,2334,6770.0,3173,6780.0,979,6790.0,456,6800.0,300,2025-05-09 15:16:58.784,,2147483647,416002,True,offer
3812,539083,1611279809,MERV - XMEV - GGAL - 24hs,6760.0,2025-05-09 15:16:58,1,2025-05-09 15:16:59.536,6750.0,2493,6740.0,1879,6730.0,5236,6720.0,3845,6710.0,7495,6760.0,3333,6770.0,3173,6780.0,979,6790.0,456,6800.0,300,2025-05-09 15:16:59.453,,2147483647,416002,False,nan
3813,539140,1611279883,MERV - XMEV - GGAL - 24hs,6760.0,2025-05-09 15:16:58,1,2025-05-09 15:17:00.048,6750.0,2493,6740.0,1879,6730.0,5236,6720.0,3845,6710.0,7495,6760.0,3333,6770.0,3173,6780.0,979,6790.0,456,6800.0,300,2025-05-09 15:16:59.953,,2147483647,416003,False,nan
3814,539220,1611279993,MERV - XMEV - GGAL - 24hs,6760.0,2025-05-09 15:16:58,1,2025-05-09 15:17:00.646,6750.0,2493,6740.0,1879,6730.0,5236,6720.0,3845,6710.0,7495,6760.0,3333,6770.0,3173,6780.0,979,6790.0,110,6800.0,646,2025-05-09 15:17:00.551,,2147483647,416003,False,nan
3815,539278,1611280075,MERV - XMEV - GGAL - 24hs,6760.0,2025-05-09 15:16:58,1,2025-05-09 15:17:01.321,6750.0,2493,6740.0,1879,6730.0,5236,6720.0,3845,6710.0,7495,6760.0,2333,6770.0,3173,6780.0,979,6790.0,110,6800.0,646,2025-05-09 15:17:01.233,,2147483647,416003,False,nan
3816,539463,1611280322,MERV - XMEV - GGAL - 24hs,6760.0,2025-05-09 15:16:58,1,2025-05-09 15:17:03.286,6750.0,2493,6740.0,1879,6730.0,5236,6720.0,3845,6710.0,7495,6760.0,3333,6770.0,3173,6780.0,979,6790.0,110,6800.0,646,2025-05-09 15:17:03.195,,2147483647,416003,False,nan
3817,539605,1611280532,MERV - XMEV - GGAL - 24hs,6760.0,2025-05-09 15:16:58,1,2025-05-09 15:17:05.053,6750.0,2493,6740.0,1879,6730.0,5236,6720.0,3845,6710.0,7495,6760.0,4333,6770.0,3173,6780.0,979,6790.0,110,6800.0,646,2025-05-09 15:17:04.972,,2147483647,416003,False,nan
3818,539660,1611280613,MERV - XMEV - GGAL - 24hs,6760.0,2025-05-09 15:16:58,1,2025-05-09 15:17:05.791,6750.0,2493,6740.0,1879,6730.0,5236,6720.0,3845,6710.0,7495,6760.0,2333,6770.0,3173,6780.0,979,6790.0,110,6800.0,646,2025-05-09 15:17:05.704,,2147483647,416003,False,nan
3819,539724,1611280696,MERV - XMEV - GGAL - 24hs,6760.0,2025-05-09 15:16:58,1,2025-05-09 15:17:06.547,6750.0,2493,6740.0,1879,6730.0,7236,6720.0,3845,6710.0,7495,6760.0,2333,6770.0,3173,6780.0,979,6790.0,110,6800.0,646,2025-05-09 15:17:06.464,,2147483647,416003,False,nan
3820,539865,1611280920,MERV - XMEV - GGAL - 24hs,6760.0,2025-05-09 15:16:58,1,2025-05-09 15:17:08.520,6750.0,2493,6740.0,1879,6730.0,7336,6720.0,3845,6710.0,7495,6760.0,2333,6770.0,3173,6780.0,979,6790.0,110,6800.0,646,2025-05-09 15:17:08.438,,2147483647,416003,False,nan
3821,540237,1611281440,MERV - XMEV - GGAL - 24hs,6760.0,2025-05-09 15:16:58,1,2025-05-09 15:17:13.119,6750.0,2493,6740.0,1879,6730.0,7336,6720.0,3845,6710.0,7495,6760.0,4333,6770.0,3173,6780.0,979,6790.0,110,6800.0,646,2025-05-09 15:17:12.975,,2147483647,416003,False,nan
3822,540294,1611281525,MERV - XMEV - GGAL - 24hs,6760.0,2025-05-09 15:16:58,1,2025-05-09 15:17:13.821,6750.0,2493,6740.0,1879,6730.0,7336,6720.0,3845,6710.0,7495,6760.0,3333,6770.0,3173,6780.0,979,6790.0,110,6800.0,646,2025-05-09 15:17:13.739,,2147483647,416003,False,nan
3823,540347,1611281613,MERV - XMEV - GGAL - 24hs,6760.0,2025-05-09 15:16:58,1,2025-05-09 15:17:14.619,6750.0,2493,6740.0,1879,6730.0,7336,6720.0,3845,6710.0,7495,6760.0,4333,6770.0,3173,6780.0,979,6790.0,110,6800.0,646,2025-05-09 15:17:14.519,,2147483647,416003,False,nan
3824,540469,1611281787,MERV - XMEV - GGAL - 24hs,6760.0,2025-05-09 15:16:58,1,2025-05-09 15:17:15.375,6750.0,2493,6740.0,1879,6730.0,7336,6720.0,3845,6710.0,7495,6760.0,2333,6770.0,3173,6780.0,979,6790.0,110,6800.0,646,2025-05-09 15:17:15.291,,2147483647,416003,False,nan
3825,540739,1611282151,MERV - XMEV - GGAL - 24hs,6760.0,2025-05-09 15:16:58,1,2025-05-09 15:17:17.767,6750.0,2493,6740.0,1879,6730.0,7336,6720.0,3845,6710.0,7495,6760.0,1333,6770.0,3173,6780.0,979,6790.0,110,6800.0,646,2025-05-09 15:17:17.672,,2147483647,416003,False,nan
3826,540828,1611282265,MERV - XMEV - GGAL - 24hs,6760.0,2025-05-09 15:16:58,1,2025-05-09 15:17:18.565,6750.0,2493,6740.0,1879,6730.0,7336,6720.0,3845,6710.0,7495,6760.0,2333,6770.0,3173,6780.0,979,6790.0,110,6800.0,646,2025-05-09 15:17:18.476,,2147483647,416003,False,nan
3827,540989,1611282478,MERV - XMEV - GGAL - 24hs,6760.0,2025-05-09 15:16:58,1,2025-05-09 15:17:20.305,6750.0,2493,6740.0,3879,6730.0,7336,6720.0,3845,6710.0,7495,6760.0,2333,6770.0,3173,6780.0,979,6790.0,110,6800.0,646,2025-05-09 15:17:20.222,,2147483647,416003,False,nan
3828,541294,1611282886,MERV - XMEV - GGAL - 24hs,6760.0,2025-05-09 15:16:58,1,2025-05-09 15:17:23.292,6750.0,2493,6740.0,3879,6730.0,7336,6720.0,3845,6710.0,7495,6760.0,2496,6770.0,3173,6780.0,979,6790.0,110,6800.0,646,2025-05-09 15:17:23.210,,2147483647,416003,False,nan
3829,541403,1611283031,MERV - XMEV - GGAL - 24hs,6760.0,2025-05-09 15:16:58,1,2025-05-09 15:17:24.102,6750.0,2493,6740.0,3879,6730.0,7336,6720.0,3845,6710.0,7494,6760.0,2496,6770.0,3173,6780.0,979,6790.0,110,6800.0,646,2025-05-09 15:17:24.013,,2147483647,416003,False,nan
3830,541703,1611283441,MERV - XMEV - GGAL - 24hs,6760.0,2025-05-09 15:16:58,1,2025-05-09 15:17:27.631,6750.0,2493,6740.0,3879,6730.0,7336,6720.0,3101,6710.0,8239,6760.0,3496,6770.0,3173,6780.0,979,6790.0,110,6800.0,646,2025-05-09 15:17:27.544,,2147483647,416003,False,nan
3831,541861,1611283657,MERV - XMEV - GGAL - 24hs,6750.0,2025-05-09 15:17:29,1,2025-05-09 15:17:29.316,6750.0,2493,6740.0,3879,6730.0,7336,6720.0,3101,6710.0,8239,6760.0,3496,6770.0,3173,6780.0,979,6790.0,110,6800.0,646,2025-05-09 15:17:29.228,,2147483647,416003,True,bid
3832,542076,1611283922,MERV - XMEV - GGAL - 24hs,6750.0,2025-05-09 15:17:29,1,2025-05-09 15:17:30.375,6750.0,2493,6740.0,3879,6730.0,7336,6720.0,3101,6710.0,8239,6760.0,3496,6770.0,3173,6780.0,979,6790.0,110,6800.0,646,2025-05-09 15:17:30.003,,2147483647,416004,False,nan
3833,542172,1611284041,MERV - XMEV - GGAL - 24hs,6750.0,2025-05-09 15:17:29,1,2025-05-09 15:17:30.754,6750.0,2492,6740.0,3879,6730.0,7336,6720.0,3101,6710.0,8239,6760.0,3496,6770.0,3173,6780.0,979,6790.0,110,6800.0,646,2025-05-09 15:17:30.502,,2147483647,416004,False,nan
3834,542219,1611284096,MERV - XMEV - GGAL - 24hs,6750.0,2025-05-09 15:17:29,1,2025-05-09 15:17:31.084,6750.0,2492,6740.0,3879,6730.0,7336,6720.0,3101,6710.0,8239,6760.0,3496,6770.0,3173,6780.0,979,6790.0,110,6800.0,647,2025-05-09 15:17:31.002,,2147483647,416004,False,nan
3835,542403,1611284313,MERV - XMEV - GGAL - 24hs,6750.0,2025-05-09 15:17:29,1,2025-05-09 15:17:32.839,6750.0,2492,6740.0,3879,6730.0,7336,6720.0,3101,6710.0,8239,6760.0,5496,6770.0,3173,6780.0,979,6790.0,110,6800.0,647,2025-05-09 15:17:32.756,,2147483647,416004,False,nan
3836,542509,1611284452,MERV - XMEV - GGAL - 24hs,6750.0,2025-05-09 15:17:29,1,2025-05-09 15:17:34.563,6750.0,2492,6740.0,3879,6730.0,7336,6720.0,33101,6710.0,8239,6760.0,4496,6770.0,3173,6780.0,979,6790.0,110,6800.0,647,2025-05-09 15:17:34.480,,2147483647,416004,False,nan
3837,542553,1611284512,MERV - XMEV - GGAL - 24hs,6750.0,2025-05-09 15:17:29,1,2025-05-09 15:17:35.351,6750.0,2492,6740.0,3879,6730.0,7336,6720.0,33101,6710.0,8239,6760.0,6496,6770.0,3173,6780.0,979,6790.0,110,6800.0,647,2025-05-09 15:17:35.268,,2147483647,416004,False,nan
3838,542716,1611284715,MERV - XMEV - GGAL - 24hs,6750.0,2025-05-09 15:17:29,1,2025-05-09 15:17:37.138,6750.0,2492,6740.0,3879,6730.0,7336,6720.0,33101,6710.0,8239,6760.0,11496,6770.0,3173,6780.0,979,6790.0,110,6800.0,647,2025-05-09 15:17:37.053,,2147483647,416004,False,nan
3839,542781,1611284803,MERV - XMEV - GGAL - 24hs,6750.0,2025-05-09 15:17:29,1,2025-05-09 15:17:37.885,6750.0,2492,6740.0,3879,6730.0,7336,6720.0,33101,6710.0,8239,6760.0,12496,6770.0,3173,6780.0,979,6790.0,110,6800.0,647,2025-05-09 15:17:37.802,,2147483647,416004,False,nan
3840,542832,1611284878,MERV - XMEV - GGAL - 24hs,6760.0,2025-05-09 15:17:38,704,2025-05-09 15:17:38.795,6750.0,2492,6740.0,3879,6730.0,7336,6720.0,33101,6710.0,8239,6760.0,12496,6770.0,3173,6780.0,979,6790.0,110,6800.0,647,2025-05-09 15:17:38.581,,2147483647,416004,True,offer
3841,542865,1611284921,MERV - XMEV - GGAL - 24hs,6760.0,2025-05-09 15:17:38,704,2025-05-09 15:17:38.935,6750.0,2492,6740.0,3879,6730.0,7336,6720.0,33101,6710.0,8239,6760.0,11296,6770.0,3173,6780.0,979,6790.0,110,6800.0,647,2025-05-09 15:17:38.850,,2147483647,416004,False,nan
3842,542907,1611284983,MERV - XMEV - GGAL - 24hs,6760.0,2025-05-09 15:17:38,704,2025-05-09 15:17:39.439,6750.0,2492,6740.0,3879,6730.0,7336,6720.0,33101,6710.0,8239,6760.0,11296,6770.0,3173,6780.0,979,6790.0,110,6800.0,647,2025-05-09 15:17:39.355,,2147483647,417204,False,nan
3843,543122,1611285289,MERV - XMEV - GGAL - 24hs,6760.0,2025-05-09 15:17:38,704,2025-05-09 15:17:41.765,6750.0,2492,6740.0,3879,6730.0,7336,6720.0,33101,6710.0,8250,6760.0,11296,6770.0,3173,6780.0,979,6790.0,110,6800.0,647,2025-05-09 15:17:41.683,,2147483647,417204,False,nan
3844,543161,1611285343,MERV - XMEV - GGAL - 24hs,6750.0,2025-05-09 15:17:41,3,2025-05-09 15:17:42.265,6750.0,2492,6740.0,3879,6730.0,7336,6720.0,33101,6710.0,8250,6760.0,11296,6770.0,3173,6780.0,979,6790.0,110,6800.0,647,2025-05-09 15:17:42.183,,2147483647,417204,True,bid
3845,543198,1611285391,MERV - XMEV - GGAL - 24hs,6750.0,2025-05-09 15:17:41,3,2025-05-09 15:17:42.765,6750.0,2489,6740.0,3879,6730.0,7336,6720.0,33101,6710.0,8250,6760.0,11296,6770.0,3173,6780.0,979,6790.0,110,6800.0,647,2025-05-09 15:17:42.683,,2147483647,417207,False,nan
3846,543319,1611285557,MERV - XMEV - GGAL - 24hs,6750.0,2025-05-09 15:17:41,3,2025-05-09 15:17:44.036,6750.0,2489,6740.0,3879,6730.0,7336,6720.0,33845,6710.0,7505,6760.0,11296,6770.0,3173,6780.0,979,6790.0,110,6800.0,647,2025-05-09 15:17:43.954,,2147483647,417207,False,nan
3847,543354,1611285603,MERV - XMEV - GGAL - 24hs,6760.0,2025-05-09 15:17:44,5,2025-05-09 15:17:44.529,6750.0,2489,6740.0,3879,6730.0,7336,6720.0,33845,6710.0,7505,6760.0,11296,6770.0,3173,6780.0,979,6790.0,110,6800.0,647,2025-05-09 15:17:44.448,,2147483647,417207,True,offer
3848,543405,1611285686,MERV - XMEV - GGAL - 24hs,6760.0,2025-05-09 15:17:44,5,2025-05-09 15:17:45.029,6750.0,2489,6740.0,3879,6730.0,7336,6720.0,33101,6710.0,8250,6760.0,11291,6770.0,3173,6780.0,979,6790.0,110,6800.0,647,2025-05-09 15:17:44.947,,2147483647,417212,False,nan
3849,543612,1611285970,MERV - XMEV - GGAL - 24hs,6760.0,2025-05-09 15:17:44,5,2025-05-09 15:17:47.555,6750.0,2489,6740.0,3625,6730.0,7336,6720.0,33101,6710.0,8250,6760.0,11291,6770.0,3173,6780.0,979,6790.0,110,6800.0,647,2025-05-09 15:17:47.473,,2147483647,417212,False,nan
3850,543794,1611286230,MERV - XMEV - GGAL - 24hs,6760.0,2025-05-09 15:17:44,5,2025-05-09 15:17:49.416,6750.0,2489,6740.0,3625,6730.0,7336,6720.0,33101,6710.0,8250,6760.0,9291,6770.0,3173,6780.0,979,6790.0,110,6800.0,647,2025-05-09 15:17:49.331,,2147483647,417212,False,nan
3851,543878,1611286356,MERV - XMEV - GGAL - 24hs,6760.0,2025-05-09 15:17:44,5,2025-05-09 15:17:50.151,6750.0,2489,6740.0,3625,6730.0,7336,6720.0,33101,6710.0,8250,6760.0,12291,6770.0,3173,6780.0,979,6790.0,110,6800.0,647,2025-05-09 15:17:50.068,,2147483647,417212,False,nan
3852,544261,1611286906,MERV - XMEV - GGAL - 24hs,6760.0,2025-05-09 15:17:55,3,2025-05-09 15:17:55.349,6750.0,2489,6740.0,3625,6730.0,7336,6720.0,33101,6710.0,8250,6760.0,12291,6770.0,3173,6780.0,979,6790.0,110,6800.0,647,2025-05-09 15:17:55.266,,2147483647,417212,True,offer
3853,544301,1611286962,MERV - XMEV - GGAL - 24hs,6760.0,2025-05-09 15:17:55,3,2025-05-09 15:17:56.012,6750.0,2489,6740.0,3625,6730.0,7336,6720.0,33101,6710.0,8250,6760.0,12288,6770.0,3173,6780.0,979,6790.0,110,6800.0,647,2025-05-09 15:17:55.930,,2147483647,417212,False,nan
3854,544328,1611287001,MERV - XMEV - GGAL - 24hs,6760.0,2025-05-09 15:17:55,3,2025-05-09 15:17:56.513,6750.0,2489,6740.0,3625,6730.0,7336,6720.0,33101,6710.0,8250,6760.0,12288,6770.0,3173,6780.0,979,6790.0,110,6800.0,647,2025-05-09 15:17:56.430,,2147483647,417215,False,nan
3855,545277,1611288271,MERV - XMEV - GGAL - 24hs,6760.0,2025-05-09 15:17:55,3,2025-05-09 15:18:04.425,6750.0,2489,6740.0,3625,6730.0,7336,6720.0,33101,6710.0,8250,6760.0,9288,6770.0,3173,6780.0,979,6790.0,110,6800.0,647,2025-05-09 15:18:04.341,,2147483647,417215,False,nan
3856,545391,1611288425,MERV - XMEV - GGAL - 24hs,6760.0,2025-05-09 15:17:55,3,2025-05-09 15:18:05.164,6750.0,2489,6740.0,3625,6730.0,7336,6720.0,33845,6710.0,7505,6760.0,13288,6770.0,3173,6780.0,979,6790.0,110,6800.0,647,2025-05-09 15:18:05.081,,2147483647,417215,False,nan
3857,545493,1611288561,MERV - XMEV - GGAL - 24hs,6760.0,2025-05-09 15:18:05,30,2025-05-09 15:18:05.963,6750.0,2489,6740.0,3625,6730.0,7336,6720.0,33845,6710.0,7505,6760.0,13288,6770.0,3173,6780.0,979,6790.0,110,6800.0,647,2025-05-09 15:18:05.864,,2147483647,417215,True,offer
3858,545537,1611288615,MERV - XMEV - GGAL - 24hs,6760.0,2025-05-09 15:18:06,2,2025-05-09 15:18:06.446,6750.0,2489,6740.0,3625,6730.0,7336,6720.0,33845,6710.0,7505,6760.0,13288,6770.0,3173,6780.0,979,6790.0,110,6800.0,647,2025-05-09 15:18:06.364,,2147483647,417245,True,offer
3859,545581,1611288674,MERV - XMEV - GGAL - 24hs,6760.0,2025-05-09 15:18:06,2,2025-05-09 15:18:06.945,6750.0,2489,6740.0,3625,6730.0,7336,6720.0,33845,6710.0,7505,6760.0,13256,6770.0,3173,6780.0,979,6790.0,110,6800.0,647,2025-05-09 15:18:06.864,,2147483647,417247,False,nan
3860,545668,1611288789,MERV - XMEV - GGAL - 24hs,6760.0,2025-05-09 15:18:07,14,2025-05-09 15:18:08.037,6750.0,2489,6740.0,3625,6730.0,7336,6720.0,33845,6710.0,7505,6760.0,13256,6770.0,3173,6780.0,979,6790.0,110,6800.0,647,2025-05-09 15:18:07.951,,2147483647,417247,True,offer
3861,545719,1611288862,MERV - XMEV - GGAL - 24hs,6760.0,2025-05-09 15:18:07,14,2025-05-09 15:18:08.533,6750.0,2489,6740.0,3625,6730.0,7336,6720.0,33101,6710.0,8250,6760.0,13242,6770.0,3173,6780.0,979,6790.0,110,6800.0,647,2025-05-09 15:18:08.451,,2147483647,417247,False,nan
3862,545765,1611288924,MERV - XMEV - GGAL - 24hs,6760.0,2025-05-09 15:18:07,14,2025-05-09 15:18:09.035,6750.0,2489,6740.0,3625,6730.0,7336,6720.0,33101,6710.0,8250,6760.0,13242,6770.0,3173,6780.0,979,6790.0,110,6800.0,647,2025-05-09 15:18:08.951,,2147483647,417261,False,nan
3863,545987,1611289251,MERV - XMEV - GGAL - 24hs,6760.0,2025-05-09 15:18:07,14,2025-05-09 15:18:11.177,6750.0,2489,6740.0,3625,6730.0,7336,6720.0,33845,6710.0,7506,6760.0,13242,6770.0,3173,6780.0,979,6790.0,110,6800.0,647,2025-05-09 15:18:11.094,,2147483647,417261,False,nan
3864,546201,1611289541,MERV - XMEV - GGAL - 24hs,6760.0,2025-05-09 15:18:07,14,2025-05-09 15:18:13.363,6750.0,2489,6740.0,3625,6730.0,7336,6720.0,33101,6710.0,8251,6760.0,13242,6770.0,3173,6780.0,979,6790.0,110,6800.0,647,2025-05-09 15:18:13.282,,2147483647,417261,False,nan
3865,546418,1611289852,MERV - XMEV - GGAL - 24hs,6750.0,2025-05-09 15:18:15,29,2025-05-09 15:18:15.782,6750.0,2489,6740.0,3625,6730.0,7336,6720.0,33101,6710.0,8251,6760.0,13242,6770.0,3173,6780.0,979,6790.0,110,6800.0,647,2025-05-09 15:18:15.700,,2147483647,417261,True,bid
3866,546449,1611289890,MERV - XMEV - GGAL - 24hs,6750.0,2025-05-09 15:18:15,29,2025-05-09 15:18:16.297,6750.0,2460,6740.0,3625,6730.0,7336,6720.0,33101,6710.0,8251,6760.0,13242,6770.0,3173,6780.0,979,6790.0,110,6800.0,647,2025-05-09 15:18:16.200,,2147483647,417261,False,nan
3867,546489,1611289936,MERV - XMEV - GGAL - 24hs,6760.0,2025-05-09 15:18:16,14,2025-05-09 15:18:16.782,6750.0,2460,6740.0,3625,6730.0,7336,6720.0,33101,6710.0,8251,6760.0,13242,6770.0,3173,6780.0,979,6790.0,110,6800.0,647,2025-05-09 15:18:16.699,,2147483647,417290,True,offer
3868,546521,1611289979,MERV - XMEV - GGAL - 24hs,6760.0,2025-05-09 15:18:16,14,2025-05-09 15:18:17.282,6750.0,2460,6740.0,3625,6730.0,7336,6720.0,33101,6710.0,8251,6760.0,13228,6770.0,3173,6780.0,979,6790.0,110,6800.0,647,2025-05-09 15:18:17.199,,2147483647,417290,False,nan
3869,546554,1611290025,MERV - XMEV - GGAL - 24hs,6760.0,2025-05-09 15:18:17,3,2025-05-09 15:18:17.782,6750.0,2460,6740.0,3625,6730.0,7490,6720.0,33101,6710.0,8251,6760.0,14228,6770.0,3173,6780.0,979,6790.0,110,6800.0,647,2025-05-09 15:18:17.699,,2147483647,417304,True,offer
3870,546608,1611290100,MERV - XMEV - GGAL - 24hs,6760.0,2025-05-09 15:18:17,3,2025-05-09 15:18:18.402,6750.0,2460,6740.0,3625,6730.0,7490,6720.0,33101,6710.0,8251,6760.0,14225,6770.0,3173,6780.0,979,6790.0,110,6800.0,647,2025-05-09 15:18:18.320,,2147483647,417304,False,nan
3871,546647,1611290147,MERV - XMEV - GGAL - 24hs,6760.0,2025-05-09 15:18:17,3,2025-05-09 15:18:18.906,6750.0,2460,6740.0,3625,6730.0,7490,6720.0,33101,6710.0,8251,6760.0,14225,6770.0,3173,6780.0,979,6790.0,110,6800.0,647,2025-05-09 15:18:18.823,,2147483647,417307,False,nan
3872,546746,1611290271,MERV - XMEV - GGAL - 24hs,6760.0,2025-05-09 15:18:17,3,2025-05-09 15:18:19.999,6750.0,2460,6740.0,3625,6730.0,7490,6720.0,33101,6710.0,8251,6760.0,15225,6770.0,3173,6780.0,979,6790.0,110,6800.0,647,2025-05-09 15:18:19.900,,2147483647,417307,False,nan
3873,546904,1611290484,MERV - XMEV - GGAL - 24hs,6750.0,2025-05-09 15:18:21,49,2025-05-09 15:18:21.942,6750.0,2460,6740.0,3625,6730.0,7490,6720.0,33101,6710.0,8251,6760.0,15225,6770.0,3173,6780.0,979,6790.0,110,6800.0,647,2025-05-09 15:18:21.858,,2147483647,417307,True,bid
3874,546964,1611290561,MERV - XMEV - GGAL - 24hs,6750.0,2025-05-09 15:18:21,49,2025-05-09 15:18:22.935,6750.0,2411,6740.0,3625,6730.0,7490,6720.0,33101,6710.0,8251,6760.0,15225,6770.0,3173,6780.0,979,6790.0,110,6800.0,647,2025-05-09 15:18:22.808,,2147483647,417307,False,nan
3875,546997,1611290602,MERV - XMEV - GGAL - 24hs,6760.0,2025-05-09 15:18:22,3,2025-05-09 15:18:23.108,6750.0,2411,6740.0,3625,6730.0,7490,6720.0,33101,6710.0,8251,6760.0,15225,6770.0,3173,6780.0,979,6790.0,110,6800.0,647,2025-05-09 15:18:23.018,,2147483647,417371,True,offer
3876,547038,1611290675,MERV - XMEV - GGAL - 24hs,6760.0,2025-05-09 15:18:22,3,2025-05-09 15:18:23.600,6750.0,2396,6740.0,3625,6730.0,7490,6720.0,33101,6710.0,8251,6760.0,15222,6770.0,3173,6780.0,979,6790.0,110,6800.0,647,2025-05-09 15:18:23.518,,2147483647,417374,False,nan
3877,547505,1611291282,MERV - XMEV - GGAL - 24hs,6760.0,2025-05-09 15:18:29,485,2025-05-09 15:18:29.274,6750.0,2396,6740.0,3625,6730.0,7490,6720.0,33101,6710.0,8251,6760.0,15222,6770.0,3173,6780.0,979,6790.0,110,6800.0,647,2025-05-09 15:18:29.192,,2147483647,417374,True,offer
3878,547548,1611291340,MERV - XMEV - GGAL - 24hs,6760.0,2025-05-09 15:18:29,485,2025-05-09 15:18:29.942,6750.0,2396,6740.0,3625,6730.0,7490,6720.0,33101,6710.0,8251,6760.0,14737,6770.0,3173,6780.0,979,6790.0,110,6800.0,647,2025-05-09 15:18:29.857,,2147483647,417374,False,nan
3879,547597,1611291408,MERV - XMEV - GGAL - 24hs,6760.0,2025-05-09 15:18:29,485,2025-05-09 15:18:30.441,6750.0,2396,6740.0,3625,6730.0,7490,6720.0,33101,6710.0,8251,6760.0,14737,6770.0,3173,6780.0,979,6790.0,110,6800.0,647,2025-05-09 15:18:30.357,,2147483647,417859,False,nan
3880,547965,1611291941,MERV - XMEV - GGAL - 24hs,6760.0,2025-05-09 15:18:29,485,2025-05-09 15:18:34.390,6750.0,2396,6740.0,3645,6730.0,7490,6720.0,33101,6710.0,8251,6760.0,14737,6770.0,3173,6780.0,979,6790.0,110,6800.0,647,2025-05-09 15:18:34.308,,2147483647,417859,False,nan
3881,548583,1611292733,MERV - XMEV - GGAL - 24hs,6760.0,2025-05-09 15:18:29,485,2025-05-09 15:18:41.521,6750.0,2396,6740.0,3645,6730.0,7490,6720.0,33101,6710.0,8251,6760.0,19737,6770.0,3173,6780.0,979,6790.0,110,6800.0,647,2025-05-09 15:18:41.437,,2147483647,417859,False,nan
3882,548845,1611293097,MERV - XMEV - GGAL - 24hs,6760.0,2025-05-09 15:18:43,18,2025-05-09 15:18:44.005,6750.0,2396,6740.0,3645,6730.0,7490,6720.0,33101,6710.0,8251,6760.0,19737,6770.0,3173,6780.0,979,6790.0,110,6800.0,647,2025-05-09 15:18:43.921,,2147483647,417859,True,offer
3883,548904,1611293172,MERV - XMEV - GGAL - 24hs,6760.0,2025-05-09 15:18:43,18,2025-05-09 15:18:44.665,6750.0,2396,6740.0,3645,6730.0,7490,6720.0,33101,6710.0,8251,6760.0,19719,6770.0,3173,6780.0,979,6790.0,110,6800.0,647,2025-05-09 15:18:44.583,,2147483647,417859,False,nan
3884,548941,1611293225,MERV - XMEV - GGAL - 24hs,6760.0,2025-05-09 15:18:43,18,2025-05-09 15:18:45.166,6750.0,2396,6740.0,3645,6730.0,7490,6720.0,33101,6710.0,8251,6760.0,19719,6770.0,3173,6780.0,979,6790.0,110,6800.0,647,2025-05-09 15:18:45.084,,2147483647,417877,False,nan
3885,549104,1611293445,MERV - XMEV - GGAL - 24hs,6760.0,2025-05-09 15:18:43,18,2025-05-09 15:18:47.072,6750.0,2396,6740.0,3645,6730.0,7491,6720.0,33101,6710.0,8251,6760.0,15719,6770.0,3173,6780.0,979,6790.0,110,6800.0,647,2025-05-09 15:18:46.979,,2147483647,417877,False,nan
3886,549180,1611293546,MERV - XMEV - GGAL - 24hs,6760.0,2025-05-09 15:18:43,18,2025-05-09 15:18:48.039,6750.0,2896,6740.0,3645,6730.0,7491,6720.0,33101,6710.0,8251,6760.0,16719,6770.0,3173,6780.0,979,6790.0,110,6800.0,647,2025-05-09 15:18:47.956,,2147483647,417877,False,nan
3887,549253,1611293650,MERV - XMEV - GGAL - 24hs,6760.0,2025-05-09 15:18:43,18,2025-05-09 15:18:48.793,6750.0,2896,6740.0,3645,6730.0,7491,6720.0,33101,6710.0,8251,6760.0,19719,6770.0,3173,6780.0,979,6790.0,110,6800.0,647,2025-05-09 15:18:48.705,,2147483647,417877,False,nan
3888,549313,1611293725,MERV - XMEV - GGAL - 24hs,6750.0,2025-05-09 15:18:48,50,2025-05-09 15:18:49.287,6750.0,2896,6740.0,3645,6730.0,7491,6720.0,33101,6710.0,8251,6760.0,19719,6770.0,3173,6780.0,979,6790.0,110,6800.0,647,2025-05-09 15:18:49.205,,2147483647,417877,True,bid
3889,549369,1611293811,MERV - XMEV - GGAL - 24hs,6750.0,2025-05-09 15:18:48,50,2025-05-09 15:18:49.787,6750.0,2846,6740.0,3645,6730.0,7491,6720.0,33101,6710.0,8251,6760.0,19719,6770.0,3173,6780.0,979,6790.0,110,6800.0,647,2025-05-09 15:18:49.705,,2147483647,417927,False,nan
3890,549430,1611293914,MERV - XMEV - GGAL - 24hs,6740.0,2025-05-09 15:18:50,20,2025-05-09 15:18:50.290,6750.0,2846,6740.0,3645,6730.0,7491,6720.0,33101,6710.0,8251,6760.0,19719,6770.0,3173,6780.0,979,6790.0,110,6800.0,647,2025-05-09 15:18:50.206,,2147483647,420774,True,bid
3891,549485,1611293990,MERV - XMEV - GGAL - 24hs,6740.0,2025-05-09 15:18:50,20,2025-05-09 15:18:50.790,6730.0,7491,6720.0,33101,6710.0,5251,6700.0,4317,6690.0,15202,6740.0,355,6750.0,2883,6760.0,719,6770.0,290,6780.0,4979,2025-05-09 15:18:50.706,,2147483647,420774,False,nan
3892,549562,1611294105,MERV - XMEV - GGAL - 24hs,6740.0,2025-05-09 15:18:50,20,2025-05-09 15:18:51.287,6730.0,7491,6720.0,33101,6710.0,5251,6700.0,4317,6690.0,15202,6740.0,355,6750.0,2883,6760.0,719,6770.0,290,6780.0,4979,2025-05-09 15:18:51.205,,2147483647,424422,False,nan
3893,549618,1611294183,MERV - XMEV - GGAL - 24hs,6730.0,2025-05-09 15:18:51,162,2025-05-09 15:18:51.908,6730.0,7491,6720.0,33101,6710.0,5251,6700.0,4317,6690.0,15202,6740.0,355,6750.0,2883,6760.0,719,6770.0,290,6780.0,4979,2025-05-09 15:18:51.820,,2147483647,424422,True,bid
3894,549662,1611294236,MERV - XMEV - GGAL - 24hs,6730.0,2025-05-09 15:18:51,838,2025-05-09 15:18:52.406,6730.0,7491,6720.0,33101,6710.0,5251,6700.0,4317,6690.0,15202,6740.0,355,6750.0,2883,6760.0,719,6770.0,290,6780.0,4979,2025-05-09 15:18:52.319,,2147483647,424422,False,nan
3895,549731,1611294331,MERV - XMEV - GGAL - 24hs,6730.0,2025-05-09 15:18:51,838,2025-05-09 15:18:52.904,6730.0,6491,6720.0,33101,6710.0,5251,6700.0,1317,6690.0,202,6740.0,2883,6760.0,719,6770.0,290,6780.0,4979,6790.0,100,2025-05-09 15:18:52.821,,2147483647,425422,False,nan
3896,549777,1611294390,MERV - XMEV - GGAL - 24hs,6730.0,2025-05-09 15:18:51,838,2025-05-09 15:18:53.402,6730.0,6491,6720.0,3101,6710.0,5251,6700.0,1317,6690.0,202,6740.0,2883,6760.0,719,6770.0,290,6780.0,4979,6790.0,100,2025-05-09 15:18:53.319,,2147483647,425422,False,nan
3897,549835,1611294474,MERV - XMEV - GGAL - 24hs,6730.0,2025-05-09 15:18:51,838,2025-05-09 15:18:53.901,6730.0,8491,6720.0,3101,6710.0,5251,6700.0,1317,6690.0,202,6740.0,2883,6760.0,719,6770.0,290,6780.0,4979,6790.0,100,2025-05-09 15:18:53.819,,2147483647,425422,False,nan
3898,549903,1611294556,MERV - XMEV - GGAL - 24hs,6730.0,2025-05-09 15:18:54,1000,2025-05-09 15:18:54.416,6730.0,8491,6720.0,3101,6710.0,5251,6700.0,1317,6690.0,202,6740.0,2883,6760.0,719,6770.0,290,6780.0,4979,6790.0,100,2025-05-09 15:18:54.319,,2147483647,425422,True,bid
3899,549973,1611294638,MERV - XMEV - GGAL - 24hs,6730.0,2025-05-09 15:18:54,1000,2025-05-09 15:18:54.909,6730.0,7491,6720.0,3101,6710.0,5251,6700.0,1317,6690.0,202,6740.0,2883,6760.0,719,6770.0,290,6780.0,4979,6790.0,100,2025-05-09 15:18:54.824,,2147483647,426422,False,nan
3900,550018,1611294695,MERV - XMEV - GGAL - 24hs,6730.0,2025-05-09 15:18:55,1000,2025-05-09 15:18:55.419,6730.0,7491,6720.0,3101,6710.0,5251,6700.0,1317,6690.0,202,6740.0,2883,6760.0,719,6770.0,290,6780.0,4979,6790.0,100,2025-05-09 15:18:55.320,,2147483647,426422,True,bid
3901,550059,1611294749,MERV - XMEV - GGAL - 24hs,6730.0,2025-05-09 15:18:55,1000,2025-05-09 15:18:55.901,6730.0,6491,6720.0,3101,6710.0,5251,6700.0,1317,6690.0,202,6740.0,2883,6760.0,719,6770.0,290,6780.0,4979,6790.0,100,2025-05-09 15:18:55.819,,2147483647,427422,False,nan
3902,550100,1611294814,MERV - XMEV - GGAL - 24hs,6730.0,2025-05-09 15:18:55,2000,2025-05-09 15:18:56.403,6730.0,6491,6720.0,3101,6710.0,5251,6700.0,1317,6690.0,202,6740.0,2883,6760.0,719,6770.0,290,6780.0,4979,6790.0,100,2025-05-09 15:18:56.319,,2147483647,427422,False,nan
3903,550130,1611294854,MERV - XMEV - GGAL - 24hs,6730.0,2025-05-09 15:18:56,1764,2025-05-09 15:18:56.905,6730.0,4337,6720.0,3101,6710.0,5251,6700.0,1317,6690.0,202,6740.0,2883,6760.0,719,6770.0,290,6780.0,4979,6790.0,100,2025-05-09 15:18:56.820,,2147483647,429422,True,bid
3904,550162,1611294907,MERV - XMEV - GGAL - 24hs,6730.0,2025-05-09 15:18:56,1764,2025-05-09 15:18:57.403,6730.0,2337,6720.0,3101,6710.0,5251,6700.0,1317,6690.0,3202,6740.0,2883,6760.0,719,6770.0,290,6780.0,4979,6790.0,100,2025-05-09 15:18:57.320,,2147483647,429422,False,nan
3905,550220,1611294989,MERV - XMEV - GGAL - 24hs,6730.0,2025-05-09 15:18:56,1764,2025-05-09 15:18:57.908,6730.0,2337,6720.0,3101,6710.0,5251,6700.0,1317,6690.0,3202,6740.0,2883,6760.0,719,6770.0,290,6780.0,4979,6790.0,100,2025-05-09 15:18:57.820,,2147483647,431422,False,nan
3906,550269,1611295058,MERV - XMEV - GGAL - 24hs,6730.0,2025-05-09 15:18:58,195,2025-05-09 15:18:58.401,6730.0,2337,6720.0,3101,6710.0,5251,6700.0,1317,6690.0,3202,6740.0,2883,6760.0,719,6770.0,290,6780.0,4979,6790.0,100,2025-05-09 15:18:58.320,,2147483647,431422,True,bid
3907,550357,1611295185,MERV - XMEV - GGAL - 24hs,6730.0,2025-05-09 15:18:58,195,2025-05-09 15:18:58.979,6730.0,2142,6720.0,3101,6710.0,5251,6700.0,1317,6690.0,3202,6740.0,2883,6760.0,719,6770.0,290,6780.0,4979,6790.0,100,2025-05-09 15:18:58.897,,2147483647,431422,False,nan
3908,550390,1611295228,MERV - XMEV - GGAL - 24hs,6740.0,2025-05-09 15:18:59,10,2025-05-09 15:18:59.479,6730.0,2142,6720.0,3101,6710.0,5251,6700.0,1317,6690.0,3202,6740.0,2883,6760.0,719,6770.0,290,6780.0,4979,6790.0,100,2025-05-09 15:18:59.397,,2147483647,433617,True,offer
3909,550440,1611295301,MERV - XMEV - GGAL - 24hs,6740.0,2025-05-09 15:18:59,10,2025-05-09 15:18:59.979,6730.0,142,6720.0,3101,6710.0,5251,6700.0,1317,6690.0,3202,6740.0,2873,6760.0,719,6770.0,290,6780.0,4979,6790.0,100,2025-05-09 15:18:59.897,,2147483647,433627,False,nan
3910,550497,1611295372,MERV - XMEV - GGAL - 24hs,6730.0,2025-05-09 15:19:00,142,2025-05-09 15:19:00.763,6730.0,142,6720.0,3101,6710.0,5251,6700.0,1317,6690.0,3202,6740.0,2873,6760.0,719,6770.0,290,6780.0,4979,6790.0,100,2025-05-09 15:19:00.570,,2147483647,433627,True,bid
3911,550566,1611295465,MERV - XMEV - GGAL - 24hs,6730.0,2025-05-09 15:19:00,1000,2025-05-09 15:19:01.151,6720.0,3101,6710.0,5251,6700.0,1310,6690.0,3202,6680.0,15016,6730.0,858,6740.0,2873,6760.0,719,6770.0,290,6780.0,4979,2025-05-09 15:19:01.069,,2147483647,433769,False,nan
3912,550654,1611295576,MERV - XMEV - GGAL - 24hs,6730.0,2025-05-09 15:19:01,27,2025-05-09 15:19:01.670,6720.0,3101,6710.0,5251,6700.0,1310,6690.0,3202,6680.0,15016,6730.0,831,6740.0,2873,6760.0,719,6770.0,290,6780.0,4979,2025-05-09 15:19:01.570,,2147483647,434796,True,offer
3913,550691,1611295629,MERV - XMEV - GGAL - 24hs,6730.0,2025-05-09 15:19:01,100,2025-05-09 15:19:02.152,6720.0,3101,6710.0,5251,6700.0,1310,6690.0,3202,6680.0,15016,6730.0,831,6740.0,2873,6760.0,719,6770.0,290,6780.0,4979,2025-05-09 15:19:02.070,,2147483647,434796,False,nan
3914,550743,1611295698,MERV - XMEV - GGAL - 24hs,6730.0,2025-05-09 15:19:01,100,2025-05-09 15:19:02.653,6720.0,3101,6710.0,5251,6700.0,1310,6690.0,3202,6680.0,15016,6730.0,731,6740.0,2873,6760.0,719,6770.0,290,6780.0,4979,2025-05-09 15:19:02.571,,2147483647,434896,False,nan
3915,551313,1611296531,MERV - XMEV - GGAL - 24hs,6730.0,2025-05-09 15:19:07,3,2025-05-09 15:19:07.153,6720.0,3101,6710.0,5251,6700.0,1310,6690.0,3202,6680.0,15016,6730.0,731,6740.0,2873,6760.0,719,6770.0,290,6780.0,4979,2025-05-09 15:19:07.071,,2147483647,434896,True,offer
3916,551354,1611296590,MERV - XMEV - GGAL - 24hs,6730.0,2025-05-09 15:19:07,3,2025-05-09 15:19:07.658,6720.0,3101,6710.0,5251,6700.0,1310,6690.0,202,6680.0,3016,6730.0,8870,6760.0,719,6770.0,290,6780.0,4979,6790.0,100,2025-05-09 15:19:07.571,,2147483647,434896,False,nan
3917,551397,1611296649,MERV - XMEV - GGAL - 24hs,6730.0,2025-05-09 15:19:07,3,2025-05-09 15:19:08.178,6720.0,3101,6710.0,5251,6700.0,1310,6690.0,202,6680.0,3016,6730.0,8870,6760.0,719,6770.0,290,6780.0,4979,6790.0,100,2025-05-09 15:19:08.071,,2147483647,434899,False,nan
3918,551451,1611296721,MERV - XMEV - GGAL - 24hs,6730.0,2025-05-09 15:19:07,3,2025-05-09 15:19:08.656,6720.0,3101,6710.0,5251,6700.0,1310,6690.0,202,6680.0,3016,6730.0,7870,6760.0,719,6770.0,290,6780.0,4979,6790.0,100,2025-05-09 15:19:08.573,,2147483647,434899,False,nan
3919,551702,1611297184,MERV - XMEV - GGAL - 24hs,6730.0,2025-05-09 15:19:07,3,2025-05-09 15:19:11.251,6720.0,3101,6710.0,5251,6700.0,1310,6690.0,202,6680.0,3016,6730.0,7870,6750.0,33,6760.0,719,6770.0,290,6780.0,4979,2025-05-09 15:19:11.164,,2147483647,434899,False,nan
3920,551772,1611297309,MERV - XMEV - GGAL - 24hs,6730.0,2025-05-09 15:19:12,1,2025-05-09 15:19:12.244,6720.0,3101,6710.0,5251,6700.0,1310,6690.0,202,6680.0,3016,6730.0,7870,6750.0,33,6760.0,719,6770.0,290,6780.0,4979,2025-05-09 15:19:12.159,,2147483647,434899,True,offer
3921,551844,1611297409,MERV - XMEV - GGAL - 24hs,6730.0,2025-05-09 15:19:12,1,2025-05-09 15:19:12.907,6720.0,3101,6710.0,5251,6700.0,1310,6690.0,202,6680.0,3016,6730.0,7869,6750.0,33,6760.0,719,6770.0,290,6780.0,4979,2025-05-09 15:19:12.824,,2147483647,434899,False,nan
3922,551891,1611297482,MERV - XMEV - GGAL - 24hs,6730.0,2025-05-09 15:19:12,1,2025-05-09 15:19:13.407,6720.0,3101,6710.0,5251,6700.0,1310,6690.0,202,6680.0,3016,6730.0,7869,6750.0,33,6760.0,719,6770.0,290,6780.0,4979,2025-05-09 15:19:13.325,,2147483647,434900,False,nan
3923,552441,1611298244,MERV - XMEV - GGAL - 24hs,6730.0,2025-05-09 15:19:18,5,2025-05-09 15:19:18.459,6720.0,3101,6710.0,5251,6700.0,1310,6690.0,202,6680.0,3016,6730.0,7869,6750.0,33,6760.0,719,6770.0,290,6780.0,4979,2025-05-09 15:19:18.378,,2147483647,434900,True,offer
3924,552497,1611298323,MERV - XMEV - GGAL - 24hs,6730.0,2025-05-09 15:19:18,5,2025-05-09 15:19:19.127,6720.0,3101,6710.0,5251,6700.0,1310,6690.0,202,6680.0,3016,6730.0,7864,6750.0,33,6760.0,719,6770.0,290,6780.0,4979,2025-05-09 15:19:19.044,,2147483647,434900,False,nan
3925,552548,1611298391,MERV - XMEV - GGAL - 24hs,6730.0,2025-05-09 15:19:18,5,2025-05-09 15:19:19.625,6720.0,3101,6710.0,5251,6700.0,1310,6690.0,202,6680.0,3016,6730.0,7864,6750.0,33,6760.0,719,6770.0,290,6780.0,4979,2025-05-09 15:19:19.543,,2147483647,434905,False,nan
3926,552627,1611298494,MERV - XMEV - GGAL - 24hs,6730.0,2025-05-09 15:19:18,5,2025-05-09 15:19:20.646,6720.0,101,6710.0,5251,6700.0,1310,6690.0,202,6680.0,3016,6730.0,8864,6750.0,33,6760.0,719,6770.0,290,6780.0,4979,2025-05-09 15:19:20.542,,2147483647,434905,False,nan
3927,552758,1611298682,MERV - XMEV - GGAL - 24hs,6730.0,2025-05-09 15:19:18,5,2025-05-09 15:19:21.679,6720.0,101,6710.0,5251,6700.0,1310,6690.0,202,6680.0,3016,6730.0,8864,6750.0,533,6760.0,719,6770.0,290,6780.0,4979,2025-05-09 15:19:21.596,,2147483647,434905,False,nan
3928,552938,1611298952,MERV - XMEV - GGAL - 24hs,6720.0,2025-05-09 15:19:23,50,2025-05-09 15:19:23.498,6720.0,101,6710.0,5251,6700.0,1310,6690.0,202,6680.0,3016,6730.0,8864,6750.0,533,6760.0,719,6770.0,290,6780.0,4979,2025-05-09 15:19:23.289,,2147483647,434905,True,bid
3929,552985,1611299017,MERV - XMEV - GGAL - 24hs,6720.0,2025-05-09 15:19:23,50,2025-05-09 15:19:23.750,6720.0,51,6710.0,5251,6700.0,1310,6690.0,202,6680.0,3016,6730.0,8864,6750.0,533,6760.0,719,6770.0,290,6780.0,4979,2025-05-09 15:19:23.668,,2147483647,434905,False,nan
3930,553036,1611299085,MERV - XMEV - GGAL - 24hs,6720.0,2025-05-09 15:19:23,50,2025-05-09 15:19:24.250,6720.0,51,6710.0,5251,6700.0,1310,6690.0,202,6680.0,3016,6730.0,8864,6750.0,533,6760.0,719,6770.0,290,6780.0,4979,2025-05-09 15:19:24.168,,2147483647,434955,False,nan
3931,553572,1611299793,MERV - XMEV - GGAL - 24hs,6720.0,2025-05-09 15:19:23,50,2025-05-09 15:19:28.720,6720.0,51,6710.0,5251,6700.0,3310,6690.0,202,6680.0,3016,6730.0,8864,6750.0,533,6760.0,719,6770.0,290,6780.0,4979,2025-05-09 15:19:28.613,,2147483647,434955,False,nan
3932,553663,1611299938,MERV - XMEV - GGAL - 24hs,6720.0,2025-05-09 15:19:23,50,2025-05-09 15:19:29.463,6720.0,51,6710.0,5251,6700.0,3310,6690.0,202,6680.0,3016,6730.0,8864,6750.0,33,6760.0,1219,6770.0,290,6780.0,4979,2025-05-09 15:19:29.319,,2147483647,434955,False,nan
3933,553732,1611300048,MERV - XMEV - GGAL - 24hs,6730.0,2025-05-09 15:19:29,100,2025-05-09 15:19:29.903,6720.0,51,6710.0,5251,6700.0,3310,6690.0,202,6680.0,3016,6730.0,8864,6750.0,33,6760.0,1219,6770.0,290,6780.0,4979,2025-05-09 15:19:29.819,,2147483647,434955,True,offer
3934,553806,1611300147,MERV - XMEV - GGAL - 24hs,6730.0,2025-05-09 15:19:29,100,2025-05-09 15:19:30.403,6720.0,51,6710.0,5251,6700.0,3310,6690.0,202,6680.0,3016,6730.0,8764,6750.0,33,6760.0,1219,6770.0,290,6780.0,4979,2025-05-09 15:19:30.319,,2147483647,435055,False,nan
3935,554049,1611300490,MERV - XMEV - GGAL - 24hs,6720.0,2025-05-09 15:19:32,40,2025-05-09 15:19:33.039,6720.0,51,6710.0,5251,6700.0,3310,6690.0,202,6680.0,3016,6730.0,8764,6750.0,33,6760.0,1219,6770.0,290,6780.0,4979,2025-05-09 15:19:32.956,,2147483647,435055,True,bid
3936,554120,1611300586,MERV - XMEV - GGAL - 24hs,6720.0,2025-05-09 15:19:32,40,2025-05-09 15:19:33.547,6720.0,11,6710.0,5251,6700.0,3310,6690.0,202,6680.0,3016,6730.0,5764,6750.0,33,6760.0,1219,6770.0,290,6780.0,979,2025-05-09 15:19:33.466,,2147483647,435055,False,nan
3937,554255,1611300787,MERV - XMEV - GGAL - 24hs,6730.0,2025-05-09 15:19:33,5,2025-05-09 15:19:34.199,6720.0,11,6710.0,5251,6700.0,3310,6690.0,202,6680.0,3016,6730.0,9764,6750.0,33,6760.0,1219,6770.0,3290,6780.0,979,2025-05-09 15:19:33.962,,2147483647,435095,True,offer
3938,554356,1611300929,MERV - XMEV - GGAL - 24hs,6730.0,2025-05-09 15:19:33,5,2025-05-09 15:19:34.630,6720.0,11,6710.0,5251,6700.0,3310,6690.0,202,6680.0,3016,6730.0,9759,6750.0,33,6760.0,1219,6770.0,3290,6780.0,979,2025-05-09 15:19:34.487,,2147483647,435095,False,nan
3939,554426,1611301033,MERV - XMEV - GGAL - 24hs,6730.0,2025-05-09 15:19:33,5,2025-05-09 15:19:35.069,6720.0,11,6710.0,5251,6700.0,3310,6690.0,202,6680.0,3016,6730.0,9759,6750.0,33,6760.0,1219,6770.0,3290,6780.0,979,2025-05-09 15:19:34.987,,2147483647,435100,False,nan
3940,554480,1611301102,MERV - XMEV - GGAL - 24hs,6730.0,2025-05-09 15:19:33,5,2025-05-09 15:19:35.595,6720.0,11,6710.0,5251,6700.0,3310,6690.0,202,6680.0,3016,6730.0,2759,6750.0,33,6760.0,1219,6770.0,3290,6780.0,979,2025-05-09 15:19:35.504,,2147483647,435100,False,nan
3941,554549,1611301196,MERV - XMEV - GGAL - 24hs,6730.0,2025-05-09 15:19:33,5,2025-05-09 15:19:36.342,6720.0,38,6710.0,5256,6700.0,3310,6690.0,202,6680.0,3016,6730.0,2759,6750.0,33,6760.0,1219,6770.0,3290,6780.0,979,2025-05-09 15:19:36.251,,2147483647,435100,False,nan
3942,554575,1611301239,MERV - XMEV - GGAL - 24hs,6730.0,2025-05-09 15:19:36,5,2025-05-09 15:19:36.834,6720.0,38,6710.0,5256,6700.0,3310,6690.0,202,6680.0,3016,6730.0,2759,6750.0,33,6760.0,1219,6770.0,3290,6780.0,979,2025-05-09 15:19:36.751,,2147483647,435100,True,offer
3943,554684,1611301386,MERV - XMEV - GGAL - 24hs,6730.0,2025-05-09 15:19:36,5,2025-05-09 15:19:37.452,6720.0,38,6710.0,5256,6700.0,3310,6690.0,3202,6680.0,3016,6730.0,2754,6750.0,33,6760.0,1219,6770.0,3290,6780.0,979,2025-05-09 15:19:37.251,,2147483647,435100,False,nan
3944,554723,1611301449,MERV - XMEV - GGAL - 24hs,6730.0,2025-05-09 15:19:36,5,2025-05-09 15:19:38.318,6720.0,38,6710.0,5256,6700.0,3310,6690.0,3202,6680.0,3016,6730.0,2754,6750.0,33,6760.0,1219,6770.0,3290,6780.0,979,2025-05-09 15:19:38.193,,2147483647,435105,False,nan
3945,555052,1611301913,MERV - XMEV - GGAL - 24hs,6730.0,2025-05-09 15:19:36,5,2025-05-09 15:19:40.595,6720.0,1238,6710.0,5256,6700.0,3310,6690.0,3202,6680.0,3016,6730.0,2754,6750.0,33,6760.0,1219,6770.0,3290,6780.0,979,2025-05-09 15:19:40.513,,2147483647,435105,False,nan
3946,555196,1611302099,MERV - XMEV - GGAL - 24hs,6720.0,2025-05-09 15:19:42,10,2025-05-09 15:19:42.323,6720.0,1238,6710.0,5256,6700.0,3310,6690.0,3202,6680.0,3016,6730.0,2754,6750.0,33,6760.0,1219,6770.0,3290,6780.0,979,2025-05-09 15:19:42.241,,2147483647,435105,True,bid
3947,555230,1611302148,MERV - XMEV - GGAL - 24hs,6720.0,2025-05-09 15:19:42,1200,2025-05-09 15:19:42.822,6720.0,1238,6710.0,5256,6700.0,3310,6690.0,3202,6680.0,3016,6730.0,2754,6750.0,33,6760.0,1219,6770.0,3290,6780.0,979,2025-05-09 15:19:42.740,,2147483647,435105,False,nan
3948,555269,1611302199,MERV - XMEV - GGAL - 24hs,6720.0,2025-05-09 15:19:42,1200,2025-05-09 15:19:43.332,6710.0,5256,6700.0,3310,6690.0,3302,6680.0,3016,6670.0,19583,6720.0,1,6730.0,2754,6750.0,33,6760.0,1219,6770.0,290,2025-05-09 15:19:43.240,,2147483647,436343,False,nan
3949,555543,1611302595,MERV - XMEV - GGAL - 24hs,6720.0,2025-05-09 15:19:42,1200,2025-05-09 15:19:46.571,6710.0,5256,6700.0,3310,6690.0,3302,6680.0,3016,6670.0,19583,6720.0,3000,6730.0,2754,6750.0,33,6760.0,5219,6770.0,290,2025-05-09 15:19:46.490,,2147483647,436343,False,nan
3950,555579,1611302646,MERV - XMEV - GGAL - 24hs,6720.0,2025-05-09 15:19:46,66,2025-05-09 15:19:47.072,6710.0,5256,6700.0,3310,6690.0,3302,6680.0,3016,6670.0,19583,6720.0,3000,6730.0,2754,6750.0,33,6760.0,5219,6770.0,290,2025-05-09 15:19:46.991,,2147483647,436343,True,offer
3951,555610,1611302694,MERV - XMEV - GGAL - 24hs,6720.0,2025-05-09 15:19:46,66,2025-05-09 15:19:47.574,6710.0,5256,6700.0,3310,6690.0,3302,6680.0,3016,6670.0,19583,6720.0,2934,6730.0,2754,6750.0,33,6760.0,5219,6770.0,290,2025-05-09 15:19:47.491,,2147483647,436409,False,nan
3952,555712,1611302830,MERV - XMEV - GGAL - 24hs,6720.0,2025-05-09 15:19:48,1,2025-05-09 15:19:48.687,6710.0,5256,6700.0,3310,6690.0,3302,6680.0,3016,6670.0,19583,6720.0,2934,6730.0,2754,6750.0,33,6760.0,5219,6770.0,290,2025-05-09 15:19:48.605,,2147483647,436409,True,offer
3953,555774,1611302930,MERV - XMEV - GGAL - 24hs,6720.0,2025-05-09 15:19:48,1,2025-05-09 15:19:49.191,6710.0,5256,6700.0,3315,6690.0,3302,6680.0,3016,6670.0,19583,6720.0,2933,6730.0,2754,6750.0,33,6760.0,5219,6770.0,290,2025-05-09 15:19:49.104,,2147483647,436409,False,nan
3954,555815,1611302980,MERV - XMEV - GGAL - 24hs,6720.0,2025-05-09 15:19:48,1,2025-05-09 15:19:49.688,6710.0,5256,6700.0,3315,6690.0,3302,6680.0,3016,6670.0,19583,6720.0,2933,6730.0,2754,6750.0,33,6760.0,5219,6770.0,290,2025-05-09 15:19:49.604,,2147483647,436410,False,nan
3955,555861,1611303040,MERV - XMEV - GGAL - 24hs,6720.0,2025-05-09 15:19:48,1,2025-05-09 15:19:50.187,6710.0,5256,6700.0,3315,6690.0,3302,6680.0,3016,6670.0,19583,6720.0,3633,6730.0,2754,6750.0,33,6760.0,5219,6770.0,290,2025-05-09 15:19:50.105,,2147483647,436410,False,nan
3956,555983,1611303231,MERV - XMEV - GGAL - 24hs,6720.0,2025-05-09 15:19:48,1,2025-05-09 15:19:51.400,6710.0,5256,6700.0,3315,6690.0,6302,6680.0,16,6670.0,19583,6720.0,3633,6730.0,2754,6750.0,33,6760.0,1219,6770.0,1290,2025-05-09 15:19:51.316,,2147483647,436410,False,nan
3957,556200,1611303543,MERV - XMEV - GGAL - 24hs,6720.0,2025-05-09 15:19:48,1,2025-05-09 15:19:53.405,6710.0,5256,6700.0,3315,6690.0,6202,6680.0,16,6670.0,19683,6720.0,3633,6730.0,2754,6750.0,33,6760.0,1219,6770.0,1290,2025-05-09 15:19:53.323,,2147483647,436410,False,nan
3958,556291,1611303665,MERV - XMEV - GGAL - 24hs,6720.0,2025-05-09 15:19:48,1,2025-05-09 15:19:54.286,6710.0,5267,6700.0,3315,6690.0,6202,6680.0,16,6670.0,19683,6720.0,3633,6730.0,2754,6750.0,33,6760.0,1219,6770.0,1290,2025-05-09 15:19:54.204,,2147483647,436410,False,nan
3959,556558,1611304049,MERV - XMEV - GGAL - 24hs,6720.0,2025-05-09 15:19:57,25,2025-05-09 15:19:57.721,6710.0,5267,6700.0,3315,6690.0,6202,6680.0,16,6670.0,19683,6720.0,3633,6730.0,2754,6750.0,33,6760.0,1219,6770.0,1290,2025-05-09 15:19:57.638,,2147483647,436410,True,offer
3960,556619,1611304140,MERV - XMEV - GGAL - 24hs,6720.0,2025-05-09 15:19:58,100,2025-05-09 15:19:58.327,6710.0,5267,6700.0,3315,6690.0,6202,6680.0,16,6670.0,19683,6720.0,3633,6730.0,2754,6750.0,33,6760.0,1219,6770.0,1290,2025-05-09 15:19:58.241,,2147483647,436435,True,offer
3961,556673,1611304231,MERV - XMEV - GGAL - 24hs,6720.0,2025-05-09 15:19:58,100,2025-05-09 15:19:58.833,6710.0,5267,6700.0,3315,6690.0,6202,6680.0,16,6670.0,19683,6720.0,3508,6730.0,2754,6750.0,33,6760.0,1219,6770.0,1290,2025-05-09 15:19:58.742,,2147483647,436535,False,nan
3962,556738,1611304326,MERV - XMEV - GGAL - 24hs,6720.0,2025-05-09 15:19:59,13,2025-05-09 15:19:59.691,6710.0,5267,6700.0,3315,6690.0,6202,6680.0,16,6670.0,19683,6720.0,3508,6730.0,2754,6750.0,33,6760.0,1219,6770.0,1290,2025-05-09 15:19:59.610,,2147483647,436535,True,offer
3963,556799,1611304426,MERV - XMEV - GGAL - 24hs,6720.0,2025-05-09 15:19:59,13,2025-05-09 15:20:00.535,6710.0,5267,6700.0,3315,6690.0,6202,6680.0,16,6670.0,19683,6720.0,3495,6730.0,2754,6750.0,33,6760.0,1219,6770.0,1290,2025-05-09 15:20:00.350,,2147483647,436535,False,nan
3964,556842,1611304483,MERV - XMEV - GGAL - 24hs,6720.0,2025-05-09 15:19:59,13,2025-05-09 15:20:00.863,6710.0,5267,6700.0,3315,6690.0,6202,6680.0,16,6670.0,19683,6720.0,3495,6730.0,2754,6750.0,33,6760.0,1219,6770.0,1290,2025-05-09 15:20:00.777,,2147483647,436548,False,nan
3965,557042,1611304795,MERV - XMEV - GGAL - 24hs,6720.0,2025-05-09 15:19:59,13,2025-05-09 15:20:03.355,6710.0,5767,6700.0,3315,6690.0,6202,6680.0,16,6670.0,19683,6720.0,3495,6730.0,2754,6750.0,33,6760.0,1219,6770.0,1290,2025-05-09 15:20:03.272,,2147483647,436548,False,nan
3966,557082,1611304845,MERV - XMEV - GGAL - 24hs,6720.0,2025-05-09 15:20:03,24,2025-05-09 15:20:03.854,6710.0,5767,6700.0,3315,6690.0,6202,6680.0,16,6670.0,19683,6720.0,3495,6730.0,2754,6750.0,33,6760.0,1219,6770.0,1290,2025-05-09 15:20:03.772,,2147483647,437558,True,offer
3967,557140,1611304922,MERV - XMEV - GGAL - 24hs,6720.0,2025-05-09 15:20:03,24,2025-05-09 15:20:04.355,6710.0,4991,6700.0,3613,6690.0,3202,6680.0,3016,6670.0,19683,6720.0,2461,6730.0,2754,6750.0,33,6760.0,1219,6770.0,1290,2025-05-09 15:20:04.273,,2147483647,437582,False,nan
3968,557222,1611305044,MERV - XMEV - GGAL - 24hs,6720.0,2025-05-09 15:20:03,24,2025-05-09 15:20:04.949,6710.0,4991,6700.0,3598,6690.0,3202,6680.0,3016,6670.0,19690,6720.0,2461,6730.0,2754,6750.0,33,6760.0,1219,6770.0,1290,2025-05-09 15:20:04.867,,2147483647,437582,False,nan
3969,558243,1611306360,MERV - XMEV - GGAL - 24hs,6720.0,2025-05-09 15:20:14,1,2025-05-09 15:20:14.779,6710.0,4991,6700.0,3598,6690.0,3202,6680.0,3016,6670.0,19690,6720.0,2461,6730.0,2754,6750.0,33,6760.0,1219,6770.0,1290,2025-05-09 15:20:14.698,,2147483647,437582,True,offer
3970,558364,1611306536,MERV - XMEV - GGAL - 24hs,6720.0,2025-05-09 15:20:14,1,2025-05-09 15:20:15.508,6710.0,4991,6700.0,3598,6690.0,3202,6680.0,3116,6670.0,19590,6720.0,2460,6730.0,2754,6750.0,33,6760.0,1219,6770.0,1290,2025-05-09 15:20:15.367,,2147483647,437582,False,nan
3971,558408,1611306591,MERV - XMEV - GGAL - 24hs,6720.0,2025-05-09 15:20:14,1,2025-05-09 15:20:15.957,6710.0,4991,6700.0,3598,6690.0,3202,6680.0,3116,6670.0,19590,6720.0,2460,6730.0,2754,6750.0,33,6760.0,1219,6770.0,1290,2025-05-09 15:20:15.866,,2147483647,437583,False,nan
3972,558505,1611306726,MERV - XMEV - GGAL - 24hs,6720.0,2025-05-09 15:20:14,1,2025-05-09 15:20:16.454,6710.0,4991,6700.0,3598,6690.0,3202,6680.0,3116,6670.0,19591,6720.0,2460,6730.0,2754,6750.0,33,6760.0,1219,6770.0,1290,2025-05-09 15:20:16.366,,2147483647,437583,False,nan
3973,558733,1611307013,MERV - XMEV - GGAL - 24hs,6720.0,2025-05-09 15:20:14,1,2025-05-09 15:20:17.818,6710.0,4991,6700.0,3598,6690.0,3202,6680.0,3116,6670.0,4591,6720.0,5214,6750.0,33,6760.0,1219,6770.0,1290,6780.0,979,2025-05-09 15:20:17.737,,2147483647,437583,False,nan
3974,559029,1611307411,MERV - XMEV - GGAL - 24hs,6720.0,2025-05-09 15:20:14,1,2025-05-09 15:20:20.459,6710.0,4991,6700.0,3605,6690.0,3202,6680.0,3116,6670.0,4591,6720.0,5214,6750.0,33,6760.0,1219,6770.0,1290,6780.0,979,2025-05-09 15:20:20.372,,2147483647,437583,False,nan
3975,559145,1611307567,MERV - XMEV - GGAL - 24hs,6720.0,2025-05-09 15:20:14,1,2025-05-09 15:20:21.919,6710.0,4991,6700.0,3605,6690.0,3202,6680.0,116,6670.0,7591,6720.0,5214,6750.0,33,6760.0,1219,6770.0,1290,6780.0,979,2025-05-09 15:20:21.837,,2147483647,437583,False,nan
3976,559459,1611308008,MERV - XMEV - GGAL - 24hs,6720.0,2025-05-09 15:20:14,1,2025-05-09 15:20:24.656,6710.0,4991,6700.0,3605,6690.0,3202,6680.0,146,6670.0,7591,6720.0,5214,6750.0,33,6760.0,1219,6770.0,1290,6780.0,979,2025-05-09 15:20:24.574,,2147483647,437583,False,nan
3977,559535,1611308111,MERV - XMEV - GGAL - 24hs,6720.0,2025-05-09 15:20:14,1,2025-05-09 15:20:25.740,6710.0,4991,6700.0,3607,6690.0,3202,6680.0,146,6670.0,7591,6720.0,5214,6750.0,33,6760.0,1219,6770.0,1290,6780.0,979,2025-05-09 15:20:25.655,,2147483647,437583,False,nan
3978,559589,1611308177,MERV - XMEV - GGAL - 24hs,6710.0,2025-05-09 15:20:26,1089,2025-05-09 15:20:26.240,6710.0,4991,6700.0,3607,6690.0,3202,6680.0,146,6670.0,7591,6720.0,5214,6750.0,33,6760.0,1219,6770.0,1290,6780.0,979,2025-05-09 15:20:26.158,,2147483647,437583,True,bid
3979,559657,1611308262,MERV - XMEV - GGAL - 24hs,6720.0,2025-05-09 15:20:26,1,2025-05-09 15:20:26.748,6710.0,4991,6700.0,3607,6690.0,3202,6680.0,146,6670.0,7591,6720.0,5214,6750.0,33,6760.0,1219,6770.0,1290,6780.0,979,2025-05-09 15:20:26.661,,2147483647,438783,False,nan
3980,559727,1611308355,MERV - XMEV - GGAL - 24hs,6720.0,2025-05-09 15:20:26,1,2025-05-09 15:20:27.248,6710.0,3791,6700.0,3607,6690.0,3202,6680.0,146,6670.0,7591,6720.0,5213,6750.0,33,6760.0,1219,6770.0,1290,6780.0,979,2025-05-09 15:20:27.156,,2147483647,438784,False,nan
3981,560227,1611309085,MERV - XMEV - GGAL - 24hs,6720.0,2025-05-09 15:20:26,1,2025-05-09 15:20:32.462,6710.0,4089,6700.0,3309,6690.0,3202,6680.0,146,6670.0,7591,6720.0,5213,6750.0,33,6760.0,1219,6770.0,1290,6780.0,979,2025-05-09 15:20:32.377,,2147483647,438784,False,nan
3982,560314,1611309220,MERV - XMEV - GGAL - 24hs,6720.0,2025-05-09 15:20:26,1,2025-05-09 15:20:33.336,6710.0,3791,6700.0,3607,6690.0,3202,6680.0,146,6670.0,7591,6720.0,5213,6750.0,33,6760.0,1219,6770.0,1290,6780.0,979,2025-05-09 15:20:33.236,,2147483647,438784,False,nan
3983,560405,1611309346,MERV - XMEV - GGAL - 24hs,6720.0,2025-05-09 15:20:34,1,2025-05-09 15:20:34.379,6710.0,3791,6700.0,3607,6690.0,3202,6680.0,146,6670.0,7591,6720.0,5213,6750.0,33,6760.0,1219,6770.0,1290,6780.0,979,2025-05-09 15:20:34.292,,2147483647,438784,True,offer
3984,560453,1611309419,MERV - XMEV - GGAL - 24hs,6720.0,2025-05-09 15:20:34,596,2025-05-09 15:20:34.875,6710.0,3791,6700.0,3607,6690.0,3202,6680.0,146,6670.0,7591,6720.0,4616,6750.0,33,6760.0,1219,6770.0,1290,6780.0,979,2025-05-09 15:20:34.792,,2147483647,438785,False,nan
3985,560516,1611309505,MERV - XMEV - GGAL - 24hs,6720.0,2025-05-09 15:20:34,596,2025-05-09 15:20:35.380,6710.0,3791,6700.0,3607,6690.0,3202,6680.0,146,6670.0,7591,6720.0,4616,6750.0,33,6760.0,1219,6770.0,1290,6780.0,979,2025-05-09 15:20:35.293,,2147483647,439381,False,nan
3986,560553,1611309555,MERV - XMEV - GGAL - 24hs,6720.0,2025-05-09 15:20:34,596,2025-05-09 15:20:35.879,6710.0,3791,6700.0,3615,6690.0,3202,6680.0,146,6670.0,7591,6720.0,4616,6750.0,33,6760.0,6219,6770.0,290,6780.0,979,2025-05-09 15:20:35.793,,2147483647,439381,False,nan
3987,560750,1611309811,MERV - XMEV - GGAL - 24hs,6720.0,2025-05-09 15:20:34,596,2025-05-09 15:20:38.231,6710.0,3791,6700.0,3615,6690.0,3203,6680.0,146,6670.0,7591,6720.0,4616,6750.0,33,6760.0,6219,6770.0,290,6780.0,979,2025-05-09 15:20:38.073,,2147483647,439381,False,nan
3988,561040,1611310211,MERV - XMEV - GGAL - 24hs,6720.0,2025-05-09 15:20:34,596,2025-05-09 15:20:41.506,6710.0,3791,6700.0,3615,6690.0,3203,6680.0,179,6670.0,7591,6720.0,4616,6750.0,33,6760.0,6219,6770.0,290,6780.0,979,2025-05-09 15:20:41.424,,2147483647,439381,False,nan
3989,561122,1611310320,MERV - XMEV - GGAL - 24hs,6720.0,2025-05-09 15:20:34,596,2025-05-09 15:20:42.748,6710.0,3791,6700.0,3615,6690.0,3203,6680.0,679,6670.0,7591,6720.0,4616,6750.0,33,6760.0,6219,6770.0,290,6780.0,979,2025-05-09 15:20:42.661,,2147483647,439381,False,nan
3990,561354,1611310667,MERV - XMEV - GGAL - 24hs,6720.0,2025-05-09 15:20:46,1,2025-05-09 15:20:46.176,6710.0,3791,6700.0,3615,6690.0,3203,6680.0,679,6670.0,7591,6720.0,4616,6750.0,33,6760.0,6219,6770.0,290,6780.0,979,2025-05-09 15:20:46.094,,2147483647,439381,True,offer
3991,561388,1611310714,MERV - XMEV - GGAL - 24hs,6720.0,2025-05-09 15:20:46,1,2025-05-09 15:20:46.842,6710.0,3791,6700.0,3615,6690.0,3203,6680.0,3679,6670.0,4591,6720.0,4615,6750.0,33,6760.0,6219,6770.0,290,6780.0,979,2025-05-09 15:20:46.761,,2147483647,439381,False,nan
3992,561414,1611310748,MERV - XMEV - GGAL - 24hs,6720.0,2025-05-09 15:20:46,1,2025-05-09 15:20:47.345,6710.0,3791,6700.0,3615,6690.0,3203,6680.0,3679,6670.0,4591,6720.0,4615,6750.0,33,6760.0,6219,6770.0,290,6780.0,979,2025-05-09 15:20:47.262,,2147483647,439382,False,nan
3993,561616,1611311028,MERV - XMEV - GGAL - 24hs,6720.0,2025-05-09 15:20:50,1161,2025-05-09 15:20:50.242,6710.0,3791,6700.0,3615,6690.0,3203,6680.0,3679,6670.0,4591,6720.0,4615,6750.0,33,6760.0,6219,6770.0,290,6780.0,979,2025-05-09 15:20:50.157,,2147483647,439382,True,offer
3994,561638,1611311063,MERV - XMEV - GGAL - 24hs,6720.0,2025-05-09 15:20:50,968,2025-05-09 15:20:50.734,6710.0,3791,6700.0,3615,6690.0,3203,6680.0,3679,6670.0,4591,6720.0,4615,6750.0,33,6760.0,6219,6770.0,290,6780.0,979,2025-05-09 15:20:50.652,,2147483647,439382,False,nan
3995,561673,1611311109,MERV - XMEV - GGAL - 24hs,6720.0,2025-05-09 15:20:50,968,2025-05-09 15:20:51.236,6710.0,3791,6700.0,3615,6690.0,3203,6680.0,3679,6670.0,4591,6720.0,1786,6750.0,33,6760.0,6219,6770.0,290,6780.0,979,2025-05-09 15:20:51.152,,2147483647,442211,False,nan
3996,561732,1611311197,MERV - XMEV - GGAL - 24hs,6720.0,2025-05-09 15:20:50,968,2025-05-09 15:20:52.098,6710.0,3780,6700.0,3612,6690.0,3203,6680.0,3646,6670.0,4584,6720.0,1786,6760.0,6219,6770.0,290,6780.0,979,6800.0,346,2025-05-09 15:20:52.016,,2147483647,442211,False,nan
3997,561886,1611311388,MERV - XMEV - GGAL - 24hs,6720.0,2025-05-09 15:20:53,1786,2025-05-09 15:20:53.842,6710.0,3780,6700.0,3612,6690.0,3203,6680.0,3646,6670.0,4584,6720.0,1786,6760.0,6219,6770.0,290,6780.0,979,6800.0,346,2025-05-09 15:20:53.761,,2147483647,442211,True,offer
3998,561925,1611311440,MERV - XMEV - GGAL - 24hs,6720.0,2025-05-09 15:20:54,76,2025-05-09 15:20:54.346,6710.0,3780,6700.0,3612,6690.0,3203,6680.0,3646,6670.0,4584,6720.0,1786,6760.0,6219,6770.0,290,6780.0,979,6800.0,346,2025-05-09 15:20:54.261,,2147483647,443997,True,offer
3999,562007,1611311544,MERV - XMEV - GGAL - 24hs,6720.0,2025-05-09 15:20:54,76,2025-05-09 15:20:54.856,6710.0,3780,6700.0,3761,6690.0,3203,6680.0,3639,6670.0,4584,6720.0,5001,6760.0,1219,6770.0,290,6780.0,979,6800.0,346,2025-05-09 15:20:54.760,,2147483647,444073,False,nan
4000,562281,1611311954,MERV - XMEV - GGAL - 24hs,6720.0,2025-05-09 15:20:54,76,2025-05-09 15:20:57.891,6710.0,3802,6700.0,3761,6690.0,3203,6680.0,3639,6670.0,4584,6720.0,5000,6750.0,5000,6760.0,1219,6770.0,290,6780.0,979,2025-05-09 15:20:57.798,,2147483647,444073,False,nan
4001,562456,1611312224,MERV - XMEV - GGAL - 24hs,6720.0,2025-05-09 15:20:58,1433,2025-05-09 15:20:59.171,6710.0,3802,6700.0,3761,6690.0,3203,6680.0,3639,6670.0,4584,6720.0,5000,6750.0,5000,6760.0,1219,6770.0,290,6780.0,979,2025-05-09 15:20:58.934,,2147483647,444073,True,offer
4002,562487,1611312266,MERV - XMEV - GGAL - 24hs,6720.0,2025-05-09 15:20:59,100,2025-05-09 15:20:59.734,6710.0,3802,6700.0,3761,6690.0,3203,6680.0,3639,6670.0,4584,6720.0,5000,6750.0,5000,6760.0,1219,6770.0,290,6780.0,979,2025-05-09 15:20:59.608,,2147483647,447347,True,offer
4003,562536,1611312349,MERV - XMEV - GGAL - 24hs,6720.0,2025-05-09 15:20:59,100,2025-05-09 15:21:00.021,6710.0,3802,6700.0,3314,6690.0,3203,6680.0,3639,6670.0,4584,6720.0,1626,6750.0,5000,6760.0,1219,6770.0,290,6780.0,979,2025-05-09 15:20:59.932,,2147483647,447447,False,nan
4004,562699,1611312574,MERV - XMEV - GGAL - 24hs,6720.0,2025-05-09 15:20:59,100,2025-05-09 15:21:01.672,6710.0,3802,6700.0,3314,6690.0,3203,6680.0,3639,6670.0,4584,6720.0,1626,6760.0,6219,6770.0,290,6780.0,979,6800.0,346,2025-05-09 15:21:01.580,,2147483647,447447,False,nan
4005,562854,1611312795,MERV - XMEV - GGAL - 24hs,6720.0,2025-05-09 15:21:03,3,2025-05-09 15:21:03.165,6710.0,3802,6700.0,3314,6690.0,3203,6680.0,3639,6670.0,4584,6720.0,1626,6760.0,6219,6770.0,290,6780.0,979,6800.0,346,2025-05-09 15:21:03.082,,2147483647,447447,True,offer
4006,562929,1611312887,MERV - XMEV - GGAL - 24hs,6720.0,2025-05-09 15:21:03,154,2025-05-09 15:21:03.664,6710.0,3802,6700.0,3314,6690.0,3203,6680.0,3639,6670.0,4584,6720.0,1469,6760.0,6219,6770.0,290,6780.0,979,6800.0,346,2025-05-09 15:21:03.582,,2147483647,447450,False,nan
4007,562990,1611312965,MERV - XMEV - GGAL - 24hs,6720.0,2025-05-09 15:21:03,154,2025-05-09 15:21:04.166,6710.0,3902,6700.0,3314,6690.0,3203,6680.0,3639,6670.0,4584,6720.0,1469,6760.0,6219,6770.0,290,6780.0,979,6800.0,346,2025-05-09 15:21:04.081,,2147483647,447604,False,nan
4008,563208,1611313285,MERV - XMEV - GGAL - 24hs,6720.0,2025-05-09 15:21:03,154,2025-05-09 15:21:06.329,6710.0,3902,6700.0,6314,6690.0,3203,6680.0,3639,6670.0,4584,6720.0,1469,6760.0,6219,6770.0,290,6780.0,979,6800.0,346,2025-05-09 15:21:06.243,,2147483647,447604,False,nan
4009,563249,1611313354,MERV - XMEV - GGAL - 24hs,6720.0,2025-05-09 15:21:06,1469,2025-05-09 15:21:06.827,6710.0,3902,6700.0,6314,6690.0,3203,6680.0,3639,6670.0,4584,6720.0,1469,6760.0,6219,6770.0,290,6780.0,979,6800.0,346,2025-05-09 15:21:06.741,,2147483647,447604,True,offer
4010,563301,1611313422,MERV - XMEV - GGAL - 24hs,6720.0,2025-05-09 15:21:06,1469,2025-05-09 15:21:07.322,6710.0,4001,6700.0,6314,6690.0,3203,6680.0,3639,6670.0,4584,6750.0,5076,6760.0,6219,6770.0,290,6780.0,979,6800.0,346,2025-05-09 15:21:07.240,,2147483647,449073,False,nan
4011,563413,1611313599,MERV - XMEV - GGAL - 24hs,6720.0,2025-05-09 15:21:08,1000,2025-05-09 15:21:09.037,6710.0,4001,6700.0,6314,6690.0,3203,6680.0,3639,6670.0,4584,6750.0,5076,6760.0,6219,6770.0,290,6780.0,979,6800.0,346,2025-05-09 15:21:08.953,,2147483647,449073,True,bid
4012,563454,1611313661,MERV - XMEV - GGAL - 24hs,6720.0,2025-05-09 15:21:09,4,2025-05-09 15:21:09.536,6710.0,4001,6700.0,6314,6690.0,3203,6680.0,3639,6670.0,4584,6750.0,5076,6760.0,6219,6770.0,290,6780.0,979,6800.0,346,2025-05-09 15:21:09.453,,2147483647,450073,True,bid
4013,563557,1611313832,MERV - XMEV - GGAL - 24hs,6720.0,2025-05-09 15:21:09,4,2025-05-09 15:21:10.142,6710.0,4001,6700.0,6414,6690.0,3203,6680.0,3639,6670.0,4584,6720.0,4996,6760.0,5219,6770.0,290,6780.0,986,6800.0,346,2025-05-09 15:21:09.952,,2147483647,450078,False,nan
4014,564649,1611315379,MERV - XMEV - GGAL - 24hs,6720.0,2025-05-09 15:21:16,183,2025-05-09 15:21:17.103,6710.0,4001,6700.0,6414,6690.0,3203,6680.0,3639,6670.0,4584,6720.0,4996,6760.0,5219,6770.0,290,6780.0,986,6800.0,346,2025-05-09 15:21:17.010,,2147483647,450078,True,offer
4015,564688,1611315428,MERV - XMEV - GGAL - 24hs,6720.0,2025-05-09 15:21:16,183,2025-05-09 15:21:17.592,6710.0,4001,6700.0,6414,6690.0,3303,6680.0,3639,6670.0,4584,6720.0,4813,6760.0,5219,6770.0,290,6780.0,986,6800.0,346,2025-05-09 15:21:17.509,,2147483647,450078,False,nan
4016,564722,1611315478,MERV - XMEV - GGAL - 24hs,6720.0,2025-05-09 15:21:17,187,2025-05-09 15:21:18.092,6710.0,4001,6700.0,6414,6690.0,3303,6680.0,3639,6670.0,4584,6720.0,4813,6760.0,5219,6770.0,290,6780.0,986,6800.0,346,2025-05-09 15:21:18.010,,2147483647,450261,True,offer
4017,564813,1611315593,MERV - XMEV - GGAL - 24hs,6720.0,2025-05-09 15:21:17,187,2025-05-09 15:21:18.604,6710.0,4001,6700.0,6414,6690.0,3303,6680.0,3639,6670.0,4584,6720.0,5001,6760.0,1219,6770.0,290,6780.0,979,6800.0,356,2025-05-09 15:21:18.513,,2147483647,455261,False,nan
4018,564881,1611315693,MERV - XMEV - GGAL - 24hs,6720.0,2025-05-09 15:21:17,187,2025-05-09 15:21:19.679,6710.0,4001,6700.0,6414,6690.0,3303,6680.0,3639,6670.0,4584,6720.0,5001,6740.0,150,6760.0,1219,6770.0,290,6780.0,979,2025-05-09 15:21:19.598,,2147483647,455261,False,nan
4019,564949,1611315775,MERV - XMEV - GGAL - 24hs,6720.0,2025-05-09 15:21:17,187,2025-05-09 15:21:20.406,6710.0,4001,6700.0,6414,6690.0,3303,6680.0,3639,6670.0,4584,6720.0,5001,6740.0,150,6750.0,154,6760.0,1219,6770.0,290,2025-05-09 15:21:20.310,,2147483647,455261,False,nan
4020,566322,1611317697,MERV - XMEV - GGAL - 24hs,6720.0,2025-05-09 15:21:34,1,2025-05-09 15:21:34.795,6710.0,4001,6700.0,6414,6690.0,3303,6680.0,3639,6670.0,4584,6720.0,5001,6740.0,150,6750.0,154,6760.0,1219,6770.0,290,2025-05-09 15:21:34.697,,2147483647,455261,True,offer
4021,566378,1611317804,MERV - XMEV - GGAL - 24hs,6720.0,2025-05-09 15:21:34,10,2025-05-09 15:21:35.278,6710.0,4001,6700.0,6414,6690.0,3303,6680.0,3639,6670.0,4584,6720.0,4990,6740.0,150,6750.0,154,6760.0,2219,6770.0,290,2025-05-09 15:21:35.196,,2147483647,455261,False,nan
4022,566422,1611317863,MERV - XMEV - GGAL - 24hs,6720.0,2025-05-09 15:21:34,10,2025-05-09 15:21:35.783,6710.0,4001,6700.0,6414,6690.0,3303,6680.0,3639,6670.0,4584,6720.0,4990,6740.0,150,6750.0,154,6760.0,2219,6770.0,290,2025-05-09 15:21:35.696,,2147483647,455272,False,nan
4023,566635,1611318188,MERV - XMEV - GGAL - 24hs,6720.0,2025-05-09 15:21:37,1,2025-05-09 15:21:38.079,6710.0,4001,6700.0,6414,6690.0,3303,6680.0,3639,6670.0,4584,6720.0,4990,6740.0,150,6750.0,154,6760.0,2219,6770.0,290,2025-05-09 15:21:37.997,,2147483647,455272,True,offer
4024,566694,1611318268,MERV - XMEV - GGAL - 24hs,6720.0,2025-05-09 15:21:37,1,2025-05-09 15:21:38.763,6710.0,4001,6700.0,6414,6690.0,3303,6680.0,3639,6670.0,4584,6720.0,4989,6740.0,150,6750.0,154,6760.0,2219,6770.0,290,2025-05-09 15:21:38.666,,2147483647,455272,False,nan
4025,566745,1611318343,MERV - XMEV - GGAL - 24hs,6720.0,2025-05-09 15:21:37,1,2025-05-09 15:21:39.248,6710.0,4001,6700.0,6414,6690.0,3303,6680.0,3639,6670.0,4584,6720.0,4989,6740.0,150,6750.0,154,6760.0,2219,6770.0,290,2025-05-09 15:21:39.166,,2147483647,455273,False,nan
4026,567027,1611318710,MERV - XMEV - GGAL - 24hs,6710.0,2025-05-09 15:21:42,6,2025-05-09 15:21:42.348,6710.0,4001,6700.0,6414,6690.0,3303,6680.0,3639,6670.0,4584,6720.0,4989,6740.0,150,6750.0,154,6760.0,2219,6770.0,290,2025-05-09 15:21:42.265,,2147483647,455273,True,bid
4027,567142,1611318863,MERV - XMEV - GGAL - 24hs,6710.0,2025-05-09 15:21:42,6,2025-05-09 15:21:43.087,6710.0,3995,6700.0,6414,6690.0,3303,6680.0,3639,6670.0,4584,6720.0,4989,6740.0,150,6750.0,154,6760.0,2219,6770.0,290,2025-05-09 15:21:42.979,,2147483647,455273,False,nan
4028,567187,1611318926,MERV - XMEV - GGAL - 24hs,6710.0,2025-05-09 15:21:42,6,2025-05-09 15:21:43.570,6710.0,3995,6700.0,6414,6690.0,3303,6680.0,3639,6670.0,4584,6720.0,4989,6740.0,150,6750.0,154,6760.0,2219,6770.0,290,2025-05-09 15:21:43.479,,2147483647,455279,False,nan
4029,567319,1611319110,MERV - XMEV - GGAL - 24hs,6710.0,2025-05-09 15:21:44,5,2025-05-09 15:21:44.777,6710.0,3995,6700.0,6414,6690.0,3303,6680.0,3639,6670.0,4584,6720.0,4989,6740.0,150,6750.0,154,6760.0,2219,6770.0,290,2025-05-09 15:21:44.695,,2147483647,455279,True,bid
4030,567381,1611319188,MERV - XMEV - GGAL - 24hs,6710.0,2025-05-09 15:21:44,5,2025-05-09 15:21:45.443,6710.0,3990,6700.0,6414,6690.0,3303,6680.0,3639,6670.0,4584,6720.0,4989,6740.0,150,6750.0,154,6760.0,2219,6770.0,290,2025-05-09 15:21:45.360,,2147483647,455279,False,nan
4031,567419,1611319235,MERV - XMEV - GGAL - 24hs,6710.0,2025-05-09 15:21:44,5,2025-05-09 15:21:45.942,6710.0,3990,6700.0,6414,6690.0,3303,6680.0,3639,6670.0,4584,6720.0,4989,6740.0,150,6750.0,154,6760.0,2219,6770.0,290,2025-05-09 15:21:45.861,,2147483647,455284,False,nan
4032,568111,1611320200,MERV - XMEV - GGAL - 24hs,6710.0,2025-05-09 15:21:53,2182,2025-05-09 15:21:53.217,6710.0,3990,6700.0,6414,6690.0,3303,6680.0,3639,6670.0,4584,6720.0,4989,6740.0,150,6750.0,154,6760.0,2219,6770.0,290,2025-05-09 15:21:53.135,,2147483647,455284,True,bid
4033,568150,1611320251,MERV - XMEV - GGAL - 24hs,6710.0,2025-05-09 15:21:53,99,2025-05-09 15:21:53.711,6700.0,6414,6690.0,3303,6680.0,3639,6670.0,4584,6660.0,15000,6710.0,999,6740.0,150,6750.0,154,6760.0,2219,6770.0,290,2025-05-09 15:21:53.630,,2147483647,455284,False,nan
4034,568185,1611320304,MERV - XMEV - GGAL - 24hs,6710.0,2025-05-09 15:21:53,99,2025-05-09 15:21:54.213,6700.0,6414,6690.0,3303,6680.0,3639,6670.0,4584,6660.0,15000,6710.0,999,6740.0,150,6750.0,154,6760.0,2219,6770.0,290,2025-05-09 15:21:54.130,,2147483647,459274,False,nan
4035,568367,1611320592,MERV - XMEV - GGAL - 24hs,6710.0,2025-05-09 15:21:53,99,2025-05-09 15:21:56.790,6700.0,6514,6690.0,3303,6680.0,3639,6670.0,4584,6660.0,15000,6710.0,999,6740.0,150,6750.0,154,6760.0,2219,6770.0,290,2025-05-09 15:21:56.709,,2147483647,459274,False,nan
4036,568549,1611320858,MERV - XMEV - GGAL - 24hs,6710.0,2025-05-09 15:21:59,30,2025-05-09 15:21:59.695,6700.0,6514,6690.0,3303,6680.0,3639,6670.0,4584,6660.0,15000,6710.0,999,6740.0,150,6750.0,154,6760.0,2219,6770.0,290,2025-05-09 15:21:59.481,,2147483647,459274,True,offer
4037,568601,1611320947,MERV - XMEV - GGAL - 24hs,6710.0,2025-05-09 15:21:59,30,2025-05-09 15:22:00.066,6700.0,6514,6690.0,3303,6680.0,3639,6670.0,4584,6660.0,15000,6710.0,969,6740.0,150,6750.0,154,6760.0,2219,6770.0,290,2025-05-09 15:21:59.971,,2147483647,459274,False,nan
4038,568630,1611320985,MERV - XMEV - GGAL - 24hs,6710.0,2025-05-09 15:21:59,30,2025-05-09 15:22:00.552,6700.0,6514,6690.0,3303,6680.0,3639,6670.0,4584,6660.0,15000,6710.0,969,6740.0,150,6750.0,154,6760.0,2219,6770.0,290,2025-05-09 15:22:00.471,,2147483647,459304,False,nan
4039,568674,1611321043,MERV - XMEV - GGAL - 24hs,6710.0,2025-05-09 15:21:59,30,2025-05-09 15:22:01.058,6700.0,6514,6690.0,3303,6680.0,639,6670.0,7584,6660.0,15000,6710.0,969,6740.0,150,6750.0,154,6760.0,2219,6770.0,290,2025-05-09 15:22:00.971,,2147483647,459304,False,nan
4040,569003,1611321546,MERV - XMEV - GGAL - 24hs,6710.0,2025-05-09 15:22:04,2,2025-05-09 15:22:04.778,6700.0,6514,6690.0,3303,6680.0,639,6670.0,7584,6660.0,15000,6710.0,969,6740.0,150,6750.0,154,6760.0,2219,6770.0,290,2025-05-09 15:22:04.697,,2147483647,459304,True,offer
4041,569043,1611321606,MERV - XMEV - GGAL - 24hs,6710.0,2025-05-09 15:22:05,13,2025-05-09 15:22:05.284,6700.0,7014,6690.0,3303,6680.0,640,6670.0,7584,6660.0,15000,6710.0,967,6740.0,150,6750.0,154,6760.0,2219,6770.0,290,2025-05-09 15:22:05.196,,2147483647,459306,True,offer
4042,569097,1611321685,MERV - XMEV - GGAL - 24hs,6700.0,2025-05-09 15:22:05,65,2025-05-09 15:22:05.784,6700.0,7014,6690.0,3303,6680.0,640,6670.0,7584,6660.0,15000,6710.0,967,6740.0,150,6750.0,154,6760.0,2219,6770.0,290,2025-05-09 15:22:05.697,,2147483647,460676,False,nan
4043,569147,1611321760,MERV - XMEV - GGAL - 24hs,6710.0,2025-05-09 15:22:06,2,2025-05-09 15:22:06.279,6700.0,5657,6690.0,3303,6680.0,640,6670.0,5584,6650.0,3015,6720.0,5076,6740.0,150,6750.0,2154,6760.0,1219,6770.0,290,2025-05-09 15:22:06.196,,2147483647,460676,True,offer
4044,569207,1611321849,MERV - XMEV - GGAL - 24hs,6710.0,2025-05-09 15:22:06,9,2025-05-09 15:22:06.846,6700.0,5657,6690.0,3303,6680.0,640,6670.0,5584,6650.0,3015,6720.0,5076,6740.0,150,6750.0,2154,6760.0,1219,6770.0,290,2025-05-09 15:22:06.747,,2147483647,460678,False,nan
4045,569250,1611321921,MERV - XMEV - GGAL - 24hs,6710.0,2025-05-09 15:22:06,9,2025-05-09 15:22:07.322,6700.0,5657,6690.0,3303,6680.0,640,6670.0,8584,6660.0,15000,6710.0,4991,6740.0,150,6750.0,2154,6760.0,1219,6770.0,297,2025-05-09 15:22:07.241,,2147483647,460687,False,nan
4046,569366,1611322135,MERV - XMEV - GGAL - 24hs,6710.0,2025-05-09 15:22:08,20,2025-05-09 15:22:09.018,6700.0,5657,6690.0,3303,6680.0,640,6670.0,8584,6660.0,15000,6710.0,4991,6740.0,150,6750.0,2154,6760.0,1219,6770.0,297,2025-05-09 15:22:08.937,,2147483647,460687,True,offer
4047,569391,1611322169,MERV - XMEV - GGAL - 24hs,6700.0,2025-05-09 15:22:09,11,2025-05-09 15:22:09.519,6700.0,5657,6690.0,3303,6680.0,640,6670.0,8584,6660.0,15000,6710.0,4971,6740.0,150,6750.0,2154,6760.0,1219,6770.0,297,2025-05-09 15:22:09.437,,2147483647,460707,True,bid
4048,569446,1611322239,MERV - XMEV - GGAL - 24hs,6700.0,2025-05-09 15:22:09,11,2025-05-09 15:22:10.022,6700.0,5646,6690.0,3303,6680.0,640,6670.0,8584,6660.0,15000,6710.0,4971,6740.0,150,6750.0,2154,6760.0,1219,6770.0,297,2025-05-09 15:22:09.936,,2147483647,460718,False,nan
4049,569536,1611322384,MERV - XMEV - GGAL - 24hs,6700.0,2025-05-09 15:22:09,11,2025-05-09 15:22:10.791,6700.0,5646,6690.0,3403,6680.0,640,6670.0,8584,6660.0,15000,6710.0,4971,6740.0,150,6750.0,2154,6760.0,1219,6770.0,297,2025-05-09 15:22:10.695,,2147483647,460718,False,nan
4050,569837,1611322802,MERV - XMEV - GGAL - 24hs,6710.0,2025-05-09 15:22:14,1,2025-05-09 15:22:14.110,6700.0,5646,6690.0,3403,6680.0,640,6670.0,8584,6660.0,15000,6710.0,4971,6740.0,150,6750.0,2154,6760.0,1219,6770.0,297,2025-05-09 15:22:14.027,,2147483647,460718,True,offer
4051,569898,1611322884,MERV - XMEV - GGAL - 24hs,6710.0,2025-05-09 15:22:14,1,2025-05-09 15:22:14.785,6700.0,5646,6690.0,3403,6680.0,640,6670.0,8584,6660.0,15000,6710.0,4970,6740.0,150,6750.0,2154,6760.0,1219,6770.0,297,2025-05-09 15:22:14.697,,2147483647,460718,False,nan
4052,569985,1611323001,MERV - XMEV - GGAL - 24hs,6710.0,2025-05-09 15:22:15,4970,2025-05-09 15:22:15.287,6700.0,5646,6690.0,3403,6680.0,640,6670.0,8584,6660.0,15000,6710.0,4970,6740.0,150,6750.0,2154,6760.0,1219,6770.0,297,2025-05-09 15:22:15.197,,2147483647,460719,True,offer
4053,570049,1611323080,MERV - XMEV - GGAL - 24hs,6710.0,2025-05-09 15:22:15,30,2025-05-09 15:22:15.779,6700.0,5646,6690.0,3403,6680.0,640,6670.0,8584,6660.0,15000,6710.0,4970,6740.0,150,6750.0,2154,6760.0,1219,6770.0,297,2025-05-09 15:22:15.698,,2147483647,465689,False,nan
4054,570123,1611323173,MERV - XMEV - GGAL - 24hs,6710.0,2025-05-09 15:22:15,30,2025-05-09 15:22:16.281,6700.0,5646,6690.0,3403,6680.0,640,6670.0,8584,6660.0,15000,6710.0,4970,6740.0,150,6750.0,2154,6760.0,1219,6770.0,297,2025-05-09 15:22:16.197,,2147483647,465719,False,nan
4055,570190,1611323267,MERV - XMEV - GGAL - 24hs,6710.0,2025-05-09 15:22:15,30,2025-05-09 15:22:16.779,6700.0,5646,6690.0,3403,6680.0,740,6670.0,8584,6660.0,15000,6710.0,4970,6740.0,150,6750.0,2154,6760.0,1219,6770.0,297,2025-05-09 15:22:16.698,,2147483647,465719,False,nan
4056,570402,1611323576,MERV - XMEV - GGAL - 24hs,6710.0,2025-05-09 15:22:19,1,2025-05-09 15:22:19.580,6700.0,5646,6690.0,3403,6680.0,740,6670.0,8584,6660.0,15000,6710.0,4970,6740.0,150,6750.0,2154,6760.0,1219,6770.0,297,2025-05-09 15:22:19.499,,2147483647,465719,True,offer
4057,570478,1611323675,MERV - XMEV - GGAL - 24hs,6710.0,2025-05-09 15:22:19,1,2025-05-09 15:22:20.247,6700.0,5646,6690.0,3403,6680.0,740,6670.0,8584,6660.0,15000,6710.0,4969,6740.0,150,6750.0,2154,6760.0,1219,6770.0,297,2025-05-09 15:22:20.164,,2147483647,465719,False,nan
4058,570504,1611323709,MERV - XMEV - GGAL - 24hs,6710.0,2025-05-09 15:22:19,1,2025-05-09 15:22:20.745,6700.0,5646,6690.0,3403,6680.0,740,6670.0,8584,6660.0,15000,6710.0,4969,6740.0,150,6750.0,2154,6760.0,1219,6770.0,297,2025-05-09 15:22:20.664,,2147483647,465720,False,nan
4059,570593,1611323833,MERV - XMEV - GGAL - 24hs,6710.0,2025-05-09 15:22:19,1,2025-05-09 15:22:22.015,6700.0,5646,6690.0,3403,6680.0,740,6670.0,8584,6650.0,15015,6710.0,4969,6740.0,150,6750.0,2154,6760.0,1219,6770.0,297,2025-05-09 15:22:21.934,,2147483647,465720,False,nan
4060,570710,1611324043,MERV - XMEV - GGAL - 24hs,6710.0,2025-05-09 15:22:19,1,2025-05-09 15:22:23.288,6700.0,5646,6690.0,3403,6680.0,740,6670.0,8684,6650.0,15015,6710.0,4969,6740.0,150,6750.0,2154,6760.0,1219,6770.0,297,2025-05-09 15:22:23.207,,2147483647,465720,False,nan
4061,570746,1611324091,MERV - XMEV - GGAL - 24hs,6710.0,2025-05-09 15:22:23,9,2025-05-09 15:22:23.791,6700.0,5646,6690.0,3403,6680.0,740,6670.0,8684,6650.0,15015,6710.0,4969,6740.0,150,6750.0,2154,6760.0,1219,6770.0,297,2025-05-09 15:22:23.708,,2147483647,465722,True,offer
4062,570795,1611324191,MERV - XMEV - GGAL - 24hs,6710.0,2025-05-09 15:22:23,9,2025-05-09 15:22:24.296,6700.0,5646,6690.0,3403,6680.0,740,6670.0,8684,6650.0,15015,6710.0,4958,6740.0,150,6750.0,2154,6760.0,1219,6770.0,297,2025-05-09 15:22:24.211,,2147483647,465731,False,nan
4063,570898,1611324365,MERV - XMEV - GGAL - 24hs,6710.0,2025-05-09 15:22:25,3000,2025-05-09 15:22:26.156,6700.0,5646,6690.0,3403,6680.0,740,6670.0,8684,6650.0,15015,6710.0,4958,6740.0,150,6750.0,2154,6760.0,1219,6770.0,297,2025-05-09 15:22:26.022,,2147483647,465731,True,offer
4064,570954,1611324465,MERV - XMEV - GGAL - 24hs,6710.0,2025-05-09 15:22:25,3000,2025-05-09 15:22:26.495,6700.0,5646,6690.0,3403,6680.0,240,6670.0,8684,6650.0,15015,6710.0,1958,6740.0,150,6750.0,2154,6760.0,1219,6770.0,297,2025-05-09 15:22:26.122,,2147483647,465731,False,nan
4065,570985,1611324518,MERV - XMEV - GGAL - 24hs,6710.0,2025-05-09 15:22:25,3000,2025-05-09 15:22:26.660,6700.0,5646,6690.0,3403,6680.0,240,6670.0,8684,6650.0,15015,6710.0,1958,6740.0,150,6750.0,2154,6760.0,1219,6770.0,297,2025-05-09 15:22:26.464,,2147483647,468731,False,nan
4066,571209,1611324846,MERV - XMEV - GGAL - 24hs,6710.0,2025-05-09 15:22:28,1000,2025-05-09 15:22:28.477,6700.0,5646,6690.0,3403,6680.0,240,6670.0,8684,6650.0,15015,6710.0,1958,6740.0,150,6750.0,2154,6760.0,1219,6770.0,297,2025-05-09 15:22:28.394,,2147483647,468731,True,offer
4067,571275,1611324939,MERV - XMEV - GGAL - 24hs,6710.0,2025-05-09 15:22:28,1000,2025-05-09 15:22:29.159,6700.0,5646,6690.0,3403,6680.0,240,6670.0,8684,6650.0,15115,6710.0,958,6740.0,150,6750.0,2154,6760.0,1219,6770.0,297,2025-05-09 15:22:29.061,,2147483647,468731,False,nan
4068,571322,1611324999,MERV - XMEV - GGAL - 24hs,6710.0,2025-05-09 15:22:28,1000,2025-05-09 15:22:29.649,6700.0,5646,6690.0,3403,6680.0,240,6670.0,8684,6650.0,15115,6710.0,958,6740.0,150,6750.0,2154,6760.0,1219,6770.0,297,2025-05-09 15:22:29.564,,2147483647,469731,False,nan
4069,571606,1611325435,MERV - XMEV - GGAL - 24hs,6710.0,2025-05-09 15:22:28,1000,2025-05-09 15:22:32.462,6700.0,5647,6690.0,3403,6680.0,240,6670.0,8684,6650.0,15115,6710.0,958,6740.0,150,6750.0,2154,6760.0,719,6770.0,297,2025-05-09 15:22:32.380,,2147483647,469731,False,nan
4070,571783,1611325680,MERV - XMEV - GGAL - 24hs,6710.0,2025-05-09 15:22:28,1000,2025-05-09 15:22:34.318,6700.0,5747,6690.0,3403,6680.0,240,6670.0,8684,6650.0,15115,6710.0,958,6740.0,150,6750.0,2154,6760.0,719,6770.0,297,2025-05-09 15:22:34.236,,2147483647,469731,False,nan
4071,571923,1611325868,MERV - XMEV - GGAL - 24hs,6710.0,2025-05-09 15:22:36,500,2025-05-09 15:22:36.147,6700.0,5747,6690.0,3403,6680.0,240,6670.0,8684,6650.0,15115,6710.0,958,6740.0,150,6750.0,2154,6760.0,719,6770.0,297,2025-05-09 15:22:36.058,,2147483647,469731,True,offer
4072,571956,1611325915,MERV - XMEV - GGAL - 24hs,6710.0,2025-05-09 15:22:36,500,2025-05-09 15:22:36.659,6700.0,5747,6690.0,3403,6680.0,240,6670.0,8684,6650.0,15115,6710.0,458,6740.0,1650,6750.0,2154,6760.0,719,6770.0,297,2025-05-09 15:22:36.570,,2147483647,469731,False,nan
4073,571994,1611325969,MERV - XMEV - GGAL - 24hs,6710.0,2025-05-09 15:22:36,500,2025-05-09 15:22:37.139,6700.0,5747,6690.0,3403,6680.0,240,6670.0,8684,6650.0,15115,6710.0,458,6740.0,1650,6750.0,2154,6760.0,719,6770.0,297,2025-05-09 15:22:37.058,,2147483647,470231,False,nan
4074,572043,1611326034,MERV - XMEV - GGAL - 24hs,6710.0,2025-05-09 15:22:37,458,2025-05-09 15:22:37.688,6700.0,5747,6690.0,3403,6680.0,240,6670.0,8684,6650.0,15115,6710.0,458,6740.0,1650,6750.0,2154,6760.0,719,6770.0,297,2025-05-09 15:22:37.606,,2147483647,470231,True,offer
4075,572087,1611326095,MERV - XMEV - GGAL - 24hs,6710.0,2025-05-09 15:22:37,458,2025-05-09 15:22:38.351,6710.0,500,6700.0,5747,6690.0,3403,6680.0,240,6670.0,8684,6740.0,1726,6750.0,2154,6760.0,719,6770.0,290,6780.0,979,2025-05-09 15:22:38.267,,2147483647,470231,False,nan
4076,572131,1611326170,MERV - XMEV - GGAL - 24hs,6710.0,2025-05-09 15:22:37,458,2025-05-09 15:22:38.849,6710.0,500,6700.0,5747,6690.0,3403,6680.0,240,6670.0,8684,6740.0,1726,6750.0,2154,6760.0,719,6770.0,290,6780.0,979,2025-05-09 15:22:38.768,,2147483647,470689,False,nan
4077,572261,1611326364,MERV - XMEV - GGAL - 24hs,6740.0,2025-05-09 15:22:40,1,2025-05-09 15:22:40.572,6710.0,500,6700.0,5747,6690.0,3403,6680.0,240,6670.0,8684,6740.0,1726,6750.0,2154,6760.0,719,6770.0,290,6780.0,979,2025-05-09 15:22:40.488,,2147483647,470689,True,offer
4078,572332,1611326458,MERV - XMEV - GGAL - 24hs,6740.0,2025-05-09 15:22:40,1,2025-05-09 15:22:41.233,6710.0,500,6700.0,5747,6690.0,3403,6680.0,240,6670.0,8684,6740.0,1725,6750.0,2154,6760.0,719,6770.0,290,6780.0,979,2025-05-09 15:22:41.152,,2147483647,470689,False,nan
4079,572363,1611326502,MERV - XMEV - GGAL - 24hs,6740.0,2025-05-09 15:22:40,1,2025-05-09 15:22:41.734,6710.0,500,6700.0,5747,6690.0,3403,6680.0,240,6670.0,8684,6740.0,1725,6750.0,2154,6760.0,719,6770.0,290,6780.0,979,2025-05-09 15:22:41.652,,2147483647,470690,False,nan
4080,572969,1611327320,MERV - XMEV - GGAL - 24hs,6740.0,2025-05-09 15:22:40,1,2025-05-09 15:22:47.868,6710.0,500,6700.0,5747,6690.0,3203,6680.0,240,6670.0,8684,6740.0,1725,6750.0,2154,6760.0,719,6770.0,290,6780.0,979,2025-05-09 15:22:47.777,,2147483647,470690,False,nan
4081,573239,1611327733,MERV - XMEV - GGAL - 24hs,6740.0,2025-05-09 15:22:40,1,2025-05-09 15:22:51.369,6710.0,750,6700.0,5747,6690.0,3203,6680.0,240,6670.0,8684,6740.0,1725,6750.0,2154,6760.0,719,6770.0,290,6780.0,979,2025-05-09 15:22:51.288,,2147483647,470690,False,nan
4082,573310,1611327837,MERV - XMEV - GGAL - 24hs,6740.0,2025-05-09 15:22:40,1,2025-05-09 15:22:52.257,6710.0,750,6700.0,5747,6690.0,3203,6680.0,279,6670.0,8684,6740.0,1725,6750.0,2154,6760.0,719,6770.0,290,6780.0,5979,2025-05-09 15:22:52.176,,2147483647,470690,False,nan
4083,573542,1611328187,MERV - XMEV - GGAL - 24hs,6740.0,2025-05-09 15:22:54,1,2025-05-09 15:22:55.007,6710.0,750,6700.0,5747,6690.0,3203,6680.0,279,6670.0,8684,6740.0,1725,6750.0,2154,6760.0,719,6770.0,290,6780.0,5979,2025-05-09 15:22:54.925,,2147483647,470690,True,offer
4084,573581,1611328256,MERV - XMEV - GGAL - 24hs,6740.0,2025-05-09 15:22:54,1,2025-05-09 15:22:55.506,6710.0,750,6700.0,5747,6690.0,3203,6680.0,279,6670.0,8684,6740.0,1724,6750.0,2154,6760.0,719,6770.0,290,6780.0,5979,2025-05-09 15:22:55.425,,2147483647,470690,False,nan
4085,573613,1611328299,MERV - XMEV - GGAL - 24hs,6740.0,2025-05-09 15:22:54,1,2025-05-09 15:22:56.006,6710.0,750,6700.0,5747,6690.0,3203,6680.0,279,6670.0,8684,6740.0,1724,6750.0,2154,6760.0,719,6770.0,290,6780.0,5979,2025-05-09 15:22:55.925,,2147483647,470691,False,nan
4086,573663,1611328367,MERV - XMEV - GGAL - 24hs,6740.0,2025-05-09 15:22:54,1,2025-05-09 15:22:56.506,6710.0,250,6700.0,5747,6690.0,3203,6680.0,779,6670.0,8684,6740.0,1724,6750.0,2154,6760.0,719,6770.0,290,6780.0,5979,2025-05-09 15:22:56.425,,2147483647,470691,False,nan
4087,573749,1611328493,MERV - XMEV - GGAL - 24hs,6710.0,2025-05-09 15:22:57,250,2025-05-09 15:22:57.494,6710.0,250,6700.0,5747,6690.0,3203,6680.0,779,6670.0,8684,6740.0,1724,6750.0,2154,6760.0,719,6770.0,290,6780.0,5979,2025-05-09 15:22:57.410,,2147483647,470691,True,bid
4088,573793,1611328554,MERV - XMEV - GGAL - 24hs,6700.0,2025-05-09 15:22:57,1000,2025-05-09 15:22:58.004,6710.0,250,6700.0,5747,6690.0,3203,6680.0,779,6670.0,8684,6740.0,1724,6750.0,2154,6760.0,719,6770.0,290,6780.0,5979,2025-05-09 15:22:57.920,,2147483647,470941,False,nan
4089,573856,1611328679,MERV - XMEV - GGAL - 24hs,6700.0,2025-05-09 15:22:57,1000,2025-05-09 15:22:58.536,6700.0,4747,6690.0,3203,6680.0,779,6670.0,8684,6650.0,15115,6710.0,1,6740.0,1648,6750.0,154,6760.0,719,6770.0,297,2025-05-09 15:22:58.410,,2147483647,471941,False,nan
4090,573885,1611328720,MERV - XMEV - GGAL - 24hs,6700.0,2025-05-09 15:22:57,1000,2025-05-09 15:22:58.991,6700.0,4747,6690.0,3203,6680.0,779,6670.0,8684,6660.0,15000,6710.0,1,6740.0,1648,6750.0,154,6760.0,719,6770.0,297,2025-05-09 15:22:58.910,,2147483647,471941,False,nan
4091,573972,1611328861,MERV - XMEV - GGAL - 24hs,6700.0,2025-05-09 15:22:57,1000,2025-05-09 15:23:00.154,6700.0,4747,6690.0,3203,6680.0,779,6670.0,8684,6660.0,15001,6710.0,1,6740.0,1648,6750.0,154,6760.0,719,6770.0,297,2025-05-09 15:23:00.069,,2147483647,471941,False,nan
4092,574034,1611328940,MERV - XMEV - GGAL - 24hs,6700.0,2025-05-09 15:22:57,1000,2025-05-09 15:23:00.850,6700.0,4747,6690.0,3203,6680.0,779,6670.0,8684,6660.0,15001,6710.0,1,6730.0,250,6740.0,1648,6750.0,154,6760.0,719,2025-05-09 15:23:00.768,,2147483647,471941,False,nan
4093,574173,1611329168,MERV - XMEV - GGAL - 24hs,6710.0,2025-05-09 15:23:02,1,2025-05-09 15:23:02.744,6700.0,4747,6690.0,3203,6680.0,779,6670.0,8684,6660.0,15001,6710.0,1,6730.0,250,6740.0,1648,6750.0,154,6760.0,719,2025-05-09 15:23:02.659,,2147483647,471941,True,offer
4094,574208,1611329216,MERV - XMEV - GGAL - 24hs,6730.0,2025-05-09 15:23:02,1,2025-05-09 15:23:03.241,6700.0,4747,6690.0,3203,6680.0,779,6670.0,8684,6660.0,15001,6730.0,325,6740.0,1648,6750.0,154,6760.0,719,6770.0,290,2025-05-09 15:23:03.160,,2147483647,471941,False,nan
4095,574241,1611329267,MERV - XMEV - GGAL - 24hs,6730.0,2025-05-09 15:23:02,1,2025-05-09 15:23:03.741,6700.0,4747,6690.0,3203,6680.0,779,6670.0,8684,6660.0,15001,6730.0,325,6740.0,1648,6750.0,154,6760.0,719,6770.0,290,2025-05-09 15:23:03.660,,2147483647,471943,False,nan
4096,574602,1611329772,MERV - XMEV - GGAL - 24hs,6730.0,2025-05-09 15:23:02,1,2025-05-09 15:23:07.021,6700.0,4747,6690.0,3203,6680.0,779,6670.0,8684,6660.0,15001,6730.0,325,6740.0,1648,6750.0,154,6760.0,719,6770.0,291,2025-05-09 15:23:06.941,,2147483647,471943,False,nan
4097,574939,1611330257,MERV - XMEV - GGAL - 24hs,6730.0,2025-05-09 15:23:10,14,2025-05-09 15:23:10.475,6700.0,4747,6690.0,3203,6680.0,779,6670.0,8684,6660.0,15001,6730.0,325,6740.0,1648,6750.0,154,6760.0,719,6770.0,291,2025-05-09 15:23:10.391,,2147483647,471943,True,offer
4098,575014,1611330363,MERV - XMEV - GGAL - 24hs,6730.0,2025-05-09 15:23:10,1,2025-05-09 15:23:10.974,6700.0,4747,6690.0,3203,6680.0,779,6670.0,8684,6660.0,15001,6730.0,325,6740.0,1648,6750.0,154,6760.0,719,6770.0,291,2025-05-09 15:23:10.892,,2147483647,471957,False,nan
4099,575064,1611330435,MERV - XMEV - GGAL - 24hs,6730.0,2025-05-09 15:23:10,1,2025-05-09 15:23:11.478,6700.0,4747,6690.0,3203,6680.0,779,6670.0,8684,6660.0,15001,6730.0,310,6740.0,1648,6750.0,154,6760.0,719,6770.0,291,2025-05-09 15:23:11.393,,2147483647,471958,False,nan
4100,575542,1611331129,MERV - XMEV - GGAL - 24hs,6700.0,2025-05-09 15:23:16,295,2025-05-09 15:23:16.424,6700.0,4747,6690.0,3203,6680.0,779,6670.0,8684,6660.0,15001,6730.0,310,6740.0,1648,6750.0,154,6760.0,719,6770.0,291,2025-05-09 15:23:16.341,,2147483647,471958,True,bid
4101,575593,1611331195,MERV - XMEV - GGAL - 24hs,6700.0,2025-05-09 15:23:16,295,2025-05-09 15:23:16.931,6700.0,4452,6690.0,3203,6680.0,799,6670.0,8684,6660.0,15001,6730.0,310,6740.0,1648,6750.0,154,6760.0,719,6770.0,291,2025-05-09 15:23:16.840,,2147483647,471958,False,nan
4102,575658,1611331281,MERV - XMEV - GGAL - 24hs,6700.0,2025-05-09 15:23:16,295,2025-05-09 15:23:17.447,6700.0,4452,6690.0,3203,6680.0,799,6670.0,8684,6660.0,15001,6730.0,310,6740.0,1648,6750.0,154,6760.0,719,6770.0,291,2025-05-09 15:23:17.341,,2147483647,472253,False,nan
4103,575719,1611331382,MERV - XMEV - GGAL - 24hs,6700.0,2025-05-09 15:23:16,295,2025-05-09 15:23:17.943,6710.0,500,6700.0,8135,6690.0,3203,6680.0,799,6670.0,8684,6730.0,310,6740.0,1648,6750.0,154,6760.0,719,6770.0,291,2025-05-09 15:23:17.842,,2147483647,472253,False,nan
4104,575856,1611331556,MERV - XMEV - GGAL - 24hs,6700.0,2025-05-09 15:23:16,295,2025-05-09 15:23:19.181,6710.0,500,6700.0,9135,6690.0,3203,6680.0,799,6670.0,8684,6730.0,310,6740.0,1648,6750.0,154,6760.0,719,6770.0,291,2025-05-09 15:23:19.100,,2147483647,472253,False,nan
4105,576233,1611332088,MERV - XMEV - GGAL - 24hs,6730.0,2025-05-09 15:23:23,1,2025-05-09 15:23:23.776,6710.0,500,6700.0,9135,6690.0,3203,6680.0,799,6670.0,8684,6730.0,310,6740.0,1648,6750.0,154,6760.0,719,6770.0,291,2025-05-09 15:23:23.694,,2147483647,472253,True,offer
4106,576272,1611332140,MERV - XMEV - GGAL - 24hs,6730.0,2025-05-09 15:23:23,1,2025-05-09 15:23:24.443,6710.0,500,6700.0,9135,6690.0,3203,6680.0,799,6670.0,8684,6730.0,309,6740.0,1648,6750.0,154,6760.0,719,6770.0,291,2025-05-09 15:23:24.360,,2147483647,472253,False,nan
4107,576310,1611332189,MERV - XMEV - GGAL - 24hs,6730.0,2025-05-09 15:23:23,1,2025-05-09 15:23:24.940,6710.0,500,6700.0,9135,6690.0,3203,6680.0,799,6670.0,8684,6730.0,309,6740.0,1648,6750.0,154,6760.0,719,6770.0,291,2025-05-09 15:23:24.859,,2147483647,472254,False,nan
4108,576383,1611332299,MERV - XMEV - GGAL - 24hs,6730.0,2025-05-09 15:23:23,1,2025-05-09 15:23:25.859,6710.0,500,6700.0,9135,6690.0,3203,6680.0,3799,6670.0,20684,6730.0,309,6740.0,1649,6750.0,154,6760.0,719,6770.0,291,2025-05-09 15:23:25.769,,2147483647,472254,False,nan
4109,576854,1611332943,MERV - XMEV - GGAL - 24hs,6710.0,2025-05-09 15:23:32,295,2025-05-09 15:23:32.234,6710.0,500,6700.0,9135,6690.0,3203,6680.0,3799,6670.0,20684,6730.0,309,6740.0,1649,6750.0,154,6760.0,719,6770.0,291,2025-05-09 15:23:32.153,,2147483647,472254,True,bid
4110,576903,1611333011,MERV - XMEV - GGAL - 24hs,6710.0,2025-05-09 15:23:32,295,2025-05-09 15:23:32.900,6710.0,205,6700.0,9135,6690.0,3203,6680.0,3800,6670.0,20684,6730.0,309,6740.0,1649,6750.0,154,6760.0,719,6770.0,291,2025-05-09 15:23:32.819,,2147483647,472254,False,nan
4111,576954,1611333088,MERV - XMEV - GGAL - 24hs,6710.0,2025-05-09 15:23:32,295,2025-05-09 15:23:33.400,6710.0,205,6700.0,9135,6690.0,3203,6680.0,3800,6670.0,20684,6730.0,309,6740.0,1649,6750.0,154,6760.0,719,6770.0,291,2025-05-09 15:23:33.319,,2147483647,472549,False,nan
4112,577137,1611333330,MERV - XMEV - GGAL - 24hs,6730.0,2025-05-09 15:23:35,150,2025-05-09 15:23:35.577,6710.0,205,6700.0,9135,6690.0,3203,6680.0,3800,6670.0,20684,6730.0,309,6740.0,1649,6750.0,154,6760.0,719,6770.0,291,2025-05-09 15:23:35.496,,2147483647,472549,True,offer
4113,577198,1611333447,MERV - XMEV - GGAL - 24hs,6730.0,2025-05-09 15:23:35,150,2025-05-09 15:23:36.269,6710.0,205,6700.0,9135,6690.0,3203,6680.0,3800,6670.0,20684,6730.0,159,6740.0,1649,6750.0,154,6760.0,719,6770.0,291,2025-05-09 15:23:36.179,,2147483647,472549,False,nan
4114,577227,1611333504,MERV - XMEV - GGAL - 24hs,6730.0,2025-05-09 15:23:35,150,2025-05-09 15:23:36.764,6710.0,205,6700.0,9135,6690.0,3203,6680.0,3800,6670.0,20684,6730.0,159,6740.0,1649,6750.0,154,6760.0,719,6770.0,291,2025-05-09 15:23:36.679,,2147483647,472699,False,nan
4115,577851,1611334355,MERV - XMEV - GGAL - 24hs,6730.0,2025-05-09 15:23:35,150,2025-05-09 15:23:41.971,6710.0,255,6700.0,9135,6690.0,3203,6680.0,800,6670.0,23684,6730.0,159,6740.0,1649,6750.0,154,6760.0,719,6770.0,291,2025-05-09 15:23:41.870,,2147483647,472699,False,nan
4116,577911,1611334439,MERV - XMEV - GGAL - 24hs,6730.0,2025-05-09 15:23:35,150,2025-05-09 15:23:42.691,6710.0,255,6700.0,9135,6690.0,3203,6680.0,800,6670.0,8684,6730.0,159,6740.0,1649,6750.0,154,6760.0,719,6770.0,291,2025-05-09 15:23:42.603,,2147483647,472699,False,nan
4117,578251,1611334887,MERV - XMEV - GGAL - 24hs,6730.0,2025-05-09 15:23:35,150,2025-05-09 15:23:46.595,6710.0,755,6700.0,9135,6690.0,3203,6680.0,800,6670.0,8684,6730.0,159,6740.0,1649,6750.0,154,6760.0,719,6770.0,291,2025-05-09 15:23:46.510,,2147483647,472699,False,nan
4118,578762,1611335577,MERV - XMEV - GGAL - 24hs,6730.0,2025-05-09 15:23:35,150,2025-05-09 15:23:52.683,6720.0,10,6710.0,755,6700.0,9135,6690.0,3203,6680.0,800,6730.0,83,6740.0,1649,6750.0,154,6760.0,719,6770.0,298,2025-05-09 15:23:52.597,,2147483647,472699,False,nan
4119,578831,1611335664,MERV - XMEV - GGAL - 24hs,6730.0,2025-05-09 15:23:53,80,2025-05-09 15:23:53.243,6720.0,10,6710.0,755,6700.0,9135,6690.0,3203,6680.0,800,6730.0,83,6740.0,1649,6750.0,154,6760.0,719,6770.0,298,2025-05-09 15:23:53.158,,2147483647,472699,True,offer
4120,578870,1611335718,MERV - XMEV - GGAL - 24hs,6740.0,2025-05-09 15:23:53,7,2025-05-09 15:23:53.785,6720.0,10,6710.0,755,6700.0,9135,6690.0,3203,6680.0,800,6730.0,83,6740.0,1649,6750.0,154,6760.0,719,6770.0,298,2025-05-09 15:23:53.685,,2147483647,472779,False,nan
4121,578932,1611335803,MERV - XMEV - GGAL - 24hs,6740.0,2025-05-09 15:23:53,80,2025-05-09 15:23:54.318,6720.0,10,6710.0,755,6700.0,9135,6690.0,3203,6680.0,800,6740.0,1642,6750.0,154,6760.0,719,6770.0,298,6780.0,5979,2025-05-09 15:23:54.211,,2147483647,472789,False,nan
4122,578962,1611335853,MERV - XMEV - GGAL - 24hs,6740.0,2025-05-09 15:23:54,12,2025-05-09 15:23:54.801,6720.0,10,6710.0,755,6700.0,9135,6690.0,3203,6680.0,800,6740.0,1626,6750.0,154,6760.0,719,6770.0,291,6780.0,5979,2025-05-09 15:23:54.711,,2147483647,472881,True,offer
4123,579089,1611336030,MERV - XMEV - GGAL - 24hs,6740.0,2025-05-09 15:23:54,12,2025-05-09 15:23:56.491,6720.0,10,6710.0,755,6700.0,9140,6690.0,3203,6680.0,800,6740.0,1626,6750.0,154,6760.0,719,6770.0,291,6780.0,5979,2025-05-09 15:23:56.407,,2147483647,472881,False,nan
4124,579141,1611336111,MERV - XMEV - GGAL - 24hs,6740.0,2025-05-09 15:23:54,12,2025-05-09 15:23:57.464,6720.0,10,6710.0,1005,6700.0,9140,6690.0,3203,6680.0,800,6740.0,1626,6750.0,154,6760.0,719,6770.0,291,6780.0,5979,2025-05-09 15:23:57.280,,2147483647,472881,False,nan
4125,579266,1611336272,MERV - XMEV - GGAL - 24hs,6740.0,2025-05-09 15:23:54,12,2025-05-09 15:23:59.128,6720.0,10,6710.0,955,6700.0,9170,6690.0,3203,6680.0,800,6740.0,1626,6750.0,154,6760.0,719,6770.0,291,6780.0,5979,2025-05-09 15:23:59.047,,2147483647,472881,False,nan
4126,579453,1611336514,MERV - XMEV - GGAL - 24hs,6740.0,2025-05-09 15:24:00,1,2025-05-09 15:24:01.159,6720.0,10,6710.0,955,6700.0,9170,6690.0,3203,6680.0,800,6740.0,1626,6750.0,154,6760.0,719,6770.0,291,6780.0,5979,2025-05-09 15:24:01.078,,2147483647,472881,True,offer
4127,579506,1611336586,MERV - XMEV - GGAL - 24hs,6740.0,2025-05-09 15:24:00,1,2025-05-09 15:24:01.661,6720.0,10,6710.0,955,6700.0,9270,6690.0,3203,6680.0,800,6740.0,1625,6750.0,154,6760.0,719,6770.0,291,6780.0,5979,2025-05-09 15:24:01.580,,2147483647,472881,False,nan
4128,579548,1611336658,MERV - XMEV - GGAL - 24hs,6720.0,2025-05-09 15:24:01,10,2025-05-09 15:24:02.160,6720.0,10,6710.0,955,6700.0,9270,6690.0,3203,6680.0,800,6740.0,1625,6750.0,154,6760.0,719,6770.0,291,6780.0,5979,2025-05-09 15:24:02.078,,2147483647,472882,True,bid
4129,579604,1611336744,MERV - XMEV - GGAL - 24hs,6720.0,2025-05-09 15:24:01,10,2025-05-09 15:24:02.659,6710.0,960,6700.0,9270,6690.0,3203,6680.0,800,6670.0,8684,6720.0,1,6740.0,1549,6750.0,154,6760.0,719,6770.0,298,2025-05-09 15:24:02.578,,2147483647,472892,False,nan
4130,579733,1611336921,MERV - XMEV - GGAL - 24hs,6720.0,2025-05-09 15:24:01,10,2025-05-09 15:24:04.230,6710.0,960,6700.0,9270,6690.0,3203,6680.0,800,6670.0,8684,6740.0,1549,6750.0,3154,6760.0,719,6770.0,298,6780.0,5979,2025-05-09 15:24:04.136,,2147483647,472892,False,nan
4131,579797,1611337009,MERV - XMEV - GGAL - 24hs,6720.0,2025-05-09 15:24:01,10,2025-05-09 15:24:05.116,6710.0,960,6700.0,9270,6690.0,3203,6680.0,800,6670.0,8684,6740.0,1625,6750.0,3154,6760.0,719,6770.0,291,6780.0,5979,2025-05-09 15:24:05.017,,2147483647,472892,False,nan
4132,579872,1611337115,MERV - XMEV - GGAL - 24hs,6720.0,2025-05-09 15:24:01,10,2025-05-09 15:24:05.767,6710.0,960,6700.0,9270,6690.0,3203,6680.0,800,6670.0,8884,6740.0,1625,6750.0,3256,6760.0,719,6770.0,291,6780.0,5979,2025-05-09 15:24:05.652,,2147483647,472892,False,nan
4133,579973,1611337261,MERV - XMEV - GGAL - 24hs,6740.0,2025-05-09 15:24:06,6,2025-05-09 15:24:06.767,6710.0,960,6700.0,9270,6690.0,3203,6680.0,800,6670.0,8884,6740.0,1625,6750.0,3256,6760.0,719,6770.0,291,6780.0,5979,2025-05-09 15:24:06.685,,2147483647,472892,True,offer
4134,580033,1611337346,MERV - XMEV - GGAL - 24hs,6740.0,2025-05-09 15:24:06,6,2025-05-09 15:24:07.262,6710.0,960,6700.0,9270,6690.0,3203,6680.0,800,6670.0,8884,6740.0,1619,6750.0,3256,6760.0,719,6770.0,291,6780.0,5979,2025-05-09 15:24:07.181,,2147483647,472898,False,nan
4135,580123,1611337467,MERV - XMEV - GGAL - 24hs,6710.0,2025-05-09 15:24:08,201,2025-05-09 15:24:08.177,6710.0,960,6700.0,9270,6690.0,3203,6680.0,800,6670.0,8884,6740.0,1619,6750.0,3256,6760.0,719,6770.0,291,6780.0,5979,2025-05-09 15:24:08.094,,2147483647,472898,True,bid
4136,580175,1611337541,MERV - XMEV - GGAL - 24hs,6710.0,2025-05-09 15:24:08,201,2025-05-09 15:24:08.844,6710.0,759,6700.0,9270,6690.0,3203,6680.0,800,6670.0,8884,6740.0,1619,6750.0,3256,6760.0,719,6770.0,291,6780.0,5979,2025-05-09 15:24:08.759,,2147483647,472898,False,nan
4137,580219,1611337598,MERV - XMEV - GGAL - 24hs,6710.0,2025-05-09 15:24:08,201,2025-05-09 15:24:09.348,6710.0,759,6700.0,9270,6690.0,3203,6680.0,800,6670.0,8884,6740.0,1619,6750.0,3256,6760.0,719,6770.0,291,6780.0,5979,2025-05-09 15:24:09.263,,2147483647,473099,False,nan
4138,580776,1611338364,MERV - XMEV - GGAL - 24hs,6710.0,2025-05-09 15:24:14,4,2025-05-09 15:24:14.215,6710.0,759,6700.0,9270,6690.0,3203,6680.0,800,6670.0,8884,6740.0,1619,6750.0,3256,6760.0,719,6770.0,291,6780.0,5979,2025-05-09 15:24:14.127,,2147483647,473099,True,bid
4139,580811,1611338408,MERV - XMEV - GGAL - 24hs,6710.0,2025-05-09 15:24:14,22,2025-05-09 15:24:14.708,6710.0,759,6700.0,9270,6690.0,3203,6680.0,800,6670.0,8884,6740.0,1619,6750.0,3256,6760.0,719,6770.0,291,6780.0,5979,2025-05-09 15:24:14.627,,2147483647,473099,False,nan
4140,580851,1611338473,MERV - XMEV - GGAL - 24hs,6710.0,2025-05-09 15:24:14,22,2025-05-09 15:24:15.428,6710.0,733,6700.0,9270,6690.0,3203,6680.0,800,6670.0,8884,6740.0,1619,6750.0,3256,6760.0,719,6770.0,291,6780.0,5979,2025-05-09 15:24:15.227,,2147483647,473125,False,nan
4141,580888,1611338521,MERV - XMEV - GGAL - 24hs,6710.0,2025-05-09 15:24:15,177,2025-05-09 15:24:15.717,6710.0,733,6700.0,9270,6690.0,3203,6680.0,800,6670.0,8884,6740.0,1619,6750.0,3256,6760.0,719,6770.0,291,6780.0,5979,2025-05-09 15:24:15.627,,2147483647,473125,True,bid
4142,580935,1611338582,MERV - XMEV - GGAL - 24hs,6710.0,2025-05-09 15:24:15,177,2025-05-09 15:24:16.209,6710.0,93,6700.0,9270,6690.0,3203,6680.0,800,6670.0,8884,6740.0,1619,6750.0,4256,6760.0,719,6770.0,291,6780.0,5979,2025-05-09 15:24:16.126,,2147483647,473780,False,nan
4143,581088,1611338798,MERV - XMEV - GGAL - 24hs,6710.0,2025-05-09 15:24:17,73,2025-05-09 15:24:17.566,6710.0,93,6700.0,9270,6690.0,3203,6680.0,800,6670.0,8884,6740.0,1619,6750.0,4256,6760.0,719,6770.0,291,6780.0,5979,2025-05-09 15:24:17.465,,2147483647,473780,True,bid
4144,581150,1611338874,MERV - XMEV - GGAL - 24hs,6710.0,2025-05-09 15:24:17,15,2025-05-09 15:24:18.050,6710.0,93,6700.0,9270,6690.0,3203,6680.0,800,6670.0,8884,6740.0,1619,6750.0,4256,6760.0,719,6770.0,291,6780.0,5979,2025-05-09 15:24:17.964,,2147483647,473780,False,nan
4145,581215,1611338962,MERV - XMEV - GGAL - 24hs,6740.0,2025-05-09 15:24:18,180,2025-05-09 15:24:18.549,6700.0,9270,6690.0,3203,6680.0,800,6670.0,8884,6660.0,1,6740.0,1619,6750.0,256,6760.0,4719,6770.0,291,6780.0,5979,2025-05-09 15:24:18.464,,2147483647,473873,True,offer
4146,581279,1611339043,MERV - XMEV - GGAL - 24hs,6740.0,2025-05-09 15:24:18,180,2025-05-09 15:24:19.077,6700.0,9270,6690.0,3203,6680.0,800,6670.0,8884,6660.0,1,6740.0,1397,6750.0,256,6760.0,4719,6770.0,291,6780.0,5979,2025-05-09 15:24:18.993,,2147483647,473873,False,nan
4147,581350,1611339157,MERV - XMEV - GGAL - 24hs,6740.0,2025-05-09 15:24:18,180,2025-05-09 15:24:19.577,6700.0,9270,6690.0,3203,6680.0,800,6670.0,8884,6660.0,1,6740.0,1397,6750.0,256,6760.0,4719,6770.0,291,6780.0,5979,2025-05-09 15:24:19.492,,2147483647,474095,False,nan
4148,581539,1611339411,MERV - XMEV - GGAL - 24hs,6740.0,2025-05-09 15:24:18,180,2025-05-09 15:24:22.111,6700.0,9270,6690.0,3203,6680.0,800,6670.0,8884,6660.0,1,6740.0,1897,6750.0,256,6760.0,4719,6770.0,291,6780.0,5979,2025-05-09 15:24:22.027,,2147483647,474095,False,nan
4149,581912,1611339950,MERV - XMEV - GGAL - 24hs,6700.0,2025-05-09 15:24:25,402,2025-05-09 15:24:25.704,6700.0,9270,6690.0,3203,6680.0,800,6670.0,8884,6660.0,1,6740.0,1897,6750.0,256,6760.0,4719,6770.0,291,6780.0,5979,2025-05-09 15:24:25.588,,2147483647,474095,True,bid
4150,581954,1611340011,MERV - XMEV - GGAL - 24hs,6700.0,2025-05-09 15:24:25,402,2025-05-09 15:24:26.172,6700.0,8863,6690.0,3203,6680.0,800,6670.0,8884,6660.0,1,6740.0,1897,6750.0,256,6760.0,4719,6770.0,291,6780.0,5979,2025-05-09 15:24:26.088,,2147483647,474095,False,nan
4151,582004,1611340080,MERV - XMEV - GGAL - 24hs,6700.0,2025-05-09 15:24:25,402,2025-05-09 15:24:26.668,6700.0,8863,6690.0,3203,6680.0,800,6670.0,8884,6660.0,1,6740.0,1897,6750.0,256,6760.0,4719,6770.0,291,6780.0,5979,2025-05-09 15:24:26.587,,2147483647,474497,False,nan
4152,582059,1611340178,MERV - XMEV - GGAL - 24hs,6700.0,2025-05-09 15:24:25,402,2025-05-09 15:24:27.195,6700.0,8864,6690.0,3203,6680.0,800,6670.0,8884,6660.0,1,6740.0,1897,6750.0,256,6760.0,4719,6770.0,291,6780.0,5979,2025-05-09 15:24:27.088,,2147483647,474497,False,nan
4153,582135,1611340275,MERV - XMEV - GGAL - 24hs,6740.0,2025-05-09 15:24:27,1,2025-05-09 15:24:27.723,6700.0,8864,6690.0,3203,6680.0,800,6670.0,8884,6660.0,1,6740.0,1897,6750.0,256,6760.0,4719,6770.0,291,6780.0,5979,2025-05-09 15:24:27.590,,2147483647,474497,True,offer
4154,582330,1611340551,MERV - XMEV - GGAL - 24hs,6740.0,2025-05-09 15:24:27,1,2025-05-09 15:24:28.883,6700.0,8864,6690.0,3203,6680.0,800,6670.0,8884,6660.0,1,6740.0,1896,6750.0,256,6760.0,4719,6770.0,291,6780.0,5979,2025-05-09 15:24:28.247,,2147483647,474497,False,nan
4155,582385,1611340632,MERV - XMEV - GGAL - 24hs,6740.0,2025-05-09 15:24:27,1,2025-05-09 15:24:29.136,6700.0,8864,6690.0,3203,6680.0,800,6670.0,8884,6660.0,1,6740.0,1896,6750.0,256,6760.0,4719,6770.0,291,6780.0,5979,2025-05-09 15:24:28.727,,2147483647,474498,False,nan
4156,582656,1611340968,MERV - XMEV - GGAL - 24hs,6740.0,2025-05-09 15:24:27,1,2025-05-09 15:24:32.174,6710.0,2000,6700.0,8864,6690.0,3203,6680.0,800,6670.0,8884,6740.0,1896,6750.0,256,6760.0,4719,6770.0,291,6780.0,5979,2025-05-09 15:24:32.091,,2147483647,474498,False,nan
4157,582851,1611341234,MERV - XMEV - GGAL - 24hs,6740.0,2025-05-09 15:24:34,2,2025-05-09 15:24:34.958,6710.0,2000,6700.0,8864,6690.0,3203,6680.0,800,6670.0,8884,6740.0,1896,6750.0,256,6760.0,4719,6770.0,291,6780.0,5979,2025-05-09 15:24:34.877,,2147483647,474498,True,offer
4158,582893,1611341289,MERV - XMEV - GGAL - 24hs,6740.0,2025-05-09 15:24:34,2,2025-05-09 15:24:35.625,6710.0,2500,6700.0,8864,6690.0,3203,6680.0,300,6670.0,8884,6740.0,2593,6750.0,256,6760.0,4719,6770.0,291,6780.0,5979,2025-05-09 15:24:35.544,,2147483647,474498,False,nan
4159,582949,1611341393,MERV - XMEV - GGAL - 24hs,6740.0,2025-05-09 15:24:34,2,2025-05-09 15:24:36.127,6710.0,2500,6700.0,8864,6690.0,3203,6680.0,300,6670.0,8884,6740.0,2593,6750.0,256,6760.0,4719,6770.0,291,6780.0,5979,2025-05-09 15:24:36.044,,2147483647,474500,False,nan
4160,583023,1611341519,MERV - XMEV - GGAL - 24hs,6740.0,2025-05-09 15:24:34,2,2025-05-09 15:24:37.003,6710.0,4500,6700.0,8864,6690.0,3203,6680.0,300,6670.0,8884,6740.0,2593,6750.0,256,6760.0,4719,6770.0,291,6780.0,5979,2025-05-09 15:24:36.820,,2147483647,474500,False,nan
4161,583104,1611341629,MERV - XMEV - GGAL - 24hs,6710.0,2025-05-09 15:24:37,3,2025-05-09 15:24:37.856,6710.0,4500,6700.0,8864,6690.0,3203,6680.0,300,6670.0,8884,6740.0,2593,6750.0,256,6760.0,4719,6770.0,291,6780.0,5979,2025-05-09 15:24:37.774,,2147483647,474500,True,bid
4162,583181,1611341731,MERV - XMEV - GGAL - 24hs,6710.0,2025-05-09 15:24:37,3,2025-05-09 15:24:38.511,6710.0,4497,6700.0,8864,6690.0,3203,6680.0,300,6670.0,8884,6740.0,2593,6750.0,1256,6760.0,719,6770.0,291,6780.0,5979,2025-05-09 15:24:38.422,,2147483647,474500,False,nan
4163,583235,1611341802,MERV - XMEV - GGAL - 24hs,6710.0,2025-05-09 15:24:37,3,2025-05-09 15:24:39.007,6710.0,4497,6700.0,8864,6690.0,3203,6680.0,300,6670.0,8884,6740.0,2593,6750.0,1256,6760.0,719,6770.0,291,6780.0,5979,2025-05-09 15:24:38.923,,2147483647,474503,False,nan
4164,583651,1611342358,MERV - XMEV - GGAL - 24hs,6720.0,2025-05-09 15:24:43,20,2025-05-09 15:24:43.162,6710.0,4497,6700.0,8864,6690.0,3203,6680.0,300,6670.0,8884,6740.0,2593,6750.0,1256,6760.0,719,6770.0,291,6780.0,5979,2025-05-09 15:24:43.078,,2147483647,474503,True,bid
4165,583736,1611342467,MERV - XMEV - GGAL - 24hs,6720.0,2025-05-09 15:24:43,20,2025-05-09 15:24:43.811,6710.0,4497,6700.0,8864,6690.0,3203,6680.0,300,6670.0,8884,6720.0,1,6730.0,250,6740.0,2517,6750.0,256,6760.0,719,2025-05-09 15:24:43.722,,2147483647,474503,False,nan
4166,583819,1611342596,MERV - XMEV - GGAL - 24hs,6720.0,2025-05-09 15:24:43,20,2025-05-09 15:24:44.308,6710.0,4497,6700.0,8864,6690.0,3203,6680.0,300,6670.0,8884,6720.0,1,6730.0,250,6740.0,2517,6750.0,256,6760.0,719,2025-05-09 15:24:44.221,,2147483647,474523,False,nan
4167,584129,1611342999,MERV - XMEV - GGAL - 24hs,6720.0,2025-05-09 15:24:43,20,2025-05-09 15:24:46.913,6710.0,4497,6700.0,8864,6690.0,3203,6680.0,1300,6670.0,8884,6730.0,326,6740.0,2517,6750.0,256,6760.0,1719,6770.0,291,2025-05-09 15:24:46.829,,2147483647,474523,False,nan
4168,584174,1611343057,MERV - XMEV - GGAL - 24hs,6710.0,2025-05-09 15:24:47,145,2025-05-09 15:24:47.410,6710.0,4497,6700.0,8864,6690.0,3203,6680.0,1300,6670.0,8884,6730.0,326,6740.0,2517,6750.0,256,6760.0,1719,6770.0,291,2025-05-09 15:24:47.329,,2147483647,474528,True,bid
4169,584223,1611343115,MERV - XMEV - GGAL - 24hs,6710.0,2025-05-09 15:24:47,145,2025-05-09 15:24:47.910,6710.0,4347,6700.0,8864,6690.0,3203,6680.0,1300,6670.0,8884,6730.0,326,6740.0,2517,6750.0,256,6760.0,1719,6770.0,291,2025-05-09 15:24:47.829,,2147483647,474673,False,nan
4170,584398,1611343326,MERV - XMEV - GGAL - 24hs,6730.0,2025-05-09 15:24:50,1,2025-05-09 15:24:50.653,6710.0,4347,6700.0,8864,6690.0,3203,6680.0,1300,6670.0,8884,6730.0,326,6740.0,2517,6750.0,256,6760.0,1719,6770.0,291,2025-05-09 15:24:50.571,,2147483647,474673,True,offer
4171,584458,1611343415,MERV - XMEV - GGAL - 24hs,6730.0,2025-05-09 15:24:51,3,2025-05-09 15:24:51.152,6710.0,4347,6700.0,8864,6690.0,3203,6680.0,1300,6670.0,8884,6730.0,326,6740.0,2517,6750.0,256,6760.0,1719,6770.0,291,2025-05-09 15:24:51.071,,2147483647,474674,True,offer
4172,584505,1611343484,MERV - XMEV - GGAL - 24hs,6730.0,2025-05-09 15:24:51,3,2025-05-09 15:24:51.652,6710.0,4357,6700.0,8864,6690.0,3203,6680.0,1300,6670.0,8884,6730.0,322,6740.0,2517,6750.0,256,6760.0,1719,6770.0,291,2025-05-09 15:24:51.571,,2147483647,474677,False,nan
4173,584824,1611343947,MERV - XMEV - GGAL - 24hs,6710.0,2025-05-09 15:24:56,100,2025-05-09 15:24:56.529,6710.0,4357,6700.0,8864,6690.0,3203,6680.0,1300,6670.0,8884,6730.0,322,6740.0,2517,6750.0,256,6760.0,1719,6770.0,291,2025-05-09 15:24:56.448,,2147483647,474677,True,bid
4174,584875,1611344011,MERV - XMEV - GGAL - 24hs,6710.0,2025-05-09 15:24:56,100,2025-05-09 15:24:57.187,6710.0,4257,6700.0,8864,6690.0,3203,6680.0,1300,6670.0,8884,6730.0,322,6740.0,2517,6750.0,256,6760.0,1719,6770.0,291,2025-05-09 15:24:57.104,,2147483647,474677,False,nan
4175,584908,1611344071,MERV - XMEV - GGAL - 24hs,6710.0,2025-05-09 15:24:56,100,2025-05-09 15:24:57.684,6710.0,4257,6700.0,8864,6690.0,3203,6680.0,1300,6670.0,8884,6730.0,322,6740.0,2517,6750.0,256,6760.0,1719,6770.0,291,2025-05-09 15:24:57.603,,2147483647,474777,False,nan
4176,585927,1611345506,MERV - XMEV - GGAL - 24hs,6710.0,2025-05-09 15:24:56,100,2025-05-09 15:25:08.738,6710.0,4257,6700.0,8864,6690.0,3203,6680.0,1300,6670.0,8884,6730.0,106,6740.0,2763,6750.0,256,6760.0,1719,6770.0,291,2025-05-09 15:25:08.636,,2147483647,474777,False,nan
4177,586119,1611345774,MERV - XMEV - GGAL - 24hs,6710.0,2025-05-09 15:24:56,100,2025-05-09 15:25:10.207,6710.0,4257,6700.0,8864,6690.0,3203,6680.0,1300,6670.0,8884,6730.0,178,6740.0,2763,6750.0,256,6760.0,1719,6770.0,291,2025-05-09 15:25:10.124,,2147483647,474777,False,nan
4178,586678,1611346520,MERV - XMEV - GGAL - 24hs,6730.0,2025-05-09 15:25:15,40,2025-05-09 15:25:15.301,6710.0,4257,6700.0,8864,6690.0,3203,6680.0,1300,6670.0,8884,6730.0,178,6740.0,2763,6750.0,256,6760.0,1719,6770.0,291,2025-05-09 15:25:15.218,,2147483647,474777,True,offer
4179,586848,1611346763,MERV - XMEV - GGAL - 24hs,6730.0,2025-05-09 15:25:15,40,2025-05-09 15:25:16.164,6710.0,4257,6700.0,8864,6690.0,3203,6680.0,1300,6670.0,8884,6730.0,138,6740.0,2763,6750.0,256,6760.0,1719,6770.0,291,2025-05-09 15:25:15.899,,2147483647,474777,False,nan
4180,586928,1611346867,MERV - XMEV - GGAL - 24hs,6720.0,2025-05-09 15:25:16,988,2025-05-09 15:25:16.488,6710.0,4257,6700.0,8864,6690.0,3203,6680.0,1300,6670.0,8884,6730.0,138,6740.0,2763,6750.0,256,6760.0,1719,6770.0,291,2025-05-09 15:25:16.399,,2147483647,475828,True,nan
4181,587028,1611346998,MERV - XMEV - GGAL - 24hs,6720.0,2025-05-09 15:25:16,988,2025-05-09 15:25:17.044,6710.0,4257,6700.0,5864,6690.0,3203,6680.0,1304,6670.0,8884,6720.0,1,6730.0,102,6740.0,2763,6750.0,256,6760.0,719,2025-05-09 15:25:16.898,,2147483647,477817,False,nan
4182,587303,1611347357,MERV - XMEV - GGAL - 24hs,6710.0,2025-05-09 15:25:19,6,2025-05-09 15:25:19.858,6710.0,4257,6700.0,5864,6690.0,3203,6680.0,1304,6670.0,8884,6720.0,1,6730.0,102,6740.0,2763,6750.0,256,6760.0,719,2025-05-09 15:25:19.777,,2147483647,477817,True,bid
4183,587386,1611347470,MERV - XMEV - GGAL - 24hs,6710.0,2025-05-09 15:25:19,6,2025-05-09 15:25:20.503,6710.0,4251,6700.0,5864,6690.0,3203,6680.0,1304,6670.0,8884,6720.0,1,6730.0,102,6740.0,2763,6750.0,256,6760.0,719,2025-05-09 15:25:20.421,,2147483647,477817,False,nan
4184,587441,1611347533,MERV - XMEV - GGAL - 24hs,6710.0,2025-05-09 15:25:19,6,2025-05-09 15:25:21.024,6710.0,4251,6700.0,5864,6690.0,3203,6680.0,1304,6670.0,8884,6720.0,1,6730.0,102,6740.0,2763,6750.0,256,6760.0,719,2025-05-09 15:25:20.921,,2147483647,477823,False,nan
4185,587653,1611347800,MERV - XMEV - GGAL - 24hs,6720.0,2025-05-09 15:25:23,1,2025-05-09 15:25:23.485,6710.0,4251,6700.0,5864,6690.0,3203,6680.0,1304,6670.0,8884,6720.0,1,6730.0,102,6740.0,2763,6750.0,256,6760.0,719,2025-05-09 15:25:23.396,,2147483647,477823,True,offer
4186,587680,1611347835,MERV - XMEV - GGAL - 24hs,6730.0,2025-05-09 15:25:23,1,2025-05-09 15:25:23.983,6710.0,4251,6700.0,5864,6690.0,3203,6680.0,1304,6670.0,8884,6720.0,1,6730.0,102,6740.0,2763,6750.0,256,6760.0,719,2025-05-09 15:25:23.896,,2147483647,477823,False,nan
4187,587720,1611347890,MERV - XMEV - GGAL - 24hs,6730.0,2025-05-09 15:25:23,1,2025-05-09 15:25:24.477,6710.0,4291,6700.0,5864,6690.0,3203,6680.0,1259,6670.0,8884,6730.0,137,6740.0,2763,6750.0,256,6760.0,1719,6770.0,290,2025-05-09 15:25:24.396,,2147483647,477825,False,nan
4188,588069,1611348347,MERV - XMEV - GGAL - 24hs,6720.0,2025-05-09 15:25:28,1001,2025-05-09 15:25:28.180,6710.0,4291,6700.0,5864,6690.0,3203,6680.0,1259,6670.0,8884,6730.0,137,6740.0,2763,6750.0,256,6760.0,1719,6770.0,290,2025-05-09 15:25:28.097,,2147483647,477825,True,nan
4189,588116,1611348409,MERV - XMEV - GGAL - 24hs,6720.0,2025-05-09 15:25:28,1001,2025-05-09 15:25:28.680,6710.0,4291,6700.0,5864,6690.0,3203,6680.0,1259,6670.0,8884,6730.0,137,6740.0,2763,6750.0,256,6760.0,1719,6770.0,290,2025-05-09 15:25:28.597,,2147483647,478826,False,nan
4190,588226,1611348554,MERV - XMEV - GGAL - 24hs,6720.0,2025-05-09 15:25:28,998,2025-05-09 15:25:29.244,6710.0,4251,6700.0,5864,6690.0,203,6680.0,1263,6670.0,8884,6720.0,1,6730.0,101,6740.0,2763,6750.0,256,6760.0,719,2025-05-09 15:25:29.097,,2147483647,480825,False,nan
4191,588371,1611348731,MERV - XMEV - GGAL - 24hs,6720.0,2025-05-09 15:25:30,1,2025-05-09 15:25:30.440,6710.0,4251,6700.0,5864,6690.0,203,6680.0,1263,6670.0,8884,6720.0,1,6730.0,101,6740.0,2763,6750.0,256,6760.0,719,2025-05-09 15:25:30.339,,2147483647,480825,True,offer
4192,588436,1611348817,MERV - XMEV - GGAL - 24hs,6720.0,2025-05-09 15:25:30,6,2025-05-09 15:25:30.923,6710.0,4251,6700.0,5864,6690.0,203,6680.0,1263,6670.0,8884,6720.0,1,6730.0,101,6740.0,2763,6750.0,256,6760.0,719,2025-05-09 15:25:30.841,,2147483647,480826,False,nan
4193,588499,1611348894,MERV - XMEV - GGAL - 24hs,6720.0,2025-05-09 15:25:30,6,2025-05-09 15:25:31.739,6710.0,4251,6700.0,5864,6690.0,203,6680.0,1263,6670.0,8884,6720.0,1,6730.0,101,6740.0,2763,6750.0,256,6760.0,719,2025-05-09 15:25:31.486,,2147483647,480832,False,nan
4194,588970,1611349543,MERV - XMEV - GGAL - 24hs,6720.0,2025-05-09 15:25:34,1,2025-05-09 15:25:34.623,6710.0,4251,6700.0,5864,6690.0,203,6680.0,1263,6670.0,8884,6720.0,1,6730.0,101,6740.0,2763,6750.0,256,6760.0,719,2025-05-09 15:25:34.524,,2147483647,480832,True,offer
4195,589024,1611349609,MERV - XMEV - GGAL - 24hs,6730.0,2025-05-09 15:25:34,1,2025-05-09 15:25:35.108,6710.0,4251,6700.0,5864,6690.0,203,6680.0,1263,6670.0,8884,6720.0,1,6730.0,101,6740.0,2763,6750.0,256,6760.0,719,2025-05-09 15:25:35.024,,2147483647,480832,False,nan
4196,589108,1611349721,MERV - XMEV - GGAL - 24hs,6710.0,2025-05-09 15:25:35,399,2025-05-09 15:25:35.604,6710.0,4291,6700.0,5864,6690.0,203,6680.0,1259,6670.0,8884,6730.0,136,6740.0,2763,6750.0,256,6760.0,1719,6770.0,290,2025-05-09 15:25:35.524,,2147483647,480834,True,bid
4197,589168,1611349793,MERV - XMEV - GGAL - 24hs,6710.0,2025-05-09 15:25:35,399,2025-05-09 15:25:36.119,6710.0,3892,6700.0,5864,6690.0,203,6680.0,1259,6670.0,8884,6730.0,136,6740.0,2763,6750.0,256,6760.0,1719,6770.0,290,2025-05-09 15:25:36.024,,2147483647,481233,False,nan
4198,589221,1611349865,MERV - XMEV - GGAL - 24hs,6710.0,2025-05-09 15:25:36,73,2025-05-09 15:25:36.727,6710.0,3892,6700.0,5864,6690.0,203,6680.0,1259,6670.0,8884,6730.0,136,6740.0,2763,6750.0,256,6760.0,1719,6770.0,290,2025-05-09 15:25:36.647,,2147483647,481233,True,bid
4199,589287,1611349985,MERV - XMEV - GGAL - 24hs,6710.0,2025-05-09 15:25:36,73,2025-05-09 15:25:37.503,6710.0,3819,6700.0,5864,6690.0,203,6680.0,1259,6670.0,8884,6730.0,136,6740.0,2763,6750.0,256,6760.0,1719,6770.0,290,2025-05-09 15:25:37.333,,2147483647,481233,False,nan
4200,589328,1611350041,MERV - XMEV - GGAL - 24hs,6710.0,2025-05-09 15:25:36,73,2025-05-09 15:25:37.914,6710.0,3819,6700.0,5864,6690.0,203,6680.0,1259,6670.0,8884,6730.0,136,6740.0,2763,6750.0,256,6760.0,1719,6770.0,290,2025-05-09 15:25:37.833,,2147483647,481306,False,nan
4201,589611,1611350438,MERV - XMEV - GGAL - 24hs,6730.0,2025-05-09 15:25:41,28,2025-05-09 15:25:41.480,6710.0,3819,6700.0,5864,6690.0,203,6680.0,1259,6670.0,8884,6730.0,136,6740.0,2763,6750.0,256,6760.0,1719,6770.0,290,2025-05-09 15:25:41.392,,2147483647,481306,True,offer
4202,589667,1611350511,MERV - XMEV - GGAL - 24hs,6730.0,2025-05-09 15:25:41,54,2025-05-09 15:25:41.982,6710.0,3819,6700.0,5864,6690.0,203,6680.0,1259,6670.0,8884,6730.0,136,6740.0,2763,6750.0,256,6760.0,1719,6770.0,290,2025-05-09 15:25:41.900,,2147483647,481346,False,nan
4203,589730,1611350600,MERV - XMEV - GGAL - 24hs,6730.0,2025-05-09 15:25:41,54,2025-05-09 15:25:42.474,6720.0,58,6710.0,3779,6700.0,5864,6690.0,203,6680.0,1259,6730.0,1,6740.0,2763,6750.0,256,6760.0,719,6770.0,290,2025-05-09 15:25:42.392,,2147483647,481496,False,nan
4204,589768,1611350649,MERV - XMEV - GGAL - 24hs,6730.0,2025-05-09 15:25:41,54,2025-05-09 15:25:42.977,6720.0,85,6710.0,3879,6700.0,5864,6690.0,203,6680.0,1259,6730.0,1,6740.0,2763,6750.0,256,6760.0,719,6770.0,290,2025-05-09 15:25:42.892,,2147483647,481496,False,nan
4205,590232,1611351329,MERV - XMEV - GGAL - 24hs,6730.0,2025-05-09 15:25:46,1,2025-05-09 15:25:46.943,6720.0,85,6710.0,3879,6700.0,5864,6690.0,203,6680.0,1259,6730.0,1,6740.0,2763,6750.0,256,6760.0,719,6770.0,290,2025-05-09 15:25:46.862,,2147483647,481496,True,offer
4206,590268,1611351373,MERV - XMEV - GGAL - 24hs,6720.0,2025-05-09 15:25:46,75,2025-05-09 15:25:47.444,6720.0,85,6710.0,3879,6700.0,5864,6690.0,203,6680.0,1259,6730.0,1,6740.0,2763,6750.0,256,6760.0,719,6770.0,290,2025-05-09 15:25:47.362,,2147483647,481546,False,nan
4207,590312,1611351427,MERV - XMEV - GGAL - 24hs,6720.0,2025-05-09 15:25:46,75,2025-05-09 15:25:47.943,6710.0,3879,6700.0,5864,6690.0,203,6680.0,1259,6670.0,8884,6720.0,1,6740.0,2763,6750.0,256,6760.0,719,6770.0,290,2025-05-09 15:25:47.862,,2147483647,481621,False,nan
4208,590566,1611351732,MERV - XMEV - GGAL - 24hs,6710.0,2025-05-09 15:25:49,19,2025-05-09 15:25:49.916,6710.0,3879,6700.0,5864,6690.0,203,6680.0,1259,6670.0,8884,6720.0,1,6740.0,2763,6750.0,256,6760.0,719,6770.0,290,2025-05-09 15:25:49.833,,2147483647,481621,True,bid
4209,590649,1611351875,MERV - XMEV - GGAL - 24hs,6710.0,2025-05-09 15:25:49,19,2025-05-09 15:25:50.995,6710.0,3860,6700.0,5864,6690.0,203,6680.0,1259,6670.0,8884,6720.0,1,6740.0,2762,6750.0,256,6760.0,719,6770.0,291,2025-05-09 15:25:50.883,,2147483647,481621,False,nan
4210,590697,1611351934,MERV - XMEV - GGAL - 24hs,6710.0,2025-05-09 15:25:49,19,2025-05-09 15:25:51.171,6710.0,3860,6700.0,5864,6690.0,203,6680.0,1259,6670.0,8884,6720.0,1,6740.0,2762,6750.0,256,6760.0,719,6770.0,291,2025-05-09 15:25:50.997,,2147483647,481640,False,nan
4211,590740,1611351990,MERV - XMEV - GGAL - 24hs,6740.0,2025-05-09 15:25:51,1,2025-05-09 15:25:51.579,6710.0,3860,6700.0,5864,6690.0,203,6680.0,1259,6670.0,8884,6720.0,1,6740.0,2762,6750.0,256,6760.0,719,6770.0,291,2025-05-09 15:25:51.497,,2147483647,481640,True,offer
4212,590766,1611352024,MERV - XMEV - GGAL - 24hs,6740.0,2025-05-09 15:25:51,1,2025-05-09 15:25:52.082,6710.0,3860,6700.0,5864,6690.0,203,6680.0,1259,6670.0,8884,6740.0,2761,6750.0,256,6760.0,1719,6770.0,291,6780.0,5979,2025-05-09 15:25:52.002,,2147483647,481642,False,nan
4213,590839,1611352123,MERV - XMEV - GGAL - 24hs,6740.0,2025-05-09 15:25:51,1,2025-05-09 15:25:52.764,6710.0,3860,6700.0,5864,6690.0,203,6680.0,1259,6670.0,8884,6740.0,2837,6750.0,256,6760.0,1719,6770.0,290,6780.0,5979,2025-05-09 15:25:52.683,,2147483647,481642,False,nan
4214,591129,1611352509,MERV - XMEV - GGAL - 24hs,6740.0,2025-05-09 15:25:51,1,2025-05-09 15:25:55.806,6710.0,3860,6700.0,5864,6690.0,203,6680.0,4759,6670.0,5884,6740.0,2837,6750.0,256,6760.0,1719,6770.0,290,6780.0,5979,2025-05-09 15:25:55.724,,2147483647,481642,False,nan
4215,591170,1611352554,MERV - XMEV - GGAL - 24hs,6740.0,2025-05-09 15:25:56,5,2025-05-09 15:25:56.311,6710.0,3860,6700.0,5864,6690.0,203,6680.0,4759,6670.0,5884,6740.0,2837,6750.0,256,6760.0,1719,6770.0,290,6780.0,5979,2025-05-09 15:25:56.230,,2147483647,481642,True,offer
4216,591228,1611352625,MERV - XMEV - GGAL - 24hs,6740.0,2025-05-09 15:25:56,5,2025-05-09 15:25:56.828,6710.0,3860,6700.0,5864,6690.0,203,6680.0,4759,6670.0,5884,6740.0,2832,6750.0,256,6760.0,1719,6770.0,290,6780.0,5979,2025-05-09 15:25:56.746,,2147483647,481642,False,nan
4217,591316,1611352763,MERV - XMEV - GGAL - 24hs,6740.0,2025-05-09 15:25:56,5,2025-05-09 15:25:57.419,6710.0,3860,6700.0,5864,6690.0,203,6680.0,4759,6670.0,5884,6740.0,2832,6750.0,256,6760.0,1719,6770.0,290,6780.0,5979,2025-05-09 15:25:57.247,,2147483647,481647,False,nan
4218,591783,1611353360,MERV - XMEV - GGAL - 24hs,6740.0,2025-05-09 15:25:56,5,2025-05-09 15:26:00.719,6710.0,3860,6700.0,8864,6690.0,203,6680.0,16759,6670.0,5884,6740.0,2832,6750.0,256,6760.0,719,6770.0,290,6780.0,5979,2025-05-09 15:26:00.632,,2147483647,481647,False,nan
4219,591898,1611353539,MERV - XMEV - GGAL - 24hs,6740.0,2025-05-09 15:25:56,5,2025-05-09 15:26:01.564,6710.0,3860,6700.0,8864,6690.0,203,6680.0,16759,6670.0,6192,6740.0,2832,6750.0,256,6760.0,719,6770.0,290,6780.0,5979,2025-05-09 15:26:01.342,,2147483647,481647,False,nan
4220,592622,1611354654,MERV - XMEV - GGAL - 24hs,6740.0,2025-05-09 15:25:56,5,2025-05-09 15:26:07.983,6720.0,500,6710.0,3360,6700.0,8864,6690.0,203,6680.0,16759,6740.0,2332,6750.0,756,6760.0,719,6770.0,290,6780.0,5979,2025-05-09 15:26:07.745,,2147483647,481647,False,nan
4221,592674,1611354726,MERV - XMEV - GGAL - 24hs,6740.0,2025-05-09 15:26:08,250,2025-05-09 15:26:08.334,6720.0,500,6710.0,3360,6700.0,8864,6690.0,203,6680.0,16759,6740.0,2332,6750.0,756,6760.0,719,6770.0,290,6780.0,5979,2025-05-09 15:26:08.248,,2147483647,481647,True,offer
4222,592759,1611354841,MERV - XMEV - GGAL - 24hs,6740.0,2025-05-09 15:26:08,250,2025-05-09 15:26:09.008,6720.0,500,6710.0,3360,6700.0,8864,6690.0,203,6680.0,16759,6740.0,2082,6750.0,756,6760.0,719,6770.0,290,6780.0,5979,2025-05-09 15:26:08.917,,2147483647,481647,False,nan
4223,592826,1611354928,MERV - XMEV - GGAL - 24hs,6740.0,2025-05-09 15:26:08,250,2025-05-09 15:26:09.534,6720.0,500,6710.0,3360,6700.0,8864,6690.0,203,6680.0,16759,6740.0,2082,6750.0,756,6760.0,719,6770.0,290,6780.0,5979,2025-05-09 15:26:09.418,,2147483647,481897,False,nan
4224,592960,1611355179,MERV - XMEV - GGAL - 24hs,6740.0,2025-05-09 15:26:10,1060,2025-05-09 15:26:10.751,6720.0,500,6710.0,3360,6700.0,8864,6690.0,203,6680.0,16759,6740.0,2082,6750.0,756,6760.0,719,6770.0,290,6780.0,5979,2025-05-09 15:26:10.660,,2147483647,481897,True,offer
4225,593008,1611355260,MERV - XMEV - GGAL - 24hs,6740.0,2025-05-09 15:26:10,240,2025-05-09 15:26:11.243,6720.0,500,6710.0,3360,6700.0,8864,6690.0,203,6680.0,16759,6740.0,2082,6750.0,756,6760.0,719,6770.0,290,6780.0,5979,2025-05-09 15:26:11.160,,2147483647,481897,False,nan
4226,593046,1611355340,MERV - XMEV - GGAL - 24hs,6740.0,2025-05-09 15:26:10,240,2025-05-09 15:26:11.750,6720.0,500,6710.0,3360,6700.0,8864,6690.0,203,6680.0,16759,6740.0,82,6750.0,756,6760.0,719,6770.0,290,6780.0,5979,2025-05-09 15:26:11.660,,2147483647,483897,False,nan
4227,593128,1611355446,MERV - XMEV - GGAL - 24hs,6740.0,2025-05-09 15:26:10,240,2025-05-09 15:26:12.358,6720.0,500,6710.0,3360,6700.0,8864,6690.0,203,6680.0,16806,6740.0,76,6750.0,762,6760.0,719,6770.0,290,6780.0,5979,2025-05-09 15:26:12.265,,2147483647,483897,False,nan
4228,593351,1611355768,MERV - XMEV - GGAL - 24hs,6740.0,2025-05-09 15:26:10,240,2025-05-09 15:26:14.412,6720.0,500,6710.0,110,6700.0,8864,6690.0,203,6680.0,16759,6740.0,76,6750.0,762,6760.0,719,6770.0,290,6780.0,5979,2025-05-09 15:26:14.331,,2147483647,483897,False,nan
4229,593441,1611355950,MERV - XMEV - GGAL - 24hs,6740.0,2025-05-09 15:26:10,240,2025-05-09 15:26:15.364,6720.0,1400,6710.0,110,6700.0,8864,6690.0,203,6680.0,16759,6740.0,76,6750.0,762,6760.0,719,6770.0,290,6780.0,5979,2025-05-09 15:26:15.255,,2147483647,483897,False,nan
4230,593808,1611356481,MERV - XMEV - GGAL - 24hs,6740.0,2025-05-09 15:26:10,240,2025-05-09 15:26:18.243,6720.0,5400,6710.0,3110,6700.0,5864,6690.0,15203,6680.0,1759,6740.0,76,6750.0,762,6760.0,719,6770.0,290,6780.0,5979,2025-05-09 15:26:18.145,,2147483647,483897,False,nan
4231,593890,1611356584,MERV - XMEV - GGAL - 24hs,6740.0,2025-05-09 15:26:18,76,2025-05-09 15:26:18.948,6720.0,5400,6710.0,3110,6700.0,5864,6690.0,15203,6680.0,1759,6740.0,76,6750.0,762,6760.0,719,6770.0,290,6780.0,5979,2025-05-09 15:26:18.864,,2147483647,483897,True,offer
4232,593950,1611356662,MERV - XMEV - GGAL - 24hs,6740.0,2025-05-09 15:26:18,76,2025-05-09 15:26:19.613,6740.0,24,6720.0,5400,6710.0,3110,6700.0,5864,6690.0,15210,6750.0,831,6760.0,719,6770.0,290,6780.0,5979,6790.0,1000,2025-05-09 15:26:19.532,,2147483647,483897,False,nan
4233,594004,1611356773,MERV - XMEV - GGAL - 24hs,6740.0,2025-05-09 15:26:18,76,2025-05-09 15:26:20.156,6740.0,24,6720.0,5400,6710.0,3110,6700.0,5864,6690.0,15210,6750.0,831,6760.0,719,6770.0,290,6780.0,5979,6790.0,1000,2025-05-09 15:26:20.044,,2147483647,483973,False,nan
4234,594046,1611356853,MERV - XMEV - GGAL - 24hs,6750.0,2025-05-09 15:26:20,169,2025-05-09 15:26:20.625,6740.0,24,6720.0,5400,6710.0,3110,6700.0,5864,6690.0,15210,6750.0,831,6760.0,719,6770.0,290,6780.0,5979,6790.0,1000,2025-05-09 15:26:20.544,,2147483647,483973,True,offer
4235,594126,1611356957,MERV - XMEV - GGAL - 24hs,6750.0,2025-05-09 15:26:20,169,2025-05-09 15:26:21.125,6740.0,24,6720.0,5400,6710.0,3110,6700.0,5864,6690.0,15210,6750.0,406,6760.0,719,6770.0,290,6780.0,5979,6790.0,1000,2025-05-09 15:26:21.044,,2147483647,484398,False,nan
4236,594285,1611357169,MERV - XMEV - GGAL - 24hs,6750.0,2025-05-09 15:26:20,169,2025-05-09 15:26:22.417,6740.0,24,6720.0,5401,6710.0,3110,6700.0,5864,6690.0,15210,6750.0,406,6760.0,719,6770.0,290,6780.0,5979,6790.0,1000,2025-05-09 15:26:22.333,,2147483647,484398,False,nan
4237,594587,1611357546,MERV - XMEV - GGAL - 24hs,6750.0,2025-05-09 15:26:24,331,2025-05-09 15:26:24.618,6740.0,24,6720.0,5401,6710.0,3110,6700.0,5864,6690.0,15210,6750.0,406,6760.0,719,6770.0,290,6780.0,5979,6790.0,1000,2025-05-09 15:26:24.534,,2147483647,484398,True,offer
4238,594655,1611357631,MERV - XMEV - GGAL - 24hs,6740.0,2025-05-09 15:26:24,24,2025-05-09 15:26:25.131,6740.0,24,6720.0,5401,6710.0,3110,6700.0,5864,6690.0,15210,6750.0,406,6760.0,719,6770.0,290,6780.0,5979,6790.0,1000,2025-05-09 15:26:25.034,,2147483647,484898,False,nan
4239,594765,1611357776,MERV - XMEV - GGAL - 24hs,6740.0,2025-05-09 15:26:24,24,2025-05-09 15:26:25.614,6720.0,5477,6710.0,3410,6700.0,5864,6690.0,15203,6680.0,1759,6750.0,1,6760.0,719,6770.0,290,6780.0,5979,6800.0,1521,2025-05-09 15:26:25.533,,2147483647,484922,False,nan
4240,594946,1611358027,MERV - XMEV - GGAL - 24hs,6740.0,2025-05-09 15:26:24,24,2025-05-09 15:26:27.455,6720.0,5477,6710.0,3410,6700.0,5864,6690.0,15203,6680.0,1759,6760.0,719,6770.0,290,6780.0,5979,6790.0,1000,6800.0,1521,2025-05-09 15:26:27.373,,2147483647,484922,False,nan
4241,595040,1611358173,MERV - XMEV - GGAL - 24hs,6740.0,2025-05-09 15:26:24,24,2025-05-09 15:26:28.524,6720.0,5477,6710.0,3410,6700.0,5864,6690.0,15203,6680.0,1759,6760.0,719,6770.0,290,6780.0,979,6790.0,1000,6800.0,1521,2025-05-09 15:26:28.415,,2147483647,484922,False,nan
4242,595201,1611358399,MERV - XMEV - GGAL - 24hs,6740.0,2025-05-09 15:26:24,24,2025-05-09 15:26:30.318,6720.0,5477,6710.0,3490,6700.0,5864,6690.0,15203,6680.0,1759,6760.0,719,6770.0,290,6780.0,979,6790.0,1000,6800.0,1521,2025-05-09 15:26:30.236,,2147483647,484922,False,nan
4243,595315,1611358552,MERV - XMEV - GGAL - 24hs,6740.0,2025-05-09 15:26:24,24,2025-05-09 15:26:31.232,6720.0,5477,6710.0,490,6700.0,8864,6690.0,203,6680.0,16759,6760.0,719,6770.0,290,6780.0,979,6790.0,1000,6800.0,1521,2025-05-09 15:26:31.147,,2147483647,484922,False,nan
4244,595390,1611358648,MERV - XMEV - GGAL - 24hs,6740.0,2025-05-09 15:26:24,24,2025-05-09 15:26:32.188,6730.0,900,6720.0,4577,6710.0,490,6700.0,8864,6690.0,203,6760.0,719,6770.0,290,6780.0,979,6790.0,1000,6800.0,1521,2025-05-09 15:26:32.050,,2147483647,484922,False,nan
4245,595437,1611358718,MERV - XMEV - GGAL - 24hs,6730.0,2025-05-09 15:26:32,49,2025-05-09 15:26:32.624,6730.0,900,6720.0,4577,6710.0,490,6700.0,8864,6690.0,203,6760.0,719,6770.0,290,6780.0,979,6790.0,1000,6800.0,1521,2025-05-09 15:26:32.543,,2147483647,484922,True,bid
4246,595483,1611358775,MERV - XMEV - GGAL - 24hs,6730.0,2025-05-09 15:26:32,49,2025-05-09 15:26:33.124,6730.0,927,6720.0,4501,6710.0,490,6700.0,8864,6690.0,203,6760.0,719,6770.0,290,6780.0,979,6790.0,1000,6800.0,1521,2025-05-09 15:26:33.043,,2147483647,484971,False,nan
4247,595750,1611359199,MERV - XMEV - GGAL - 24hs,6730.0,2025-05-09 15:26:32,49,2025-05-09 15:26:35.197,6730.0,1927,6720.0,4501,6710.0,490,6700.0,8864,6690.0,203,6760.0,719,6770.0,290,6780.0,979,6790.0,1000,6800.0,1521,2025-05-09 15:26:35.113,,2147483647,484971,False,nan
4248,596224,1611359824,MERV - XMEV - GGAL - 24hs,6730.0,2025-05-09 15:26:32,49,2025-05-09 15:26:38.615,6730.0,1927,6720.0,4501,6710.0,490,6700.0,8864,6690.0,210,6760.0,719,6770.0,290,6780.0,979,6790.0,1000,6800.0,1521,2025-05-09 15:26:38.497,,2147483647,484971,False,nan
4249,596412,1611360055,MERV - XMEV - GGAL - 24hs,6730.0,2025-05-09 15:26:32,49,2025-05-09 15:26:39.624,6730.0,1927,6720.0,4501,6710.0,490,6700.0,8864,6690.0,210,6760.0,768,6770.0,290,6780.0,979,6790.0,1000,6800.0,1521,2025-05-09 15:26:39.543,,2147483647,484971,False,nan
4250,596505,1611360255,MERV - XMEV - GGAL - 24hs,6730.0,2025-05-09 15:26:32,49,2025-05-09 15:26:40.452,6730.0,1927,6720.0,4001,6710.0,990,6700.0,8864,6690.0,210,6760.0,768,6770.0,290,6780.0,979,6790.0,1000,6800.0,1521,2025-05-09 15:26:40.266,,2147483647,484971,False,nan
4251,596581,1611360364,MERV - XMEV - GGAL - 24hs,6730.0,2025-05-09 15:26:41,19,2025-05-09 15:26:41.190,6730.0,1927,6720.0,4001,6710.0,990,6700.0,8864,6690.0,210,6760.0,768,6770.0,290,6780.0,979,6790.0,1000,6800.0,1521,2025-05-09 15:26:41.109,,2147483647,484971,True,bid
4252,596644,1611360461,MERV - XMEV - GGAL - 24hs,6730.0,2025-05-09 15:26:41,19,2025-05-09 15:26:41.864,6730.0,1908,6720.0,4001,6710.0,990,6700.0,8864,6690.0,210,6760.0,768,6770.0,290,6780.0,1979,6800.0,1521,6820.0,1562,2025-05-09 15:26:41.775,,2147483647,484971,False,nan
4253,596685,1611360513,MERV - XMEV - GGAL - 24hs,6730.0,2025-05-09 15:26:41,19,2025-05-09 15:26:42.360,6730.0,1908,6720.0,4001,6710.0,990,6700.0,8864,6690.0,210,6760.0,768,6770.0,290,6780.0,1979,6800.0,1521,6820.0,1562,2025-05-09 15:26:42.276,,2147483647,484990,False,nan
4254,597474,1611361725,MERV - XMEV - GGAL - 24hs,6730.0,2025-05-09 15:26:41,19,2025-05-09 15:26:52.433,6730.0,1908,6720.0,4001,6710.0,990,6700.0,8864,6690.0,210,6760.0,768,6770.0,290,6780.0,1979,6790.0,346,6800.0,1175,2025-05-09 15:26:52.349,,2147483647,484990,False,nan
4255,597571,1611361844,MERV - XMEV - GGAL - 24hs,6730.0,2025-05-09 15:26:53,15,2025-05-09 15:26:53.679,6730.0,1908,6720.0,4001,6710.0,990,6700.0,8864,6690.0,210,6760.0,768,6770.0,290,6780.0,1979,6790.0,346,6800.0,1175,2025-05-09 15:26:53.597,,2147483647,484990,True,bid
4256,597691,1611361997,MERV - XMEV - GGAL - 24hs,6730.0,2025-05-09 15:26:53,15,2025-05-09 15:26:54.407,6730.0,1908,6720.0,4001,6710.0,990,6700.0,8864,6690.0,210,6760.0,768,6770.0,290,6780.0,1979,6790.0,346,6800.0,1175,2025-05-09 15:26:54.309,,2147483647,485005,False,nan
4257,597745,1611362082,MERV - XMEV - GGAL - 24hs,6730.0,2025-05-09 15:26:53,15,2025-05-09 15:26:54.911,6730.0,1893,6720.0,4001,6710.0,990,6700.0,8864,6690.0,210,6760.0,768,6770.0,290,6780.0,1979,6790.0,346,6800.0,1175,2025-05-09 15:26:54.809,,2147483647,485005,False,nan
4258,597798,1611362156,MERV - XMEV - GGAL - 24hs,6730.0,2025-05-09 15:26:53,15,2025-05-09 15:26:55.389,6730.0,1898,6720.0,4001,6710.0,990,6700.0,8864,6690.0,210,6760.0,768,6770.0,290,6780.0,1979,6790.0,346,6800.0,1175,2025-05-09 15:26:55.309,,2147483647,485005,False,nan
4259,597945,1611362346,MERV - XMEV - GGAL - 24hs,6730.0,2025-05-09 15:26:56,544,2025-05-09 15:26:56.770,6730.0,1898,6720.0,4001,6710.0,990,6700.0,8864,6690.0,210,6760.0,768,6770.0,290,6780.0,1979,6790.0,346,6800.0,1175,2025-05-09 15:26:56.688,,2147483647,485005,True,bid
4260,598016,1611362433,MERV - XMEV - GGAL - 24hs,6730.0,2025-05-09 15:26:56,544,2025-05-09 15:26:57.433,6730.0,1354,6720.0,4001,6710.0,990,6700.0,8864,6690.0,210,6760.0,768,6770.0,290,6780.0,1979,6790.0,346,6800.0,1175,2025-05-09 15:26:57.352,,2147483647,485005,False,nan
4261,598067,1611362497,MERV - XMEV - GGAL - 24hs,6730.0,2025-05-09 15:26:56,544,2025-05-09 15:26:57.933,6730.0,1354,6720.0,4001,6710.0,990,6700.0,8864,6690.0,210,6760.0,768,6770.0,290,6780.0,1979,6790.0,346,6800.0,1175,2025-05-09 15:26:57.852,,2147483647,485549,False,nan
4262,598147,1611362601,MERV - XMEV - GGAL - 24hs,6730.0,2025-05-09 15:26:58,3,2025-05-09 15:26:58.794,6730.0,1354,6720.0,4001,6710.0,990,6700.0,8864,6690.0,210,6760.0,768,6770.0,290,6780.0,1979,6790.0,346,6800.0,1175,2025-05-09 15:26:58.712,,2147483647,485549,True,bid
4263,598216,1611362692,MERV - XMEV - GGAL - 24hs,6730.0,2025-05-09 15:26:58,3,2025-05-09 15:26:59.475,6730.0,1351,6720.0,4001,6710.0,990,6700.0,8864,6690.0,210,6760.0,768,6770.0,290,6780.0,1979,6790.0,346,6800.0,1175,2025-05-09 15:26:59.385,,2147483647,485549,False,nan
4264,598260,1611362747,MERV - XMEV - GGAL - 24hs,6730.0,2025-05-09 15:26:58,3,2025-05-09 15:26:59.976,6730.0,1351,6720.0,4001,6710.0,990,6700.0,8864,6690.0,210,6760.0,768,6770.0,290,6780.0,1979,6790.0,346,6800.0,1175,2025-05-09 15:26:59.889,,2147483647,485552,False,nan
4265,598383,1611362906,MERV - XMEV - GGAL - 24hs,6730.0,2025-05-09 15:26:58,3,2025-05-09 15:27:01.067,6730.0,1351,6720.0,4001,6710.0,990,6700.0,8864,6690.0,210,6760.0,1312,6770.0,290,6780.0,1979,6790.0,346,6800.0,1175,2025-05-09 15:27:00.986,,2147483647,485552,False,nan
4266,598717,1611363369,MERV - XMEV - GGAL - 24hs,6740.0,2025-05-09 15:27:03,16,2025-05-09 15:27:03.548,6730.0,1351,6720.0,4001,6710.0,990,6700.0,8864,6690.0,210,6760.0,1312,6770.0,290,6780.0,1979,6790.0,346,6800.0,1175,2025-05-09 15:27:03.430,,2147483647,485552,True,bid
4267,598761,1611363455,MERV - XMEV - GGAL - 24hs,6740.0,2025-05-09 15:27:03,16,2025-05-09 15:27:04.013,6740.0,184,6730.0,1351,6720.0,4001,6710.0,990,6700.0,8864,6760.0,1312,6770.0,290,6780.0,1979,6790.0,346,6800.0,1175,2025-05-09 15:27:03.929,,2147483647,485552,False,nan
4268,598807,1611363520,MERV - XMEV - GGAL - 24hs,6740.0,2025-05-09 15:27:03,16,2025-05-09 15:27:04.519,6740.0,184,6730.0,1275,6720.0,4001,6710.0,990,6700.0,8871,6750.0,544,6760.0,768,6770.0,290,6780.0,1979,6790.0,346,2025-05-09 15:27:04.427,,2147483647,485568,False,nan
4269,599388,1611364273,MERV - XMEV - GGAL - 24hs,6750.0,2025-05-09 15:27:09,1,2025-05-09 15:27:09.472,6740.0,184,6730.0,1275,6720.0,4001,6710.0,990,6700.0,8871,6750.0,544,6760.0,768,6770.0,290,6780.0,1979,6790.0,346,2025-05-09 15:27:09.385,,2147483647,485568,True,offer
4270,599439,1611364339,MERV - XMEV - GGAL - 24hs,6750.0,2025-05-09 15:27:09,1,2025-05-09 15:27:09.966,6740.0,184,6730.0,1275,6720.0,4001,6710.0,990,6700.0,8871,6750.0,543,6760.0,768,6770.0,290,6780.0,1979,6790.0,346,2025-05-09 15:27:09.885,,2147483647,485568,False,nan
4271,599489,1611364403,MERV - XMEV - GGAL - 24hs,6740.0,2025-05-09 15:27:10,1,2025-05-09 15:27:10.466,6740.0,184,6730.0,1275,6720.0,4001,6710.0,990,6700.0,8871,6750.0,543,6760.0,768,6770.0,290,6780.0,1979,6790.0,346,2025-05-09 15:27:10.385,,2147483647,485570,True,bid
4272,599545,1611364471,MERV - XMEV - GGAL - 24hs,6740.0,2025-05-09 15:27:10,1,2025-05-09 15:27:10.975,6740.0,183,6730.0,1275,6720.0,4001,6710.0,990,6700.0,8871,6750.0,543,6760.0,768,6770.0,290,6780.0,1979,6790.0,346,2025-05-09 15:27:10.886,,2147483647,485570,False,nan
4273,599746,1611364770,MERV - XMEV - GGAL - 24hs,6740.0,2025-05-09 15:27:10,1,2025-05-09 15:27:12.903,6740.0,183,6730.0,1005,6720.0,4001,6710.0,990,6700.0,8871,6750.0,543,6760.0,768,6770.0,290,6780.0,1979,6790.0,346,2025-05-09 15:27:12.768,,2147483647,485570,False,nan
4274,599805,1611364852,MERV - XMEV - GGAL - 24hs,6740.0,2025-05-09 15:27:12,30,2025-05-09 15:27:13.357,6740.0,183,6730.0,1005,6720.0,4001,6710.0,990,6700.0,8871,6750.0,543,6760.0,768,6770.0,290,6780.0,1979,6790.0,346,2025-05-09 15:27:13.268,,2147483647,485570,True,bid
4275,599860,1611364919,MERV - XMEV - GGAL - 24hs,6740.0,2025-05-09 15:27:12,30,2025-05-09 15:27:14.268,6740.0,153,6730.0,1005,6720.0,4001,6710.0,990,6700.0,8871,6750.0,543,6760.0,768,6770.0,290,6780.0,1979,6790.0,346,2025-05-09 15:27:14.163,,2147483647,485570,False,nan
4276,599942,1611365037,MERV - XMEV - GGAL - 24hs,6740.0,2025-05-09 15:27:14,8,2025-05-09 15:27:14.751,6740.0,153,6730.0,1005,6720.0,4001,6710.0,990,6700.0,8871,6750.0,543,6760.0,768,6770.0,290,6780.0,1979,6790.0,346,2025-05-09 15:27:14.658,,2147483647,485600,True,bid
4277,600055,1611365174,MERV - XMEV - GGAL - 24hs,6740.0,2025-05-09 15:27:14,8,2025-05-09 15:27:15.252,6740.0,145,6730.0,1005,6720.0,4001,6710.0,990,6700.0,8871,6750.0,543,6760.0,768,6770.0,290,6780.0,1979,6790.0,346,2025-05-09 15:27:15.159,,2147483647,485608,False,nan
4278,600099,1611365235,MERV - XMEV - GGAL - 24hs,6740.0,2025-05-09 15:27:14,8,2025-05-09 15:27:15.743,6740.0,145,6730.0,1255,6720.0,4001,6710.0,990,6700.0,8871,6750.0,543,6760.0,768,6770.0,290,6780.0,1979,6790.0,346,2025-05-09 15:27:15.659,,2147483647,485608,False,nan
4279,600199,1611365358,MERV - XMEV - GGAL - 24hs,6740.0,2025-05-09 15:27:16,6,2025-05-09 15:27:16.400,6740.0,145,6730.0,1255,6720.0,4001,6710.0,990,6700.0,8871,6750.0,543,6760.0,768,6770.0,290,6780.0,1979,6790.0,346,2025-05-09 15:27:16.288,,2147483647,485608,True,bid
4280,600301,1611365481,MERV - XMEV - GGAL - 24hs,6740.0,2025-05-09 15:27:16,6,2025-05-09 15:27:17.218,6740.0,139,6730.0,1255,6720.0,4001,6710.0,990,6700.0,8871,6750.0,543,6760.0,768,6770.0,290,6780.0,979,6790.0,1346,2025-05-09 15:27:17.076,,2147483647,485608,False,nan
4281,600476,1611365706,MERV - XMEV - GGAL - 24hs,6740.0,2025-05-09 15:27:16,6,2025-05-09 15:27:17.926,6740.0,139,6730.0,1255,6720.0,4001,6710.0,990,6700.0,8871,6750.0,543,6760.0,768,6770.0,290,6780.0,979,6790.0,1346,2025-05-09 15:27:17.451,,2147483647,485614,False,nan
4282,600660,1611365949,MERV - XMEV - GGAL - 24hs,6740.0,2025-05-09 15:27:16,6,2025-05-09 15:27:18.686,6740.0,139,6730.0,1255,6720.0,4101,6710.0,990,6700.0,8871,6750.0,543,6760.0,768,6770.0,290,6780.0,979,6790.0,1346,2025-05-09 15:27:18.540,,2147483647,485614,False,nan
4283,600733,1611366043,MERV - XMEV - GGAL - 24hs,6750.0,2025-05-09 15:27:18,500,2025-05-09 15:27:19.603,6740.0,139,6730.0,1255,6720.0,4101,6710.0,990,6700.0,8871,6750.0,543,6760.0,768,6770.0,290,6780.0,979,6790.0,1346,2025-05-09 15:27:19.522,,2147483647,485614,True,offer
4284,600840,1611366187,MERV - XMEV - GGAL - 24hs,6740.0,2025-05-09 15:27:19,10,2025-05-09 15:27:20.328,6740.0,139,6730.0,1255,6720.0,4101,6710.0,990,6700.0,8871,6750.0,543,6760.0,768,6770.0,290,6780.0,979,6790.0,1346,2025-05-09 15:27:20.247,,2147483647,486114,True,bid
4285,600889,1611366250,MERV - XMEV - GGAL - 24hs,6740.0,2025-05-09 15:27:19,10,2025-05-09 15:27:20.838,6740.0,119,6730.0,1255,6720.0,4101,6710.0,990,6700.0,8871,6750.0,92,6760.0,719,6770.0,290,6780.0,979,6790.0,1346,2025-05-09 15:27:20.754,,2147483647,486134,False,nan
4286,600949,1611366322,MERV - XMEV - GGAL - 24hs,6740.0,2025-05-09 15:27:20,119,2025-05-09 15:27:21.345,6740.0,119,6730.0,1255,6720.0,4101,6710.0,990,6700.0,8871,6750.0,92,6760.0,719,6770.0,290,6780.0,979,6790.0,1346,2025-05-09 15:27:21.258,,2147483647,486134,True,bid
4287,601027,1611366424,MERV - XMEV - GGAL - 24hs,6740.0,2025-05-09 15:27:20,119,2025-05-09 15:27:21.836,6730.0,1255,6720.0,4101,6710.0,990,6700.0,8871,6690.0,210,6740.0,1,6750.0,92,6760.0,719,6770.0,290,6780.0,979,2025-05-09 15:27:21.755,,2147483647,486253,False,nan
4288,601469,1611366981,MERV - XMEV - GGAL - 24hs,6740.0,2025-05-09 15:27:20,119,2025-05-09 15:27:25.691,6730.0,1255,6720.0,4101,6710.0,1090,6700.0,8871,6690.0,210,6740.0,1,6750.0,92,6760.0,719,6770.0,290,6780.0,979,2025-05-09 15:27:25.610,,2147483647,486253,False,nan
4289,601675,1611367292,MERV - XMEV - GGAL - 24hs,6740.0,2025-05-09 15:27:20,119,2025-05-09 15:27:27.837,6730.0,1331,6720.0,4101,6710.0,1090,6700.0,8864,6690.0,210,6760.0,719,6770.0,290,6780.0,2979,6790.0,346,6800.0,1175,2025-05-09 15:27:27.757,,2147483647,486253,False,nan
4290,601818,1611367481,MERV - XMEV - GGAL - 24hs,6750.0,2025-05-09 15:27:29,100,2025-05-09 15:27:29.372,6730.0,1331,6720.0,4101,6710.0,1090,6700.0,8864,6690.0,210,6760.0,719,6770.0,290,6780.0,2979,6790.0,346,6800.0,1175,2025-05-09 15:27:29.230,,2147483647,486253,True,offer
4291,601875,1611367602,MERV - XMEV - GGAL - 24hs,6730.0,2025-05-09 15:27:29,214,2025-05-09 15:27:29.819,6730.0,1331,6720.0,4101,6710.0,1090,6700.0,8864,6690.0,210,6760.0,719,6770.0,290,6780.0,2979,6790.0,346,6800.0,1175,2025-05-09 15:27:29.730,,2147483647,486457,False,nan
4292,601915,1611367696,MERV - XMEV - GGAL - 24hs,6730.0,2025-05-09 15:27:29,214,2025-05-09 15:27:30.384,6730.0,1213,6720.0,4101,6710.0,1090,6700.0,8864,6690.0,210,6760.0,649,6770.0,290,6780.0,2979,6790.0,346,6800.0,1175,2025-05-09 15:27:30.229,,2147483647,486671,False,nan
4293,602020,1611367848,MERV - XMEV - GGAL - 24hs,6730.0,2025-05-09 15:27:29,214,2025-05-09 15:27:31.937,6730.0,1213,6720.0,4101,6710.0,1090,6700.0,8864,6690.0,210,6760.0,649,6770.0,290,6780.0,979,6790.0,1346,6800.0,1175,2025-05-09 15:27:31.856,,2147483647,486671,False,nan
4294,602057,1611367898,MERV - XMEV - GGAL - 24hs,6730.0,2025-05-09 15:27:31,7,2025-05-09 15:27:32.438,6730.0,1213,6720.0,4101,6710.0,1090,6700.0,8864,6690.0,210,6760.0,649,6770.0,290,6780.0,979,6790.0,1346,6800.0,1175,2025-05-09 15:27:32.356,,2147483647,486671,True,bid
4295,602111,1611367973,MERV - XMEV - GGAL - 24hs,6730.0,2025-05-09 15:27:31,7,2025-05-09 15:27:32.941,6730.0,1206,6720.0,4101,6710.0,1090,6700.0,8864,6690.0,210,6760.0,649,6770.0,290,6780.0,979,6790.0,1346,6800.0,1175,2025-05-09 15:27:32.859,,2147483647,486678,False,nan
4296,602514,1611368506,MERV - XMEV - GGAL - 24hs,6730.0,2025-05-09 15:27:37,10,2025-05-09 15:27:37.848,6730.0,1206,6720.0,4101,6710.0,1090,6700.0,8864,6690.0,210,6760.0,649,6770.0,290,6780.0,979,6790.0,1346,6800.0,1175,2025-05-09 15:27:37.764,,2147483647,486678,True,bid
4297,602557,1611368562,MERV - XMEV - GGAL - 24hs,6730.0,2025-05-09 15:27:38,251,2025-05-09 15:27:38.344,6730.0,1196,6720.0,4101,6710.0,1090,6700.0,8864,6690.0,210,6760.0,649,6770.0,290,6780.0,979,6790.0,2346,6800.0,1175,2025-05-09 15:27:38.264,,2147483647,486688,True,bid
4298,602658,1611368730,MERV - XMEV - GGAL - 24hs,6730.0,2025-05-09 15:27:38,251,2025-05-09 15:27:39.027,6730.0,945,6720.0,4101,6710.0,1090,6700.0,8864,6690.0,210,6760.0,649,6770.0,290,6780.0,979,6790.0,1346,6800.0,1175,2025-05-09 15:27:38.763,,2147483647,486939,False,nan
4299,602725,1611368816,MERV - XMEV - GGAL - 24hs,6730.0,2025-05-09 15:27:38,251,2025-05-09 15:27:39.586,6740.0,900,6730.0,945,6720.0,4101,6710.0,1090,6700.0,8864,6760.0,649,6770.0,290,6780.0,979,6790.0,1346,6800.0,1175,2025-05-09 15:27:39.505,,2147483647,486939,False,nan
4300,602993,1611369144,MERV - XMEV - GGAL - 24hs,6730.0,2025-05-09 15:27:38,251,2025-05-09 15:27:42.356,6730.0,1845,6720.0,4101,6710.0,1090,6700.0,8864,6690.0,210,6760.0,649,6770.0,290,6780.0,979,6790.0,1346,6800.0,1175,2025-05-09 15:27:42.272,,2147483647,486939,False,nan
4301,603053,1611369217,MERV - XMEV - GGAL - 24hs,6730.0,2025-05-09 15:27:43,317,2025-05-09 15:27:43.399,6730.0,1845,6720.0,4101,6710.0,1090,6700.0,8864,6690.0,210,6760.0,649,6770.0,290,6780.0,979,6790.0,1346,6800.0,1175,2025-05-09 15:27:43.280,,2147483647,486939,True,bid
4302,603089,1611369261,MERV - XMEV - GGAL - 24hs,6730.0,2025-05-09 15:27:43,317,2025-05-09 15:27:43.780,6730.0,1528,6720.0,4101,6710.0,1090,6700.0,8864,6690.0,210,6760.0,649,6770.0,290,6780.0,979,6790.0,1346,6800.0,1175,2025-05-09 15:27:43.695,,2147483647,486939,False,nan
4303,603137,1611369322,MERV - XMEV - GGAL - 24hs,6730.0,2025-05-09 15:27:43,317,2025-05-09 15:27:44.279,6730.0,1528,6720.0,4101,6710.0,1090,6700.0,8864,6690.0,210,6760.0,649,6770.0,290,6780.0,979,6790.0,1346,6800.0,1175,2025-05-09 15:27:44.195,,2147483647,487256,False,nan
4304,603519,1611369836,MERV - XMEV - GGAL - 24hs,6730.0,2025-05-09 15:27:43,317,2025-05-09 15:27:48.058,6730.0,4528,6720.0,4101,6710.0,1090,6700.0,8864,6690.0,210,6760.0,649,6770.0,290,6780.0,979,6790.0,1346,6800.0,1175,2025-05-09 15:27:47.961,,2147483647,487256,False,nan
4305,603631,1611369999,MERV - XMEV - GGAL - 24hs,6740.0,2025-05-09 15:27:49,3,2025-05-09 15:27:49.208,6730.0,4528,6720.0,4101,6710.0,1090,6700.0,8864,6690.0,210,6760.0,649,6770.0,290,6780.0,979,6790.0,1346,6800.0,1175,2025-05-09 15:27:49.123,,2147483647,487256,True,bid
4306,603671,1611370053,MERV - XMEV - GGAL - 24hs,6740.0,2025-05-09 15:27:49,3,2025-05-09 15:27:49.704,6740.0,497,6730.0,4528,6720.0,4101,6710.0,1090,6700.0,8864,6760.0,649,6770.0,290,6780.0,979,6790.0,1346,6800.0,1175,2025-05-09 15:27:49.623,,2147483647,487256,False,nan
4307,603732,1611370142,MERV - XMEV - GGAL - 24hs,6740.0,2025-05-09 15:27:49,3,2025-05-09 15:27:50.204,6740.0,497,6730.0,4528,6720.0,4101,6710.0,1090,6700.0,8864,6760.0,649,6770.0,290,6780.0,979,6790.0,1346,6800.0,1175,2025-05-09 15:27:50.123,,2147483647,487259,False,nan
4308,603783,1611370208,MERV - XMEV - GGAL - 24hs,6740.0,2025-05-09 15:27:49,3,2025-05-09 15:27:50.706,6740.0,497,6730.0,4528,6720.0,4101,6710.0,1090,6700.0,8864,6760.0,649,6770.0,290,6780.0,979,6790.0,1347,6800.0,1175,2025-05-09 15:27:50.623,,2147483647,487259,False,nan
4309,603871,1611370326,MERV - XMEV - GGAL - 24hs,6740.0,2025-05-09 15:27:49,3,2025-05-09 15:27:51.419,6740.0,677,6730.0,4528,6720.0,4101,6710.0,1090,6700.0,8864,6760.0,649,6770.0,290,6780.0,979,6790.0,1347,6800.0,1175,2025-05-09 15:27:51.334,,2147483647,487259,False,nan
4310,604143,1611370693,MERV - XMEV - GGAL - 24hs,6740.0,2025-05-09 15:27:54,3,2025-05-09 15:27:54.111,6740.0,677,6730.0,4528,6720.0,4101,6710.0,1090,6700.0,8864,6760.0,649,6770.0,290,6780.0,979,6790.0,1347,6800.0,1175,2025-05-09 15:27:54.025,,2147483647,487259,True,bid
4311,604194,1611370766,MERV - XMEV - GGAL - 24hs,6740.0,2025-05-09 15:27:54,3,2025-05-09 15:27:54.804,6740.0,674,6730.0,4528,6720.0,4101,6710.0,1090,6700.0,8864,6760.0,649,6770.0,290,6780.0,1979,6790.0,347,6800.0,1175,2025-05-09 15:27:54.712,,2147483647,487259,False,nan
4312,604282,1611370932,MERV - XMEV - GGAL - 24hs,6740.0,2025-05-09 15:27:55,99,2025-05-09 15:27:55.299,6740.0,674,6730.0,4528,6720.0,4101,6710.0,1090,6700.0,8864,6760.0,649,6770.0,290,6780.0,1979,6790.0,347,6800.0,1175,2025-05-09 15:27:55.212,,2147483647,487265,True,bid
4313,604322,1611371003,MERV - XMEV - GGAL - 24hs,6740.0,2025-05-09 15:27:55,99,2025-05-09 15:27:55.805,6740.0,572,6730.0,4528,6720.0,4101,6710.0,1090,6700.0,8864,6760.0,649,6770.0,290,6780.0,979,6790.0,1347,6800.0,1175,2025-05-09 15:27:55.723,,2147483647,487364,False,nan
4314,604381,1611371092,MERV - XMEV - GGAL - 24hs,6740.0,2025-05-09 15:27:56,3,2025-05-09 15:27:56.312,6740.0,572,6730.0,4528,6720.0,4101,6710.0,1090,6700.0,8864,6760.0,649,6770.0,290,6780.0,979,6790.0,1347,6800.0,1175,2025-05-09 15:27:56.215,,2147483647,487364,True,bid
4315,604429,1611371162,MERV - XMEV - GGAL - 24hs,6740.0,2025-05-09 15:27:56,6,2025-05-09 15:27:56.795,6740.0,572,6730.0,4528,6720.0,4101,6710.0,1090,6700.0,8864,6760.0,649,6770.0,290,6780.0,979,6790.0,1347,6800.0,1175,2025-05-09 15:27:56.715,,2147483647,487367,False,nan
4316,604471,1611371218,MERV - XMEV - GGAL - 24hs,6740.0,2025-05-09 15:27:56,6,2025-05-09 15:27:57.294,6740.0,563,6730.0,4528,6720.0,4101,6710.0,1090,6700.0,8864,6760.0,649,6770.0,290,6780.0,979,6790.0,1347,6800.0,1175,2025-05-09 15:27:57.214,,2147483647,487373,False,nan
4317,605013,1611371940,MERV - XMEV - GGAL - 24hs,6740.0,2025-05-09 15:27:56,6,2025-05-09 15:28:02.626,6740.0,563,6730.0,4528,6720.0,101,6710.0,1090,6700.0,8864,6760.0,649,6770.0,290,6780.0,979,6790.0,1347,6800.0,1175,2025-05-09 15:28:02.544,,2147483647,487373,False,nan
4318,605604,1611372736,MERV - XMEV - GGAL - 24hs,6740.0,2025-05-09 15:27:56,6,2025-05-09 15:28:08.284,6740.0,563,6730.0,4528,6720.0,101,6710.0,1090,6700.0,8914,6760.0,649,6770.0,290,6780.0,979,6790.0,1347,6800.0,1175,2025-05-09 15:28:08.202,,2147483647,487373,False,nan
4319,605779,1611373001,MERV - XMEV - GGAL - 24hs,6740.0,2025-05-09 15:28:10,29,2025-05-09 15:28:11.087,6740.0,563,6730.0,4528,6720.0,101,6710.0,1090,6700.0,8914,6760.0,649,6770.0,290,6780.0,979,6790.0,1347,6800.0,1175,2025-05-09 15:28:11.006,,2147483647,487373,True,bid
4320,605879,1611373222,MERV - XMEV - GGAL - 24hs,6740.0,2025-05-09 15:28:10,29,2025-05-09 15:28:11.772,6740.0,534,6730.0,4528,6720.0,101,6710.0,1090,6700.0,8914,6760.0,649,6770.0,290,6780.0,979,6790.0,3347,6800.0,1175,2025-05-09 15:28:11.669,,2147483647,487373,False,nan
4321,605942,1611373305,MERV - XMEV - GGAL - 24hs,6740.0,2025-05-09 15:28:10,29,2025-05-09 15:28:12.274,6740.0,534,6730.0,4528,6720.0,101,6710.0,1090,6700.0,8914,6760.0,649,6770.0,290,6780.0,979,6790.0,3347,6800.0,1175,2025-05-09 15:28:12.176,,2147483647,487402,False,nan
4322,605984,1611373361,MERV - XMEV - GGAL - 24hs,6740.0,2025-05-09 15:28:10,29,2025-05-09 15:28:12.762,6740.0,534,6730.0,4528,6720.0,101,6710.0,1090,6700.0,8914,6760.0,649,6770.0,1093,6780.0,979,6790.0,3347,6800.0,1175,2025-05-09 15:28:12.680,,2147483647,487402,False,nan
4323,606149,1611373582,MERV - XMEV - GGAL - 24hs,6760.0,2025-05-09 15:28:14,1,2025-05-09 15:28:14.304,6740.0,534,6730.0,4528,6720.0,101,6710.0,1090,6700.0,8914,6760.0,649,6770.0,1093,6780.0,979,6790.0,3347,6800.0,1175,2025-05-09 15:28:14.215,,2147483647,487402,True,offer
4324,606191,1611373641,MERV - XMEV - GGAL - 24hs,6760.0,2025-05-09 15:28:14,1,2025-05-09 15:28:14.967,6740.0,610,6730.0,4452,6720.0,101,6710.0,1090,6700.0,8914,6770.0,1741,6780.0,979,6790.0,3347,6800.0,1175,6820.0,1562,2025-05-09 15:28:14.882,,2147483647,487402,False,nan
4325,606218,1611373680,MERV - XMEV - GGAL - 24hs,6740.0,2025-05-09 15:28:15,42,2025-05-09 15:28:15.464,6740.0,610,6730.0,4452,6720.0,101,6710.0,1090,6700.0,8914,6770.0,1741,6780.0,979,6790.0,3347,6800.0,1175,6820.0,1562,2025-05-09 15:28:15.383,,2147483647,487403,True,bid
4326,606283,1611373767,MERV - XMEV - GGAL - 24hs,6740.0,2025-05-09 15:28:15,42,2025-05-09 15:28:16.004,6740.0,568,6730.0,4452,6720.0,101,6710.0,1090,6700.0,8914,6770.0,1741,6780.0,979,6790.0,3347,6800.0,1175,6820.0,1562,2025-05-09 15:28:15.882,,2147483647,487445,False,nan
4327,606647,1611374279,MERV - XMEV - GGAL - 24hs,6740.0,2025-05-09 15:28:15,42,2025-05-09 15:28:19.498,6740.0,568,6730.0,4452,6720.0,101,6710.0,4090,6700.0,5914,6760.0,778,6770.0,1741,6780.0,979,6790.0,3347,6800.0,1175,2025-05-09 15:28:19.412,,2147483647,487445,False,nan
4328,606740,1611374421,MERV - XMEV - GGAL - 24hs,6740.0,2025-05-09 15:28:15,42,2025-05-09 15:28:20.342,6740.0,568,6730.0,4453,6720.0,101,6710.0,4090,6700.0,5914,6760.0,778,6770.0,1741,6780.0,979,6790.0,3347,6800.0,1175,2025-05-09 15:28:20.258,,2147483647,487445,False,nan
4329,607251,1611375128,MERV - XMEV - GGAL - 24hs,6760.0,2025-05-09 15:28:24,11,2025-05-09 15:28:24.989,6740.0,568,6730.0,4453,6720.0,101,6710.0,4090,6700.0,5914,6760.0,778,6770.0,1741,6780.0,979,6790.0,3347,6800.0,1175,2025-05-09 15:28:24.907,,2147483647,487445,True,offer
4330,607306,1611375195,MERV - XMEV - GGAL - 24hs,6760.0,2025-05-09 15:28:24,11,2025-05-09 15:28:25.654,6740.0,568,6730.0,4453,6720.0,101,6710.0,4090,6700.0,5914,6760.0,767,6770.0,1741,6780.0,979,6790.0,3347,6800.0,1175,2025-05-09 15:28:25.554,,2147483647,487445,False,nan
4331,607357,1611375261,MERV - XMEV - GGAL - 24hs,6760.0,2025-05-09 15:28:24,11,2025-05-09 15:28:26.138,6740.0,568,6730.0,4453,6720.0,101,6710.0,4090,6700.0,5914,6760.0,767,6770.0,1741,6780.0,979,6790.0,3347,6800.0,1175,2025-05-09 15:28:26.054,,2147483647,487456,False,nan
4332,607528,1611375496,MERV - XMEV - GGAL - 24hs,6760.0,2025-05-09 15:28:24,11,2025-05-09 15:28:28.036,6740.0,568,6730.0,4453,6720.0,101,6710.0,1090,6700.0,8914,6760.0,767,6770.0,1741,6780.0,979,6790.0,3347,6800.0,1175,2025-05-09 15:28:27.951,,2147483647,487456,False,nan
4333,607929,1611376051,MERV - XMEV - GGAL - 24hs,6740.0,2025-05-09 15:28:32,3,2025-05-09 15:28:32.351,6740.0,568,6730.0,4453,6720.0,101,6710.0,1090,6700.0,8914,6760.0,767,6770.0,1741,6780.0,979,6790.0,3347,6800.0,1175,2025-05-09 15:28:32.221,,2147483647,487456,True,bid
4334,607964,1611376108,MERV - XMEV - GGAL - 24hs,6740.0,2025-05-09 15:28:32,3,2025-05-09 15:28:32.820,6740.0,565,6730.0,4453,6720.0,101,6710.0,1090,6700.0,8914,6760.0,767,6770.0,1741,6780.0,979,6790.0,3347,6800.0,1175,2025-05-09 15:28:32.726,,2147483647,487456,False,nan
4335,608009,1611376182,MERV - XMEV - GGAL - 24hs,6740.0,2025-05-09 15:28:32,3,2025-05-09 15:28:33.305,6740.0,3565,6730.0,4453,6720.0,101,6710.0,1090,6700.0,8914,6760.0,767,6770.0,1741,6780.0,979,6790.0,3347,6800.0,1175,2025-05-09 15:28:33.221,,2147483647,487459,False,nan
4336,608728,1611377275,MERV - XMEV - GGAL - 24hs,6740.0,2025-05-09 15:28:32,3,2025-05-09 15:28:39.716,6740.0,3565,6730.0,4453,6720.0,101,6710.0,1090,6700.0,8914,6760.0,767,6770.0,938,6780.0,1782,6790.0,3347,6800.0,1175,2025-05-09 15:28:39.634,,2147483647,487459,False,nan
4337,608953,1611377588,MERV - XMEV - GGAL - 24hs,6740.0,2025-05-09 15:28:32,3,2025-05-09 15:28:42.599,6740.0,3615,6730.0,4453,6720.0,101,6710.0,1090,6700.0,8914,6760.0,767,6770.0,938,6780.0,1782,6790.0,3347,6800.0,1175,2025-05-09 15:28:42.513,,2147483647,487459,False,nan
4338,609093,1611377771,MERV - XMEV - GGAL - 24hs,6740.0,2025-05-09 15:28:44,22,2025-05-09 15:28:44.280,6740.0,3615,6730.0,4453,6720.0,101,6710.0,1090,6700.0,8914,6760.0,767,6770.0,938,6780.0,1782,6790.0,3347,6800.0,1175,2025-05-09 15:28:44.195,,2147483647,487459,True,bid
4339,609146,1611377841,MERV - XMEV - GGAL - 24hs,6740.0,2025-05-09 15:28:44,22,2025-05-09 15:28:44.780,6740.0,3593,6730.0,4453,6720.0,101,6710.0,1090,6700.0,8925,6760.0,767,6770.0,938,6780.0,1782,6790.0,3347,6800.0,1175,2025-05-09 15:28:44.695,,2147483647,487459,False,nan
4340,609178,1611377880,MERV - XMEV - GGAL - 24hs,6740.0,2025-05-09 15:28:44,22,2025-05-09 15:28:45.280,6740.0,3593,6730.0,4453,6720.0,101,6710.0,1090,6700.0,8925,6760.0,767,6770.0,938,6780.0,1782,6790.0,3347,6800.0,1175,2025-05-09 15:28:45.196,,2147483647,487481,False,nan
4341,609323,1611378073,MERV - XMEV - GGAL - 24hs,6740.0,2025-05-09 15:28:46,287,2025-05-09 15:28:46.742,6740.0,3593,6730.0,4453,6720.0,101,6710.0,1090,6700.0,8925,6760.0,767,6770.0,938,6780.0,1782,6790.0,3347,6800.0,1175,2025-05-09 15:28:46.659,,2147483647,487481,True,bid
4342,609401,1611378236,MERV - XMEV - GGAL - 24hs,6740.0,2025-05-09 15:28:46,57,2025-05-09 15:28:47.255,6740.0,3593,6730.0,4453,6720.0,101,6710.0,1090,6700.0,8925,6760.0,767,6770.0,938,6780.0,1782,6790.0,3347,6800.0,1175,2025-05-09 15:28:47.159,,2147483647,487481,False,nan
4343,609443,1611378290,MERV - XMEV - GGAL - 24hs,6740.0,2025-05-09 15:28:46,57,2025-05-09 15:28:47.740,6740.0,3249,6730.0,4203,6720.0,101,6710.0,1090,6700.0,8925,6760.0,767,6770.0,938,6780.0,1782,6790.0,3347,6800.0,1175,2025-05-09 15:28:47.659,,2147483647,487825,False,nan
4344,609525,1611378399,MERV - XMEV - GGAL - 24hs,6740.0,2025-05-09 15:28:46,57,2025-05-09 15:28:48.631,6740.0,3249,6730.0,4203,6720.0,101,6710.0,1090,6700.0,8914,6760.0,767,6770.0,938,6780.0,1782,6790.0,3347,6800.0,1175,2025-05-09 15:28:48.548,,2147483647,487825,False,nan
4345,609591,1611378487,MERV - XMEV - GGAL - 24hs,6740.0,2025-05-09 15:28:46,57,2025-05-09 15:28:49.536,6740.0,3249,6730.0,4203,6720.0,101,6710.0,590,6700.0,8914,6760.0,767,6770.0,938,6780.0,1782,6790.0,3347,6800.0,1175,2025-05-09 15:28:49.388,,2147483647,487825,False,nan
4346,609648,1611378570,MERV - XMEV - GGAL - 24hs,6760.0,2025-05-09 15:28:50,2,2025-05-09 15:28:50.272,6740.0,3249,6730.0,4203,6720.0,101,6710.0,590,6700.0,8914,6760.0,767,6770.0,938,6780.0,1782,6790.0,3347,6800.0,1175,2025-05-09 15:28:50.191,,2147483647,487825,True,offer
4347,609690,1611378621,MERV - XMEV - GGAL - 24hs,6760.0,2025-05-09 15:28:50,2,2025-05-09 15:28:50.844,6740.0,3249,6730.0,4203,6720.0,101,6710.0,590,6700.0,8914,6760.0,765,6770.0,938,6780.0,1782,6790.0,3347,6800.0,1175,2025-05-09 15:28:50.760,,2147483647,487825,False,nan
4348,609741,1611378689,MERV - XMEV - GGAL - 24hs,6760.0,2025-05-09 15:28:50,2,2025-05-09 15:28:51.345,6740.0,3249,6730.0,4203,6720.0,101,6710.0,590,6700.0,8914,6760.0,765,6770.0,938,6780.0,1782,6790.0,3347,6800.0,1175,2025-05-09 15:28:51.261,,2147483647,487827,False,nan
4349,609985,1611378995,MERV - XMEV - GGAL - 24hs,6760.0,2025-05-09 15:28:50,2,2025-05-09 15:28:53.345,6740.0,3249,6730.0,4203,6720.0,101,6710.0,740,6700.0,8914,6760.0,765,6770.0,938,6780.0,1782,6790.0,3347,6800.0,1175,2025-05-09 15:28:53.264,,2147483647,487827,False,nan
4350,610103,1611379169,MERV - XMEV - GGAL - 24hs,6740.0,2025-05-09 15:28:54,8,2025-05-09 15:28:54.651,6740.0,3249,6730.0,4203,6720.0,101,6710.0,740,6700.0,8914,6760.0,765,6770.0,938,6780.0,1782,6790.0,3347,6800.0,1175,2025-05-09 15:28:54.570,,2147483647,487827,True,bid
4351,610149,1611379228,MERV - XMEV - GGAL - 24hs,6760.0,2025-05-09 15:28:54,2,2025-05-09 15:28:55.152,6740.0,3249,6730.0,4203,6720.0,101,6710.0,740,6700.0,8914,6760.0,765,6770.0,938,6780.0,1782,6790.0,3347,6800.0,1175,2025-05-09 15:28:55.070,,2147483647,487835,False,nan
4352,610230,1611379320,MERV - XMEV - GGAL - 24hs,6760.0,2025-05-09 15:28:54,2,2025-05-09 15:28:55.697,6740.0,3241,6730.0,4203,6720.0,101,6710.0,740,6700.0,8914,6760.0,763,6770.0,938,6780.0,1782,6790.0,3347,6800.0,1175,2025-05-09 15:28:55.570,,2147483647,487837,False,nan
4353,610405,1611379584,MERV - XMEV - GGAL - 24hs,6740.0,2025-05-09 15:28:56,115,2025-05-09 15:28:56.655,6740.0,3241,6730.0,4203,6720.0,101,6710.0,740,6700.0,8914,6760.0,763,6770.0,938,6780.0,1782,6790.0,3347,6800.0,1175,2025-05-09 15:28:56.574,,2147483647,487837,True,bid
4354,610459,1611379653,MERV - XMEV - GGAL - 24hs,6740.0,2025-05-09 15:28:56,1044,2025-05-09 15:28:57.155,6740.0,3241,6730.0,4203,6720.0,101,6710.0,740,6700.0,8914,6760.0,763,6770.0,938,6780.0,1782,6790.0,3347,6800.0,1175,2025-05-09 15:28:57.074,,2147483647,487837,False,nan
4355,610536,1611379760,MERV - XMEV - GGAL - 24hs,6740.0,2025-05-09 15:28:56,1044,2025-05-09 15:28:57.655,6740.0,1688,6730.0,4203,6720.0,101,6710.0,740,6700.0,8914,6760.0,839,6770.0,938,6780.0,1782,6790.0,2347,6800.0,1175,2025-05-09 15:28:57.574,,2147483647,489390,False,nan
4356,611044,1611380410,MERV - XMEV - GGAL - 24hs,6740.0,2025-05-09 15:28:56,1044,2025-05-09 15:29:01.894,6740.0,1688,6730.0,4203,6720.0,101,6710.0,3740,6700.0,20914,6760.0,839,6770.0,938,6780.0,1782,6790.0,2347,6800.0,1175,2025-05-09 15:29:01.800,,2147483647,489390,False,nan
4357,611841,1611381505,MERV - XMEV - GGAL - 24hs,6760.0,2025-05-09 15:29:07,32,2025-05-09 15:29:07.993,6740.0,1688,6730.0,4203,6720.0,101,6710.0,3740,6700.0,20914,6760.0,839,6770.0,938,6780.0,1782,6790.0,2347,6800.0,1175,2025-05-09 15:29:07.907,,2147483647,489390,True,offer
4358,611901,1611381570,MERV - XMEV - GGAL - 24hs,6760.0,2025-05-09 15:29:07,32,2025-05-09 15:29:08.497,6740.0,1688,6730.0,4203,6720.0,101,6710.0,3740,6700.0,5914,6760.0,807,6770.0,938,6780.0,1782,6790.0,2347,6800.0,1175,2025-05-09 15:29:08.407,,2147483647,489390,False,nan
4359,611950,1611381635,MERV - XMEV - GGAL - 24hs,6760.0,2025-05-09 15:29:07,32,2025-05-09 15:29:08.992,6740.0,1688,6730.0,4203,6720.0,101,6710.0,3740,6700.0,5914,6760.0,807,6770.0,938,6780.0,1782,6790.0,2347,6800.0,1175,2025-05-09 15:29:08.907,,2147483647,489422,False,nan
4360,612340,1611382106,MERV - XMEV - GGAL - 24hs,6760.0,2025-05-09 15:29:12,20,2025-05-09 15:29:12.542,6740.0,1688,6730.0,4203,6720.0,101,6710.0,3740,6700.0,5914,6760.0,807,6770.0,938,6780.0,1782,6790.0,2347,6800.0,1175,2025-05-09 15:29:12.459,,2147483647,489422,True,offer
4361,612409,1611382198,MERV - XMEV - GGAL - 24hs,6760.0,2025-05-09 15:29:12,20,2025-05-09 15:29:13.203,6740.0,1688,6730.0,4203,6720.0,101,6710.0,3740,6700.0,5914,6760.0,787,6770.0,938,6780.0,1782,6790.0,2347,6800.0,1175,2025-05-09 15:29:13.122,,2147483647,489422,False,nan
4362,612456,1611382254,MERV - XMEV - GGAL - 24hs,6760.0,2025-05-09 15:29:12,20,2025-05-09 15:29:13.702,6740.0,1688,6730.0,4203,6720.0,101,6710.0,3740,6700.0,5914,6760.0,787,6770.0,938,6780.0,1782,6790.0,2347,6800.0,1175,2025-05-09 15:29:13.622,,2147483647,489442,False,nan
4363,613399,1611383550,MERV - XMEV - GGAL - 24hs,6740.0,2025-05-09 15:29:23,1638,2025-05-09 15:29:23.499,6740.0,1688,6730.0,4203,6720.0,101,6710.0,3740,6700.0,5914,6760.0,787,6770.0,938,6780.0,1782,6790.0,2347,6800.0,1175,2025-05-09 15:29:23.407,,2147483647,489442,True,bid
4364,613475,1611383645,MERV - XMEV - GGAL - 24hs,6740.0,2025-05-09 15:29:23,50,2025-05-09 15:29:23.994,6730.0,4203,6720.0,101,6710.0,3740,6700.0,5914,6690.0,15873,6740.0,9875,6760.0,711,6770.0,938,6780.0,1782,6790.0,2354,2025-05-09 15:29:23.907,,2147483647,491130,False,nan
4365,613792,1611384073,MERV - XMEV - GGAL - 24hs,6740.0,2025-05-09 15:29:23,50,2025-05-09 15:29:27.372,6730.0,3303,6720.0,101,6710.0,3740,6700.0,5914,6690.0,15873,6740.0,9875,6760.0,711,6770.0,938,6780.0,1782,6790.0,2354,2025-05-09 15:29:27.276,,2147483647,491130,False,nan
4366,613918,1611384256,MERV - XMEV - GGAL - 24hs,6740.0,2025-05-09 15:29:23,50,2025-05-09 15:29:28.163,6730.0,3303,6720.0,101,6710.0,3740,6700.0,5914,6690.0,15555,6740.0,9875,6760.0,711,6770.0,938,6780.0,1782,6790.0,2354,2025-05-09 15:29:28.072,,2147483647,491130,False,nan
4367,614177,1611384581,MERV - XMEV - GGAL - 24hs,6740.0,2025-05-09 15:29:23,50,2025-05-09 15:29:31.132,6730.0,3303,6720.0,101,6710.0,4640,6700.0,5914,6690.0,15526,6740.0,9875,6760.0,711,6770.0,938,6780.0,1782,6790.0,2354,2025-05-09 15:29:31.042,,2147483647,491130,False,nan
4368,614421,1611384905,MERV - XMEV - GGAL - 24hs,6740.0,2025-05-09 15:29:23,50,2025-05-09 15:29:33.531,6730.0,3303,6720.0,101,6710.0,4640,6700.0,5921,6690.0,15884,6740.0,9875,6760.0,711,6770.0,938,6780.0,1782,6790.0,2354,2025-05-09 15:29:33.431,,2147483647,491130,False,nan
4369,614706,1611385285,MERV - XMEV - GGAL - 24hs,6740.0,2025-05-09 15:29:23,50,2025-05-09 15:29:36.161,6730.0,3303,6720.0,101,6710.0,4640,6700.0,5921,6690.0,15555,6740.0,9875,6760.0,711,6770.0,938,6780.0,1782,6790.0,2354,2025-05-09 15:29:36.078,,2147483647,491130,False,nan
4370,614977,1611385693,MERV - XMEV - GGAL - 24hs,6740.0,2025-05-09 15:29:23,50,2025-05-09 15:29:39.071,6740.0,45,6730.0,3303,6720.0,101,6710.0,4640,6700.0,5921,6750.0,9913,6760.0,711,6770.0,938,6780.0,1782,6790.0,2347,2025-05-09 15:29:38.981,,2147483647,491130,False,nan
4371,615139,1611385895,MERV - XMEV - GGAL - 24hs,6740.0,2025-05-09 15:29:23,50,2025-05-09 15:29:40.674,6740.0,45,6730.0,3303,6720.0,181,6710.0,4560,6700.0,5921,6750.0,9913,6760.0,711,6770.0,938,6780.0,1782,6790.0,2347,2025-05-09 15:29:40.594,,2147483647,491130,False,nan
4372,615256,1611386055,MERV - XMEV - GGAL - 24hs,6740.0,2025-05-09 15:29:23,50,2025-05-09 15:29:41.947,6740.0,1045,6730.0,3303,6720.0,181,6710.0,4560,6700.0,5921,6750.0,9913,6760.0,711,6770.0,938,6780.0,1782,6790.0,2347,2025-05-09 15:29:41.855,,2147483647,491130,False,nan
4373,615408,1611386311,MERV - XMEV - GGAL - 24hs,6740.0,2025-05-09 15:29:23,50,2025-05-09 15:29:43.561,6740.0,1046,6730.0,3303,6720.0,181,6710.0,4560,6700.0,5921,6750.0,9913,6760.0,711,6770.0,938,6780.0,1782,6790.0,2347,2025-05-09 15:29:43.473,,2147483647,491130,False,nan
4374,615517,1611386454,MERV - XMEV - GGAL - 24hs,6740.0,2025-05-09 15:29:23,50,2025-05-09 15:29:44.795,6740.0,1046,6730.0,3303,6720.0,181,6710.0,4560,6700.0,5921,6750.0,9913,6760.0,891,6770.0,938,6780.0,1782,6790.0,2347,2025-05-09 15:29:44.708,,2147483647,491130,False,nan
4375,615697,1611386696,MERV - XMEV - GGAL - 24hs,6740.0,2025-05-09 15:29:23,50,2025-05-09 15:29:46.222,6740.0,1046,6730.0,3303,6720.0,181,6710.0,4560,6700.0,5921,6750.0,9913,6760.0,891,6770.0,938,6780.0,4782,6790.0,2347,2025-05-09 15:29:46.118,,2147483647,491130,False,nan
4376,616271,1611387428,MERV - XMEV - GGAL - 24hs,6740.0,2025-05-09 15:29:23,50,2025-05-09 15:29:51.181,6740.0,1046,6730.0,3303,6720.0,181,6710.0,4560,6700.0,5921,6750.0,9913,6760.0,891,6770.0,938,6780.0,4782,6790.0,2346,2025-05-09 15:29:51.100,,2147483647,491130,False,nan
4377,616626,1611387908,MERV - XMEV - GGAL - 24hs,6740.0,2025-05-09 15:29:23,50,2025-05-09 15:29:55.567,6740.0,1051,6730.0,3298,6720.0,181,6710.0,4560,6700.0,5921,6750.0,9913,6760.0,1237,6770.0,938,6780.0,4782,6790.0,2000,2025-05-09 15:29:55.486,,2147483647,491130,False,nan
4378,616817,1611388205,MERV - XMEV - GGAL - 24hs,6740.0,2025-05-09 15:29:23,50,2025-05-09 15:29:57.524,6740.0,1051,6730.0,3298,6720.0,181,6710.0,4560,6700.0,5921,6750.0,9913,6760.0,1237,6770.0,3938,6780.0,1782,6790.0,2000,2025-05-09 15:29:57.427,,2147483647,491130,False,nan
4379,617144,1611388645,MERV - XMEV - GGAL - 24hs,6740.0,2025-05-09 15:29:23,50,2025-05-09 15:30:00.477,6740.0,1051,6730.0,3298,6720.0,181,6710.0,4560,6700.0,5923,6750.0,9913,6760.0,1237,6770.0,3938,6780.0,1782,6790.0,2000,2025-05-09 15:30:00.396,,2147483647,491130,False,nan
4380,617538,1611389164,MERV - XMEV - GGAL - 24hs,6740.0,2025-05-09 15:30:03,45,2025-05-09 15:30:03.203,6740.0,1051,6730.0,3298,6720.0,181,6710.0,4560,6700.0,5923,6750.0,9913,6760.0,1237,6770.0,3938,6780.0,1782,6790.0,2000,2025-05-09 15:30:03.112,,2147483647,491130,True,bid
4381,617617,1611389272,MERV - XMEV - GGAL - 24hs,6740.0,2025-05-09 15:30:03,56,2025-05-09 15:30:03.727,6740.0,1051,6730.0,3298,6720.0,181,6710.0,4560,6700.0,5923,6750.0,9913,6760.0,1237,6770.0,3938,6780.0,1782,6790.0,2000,2025-05-09 15:30:03.618,,2147483647,491130,False,nan
4382,617693,1611389378,MERV - XMEV - GGAL - 24hs,6740.0,2025-05-09 15:30:03,56,2025-05-09 15:30:04.199,6740.0,950,6730.0,3298,6720.0,181,6710.0,4560,6700.0,5923,6750.0,9913,6760.0,1237,6770.0,3938,6780.0,1782,6790.0,2000,2025-05-09 15:30:04.116,,2147483647,491231,False,nan
4383,618063,1611389882,MERV - XMEV - GGAL - 24hs,6750.0,2025-05-09 15:30:07,9,2025-05-09 15:30:07.096,6740.0,950,6730.0,3298,6720.0,181,6710.0,4560,6700.0,5923,6750.0,9913,6760.0,1237,6770.0,3938,6780.0,1782,6790.0,2000,2025-05-09 15:30:07.014,,2147483647,491231,True,offer
4384,618113,1611389944,MERV - XMEV - GGAL - 24hs,6750.0,2025-05-09 15:30:07,9,2025-05-09 15:30:07.948,6740.0,950,6730.0,3298,6720.0,181,6710.0,4560,6700.0,5923,6750.0,9904,6760.0,1237,6770.0,3938,6780.0,1782,6790.0,2000,2025-05-09 15:30:07.734,,2147483647,491231,False,nan
4385,618156,1611389998,MERV - XMEV - GGAL - 24hs,6750.0,2025-05-09 15:30:07,9,2025-05-09 15:30:08.264,6740.0,950,6730.0,3298,6720.0,181,6710.0,4560,6700.0,5923,6750.0,9904,6760.0,1237,6770.0,3938,6780.0,1782,6790.0,2000,2025-05-09 15:30:08.181,,2147483647,491240,False,nan
4386,618539,1611390547,MERV - XMEV - GGAL - 24hs,6750.0,2025-05-09 15:30:11,5,2025-05-09 15:30:11.867,6740.0,950,6730.0,3298,6720.0,181,6710.0,4560,6700.0,5923,6750.0,9904,6760.0,1237,6770.0,3938,6780.0,1782,6790.0,2000,2025-05-09 15:30:11.786,,2147483647,491240,True,offer
4387,618600,1611390625,MERV - XMEV - GGAL - 24hs,6750.0,2025-05-09 15:30:11,5,2025-05-09 15:30:12.532,6740.0,945,6730.0,3298,6720.0,181,6710.0,4560,6700.0,5923,6750.0,9899,6760.0,1237,6770.0,3938,6780.0,1782,6790.0,2000,2025-05-09 15:30:12.452,,2147483647,491240,False,nan
4388,618643,1611390680,MERV - XMEV - GGAL - 24hs,6750.0,2025-05-09 15:30:11,5,2025-05-09 15:30:13.035,6740.0,945,6730.0,3298,6720.0,181,6710.0,4560,6700.0,5923,6750.0,9899,6760.0,1237,6770.0,3938,6780.0,1782,6790.0,2000,2025-05-09 15:30:12.952,,2147483647,491245,False,nan
4389,619549,1611391837,MERV - XMEV - GGAL - 24hs,6750.0,2025-05-09 15:30:11,5,2025-05-09 15:30:21.019,6740.0,1445,6730.0,3298,6720.0,181,6710.0,4560,6700.0,5923,6750.0,9899,6760.0,1237,6770.0,3938,6780.0,1782,6790.0,2000,2025-05-09 15:30:20.938,,2147483647,491245,False,nan
4390,619886,1611392271,MERV - XMEV - GGAL - 24hs,6740.0,2025-05-09 15:30:22,12,2025-05-09 15:30:22.887,6740.0,1445,6730.0,3298,6720.0,181,6710.0,4560,6700.0,5923,6750.0,9899,6760.0,1237,6770.0,3938,6780.0,1782,6790.0,2000,2025-05-09 15:30:22.709,,2147483647,491245,True,bid
4391,620000,1611392426,MERV - XMEV - GGAL - 24hs,6740.0,2025-05-09 15:30:22,12,2025-05-09 15:30:23.463,6740.0,1433,6730.0,3298,6720.0,181,6710.0,4560,6700.0,5923,6750.0,9899,6760.0,1237,6770.0,3938,6780.0,1782,6790.0,2000,2025-05-09 15:30:23.360,,2147483647,491245,False,nan
4392,620043,1611392484,MERV - XMEV - GGAL - 24hs,6740.0,2025-05-09 15:30:22,12,2025-05-09 15:30:23.956,6740.0,1433,6730.0,3298,6720.0,181,6710.0,4560,6700.0,5923,6750.0,9899,6760.0,1237,6770.0,3938,6780.0,1782,6790.0,2000,2025-05-09 15:30:23.866,,2147483647,491257,False,nan
4393,620087,1611392546,MERV - XMEV - GGAL - 24hs,6740.0,2025-05-09 15:30:23,346,2025-05-09 15:30:24.447,6740.0,1433,6730.0,3298,6720.0,181,6710.0,4560,6700.0,5923,6750.0,9899,6760.0,1237,6770.0,3938,6780.0,1782,6790.0,2000,2025-05-09 15:30:24.360,,2147483647,491257,True,bid
4394,620125,1611392597,MERV - XMEV - GGAL - 24hs,6740.0,2025-05-09 15:30:23,346,2025-05-09 15:30:24.941,6740.0,1087,6730.0,3298,6720.0,181,6710.0,4560,6700.0,5923,6750.0,9899,6760.0,891,6770.0,3938,6780.0,1782,6790.0,2000,2025-05-09 15:30:24.860,,2147483647,491603,False,nan
4395,620714,1611393335,MERV - XMEV - GGAL - 24hs,6740.0,2025-05-09 15:30:23,346,2025-05-09 15:30:32.844,6740.0,1087,6730.0,3398,6720.0,181,6710.0,4560,6700.0,5923,6750.0,9899,6760.0,891,6770.0,3938,6780.0,1782,6790.0,2000,2025-05-09 15:30:32.293,,2147483647,491603,False,nan
4396,621096,1611393856,MERV - XMEV - GGAL - 24hs,6750.0,2025-05-09 15:30:36,651,2025-05-09 15:30:36.959,6740.0,1087,6730.0,3398,6720.0,181,6710.0,4560,6700.0,5923,6750.0,9899,6760.0,891,6770.0,3938,6780.0,1782,6790.0,2000,2025-05-09 15:30:36.878,,2147483647,491603,True,offer
4397,621141,1611393907,MERV - XMEV - GGAL - 24hs,6750.0,2025-05-09 15:30:36,651,2025-05-09 15:30:37.622,6740.0,1087,6730.0,3398,6720.0,181,6710.0,4560,6700.0,5923,6750.0,9248,6760.0,891,6770.0,3938,6780.0,1782,6790.0,2000,2025-05-09 15:30:37.541,,2147483647,491603,False,nan
4398,621187,1611393973,MERV - XMEV - GGAL - 24hs,6750.0,2025-05-09 15:30:36,651,2025-05-09 15:30:38.123,6740.0,1087,6730.0,3398,6720.0,181,6710.0,4560,6700.0,5923,6750.0,9248,6760.0,891,6770.0,3938,6780.0,1782,6790.0,2000,2025-05-09 15:30:38.041,,2147483647,492254,False,nan
4399,621234,1611394038,MERV - XMEV - GGAL - 24hs,6750.0,2025-05-09 15:30:36,651,2025-05-09 15:30:38.667,6740.0,1087,6730.0,3398,6720.0,281,6710.0,4560,6700.0,5923,6750.0,9248,6760.0,891,6770.0,3938,6780.0,1782,6790.0,2000,2025-05-09 15:30:38.586,,2147483647,492254,False,nan
4400,621504,1611394410,MERV - XMEV - GGAL - 24hs,6750.0,2025-05-09 15:30:36,651,2025-05-09 15:30:42.171,6740.0,587,6730.0,3398,6720.0,781,6710.0,4560,6700.0,5923,6750.0,9248,6760.0,891,6770.0,3938,6780.0,1782,6790.0,2000,2025-05-09 15:30:42.091,,2147483647,492254,False,nan
4401,621864,1611394876,MERV - XMEV - GGAL - 24hs,6740.0,2025-05-09 15:30:45,1,2025-05-09 15:30:46.030,6740.0,587,6730.0,3398,6720.0,781,6710.0,4560,6700.0,5923,6750.0,9248,6760.0,891,6770.0,3938,6780.0,1782,6790.0,2000,2025-05-09 15:30:45.947,,2147483647,492254,True,bid
4402,621905,1611394930,MERV - XMEV - GGAL - 24hs,6750.0,2025-05-09 15:30:46,1,2025-05-09 15:30:46.530,6740.0,587,6730.0,3398,6720.0,781,6710.0,4560,6700.0,5923,6750.0,9248,6760.0,891,6770.0,3938,6780.0,1782,6790.0,2000,2025-05-09 15:30:46.447,,2147483647,492255,True,offer
4403,621945,1611394984,MERV - XMEV - GGAL - 24hs,6750.0,2025-05-09 15:30:46,1,2025-05-09 15:30:47.037,6740.0,586,6730.0,3398,6720.0,781,6710.0,4560,6700.0,5923,6750.0,9247,6760.0,891,6770.0,3938,6780.0,1782,6790.0,2000,2025-05-09 15:30:46.951,,2147483647,492256,False,nan
4404,622001,1611395074,MERV - XMEV - GGAL - 24hs,6750.0,2025-05-09 15:30:47,1,2025-05-09 15:30:47.551,6740.0,586,6730.0,3398,6720.0,781,6710.0,4560,6700.0,5923,6750.0,9247,6760.0,891,6770.0,3938,6780.0,1782,6790.0,2000,2025-05-09 15:30:47.470,,2147483647,492256,True,offer
4405,622060,1611395152,MERV - XMEV - GGAL - 24hs,6750.0,2025-05-09 15:30:47,1,2025-05-09 15:30:48.223,6740.0,586,6730.0,3398,6720.0,781,6710.0,4560,6700.0,5923,6750.0,9246,6760.0,891,6770.0,3938,6780.0,1782,6790.0,2000,2025-05-09 15:30:48.142,,2147483647,492256,False,nan
4406,622093,1611395201,MERV - XMEV - GGAL - 24hs,6750.0,2025-05-09 15:30:47,1,2025-05-09 15:30:48.718,6740.0,586,6730.0,3398,6720.0,781,6710.0,4560,6700.0,5923,6750.0,9246,6760.0,891,6770.0,3938,6780.0,1782,6790.0,2000,2025-05-09 15:30:48.636,,2147483647,492257,False,nan
4407,622545,1611395846,MERV - XMEV - GGAL - 24hs,6750.0,2025-05-09 15:30:47,1,2025-05-09 15:30:51.198,6740.0,586,6730.0,3398,6720.0,781,6710.0,4560,6700.0,5923,6750.0,9345,6760.0,891,6770.0,3938,6780.0,1782,6790.0,2000,2025-05-09 15:30:50.916,,2147483647,492257,False,nan
4408,622667,1611396037,MERV - XMEV - GGAL - 24hs,6750.0,2025-05-09 15:30:47,1,2025-05-09 15:30:52.291,6740.0,586,6730.0,3398,6720.0,3781,6710.0,16560,6700.0,5923,6750.0,9345,6760.0,891,6770.0,3938,6780.0,1782,6790.0,2000,2025-05-09 15:30:52.208,,2147483647,492257,False,nan
4409,622883,1611396359,MERV - XMEV - GGAL - 24hs,6740.0,2025-05-09 15:30:54,25,2025-05-09 15:30:54.485,6740.0,586,6730.0,3398,6720.0,3781,6710.0,16560,6700.0,5923,6750.0,9345,6760.0,891,6770.0,3938,6780.0,1782,6790.0,2000,2025-05-09 15:30:54.293,,2147483647,492257,True,bid
4410,623017,1611396531,MERV - XMEV - GGAL - 24hs,6740.0,2025-05-09 15:30:54,25,2025-05-09 15:30:55.047,6740.0,561,6730.0,3398,6720.0,781,6710.0,4560,6700.0,20923,6750.0,9345,6760.0,891,6770.0,3938,6780.0,1782,6790.0,2000,2025-05-09 15:30:54.742,,2147483647,492257,False,nan
4411,623069,1611396603,MERV - XMEV - GGAL - 24hs,6740.0,2025-05-09 15:30:54,25,2025-05-09 15:30:55.328,6740.0,561,6730.0,3398,6720.0,781,6710.0,4560,6700.0,20923,6750.0,9345,6760.0,891,6770.0,3938,6780.0,1782,6790.0,2000,2025-05-09 15:30:55.237,,2147483647,492282,False,nan
4412,623216,1611396788,MERV - XMEV - GGAL - 24hs,6740.0,2025-05-09 15:30:54,25,2025-05-09 15:30:56.646,6740.0,561,6730.0,3398,6720.0,781,6710.0,4560,6700.0,20923,6750.0,9345,6760.0,891,6770.0,3938,6780.0,1782,6790.0,2003,2025-05-09 15:30:56.547,,2147483647,492282,False,nan
4413,623744,1611397480,MERV - XMEV - GGAL - 24hs,6740.0,2025-05-09 15:30:54,25,2025-05-09 15:31:01.831,6740.0,1061,6730.0,3398,6720.0,781,6710.0,4560,6700.0,20923,6750.0,9345,6760.0,891,6770.0,3938,6780.0,1782,6790.0,2003,2025-05-09 15:31:01.750,,2147483647,492282,False,nan
4414,623877,1611397656,MERV - XMEV - GGAL - 24hs,6740.0,2025-05-09 15:30:54,25,2025-05-09 15:31:02.754,6740.0,1097,6730.0,3398,6720.0,781,6710.0,1560,6700.0,23923,6750.0,9345,6760.0,891,6770.0,3938,6780.0,1782,6790.0,2003,2025-05-09 15:31:02.671,,2147483647,492282,False,nan
4415,624243,1611398121,MERV - XMEV - GGAL - 24hs,6740.0,2025-05-09 15:30:54,25,2025-05-09 15:31:05.639,6740.0,1097,6730.0,3398,6720.0,781,6710.0,1560,6700.0,23930,6750.0,9345,6760.0,891,6770.0,3938,6780.0,1782,6790.0,2003,2025-05-09 15:31:05.558,,2147483647,492282,False,nan
4416,624320,1611398221,MERV - XMEV - GGAL - 24hs,6740.0,2025-05-09 15:30:54,25,2025-05-09 15:31:06.595,6740.0,1197,6730.0,3398,6720.0,781,6710.0,1560,6700.0,23930,6750.0,9345,6760.0,891,6770.0,3938,6780.0,1782,6790.0,2003,2025-05-09 15:31:06.514,,2147483647,492282,False,nan
4417,624506,1611398465,MERV - XMEV - GGAL - 24hs,6750.0,2025-05-09 15:31:08,602,2025-05-09 15:31:08.558,6740.0,1197,6730.0,3398,6720.0,781,6710.0,1560,6700.0,23930,6750.0,9345,6760.0,891,6770.0,3938,6780.0,1782,6790.0,2003,2025-05-09 15:31:08.477,,2147483647,492282,True,offer
4418,624575,1611398547,MERV - XMEV - GGAL - 24hs,6750.0,2025-05-09 15:31:08,602,2025-05-09 15:31:09.225,6740.0,1197,6730.0,3398,6720.0,781,6710.0,1560,6700.0,23930,6750.0,8743,6760.0,891,6770.0,3938,6780.0,1782,6790.0,2003,2025-05-09 15:31:09.143,,2147483647,492282,False,nan
4419,624603,1611398582,MERV - XMEV - GGAL - 24hs,6750.0,2025-05-09 15:31:08,602,2025-05-09 15:31:09.810,6740.0,1197,6730.0,3398,6720.0,781,6710.0,1560,6700.0,23930,6750.0,8743,6760.0,891,6770.0,3938,6780.0,1782,6790.0,2003,2025-05-09 15:31:09.649,,2147483647,492884,False,nan
4420,624783,1611398836,MERV - XMEV - GGAL - 24hs,6750.0,2025-05-09 15:31:08,602,2025-05-09 15:31:11.511,6740.0,1697,6730.0,3398,6720.0,781,6710.0,1560,6700.0,23930,6750.0,8743,6760.0,891,6770.0,3938,6780.0,1782,6790.0,2003,2025-05-09 15:31:11.426,,2147483647,492884,False,nan
4421,624835,1611398896,MERV - XMEV - GGAL - 24hs,6740.0,2025-05-09 15:31:11,1,2025-05-09 15:31:12.058,6740.0,1697,6730.0,3398,6720.0,781,6710.0,1560,6700.0,23930,6750.0,8743,6760.0,891,6770.0,3938,6780.0,1782,6790.0,2003,2025-05-09 15:31:11.965,,2147483647,492884,True,bid
4422,624889,1611398960,MERV - XMEV - GGAL - 24hs,6740.0,2025-05-09 15:31:11,1,2025-05-09 15:31:12.719,6740.0,1696,6730.0,3398,6720.0,781,6710.0,1560,6700.0,23930,6750.0,8743,6760.0,891,6770.0,3938,6780.0,1782,6790.0,2003,2025-05-09 15:31:12.633,,2147483647,492884,False,nan
4423,624936,1611399018,MERV - XMEV - GGAL - 24hs,6740.0,2025-05-09 15:31:11,1,2025-05-09 15:31:13.214,6740.0,1696,6730.0,3398,6720.0,781,6710.0,1560,6700.0,23930,6750.0,8743,6760.0,891,6770.0,3938,6780.0,1782,6790.0,2003,2025-05-09 15:31:13.133,,2147483647,492885,False,nan
4424,625172,1611399363,MERV - XMEV - GGAL - 24hs,6740.0,2025-05-09 15:31:11,1,2025-05-09 15:31:15.194,6740.0,1696,6730.0,3398,6720.0,781,6710.0,1810,6700.0,23930,6750.0,8743,6760.0,1539,6770.0,3290,6780.0,1782,6790.0,2003,2025-05-09 15:31:15.113,,2147483647,492885,False,nan
4425,625382,1611399624,MERV - XMEV - GGAL - 24hs,6740.0,2025-05-09 15:31:11,1,2025-05-09 15:31:17.499,6740.0,1696,6730.0,3398,6720.0,781,6710.0,1810,6700.0,24430,6750.0,8743,6760.0,1539,6770.0,3290,6780.0,1782,6790.0,2003,2025-05-09 15:31:17.418,,2147483647,492885,False,nan
4426,626660,1611401354,MERV - XMEV - GGAL - 24hs,6740.0,2025-05-09 15:31:11,1,2025-05-09 15:31:26.715,6740.0,1697,6730.0,3398,6720.0,781,6710.0,1810,6700.0,24430,6750.0,8743,6760.0,1539,6770.0,3290,6780.0,1782,6790.0,2003,2025-05-09 15:31:26.634,,2147483647,492885,False,nan
4427,627103,1611401928,MERV - XMEV - GGAL - 24hs,6740.0,2025-05-09 15:31:30,3,2025-05-09 15:31:30.176,6740.0,1697,6730.0,3398,6720.0,781,6710.0,1810,6700.0,24430,6750.0,8743,6760.0,1539,6770.0,3290,6780.0,1782,6790.0,2003,2025-05-09 15:31:30.020,,2147483647,492885,True,bid
4428,627227,1611402091,MERV - XMEV - GGAL - 24hs,6740.0,2025-05-09 15:31:30,3,2025-05-09 15:31:30.776,6740.0,1694,6730.0,3398,6720.0,781,6710.0,1810,6700.0,24430,6750.0,8743,6760.0,1539,6770.0,3290,6780.0,1782,6790.0,2003,2025-05-09 15:31:30.687,,2147483647,492885,False,nan
4429,627304,1611402194,MERV - XMEV - GGAL - 24hs,6740.0,2025-05-09 15:31:30,3,2025-05-09 15:31:31.291,6740.0,1694,6730.0,3398,6720.0,781,6710.0,1810,6700.0,24430,6750.0,8743,6760.0,1539,6770.0,3290,6780.0,1782,6790.0,2003,2025-05-09 15:31:31.187,,2147483647,492888,False,nan
4430,627395,1611402328,MERV - XMEV - GGAL - 24hs,6740.0,2025-05-09 15:31:30,3,2025-05-09 15:31:32.027,6740.0,1694,6730.0,3398,6720.0,781,6710.0,1810,6700.0,26161,6750.0,8743,6760.0,1539,6770.0,3290,6780.0,1782,6790.0,2003,2025-05-09 15:31:31.946,,2147483647,492888,False,nan
4431,627485,1611402439,MERV - XMEV - GGAL - 24hs,6740.0,2025-05-09 15:31:30,3,2025-05-09 15:31:32.745,6740.0,1194,6730.0,3398,6720.0,781,6710.0,1810,6700.0,25122,6750.0,8743,6760.0,1539,6770.0,3290,6780.0,1782,6790.0,2003,2025-05-09 15:31:32.657,,2147483647,492888,False,nan
4432,627554,1611402524,MERV - XMEV - GGAL - 24hs,6750.0,2025-05-09 15:31:33,3,2025-05-09 15:31:33.296,6740.0,1194,6730.0,3398,6720.0,781,6710.0,1810,6700.0,25122,6750.0,8743,6760.0,1539,6770.0,3290,6780.0,1782,6790.0,2003,2025-05-09 15:31:33.156,,2147483647,492888,True,offer
4433,627627,1611402613,MERV - XMEV - GGAL - 24hs,6740.0,2025-05-09 15:31:33,1,2025-05-09 15:31:33.739,6730.0,3398,6720.0,781,6710.0,1810,6700.0,24430,6690.0,555,6740.0,8606,6750.0,137,6760.0,1539,6770.0,3290,6780.0,1782,2025-05-09 15:31:33.656,,2147483647,492891,False,nan
4434,627686,1611402716,MERV - XMEV - GGAL - 24hs,6740.0,2025-05-09 15:31:33,1,2025-05-09 15:31:34.237,6730.0,3398,6720.0,781,6710.0,1810,6700.0,24430,6690.0,555,6740.0,8606,6750.0,137,6760.0,1539,6770.0,3290,6780.0,1782,2025-05-09 15:31:34.156,,2147483647,494085,False,nan
4435,627741,1611402793,MERV - XMEV - GGAL - 24hs,6740.0,2025-05-09 15:31:33,1,2025-05-09 15:31:34.761,6730.0,3398,6720.0,781,6710.0,1810,6700.0,24430,6690.0,1248,6740.0,8606,6750.0,137,6760.0,1539,6770.0,3290,6780.0,1782,2025-05-09 15:31:34.680,,2147483647,494085,False,nan
4436,627884,1611403031,MERV - XMEV - GGAL - 24hs,6740.0,2025-05-09 15:31:33,1,2025-05-09 15:31:36.374,6730.0,3398,6720.0,781,6710.0,1810,6700.0,24430,6690.0,555,6740.0,8606,6750.0,137,6760.0,1539,6770.0,3290,6780.0,1782,2025-05-09 15:31:36.020,,2147483647,494085,False,nan
4437,628011,1611403176,MERV - XMEV - GGAL - 24hs,6740.0,2025-05-09 15:31:33,1,2025-05-09 15:31:36.810,6730.0,3398,6720.0,781,6710.0,1810,6700.0,24430,6690.0,902,6740.0,8606,6750.0,137,6760.0,1539,6770.0,3290,6780.0,1782,2025-05-09 15:31:36.605,,2147483647,494085,False,nan
4438,628145,1611403382,MERV - XMEV - GGAL - 24hs,6740.0,2025-05-09 15:31:33,1,2025-05-09 15:31:37.555,6730.0,3400,6720.0,781,6710.0,1810,6700.0,24430,6690.0,555,6740.0,8606,6750.0,137,6760.0,1539,6770.0,3290,6780.0,1782,2025-05-09 15:31:37.359,,2147483647,494085,False,nan
4439,628191,1611403437,MERV - XMEV - GGAL - 24hs,6740.0,2025-05-09 15:31:37,172,2025-05-09 15:31:37.940,6730.0,3400,6720.0,781,6710.0,1810,6700.0,24430,6690.0,555,6740.0,8606,6750.0,137,6760.0,1539,6770.0,3290,6780.0,1782,2025-05-09 15:31:37.859,,2147483647,494085,True,offer
4440,628217,1611403472,MERV - XMEV - GGAL - 24hs,6740.0,2025-05-09 15:31:37,172,2025-05-09 15:31:38.440,6730.0,3400,6720.0,781,6710.0,1810,6700.0,24430,6690.0,555,6740.0,8434,6750.0,137,6760.0,1539,6770.0,3290,6780.0,1782,2025-05-09 15:31:38.359,,2147483647,494257,False,nan
4441,628383,1611403690,MERV - XMEV - GGAL - 24hs,6740.0,2025-05-09 15:31:37,172,2025-05-09 15:31:40.735,6730.0,3400,6720.0,781,6710.0,1810,6700.0,24430,6690.0,902,6740.0,8434,6750.0,137,6760.0,1539,6770.0,3290,6780.0,1782,2025-05-09 15:31:40.647,,2147483647,494257,False,nan
4442,628502,1611403852,MERV - XMEV - GGAL - 24hs,6740.0,2025-05-09 15:31:37,172,2025-05-09 15:31:41.716,6730.0,3400,6720.0,781,6710.0,1810,6700.0,24430,6690.0,555,6740.0,8434,6750.0,137,6760.0,1539,6770.0,3290,6780.0,1782,2025-05-09 15:31:41.634,,2147483647,494257,False,nan
4443,628598,1611403990,MERV - XMEV - GGAL - 24hs,6740.0,2025-05-09 15:31:37,172,2025-05-09 15:31:42.515,6730.0,3400,6720.0,781,6710.0,1810,6700.0,9430,6690.0,15902,6740.0,8434,6750.0,137,6760.0,1539,6770.0,3290,6780.0,1782,2025-05-09 15:31:42.414,,2147483647,494257,False,nan
4444,628736,1611404159,MERV - XMEV - GGAL - 24hs,6740.0,2025-05-09 15:31:37,172,2025-05-09 15:31:43.700,6730.0,3400,6720.0,781,6710.0,2160,6700.0,9430,6690.0,16248,6740.0,8434,6750.0,137,6760.0,1539,6770.0,3290,6780.0,1782,2025-05-09 15:31:43.618,,2147483647,494257,False,nan
4445,629153,1611404757,MERV - XMEV - GGAL - 24hs,6740.0,2025-05-09 15:31:37,172,2025-05-09 15:31:47.103,6730.0,3401,6720.0,781,6710.0,2160,6700.0,9430,6690.0,16248,6740.0,8434,6750.0,137,6760.0,1539,6770.0,3290,6780.0,1782,2025-05-09 15:31:46.987,,2147483647,494257,False,nan
4446,629311,1611404967,MERV - XMEV - GGAL - 24hs,6740.0,2025-05-09 15:31:37,172,2025-05-09 15:31:48.316,6730.0,3401,6720.0,781,6710.0,2160,6700.0,9430,6690.0,15902,6740.0,8434,6750.0,137,6760.0,1539,6770.0,3290,6780.0,1782,2025-05-09 15:31:48.087,,2147483647,494257,False,nan
4447,629637,1611405460,MERV - XMEV - GGAL - 24hs,6740.0,2025-05-09 15:31:37,172,2025-05-09 15:31:50.042,6730.0,3401,6720.0,781,6710.0,2160,6700.0,9430,6690.0,15555,6740.0,8434,6750.0,137,6760.0,1539,6770.0,3290,6780.0,1782,2025-05-09 15:31:49.415,,2147483647,494257,False,nan
4448,629722,1611405568,MERV - XMEV - GGAL - 24hs,6740.0,2025-05-09 15:31:50,1500,2025-05-09 15:31:50.381,6730.0,3401,6720.0,781,6710.0,2160,6700.0,9430,6690.0,15555,6740.0,8434,6750.0,137,6760.0,1539,6770.0,3290,6780.0,1782,2025-05-09 15:31:50.168,,2147483647,494257,True,offer
4449,629777,1611405639,MERV - XMEV - GGAL - 24hs,6740.0,2025-05-09 15:31:50,1500,2025-05-09 15:31:50.765,6730.0,3401,6720.0,781,6710.0,2160,6700.0,9430,6690.0,15555,6740.0,6934,6750.0,137,6760.0,1539,6770.0,3290,6780.0,1782,2025-05-09 15:31:50.682,,2147483647,494257,False,nan
4450,629848,1611405736,MERV - XMEV - GGAL - 24hs,6740.0,2025-05-09 15:31:50,1500,2025-05-09 15:31:51.317,6730.0,3401,6720.0,781,6710.0,2160,6700.0,9430,6690.0,15555,6740.0,6934,6750.0,137,6760.0,1539,6770.0,3290,6780.0,1782,2025-05-09 15:31:51.182,,2147483647,495757,False,nan
4451,629901,1611405814,MERV - XMEV - GGAL - 24hs,6740.0,2025-05-09 15:31:51,66,2025-05-09 15:31:51.768,6730.0,3401,6720.0,781,6710.0,2160,6700.0,9423,6690.0,15555,6740.0,8606,6750.0,99,6760.0,1539,6770.0,3290,6780.0,1782,2025-05-09 15:31:51.685,,2147483647,495757,True,offer
4452,629938,1611405865,MERV - XMEV - GGAL - 24hs,6740.0,2025-05-09 15:31:51,66,2025-05-09 15:31:52.265,6730.0,3401,6720.0,781,6710.0,2160,6700.0,9423,6690.0,15555,6740.0,8606,6750.0,99,6760.0,1539,6770.0,3290,6780.0,1782,2025-05-09 15:31:52.183,,2147483647,502757,False,nan
4453,630605,1611406808,MERV - XMEV - GGAL - 24hs,6740.0,2025-05-09 15:31:51,66,2025-05-09 15:31:58.171,6730.0,3401,6720.0,781,6710.0,2160,6700.0,8923,6690.0,15555,6740.0,8606,6750.0,99,6760.0,1539,6770.0,3290,6780.0,1782,2025-05-09 15:31:58.088,,2147483647,502757,False,nan
4454,630707,1611406949,MERV - XMEV - GGAL - 24hs,6740.0,2025-05-09 15:31:59,200,2025-05-09 15:31:59.270,6730.0,3401,6720.0,781,6710.0,2160,6700.0,8923,6690.0,15555,6740.0,8606,6750.0,99,6760.0,1539,6770.0,3290,6780.0,1782,2025-05-09 15:31:59.186,,2147483647,502757,True,offer
4455,630778,1611407042,MERV - XMEV - GGAL - 24hs,6740.0,2025-05-09 15:31:59,200,2025-05-09 15:31:59.940,6730.0,3401,6720.0,781,6710.0,2160,6700.0,8923,6690.0,15555,6740.0,8406,6750.0,99,6760.0,1539,6770.0,3290,6780.0,1782,2025-05-09 15:31:59.850,,2147483647,502757,False,nan
4456,630855,1611407175,MERV - XMEV - GGAL - 24hs,6740.0,2025-05-09 15:31:59,200,2025-05-09 15:32:00.542,6730.0,3401,6720.0,781,6710.0,2160,6700.0,8923,6690.0,15555,6740.0,8406,6750.0,99,6760.0,1539,6770.0,3290,6780.0,1782,2025-05-09 15:32:00.356,,2147483647,502957,False,nan
4457,631109,1611407540,MERV - XMEV - GGAL - 24hs,6740.0,2025-05-09 15:31:59,200,2025-05-09 15:32:02.455,6730.0,3401,6720.0,781,6710.0,2160,6700.0,8923,6690.0,15555,6740.0,8406,6750.0,747,6760.0,891,6770.0,3290,6780.0,1782,2025-05-09 15:32:02.372,,2147483647,502957,False,nan
4458,631393,1611407914,MERV - XMEV - GGAL - 24hs,6740.0,2025-05-09 15:31:59,200,2025-05-09 15:32:05.392,6730.0,3401,6720.0,781,6710.0,2160,6700.0,8923,6690.0,15560,6740.0,8406,6750.0,747,6760.0,891,6770.0,3290,6780.0,1782,2025-05-09 15:32:05.286,,2147483647,502957,False,nan
4459,631483,1611408034,MERV - XMEV - GGAL - 24hs,6740.0,2025-05-09 15:32:06,1,2025-05-09 15:32:06.273,6730.0,3401,6720.0,781,6710.0,2160,6700.0,8923,6690.0,15560,6740.0,8406,6750.0,747,6760.0,891,6770.0,3290,6780.0,1782,2025-05-09 15:32:06.189,,2147483647,502957,True,offer
4460,631578,1611408162,MERV - XMEV - GGAL - 24hs,6740.0,2025-05-09 15:32:06,1,2025-05-09 15:32:06.796,6730.0,3401,6720.0,781,6710.0,2160,6700.0,8923,6690.0,15560,6740.0,8405,6750.0,747,6760.0,891,6770.0,3290,6780.0,1782,2025-05-09 15:32:06.689,,2147483647,502957,False,nan
4461,631633,1611408228,MERV - XMEV - GGAL - 24hs,6740.0,2025-05-09 15:32:06,1,2025-05-09 15:32:07.272,6730.0,3401,6720.0,781,6710.0,2160,6700.0,8923,6690.0,15560,6740.0,8405,6750.0,747,6760.0,891,6770.0,3290,6780.0,1782,2025-05-09 15:32:07.189,,2147483647,502958,False,nan
4462,632662,1611409581,MERV - XMEV - GGAL - 24hs,6740.0,2025-05-09 15:32:06,1,2025-05-09 15:32:16.145,6730.0,3401,6720.0,781,6710.0,2160,6700.0,8923,6690.0,15560,6740.0,8405,6750.0,747,6760.0,891,6770.0,3291,6780.0,1782,2025-05-09 15:32:16.061,,2147483647,502958,False,nan
4463,632842,1611409829,MERV - XMEV - GGAL - 24hs,6740.0,2025-05-09 15:32:06,1,2025-05-09 15:32:17.492,6730.0,3401,6720.0,781,6710.0,2160,6700.0,8923,6690.0,16253,6740.0,8405,6750.0,747,6760.0,891,6770.0,3291,6780.0,1782,2025-05-09 15:32:17.390,,2147483647,502958,False,nan
4464,632936,1611409984,MERV - XMEV - GGAL - 24hs,6740.0,2025-05-09 15:32:06,1,2025-05-09 15:32:18.171,6730.0,3401,6720.0,781,6710.0,2160,6700.0,8923,6690.0,15560,6740.0,8405,6750.0,747,6760.0,891,6770.0,3291,6780.0,1782,2025-05-09 15:32:18.087,,2147483647,502958,False,nan
4465,633113,1611410225,MERV - XMEV - GGAL - 24hs,6740.0,2025-05-09 15:32:06,1,2025-05-09 15:32:19.304,6730.0,3401,6720.0,781,6710.0,2160,6700.0,8923,6690.0,16253,6740.0,8405,6750.0,747,6760.0,891,6770.0,3291,6780.0,1782,2025-05-09 15:32:19.214,,2147483647,502958,False,nan
4466,633328,1611410518,MERV - XMEV - GGAL - 24hs,6740.0,2025-05-09 15:32:06,1,2025-05-09 15:32:20.719,6730.0,3401,6720.0,781,6710.0,2160,6700.0,8923,6690.0,15907,6740.0,8405,6750.0,747,6760.0,891,6770.0,3291,6780.0,1782,2025-05-09 15:32:20.634,,2147483647,502958,False,nan
4467,633761,1611411199,MERV - XMEV - GGAL - 24hs,6740.0,2025-05-09 15:32:06,1,2025-05-09 15:32:23.355,6730.0,3401,6720.0,781,6710.0,2160,6700.0,8923,6690.0,15560,6740.0,8405,6750.0,747,6760.0,891,6770.0,3291,6780.0,1782,2025-05-09 15:32:23.240,,2147483647,502958,False,nan
4468,633867,1611411336,MERV - XMEV - GGAL - 24hs,6740.0,2025-05-09 15:32:06,1,2025-05-09 15:32:24.047,6730.0,3401,6720.0,781,6710.0,2160,6700.0,8923,6690.0,15907,6740.0,8405,6750.0,747,6760.0,891,6770.0,3291,6780.0,1782,2025-05-09 15:32:23.951,,2147483647,502958,False,nan
4469,633906,1611411391,MERV - XMEV - GGAL - 24hs,6740.0,2025-05-09 15:32:24,200,2025-05-09 15:32:24.534,6730.0,3401,6720.0,781,6710.0,2160,6700.0,8923,6690.0,15907,6740.0,8405,6750.0,747,6760.0,891,6770.0,3291,6780.0,1782,2025-05-09 15:32:24.451,,2147483647,502958,True,offer
4470,633934,1611411432,MERV - XMEV - GGAL - 24hs,6740.0,2025-05-09 15:32:24,200,2025-05-09 15:32:25.078,6730.0,3401,6720.0,781,6710.0,2160,6700.0,8923,6690.0,15907,6740.0,8205,6750.0,747,6760.0,891,6770.0,3291,6780.0,1782,2025-05-09 15:32:24.995,,2147483647,502958,False,nan
4471,634007,1611411536,MERV - XMEV - GGAL - 24hs,6740.0,2025-05-09 15:32:24,200,2025-05-09 15:32:25.579,6730.0,3401,6720.0,781,6710.0,2160,6700.0,8923,6690.0,15907,6740.0,8205,6750.0,747,6760.0,891,6770.0,3291,6780.0,1782,2025-05-09 15:32:25.496,,2147483647,503158,False,nan
4472,634099,1611411660,MERV - XMEV - GGAL - 24hs,6740.0,2025-05-09 15:32:24,200,2025-05-09 15:32:26.278,6730.0,3401,6720.0,781,6710.0,2160,6700.0,8923,6690.0,16253,6740.0,8205,6750.0,747,6760.0,891,6770.0,3291,6780.0,1783,2025-05-09 15:32:26.192,,2147483647,503158,False,nan
4473,634329,1611411956,MERV - XMEV - GGAL - 24hs,6740.0,2025-05-09 15:32:24,200,2025-05-09 15:32:27.656,6730.0,3401,6720.0,781,6710.0,2160,6700.0,9961,6690.0,15215,6740.0,8205,6750.0,747,6760.0,891,6770.0,3291,6780.0,1783,2025-05-09 15:32:27.555,,2147483647,503158,False,nan
4474,634587,1611412398,MERV - XMEV - GGAL - 24hs,6740.0,2025-05-09 15:32:29,4000,2025-05-09 15:32:29.690,6730.0,3401,6720.0,781,6710.0,2160,6700.0,9961,6690.0,15215,6740.0,8205,6750.0,747,6760.0,891,6770.0,3291,6780.0,1783,2025-05-09 15:32:29.421,,2147483647,503158,True,offer
4475,634679,1611412540,MERV - XMEV - GGAL - 24hs,6740.0,2025-05-09 15:32:29,4000,2025-05-09 15:32:30.170,6730.0,3401,6720.0,781,6710.0,2160,6700.0,9961,6690.0,15215,6740.0,4205,6750.0,747,6760.0,891,6770.0,3291,6780.0,1783,2025-05-09 15:32:30.085,,2147483647,503158,False,nan
4476,634746,1611412638,MERV - XMEV - GGAL - 24hs,6740.0,2025-05-09 15:32:29,4000,2025-05-09 15:32:30.675,6730.0,3401,6720.0,781,6710.0,2160,6700.0,9961,6690.0,15215,6740.0,4205,6750.0,747,6760.0,891,6770.0,3291,6780.0,1783,2025-05-09 15:32:30.586,,2147483647,507158,False,nan
4477,634879,1611412857,MERV - XMEV - GGAL - 24hs,6740.0,2025-05-09 15:32:31,1000,2025-05-09 15:32:31.979,6730.0,3401,6720.0,781,6710.0,2160,6700.0,9961,6690.0,15215,6740.0,4205,6750.0,747,6760.0,891,6770.0,3291,6780.0,1783,2025-05-09 15:32:31.817,,2147483647,507158,True,offer
4478,634939,1611412959,MERV - XMEV - GGAL - 24hs,6740.0,2025-05-09 15:32:31,1000,2025-05-09 15:32:32.648,6730.0,3401,6720.0,781,6710.0,2160,6700.0,9615,6690.0,15215,6740.0,3205,6750.0,747,6760.0,891,6770.0,3291,6780.0,1783,2025-05-09 15:32:32.322,,2147483647,507158,False,nan
4479,635006,1611413045,MERV - XMEV - GGAL - 24hs,6740.0,2025-05-09 15:32:31,1000,2025-05-09 15:32:32.932,6730.0,3401,6720.0,781,6710.0,2160,6700.0,9615,6690.0,15215,6740.0,3205,6750.0,747,6760.0,891,6770.0,3291,6780.0,1783,2025-05-09 15:32:32.817,,2147483647,508158,False,nan
4480,635129,1611413210,MERV - XMEV - GGAL - 24hs,6740.0,2025-05-09 15:32:31,1000,2025-05-09 15:32:34.302,6730.0,3401,6720.0,781,6710.0,2160,6700.0,9615,6690.0,15216,6740.0,3205,6750.0,747,6760.0,891,6770.0,3291,6780.0,1783,2025-05-09 15:32:34.215,,2147483647,508158,False,nan
4481,635193,1611413295,MERV - XMEV - GGAL - 24hs,6740.0,2025-05-09 15:32:34,2000,2025-05-09 15:32:35.151,6730.0,3401,6720.0,781,6710.0,2160,6700.0,9615,6690.0,15216,6740.0,3205,6750.0,747,6760.0,891,6770.0,3291,6780.0,1783,2025-05-09 15:32:35.065,,2147483647,508158,True,offer
4482,635238,1611413348,MERV - XMEV - GGAL - 24hs,6740.0,2025-05-09 15:32:34,2000,2025-05-09 15:32:35.712,6730.0,3401,6720.0,781,6710.0,2160,6700.0,9615,6690.0,15216,6740.0,1205,6750.0,747,6760.0,891,6770.0,3291,6780.0,1783,2025-05-09 15:32:35.625,,2147483647,508158,False,nan
4483,635304,1611413471,MERV - XMEV - GGAL - 24hs,6740.0,2025-05-09 15:32:34,2000,2025-05-09 15:32:36.211,6730.0,3401,6720.0,781,6710.0,2160,6700.0,9615,6690.0,15216,6740.0,1205,6750.0,747,6760.0,891,6770.0,3291,6780.0,1783,2025-05-09 15:32:36.110,,2147483647,510158,False,nan
4484,635395,1611413629,MERV - XMEV - GGAL - 24hs,6740.0,2025-05-09 15:32:37,1205,2025-05-09 15:32:37.398,6730.0,3401,6720.0,781,6710.0,2160,6700.0,9615,6690.0,15216,6740.0,1205,6750.0,747,6760.0,891,6770.0,3291,6780.0,1783,2025-05-09 15:32:37.311,,2147483647,510158,True,offer
4485,635432,1611413681,MERV - XMEV - GGAL - 24hs,6740.0,2025-05-09 15:32:37,1795,2025-05-09 15:32:37.898,6730.0,3401,6720.0,781,6710.0,2160,6700.0,9615,6690.0,15216,6740.0,1205,6750.0,747,6760.0,891,6770.0,3291,6780.0,1783,2025-05-09 15:32:37.813,,2147483647,510158,False,nan
4486,635518,1611413791,MERV - XMEV - GGAL - 24hs,6740.0,2025-05-09 15:32:37,1795,2025-05-09 15:32:38.393,6730.0,3401,6720.0,781,6710.0,2160,6700.0,9615,6690.0,15216,6740.0,8606,6750.0,747,6760.0,891,6770.0,3291,6780.0,1783,2025-05-09 15:32:38.310,,2147483647,513158,False,nan
4487,635823,1611414241,MERV - XMEV - GGAL - 24hs,6740.0,2025-05-09 15:32:40,44,2025-05-09 15:32:41.017,6730.0,3401,6720.0,781,6710.0,2160,6700.0,9615,6690.0,15216,6740.0,8606,6750.0,747,6760.0,891,6770.0,3291,6780.0,1783,2025-05-09 15:32:40.933,,2147483647,513158,True,offer
4488,635966,1611414403,MERV - XMEV - GGAL - 24hs,6740.0,2025-05-09 15:32:41,4000,2025-05-09 15:32:41.660,6730.0,3401,6720.0,781,6710.0,2160,6700.0,9620,6690.0,15216,6740.0,4562,6750.0,747,6760.0,891,6770.0,3291,6780.0,1783,2025-05-09 15:32:41.433,,2147483647,513202,True,offer
4489,635997,1611414443,MERV - XMEV - GGAL - 24hs,6740.0,2025-05-09 15:32:41,4000,2025-05-09 15:32:42.015,6730.0,3401,6720.0,781,6710.0,2160,6700.0,9620,6690.0,15216,6740.0,4562,6750.0,747,6760.0,891,6770.0,3291,6780.0,1783,2025-05-09 15:32:41.933,,2147483647,517202,False,nan
4490,636092,1611414571,MERV - XMEV - GGAL - 24hs,6740.0,2025-05-09 15:32:43,1000,2025-05-09 15:32:43.852,6730.0,3401,6720.0,781,6710.0,2160,6700.0,9620,6690.0,15216,6740.0,4562,6750.0,747,6760.0,891,6770.0,3291,6780.0,1783,2025-05-09 15:32:43.731,,2147483647,517202,True,offer
4491,636196,1611414698,MERV - XMEV - GGAL - 24hs,6740.0,2025-05-09 15:32:43,1000,2025-05-09 15:32:44.240,6730.0,3401,6720.0,781,6710.0,2160,6700.0,9620,6690.0,15216,6740.0,3562,6750.0,747,6760.0,891,6770.0,3291,6780.0,1783,2025-05-09 15:32:43.970,,2147483647,517202,False,nan
4492,636258,1611414783,MERV - XMEV - GGAL - 24hs,6740.0,2025-05-09 15:32:43,1000,2025-05-09 15:32:44.555,6730.0,3401,6720.0,781,6710.0,2160,6700.0,9620,6690.0,15216,6740.0,3562,6750.0,747,6760.0,891,6770.0,3291,6780.0,1783,2025-05-09 15:32:44.471,,2147483647,518202,False,nan
4493,636311,1611414852,MERV - XMEV - GGAL - 24hs,6730.0,2025-05-09 15:32:44,1,2025-05-09 15:32:45.053,6730.0,3401,6720.0,781,6710.0,2160,6700.0,9620,6690.0,15216,6740.0,3562,6750.0,747,6760.0,891,6770.0,3291,6780.0,1783,2025-05-09 15:32:44.970,,2147483647,518202,True,bid
4494,636367,1611414973,MERV - XMEV - GGAL - 24hs,6730.0,2025-05-09 15:32:44,1,2025-05-09 15:32:45.687,6730.0,3400,6720.0,781,6710.0,2160,6700.0,9620,6690.0,15216,6740.0,3562,6750.0,747,6760.0,891,6770.0,3291,6780.0,1783,2025-05-09 15:32:45.603,,2147483647,518202,False,nan
4495,636421,1611415039,MERV - XMEV - GGAL - 24hs,6730.0,2025-05-09 15:32:44,1,2025-05-09 15:32:46.203,6730.0,3400,6720.0,781,6710.0,2160,6700.0,9620,6690.0,15216,6740.0,3562,6750.0,747,6760.0,891,6770.0,3291,6780.0,1783,2025-05-09 15:32:46.105,,2147483647,518203,False,nan
4496,636720,1611415475,MERV - XMEV - GGAL - 24hs,6730.0,2025-05-09 15:32:44,1,2025-05-09 15:32:47.528,6730.0,3400,6720.0,781,6710.0,2160,6700.0,8928,6690.0,15908,6740.0,3562,6750.0,747,6760.0,891,6770.0,3291,6780.0,1783,2025-05-09 15:32:46.878,,2147483647,518203,False,nan
4497,636769,1611415539,MERV - XMEV - GGAL - 24hs,6740.0,2025-05-09 15:32:47,1000,2025-05-09 15:32:47.718,6730.0,3400,6720.0,781,6710.0,2160,6700.0,8928,6690.0,15908,6740.0,3562,6750.0,747,6760.0,891,6770.0,3291,6780.0,1783,2025-05-09 15:32:47.378,,2147483647,518203,True,offer
4498,636814,1611415597,MERV - XMEV - GGAL - 24hs,6740.0,2025-05-09 15:32:47,1000,2025-05-09 15:32:48.046,6730.0,3400,6720.0,781,6710.0,2160,6700.0,8928,6690.0,15908,6740.0,2562,6750.0,747,6760.0,891,6770.0,3291,6780.0,1783,2025-05-09 15:32:47.963,,2147483647,518203,False,nan
4499,636858,1611415654,MERV - XMEV - GGAL - 24hs,6740.0,2025-05-09 15:32:47,1000,2025-05-09 15:32:48.547,6730.0,3400,6720.0,781,6710.0,2160,6700.0,8928,6690.0,15908,6740.0,2562,6750.0,747,6760.0,891,6770.0,3291,6780.0,1783,2025-05-09 15:32:48.463,,2147483647,519203,False,nan
4500,636922,1611415734,MERV - XMEV - GGAL - 24hs,6740.0,2025-05-09 15:32:48,350,2025-05-09 15:32:49.047,6730.0,3400,6720.0,781,6710.0,2160,6700.0,8928,6690.0,15908,6740.0,2562,6750.0,747,6760.0,891,6770.0,3291,6780.0,1783,2025-05-09 15:32:48.963,,2147483647,519203,True,offer
4501,636955,1611415781,MERV - XMEV - GGAL - 24hs,6740.0,2025-05-09 15:32:48,350,2025-05-09 15:32:49.546,6730.0,3400,6720.0,781,6710.0,2160,6700.0,8928,6690.0,17294,6740.0,2212,6750.0,747,6760.0,891,6770.0,3291,6780.0,1783,2025-05-09 15:32:49.463,,2147483647,519553,False,nan
4502,637154,1611416074,MERV - XMEV - GGAL - 24hs,6740.0,2025-05-09 15:32:48,350,2025-05-09 15:32:50.855,6730.0,3400,6720.0,781,6710.0,2160,6700.0,8928,6690.0,16948,6740.0,2212,6750.0,747,6760.0,891,6770.0,3291,6780.0,1783,2025-05-09 15:32:50.534,,2147483647,519553,False,nan
4503,637277,1611416228,MERV - XMEV - GGAL - 24hs,6740.0,2025-05-09 15:32:52,2000,2025-05-09 15:32:52.116,6730.0,3400,6720.0,781,6710.0,2160,6700.0,8928,6690.0,16948,6740.0,2212,6750.0,747,6760.0,891,6770.0,3291,6780.0,1783,2025-05-09 15:32:52.032,,2147483647,519553,True,offer
4504,637315,1611416271,MERV - XMEV - GGAL - 24hs,6740.0,2025-05-09 15:32:52,2000,2025-05-09 15:32:52.635,6730.0,3400,6720.0,781,6710.0,2160,6700.0,8928,6690.0,15908,6740.0,212,6750.0,747,6760.0,891,6770.0,3291,6780.0,1783,2025-05-09 15:32:52.549,,2147483647,519553,False,nan
4505,637363,1611416340,MERV - XMEV - GGAL - 24hs,6740.0,2025-05-09 15:32:52,2000,2025-05-09 15:32:53.132,6730.0,3400,6720.0,781,6710.0,2160,6700.0,8928,6690.0,15908,6740.0,212,6750.0,747,6760.0,891,6770.0,3291,6780.0,1783,2025-05-09 15:32:53.050,,2147483647,521553,False,nan
4506,637759,1611416864,MERV - XMEV - GGAL - 24hs,6740.0,2025-05-09 15:32:56,212,2025-05-09 15:32:56.804,6730.0,3400,6720.0,781,6710.0,2160,6700.0,8928,6690.0,15908,6740.0,212,6750.0,747,6760.0,891,6770.0,3291,6780.0,1783,2025-05-09 15:32:56.719,,2147483647,521553,True,offer
4507,637821,1611416957,MERV - XMEV - GGAL - 24hs,6740.0,2025-05-09 15:32:57,3,2025-05-09 15:32:57.304,6730.0,3400,6720.0,781,6710.0,2160,6700.0,8928,6690.0,15908,6740.0,212,6750.0,747,6760.0,891,6770.0,3291,6780.0,1783,2025-05-09 15:32:57.219,,2147483647,523553,True,offer
4508,637905,1611417062,MERV - XMEV - GGAL - 24hs,6740.0,2025-05-09 15:32:57,3,2025-05-09 15:32:57.841,6730.0,3400,6720.0,781,6710.0,5160,6700.0,20928,6690.0,908,6740.0,8603,6750.0,747,6760.0,891,6770.0,3291,6780.0,1783,2025-05-09 15:32:57.720,,2147483647,523556,False,nan
4509,637985,1611417162,MERV - XMEV - GGAL - 24hs,6740.0,2025-05-09 15:32:57,3,2025-05-09 15:32:58.302,6730.0,3400,6720.0,781,6710.0,5160,6700.0,20928,6690.0,1254,6740.0,8603,6750.0,747,6760.0,891,6770.0,3291,6780.0,1783,2025-05-09 15:32:58.219,,2147483647,523556,False,nan
4510,638174,1611417428,MERV - XMEV - GGAL - 24hs,6740.0,2025-05-09 15:32:57,3,2025-05-09 15:32:59.731,6730.0,3400,6720.0,781,6710.0,5160,6700.0,20928,6690.0,908,6740.0,8603,6750.0,747,6760.0,891,6770.0,3291,6780.0,1783,2025-05-09 15:32:59.635,,2147483647,523556,False,nan
4511,638883,1611418325,MERV - XMEV - GGAL - 24hs,6740.0,2025-05-09 15:32:57,3,2025-05-09 15:33:05.782,6730.0,3400,6720.0,781,6710.0,5160,6700.0,20928,6690.0,1601,6740.0,8603,6750.0,747,6760.0,891,6770.0,3291,6780.0,1783,2025-05-09 15:33:05.521,,2147483647,523556,False,nan
4512,639117,1611418629,MERV - XMEV - GGAL - 24hs,6740.0,2025-05-09 15:33:07,7,2025-05-09 15:33:07.351,6730.0,3400,6720.0,781,6710.0,5160,6700.0,20928,6690.0,1601,6740.0,8603,6750.0,747,6760.0,891,6770.0,3291,6780.0,1783,2025-05-09 15:33:07.268,,2147483647,523556,True,offer
4513,639158,1611418682,MERV - XMEV - GGAL - 24hs,6740.0,2025-05-09 15:33:07,550,2025-05-09 15:33:07.850,6730.0,3400,6720.0,781,6710.0,5160,6700.0,20928,6690.0,1601,6740.0,8603,6750.0,747,6760.0,891,6770.0,3291,6780.0,1783,2025-05-09 15:33:07.767,,2147483647,523563,False,nan
4514,639199,1611418731,MERV - XMEV - GGAL - 24hs,6740.0,2025-05-09 15:33:07,550,2025-05-09 15:33:08.359,6730.0,3400,6720.0,781,6710.0,5160,6700.0,20928,6690.0,1601,6740.0,8046,6750.0,747,6760.0,891,6770.0,3291,6780.0,1783,2025-05-09 15:33:08.273,,2147483647,524113,False,nan
4515,639657,1611419330,MERV - XMEV - GGAL - 24hs,6740.0,2025-05-09 15:33:07,550,2025-05-09 15:33:12.846,6730.0,3400,6720.0,781,6710.0,5160,6700.0,20928,6690.0,1588,6740.0,8046,6750.0,747,6760.0,891,6770.0,3291,6780.0,1783,2025-05-09 15:33:12.763,,2147483647,524113,False,nan
4516,639802,1611419525,MERV - XMEV - GGAL - 24hs,6740.0,2025-05-09 15:33:07,550,2025-05-09 15:33:14.428,6730.0,3400,6720.0,782,6710.0,5160,6700.0,20928,6690.0,1588,6740.0,8046,6750.0,747,6760.0,891,6770.0,3291,6780.0,1783,2025-05-09 15:33:14.341,,2147483647,524113,False,nan
4517,639953,1611419718,MERV - XMEV - GGAL - 24hs,6740.0,2025-05-09 15:33:07,550,2025-05-09 15:33:15.299,6730.0,3400,6720.0,782,6710.0,5160,6700.0,20928,6690.0,1586,6740.0,8046,6750.0,747,6760.0,891,6770.0,3291,6780.0,1783,2025-05-09 15:33:15.201,,2147483647,524113,False,nan
4518,640253,1611420091,MERV - XMEV - GGAL - 24hs,6740.0,2025-05-09 15:33:17,2,2025-05-09 15:33:17.453,6730.0,3400,6720.0,782,6710.0,5160,6700.0,20928,6690.0,1586,6740.0,8046,6750.0,747,6760.0,891,6770.0,3291,6780.0,1783,2025-05-09 15:33:17.370,,2147483647,524113,True,offer
4519,640342,1611420199,MERV - XMEV - GGAL - 24hs,6740.0,2025-05-09 15:33:17,2,2025-05-09 15:33:18.125,6730.0,3400,6720.0,782,6710.0,5160,6700.0,20928,6690.0,1601,6740.0,8044,6750.0,747,6760.0,891,6770.0,3291,6780.0,1783,2025-05-09 15:33:18.041,,2147483647,524113,False,nan
4520,640403,1611420270,MERV - XMEV - GGAL - 24hs,6740.0,2025-05-09 15:33:17,2,2025-05-09 15:33:18.640,6730.0,3400,6720.0,782,6710.0,5160,6700.0,20928,6690.0,1601,6740.0,8044,6750.0,747,6760.0,891,6770.0,3291,6780.0,1783,2025-05-09 15:33:18.546,,2147483647,524115,False,nan
4521,640797,1611420770,MERV - XMEV - GGAL - 24hs,6740.0,2025-05-09 15:33:17,2,2025-05-09 15:33:23.038,6730.0,3400,6720.0,782,6710.0,5160,6700.0,20930,6690.0,1601,6740.0,8044,6750.0,747,6760.0,891,6770.0,3291,6780.0,1783,2025-05-09 15:33:22.954,,2147483647,524115,False,nan
4522,641331,1611421472,MERV - XMEV - GGAL - 24hs,6740.0,2025-05-09 15:33:28,200,2025-05-09 15:33:28.429,6730.0,3400,6720.0,782,6710.0,5160,6700.0,20930,6690.0,1601,6740.0,8044,6750.0,747,6760.0,891,6770.0,3291,6780.0,1783,2025-05-09 15:33:28.346,,2147483647,524115,True,offer
4523,641403,1611421564,MERV - XMEV - GGAL - 24hs,6740.0,2025-05-09 15:33:28,200,2025-05-09 15:33:29.095,6730.0,3400,6720.0,782,6710.0,5160,6700.0,20930,6690.0,1601,6740.0,7844,6750.0,747,6760.0,891,6770.0,3291,6780.0,1783,2025-05-09 15:33:29.012,,2147483647,524115,False,nan
4524,641452,1611421627,MERV - XMEV - GGAL - 24hs,6740.0,2025-05-09 15:33:28,200,2025-05-09 15:33:29.611,6730.0,3400,6720.0,782,6710.0,5160,6700.0,20930,6690.0,1601,6740.0,7844,6750.0,747,6760.0,891,6770.0,3291,6780.0,1783,2025-05-09 15:33:29.512,,2147483647,524315,False,nan
4525,641614,1611421831,MERV - XMEV - GGAL - 24hs,6740.0,2025-05-09 15:33:28,200,2025-05-09 15:33:31.512,6730.0,3400,6720.0,782,6710.0,5160,6700.0,20925,6690.0,1601,6740.0,7844,6750.0,747,6760.0,891,6770.0,3291,6780.0,1783,2025-05-09 15:33:31.429,,2147483647,524315,False,nan
4526,642251,1611422753,MERV - XMEV - GGAL - 24hs,6730.0,2025-05-09 15:33:37,26,2025-05-09 15:33:37.123,6730.0,3400,6720.0,782,6710.0,5160,6700.0,20925,6690.0,1601,6740.0,7844,6750.0,747,6760.0,891,6770.0,3291,6780.0,1783,2025-05-09 15:33:37.041,,2147483647,524315,True,bid
4527,642327,1611422848,MERV - XMEV - GGAL - 24hs,6730.0,2025-05-09 15:33:37,26,2025-05-09 15:33:37.779,6730.0,3374,6720.0,3782,6710.0,2160,6700.0,20925,6690.0,1601,6740.0,7844,6750.0,747,6760.0,891,6770.0,3291,6780.0,1783,2025-05-09 15:33:37.689,,2147483647,524315,False,nan
4528,642415,1611422946,MERV - XMEV - GGAL - 24hs,6730.0,2025-05-09 15:33:37,26,2025-05-09 15:33:38.313,6730.0,3374,6720.0,3782,6710.0,2160,6700.0,20925,6690.0,1601,6740.0,7844,6750.0,747,6760.0,891,6770.0,3291,6780.0,1783,2025-05-09 15:33:38.190,,2147483647,524341,False,nan
4529,642824,1611423466,MERV - XMEV - GGAL - 24hs,6730.0,2025-05-09 15:33:37,26,2025-05-09 15:33:41.523,6730.0,3374,6720.0,3782,6710.0,2160,6700.0,20925,6690.0,1948,6740.0,7844,6750.0,747,6760.0,891,6770.0,3291,6780.0,1783,2025-05-09 15:33:41.418,,2147483647,524341,False,nan
4530,643066,1611423801,MERV - XMEV - GGAL - 24hs,6740.0,2025-05-09 15:33:43,150,2025-05-09 15:33:43.163,6730.0,3374,6720.0,3782,6710.0,2160,6700.0,20925,6690.0,1948,6740.0,7844,6750.0,747,6760.0,891,6770.0,3291,6780.0,1783,2025-05-09 15:33:43.081,,2147483647,524341,True,offer
4531,643172,1611423934,MERV - XMEV - GGAL - 24hs,6740.0,2025-05-09 15:33:43,150,2025-05-09 15:33:43.833,6730.0,3374,6720.0,3782,6710.0,2160,6700.0,20925,6690.0,1254,6740.0,7694,6750.0,747,6760.0,891,6770.0,3291,6780.0,1783,2025-05-09 15:33:43.748,,2147483647,524341,False,nan
4532,643214,1611423990,MERV - XMEV - GGAL - 24hs,6740.0,2025-05-09 15:33:43,150,2025-05-09 15:33:44.331,6730.0,3374,6720.0,3782,6710.0,2160,6700.0,20925,6690.0,1254,6740.0,7694,6750.0,747,6760.0,891,6770.0,3291,6780.0,1783,2025-05-09 15:33:44.249,,2147483647,524491,False,nan
4533,643553,1611424431,MERV - XMEV - GGAL - 24hs,6740.0,2025-05-09 15:33:43,150,2025-05-09 15:33:47.323,6730.0,3374,6720.0,3782,6710.0,2160,6700.0,20925,6690.0,1601,6740.0,7694,6750.0,747,6760.0,891,6770.0,3291,6780.0,1783,2025-05-09 15:33:47.183,,2147483647,524491,False,nan
4534,643786,1611424765,MERV - XMEV - GGAL - 24hs,6740.0,2025-05-09 15:33:43,150,2025-05-09 15:33:48.536,6730.0,3374,6720.0,3782,6710.0,2160,6700.0,20925,6690.0,1572,6740.0,7694,6750.0,747,6760.0,891,6770.0,3291,6780.0,1783,2025-05-09 15:33:48.438,,2147483647,524491,False,nan
4535,643889,1611424903,MERV - XMEV - GGAL - 24hs,6740.0,2025-05-09 15:33:43,150,2025-05-09 15:33:49.756,6730.0,3374,6720.0,3782,6710.0,2160,6700.0,20925,6690.0,1601,6740.0,7694,6750.0,747,6760.0,891,6770.0,3291,6780.0,1783,2025-05-09 15:33:49.585,,2147483647,524491,False,nan
4536,644186,1611425274,MERV - XMEV - GGAL - 24hs,6740.0,2025-05-09 15:33:43,150,2025-05-09 15:33:51.443,6730.0,3374,6720.0,3781,6710.0,2160,6700.0,20925,6690.0,1595,6740.0,7694,6750.0,747,6760.0,891,6770.0,3290,6780.0,1782,2025-05-09 15:33:51.361,,2147483647,524491,False,nan
4537,644343,1611425481,MERV - XMEV - GGAL - 24hs,6740.0,2025-05-09 15:33:43,150,2025-05-09 15:33:52.595,6730.0,3374,6720.0,3781,6710.0,2160,6700.0,20925,6690.0,210,6740.0,7694,6750.0,747,6760.0,891,6770.0,3290,6780.0,1782,2025-05-09 15:33:52.471,,2147483647,524491,False,nan
4538,644417,1611425580,MERV - XMEV - GGAL - 24hs,6740.0,2025-05-09 15:33:53,519,2025-05-09 15:33:53.147,6730.0,3374,6720.0,3781,6710.0,2160,6700.0,20925,6690.0,210,6740.0,7694,6750.0,747,6760.0,891,6770.0,3290,6780.0,1782,2025-05-09 15:33:53.061,,2147483647,524491,True,offer
4539,644461,1611425662,MERV - XMEV - GGAL - 24hs,6740.0,2025-05-09 15:33:53,14,2025-05-09 15:33:53.644,6730.0,3374,6720.0,3781,6710.0,2160,6700.0,20925,6690.0,210,6740.0,7694,6750.0,747,6760.0,891,6770.0,3290,6780.0,1782,2025-05-09 15:33:53.560,,2147483647,525010,False,nan
4540,644506,1611425753,MERV - XMEV - GGAL - 24hs,6740.0,2025-05-09 15:33:53,14,2025-05-09 15:33:54.149,6730.0,3374,6720.0,3781,6710.0,2160,6700.0,20925,6690.0,210,6740.0,7161,6750.0,747,6760.0,891,6770.0,3290,6780.0,1782,2025-05-09 15:33:54.066,,2147483647,525024,False,nan
4541,646099,1611427844,MERV - XMEV - GGAL - 24hs,6740.0,2025-05-09 15:34:07,3000,2025-05-09 15:34:07.140,6730.0,3374,6720.0,3781,6710.0,2160,6700.0,20925,6690.0,210,6740.0,7161,6750.0,747,6760.0,891,6770.0,3290,6780.0,1782,2025-05-09 15:34:07.057,,2147483647,525024,True,offer
4542,646144,1611427902,MERV - XMEV - GGAL - 24hs,6740.0,2025-05-09 15:34:07,3000,2025-05-09 15:34:07.639,6730.0,3374,6720.0,3781,6710.0,2160,6700.0,20925,6690.0,210,6740.0,7161,6750.0,747,6760.0,891,6770.0,3290,6780.0,1782,2025-05-09 15:34:07.557,,2147483647,528024,False,nan
4543,646188,1611427955,MERV - XMEV - GGAL - 24hs,6740.0,2025-05-09 15:34:07,3000,2025-05-09 15:34:08.146,6730.0,3374,6720.0,781,6710.0,17160,6700.0,5925,6690.0,210,6740.0,8606,6750.0,747,6760.0,891,6770.0,3290,6780.0,1782,2025-05-09 15:34:08.056,,2147483647,534024,False,nan
4544,646230,1611428009,MERV - XMEV - GGAL - 24hs,6740.0,2025-05-09 15:34:08,394,2025-05-09 15:34:08.640,6730.0,3374,6720.0,781,6710.0,17160,6700.0,5925,6690.0,210,6740.0,8606,6750.0,747,6760.0,891,6770.0,3290,6780.0,1782,2025-05-09 15:34:08.557,,2147483647,543024,True,offer
4545,646283,1611428075,MERV - XMEV - GGAL - 24hs,6740.0,2025-05-09 15:34:08,3000,2025-05-09 15:34:09.140,6730.0,3374,6720.0,781,6710.0,17160,6700.0,5925,6690.0,210,6740.0,8606,6750.0,747,6760.0,891,6770.0,3290,6780.0,1782,2025-05-09 15:34:09.057,,2147483647,546024,False,nan
4546,646338,1611428143,MERV - XMEV - GGAL - 24hs,6740.0,2025-05-09 15:34:09,394,2025-05-09 15:34:09.639,6730.0,3374,6720.0,781,6710.0,17160,6700.0,5925,6690.0,210,6740.0,8606,6750.0,747,6760.0,891,6770.0,3290,6780.0,1782,2025-05-09 15:34:09.557,,2147483647,552024,True,offer
4547,646608,1611428484,MERV - XMEV - GGAL - 24hs,6740.0,2025-05-09 15:34:09,394,2025-05-09 15:34:10.976,6730.0,3374,6720.0,781,6710.0,17161,6700.0,5925,6690.0,210,6740.0,8606,6750.0,747,6760.0,891,6770.0,3290,6780.0,1782,2025-05-09 15:34:10.548,,2147483647,552024,False,nan
4548,646931,1611428881,MERV - XMEV - GGAL - 24hs,6740.0,2025-05-09 15:34:09,394,2025-05-09 15:34:12.556,6730.0,3674,6720.0,781,6710.0,17161,6700.0,5925,6690.0,210,6740.0,8606,6750.0,747,6760.0,891,6770.0,3290,6780.0,1782,2025-05-09 15:34:12.474,,2147483647,552024,False,nan
4549,647186,1611429205,MERV - XMEV - GGAL - 24hs,6740.0,2025-05-09 15:34:09,394,2025-05-09 15:34:14.567,6730.0,3674,6720.0,781,6710.0,2161,6700.0,20925,6690.0,210,6740.0,8606,6750.0,747,6760.0,891,6770.0,3290,6780.0,1782,2025-05-09 15:34:14.479,,2147483647,552024,False,nan
4550,647272,1611429311,MERV - XMEV - GGAL - 24hs,6740.0,2025-05-09 15:34:09,394,2025-05-09 15:34:15.364,6730.0,3674,6720.0,781,6710.0,2161,6700.0,20971,6690.0,210,6740.0,8606,6750.0,747,6760.0,891,6770.0,3122,6780.0,1782,2025-05-09 15:34:15.278,,2147483647,552024,False,nan
4551,647361,1611429425,MERV - XMEV - GGAL - 24hs,6740.0,2025-05-09 15:34:16,550,2025-05-09 15:34:16.280,6730.0,3674,6720.0,781,6710.0,2161,6700.0,20971,6690.0,210,6740.0,8606,6750.0,747,6760.0,891,6770.0,3122,6780.0,1782,2025-05-09 15:34:16.197,,2147483647,552024,True,offer
4552,647416,1611429495,MERV - XMEV - GGAL - 24hs,6740.0,2025-05-09 15:34:16,550,2025-05-09 15:34:16.946,6730.0,3674,6720.0,781,6710.0,2161,6700.0,20971,6690.0,210,6740.0,8056,6750.0,747,6760.0,891,6770.0,3122,6780.0,1782,2025-05-09 15:34:16.863,,2147483647,552024,False,nan
4553,647480,1611429580,MERV - XMEV - GGAL - 24hs,6740.0,2025-05-09 15:34:17,40,2025-05-09 15:34:17.454,6730.0,3674,6720.0,781,6710.0,2161,6700.0,20971,6690.0,210,6740.0,8056,6750.0,747,6760.0,891,6770.0,3122,6780.0,1782,2025-05-09 15:34:17.363,,2147483647,552574,True,offer
4554,647585,1611429727,MERV - XMEV - GGAL - 24hs,6740.0,2025-05-09 15:34:17,40,2025-05-09 15:34:18.062,6730.0,3674,6720.0,781,6710.0,2161,6700.0,20971,6690.0,210,6740.0,8016,6750.0,747,6760.0,891,6770.0,3122,6780.0,1782,2025-05-09 15:34:17.910,,2147483647,552574,False,nan
4555,647627,1611429784,MERV - XMEV - GGAL - 24hs,6740.0,2025-05-09 15:34:17,40,2025-05-09 15:34:18.498,6730.0,3674,6720.0,781,6710.0,2161,6700.0,20971,6690.0,210,6740.0,8016,6750.0,747,6760.0,891,6770.0,3122,6780.0,1782,2025-05-09 15:34:18.415,,2147483647,552614,False,nan
4556,648235,1611430563,MERV - XMEV - GGAL - 24hs,6740.0,2025-05-09 15:34:17,40,2025-05-09 15:34:24.114,6730.0,3674,6720.0,781,6710.0,2161,6700.0,20971,6690.0,329,6740.0,8016,6750.0,747,6760.0,891,6770.0,3122,6780.0,1782,2025-05-09 15:34:23.993,,2147483647,552614,False,nan
4557,648459,1611430911,MERV - XMEV - GGAL - 24hs,6740.0,2025-05-09 15:34:17,40,2025-05-09 15:34:25.347,6730.0,3674,6720.0,781,6710.0,2161,6700.0,5971,6690.0,15329,6740.0,8016,6750.0,747,6760.0,891,6770.0,3122,6780.0,1782,2025-05-09 15:34:25.224,,2147483647,552614,False,nan
4558,648608,1611431094,MERV - XMEV - GGAL - 24hs,6740.0,2025-05-09 15:34:26,45,2025-05-09 15:34:26.432,6730.0,3674,6720.0,781,6710.0,2161,6700.0,5971,6690.0,15329,6740.0,8016,6750.0,747,6760.0,891,6770.0,3122,6780.0,1782,2025-05-09 15:34:26.346,,2147483647,552614,True,offer
4559,648679,1611431191,MERV - XMEV - GGAL - 24hs,6740.0,2025-05-09 15:34:26,1000,2025-05-09 15:34:27.015,6730.0,3674,6720.0,781,6710.0,2161,6700.0,5971,6690.0,15329,6740.0,8016,6750.0,747,6760.0,891,6770.0,3122,6780.0,1782,2025-05-09 15:34:26.932,,2147483647,552659,False,nan
4560,648736,1611431271,MERV - XMEV - GGAL - 24hs,6740.0,2025-05-09 15:34:26,1000,2025-05-09 15:34:27.511,6730.0,3674,6720.0,781,6710.0,2161,6700.0,5971,6690.0,15329,6740.0,6971,6750.0,747,6760.0,891,6770.0,3122,6780.0,1782,2025-05-09 15:34:27.428,,2147483647,553659,False,nan
4561,648805,1611431369,MERV - XMEV - GGAL - 24hs,6740.0,2025-05-09 15:34:26,1000,2025-05-09 15:34:28.173,6730.0,3674,6720.0,781,6710.0,2171,6700.0,5971,6690.0,15329,6740.0,6971,6750.0,747,6760.0,891,6770.0,3122,6780.0,1782,2025-05-09 15:34:28.090,,2147483647,553659,False,nan
4562,648934,1611431538,MERV - XMEV - GGAL - 24hs,6740.0,2025-05-09 15:34:26,1000,2025-05-09 15:34:29.147,6730.0,3674,6720.0,781,6710.0,2171,6700.0,5971,6690.0,15309,6740.0,6971,6750.0,747,6760.0,891,6770.0,3122,6780.0,1782,2025-05-09 15:34:29.047,,2147483647,553659,False,nan
4563,649050,1611431672,MERV - XMEV - GGAL - 24hs,6740.0,2025-05-09 15:34:29,1478,2025-05-09 15:34:29.655,6730.0,3674,6720.0,781,6710.0,2171,6700.0,5971,6690.0,15309,6740.0,6971,6750.0,747,6760.0,891,6770.0,3122,6780.0,1782,2025-05-09 15:34:29.548,,2147483647,553659,True,offer
4564,649099,1611431741,MERV - XMEV - GGAL - 24hs,6740.0,2025-05-09 15:34:29,1478,2025-05-09 15:34:30.134,6730.0,3674,6720.0,781,6710.0,2171,6700.0,5971,6690.0,15309,6740.0,5493,6750.0,747,6760.0,891,6770.0,3122,6780.0,1782,2025-05-09 15:34:30.048,,2147483647,555137,False,nan
4565,649570,1611432382,MERV - XMEV - GGAL - 24hs,6740.0,2025-05-09 15:34:29,1478,2025-05-09 15:34:33.632,6730.0,3674,6720.0,781,6710.0,2171,6700.0,5971,6690.0,16722,6740.0,5493,6750.0,747,6760.0,891,6770.0,3122,6780.0,1782,2025-05-09 15:34:33.549,,2147483647,555137,False,nan
4566,649612,1611432439,MERV - XMEV - GGAL - 24hs,6740.0,2025-05-09 15:34:33,1264,2025-05-09 15:34:34.135,6730.0,3674,6720.0,781,6710.0,2171,6700.0,5971,6690.0,16722,6740.0,5493,6750.0,747,6760.0,891,6770.0,3122,6780.0,1782,2025-05-09 15:34:34.050,,2147483647,555137,True,offer
4567,649709,1611432565,MERV - XMEV - GGAL - 24hs,6730.0,2025-05-09 15:34:34,1,2025-05-09 15:34:35.166,6730.0,3673,6720.0,781,6710.0,2171,6700.0,5971,6690.0,16376,6740.0,4229,6750.0,747,6760.0,891,6770.0,3122,6780.0,1782,2025-05-09 15:34:34.892,,2147483647,556402,True,bid
4568,649816,1611432698,MERV - XMEV - GGAL - 24hs,6730.0,2025-05-09 15:34:34,1,2025-05-09 15:34:35.651,6730.0,3673,6720.0,781,6710.0,2171,6700.0,5971,6690.0,17069,6740.0,4229,6750.0,747,6760.0,891,6770.0,3122,6780.0,1782,2025-05-09 15:34:35.557,,2147483647,556402,False,nan
4569,650113,1611433075,MERV - XMEV - GGAL - 24hs,6730.0,2025-05-09 15:34:34,1,2025-05-09 15:34:37.326,6730.0,3673,6720.0,781,6710.0,2171,6700.0,5971,6690.0,16370,6740.0,4229,6750.0,747,6760.0,891,6770.0,3122,6780.0,1782,2025-05-09 15:34:37.243,,2147483647,556402,False,nan
4570,650260,1611433246,MERV - XMEV - GGAL - 24hs,6730.0,2025-05-09 15:34:34,1,2025-05-09 15:34:38.206,6730.0,3504,6720.0,781,6710.0,1271,6700.0,5971,6690.0,16370,6740.0,4229,6750.0,747,6760.0,891,6770.0,3122,6780.0,1782,2025-05-09 15:34:38.123,,2147483647,556402,False,nan
4571,650326,1611433323,MERV - XMEV - GGAL - 24hs,6740.0,2025-05-09 15:34:38,200,2025-05-09 15:34:38.709,6730.0,3504,6720.0,781,6710.0,1271,6700.0,5971,6690.0,16370,6740.0,4229,6750.0,747,6760.0,891,6770.0,3122,6780.0,1782,2025-05-09 15:34:38.623,,2147483647,556402,True,offer
4572,650377,1611433385,MERV - XMEV - GGAL - 24hs,6740.0,2025-05-09 15:34:38,200,2025-05-09 15:34:39.206,6730.0,3504,6720.0,781,6710.0,1271,6700.0,5971,6690.0,16370,6740.0,4029,6750.0,747,6760.0,891,6770.0,3122,6780.0,1782,2025-05-09 15:34:39.123,,2147483647,556602,False,nan
4573,650703,1611433802,MERV - XMEV - GGAL - 24hs,6740.0,2025-05-09 15:34:38,200,2025-05-09 15:34:41.780,6730.0,3504,6720.0,781,6710.0,1271,6700.0,5971,6690.0,16022,6740.0,4029,6750.0,747,6760.0,891,6770.0,3122,6780.0,1782,2025-05-09 15:34:41.632,,2147483647,556602,False,nan
4574,650807,1611433946,MERV - XMEV - GGAL - 24hs,6740.0,2025-05-09 15:34:38,200,2025-05-09 15:34:42.991,6730.0,3504,6720.0,781,6710.0,1271,6700.0,20971,6690.0,1022,6740.0,4029,6750.0,747,6760.0,891,6770.0,3122,6780.0,1782,2025-05-09 15:34:42.898,,2147483647,556602,False,nan
4575,651162,1611434449,MERV - XMEV - GGAL - 24hs,6740.0,2025-05-09 15:34:46,1900,2025-05-09 15:34:46.936,6730.0,3504,6720.0,781,6710.0,1271,6700.0,20971,6690.0,1022,6740.0,4029,6750.0,747,6760.0,891,6770.0,3122,6780.0,1782,2025-05-09 15:34:46.851,,2147483647,556602,True,offer
4576,651217,1611434517,MERV - XMEV - GGAL - 24hs,6740.0,2025-05-09 15:34:46,1900,2025-05-09 15:34:47.434,6730.0,3504,6720.0,781,6710.0,1271,6700.0,20971,6690.0,1022,6740.0,2129,6750.0,747,6760.0,891,6770.0,3122,6780.0,1782,2025-05-09 15:34:47.351,,2147483647,556602,False,nan
4577,651262,1611434572,MERV - XMEV - GGAL - 24hs,6740.0,2025-05-09 15:34:46,1900,2025-05-09 15:34:47.944,6730.0,3504,6720.0,781,6710.0,1271,6700.0,20971,6690.0,1022,6740.0,2129,6750.0,747,6760.0,891,6770.0,3122,6780.0,1782,2025-05-09 15:34:47.853,,2147483647,558502,False,nan
4578,651337,1611434671,MERV - XMEV - GGAL - 24hs,6740.0,2025-05-09 15:34:46,1900,2025-05-09 15:34:48.436,6730.0,3504,6720.0,781,6710.0,1271,6700.0,20971,6690.0,1022,6740.0,2129,6750.0,747,6760.0,891,6770.0,3122,6780.0,1783,2025-05-09 15:34:48.353,,2147483647,558502,False,nan
4579,651490,1611434886,MERV - XMEV - GGAL - 24hs,6730.0,2025-05-09 15:34:50,3,2025-05-09 15:34:50.224,6730.0,3504,6720.0,781,6710.0,1271,6700.0,20971,6690.0,1022,6740.0,2129,6750.0,747,6760.0,891,6770.0,3122,6780.0,1783,2025-05-09 15:34:50.141,,2147483647,558502,True,bid
4580,651520,1611434929,MERV - XMEV - GGAL - 24hs,6730.0,2025-05-09 15:34:50,3,2025-05-09 15:34:50.729,6730.0,3501,6720.0,781,6710.0,1271,6700.0,20971,6690.0,1022,6740.0,2129,6750.0,747,6760.0,891,6770.0,3122,6780.0,1783,2025-05-09 15:34:50.641,,2147483647,558502,False,nan
4581,651572,1611434999,MERV - XMEV - GGAL - 24hs,6730.0,2025-05-09 15:34:50,3,2025-05-09 15:34:51.231,6730.0,3501,6720.0,781,6710.0,1271,6700.0,20971,6690.0,1022,6740.0,2129,6750.0,747,6760.0,891,6770.0,3122,6780.0,1783,2025-05-09 15:34:51.141,,2147483647,558505,False,nan
4582,652255,1611435998,MERV - XMEV - GGAL - 24hs,6730.0,2025-05-09 15:34:50,3,2025-05-09 15:34:58.117,6730.0,3501,6720.0,781,6710.0,1272,6700.0,20971,6690.0,1022,6740.0,2129,6750.0,747,6760.0,891,6770.0,3122,6780.0,1783,2025-05-09 15:34:58.020,,2147483647,558505,False,nan
4583,652448,1611436252,MERV - XMEV - GGAL - 24hs,6730.0,2025-05-09 15:34:50,3,2025-05-09 15:34:59.956,6730.0,3501,6720.0,783,6710.0,1272,6700.0,21316,6690.0,238,6740.0,2129,6750.0,747,6760.0,891,6770.0,3122,6780.0,1783,2025-05-09 15:34:59.870,,2147483647,558505,False,nan
4584,652536,1611436374,MERV - XMEV - GGAL - 24hs,6730.0,2025-05-09 15:34:50,3,2025-05-09 15:35:00.818,6730.0,3501,6720.0,783,6710.0,1272,6700.0,21722,6690.0,238,6740.0,2129,6750.0,747,6760.0,891,6770.0,3122,6780.0,1783,2025-05-09 15:35:00.724,,2147483647,558505,False,nan
4585,652749,1611436669,MERV - XMEV - GGAL - 24hs,6730.0,2025-05-09 15:34:50,3,2025-05-09 15:35:02.549,6730.0,3501,6720.0,783,6710.0,1122,6700.0,21722,6690.0,238,6740.0,2129,6750.0,747,6760.0,891,6770.0,3122,6780.0,1783,2025-05-09 15:35:02.466,,2147483647,558505,False,nan
4586,652992,1611436987,MERV - XMEV - GGAL - 24hs,6730.0,2025-05-09 15:34:50,3,2025-05-09 15:35:04.631,6730.0,3501,6720.0,783,6710.0,1122,6700.0,24407,6690.0,238,6740.0,2129,6750.0,747,6760.0,891,6770.0,3122,6780.0,1783,2025-05-09 15:35:04.497,,2147483647,558505,False,nan
4587,653093,1611437111,MERV - XMEV - GGAL - 24hs,6730.0,2025-05-09 15:34:50,3,2025-05-09 15:35:05.456,6730.0,3501,6720.0,783,6710.0,1122,6700.0,24754,6690.0,238,6740.0,2129,6750.0,747,6760.0,891,6770.0,3122,6780.0,1783,2025-05-09 15:35:05.349,,2147483647,558505,False,nan
4588,653759,1611437949,MERV - XMEV - GGAL - 24hs,6740.0,2025-05-09 15:35:11,14,2025-05-09 15:35:11.908,6730.0,3501,6720.0,783,6710.0,1122,6700.0,24754,6690.0,238,6740.0,2129,6750.0,747,6760.0,891,6770.0,3122,6780.0,1783,2025-05-09 15:35:11.823,,2147483647,558505,True,offer
4589,653828,1611438073,MERV - XMEV - GGAL - 24hs,6740.0,2025-05-09 15:35:11,14,2025-05-09 15:35:12.619,6730.0,3501,6720.0,783,6710.0,16122,6700.0,10101,6690.0,238,6740.0,2115,6750.0,747,6760.0,891,6770.0,3122,6780.0,1783,2025-05-09 15:35:12.481,,2147483647,558505,False,nan
4590,653878,1611438138,MERV - XMEV - GGAL - 24hs,6740.0,2025-05-09 15:35:11,14,2025-05-09 15:35:13.069,6730.0,3501,6720.0,783,6710.0,16122,6700.0,10101,6690.0,238,6740.0,2115,6750.0,747,6760.0,891,6770.0,3122,6780.0,1783,2025-05-09 15:35:12.982,,2147483647,558519,False,nan
4591,654016,1611438336,MERV - XMEV - GGAL - 24hs,6740.0,2025-05-09 15:35:11,14,2025-05-09 15:35:14.518,6730.0,3501,6720.0,783,6710.0,16465,6700.0,5971,6690.0,238,6740.0,2115,6750.0,747,6760.0,891,6770.0,3122,6780.0,1783,2025-05-09 15:35:14.350,,2147483647,558519,False,nan
4592,654252,1611438660,MERV - XMEV - GGAL - 24hs,6740.0,2025-05-09 15:35:11,14,2025-05-09 15:35:15.519,6730.0,3501,6720.0,3787,6710.0,16122,6700.0,5971,6690.0,238,6740.0,2115,6750.0,747,6760.0,891,6770.0,3122,6780.0,1783,2025-05-09 15:35:15.221,,2147483647,558519,False,nan
4593,654484,1611439042,MERV - XMEV - GGAL - 24hs,6740.0,2025-05-09 15:35:11,14,2025-05-09 15:35:16.718,6730.0,3501,6720.0,1843,6710.0,16122,6700.0,5971,6690.0,238,6740.0,2115,6750.0,747,6760.0,891,6770.0,3122,6780.0,1783,2025-05-09 15:35:16.466,,2147483647,558519,False,nan
4594,654571,1611439168,MERV - XMEV - GGAL - 24hs,6740.0,2025-05-09 15:35:11,14,2025-05-09 15:35:17.243,6730.0,3501,6720.0,16843,6710.0,1122,6700.0,5971,6690.0,238,6740.0,2115,6750.0,747,6760.0,891,6770.0,3122,6780.0,1783,2025-05-09 15:35:17.148,,2147483647,558519,False,nan
4595,654609,1611439223,MERV - XMEV - GGAL - 24hs,6740.0,2025-05-09 15:35:17,21,2025-05-09 15:35:17.731,6730.0,3501,6720.0,16843,6710.0,1122,6700.0,5971,6690.0,238,6740.0,2115,6750.0,747,6760.0,891,6770.0,3122,6780.0,1783,2025-05-09 15:35:17.648,,2147483647,558519,True,offer
4596,654654,1611439290,MERV - XMEV - GGAL - 24hs,6740.0,2025-05-09 15:35:17,21,2025-05-09 15:35:18.236,6730.0,3501,6720.0,16496,6710.0,1122,6700.0,5971,6690.0,238,6740.0,2094,6750.0,747,6760.0,891,6770.0,3122,6780.0,1783,2025-05-09 15:35:18.152,,2147483647,558519,False,nan
4597,654700,1611439349,MERV - XMEV - GGAL - 24hs,6740.0,2025-05-09 15:35:17,21,2025-05-09 15:35:18.739,6730.0,3501,6720.0,16496,6710.0,1122,6700.0,5971,6690.0,238,6740.0,2094,6750.0,747,6760.0,891,6770.0,3122,6780.0,1783,2025-05-09 15:35:18.648,,2147483647,558540,False,nan
4598,654777,1611439443,MERV - XMEV - GGAL - 24hs,6740.0,2025-05-09 15:35:19,500,2025-05-09 15:35:19.312,6730.0,3501,6720.0,16496,6710.0,1122,6700.0,5971,6690.0,238,6740.0,2094,6750.0,747,6760.0,891,6770.0,3122,6780.0,1783,2025-05-09 15:35:19.225,,2147483647,558540,True,offer
4599,654853,1611439539,MERV - XMEV - GGAL - 24hs,6740.0,2025-05-09 15:35:19,500,2025-05-09 15:35:19.971,6730.0,3501,6720.0,16496,6710.0,1122,6700.0,5971,6690.0,238,6740.0,1594,6750.0,747,6760.0,891,6770.0,3122,6780.0,1783,2025-05-09 15:35:19.888,,2147483647,558540,False,nan
4600,654921,1611439661,MERV - XMEV - GGAL - 24hs,6740.0,2025-05-09 15:35:19,500,2025-05-09 15:35:20.515,6730.0,3501,6720.0,16496,6710.0,1122,6700.0,5971,6690.0,238,6740.0,1594,6750.0,747,6760.0,891,6770.0,3122,6780.0,1783,2025-05-09 15:35:20.388,,2147483647,559040,False,nan
4601,655144,1611439984,MERV - XMEV - GGAL - 24hs,6740.0,2025-05-09 15:35:19,500,2025-05-09 15:35:22.474,6730.0,3501,6720.0,15802,6710.0,1122,6700.0,5971,6690.0,238,6740.0,1594,6750.0,747,6760.0,891,6770.0,3122,6780.0,1783,2025-05-09 15:35:22.384,,2147483647,559040,False,nan
4602,655370,1611440276,MERV - XMEV - GGAL - 24hs,6740.0,2025-05-09 15:35:19,500,2025-05-09 15:35:23.972,6730.0,3501,6720.0,18776,6710.0,1122,6700.0,5971,6690.0,238,6740.0,1594,6750.0,747,6760.0,891,6770.0,3122,6780.0,1783,2025-05-09 15:35:23.886,,2147483647,559040,False,nan
4603,655447,1611440384,MERV - XMEV - GGAL - 24hs,6740.0,2025-05-09 15:35:19,500,2025-05-09 15:35:24.740,6730.0,8238,6720.0,15783,6710.0,1122,6700.0,5971,6690.0,238,6740.0,1594,6750.0,747,6760.0,891,6770.0,3122,6780.0,1783,2025-05-09 15:35:24.637,,2147483647,559040,False,nan
4604,655613,1611440624,MERV - XMEV - GGAL - 24hs,6740.0,2025-05-09 15:35:26,1594,2025-05-09 15:35:26.828,6730.0,8238,6720.0,15783,6710.0,1122,6700.0,5971,6690.0,238,6740.0,1594,6750.0,747,6760.0,891,6770.0,3122,6780.0,1783,2025-05-09 15:35:26.738,,2147483647,559040,True,offer
4605,655681,1611440714,MERV - XMEV - GGAL - 24hs,6740.0,2025-05-09 15:35:26,1594,2025-05-09 15:35:27.342,6730.0,3520,6720.0,15783,6710.0,1122,6700.0,5971,6690.0,238,6740.0,8606,6750.0,747,6760.0,891,6770.0,3122,6780.0,1783,2025-05-09 15:35:27.237,,2147483647,559040,False,nan
4606,655735,1611440797,MERV - XMEV - GGAL - 24hs,6740.0,2025-05-09 15:35:27,1000,2025-05-09 15:35:27.836,6730.0,3520,6720.0,15783,6710.0,1122,6700.0,5971,6690.0,238,6740.0,8606,6750.0,747,6760.0,891,6770.0,3122,6780.0,1783,2025-05-09 15:35:27.739,,2147483647,561634,True,offer
4607,655775,1611440847,MERV - XMEV - GGAL - 24hs,6740.0,2025-05-09 15:35:27,1000,2025-05-09 15:35:28.321,6730.0,3520,6720.0,15783,6710.0,1122,6700.0,5971,6690.0,238,6740.0,7606,6750.0,747,6760.0,891,6770.0,3122,6780.0,1783,2025-05-09 15:35:28.238,,2147483647,561634,False,nan
4608,656152,1611441342,MERV - XMEV - GGAL - 24hs,6740.0,2025-05-09 15:35:31,3,2025-05-09 15:35:31.756,6730.0,3520,6720.0,15783,6710.0,1122,6700.0,5971,6690.0,238,6740.0,7606,6750.0,747,6760.0,891,6770.0,3122,6780.0,1783,2025-05-09 15:35:31.673,,2147483647,561634,True,offer
4609,656202,1611441410,MERV - XMEV - GGAL - 24hs,6740.0,2025-05-09 15:35:31,3,2025-05-09 15:35:32.264,6730.0,3770,6720.0,15783,6710.0,872,6700.0,5971,6690.0,238,6740.0,7603,6750.0,747,6760.0,891,6770.0,3122,6780.0,1783,2025-05-09 15:35:32.173,,2147483647,561634,False,nan
4610,656278,1611441507,MERV - XMEV - GGAL - 24hs,6740.0,2025-05-09 15:35:31,3,2025-05-09 15:35:32.763,6730.0,3770,6720.0,15783,6710.0,872,6700.0,5971,6690.0,238,6740.0,7603,6750.0,747,6760.0,891,6770.0,3122,6780.0,1783,2025-05-09 15:35:32.673,,2147483647,561637,False,nan
4611,656516,1611441855,MERV - XMEV - GGAL - 24hs,6740.0,2025-05-09 15:35:31,3,2025-05-09 15:35:34.857,6730.0,3775,6720.0,15783,6710.0,872,6700.0,5971,6690.0,238,6740.0,7603,6750.0,747,6760.0,891,6770.0,3122,6780.0,1783,2025-05-09 15:35:34.769,,2147483647,561637,False,nan
4612,657087,1611442717,MERV - XMEV - GGAL - 24hs,6740.0,2025-05-09 15:35:39,5000,2025-05-09 15:35:39.556,6730.0,3775,6720.0,15783,6710.0,872,6700.0,5971,6690.0,238,6740.0,7603,6750.0,747,6760.0,891,6770.0,3122,6780.0,1783,2025-05-09 15:35:39.462,,2147483647,561637,True,offer
4613,657147,1611442793,MERV - XMEV - GGAL - 24hs,6740.0,2025-05-09 15:35:39,5000,2025-05-09 15:35:40.214,6730.0,3775,6720.0,15783,6710.0,872,6700.0,5971,6690.0,238,6740.0,2603,6750.0,747,6760.0,891,6770.0,3122,6780.0,1783,2025-05-09 15:35:40.132,,2147483647,561637,False,nan
4614,657211,1611442877,MERV - XMEV - GGAL - 24hs,6740.0,2025-05-09 15:35:39,5000,2025-05-09 15:35:40.715,6730.0,3775,6720.0,15783,6710.0,872,6700.0,5971,6690.0,238,6740.0,2603,6750.0,747,6760.0,891,6770.0,3122,6780.0,1783,2025-05-09 15:35:40.632,,2147483647,566637,False,nan
4615,657610,1611443409,MERV - XMEV - GGAL - 24hs,6730.0,2025-05-09 15:35:43,20,2025-05-09 15:35:43.947,6730.0,3775,6720.0,15783,6710.0,872,6700.0,5971,6690.0,238,6740.0,2603,6750.0,747,6760.0,891,6770.0,3122,6780.0,1783,2025-05-09 15:35:43.864,,2147483647,566637,True,bid
4616,657668,1611443478,MERV - XMEV - GGAL - 24hs,6730.0,2025-05-09 15:35:43,20,2025-05-09 15:35:44.524,6730.0,3755,6720.0,15783,6710.0,872,6700.0,5971,6690.0,238,6740.0,2603,6750.0,747,6760.0,891,6770.0,3122,6780.0,1783,2025-05-09 15:35:44.441,,2147483647,566637,False,nan
4617,657720,1611443534,MERV - XMEV - GGAL - 24hs,6740.0,2025-05-09 15:35:44,500,2025-05-09 15:35:45.025,6730.0,3755,6720.0,15783,6710.0,872,6700.0,5971,6690.0,238,6740.0,2603,6750.0,747,6760.0,891,6770.0,3122,6780.0,1783,2025-05-09 15:35:44.942,,2147483647,567157,True,offer
4618,657774,1611443601,MERV - XMEV - GGAL - 24hs,6740.0,2025-05-09 15:35:44,500,2025-05-09 15:35:45.535,6730.0,3755,6720.0,15783,6710.0,872,6700.0,5971,6690.0,238,6740.0,2103,6750.0,747,6760.0,891,6770.0,3122,6780.0,1783,2025-05-09 15:35:45.442,,2147483647,567157,False,nan
4619,658096,1611444034,MERV - XMEV - GGAL - 24hs,6740.0,2025-05-09 15:35:47,14,2025-05-09 15:35:47.915,6730.0,3755,6720.0,15783,6710.0,872,6700.0,5971,6690.0,238,6740.0,2103,6750.0,747,6760.0,891,6770.0,3122,6780.0,1783,2025-05-09 15:35:47.743,,2147483647,567157,True,offer
4620,658171,1611444131,MERV - XMEV - GGAL - 24hs,6740.0,2025-05-09 15:35:47,14,2025-05-09 15:35:48.610,6730.0,3755,6720.0,15783,6710.0,873,6700.0,5971,6690.0,238,6740.0,2089,6750.0,747,6760.0,891,6770.0,3122,6780.0,1783,2025-05-09 15:35:48.461,,2147483647,567157,False,nan
4621,658226,1611444194,MERV - XMEV - GGAL - 24hs,6740.0,2025-05-09 15:35:47,14,2025-05-09 15:35:49.045,6730.0,3755,6720.0,15783,6710.0,873,6700.0,5971,6690.0,238,6740.0,2089,6750.0,747,6760.0,891,6770.0,3122,6780.0,1783,2025-05-09 15:35:48.962,,2147483647,567171,False,nan
4622,658268,1611444246,MERV - XMEV - GGAL - 24hs,6740.0,2025-05-09 15:35:49,900,2025-05-09 15:35:49.555,6730.0,3755,6720.0,15783,6710.0,873,6700.0,5971,6690.0,238,6740.0,2089,6750.0,747,6760.0,891,6770.0,3122,6780.0,1783,2025-05-09 15:35:49.462,,2147483647,567171,True,offer
4623,658334,1611444340,MERV - XMEV - GGAL - 24hs,6740.0,2025-05-09 15:35:49,900,2025-05-09 15:35:50.047,6730.0,3755,6720.0,15783,6710.0,873,6700.0,5971,6690.0,238,6740.0,1189,6750.0,747,6760.0,1391,6770.0,3122,6780.0,1783,2025-05-09 15:35:49.961,,2147483647,567171,False,nan
4624,658367,1611444382,MERV - XMEV - GGAL - 24hs,6740.0,2025-05-09 15:35:49,900,2025-05-09 15:35:50.546,6730.0,3755,6720.0,15783,6710.0,873,6700.0,5971,6690.0,238,6740.0,1189,6750.0,747,6760.0,1391,6770.0,3122,6780.0,1783,2025-05-09 15:35:50.462,,2147483647,568071,False,nan
4625,658427,1611444452,MERV - XMEV - GGAL - 24hs,6740.0,2025-05-09 15:35:49,900,2025-05-09 15:35:51.251,6730.0,3755,6720.0,15783,6710.0,3873,6700.0,5971,6690.0,238,6740.0,1189,6750.0,747,6760.0,1391,6770.0,3122,6780.0,1783,2025-05-09 15:35:51.159,,2147483647,568071,False,nan
4626,658520,1611444572,MERV - XMEV - GGAL - 24hs,6740.0,2025-05-09 15:35:52,250,2025-05-09 15:35:52.285,6730.0,3755,6720.0,15783,6710.0,3873,6700.0,5971,6690.0,238,6740.0,1189,6750.0,747,6760.0,1391,6770.0,3122,6780.0,1783,2025-05-09 15:35:52.201,,2147483647,568071,True,offer
4627,658614,1611444723,MERV - XMEV - GGAL - 24hs,6740.0,2025-05-09 15:35:52,1,2025-05-09 15:35:53.032,6730.0,3755,6720.0,15783,6710.0,3873,6700.0,5971,6690.0,238,6740.0,1189,6750.0,747,6760.0,1391,6770.0,3122,6780.0,1783,2025-05-09 15:35:52.938,,2147483647,568321,False,nan
4628,658726,1611444896,MERV - XMEV - GGAL - 24hs,6740.0,2025-05-09 15:35:53,500,2025-05-09 15:35:53.585,6730.0,3755,6720.0,15783,6710.0,3873,6700.0,5971,6690.0,238,6740.0,938,6750.0,747,6760.0,1391,6770.0,3122,6780.0,1783,2025-05-09 15:35:53.433,,2147483647,570989,True,offer
4629,658784,1611444986,MERV - XMEV - GGAL - 24hs,6740.0,2025-05-09 15:35:53,500,2025-05-09 15:35:54.016,6730.0,3755,6720.0,15783,6710.0,3873,6700.0,5971,6690.0,238,6740.0,8106,6750.0,747,6760.0,1391,6770.0,3122,6780.0,1783,2025-05-09 15:35:53.933,,2147483647,571489,False,nan
4630,658854,1611445064,MERV - XMEV - GGAL - 24hs,6740.0,2025-05-09 15:35:54,1,2025-05-09 15:35:54.519,6730.0,3751,6720.0,15783,6710.0,3873,6700.0,5971,6690.0,238,6740.0,8105,6750.0,747,6760.0,1391,6770.0,3122,6780.0,1783,2025-05-09 15:35:54.433,,2147483647,571489,True,offer
4631,658912,1611445139,MERV - XMEV - GGAL - 24hs,6740.0,2025-05-09 15:35:54,1,2025-05-09 15:35:55.017,6730.0,3751,6720.0,15783,6710.0,3873,6700.0,5971,6690.0,238,6740.0,8105,6750.0,747,6760.0,1391,6770.0,3122,6780.0,1783,2025-05-09 15:35:54.934,,2147483647,571490,False,nan
4632,659089,1611445354,MERV - XMEV - GGAL - 24hs,6740.0,2025-05-09 15:35:54,1,2025-05-09 15:35:57.442,6730.0,3751,6720.0,15783,6710.0,3873,6700.0,5971,6690.0,238,6740.0,8105,6750.0,99,6760.0,2039,6770.0,3122,6780.0,1783,2025-05-09 15:35:57.313,,2147483647,571490,False,nan
4633,659214,1611445511,MERV - XMEV - GGAL - 24hs,6740.0,2025-05-09 15:35:58,1316,2025-05-09 15:35:58.452,6730.0,3751,6720.0,15783,6710.0,3873,6700.0,5971,6690.0,238,6740.0,8105,6750.0,99,6760.0,2039,6770.0,3122,6780.0,1783,2025-05-09 15:35:58.366,,2147483647,571490,True,offer
4634,659281,1611445602,MERV - XMEV - GGAL - 24hs,6740.0,2025-05-09 15:35:58,1316,2025-05-09 15:35:59.219,6730.0,3751,6720.0,15783,6710.0,3523,6700.0,5971,6690.0,238,6740.0,6789,6750.0,99,6760.0,1539,6770.0,3122,6780.0,1783,2025-05-09 15:35:59.133,,2147483647,571490,False,nan
4635,659319,1611445654,MERV - XMEV - GGAL - 24hs,6740.0,2025-05-09 15:35:58,1316,2025-05-09 15:35:59.718,6730.0,3751,6720.0,15783,6710.0,3523,6700.0,5971,6690.0,238,6740.0,6789,6750.0,99,6760.0,1539,6770.0,3122,6780.0,1783,2025-05-09 15:35:59.634,,2147483647,572806,False,nan
4636,659452,1611445829,MERV - XMEV - GGAL - 24hs,6740.0,2025-05-09 15:35:58,1316,2025-05-09 15:36:01.238,6730.0,3751,6720.0,15783,6710.0,3523,6700.0,5971,6690.0,238,6740.0,6789,6750.0,99,6760.0,2539,6770.0,3122,6780.0,1783,2025-05-09 15:36:01.156,,2147483647,572806,False,nan
4637,659670,1611446116,MERV - XMEV - GGAL - 24hs,6740.0,2025-05-09 15:35:58,1316,2025-05-09 15:36:02.499,6730.0,3751,6720.0,15783,6710.0,3523,6700.0,5971,6690.0,238,6740.0,6789,6750.0,99,6760.0,2789,6770.0,3122,6780.0,1783,2025-05-09 15:36:02.397,,2147483647,572806,False,nan
4638,660838,1611447678,MERV - XMEV - GGAL - 24hs,6740.0,2025-05-09 15:35:58,1316,2025-05-09 15:36:12.803,6730.0,3758,6720.0,15783,6710.0,3523,6700.0,5971,6690.0,238,6740.0,6789,6750.0,99,6760.0,2789,6770.0,3122,6780.0,1783,2025-05-09 15:36:12.557,,2147483647,572806,False,nan
4639,662013,1611449230,MERV - XMEV - GGAL - 24hs,6730.0,2025-05-09 15:36:21,17,2025-05-09 15:36:21.313,6730.0,3758,6720.0,15783,6710.0,3523,6700.0,5971,6690.0,238,6740.0,6789,6750.0,99,6760.0,2789,6770.0,3122,6780.0,1783,2025-05-09 15:36:21.227,,2147483647,572806,True,bid
4640,662065,1611449309,MERV - XMEV - GGAL - 24hs,6730.0,2025-05-09 15:36:21,17,2025-05-09 15:36:21.978,6730.0,3741,6720.0,15783,6710.0,3523,6700.0,5971,6690.0,238,6740.0,6789,6750.0,99,6760.0,2789,6770.0,3122,6780.0,1783,2025-05-09 15:36:21.894,,2147483647,572806,False,nan
4641,662165,1611449443,MERV - XMEV - GGAL - 24hs,6730.0,2025-05-09 15:36:21,17,2025-05-09 15:36:22.514,6730.0,3741,6720.0,15783,6710.0,3523,6700.0,5971,6690.0,238,6740.0,6789,6750.0,99,6760.0,2789,6770.0,3122,6780.0,1783,2025-05-09 15:36:22.394,,2147483647,572823,False,nan
4642,663304,1611450945,MERV - XMEV - GGAL - 24hs,6730.0,2025-05-09 15:36:21,17,2025-05-09 15:36:30.860,6730.0,3760,6720.0,15783,6710.0,3523,6700.0,5971,6690.0,238,6740.0,6789,6750.0,99,6760.0,2789,6770.0,3122,6780.0,1783,2025-05-09 15:36:30.625,,2147483647,572823,False,nan
4643,663516,1611451229,MERV - XMEV - GGAL - 24hs,6740.0,2025-05-09 15:36:32,88,2025-05-09 15:36:32.759,6730.0,3760,6720.0,15783,6710.0,3523,6700.0,5971,6690.0,238,6740.0,6789,6750.0,99,6760.0,2789,6770.0,3122,6780.0,1783,2025-05-09 15:36:32.676,,2147483647,572823,True,offer
4644,663571,1611451297,MERV - XMEV - GGAL - 24hs,6740.0,2025-05-09 15:36:32,88,2025-05-09 15:36:33.426,6730.0,3760,6720.0,15783,6710.0,3523,6700.0,5971,6690.0,238,6740.0,6701,6750.0,99,6760.0,2789,6770.0,3122,6780.0,1783,2025-05-09 15:36:33.342,,2147483647,572823,False,nan
4645,663611,1611451349,MERV - XMEV - GGAL - 24hs,6740.0,2025-05-09 15:36:32,88,2025-05-09 15:36:33.925,6730.0,3760,6720.0,15783,6710.0,3523,6700.0,5971,6690.0,238,6740.0,6701,6750.0,99,6760.0,2789,6770.0,3122,6780.0,1783,2025-05-09 15:36:33.842,,2147483647,572911,False,nan
4646,663734,1611451507,MERV - XMEV - GGAL - 24hs,6740.0,2025-05-09 15:36:33,88,2025-05-09 15:36:34.532,6730.0,3760,6720.0,18783,6710.0,523,6700.0,5971,6690.0,238,6740.0,8606,6750.0,99,6760.0,2789,6770.0,3122,6780.0,1783,2025-05-09 15:36:34.349,,2147483647,572911,True,offer
4647,663847,1611451656,MERV - XMEV - GGAL - 24hs,6740.0,2025-05-09 15:36:33,88,2025-05-09 15:36:34.988,6730.0,3760,6720.0,18783,6710.0,523,6700.0,5971,6690.0,238,6740.0,8606,6750.0,99,6760.0,2789,6770.0,3122,6780.0,1783,2025-05-09 15:36:34.847,,2147483647,579700,False,nan
4648,663956,1611451797,MERV - XMEV - GGAL - 24hs,6740.0,2025-05-09 15:36:33,88,2025-05-09 15:36:35.448,6730.0,3760,6720.0,15783,6710.0,3523,6700.0,5971,6690.0,238,6740.0,8606,6750.0,99,6760.0,2789,6770.0,3122,6780.0,1783,2025-05-09 15:36:35.345,,2147483647,579700,False,nan
4649,664115,1611452010,MERV - XMEV - GGAL - 24hs,6740.0,2025-05-09 15:36:33,88,2025-05-09 15:36:36.136,6730.0,3810,6720.0,15783,6710.0,3523,6700.0,5971,6690.0,238,6740.0,8606,6750.0,99,6760.0,2789,6770.0,3122,6780.0,1783,2025-05-09 15:36:35.893,,2147483647,579700,False,nan
4650,664451,1611452431,MERV - XMEV - GGAL - 24hs,6740.0,2025-05-09 15:36:37,1,2025-05-09 15:36:37.951,6730.0,3810,6720.0,15783,6710.0,3523,6700.0,5971,6690.0,238,6740.0,8606,6750.0,99,6760.0,2789,6770.0,3122,6780.0,1783,2025-05-09 15:36:37.865,,2147483647,579700,True,offer
4651,664529,1611452542,MERV - XMEV - GGAL - 24hs,6740.0,2025-05-09 15:36:37,1,2025-05-09 15:36:38.635,6730.0,3810,6720.0,15783,6710.0,3523,6700.0,5971,6690.0,238,6740.0,8606,6750.0,99,6760.0,2789,6770.0,3122,6780.0,1783,2025-05-09 15:36:38.546,,2147483647,579701,False,nan
4652,664570,1611452600,MERV - XMEV - GGAL - 24hs,6740.0,2025-05-09 15:36:37,1,2025-05-09 15:36:39.128,6730.0,3810,6720.0,15783,6710.0,3523,6700.0,5971,6690.0,238,6740.0,8605,6750.0,99,6760.0,2789,6770.0,3122,6780.0,1783,2025-05-09 15:36:39.046,,2147483647,579701,False,nan
4653,665008,1611453192,MERV - XMEV - GGAL - 24hs,6740.0,2025-05-09 15:36:42,100,2025-05-09 15:36:42.320,6730.0,3810,6720.0,15783,6710.0,3523,6700.0,5971,6690.0,238,6740.0,8605,6750.0,99,6760.0,2789,6770.0,3122,6780.0,1783,2025-05-09 15:36:42.232,,2147483647,579701,True,offer
4654,665126,1611453351,MERV - XMEV - GGAL - 24hs,6740.0,2025-05-09 15:36:42,100,2025-05-09 15:36:42.981,6730.0,3810,6720.0,15783,6710.0,3523,6700.0,5971,6690.0,238,6740.0,8505,6750.0,99,6760.0,2789,6770.0,3122,6780.0,1783,2025-05-09 15:36:42.898,,2147483647,579701,False,nan
4655,665175,1611453419,MERV - XMEV - GGAL - 24hs,6730.0,2025-05-09 15:36:42,2,2025-05-09 15:36:43.482,6730.0,3810,6720.0,15783,6710.0,3523,6700.0,5971,6690.0,238,6740.0,8505,6750.0,99,6760.0,2789,6770.0,3122,6780.0,1783,2025-05-09 15:36:43.399,,2147483647,579801,False,nan
4656,665238,1611453503,MERV - XMEV - GGAL - 24hs,6730.0,2025-05-09 15:36:42,2,2025-05-09 15:36:43.996,6730.0,3808,6720.0,15783,6710.0,3523,6700.0,5971,6690.0,238,6740.0,8505,6750.0,99,6760.0,2789,6770.0,3122,6780.0,1783,2025-05-09 15:36:43.898,,2147483647,579803,False,nan
4657,665441,1611453771,MERV - XMEV - GGAL - 24hs,6730.0,2025-05-09 15:36:46,1,2025-05-09 15:36:46.767,6730.0,3808,6720.0,15783,6710.0,3523,6700.0,5971,6690.0,238,6740.0,8505,6750.0,99,6760.0,2789,6770.0,3122,6780.0,1783,2025-05-09 15:36:46.669,,2147483647,579803,True,bid
4658,665562,1611453922,MERV - XMEV - GGAL - 24hs,6730.0,2025-05-09 15:36:46,1,2025-05-09 15:36:47.416,6730.0,3807,6720.0,15783,6710.0,3523,6700.0,5971,6690.0,238,6740.0,8505,6750.0,99,6760.0,2789,6770.0,3122,6780.0,1783,2025-05-09 15:36:47.333,,2147483647,579803,False,nan
4659,665621,1611454000,MERV - XMEV - GGAL - 24hs,6730.0,2025-05-09 15:36:46,1,2025-05-09 15:36:47.918,6730.0,3807,6720.0,15783,6710.0,3523,6700.0,5971,6690.0,238,6740.0,8505,6750.0,99,6760.0,2789,6770.0,3122,6780.0,1783,2025-05-09 15:36:47.834,,2147483647,579804,False,nan
4660,665810,1611454238,MERV - XMEV - GGAL - 24hs,6730.0,2025-05-09 15:36:46,1,2025-05-09 15:36:49.722,6730.0,3801,6720.0,15783,6710.0,3523,6700.0,5971,6690.0,238,6740.0,8505,6750.0,99,6760.0,2789,6770.0,3122,6780.0,1783,2025-05-09 15:36:49.639,,2147483647,579804,False,nan
4661,666107,1611454654,MERV - XMEV - GGAL - 24hs,6730.0,2025-05-09 15:36:46,1,2025-05-09 15:36:52.854,6730.0,18901,6720.0,783,6710.0,3523,6700.0,5971,6690.0,238,6740.0,8505,6750.0,99,6760.0,2789,6770.0,3122,6780.0,1783,2025-05-09 15:36:52.771,,2147483647,579804,False,nan
4662,666245,1611454833,MERV - XMEV - GGAL - 24hs,6730.0,2025-05-09 15:36:46,1,2025-05-09 15:36:53.588,6730.0,3901,6720.0,15783,6710.0,3523,6700.0,5971,6690.0,238,6740.0,8505,6750.0,99,6760.0,2789,6770.0,3122,6780.0,1783,2025-05-09 15:36:53.488,,2147483647,579804,False,nan
4663,666791,1611455566,MERV - XMEV - GGAL - 24hs,6740.0,2025-05-09 15:36:58,2,2025-05-09 15:36:58.211,6730.0,3901,6720.0,15783,6710.0,3523,6700.0,5971,6690.0,238,6740.0,8505,6750.0,99,6760.0,2789,6770.0,3122,6780.0,1783,2025-05-09 15:36:58.127,,2147483647,579804,True,offer
4664,666854,1611455639,MERV - XMEV - GGAL - 24hs,6740.0,2025-05-09 15:36:58,2,2025-05-09 15:36:58.875,6730.0,3901,6720.0,15783,6710.0,3523,6700.0,5971,6690.0,238,6740.0,8503,6750.0,99,6760.0,2789,6770.0,3122,6780.0,1783,2025-05-09 15:36:58.792,,2147483647,579804,False,nan
4665,666905,1611455700,MERV - XMEV - GGAL - 24hs,6740.0,2025-05-09 15:36:58,2,2025-05-09 15:36:59.378,6730.0,3901,6720.0,15783,6710.0,3523,6700.0,5971,6690.0,238,6740.0,8503,6750.0,99,6760.0,2789,6770.0,3122,6780.0,1783,2025-05-09 15:36:59.293,,2147483647,579806,False,nan
4666,667040,1611455873,MERV - XMEV - GGAL - 24hs,6740.0,2025-05-09 15:36:58,2,2025-05-09 15:37:01.001,6730.0,3901,6720.0,15783,6710.0,3523,6700.0,5971,6690.0,238,6740.0,8503,6750.0,99,6760.0,2789,6770.0,3122,6780.0,4283,2025-05-09 15:37:00.916,,2147483647,579806,False,nan
4667,667248,1611456135,MERV - XMEV - GGAL - 24hs,6730.0,2025-05-09 15:37:02,13,2025-05-09 15:37:02.979,6730.0,3901,6720.0,15783,6710.0,3523,6700.0,5971,6690.0,238,6740.0,8503,6750.0,99,6760.0,2789,6770.0,3122,6780.0,4283,2025-05-09 15:37:02.860,,2147483647,579806,True,bid
4668,667304,1611456200,MERV - XMEV - GGAL - 24hs,6730.0,2025-05-09 15:37:02,13,2025-05-09 15:37:03.613,6730.0,3888,6720.0,15783,6710.0,3523,6700.0,5971,6690.0,238,6740.0,8503,6750.0,99,6760.0,2789,6770.0,3122,6780.0,4283,2025-05-09 15:37:03.528,,2147483647,579806,False,nan
4669,667389,1611456310,MERV - XMEV - GGAL - 24hs,6730.0,2025-05-09 15:37:02,13,2025-05-09 15:37:04.131,6730.0,3888,6720.0,15783,6710.0,3523,6700.0,5971,6690.0,238,6740.0,8503,6750.0,99,6760.0,2789,6770.0,3122,6780.0,4283,2025-05-09 15:37:04.028,,2147483647,579819,False,nan
4670,667488,1611456435,MERV - XMEV - GGAL - 24hs,6730.0,2025-05-09 15:37:02,13,2025-05-09 15:37:05.379,6730.0,3888,6720.0,15783,6710.0,3523,6700.0,5971,6690.0,238,6740.0,8503,6750.0,747,6760.0,2141,6770.0,3122,6780.0,4283,2025-05-09 15:37:05.295,,2147483647,579819,False,nan
4671,667593,1611456572,MERV - XMEV - GGAL - 24hs,6730.0,2025-05-09 15:37:02,13,2025-05-09 15:37:06.536,6730.0,3896,6720.0,15783,6710.0,3523,6700.0,5971,6690.0,238,6740.0,8503,6750.0,747,6760.0,2141,6770.0,3122,6780.0,4283,2025-05-09 15:37:06.451,,2147483647,579819,False,nan
4672,667629,1611456617,MERV - XMEV - GGAL - 24hs,6740.0,2025-05-09 15:37:06,66,2025-05-09 15:37:07.034,6730.0,3896,6720.0,15783,6710.0,3523,6700.0,5971,6690.0,238,6740.0,8503,6750.0,747,6760.0,2141,6770.0,3122,6780.0,4283,2025-05-09 15:37:06.951,,2147483647,579819,True,offer
4673,667663,1611456660,MERV - XMEV - GGAL - 24hs,6740.0,2025-05-09 15:37:06,66,2025-05-09 15:37:07.539,6730.0,3896,6720.0,15783,6710.0,3523,6700.0,5971,6690.0,238,6740.0,8437,6750.0,747,6760.0,2141,6770.0,3122,6780.0,4283,2025-05-09 15:37:07.455,,2147483647,579885,False,nan
4674,667856,1611456924,MERV - XMEV - GGAL - 24hs,6740.0,2025-05-09 15:37:06,66,2025-05-09 15:37:09.356,6730.0,3896,6720.0,15783,6710.0,3523,6700.0,7971,6690.0,238,6740.0,8437,6750.0,747,6760.0,2141,6770.0,3122,6780.0,4283,2025-05-09 15:37:09.274,,2147483647,579885,False,nan
4675,668207,1611457388,MERV - XMEV - GGAL - 24hs,6730.0,2025-05-09 15:37:13,44,2025-05-09 15:37:13.560,6730.0,3896,6720.0,15783,6710.0,3523,6700.0,7971,6690.0,238,6740.0,8437,6750.0,747,6760.0,2141,6770.0,3122,6780.0,4283,2025-05-09 15:37:13.477,,2147483647,579885,True,bid
4676,668262,1611457458,MERV - XMEV - GGAL - 24hs,6730.0,2025-05-09 15:37:13,511,2025-05-09 15:37:14.064,6730.0,3896,6720.0,15783,6710.0,3523,6700.0,7971,6690.0,238,6740.0,8437,6750.0,747,6760.0,2141,6770.0,3122,6780.0,4283,2025-05-09 15:37:13.977,,2147483647,579885,False,nan
4677,668310,1611457533,MERV - XMEV - GGAL - 24hs,6740.0,2025-05-09 15:37:14,13,2025-05-09 15:37:14.566,6730.0,3341,6720.0,15783,6710.0,3523,6700.0,7971,6690.0,238,6740.0,8437,6750.0,747,6760.0,2141,6770.0,3122,6780.0,4283,2025-05-09 15:37:14.477,,2147483647,580440,True,offer
4678,668364,1611457609,MERV - XMEV - GGAL - 24hs,6740.0,2025-05-09 15:37:14,13,2025-05-09 15:37:15.079,6730.0,3378,6720.0,15783,6710.0,3523,6700.0,7971,6690.0,238,6740.0,8424,6750.0,747,6760.0,2141,6770.0,3122,6780.0,4283,2025-05-09 15:37:14.981,,2147483647,580440,False,nan
4679,668405,1611457660,MERV - XMEV - GGAL - 24hs,6740.0,2025-05-09 15:37:14,13,2025-05-09 15:37:15.560,6730.0,3378,6720.0,15783,6710.0,3523,6700.0,7971,6690.0,238,6740.0,8424,6750.0,747,6760.0,2141,6770.0,3122,6780.0,4283,2025-05-09 15:37:15.477,,2147483647,580453,False,nan
4680,668853,1611458238,MERV - XMEV - GGAL - 24hs,6740.0,2025-05-09 15:37:19,1,2025-05-09 15:37:19.763,6730.0,3378,6720.0,15783,6710.0,3523,6700.0,7971,6690.0,238,6740.0,8424,6750.0,747,6760.0,2141,6770.0,3122,6780.0,4283,2025-05-09 15:37:19.665,,2147483647,580453,True,offer
4681,668930,1611458402,MERV - XMEV - GGAL - 24hs,6740.0,2025-05-09 15:37:19,1,2025-05-09 15:37:20.602,6730.0,3378,6720.0,15783,6710.0,3523,6700.0,7971,6690.0,238,6740.0,8423,6750.0,747,6760.0,2141,6770.0,3122,6780.0,4283,2025-05-09 15:37:20.339,,2147483647,580453,False,nan
4682,668979,1611458464,MERV - XMEV - GGAL - 24hs,6740.0,2025-05-09 15:37:20,10,2025-05-09 15:37:20.924,6730.0,3378,6720.0,15783,6710.0,3523,6700.0,7971,6690.0,238,6740.0,8423,6750.0,747,6760.0,2141,6770.0,3122,6780.0,4283,2025-05-09 15:37:20.838,,2147483647,580454,True,offer
4683,669032,1611458531,MERV - XMEV - GGAL - 24hs,6740.0,2025-05-09 15:37:20,10,2025-05-09 15:37:21.466,6730.0,3378,6720.0,15783,6710.0,3523,6700.0,7971,6690.0,238,6740.0,8413,6750.0,747,6760.0,2141,6770.0,3122,6780.0,4283,2025-05-09 15:37:21.384,,2147483647,580454,False,nan
4684,669087,1611458598,MERV - XMEV - GGAL - 24hs,6740.0,2025-05-09 15:37:20,10,2025-05-09 15:37:21.966,6730.0,3378,6720.0,15783,6710.0,3523,6700.0,7971,6690.0,238,6740.0,8413,6750.0,747,6760.0,2141,6770.0,3122,6780.0,4283,2025-05-09 15:37:21.883,,2147483647,580464,False,nan
4685,669813,1611459552,MERV - XMEV - GGAL - 24hs,6740.0,2025-05-09 15:37:20,10,2025-05-09 15:37:29.565,6730.0,3378,6720.0,15783,6710.0,3523,6700.0,7971,6690.0,238,6750.0,9236,6760.0,2141,6770.0,3122,6780.0,4283,6790.0,2000,2025-05-09 15:37:29.482,,2147483647,580464,False,nan
4686,670067,1611459875,MERV - XMEV - GGAL - 24hs,6730.0,2025-05-09 15:37:32,2,2025-05-09 15:37:32.861,6730.0,3378,6720.0,15783,6710.0,3523,6700.0,7971,6690.0,238,6750.0,9236,6760.0,2141,6770.0,3122,6780.0,4283,6790.0,2000,2025-05-09 15:37:32.766,,2147483647,580464,True,bid
4687,670146,1611459973,MERV - XMEV - GGAL - 24hs,6730.0,2025-05-09 15:37:32,2,2025-05-09 15:37:33.520,6730.0,3376,6720.0,15783,6710.0,3523,6700.0,7971,6690.0,238,6750.0,9236,6760.0,2141,6770.0,3122,6780.0,4283,6790.0,2000,2025-05-09 15:37:33.437,,2147483647,580464,False,nan
4688,670202,1611460038,MERV - XMEV - GGAL - 24hs,6730.0,2025-05-09 15:37:32,2,2025-05-09 15:37:34.022,6730.0,3376,6720.0,15783,6710.0,3523,6700.0,7971,6690.0,238,6750.0,9236,6760.0,2141,6770.0,3122,6780.0,4283,6790.0,2000,2025-05-09 15:37:33.935,,2147483647,580466,False,nan
4689,670464,1611460410,MERV - XMEV - GGAL - 24hs,6730.0,2025-05-09 15:37:32,2,2025-05-09 15:37:36.724,6730.0,3377,6720.0,15783,6710.0,3523,6700.0,7971,6690.0,238,6750.0,9236,6760.0,2141,6770.0,3122,6780.0,4283,6790.0,2000,2025-05-09 15:37:36.633,,2147483647,580466,False,nan
4690,670618,1611460608,MERV - XMEV - GGAL - 24hs,6730.0,2025-05-09 15:37:32,2,2025-05-09 15:37:38.384,6740.0,4,6730.0,3377,6720.0,15783,6710.0,3523,6700.0,7971,6750.0,9160,6760.0,2141,6770.0,3122,6780.0,4283,6790.0,2007,2025-05-09 15:37:38.287,,2147483647,580466,False,nan
4691,670817,1611460866,MERV - XMEV - GGAL - 24hs,6750.0,2025-05-09 15:37:40,1,2025-05-09 15:37:40.590,6740.0,4,6730.0,3377,6720.0,15783,6710.0,3523,6700.0,7971,6750.0,9160,6760.0,2141,6770.0,3122,6780.0,4283,6790.0,2007,2025-05-09 15:37:40.506,,2147483647,580466,True,offer
4692,670875,1611460936,MERV - XMEV - GGAL - 24hs,6750.0,2025-05-09 15:37:40,1,2025-05-09 15:37:41.287,6740.0,4,6730.0,3377,6720.0,15783,6710.0,3523,6700.0,7971,6750.0,9938,6760.0,2141,6770.0,3122,6780.0,4283,6790.0,2007,2025-05-09 15:37:41.193,,2147483647,580466,False,nan
4693,670917,1611460994,MERV - XMEV - GGAL - 24hs,6750.0,2025-05-09 15:37:40,1,2025-05-09 15:37:41.782,6740.0,4,6730.0,3377,6720.0,15783,6710.0,3523,6700.0,7971,6750.0,9938,6760.0,2141,6770.0,3122,6780.0,4283,6790.0,2007,2025-05-09 15:37:41.693,,2147483647,580467,False,nan
4694,671502,1611461739,MERV - XMEV - GGAL - 24hs,6750.0,2025-05-09 15:37:47,1,2025-05-09 15:37:47.768,6740.0,4,6730.0,3377,6720.0,15783,6710.0,3523,6700.0,7971,6750.0,9938,6760.0,2141,6770.0,3122,6780.0,4283,6790.0,2007,2025-05-09 15:37:47.507,,2147483647,580467,True,offer
4695,671587,1611461871,MERV - XMEV - GGAL - 24hs,6750.0,2025-05-09 15:37:47,1,2025-05-09 15:37:48.174,6740.0,4,6730.0,3375,6720.0,15783,6710.0,3523,6700.0,7971,6750.0,9937,6760.0,2141,6770.0,3122,6780.0,4283,6790.0,2007,2025-05-09 15:37:48.008,,2147483647,580467,False,nan
4696,671689,1611462007,MERV - XMEV - GGAL - 24hs,6750.0,2025-05-09 15:37:47,1,2025-05-09 15:37:48.604,6740.0,4,6730.0,3375,6720.0,15783,6710.0,3523,6700.0,7971,6750.0,9937,6760.0,2141,6770.0,3122,6780.0,4283,6790.0,2007,2025-05-09 15:37:48.506,,2147483647,580468,False,nan
4697,672159,1611462618,MERV - XMEV - GGAL - 24hs,6740.0,2025-05-09 15:37:52,4,2025-05-09 15:37:52.199,6740.0,4,6730.0,3375,6720.0,15783,6710.0,3523,6700.0,7971,6750.0,9937,6760.0,2141,6770.0,3122,6780.0,4283,6790.0,2007,2025-05-09 15:37:52.116,,2147483647,580468,True,bid
4698,672192,1611462657,MERV - XMEV - GGAL - 24hs,6730.0,2025-05-09 15:37:52,6,2025-05-09 15:37:52.698,6740.0,4,6730.0,3375,6720.0,15783,6710.0,3523,6700.0,7971,6750.0,9937,6760.0,2141,6770.0,3122,6780.0,4283,6790.0,2007,2025-05-09 15:37:52.615,,2147483647,580468,False,nan
4699,672221,1611462692,MERV - XMEV - GGAL - 24hs,6730.0,2025-05-09 15:37:52,6,2025-05-09 15:37:53.198,6730.0,3369,6720.0,15783,6710.0,3523,6700.0,7971,6690.0,238,6750.0,9937,6760.0,2141,6770.0,3122,6780.0,4283,6790.0,2007,2025-05-09 15:37:53.115,,2147483647,580478,False,nan
4700,672262,1611462765,MERV - XMEV - GGAL - 24hs,6730.0,2025-05-09 15:37:52,6,2025-05-09 15:37:53.796,6730.0,3369,6720.0,15783,6710.0,3523,6700.0,7971,6690.0,238,6750.0,10013,6760.0,2141,6770.0,3122,6780.0,4283,6790.0,2000,2025-05-09 15:37:53.691,,2147483647,580478,False,nan
4701,672344,1611462874,MERV - XMEV - GGAL - 24hs,6730.0,2025-05-09 15:37:54,5,2025-05-09 15:37:54.687,6730.0,3369,6720.0,15783,6710.0,3523,6700.0,7971,6690.0,238,6750.0,10013,6760.0,2141,6770.0,3122,6780.0,4283,6790.0,2000,2025-05-09 15:37:54.603,,2147483647,580478,True,bid
4702,672409,1611462950,MERV - XMEV - GGAL - 24hs,6730.0,2025-05-09 15:37:54,5,2025-05-09 15:37:55.351,6730.0,3364,6720.0,15783,6710.0,3523,6700.0,7971,6690.0,238,6750.0,10013,6760.0,2141,6770.0,3122,6780.0,4283,6790.0,2000,2025-05-09 15:37:55.267,,2147483647,580478,False,nan
4703,672437,1611462983,MERV - XMEV - GGAL - 24hs,6730.0,2025-05-09 15:37:54,5,2025-05-09 15:37:55.850,6730.0,3364,6720.0,15783,6710.0,3523,6700.0,7971,6690.0,238,6750.0,10013,6760.0,2141,6770.0,3122,6780.0,4283,6790.0,2000,2025-05-09 15:37:55.767,,2147483647,580483,False,nan
4704,672678,1611463294,MERV - XMEV - GGAL - 24hs,6750.0,2025-05-09 15:37:58,14,2025-05-09 15:37:59.084,6730.0,3364,6720.0,15783,6710.0,3523,6700.0,7971,6690.0,238,6750.0,10013,6760.0,2141,6770.0,3122,6780.0,4283,6790.0,2000,2025-05-09 15:37:59.000,,2147483647,580483,True,offer
4705,672729,1611463363,MERV - XMEV - GGAL - 24hs,6750.0,2025-05-09 15:37:58,14,2025-05-09 15:37:59.751,6730.0,3364,6720.0,15783,6710.0,3523,6700.0,7971,6690.0,238,6750.0,9999,6760.0,2141,6770.0,3122,6780.0,4283,6790.0,2000,2025-05-09 15:37:59.668,,2147483647,580483,False,nan
4706,672771,1611463456,MERV - XMEV - GGAL - 24hs,6750.0,2025-05-09 15:37:58,14,2025-05-09 15:38:00.252,6730.0,3364,6720.0,15783,6710.0,3523,6700.0,7971,6690.0,238,6750.0,9999,6760.0,2141,6770.0,3122,6780.0,4283,6790.0,2000,2025-05-09 15:38:00.168,,2147483647,580497,False,nan
4707,673612,1611464732,MERV - XMEV - GGAL - 24hs,6750.0,2025-05-09 15:37:58,14,2025-05-09 15:38:07.839,6730.0,3357,6720.0,17169,6710.0,3523,6700.0,7971,6690.0,238,6750.0,9999,6760.0,2141,6770.0,3122,6780.0,4283,6790.0,2000,2025-05-09 15:38:07.743,,2147483647,580497,False,nan
4708,673942,1611465131,MERV - XMEV - GGAL - 24hs,6750.0,2025-05-09 15:37:58,14,2025-05-09 15:38:11.404,6730.0,3357,6720.0,17169,6710.0,3523,6700.0,7971,6690.0,238,6750.0,9999,6760.0,2141,6770.0,3222,6780.0,4283,6790.0,2001,2025-05-09 15:38:11.306,,2147483647,580497,False,nan
4709,674517,1611465974,MERV - XMEV - GGAL - 24hs,6750.0,2025-05-09 15:37:58,14,2025-05-09 15:38:16.908,6730.0,3357,6720.0,16723,6710.0,3523,6700.0,7971,6690.0,238,6750.0,9999,6760.0,2141,6770.0,3222,6780.0,4283,6790.0,2223,2025-05-09 15:38:16.824,,2147483647,580497,False,nan
4710,674608,1611466108,MERV - XMEV - GGAL - 24hs,6750.0,2025-05-09 15:37:58,14,2025-05-09 15:38:18.025,6730.0,3701,6720.0,15783,6710.0,3523,6700.0,7971,6690.0,238,6750.0,9999,6760.0,2141,6770.0,3222,6780.0,4283,6790.0,2223,2025-05-09 15:38:17.943,,2147483647,580497,False,nan
4711,674831,1611466456,MERV - XMEV - GGAL - 24hs,6730.0,2025-05-09 15:38:20,1,2025-05-09 15:38:20.828,6730.0,3701,6720.0,15783,6710.0,3523,6700.0,7971,6690.0,238,6750.0,9999,6760.0,2141,6770.0,3222,6780.0,4283,6790.0,2223,2025-05-09 15:38:20.738,,2147483647,580497,True,bid
4712,674890,1611466533,MERV - XMEV - GGAL - 24hs,6730.0,2025-05-09 15:38:20,1,2025-05-09 15:38:21.492,6730.0,3700,6720.0,15783,6710.0,3523,6700.0,7971,6690.0,238,6750.0,9999,6760.0,2141,6770.0,3222,6780.0,4283,6790.0,2223,2025-05-09 15:38:21.406,,2147483647,580497,False,nan
4713,674928,1611466578,MERV - XMEV - GGAL - 24hs,6750.0,2025-05-09 15:38:21,4,2025-05-09 15:38:21.992,6730.0,3700,6720.0,15783,6710.0,3523,6700.0,7971,6690.0,238,6750.0,9999,6760.0,2141,6770.0,3222,6780.0,4283,6790.0,2223,2025-05-09 15:38:21.906,,2147483647,580498,True,offer
4714,674981,1611466642,MERV - XMEV - GGAL - 24hs,6730.0,2025-05-09 15:38:22,426,2025-05-09 15:38:22.488,6730.0,3700,6720.0,15783,6710.0,3523,6700.0,7972,6690.0,238,6750.0,9994,6760.0,2141,6770.0,3222,6780.0,4283,6790.0,2223,2025-05-09 15:38:22.405,,2147483647,580503,True,bid
4715,675023,1611466693,MERV - XMEV - GGAL - 24hs,6730.0,2025-05-09 15:38:22,426,2025-05-09 15:38:22.989,6730.0,3274,6720.0,15783,6710.0,3523,6700.0,7972,6690.0,238,6750.0,9994,6760.0,2141,6770.0,3222,6780.0,4283,6790.0,2223,2025-05-09 15:38:22.906,,2147483647,580503,False,nan
4716,675056,1611466733,MERV - XMEV - GGAL - 24hs,6730.0,2025-05-09 15:38:22,426,2025-05-09 15:38:23.489,6730.0,3274,6720.0,15783,6710.0,3523,6700.0,7972,6690.0,238,6750.0,9994,6760.0,2141,6770.0,3222,6780.0,4283,6790.0,2223,2025-05-09 15:38:23.406,,2147483647,580929,False,nan
4717,675098,1611466787,MERV - XMEV - GGAL - 24hs,6730.0,2025-05-09 15:38:22,426,2025-05-09 15:38:24.003,6730.0,3275,6720.0,15783,6710.0,3523,6700.0,7972,6690.0,238,6750.0,9994,6760.0,2141,6770.0,3222,6780.0,4283,6790.0,2223,2025-05-09 15:38:23.921,,2147483647,580929,False,nan
4718,675260,1611467001,MERV - XMEV - GGAL - 24hs,6750.0,2025-05-09 15:38:25,1,2025-05-09 15:38:25.841,6730.0,3275,6720.0,15783,6710.0,3523,6700.0,7972,6690.0,238,6750.0,9994,6760.0,2141,6770.0,3222,6780.0,4283,6790.0,2223,2025-05-09 15:38:25.759,,2147483647,580929,True,offer
4719,675310,1611467059,MERV - XMEV - GGAL - 24hs,6750.0,2025-05-09 15:38:25,1,2025-05-09 15:38:26.515,6730.0,3275,6720.0,15783,6710.0,3523,6700.0,7972,6690.0,238,6750.0,9993,6760.0,2141,6770.0,3222,6780.0,4283,6790.0,2223,2025-05-09 15:38:26.424,,2147483647,580929,False,nan
4720,675345,1611467103,MERV - XMEV - GGAL - 24hs,6750.0,2025-05-09 15:38:25,1,2025-05-09 15:38:27.007,6730.0,3275,6720.0,15783,6710.0,3523,6700.0,7972,6690.0,238,6750.0,9993,6760.0,2141,6770.0,3222,6780.0,4283,6790.0,2223,2025-05-09 15:38:26.923,,2147483647,580930,False,nan
4721,675838,1611467843,MERV - XMEV - GGAL - 24hs,6750.0,2025-05-09 15:38:31,43,2025-05-09 15:38:31.917,6730.0,3275,6720.0,15783,6710.0,3523,6700.0,7972,6690.0,238,6750.0,9993,6760.0,2141,6770.0,3222,6780.0,4283,6790.0,2223,2025-05-09 15:38:31.834,,2147483647,580930,True,offer
4722,675869,1611467878,MERV - XMEV - GGAL - 24hs,6750.0,2025-05-09 15:38:31,43,2025-05-09 15:38:32.417,6730.0,4275,6720.0,15783,6710.0,3523,6700.0,7972,6690.0,238,6750.0,9950,6760.0,2141,6770.0,3222,6780.0,4283,6790.0,2223,2025-05-09 15:38:32.334,,2147483647,580930,False,nan
4723,675922,1611467953,MERV - XMEV - GGAL - 24hs,6750.0,2025-05-09 15:38:31,43,2025-05-09 15:38:32.926,6730.0,4275,6720.0,15783,6710.0,3523,6700.0,7972,6690.0,238,6750.0,9950,6760.0,2141,6770.0,3222,6780.0,4283,6790.0,2223,2025-05-09 15:38:32.838,,2147483647,580973,False,nan
4724,676751,1611469094,MERV - XMEV - GGAL - 24hs,6730.0,2025-05-09 15:38:42,44,2025-05-09 15:38:42.130,6730.0,4275,6720.0,15783,6710.0,3523,6700.0,7972,6690.0,238,6750.0,9950,6760.0,2141,6770.0,3222,6780.0,4283,6790.0,2223,2025-05-09 15:38:42.041,,2147483647,580973,True,bid
4725,676826,1611469203,MERV - XMEV - GGAL - 24hs,6730.0,2025-05-09 15:38:42,44,2025-05-09 15:38:42.788,6730.0,4231,6720.0,15783,6710.0,3523,6700.0,7972,6690.0,238,6750.0,9950,6760.0,2141,6770.0,3222,6780.0,4283,6790.0,2223,2025-05-09 15:38:42.703,,2147483647,580973,False,nan
4726,676906,1611469335,MERV - XMEV - GGAL - 24hs,6730.0,2025-05-09 15:38:42,44,2025-05-09 15:38:43.323,6730.0,4231,6720.0,15783,6710.0,3523,6700.0,7972,6690.0,238,6750.0,9950,6760.0,2141,6770.0,3222,6780.0,4283,6790.0,2223,2025-05-09 15:38:43.203,,2147483647,581017,False,nan
4727,678438,1611471310,MERV - XMEV - GGAL - 24hs,6730.0,2025-05-09 15:38:42,44,2025-05-09 15:38:57.327,6730.0,4230,6720.0,15783,6710.0,3523,6700.0,7972,6690.0,238,6750.0,9950,6760.0,2141,6770.0,3222,6780.0,4283,6790.0,2223,2025-05-09 15:38:57.237,,2147483647,581017,False,nan
4728,678850,1611471826,MERV - XMEV - GGAL - 24hs,6730.0,2025-05-09 15:38:42,44,2025-05-09 15:39:01.570,6730.0,4230,6720.0,15783,6710.0,3523,6700.0,7972,6690.0,267,6750.0,9950,6760.0,2141,6770.0,3222,6780.0,4283,6790.0,2223,2025-05-09 15:39:01.484,,2147483647,581017,False,nan
4729,678909,1611471898,MERV - XMEV - GGAL - 24hs,6750.0,2025-05-09 15:39:01,14,2025-05-09 15:39:02.067,6730.0,4230,6720.0,15783,6710.0,3523,6700.0,7972,6690.0,267,6750.0,9950,6760.0,2141,6770.0,3222,6780.0,4283,6790.0,2223,2025-05-09 15:39:01.984,,2147483647,581017,True,offer
4730,678971,1611471975,MERV - XMEV - GGAL - 24hs,6750.0,2025-05-09 15:39:01,14,2025-05-09 15:39:02.584,6730.0,4230,6720.0,15783,6710.0,3523,6700.0,8022,6690.0,267,6750.0,9936,6760.0,2141,6770.0,3222,6780.0,4283,6790.0,2223,2025-05-09 15:39:02.487,,2147483647,581031,False,nan
4731,679056,1611472160,MERV - XMEV - GGAL - 24hs,6750.0,2025-05-09 15:39:01,14,2025-05-09 15:39:03.374,6730.0,4228,6720.0,15783,6710.0,3523,6700.0,8022,6690.0,267,6750.0,9936,6760.0,2141,6770.0,3122,6780.0,4283,6790.0,2323,2025-05-09 15:39:03.288,,2147483647,581031,False,nan
4732,679842,1611473166,MERV - XMEV - GGAL - 24hs,6750.0,2025-05-09 15:39:01,14,2025-05-09 15:39:11.357,6730.0,4228,6720.0,15783,6710.0,3523,6700.0,8022,6690.0,270,6750.0,9936,6760.0,2141,6770.0,3122,6780.0,4283,6790.0,2323,2025-05-09 15:39:11.274,,2147483647,581031,False,nan
4733,680156,1611473592,MERV - XMEV - GGAL - 24hs,6750.0,2025-05-09 15:39:14,1,2025-05-09 15:39:14.170,6730.0,4228,6720.0,15783,6710.0,3523,6700.0,8022,6690.0,270,6750.0,9936,6760.0,2141,6770.0,3122,6780.0,4283,6790.0,2323,2025-05-09 15:39:14.087,,2147483647,581031,True,offer
4734,680249,1611473700,MERV - XMEV - GGAL - 24hs,6750.0,2025-05-09 15:39:14,1,2025-05-09 15:39:14.866,6730.0,4228,6720.0,15783,6710.0,3523,6700.0,8022,6690.0,270,6750.0,9935,6760.0,2141,6770.0,3122,6780.0,4283,6790.0,2323,2025-05-09 15:39:14.754,,2147483647,581031,False,nan
4735,680295,1611473757,MERV - XMEV - GGAL - 24hs,6750.0,2025-05-09 15:39:14,1,2025-05-09 15:39:15.338,6730.0,4228,6720.0,15783,6710.0,3523,6700.0,8022,6690.0,270,6750.0,9935,6760.0,2141,6770.0,3122,6780.0,4283,6790.0,2323,2025-05-09 15:39:15.254,,2147483647,581032,False,nan
4736,680752,1611474322,MERV - XMEV - GGAL - 24hs,6750.0,2025-05-09 15:39:14,1,2025-05-09 15:39:18.641,6740.0,200,6730.0,4228,6720.0,15783,6710.0,3523,6700.0,8022,6750.0,9859,6760.0,2141,6770.0,3122,6780.0,4283,6790.0,2330,2025-05-09 15:39:18.559,,2147483647,581032,False,nan
4737,681190,1611474922,MERV - XMEV - GGAL - 24hs,6750.0,2025-05-09 15:39:14,1,2025-05-09 15:39:22.219,6740.0,200,6730.0,4228,6720.0,15783,6710.0,3523,6700.0,8023,6750.0,9859,6760.0,2141,6770.0,3122,6780.0,4283,6790.0,2330,2025-05-09 15:39:22.136,,2147483647,581032,False,nan
4738,681224,1611474966,MERV - XMEV - GGAL - 24hs,6740.0,2025-05-09 15:39:22,13,2025-05-09 15:39:22.715,6740.0,200,6730.0,4228,6720.0,15783,6710.0,3523,6700.0,8023,6750.0,9859,6760.0,2141,6770.0,3122,6780.0,4283,6790.0,2330,2025-05-09 15:39:22.632,,2147483647,581032,True,bid
4739,681270,1611475023,MERV - XMEV - GGAL - 24hs,6740.0,2025-05-09 15:39:22,13,2025-05-09 15:39:23.217,6740.0,487,6730.0,3928,6720.0,15783,6710.0,3523,6700.0,8023,6750.0,9859,6760.0,2141,6770.0,3122,6780.0,4283,6790.0,2330,2025-05-09 15:39:23.131,,2147483647,581045,False,nan
4740,681736,1611475591,MERV - XMEV - GGAL - 24hs,6740.0,2025-05-09 15:39:22,13,2025-05-09 15:39:27.852,6740.0,587,6730.0,3928,6720.0,15783,6710.0,3523,6700.0,8023,6750.0,9859,6760.0,2141,6770.0,3122,6780.0,4283,6790.0,2330,2025-05-09 15:39:27.770,,2147483647,581045,False,nan
4741,681850,1611475763,MERV - XMEV - GGAL - 24hs,6740.0,2025-05-09 15:39:28,4,2025-05-09 15:39:28.927,6740.0,587,6730.0,3928,6720.0,15783,6710.0,3523,6700.0,8023,6750.0,9859,6760.0,2141,6770.0,3122,6780.0,4283,6790.0,2330,2025-05-09 15:39:28.824,,2147483647,581045,True,bid
4742,681872,1611475796,MERV - XMEV - GGAL - 24hs,6750.0,2025-05-09 15:39:28,6,2025-05-09 15:39:29.406,6740.0,587,6730.0,3928,6720.0,15783,6710.0,3523,6700.0,8023,6750.0,9859,6760.0,2141,6770.0,3122,6780.0,4283,6790.0,2330,2025-05-09 15:39:29.324,,2147483647,581049,False,nan
4743,681956,1611475951,MERV - XMEV - GGAL - 24hs,6750.0,2025-05-09 15:39:28,6,2025-05-09 15:39:29.978,6740.0,583,6730.0,3928,6720.0,15783,6710.0,3523,6700.0,8023,6750.0,9853,6760.0,2141,6770.0,3122,6780.0,4283,6790.0,2330,2025-05-09 15:39:29.824,,2147483647,581055,False,nan
4744,682080,1611476185,MERV - XMEV - GGAL - 24hs,6750.0,2025-05-09 15:39:28,6,2025-05-09 15:39:31.670,6740.0,583,6730.0,3928,6720.0,15783,6710.0,3595,6700.0,7977,6750.0,9853,6760.0,2141,6770.0,3122,6780.0,4283,6790.0,2330,2025-05-09 15:39:31.586,,2147483647,581055,False,nan
4745,682272,1611476417,MERV - XMEV - GGAL - 24hs,6750.0,2025-05-09 15:39:28,6,2025-05-09 15:39:33.529,6740.0,583,6730.0,3928,6720.0,15783,6710.0,3595,6700.0,7969,6750.0,9853,6760.0,2141,6770.0,3122,6780.0,4283,6790.0,2330,2025-05-09 15:39:33.447,,2147483647,581055,False,nan
4746,682441,1611476622,MERV - XMEV - GGAL - 24hs,6750.0,2025-05-09 15:39:35,13,2025-05-09 15:39:35.253,6740.0,583,6730.0,3928,6720.0,15783,6710.0,3595,6700.0,7969,6750.0,9853,6760.0,2141,6770.0,3122,6780.0,4283,6790.0,2330,2025-05-09 15:39:35.171,,2147483647,581055,True,offer
4747,682508,1611476699,MERV - XMEV - GGAL - 24hs,6750.0,2025-05-09 15:39:35,87,2025-05-09 15:39:35.788,6740.0,583,6730.0,3928,6720.0,15783,6710.0,3595,6700.0,7969,6750.0,9853,6760.0,2141,6770.0,3122,6780.0,4283,6790.0,2330,2025-05-09 15:39:35.671,,2147483647,581055,False,nan
4748,682552,1611476752,MERV - XMEV - GGAL - 24hs,6750.0,2025-05-09 15:39:35,87,2025-05-09 15:39:36.253,6740.0,583,6730.0,3928,6720.0,15783,6710.0,3595,6700.0,7969,6750.0,9753,6760.0,2141,6770.0,3122,6780.0,4283,6790.0,2330,2025-05-09 15:39:36.171,,2147483647,581155,False,nan
4749,683170,1611477715,MERV - XMEV - GGAL - 24hs,6750.0,2025-05-09 15:39:35,87,2025-05-09 15:39:42.787,6740.0,583,6730.0,4869,6720.0,15783,6710.0,3595,6700.0,7969,6750.0,9753,6760.0,2141,6770.0,3122,6780.0,4283,6790.0,2330,2025-05-09 15:39:42.705,,2147483647,581155,False,nan
4750,683272,1611477842,MERV - XMEV - GGAL - 24hs,6750.0,2025-05-09 15:39:35,87,2025-05-09 15:39:43.781,6740.0,663,6730.0,4621,6720.0,15783,6710.0,3595,6700.0,7969,6750.0,9753,6760.0,2141,6770.0,3122,6780.0,4283,6790.0,2330,2025-05-09 15:39:43.699,,2147483647,581155,False,nan
4751,683495,1611478164,MERV - XMEV - GGAL - 24hs,6750.0,2025-05-09 15:39:35,87,2025-05-09 15:39:45.995,6740.0,663,6730.0,5068,6720.0,15783,6710.0,3595,6700.0,7969,6750.0,9753,6760.0,2141,6770.0,3122,6780.0,4283,6790.0,2330,2025-05-09 15:39:45.912,,2147483647,581155,False,nan
4752,683597,1611478280,MERV - XMEV - GGAL - 24hs,6750.0,2025-05-09 15:39:35,87,2025-05-09 15:39:47.277,6740.0,663,6730.0,4721,6720.0,15783,6710.0,3595,6700.0,7969,6750.0,9753,6760.0,2141,6770.0,3122,6780.0,4283,6790.0,2330,2025-05-09 15:39:47.193,,2147483647,581155,False,nan
4753,684119,1611478940,MERV - XMEV - GGAL - 24hs,6750.0,2025-05-09 15:39:35,87,2025-05-09 15:39:51.406,6740.0,663,6730.0,4721,6720.0,15783,6710.0,3624,6700.0,7969,6750.0,9753,6760.0,2141,6770.0,3122,6780.0,4283,6790.0,2330,2025-05-09 15:39:51.299,,2147483647,581155,False,nan
4754,684324,1611479218,MERV - XMEV - GGAL - 24hs,6750.0,2025-05-09 15:39:35,87,2025-05-09 15:39:53.256,6740.0,663,6730.0,4969,6720.0,15783,6710.0,3624,6700.0,7969,6750.0,9753,6760.0,2141,6770.0,3122,6780.0,4283,6790.0,2330,2025-05-09 15:39:53.174,,2147483647,581155,False,nan
4755,684405,1611479348,MERV - XMEV - GGAL - 24hs,6750.0,2025-05-09 15:39:53,1,2025-05-09 15:39:53.794,6740.0,663,6730.0,4969,6720.0,15783,6710.0,3624,6700.0,7969,6750.0,9753,6760.0,2141,6770.0,3122,6780.0,4283,6790.0,2330,2025-05-09 15:39:53.674,,2147483647,581155,True,offer
4756,684442,1611479392,MERV - XMEV - GGAL - 24hs,6750.0,2025-05-09 15:39:53,1,2025-05-09 15:39:54.272,6740.0,663,6730.0,5315,6720.0,15783,6710.0,3624,6700.0,7969,6750.0,9752,6760.0,2141,6770.0,3122,6780.0,4283,6790.0,2330,2025-05-09 15:39:54.178,,2147483647,581155,False,nan
4757,684533,1611479507,MERV - XMEV - GGAL - 24hs,6750.0,2025-05-09 15:39:53,1,2025-05-09 15:39:54.763,6740.0,663,6730.0,5315,6720.0,15783,6710.0,3624,6700.0,7969,6750.0,9752,6760.0,2141,6770.0,3122,6780.0,4283,6790.0,2330,2025-05-09 15:39:54.674,,2147483647,581156,False,nan
4758,684586,1611479584,MERV - XMEV - GGAL - 24hs,6750.0,2025-05-09 15:39:53,1,2025-05-09 15:39:55.458,6740.0,663,6730.0,5315,6720.0,15783,6710.0,3624,6700.0,7969,6750.0,9752,6760.0,2141,6770.0,3122,6780.0,16083,6790.0,2330,2025-05-09 15:39:55.376,,2147483647,581156,False,nan
4759,684790,1611479853,MERV - XMEV - GGAL - 24hs,6750.0,2025-05-09 15:39:53,1,2025-05-09 15:39:57.374,6740.0,663,6730.0,4721,6720.0,15883,6710.0,3624,6700.0,7969,6750.0,9752,6760.0,2141,6770.0,3122,6780.0,16083,6790.0,2330,2025-05-09 15:39:57.189,,2147483647,581156,False,nan
4760,684879,1611479955,MERV - XMEV - GGAL - 24hs,6750.0,2025-05-09 15:39:53,1,2025-05-09 15:39:57.809,6740.0,663,6730.0,5068,6720.0,15883,6710.0,3624,6700.0,7969,6750.0,9752,6760.0,2141,6770.0,3122,6780.0,16083,6790.0,2330,2025-05-09 15:39:57.727,,2147483647,581156,False,nan
4761,684962,1611480052,MERV - XMEV - GGAL - 24hs,6750.0,2025-05-09 15:39:53,1,2025-05-09 15:39:58.592,6740.0,663,6730.0,5067,6720.0,15883,6710.0,3624,6700.0,7969,6750.0,9752,6760.0,2141,6770.0,3122,6780.0,16083,6790.0,2333,2025-05-09 15:39:58.506,,2147483647,581156,False,nan
4762,685005,1611480102,MERV - XMEV - GGAL - 24hs,6740.0,2025-05-09 15:39:58,90,2025-05-09 15:39:59.094,6740.0,663,6730.0,5067,6720.0,15883,6710.0,3624,6700.0,7969,6750.0,9752,6760.0,2141,6770.0,3122,6780.0,16083,6790.0,2333,2025-05-09 15:39:59.011,,2147483647,581156,True,bid
4763,685046,1611480156,MERV - XMEV - GGAL - 24hs,6740.0,2025-05-09 15:39:58,90,2025-05-09 15:39:59.662,6740.0,573,6730.0,5067,6720.0,15883,6710.0,3624,6700.0,7969,6750.0,9752,6760.0,2141,6770.0,3122,6780.0,16083,6790.0,2333,2025-05-09 15:39:59.580,,2147483647,581156,False,nan
4764,685125,1611480251,MERV - XMEV - GGAL - 24hs,6740.0,2025-05-09 15:39:58,90,2025-05-09 15:40:00.227,6740.0,573,6730.0,5067,6720.0,15883,6710.0,3624,6700.0,7969,6750.0,9752,6760.0,2141,6770.0,3122,6780.0,16083,6790.0,2333,2025-05-09 15:40:00.081,,2147483647,581246,False,nan
4765,685189,1611480326,MERV - XMEV - GGAL - 24hs,6740.0,2025-05-09 15:39:58,90,2025-05-09 15:40:00.789,6740.0,573,6730.0,5055,6720.0,15883,6710.0,3624,6700.0,7969,6750.0,9752,6760.0,2141,6770.0,3122,6780.0,16083,6790.0,2333,2025-05-09 15:40:00.707,,2147483647,581246,False,nan
4766,685386,1611480562,MERV - XMEV - GGAL - 24hs,6740.0,2025-05-09 15:39:58,90,2025-05-09 15:40:03.232,6740.0,573,6730.0,5055,6720.0,15883,6710.0,3624,6700.0,7969,6750.0,9752,6760.0,2141,6770.0,3122,6780.0,16883,6790.0,2333,2025-05-09 15:40:03.148,,2147483647,581246,False,nan
4767,685604,1611480819,MERV - XMEV - GGAL - 24hs,6740.0,2025-05-09 15:39:58,90,2025-05-09 15:40:05.933,6740.0,573,6730.0,5055,6720.0,15883,6710.0,3624,6700.0,7970,6750.0,9752,6760.0,2141,6770.0,3122,6780.0,16883,6790.0,2333,2025-05-09 15:40:05.848,,2147483647,581246,False,nan
4768,685671,1611480901,MERV - XMEV - GGAL - 24hs,6740.0,2025-05-09 15:40:06,93,2025-05-09 15:40:06.775,6740.0,573,6730.0,5055,6720.0,15883,6710.0,3624,6700.0,7970,6750.0,9752,6760.0,2141,6770.0,3122,6780.0,16883,6790.0,2333,2025-05-09 15:40:06.692,,2147483647,581246,True,bid
4769,685740,1611481025,MERV - XMEV - GGAL - 24hs,6740.0,2025-05-09 15:40:06,7,2025-05-09 15:40:07.406,6740.0,473,6730.0,5162,6720.0,15883,6710.0,3624,6700.0,7970,6750.0,9752,6760.0,2141,6770.0,3122,6780.0,16883,6790.0,2333,2025-05-09 15:40:07.192,,2147483647,581246,False,nan
4770,685766,1611481057,MERV - XMEV - GGAL - 24hs,6740.0,2025-05-09 15:40:06,7,2025-05-09 15:40:07.774,6740.0,473,6730.0,5162,6720.0,15883,6710.0,3624,6700.0,7970,6750.0,9752,6760.0,2141,6770.0,3122,6780.0,16883,6790.0,2333,2025-05-09 15:40:07.692,,2147483647,581346,False,nan
4771,685836,1611481221,MERV - XMEV - GGAL - 24hs,6740.0,2025-05-09 15:40:06,7,2025-05-09 15:40:08.434,6740.0,473,6730.0,5162,6720.0,15883,6710.0,3724,6700.0,7970,6750.0,9752,6760.0,2141,6770.0,3922,6780.0,16083,6790.0,2333,2025-05-09 15:40:08.192,,2147483647,581346,False,nan
4772,686052,1611481483,MERV - XMEV - GGAL - 24hs,6740.0,2025-05-09 15:40:10,1,2025-05-09 15:40:11.018,6740.0,473,6730.0,5162,6720.0,15883,6710.0,3724,6700.0,7970,6750.0,9752,6760.0,2141,6770.0,3922,6780.0,16083,6790.0,2333,2025-05-09 15:40:10.926,,2147483647,581346,True,bid
4773,686147,1611481590,MERV - XMEV - GGAL - 24hs,6740.0,2025-05-09 15:40:10,1,2025-05-09 15:40:11.772,6740.0,472,6730.0,5162,6720.0,15883,6710.0,3724,6700.0,7970,6750.0,9752,6760.0,2141,6770.0,3922,6780.0,16083,6790.0,2333,2025-05-09 15:40:11.657,,2147483647,581346,False,nan
4774,686235,1611481707,MERV - XMEV - GGAL - 24hs,6740.0,2025-05-09 15:40:10,1,2025-05-09 15:40:12.235,6740.0,472,6730.0,5162,6720.0,15883,6710.0,3724,6700.0,7970,6750.0,9752,6760.0,2141,6770.0,3922,6780.0,16083,6790.0,2333,2025-05-09 15:40:12.153,,2147483647,581347,False,nan
4775,686295,1611481785,MERV - XMEV - GGAL - 24hs,6740.0,2025-05-09 15:40:10,1,2025-05-09 15:40:12.735,6740.0,472,6730.0,4815,6720.0,15883,6710.0,3724,6700.0,7970,6750.0,9752,6760.0,2141,6770.0,3922,6780.0,16083,6790.0,2333,2025-05-09 15:40:12.653,,2147483647,581347,False,nan
4776,686841,1611482462,MERV - XMEV - GGAL - 24hs,6740.0,2025-05-09 15:40:10,1,2025-05-09 15:40:18.127,6740.0,472,6730.0,4141,6720.0,15883,6710.0,3652,6700.0,7970,6750.0,9752,6760.0,2141,6770.0,3922,6780.0,16083,6790.0,2333,2025-05-09 15:40:18.041,,2147483647,581347,False,nan
4777,686890,1611482515,MERV - XMEV - GGAL - 24hs,6750.0,2025-05-09 15:40:18,2,2025-05-09 15:40:18.630,6740.0,472,6730.0,4141,6720.0,15883,6710.0,3652,6700.0,7970,6750.0,9752,6760.0,2141,6770.0,3922,6780.0,16083,6790.0,2333,2025-05-09 15:40:18.546,,2147483647,581347,True,offer
4778,686924,1611482550,MERV - XMEV - GGAL - 24hs,6750.0,2025-05-09 15:40:18,2,2025-05-09 15:40:19.123,6740.0,472,6730.0,4141,6720.0,15883,6710.0,3653,6700.0,8070,6750.0,9750,6760.0,2141,6770.0,3922,6780.0,16083,6790.0,2333,2025-05-09 15:40:19.041,,2147483647,581347,False,nan
4779,686963,1611482594,MERV - XMEV - GGAL - 24hs,6750.0,2025-05-09 15:40:18,2,2025-05-09 15:40:19.623,6740.0,472,6730.0,4141,6720.0,15883,6710.0,3653,6700.0,8070,6750.0,9750,6760.0,2141,6770.0,3922,6780.0,16083,6790.0,2333,2025-05-09 15:40:19.541,,2147483647,581349,False,nan
4780,687230,1611482990,MERV - XMEV - GGAL - 24hs,6750.0,2025-05-09 15:40:18,2,2025-05-09 15:40:21.795,6740.0,472,6730.0,3891,6720.0,15883,6710.0,3653,6700.0,8070,6750.0,9750,6760.0,2141,6770.0,3922,6780.0,16083,6790.0,2333,2025-05-09 15:40:21.560,,2147483647,581349,False,nan
4781,687626,1611483500,MERV - XMEV - GGAL - 24hs,6750.0,2025-05-09 15:40:24,558,2025-05-09 15:40:24.199,6740.0,472,6730.0,3891,6720.0,15883,6710.0,3653,6700.0,8070,6750.0,9750,6760.0,2141,6770.0,3922,6780.0,16083,6790.0,2333,2025-05-09 15:40:24.117,,2147483647,581349,True,offer
4782,687686,1611483582,MERV - XMEV - GGAL - 24hs,6750.0,2025-05-09 15:40:24,442,2025-05-09 15:40:24.700,6740.0,472,6730.0,3891,6720.0,15883,6710.0,3653,6700.0,8070,6750.0,9750,6760.0,2141,6770.0,3922,6780.0,16083,6790.0,2333,2025-05-09 15:40:24.617,,2147483647,581349,False,nan
4783,687762,1611483686,MERV - XMEV - GGAL - 24hs,6750.0,2025-05-09 15:40:24,442,2025-05-09 15:40:25.198,6740.0,472,6730.0,3891,6720.0,15883,6710.0,3653,6700.0,8070,6750.0,8750,6760.0,2141,6770.0,3922,6780.0,16083,6790.0,2333,2025-05-09 15:40:25.117,,2147483647,582349,False,nan
4784,688323,1611484452,MERV - XMEV - GGAL - 24hs,6750.0,2025-05-09 15:40:24,442,2025-05-09 15:40:30.946,6740.0,572,6730.0,3891,6720.0,15883,6710.0,3653,6700.0,8070,6750.0,8750,6760.0,2141,6770.0,3922,6780.0,16083,6790.0,2333,2025-05-09 15:40:30.864,,2147483647,582349,False,nan
4785,688590,1611484824,MERV - XMEV - GGAL - 24hs,6750.0,2025-05-09 15:40:33,5,2025-05-09 15:40:33.652,6740.0,572,6730.0,3891,6720.0,15883,6710.0,3653,6700.0,8070,6750.0,8750,6760.0,2141,6770.0,3922,6780.0,16083,6790.0,2333,2025-05-09 15:40:33.512,,2147483647,582349,True,offer
4786,688647,1611484903,MERV - XMEV - GGAL - 24hs,6750.0,2025-05-09 15:40:33,5,2025-05-09 15:40:34.265,6740.0,572,6730.0,3891,6720.0,15883,6710.0,3653,6700.0,8070,6750.0,8745,6760.0,2141,6770.0,3922,6780.0,16083,6790.0,2333,2025-05-09 15:40:34.183,,2147483647,582349,False,nan
4787,688683,1611484944,MERV - XMEV - GGAL - 24hs,6750.0,2025-05-09 15:40:33,5,2025-05-09 15:40:34.766,6740.0,572,6730.0,3891,6720.0,15883,6710.0,3653,6700.0,8070,6750.0,8745,6760.0,2141,6770.0,3922,6780.0,16083,6790.0,2333,2025-05-09 15:40:34.684,,2147483647,582354,False,nan
4788,689033,1611485420,MERV - XMEV - GGAL - 24hs,6750.0,2025-05-09 15:40:33,5,2025-05-09 15:40:39.421,6740.0,572,6730.0,3893,6720.0,15883,6710.0,3653,6700.0,8070,6750.0,8745,6760.0,2141,6770.0,3922,6780.0,16083,6790.0,2333,2025-05-09 15:40:39.338,,2147483647,582354,False,nan
4789,689712,1611486342,MERV - XMEV - GGAL - 24hs,6750.0,2025-05-09 15:40:33,5,2025-05-09 15:40:46.593,6740.0,572,6730.0,3866,6720.0,15883,6710.0,3653,6700.0,8070,6750.0,8745,6760.0,2141,6770.0,3922,6780.0,16083,6790.0,2333,2025-05-09 15:40:46.511,,2147483647,582354,False,nan
4790,689965,1611486660,MERV - XMEV - GGAL - 24hs,6750.0,2025-05-09 15:40:33,5,2025-05-09 15:40:49.382,6740.0,572,6730.0,3861,6720.0,15883,6710.0,3653,6700.0,8070,6750.0,8745,6760.0,2141,6770.0,3922,6780.0,16083,6790.0,2333,2025-05-09 15:40:49.300,,2147483647,582354,False,nan
4791,690459,1611487273,MERV - XMEV - GGAL - 24hs,6750.0,2025-05-09 15:40:33,5,2025-05-09 15:40:54.803,6740.0,572,6730.0,4061,6720.0,15883,6710.0,3653,6700.0,8070,6750.0,8745,6760.0,2141,6770.0,3922,6780.0,16083,6790.0,2333,2025-05-09 15:40:54.712,,2147483647,582354,False,nan
4792,690557,1611487392,MERV - XMEV - GGAL - 24hs,6750.0,2025-05-09 15:40:55,100,2025-05-09 15:40:55.965,6740.0,572,6730.0,4061,6720.0,15883,6710.0,3653,6700.0,8070,6750.0,8745,6760.0,2141,6770.0,3922,6780.0,16083,6790.0,2333,2025-05-09 15:40:55.883,,2147483647,582354,True,offer
4793,690604,1611487448,MERV - XMEV - GGAL - 24hs,6750.0,2025-05-09 15:40:55,100,2025-05-09 15:40:56.645,6740.0,572,6730.0,4061,6720.0,15883,6710.0,3653,6700.0,8070,6750.0,8645,6760.0,2141,6770.0,3922,6780.0,16083,6790.0,2333,2025-05-09 15:40:56.561,,2147483647,582354,False,nan
4794,690655,1611487518,MERV - XMEV - GGAL - 24hs,6750.0,2025-05-09 15:40:55,100,2025-05-09 15:40:57.145,6740.0,572,6730.0,4061,6720.0,15883,6710.0,3653,6700.0,8070,6750.0,8645,6760.0,2141,6770.0,3922,6780.0,16083,6790.0,2333,2025-05-09 15:40:57.062,,2147483647,582454,False,nan
4795,690985,1611487998,MERV - XMEV - GGAL - 24hs,6750.0,2025-05-09 15:40:55,100,2025-05-09 15:41:01.183,6740.0,572,6730.0,4052,6720.0,15883,6710.0,3653,6700.0,8070,6750.0,8645,6760.0,2141,6770.0,3922,6780.0,16083,6790.0,2333,2025-05-09 15:41:01.101,,2147483647,582454,False,nan
4796,691151,1611488266,MERV - XMEV - GGAL - 24hs,6750.0,2025-05-09 15:40:55,100,2025-05-09 15:41:02.772,6740.0,724,6730.0,4052,6720.0,15883,6710.0,3653,6700.0,8070,6750.0,8645,6760.0,2141,6770.0,3922,6780.0,16083,6790.0,2333,2025-05-09 15:41:02.666,,2147483647,582454,False,nan
4797,691659,1611488948,MERV - XMEV - GGAL - 24hs,6750.0,2025-05-09 15:40:55,100,2025-05-09 15:41:08.867,6740.0,724,6730.0,4283,6720.0,15883,6710.0,3653,6700.0,8070,6750.0,8645,6760.0,2141,6770.0,3922,6780.0,16083,6790.0,2333,2025-05-09 15:41:08.784,,2147483647,582454,False,nan
4798,691854,1611489176,MERV - XMEV - GGAL - 24hs,6750.0,2025-05-09 15:40:55,100,2025-05-09 15:41:10.236,6740.0,724,6730.0,5224,6720.0,15883,6710.0,3653,6700.0,8070,6750.0,8645,6760.0,2141,6770.0,3922,6780.0,16083,6790.0,2333,2025-05-09 15:41:09.983,,2147483647,582454,False,nan
4799,691912,1611489264,MERV - XMEV - GGAL - 24hs,6750.0,2025-05-09 15:40:55,100,2025-05-09 15:41:10.582,6740.0,724,6730.0,5323,6720.0,15883,6710.0,3653,6700.0,8070,6750.0,8645,6760.0,2141,6770.0,3922,6780.0,16083,6790.0,2333,2025-05-09 15:41:10.500,,2147483647,582454,False,nan
4800,692096,1611489492,MERV - XMEV - GGAL - 24hs,6750.0,2025-05-09 15:40:55,100,2025-05-09 15:41:13.269,6740.0,991,6730.0,3659,6720.0,15883,6710.0,3653,6700.0,8070,6750.0,8645,6760.0,2141,6770.0,3922,6780.0,16083,6790.0,2333,2025-05-09 15:41:13.184,,2147483647,582454,False,nan
4801,692880,1611490533,MERV - XMEV - GGAL - 24hs,6750.0,2025-05-09 15:40:55,100,2025-05-09 15:41:21.077,6740.0,991,6730.0,1654,6720.0,15883,6710.0,3653,6700.0,8070,6750.0,8645,6760.0,2141,6770.0,3922,6780.0,16083,6790.0,2333,2025-05-09 15:41:20.993,,2147483647,582454,False,nan
4802,692969,1611490683,MERV - XMEV - GGAL - 24hs,6750.0,2025-05-09 15:41:21,251,2025-05-09 15:41:21.715,6740.0,991,6730.0,1654,6720.0,15883,6710.0,3653,6700.0,8070,6750.0,8645,6760.0,2141,6770.0,3922,6780.0,16083,6790.0,2333,2025-05-09 15:41:21.488,,2147483647,582454,True,offer
4803,693059,1611490797,MERV - XMEV - GGAL - 24hs,6750.0,2025-05-09 15:41:21,251,2025-05-09 15:41:22.135,6740.0,991,6730.0,1654,6720.0,15883,6710.0,3653,6700.0,8070,6750.0,8394,6760.0,2141,6770.0,3922,6780.0,16083,6790.0,2333,2025-05-09 15:41:22.011,,2147483647,582454,False,nan
4804,693179,1611490982,MERV - XMEV - GGAL - 24hs,6750.0,2025-05-09 15:41:21,251,2025-05-09 15:41:22.696,6740.0,991,6730.0,1654,6720.0,15883,6710.0,3653,6700.0,8070,6750.0,8394,6760.0,2141,6770.0,3922,6780.0,16083,6790.0,2333,2025-05-09 15:41:22.511,,2147483647,582705,False,nan
4805,693954,1611492012,MERV - XMEV - GGAL - 24hs,6750.0,2025-05-09 15:41:30,201,2025-05-09 15:41:30.892,6740.0,991,6730.0,1654,6720.0,15883,6710.0,3653,6700.0,8070,6750.0,8394,6760.0,2141,6770.0,3922,6780.0,16083,6790.0,2333,2025-05-09 15:41:30.810,,2147483647,582705,True,offer
4806,693996,1611492060,MERV - XMEV - GGAL - 24hs,6750.0,2025-05-09 15:41:30,201,2025-05-09 15:41:31.559,6740.0,991,6730.0,1654,6720.0,15883,6710.0,3653,6700.0,8070,6750.0,8193,6760.0,2141,6770.0,3922,6780.0,16083,6790.0,2333,2025-05-09 15:41:31.477,,2147483647,582705,False,nan
4807,694059,1611492141,MERV - XMEV - GGAL - 24hs,6750.0,2025-05-09 15:41:30,201,2025-05-09 15:41:32.062,6740.0,991,6730.0,1654,6720.0,15883,6710.0,3653,6700.0,8070,6750.0,8193,6760.0,2141,6770.0,3922,6780.0,16083,6790.0,2333,2025-05-09 15:41:31.977,,2147483647,582906,False,nan
4808,694539,1611492746,MERV - XMEV - GGAL - 24hs,6750.0,2025-05-09 15:41:30,201,2025-05-09 15:41:36.620,6740.0,991,6730.0,1717,6720.0,15883,6710.0,3653,6700.0,8070,6750.0,8193,6760.0,2141,6770.0,3922,6780.0,16083,6790.0,2333,2025-05-09 15:41:36.534,,2147483647,582906,False,nan
4809,694886,1611493157,MERV - XMEV - GGAL - 24hs,6750.0,2025-05-09 15:41:30,201,2025-05-09 15:41:39.917,6740.0,985,6730.0,1717,6720.0,15883,6710.0,3653,6700.0,8070,6750.0,8193,6760.0,2141,6770.0,3922,6780.0,16083,6790.0,2333,2025-05-09 15:41:39.836,,2147483647,582906,False,nan
4810,695054,1611493358,MERV - XMEV - GGAL - 24hs,6750.0,2025-05-09 15:41:41,100,2025-05-09 15:41:41.254,6740.0,985,6730.0,1717,6720.0,15883,6710.0,3653,6700.0,8070,6750.0,8193,6760.0,2141,6770.0,3922,6780.0,16083,6790.0,2333,2025-05-09 15:41:41.165,,2147483647,582906,True,offer
4811,695112,1611493431,MERV - XMEV - GGAL - 24hs,6750.0,2025-05-09 15:41:41,100,2025-05-09 15:41:41.911,6740.0,985,6730.0,1717,6720.0,15883,6710.0,3653,6700.0,8070,6750.0,8093,6760.0,2141,6770.0,3922,6780.0,16083,6790.0,2333,2025-05-09 15:41:41.827,,2147483647,582906,False,nan
4812,695152,1611493489,MERV - XMEV - GGAL - 24hs,6750.0,2025-05-09 15:41:41,100,2025-05-09 15:41:42.410,6740.0,985,6730.0,1717,6720.0,15883,6710.0,3653,6700.0,8070,6750.0,8093,6760.0,2141,6770.0,3922,6780.0,16083,6790.0,2333,2025-05-09 15:41:42.327,,2147483647,583006,False,nan
4813,695223,1611493582,MERV - XMEV - GGAL - 24hs,6750.0,2025-05-09 15:41:42,302,2025-05-09 15:41:42.984,6740.0,985,6730.0,1717,6720.0,15883,6710.0,3653,6700.0,8070,6750.0,8093,6760.0,2141,6770.0,3922,6780.0,16083,6790.0,2333,2025-05-09 15:41:42.901,,2147483647,583006,True,offer
4814,695288,1611493670,MERV - XMEV - GGAL - 24hs,6750.0,2025-05-09 15:41:42,302,2025-05-09 15:41:43.667,6740.0,985,6730.0,1717,6720.0,15883,6710.0,3653,6700.0,8070,6750.0,7791,6760.0,2141,6770.0,3922,6780.0,16083,6790.0,2333,2025-05-09 15:41:43.585,,2147483647,583006,False,nan
4815,695319,1611493707,MERV - XMEV - GGAL - 24hs,6750.0,2025-05-09 15:41:42,302,2025-05-09 15:41:44.166,6740.0,985,6730.0,1717,6720.0,15883,6710.0,3653,6700.0,8070,6750.0,7791,6760.0,2141,6770.0,3922,6780.0,16083,6790.0,2333,2025-05-09 15:41:44.085,,2147483647,583308,False,nan
4816,695949,1611494631,MERV - XMEV - GGAL - 24hs,6740.0,2025-05-09 15:41:50,292,2025-05-09 15:41:50.979,6740.0,985,6730.0,1717,6720.0,15883,6710.0,3653,6700.0,8070,6750.0,7791,6760.0,2141,6770.0,3922,6780.0,16083,6790.0,2333,2025-05-09 15:41:50.897,,2147483647,583308,True,bid
4817,696026,1611494727,MERV - XMEV - GGAL - 24hs,6740.0,2025-05-09 15:41:50,77,2025-05-09 15:41:51.496,6740.0,985,6730.0,1717,6720.0,15883,6710.0,3653,6700.0,8070,6750.0,7791,6760.0,2141,6770.0,3922,6780.0,16083,6790.0,2333,2025-05-09 15:41:51.397,,2147483647,583308,False,nan
4818,696101,1611494831,MERV - XMEV - GGAL - 24hs,6740.0,2025-05-09 15:41:50,77,2025-05-09 15:41:51.978,6730.0,1717,6720.0,15883,6710.0,3653,6700.0,8070,6690.0,370,6750.0,7867,6760.0,2141,6770.0,3922,6780.0,16083,6790.0,2326,2025-05-09 15:41:51.897,,2147483647,584109,False,nan
4819,696148,1611494897,MERV - XMEV - GGAL - 24hs,6740.0,2025-05-09 15:41:50,77,2025-05-09 15:41:52.479,6740.0,183,6730.0,1717,6720.0,15883,6710.0,3653,6700.0,8070,6750.0,7791,6760.0,2141,6770.0,3922,6780.0,16083,6790.0,2333,2025-05-09 15:41:52.397,,2147483647,584109,False,nan
4820,696404,1611495232,MERV - XMEV - GGAL - 24hs,6740.0,2025-05-09 15:41:54,183,2025-05-09 15:41:54.840,6740.0,183,6730.0,1717,6720.0,15883,6710.0,3653,6700.0,8070,6750.0,7791,6760.0,2141,6770.0,3922,6780.0,16083,6790.0,2333,2025-05-09 15:41:54.757,,2147483647,584109,True,bid
4821,696444,1611495295,MERV - XMEV - GGAL - 24hs,6740.0,2025-05-09 15:41:54,183,2025-05-09 15:41:55.504,6730.0,1717,6720.0,15883,6710.0,3653,6700.0,8070,6690.0,370,6740.0,817,6750.0,7791,6760.0,1141,6770.0,3922,6780.0,16083,2025-05-09 15:41:55.422,,2147483647,584109,False,nan
4822,696476,1611495341,MERV - XMEV - GGAL - 24hs,6740.0,2025-05-09 15:41:55,183,2025-05-09 15:41:56.004,6730.0,1717,6720.0,15883,6710.0,3653,6700.0,8070,6690.0,370,6740.0,817,6750.0,7791,6760.0,1141,6770.0,3922,6780.0,16083,2025-05-09 15:41:55.922,,2147483647,584292,True,offer
4823,696520,1611495410,MERV - XMEV - GGAL - 24hs,6740.0,2025-05-09 15:41:55,183,2025-05-09 15:41:56.508,6730.0,1717,6720.0,15883,6710.0,3653,6700.0,8070,6690.0,370,6740.0,634,6750.0,7791,6760.0,1141,6770.0,3922,6780.0,16083,2025-05-09 15:41:56.422,,2147483647,584475,False,nan
4824,696560,1611495459,MERV - XMEV - GGAL - 24hs,6740.0,2025-05-09 15:41:56,349,2025-05-09 15:41:57.004,6730.0,1717,6720.0,15883,6710.0,3653,6700.0,8070,6690.0,370,6740.0,634,6750.0,7791,6760.0,1141,6770.0,3922,6780.0,16083,2025-05-09 15:41:56.922,,2147483647,584475,True,offer
4825,696597,1611495506,MERV - XMEV - GGAL - 24hs,6740.0,2025-05-09 15:41:56,146,2025-05-09 15:41:57.512,6730.0,1717,6720.0,15883,6710.0,3653,6700.0,8070,6690.0,370,6740.0,139,6750.0,7791,6760.0,1141,6770.0,3922,6780.0,16083,2025-05-09 15:41:57.429,,2147483647,584824,False,nan
4826,696643,1611495562,MERV - XMEV - GGAL - 24hs,6740.0,2025-05-09 15:41:57,139,2025-05-09 15:41:58.004,6730.0,1717,6720.0,15883,6710.0,3653,6700.0,8070,6690.0,370,6740.0,139,6750.0,7791,6760.0,1141,6770.0,3922,6780.0,16083,2025-05-09 15:41:57.922,,2147483647,584970,True,offer
4827,696697,1611495634,MERV - XMEV - GGAL - 24hs,6740.0,2025-05-09 15:41:58,138,2025-05-09 15:41:58.505,6730.0,1717,6720.0,15883,6710.0,3653,6700.0,8070,6690.0,370,6740.0,139,6750.0,7791,6760.0,1141,6770.0,3922,6780.0,16083,2025-05-09 15:41:58.422,,2147483647,585109,True,offer
4828,696728,1611495676,MERV - XMEV - GGAL - 24hs,6740.0,2025-05-09 15:41:58,138,2025-05-09 15:41:59.006,6730.0,1717,6720.0,15883,6710.0,3653,6700.0,8070,6690.0,370,6740.0,120,6750.0,7791,6760.0,1141,6770.0,3922,6780.0,16083,2025-05-09 15:41:58.922,,2147483647,585247,False,nan
4829,696775,1611495734,MERV - XMEV - GGAL - 24hs,6740.0,2025-05-09 15:41:59,74,2025-05-09 15:41:59.689,6730.0,1717,6720.0,15883,6710.0,3653,6700.0,8070,6690.0,370,6740.0,120,6750.0,7791,6760.0,1141,6770.0,3922,6780.0,16083,2025-05-09 15:41:59.607,,2147483647,585247,True,offer
4830,696894,1611495883,MERV - XMEV - GGAL - 24hs,6740.0,2025-05-09 15:41:59,74,2025-05-09 15:42:00.371,6730.0,1717,6720.0,15883,6710.0,3653,6700.0,8070,6690.0,370,6740.0,46,6750.0,7791,6760.0,1141,6770.0,3922,6780.0,16083,2025-05-09 15:42:00.272,,2147483647,585247,False,nan
4831,696929,1611495925,MERV - XMEV - GGAL - 24hs,6740.0,2025-05-09 15:41:59,74,2025-05-09 15:42:00.859,6730.0,1717,6720.0,15883,6710.0,3653,6700.0,8070,6690.0,370,6740.0,46,6750.0,7791,6760.0,1141,6770.0,3922,6780.0,16083,2025-05-09 15:42:00.772,,2147483647,585321,False,nan
4832,696959,1611495964,MERV - XMEV - GGAL - 24hs,6740.0,2025-05-09 15:42:00,46,2025-05-09 15:42:01.357,6730.0,1717,6720.0,15883,6710.0,3653,6700.0,8070,6690.0,370,6740.0,46,6750.0,7791,6760.0,1141,6770.0,3922,6780.0,16083,2025-05-09 15:42:01.272,,2147483647,585321,True,offer
4833,697003,1611496031,MERV - XMEV - GGAL - 24hs,6740.0,2025-05-09 15:42:00,46,2025-05-09 15:42:01.854,6740.0,44,6730.0,1717,6720.0,15883,6710.0,3653,6700.0,8070,6750.0,7791,6760.0,1141,6770.0,3922,6780.0,16083,6790.0,2333,2025-05-09 15:42:01.772,,2147483647,585367,False,nan
4834,697079,1611496123,MERV - XMEV - GGAL - 24hs,6740.0,2025-05-09 15:42:00,46,2025-05-09 15:42:02.643,6740.0,298,6730.0,1717,6720.0,15883,6710.0,3653,6700.0,8070,6750.0,7791,6760.0,1141,6770.0,3922,6780.0,16083,6790.0,2333,2025-05-09 15:42:02.561,,2147483647,585367,False,nan
4835,697375,1611496598,MERV - XMEV - GGAL - 24hs,6740.0,2025-05-09 15:42:00,46,2025-05-09 15:42:05.939,6740.0,342,6730.0,1717,6720.0,15883,6710.0,3653,6700.0,8070,6750.0,7791,6760.0,1141,6770.0,3922,6780.0,16083,6790.0,2333,2025-05-09 15:42:05.723,,2147483647,585367,False,nan
4836,697436,1611496705,MERV - XMEV - GGAL - 24hs,6740.0,2025-05-09 15:42:00,46,2025-05-09 15:42:06.851,6740.0,372,6730.0,1717,6720.0,15883,6710.0,3653,6700.0,8070,6750.0,7791,6760.0,1141,6770.0,3922,6780.0,16083,6790.0,2333,2025-05-09 15:42:06.571,,2147483647,585367,False,nan
4837,697762,1611497148,MERV - XMEV - GGAL - 24hs,6740.0,2025-05-09 15:42:09,2,2025-05-09 15:42:09.634,6740.0,372,6730.0,1717,6720.0,15883,6710.0,3653,6700.0,8070,6750.0,7791,6760.0,1141,6770.0,3922,6780.0,16083,6790.0,2333,2025-05-09 15:42:09.552,,2147483647,585367,True,bid
4838,697830,1611497229,MERV - XMEV - GGAL - 24hs,6740.0,2025-05-09 15:42:09,2,2025-05-09 15:42:10.301,6740.0,370,6730.0,1717,6720.0,15883,6710.0,3653,6700.0,8070,6750.0,7791,6760.0,1141,6770.0,3922,6780.0,16083,6790.0,2333,2025-05-09 15:42:10.217,,2147483647,585367,False,nan
4839,697863,1611497268,MERV - XMEV - GGAL - 24hs,6740.0,2025-05-09 15:42:09,2,2025-05-09 15:42:10.799,6740.0,370,6730.0,1717,6720.0,15883,6710.0,3653,6700.0,8070,6750.0,7791,6760.0,1141,6770.0,3922,6780.0,16083,6790.0,2333,2025-05-09 15:42:10.717,,2147483647,585369,False,nan
4840,698310,1611497824,MERV - XMEV - GGAL - 24hs,6740.0,2025-05-09 15:42:09,2,2025-05-09 15:42:16.317,6740.0,370,6730.0,1717,6720.0,15883,6710.0,3653,6700.0,8070,6750.0,8622,6760.0,1141,6770.0,3922,6780.0,15280,6790.0,2333,2025-05-09 15:42:16.229,,2147483647,585369,False,nan
4841,699015,1611498687,MERV - XMEV - GGAL - 24hs,6740.0,2025-05-09 15:42:09,2,2025-05-09 15:42:24.760,6740.0,370,6730.0,1717,6720.0,15883,6710.0,3653,6700.0,8080,6750.0,8622,6760.0,1141,6770.0,3922,6780.0,15280,6790.0,2333,2025-05-09 15:42:24.677,,2147483647,585369,False,nan
4842,699174,1611498886,MERV - XMEV - GGAL - 24hs,6740.0,2025-05-09 15:42:09,2,2025-05-09 15:42:26.390,6740.0,370,6730.0,1717,6720.0,15883,6710.0,3653,6700.0,8082,6750.0,8622,6760.0,1141,6770.0,3922,6780.0,15280,6790.0,2333,2025-05-09 15:42:26.309,,2147483647,585369,False,nan
4843,699616,1611499444,MERV - XMEV - GGAL - 24hs,6740.0,2025-05-09 15:42:09,2,2025-05-09 15:42:31.540,6740.0,370,6730.0,1717,6720.0,15883,6710.0,3655,6700.0,8080,6750.0,8622,6760.0,1141,6770.0,3922,6780.0,15280,6790.0,2333,2025-05-09 15:42:31.434,,2147483647,585369,False,nan
4844,699744,1611499610,MERV - XMEV - GGAL - 24hs,6740.0,2025-05-09 15:42:09,2,2025-05-09 15:42:32.657,6740.0,370,6730.0,1717,6720.0,15908,6710.0,3655,6700.0,8080,6750.0,8622,6760.0,1141,6770.0,3922,6780.0,15280,6790.0,2333,2025-05-09 15:42:32.574,,2147483647,585369,False,nan
4845,699915,1611499849,MERV - XMEV - GGAL - 24hs,6740.0,2025-05-09 15:42:09,2,2025-05-09 15:42:34.638,6740.0,369,6730.0,1717,6720.0,15908,6710.0,3655,6700.0,8080,6750.0,8622,6760.0,1141,6770.0,3922,6780.0,15280,6790.0,2333,2025-05-09 15:42:34.556,,2147483647,585369,False,nan
4846,701255,1611501898,MERV - XMEV - GGAL - 24hs,6740.0,2025-05-09 15:42:09,2,2025-05-09 15:42:47.002,6740.0,410,6730.0,1717,6720.0,15908,6710.0,3655,6700.0,8080,6750.0,8622,6760.0,1141,6770.0,3922,6780.0,15280,6790.0,2333,2025-05-09 15:42:46.909,,2147483647,585369,False,nan
4847,701605,1611502366,MERV - XMEV - GGAL - 24hs,6740.0,2025-05-09 15:42:09,2,2025-05-09 15:42:50.113,6740.0,2415,6730.0,1717,6720.0,15908,6710.0,3655,6700.0,8080,6750.0,8622,6760.0,1141,6770.0,3922,6780.0,15280,6790.0,2333,2025-05-09 15:42:50.032,,2147483647,585369,False,nan
4848,702564,1611503684,MERV - XMEV - GGAL - 24hs,6750.0,2025-05-09 15:42:59,2666,2025-05-09 15:43:00.060,6740.0,2415,6730.0,1717,6720.0,15908,6710.0,3655,6700.0,8080,6750.0,8622,6760.0,1141,6770.0,3922,6780.0,15280,6790.0,2333,2025-05-09 15:42:59.955,,2147483647,585369,True,offer
4849,702618,1611503753,MERV - XMEV - GGAL - 24hs,6750.0,2025-05-09 15:42:59,2666,2025-05-09 15:43:00.708,6740.0,2415,6730.0,1717,6720.0,15908,6710.0,3655,6700.0,8080,6750.0,5956,6760.0,1141,6770.0,3922,6780.0,15280,6790.0,2333,2025-05-09 15:43:00.625,,2147483647,585369,False,nan
4850,702679,1611503857,MERV - XMEV - GGAL - 24hs,6750.0,2025-05-09 15:43:01,380,2025-05-09 15:43:01.239,6740.0,2415,6730.0,1717,6720.0,15908,6710.0,3655,6700.0,8080,6750.0,5956,6760.0,1141,6770.0,3922,6780.0,15280,6790.0,2333,2025-05-09 15:43:01.136,,2147483647,588035,True,offer
4851,702754,1611503974,MERV - XMEV - GGAL - 24hs,6750.0,2025-05-09 15:43:01,380,2025-05-09 15:43:01.848,6740.0,2415,6730.0,1717,6720.0,15908,6710.0,3655,6700.0,8080,6750.0,5576,6760.0,1141,6770.0,3922,6780.0,15280,6790.0,2333,2025-05-09 15:43:01.752,,2147483647,588035,False,nan
4852,702816,1611504069,MERV - XMEV - GGAL - 24hs,6750.0,2025-05-09 15:43:01,380,2025-05-09 15:43:02.333,6740.0,2415,6730.0,1717,6720.0,15908,6710.0,3655,6700.0,8080,6750.0,5576,6760.0,1141,6770.0,3922,6780.0,15280,6790.0,2333,2025-05-09 15:43:02.249,,2147483647,588415,False,nan
4853,703379,1611504859,MERV - XMEV - GGAL - 24hs,6740.0,2025-05-09 15:43:07,44,2025-05-09 15:43:07.502,6740.0,2415,6730.0,1717,6720.0,15908,6710.0,3655,6700.0,8080,6750.0,5576,6760.0,1141,6770.0,3922,6780.0,15280,6790.0,2333,2025-05-09 15:43:07.420,,2147483647,588415,True,bid
4854,703423,1611504924,MERV - XMEV - GGAL - 24hs,6740.0,2025-05-09 15:43:07,143,2025-05-09 15:43:08.350,6740.0,2415,6730.0,1717,6720.0,15908,6710.0,3655,6700.0,8080,6750.0,5576,6760.0,1141,6770.0,3922,6780.0,15280,6790.0,2333,2025-05-09 15:43:08.192,,2147483647,588415,False,nan
4855,703471,1611504992,MERV - XMEV - GGAL - 24hs,6740.0,2025-05-09 15:43:07,143,2025-05-09 15:43:08.555,6740.0,2047,6730.0,1717,6720.0,15908,6710.0,3655,6700.0,8080,6750.0,5576,6760.0,1168,6770.0,3922,6780.0,15280,6790.0,2333,2025-05-09 15:43:08.419,,2147483647,588632,False,nan
4856,703514,1611505048,MERV - XMEV - GGAL - 24hs,6740.0,2025-05-09 15:43:07,143,2025-05-09 15:43:09.000,6740.0,2341,6730.0,1717,6720.0,15908,6710.0,3655,6700.0,8080,6750.0,5576,6760.0,1168,6770.0,3922,6780.0,15280,6790.0,2333,2025-05-09 15:43:08.919,,2147483647,588632,False,nan
4857,703582,1611505131,MERV - XMEV - GGAL - 24hs,6740.0,2025-05-09 15:43:07,143,2025-05-09 15:43:09.638,6740.0,2198,6730.0,1717,6720.0,15908,6710.0,3655,6700.0,8080,6750.0,5576,6760.0,1168,6770.0,3922,6780.0,15280,6790.0,2333,2025-05-09 15:43:09.555,,2147483647,588632,False,nan
4858,704325,1611506179,MERV - XMEV - GGAL - 24hs,6750.0,2025-05-09 15:43:17,2,2025-05-09 15:43:17.387,6740.0,2198,6730.0,1717,6720.0,15908,6710.0,3655,6700.0,8080,6750.0,5576,6760.0,1168,6770.0,3922,6780.0,15280,6790.0,2333,2025-05-09 15:43:17.306,,2147483647,588632,True,offer
4859,704389,1611506265,MERV - XMEV - GGAL - 24hs,6750.0,2025-05-09 15:43:17,2,2025-05-09 15:43:18.031,6740.0,2198,6730.0,1717,6720.0,15908,6710.0,3655,6700.0,8080,6750.0,5574,6760.0,1168,6770.0,3922,6780.0,15280,6790.0,2333,2025-05-09 15:43:17.947,,2147483647,588632,False,nan
4860,704430,1611506318,MERV - XMEV - GGAL - 24hs,6750.0,2025-05-09 15:43:17,2,2025-05-09 15:43:18.528,6740.0,2198,6730.0,1717,6720.0,15908,6710.0,3655,6700.0,8080,6750.0,5574,6760.0,1168,6770.0,3922,6780.0,15280,6790.0,2333,2025-05-09 15:43:18.447,,2147483647,588634,False,nan
4861,704623,1611506585,MERV - XMEV - GGAL - 24hs,6750.0,2025-05-09 15:43:17,2,2025-05-09 15:43:21.073,6740.0,2198,6730.0,1717,6720.0,15908,6710.0,3655,6700.0,8080,6750.0,4743,6760.0,1999,6770.0,3922,6780.0,15280,6790.0,2333,2025-05-09 15:43:20.991,,2147483647,588634,False,nan
4862,704992,1611507098,MERV - XMEV - GGAL - 24hs,6750.0,2025-05-09 15:43:25,1000,2025-05-09 15:43:25.122,6740.0,2198,6730.0,1717,6720.0,15908,6710.0,3655,6700.0,8080,6750.0,4743,6760.0,1999,6770.0,3922,6780.0,15280,6790.0,2333,2025-05-09 15:43:25.040,,2147483647,588634,True,offer
4863,705034,1611507146,MERV - XMEV - GGAL - 24hs,6750.0,2025-05-09 15:43:25,1000,2025-05-09 15:43:25.622,6740.0,2198,6730.0,1717,6720.0,18908,6710.0,655,6700.0,8080,6750.0,3743,6760.0,1999,6770.0,3922,6780.0,15280,6790.0,2333,2025-05-09 15:43:25.540,,2147483647,588634,False,nan
4864,705084,1611507205,MERV - XMEV - GGAL - 24hs,6750.0,2025-05-09 15:43:25,1000,2025-05-09 15:43:26.121,6740.0,2198,6730.0,1717,6720.0,18908,6710.0,655,6700.0,8080,6750.0,3743,6760.0,1999,6770.0,3922,6780.0,15280,6790.0,2333,2025-05-09 15:43:26.040,,2147483647,589634,False,nan
4865,705208,1611507357,MERV - XMEV - GGAL - 24hs,6750.0,2025-05-09 15:43:25,1000,2025-05-09 15:43:27.615,6740.0,2211,6730.0,1717,6720.0,18908,6710.0,655,6700.0,8080,6750.0,3743,6760.0,1999,6770.0,3922,6780.0,15280,6790.0,2333,2025-05-09 15:43:27.531,,2147483647,589634,False,nan
4866,705518,1611507805,MERV - XMEV - GGAL - 24hs,6750.0,2025-05-09 15:43:25,1000,2025-05-09 15:43:30.756,6740.0,2221,6730.0,1717,6720.0,18908,6710.0,655,6700.0,8080,6750.0,3743,6760.0,1999,6770.0,3922,6780.0,15280,6790.0,2333,2025-05-09 15:43:30.675,,2147483647,589634,False,nan
4867,705942,1611508353,MERV - XMEV - GGAL - 24hs,6750.0,2025-05-09 15:43:25,1000,2025-05-09 15:43:35.673,6740.0,2235,6730.0,1717,6720.0,908,6710.0,15655,6700.0,11080,6750.0,3743,6760.0,1999,6770.0,3922,6780.0,15280,6790.0,2333,2025-05-09 15:43:35.591,,2147483647,589634,False,nan
4868,705999,1611508430,MERV - XMEV - GGAL - 24hs,6750.0,2025-05-09 15:43:25,1000,2025-05-09 15:43:36.462,6740.0,2235,6730.0,1717,6720.0,15908,6710.0,3655,6700.0,8080,6750.0,3743,6760.0,1999,6770.0,3922,6780.0,15280,6790.0,2333,2025-05-09 15:43:36.367,,2147483647,589634,False,nan
4869,706089,1611508543,MERV - XMEV - GGAL - 24hs,6750.0,2025-05-09 15:43:25,1000,2025-05-09 15:43:37.244,6740.0,2235,6730.0,1717,6720.0,908,6710.0,15655,6700.0,11080,6750.0,3743,6760.0,1999,6770.0,3922,6780.0,15280,6790.0,2333,2025-05-09 15:43:37.160,,2147483647,589634,False,nan
4870,706669,1611509409,MERV - XMEV - GGAL - 24hs,6750.0,2025-05-09 15:43:42,1,2025-05-09 15:43:42.388,6740.0,2235,6730.0,1717,6720.0,908,6710.0,15655,6700.0,11080,6750.0,3743,6760.0,1999,6770.0,3922,6780.0,15280,6790.0,2333,2025-05-09 15:43:42.073,,2147483647,589634,True,offer
4871,706727,1611509480,MERV - XMEV - GGAL - 24hs,6750.0,2025-05-09 15:43:42,1,2025-05-09 15:43:42.824,6740.0,2235,6730.0,1717,6720.0,908,6710.0,15655,6700.0,11080,6750.0,3743,6760.0,1999,6770.0,3922,6780.0,15280,6790.0,2333,2025-05-09 15:43:42.730,,2147483647,589635,False,nan
4872,706785,1611509560,MERV - XMEV - GGAL - 24hs,6750.0,2025-05-09 15:43:42,1,2025-05-09 15:43:43.313,6740.0,2235,6730.0,1717,6720.0,908,6710.0,15655,6700.0,11080,6750.0,3742,6760.0,1999,6770.0,3922,6780.0,15280,6790.0,2333,2025-05-09 15:43:43.230,,2147483647,589635,False,nan
4873,706836,1611509623,MERV - XMEV - GGAL - 24hs,6750.0,2025-05-09 15:43:42,1,2025-05-09 15:43:43.880,6740.0,2235,6730.0,1717,6720.0,908,6710.0,15655,6700.0,11180,6750.0,3742,6760.0,1999,6770.0,3922,6780.0,15280,6790.0,2333,2025-05-09 15:43:43.799,,2147483647,589635,False,nan
4874,706932,1611509737,MERV - XMEV - GGAL - 24hs,6750.0,2025-05-09 15:43:42,1,2025-05-09 15:43:44.740,6740.0,2198,6730.0,1717,6720.0,908,6710.0,15655,6700.0,11180,6750.0,3742,6760.0,1999,6770.0,3922,6780.0,15280,6790.0,2333,2025-05-09 15:43:44.631,,2147483647,589635,False,nan
4875,707038,1611509900,MERV - XMEV - GGAL - 24hs,6750.0,2025-05-09 15:43:45,4,2025-05-09 15:43:45.414,6740.0,2198,6730.0,1717,6720.0,908,6710.0,15655,6700.0,11180,6750.0,3742,6760.0,1999,6770.0,3922,6780.0,15280,6790.0,2333,2025-05-09 15:43:45.328,,2147483647,589635,True,offer
4876,707142,1611510034,MERV - XMEV - GGAL - 24hs,6750.0,2025-05-09 15:43:45,4,2025-05-09 15:43:46.432,6740.0,2198,6730.0,1717,6720.0,908,6710.0,15655,6700.0,11180,6750.0,3738,6760.0,1999,6770.0,3922,6780.0,15280,6790.0,2333,2025-05-09 15:43:46.095,,2147483647,589635,False,nan
4877,707204,1611510114,MERV - XMEV - GGAL - 24hs,6750.0,2025-05-09 15:43:45,4,2025-05-09 15:43:46.683,6740.0,2198,6730.0,1717,6720.0,908,6710.0,15655,6700.0,11180,6750.0,3738,6760.0,1999,6770.0,3922,6780.0,15280,6790.0,2333,2025-05-09 15:43:46.500,,2147483647,589639,False,nan
4878,707267,1611510193,MERV - XMEV - GGAL - 24hs,6750.0,2025-05-09 15:43:45,4,2025-05-09 15:43:47.224,6740.0,2198,6730.0,1717,6720.0,908,6710.0,15655,6700.0,11180,6750.0,4569,6760.0,1168,6770.0,3922,6780.0,15280,6790.0,2333,2025-05-09 15:43:47.142,,2147483647,589639,False,nan
4879,707409,1611510376,MERV - XMEV - GGAL - 24hs,6750.0,2025-05-09 15:43:45,4,2025-05-09 15:43:48.075,6740.0,2199,6730.0,1717,6720.0,908,6710.0,15655,6700.0,11180,6750.0,4569,6760.0,1168,6770.0,3922,6780.0,15280,6790.0,2333,2025-05-09 15:43:47.968,,2147483647,589639,False,nan
4880,707565,1611510564,MERV - XMEV - GGAL - 24hs,6750.0,2025-05-09 15:43:45,4,2025-05-09 15:43:49.352,6740.0,2088,6730.0,1797,6720.0,828,6710.0,15655,6700.0,11180,6750.0,4569,6760.0,1168,6770.0,3922,6780.0,15280,6790.0,2333,2025-05-09 15:43:49.268,,2147483647,589639,False,nan
4881,707699,1611510745,MERV - XMEV - GGAL - 24hs,6750.0,2025-05-09 15:43:51,2959,2025-05-09 15:43:51.136,6740.0,2088,6730.0,1797,6720.0,828,6710.0,15655,6700.0,11180,6750.0,4569,6760.0,1168,6770.0,3922,6780.0,15280,6790.0,2333,2025-05-09 15:43:51.050,,2147483647,589639,True,offer
4882,707737,1611510810,MERV - XMEV - GGAL - 24hs,6750.0,2025-05-09 15:43:51,431,2025-05-09 15:43:51.640,6740.0,2088,6730.0,1797,6720.0,828,6710.0,15655,6700.0,11180,6750.0,4569,6760.0,1168,6770.0,3922,6780.0,15280,6790.0,2333,2025-05-09 15:43:51.551,,2147483647,589639,False,nan
4883,707802,1611510904,MERV - XMEV - GGAL - 24hs,6750.0,2025-05-09 15:43:51,431,2025-05-09 15:43:52.134,6740.0,2088,6730.0,1797,6720.0,828,6710.0,15655,6700.0,11180,6750.0,8413,6760.0,1168,6770.0,3922,6780.0,15280,6790.0,2333,2025-05-09 15:43:52.050,,2147483647,594639,False,nan
4884,708536,1611511964,MERV - XMEV - GGAL - 24hs,6750.0,2025-05-09 15:43:51,431,2025-05-09 15:43:58.390,6740.0,2085,6730.0,5699,6720.0,828,6710.0,15655,6700.0,11180,6750.0,8413,6760.0,1168,6770.0,3922,6780.0,15280,6790.0,2333,2025-05-09 15:43:58.307,,2147483647,594639,False,nan
4885,708599,1611512049,MERV - XMEV - GGAL - 24hs,6750.0,2025-05-09 15:43:51,431,2025-05-09 15:43:59.090,6740.0,2085,6730.0,5353,6720.0,828,6710.0,15655,6700.0,11180,6750.0,8413,6760.0,1168,6770.0,3922,6780.0,15280,6790.0,2333,2025-05-09 15:43:59.010,,2147483647,594639,False,nan
4886,708857,1611512388,MERV - XMEV - GGAL - 24hs,6750.0,2025-05-09 15:43:51,431,2025-05-09 15:44:01.448,6740.0,2072,6730.0,5353,6720.0,828,6710.0,15655,6700.0,11180,6750.0,8413,6760.0,1168,6770.0,3922,6780.0,15280,6790.0,2333,2025-05-09 15:44:01.365,,2147483647,594639,False,nan
4887,709372,1611513121,MERV - XMEV - GGAL - 24hs,6750.0,2025-05-09 15:44:06,5000,2025-05-09 15:44:06.271,6740.0,2072,6730.0,5353,6720.0,828,6710.0,15655,6700.0,11180,6750.0,8413,6760.0,1168,6770.0,3922,6780.0,15280,6790.0,2333,2025-05-09 15:44:06.189,,2147483647,594639,True,offer
4888,709471,1611513245,MERV - XMEV - GGAL - 24hs,6750.0,2025-05-09 15:44:06,5000,2025-05-09 15:44:07.143,6740.0,2072,6730.0,5353,6720.0,828,6710.0,15655,6700.0,11180,6750.0,3413,6760.0,1168,6770.0,3922,6780.0,15280,6790.0,2333,2025-05-09 15:44:07.055,,2147483647,594639,False,nan
4889,709541,1611513339,MERV - XMEV - GGAL - 24hs,6750.0,2025-05-09 15:44:06,5000,2025-05-09 15:44:07.637,6740.0,2072,6730.0,5353,6720.0,828,6710.0,15655,6700.0,11180,6750.0,3413,6760.0,1168,6770.0,3922,6780.0,15280,6790.0,2333,2025-05-09 15:44:07.554,,2147483647,599639,False,nan
4890,709804,1611513702,MERV - XMEV - GGAL - 24hs,6750.0,2025-05-09 15:44:06,5000,2025-05-09 15:44:10.675,6740.0,2072,6730.0,5351,6720.0,828,6710.0,15655,6700.0,11180,6750.0,3413,6760.0,1168,6770.0,3922,6780.0,15280,6790.0,2333,2025-05-09 15:44:10.563,,2147483647,599639,False,nan
4891,710129,1611514172,MERV - XMEV - GGAL - 24hs,6740.0,2025-05-09 15:44:14,2,2025-05-09 15:44:14.283,6740.0,2072,6730.0,5351,6720.0,828,6710.0,15655,6700.0,11180,6750.0,3413,6760.0,1168,6770.0,3922,6780.0,15280,6790.0,2333,2025-05-09 15:44:14.168,,2147483647,599639,True,bid
4892,710180,1611514252,MERV - XMEV - GGAL - 24hs,6740.0,2025-05-09 15:44:14,2,2025-05-09 15:44:14.749,6740.0,2070,6730.0,5351,6720.0,828,6710.0,15655,6700.0,11180,6750.0,3413,6760.0,1168,6770.0,3922,6780.0,15280,6790.0,2333,2025-05-09 15:44:14.668,,2147483647,599639,False,nan
4893,710255,1611514344,MERV - XMEV - GGAL - 24hs,6740.0,2025-05-09 15:44:14,2,2025-05-09 15:44:15.250,6740.0,2070,6730.0,5351,6720.0,828,6710.0,15655,6700.0,11180,6750.0,3413,6760.0,1168,6770.0,3922,6780.0,15280,6790.0,2333,2025-05-09 15:44:15.168,,2147483647,599641,False,nan
4894,710349,1611514472,MERV - XMEV - GGAL - 24hs,6740.0,2025-05-09 15:44:14,2,2025-05-09 15:44:16.187,6740.0,2070,6730.0,5005,6720.0,828,6710.0,15655,6700.0,11180,6750.0,3413,6760.0,1168,6770.0,3922,6780.0,15280,6790.0,2333,2025-05-09 15:44:16.104,,2147483647,599641,False,nan
4895,710433,1611514568,MERV - XMEV - GGAL - 24hs,6740.0,2025-05-09 15:44:14,2,2025-05-09 15:44:17.280,6740.0,2070,6730.0,4658,6720.0,828,6710.0,15655,6700.0,11180,6750.0,3413,6760.0,1168,6770.0,3922,6780.0,15280,6790.0,2333,2025-05-09 15:44:17.197,,2147483647,599641,False,nan
4896,710609,1611514788,MERV - XMEV - GGAL - 24hs,6740.0,2025-05-09 15:44:14,2,2025-05-09 15:44:19.128,6740.0,2070,6730.0,4658,6720.0,828,6710.0,15655,6700.0,11630,6750.0,3413,6760.0,457,6770.0,3922,6780.0,15280,6790.0,2333,2025-05-09 15:44:19.045,,2147483647,599641,False,nan
4897,711333,1611515740,MERV - XMEV - GGAL - 24hs,6740.0,2025-05-09 15:44:26,19,2025-05-09 15:44:26.417,6740.0,2070,6730.0,4658,6720.0,828,6710.0,15655,6700.0,11630,6750.0,3413,6760.0,457,6770.0,3922,6780.0,15280,6790.0,2333,2025-05-09 15:44:26.333,,2147483647,599641,True,bid
4898,711399,1611515825,MERV - XMEV - GGAL - 24hs,6740.0,2025-05-09 15:44:26,19,2025-05-09 15:44:27.082,6740.0,2051,6730.0,4658,6720.0,828,6710.0,15655,6700.0,11630,6750.0,3413,6760.0,457,6770.0,3922,6780.0,15280,6790.0,2333,2025-05-09 15:44:27.001,,2147483647,599641,False,nan
4899,711444,1611515881,MERV - XMEV - GGAL - 24hs,6740.0,2025-05-09 15:44:26,19,2025-05-09 15:44:27.587,6740.0,2051,6730.0,4658,6720.0,828,6710.0,15655,6700.0,11630,6750.0,3413,6760.0,457,6770.0,3922,6780.0,15280,6790.0,2333,2025-05-09 15:44:27.501,,2147483647,599660,False,nan
4900,711852,1611516424,MERV - XMEV - GGAL - 24hs,6740.0,2025-05-09 15:44:26,19,2025-05-09 15:44:30.892,6740.0,2054,6730.0,4657,6720.0,828,6710.0,15655,6700.0,11630,6750.0,3413,6760.0,457,6770.0,3922,6780.0,15280,6790.0,2333,2025-05-09 15:44:30.806,,2147483647,599660,False,nan
4901,712099,1611516748,MERV - XMEV - GGAL - 24hs,6740.0,2025-05-09 15:44:26,19,2025-05-09 15:44:33.823,6740.0,2055,6730.0,4657,6720.0,828,6710.0,15655,6700.0,11630,6750.0,3413,6760.0,457,6770.0,3922,6780.0,15280,6790.0,2333,2025-05-09 15:44:33.728,,2147483647,599660,False,nan
4902,712816,1611517722,MERV - XMEV - GGAL - 24hs,6740.0,2025-05-09 15:44:40,1984,2025-05-09 15:44:40.585,6740.0,2055,6730.0,4657,6720.0,828,6710.0,15655,6700.0,11630,6750.0,3413,6760.0,457,6770.0,3922,6780.0,15280,6790.0,2333,2025-05-09 15:44:40.497,,2147483647,599660,True,bid
4903,712865,1611517783,MERV - XMEV - GGAL - 24hs,6740.0,2025-05-09 15:44:40,42,2025-05-09 15:44:41.399,6740.0,2055,6730.0,4657,6720.0,828,6710.0,15655,6700.0,11630,6750.0,3413,6760.0,457,6770.0,3922,6780.0,15280,6790.0,2333,2025-05-09 15:44:41.261,,2147483647,599660,False,nan
4904,712922,1611517858,MERV - XMEV - GGAL - 24hs,6740.0,2025-05-09 15:44:40,42,2025-05-09 15:44:41.643,6730.0,4657,6720.0,828,6710.0,15655,6700.0,11630,6690.0,520,6750.0,3489,6760.0,457,6770.0,3922,6780.0,15280,6790.0,2326,2025-05-09 15:44:41.503,,2147483647,601715,False,nan
4905,713025,1611518048,MERV - XMEV - GGAL - 24hs,6750.0,2025-05-09 15:44:42,68,2025-05-09 15:44:42.517,6730.0,4657,6720.0,828,6710.0,15655,6700.0,11630,6690.0,520,6750.0,3489,6760.0,457,6770.0,3922,6780.0,15280,6790.0,2326,2025-05-09 15:44:42.436,,2147483647,601715,True,offer
4906,713054,1611518089,MERV - XMEV - GGAL - 24hs,6750.0,2025-05-09 15:44:42,68,2025-05-09 15:44:43.184,6730.0,4657,6720.0,828,6710.0,15655,6700.0,11630,6690.0,520,6740.0,3000,6750.0,3345,6760.0,457,6770.0,3922,6780.0,15287,2025-05-09 15:44:43.101,,2147483647,601715,False,nan
4907,713088,1611518138,MERV - XMEV - GGAL - 24hs,6750.0,2025-05-09 15:44:42,68,2025-05-09 15:44:43.685,6730.0,4657,6720.0,828,6710.0,15655,6700.0,11630,6690.0,520,6740.0,3000,6750.0,3345,6760.0,457,6770.0,3922,6780.0,15287,2025-05-09 15:44:43.601,,2147483647,601783,False,nan
4908,713118,1611518188,MERV - XMEV - GGAL - 24hs,6730.0,2025-05-09 15:44:43,14,2025-05-09 15:44:44.184,6730.0,4657,6720.0,828,6710.0,15655,6700.0,11630,6690.0,520,6740.0,3000,6750.0,3345,6760.0,457,6770.0,3922,6780.0,15287,2025-05-09 15:44:44.101,,2147483647,601783,True,bid
4909,713153,1611518235,MERV - XMEV - GGAL - 24hs,6730.0,2025-05-09 15:44:43,14,2025-05-09 15:44:44.683,6730.0,4642,6720.0,828,6710.0,15655,6700.0,11630,6690.0,520,6740.0,3000,6750.0,3345,6760.0,457,6770.0,3922,6780.0,15287,2025-05-09 15:44:44.601,,2147483647,601798,False,nan
4910,713396,1611518551,MERV - XMEV - GGAL - 24hs,6740.0,2025-05-09 15:44:46,7,2025-05-09 15:44:46.828,6730.0,4642,6720.0,828,6710.0,15655,6700.0,11630,6690.0,520,6740.0,3000,6750.0,3345,6760.0,457,6770.0,3922,6780.0,15287,2025-05-09 15:44:46.745,,2147483647,601798,True,offer
4911,713472,1611518650,MERV - XMEV - GGAL - 24hs,6740.0,2025-05-09 15:44:46,7,2025-05-09 15:44:47.487,6730.0,4642,6720.0,828,6710.0,15653,6700.0,11798,6690.0,520,6740.0,2993,6750.0,3345,6760.0,457,6770.0,3922,6780.0,15287,2025-05-09 15:44:47.405,,2147483647,601798,False,nan
4912,713524,1611518716,MERV - XMEV - GGAL - 24hs,6740.0,2025-05-09 15:44:46,7,2025-05-09 15:44:47.999,6730.0,4642,6720.0,828,6710.0,15653,6700.0,11798,6690.0,520,6740.0,2993,6750.0,3345,6760.0,457,6770.0,3922,6780.0,15287,2025-05-09 15:44:47.910,,2147483647,601805,False,nan
4913,713640,1611518863,MERV - XMEV - GGAL - 24hs,6740.0,2025-05-09 15:44:46,7,2025-05-09 15:44:48.780,6730.0,4642,6720.0,828,6710.0,15653,6700.0,11808,6690.0,520,6740.0,2993,6750.0,3345,6760.0,457,6770.0,3922,6780.0,15287,2025-05-09 15:44:48.695,,2147483647,601805,False,nan
4914,713707,1611518942,MERV - XMEV - GGAL - 24hs,6740.0,2025-05-09 15:44:49,73,2025-05-09 15:44:49.556,6730.0,4642,6720.0,828,6710.0,15653,6700.0,11808,6690.0,520,6740.0,2993,6750.0,3345,6760.0,457,6770.0,3922,6780.0,15287,2025-05-09 15:44:49.472,,2147483647,601805,True,offer
4915,713760,1611519007,MERV - XMEV - GGAL - 24hs,6740.0,2025-05-09 15:44:49,73,2025-05-09 15:44:50.161,6730.0,4988,6720.0,828,6710.0,15653,6700.0,11808,6690.0,520,6740.0,2920,6750.0,3345,6760.0,457,6770.0,3922,6780.0,15287,2025-05-09 15:44:50.079,,2147483647,601805,False,nan
4916,713800,1611519060,MERV - XMEV - GGAL - 24hs,6740.0,2025-05-09 15:44:49,73,2025-05-09 15:44:50.660,6730.0,4988,6720.0,828,6710.0,15653,6700.0,11808,6690.0,520,6740.0,2920,6750.0,3345,6760.0,457,6770.0,3922,6780.0,15287,2025-05-09 15:44:50.579,,2147483647,601878,False,nan
4917,713892,1611519174,MERV - XMEV - GGAL - 24hs,6740.0,2025-05-09 15:44:49,73,2025-05-09 15:44:51.208,6730.0,5335,6720.0,828,6710.0,15653,6700.0,11808,6690.0,520,6740.0,2920,6750.0,3345,6760.0,457,6770.0,3922,6780.0,15287,2025-05-09 15:44:51.080,,2147483647,601878,False,nan
4918,714026,1611519345,MERV - XMEV - GGAL - 24hs,6740.0,2025-05-09 15:44:49,73,2025-05-09 15:44:52.843,6730.0,4988,6720.0,828,6710.0,15653,6700.0,11808,6690.0,520,6740.0,2920,6750.0,3345,6760.0,457,6770.0,3922,6780.0,15287,2025-05-09 15:44:52.761,,2147483647,601878,False,nan
4919,714533,1611520026,MERV - XMEV - GGAL - 24hs,6740.0,2025-05-09 15:44:49,73,2025-05-09 15:44:56.858,6730.0,4642,6720.0,828,6710.0,15653,6700.0,11808,6690.0,520,6740.0,2920,6750.0,3345,6760.0,457,6770.0,3922,6780.0,15287,2025-05-09 15:44:56.777,,2147483647,601878,False,nan
4920,714746,1611520370,MERV - XMEV - GGAL - 24hs,6740.0,2025-05-09 15:44:49,73,2025-05-09 15:44:59.394,6730.0,5335,6720.0,828,6710.0,15653,6700.0,11808,6690.0,520,6740.0,2920,6750.0,3345,6760.0,457,6770.0,3922,6780.0,15287,2025-05-09 15:44:59.009,,2147483647,601878,False,nan
4921,715045,1611520767,MERV - XMEV - GGAL - 24hs,6740.0,2025-05-09 15:44:49,73,2025-05-09 15:45:01.911,6730.0,4988,6720.0,828,6710.0,15653,6700.0,11808,6690.0,520,6740.0,2920,6750.0,3345,6760.0,457,6770.0,3922,6780.0,15287,2025-05-09 15:45:01.774,,2147483647,601878,False,nan
4922,715117,1611520849,MERV - XMEV - GGAL - 24hs,6740.0,2025-05-09 15:45:02,22,2025-05-09 15:45:02.681,6730.0,4988,6720.0,828,6710.0,15653,6700.0,11808,6690.0,520,6740.0,2920,6750.0,3345,6760.0,457,6770.0,3922,6780.0,15287,2025-05-09 15:45:02.600,,2147483647,601878,True,offer
4923,715192,1611520944,MERV - XMEV - GGAL - 24hs,6740.0,2025-05-09 15:45:03,1,2025-05-09 15:45:03.272,6730.0,4988,6720.0,828,6710.0,15653,6700.0,11808,6690.0,520,6740.0,2920,6750.0,3345,6760.0,457,6770.0,3922,6780.0,15287,2025-05-09 15:45:03.180,,2147483647,601900,True,offer
4924,715241,1611521006,MERV - XMEV - GGAL - 24hs,6740.0,2025-05-09 15:45:03,1,2025-05-09 15:45:03.761,6730.0,5335,6720.0,828,6710.0,15653,6700.0,11808,6690.0,520,6740.0,2897,6750.0,3345,6760.0,457,6770.0,3922,6780.0,15287,2025-05-09 15:45:03.681,,2147483647,601901,False,nan
4925,715462,1611521278,MERV - XMEV - GGAL - 24hs,6740.0,2025-05-09 15:45:06,59,2025-05-09 15:45:06.257,6730.0,5335,6720.0,828,6710.0,15653,6700.0,11808,6690.0,520,6740.0,2897,6750.0,3345,6760.0,457,6770.0,3922,6780.0,15287,2025-05-09 15:45:06.174,,2147483647,601901,True,offer
4926,715515,1611521348,MERV - XMEV - GGAL - 24hs,6740.0,2025-05-09 15:45:06,59,2025-05-09 15:45:06.917,6730.0,5335,6720.0,828,6710.0,15653,6700.0,11808,6690.0,520,6740.0,2838,6750.0,3345,6760.0,457,6770.0,3922,6780.0,15287,2025-05-09 15:45:06.832,,2147483647,601901,False,nan
4927,715553,1611521400,MERV - XMEV - GGAL - 24hs,6740.0,2025-05-09 15:45:07,13,2025-05-09 15:45:07.416,6730.0,5335,6720.0,828,6710.0,15653,6700.0,11808,6690.0,520,6740.0,2838,6750.0,3345,6760.0,457,6770.0,3922,6780.0,15287,2025-05-09 15:45:07.332,,2147483647,601960,True,offer
4928,715585,1611521439,MERV - XMEV - GGAL - 24hs,6740.0,2025-05-09 15:45:07,13,2025-05-09 15:45:07.918,6730.0,5335,6720.0,828,6710.0,15653,6700.0,11808,6690.0,520,6740.0,2825,6750.0,3345,6760.0,457,6770.0,3922,6780.0,15287,2025-05-09 15:45:07.832,,2147483647,601973,False,nan
4929,715653,1611521543,MERV - XMEV - GGAL - 24hs,6740.0,2025-05-09 15:45:09,2,2025-05-09 15:45:09.211,6730.0,5335,6720.0,828,6710.0,15653,6700.0,11808,6690.0,520,6740.0,2825,6750.0,3345,6760.0,457,6770.0,3922,6780.0,15287,2025-05-09 15:45:09.122,,2147483647,601973,True,offer
4930,715703,1611521605,MERV - XMEV - GGAL - 24hs,6740.0,2025-05-09 15:45:09,2,2025-05-09 15:45:09.873,6730.0,5335,6720.0,828,6710.0,15653,6700.0,11808,6690.0,520,6740.0,2823,6750.0,3345,6760.0,457,6770.0,3922,6780.0,15287,2025-05-09 15:45:09.786,,2147483647,601973,False,nan
4931,715742,1611521657,MERV - XMEV - GGAL - 24hs,6740.0,2025-05-09 15:45:10,58,2025-05-09 15:45:10.370,6730.0,5335,6720.0,828,6710.0,15653,6700.0,11808,6690.0,520,6740.0,2823,6750.0,3345,6760.0,457,6770.0,3922,6780.0,15287,2025-05-09 15:45:10.286,,2147483647,601975,True,offer
4932,715829,1611521767,MERV - XMEV - GGAL - 24hs,6740.0,2025-05-09 15:45:10,58,2025-05-09 15:45:10.982,6730.0,5335,6720.0,828,6710.0,15653,6700.0,11808,6690.0,520,6740.0,2765,6750.0,3345,6760.0,457,6770.0,3922,6780.0,15287,2025-05-09 15:45:10.892,,2147483647,601975,False,nan
4933,715908,1611521892,MERV - XMEV - GGAL - 24hs,6740.0,2025-05-09 15:45:11,1,2025-05-09 15:45:11.473,6730.0,5335,6720.0,828,6710.0,15653,6700.0,11808,6690.0,520,6740.0,2765,6750.0,3345,6760.0,457,6770.0,3922,6780.0,15287,2025-05-09 15:45:11.392,,2147483647,602033,True,offer
4934,715946,1611521946,MERV - XMEV - GGAL - 24hs,6740.0,2025-05-09 15:45:11,1,2025-05-09 15:45:12.070,6730.0,5335,6720.0,828,6710.0,15653,6700.0,11808,6690.0,520,6740.0,2764,6750.0,3345,6760.0,457,6770.0,3922,6780.0,15287,2025-05-09 15:45:11.989,,2147483647,602033,False,nan
4935,716030,1611522056,MERV - XMEV - GGAL - 24hs,6740.0,2025-05-09 15:45:11,1,2025-05-09 15:45:12.628,6730.0,5335,6720.0,828,6710.0,15653,6700.0,11808,6690.0,520,6740.0,2764,6750.0,3345,6760.0,457,6770.0,3922,6780.0,15287,2025-05-09 15:45:12.489,,2147483647,602034,False,nan
4936,716408,1611522584,MERV - XMEV - GGAL - 24hs,6740.0,2025-05-09 15:45:11,1,2025-05-09 15:45:15.607,6730.0,3601,6720.0,828,6710.0,15653,6700.0,11808,6690.0,520,6740.0,2764,6750.0,3345,6760.0,457,6770.0,3922,6780.0,15287,2025-05-09 15:45:15.525,,2147483647,602034,False,nan
4937,716475,1611522680,MERV - XMEV - GGAL - 24hs,6740.0,2025-05-09 15:45:15,345,2025-05-09 15:45:16.108,6730.0,3601,6720.0,828,6710.0,15653,6700.0,11808,6690.0,520,6740.0,2764,6750.0,3345,6760.0,457,6770.0,3922,6780.0,15287,2025-05-09 15:45:16.025,,2147483647,602034,True,offer
4938,716537,1611522769,MERV - XMEV - GGAL - 24hs,6740.0,2025-05-09 15:45:16,693,2025-05-09 15:45:16.932,6730.0,1782,6720.0,828,6710.0,15653,6700.0,11808,6690.0,520,6740.0,2419,6750.0,3345,6760.0,457,6770.0,3922,6780.0,15287,2025-05-09 15:45:16.684,,2147483647,603318,True,offer
4939,716578,1611522830,MERV - XMEV - GGAL - 24hs,6740.0,2025-05-09 15:45:16,693,2025-05-09 15:45:17.124,6730.0,1782,6720.0,828,6710.0,15653,6700.0,11808,6690.0,520,6740.0,540,6750.0,3345,6760.0,457,6770.0,3922,6780.0,15287,2025-05-09 15:45:17.030,,2147483647,603318,False,nan
4940,716638,1611522907,MERV - XMEV - GGAL - 24hs,6750.0,2025-05-09 15:45:17,80,2025-05-09 15:45:17.621,6730.0,1782,6720.0,828,6710.0,15653,6700.0,11808,6690.0,520,6740.0,540,6750.0,3345,6760.0,457,6770.0,3922,6780.0,15287,2025-05-09 15:45:17.529,,2147483647,604798,True,offer
4941,716757,1611523070,MERV - XMEV - GGAL - 24hs,6750.0,2025-05-09 15:45:17,80,2025-05-09 15:45:18.150,6740.0,9,6730.0,1782,6720.0,828,6710.0,15653,6700.0,11808,6750.0,3265,6760.0,457,6770.0,3922,6780.0,15287,6790.0,2326,2025-05-09 15:45:18.029,,2147483647,604878,False,nan
4942,716839,1611523182,MERV - XMEV - GGAL - 24hs,6750.0,2025-05-09 15:45:17,80,2025-05-09 15:45:18.610,6740.0,1394,6730.0,1782,6720.0,828,6710.0,15653,6700.0,11808,6750.0,3265,6760.0,457,6770.0,3922,6780.0,15287,6790.0,2326,2025-05-09 15:45:18.529,,2147483647,604878,False,nan
4943,716933,1611523310,MERV - XMEV - GGAL - 24hs,6740.0,2025-05-09 15:45:18,97,2025-05-09 15:45:19.112,6740.0,1394,6730.0,1782,6720.0,828,6710.0,15653,6700.0,11808,6750.0,3265,6760.0,457,6770.0,3922,6780.0,15287,6790.0,2326,2025-05-09 15:45:19.029,,2147483647,604878,True,bid
4944,717001,1611523398,MERV - XMEV - GGAL - 24hs,6740.0,2025-05-09 15:45:18,97,2025-05-09 15:45:19.609,6730.0,1782,6720.0,828,6710.0,15653,6700.0,11808,6690.0,520,6750.0,3341,6760.0,457,6770.0,3922,6780.0,15280,6790.0,2326,2025-05-09 15:45:19.529,,2147483647,604984,False,nan
4945,717053,1611523465,MERV - XMEV - GGAL - 24hs,6740.0,2025-05-09 15:45:18,97,2025-05-09 15:45:20.140,6740.0,1385,6730.0,1782,6720.0,828,6710.0,15653,6700.0,11808,6750.0,3265,6760.0,457,6770.0,3922,6780.0,15280,6790.0,2333,2025-05-09 15:45:20.056,,2147483647,604984,False,nan
4946,717134,1611523574,MERV - XMEV - GGAL - 24hs,6740.0,2025-05-09 15:45:18,97,2025-05-09 15:45:20.900,6740.0,1288,6730.0,1782,6720.0,828,6710.0,15653,6700.0,11808,6750.0,3265,6760.0,457,6770.0,3922,6780.0,15280,6790.0,2333,2025-05-09 15:45:20.817,,2147483647,604984,False,nan
4947,717219,1611523710,MERV - XMEV - GGAL - 24hs,6740.0,2025-05-09 15:45:18,97,2025-05-09 15:45:21.967,6740.0,1288,6730.0,1782,6720.0,828,6710.0,15658,6700.0,11640,6750.0,3265,6760.0,457,6770.0,3922,6780.0,15280,6790.0,2333,2025-05-09 15:45:21.887,,2147483647,604984,False,nan
4948,717418,1611523991,MERV - XMEV - GGAL - 24hs,6750.0,2025-05-09 15:45:24,1,2025-05-09 15:45:24.230,6740.0,1288,6730.0,1782,6720.0,828,6710.0,15658,6700.0,11640,6750.0,3265,6760.0,457,6770.0,3922,6780.0,15280,6790.0,2333,2025-05-09 15:45:24.149,,2147483647,604984,True,offer
4949,717488,1611524092,MERV - XMEV - GGAL - 24hs,6750.0,2025-05-09 15:45:24,1,2025-05-09 15:45:24.899,6740.0,1288,6730.0,1782,6720.0,828,6710.0,15658,6700.0,11640,6750.0,3264,6760.0,457,6770.0,3922,6780.0,15280,6790.0,2333,2025-05-09 15:45:24.800,,2147483647,604984,False,nan
4950,717539,1611524160,MERV - XMEV - GGAL - 24hs,6750.0,2025-05-09 15:45:24,1,2025-05-09 15:45:25.382,6740.0,1288,6730.0,1782,6720.0,828,6710.0,15658,6700.0,11640,6750.0,3264,6760.0,457,6770.0,3922,6780.0,15280,6790.0,2333,2025-05-09 15:45:25.301,,2147483647,604985,False,nan
4951,717615,1611524258,MERV - XMEV - GGAL - 24hs,6750.0,2025-05-09 15:45:24,1,2025-05-09 15:45:26.260,6740.0,1271,6730.0,1782,6720.0,828,6710.0,15658,6700.0,11640,6750.0,3264,6760.0,457,6770.0,3922,6780.0,15280,6790.0,2333,2025-05-09 15:45:26.172,,2147483647,604985,False,nan
4952,717770,1611524456,MERV - XMEV - GGAL - 24hs,6750.0,2025-05-09 15:45:24,1,2025-05-09 15:45:27.878,6740.0,1313,6730.0,1782,6720.0,828,6710.0,15658,6700.0,11640,6750.0,3264,6760.0,457,6770.0,3922,6780.0,15280,6790.0,2333,2025-05-09 15:45:27.794,,2147483647,604985,False,nan
4953,718260,1611525150,MERV - XMEV - GGAL - 24hs,6740.0,2025-05-09 15:45:32,2,2025-05-09 15:45:32.947,6740.0,1313,6730.0,1782,6720.0,828,6710.0,15658,6700.0,11640,6750.0,3264,6760.0,457,6770.0,3922,6780.0,15280,6790.0,2333,2025-05-09 15:45:32.841,,2147483647,604985,True,bid
4954,718339,1611525249,MERV - XMEV - GGAL - 24hs,6740.0,2025-05-09 15:45:32,2,2025-05-09 15:45:33.559,6740.0,1313,6730.0,1782,6720.0,828,6710.0,15658,6700.0,11640,6750.0,3264,6760.0,457,6770.0,3922,6780.0,15280,6790.0,2333,2025-05-09 15:45:33.476,,2147483647,604987,False,nan
4955,718414,1611525346,MERV - XMEV - GGAL - 24hs,6740.0,2025-05-09 15:45:32,2,2025-05-09 15:45:34.059,6740.0,1311,6730.0,1782,6720.0,828,6710.0,15658,6700.0,11640,6750.0,3264,6760.0,457,6770.0,3922,6780.0,15280,6790.0,2333,2025-05-09 15:45:33.976,,2147483647,604987,False,nan
4956,719052,1611526162,MERV - XMEV - GGAL - 24hs,6740.0,2025-05-09 15:45:32,2,2025-05-09 15:45:39.380,6740.0,1311,6730.0,1782,6720.0,828,6710.0,658,6700.0,26640,6750.0,3264,6760.0,457,6770.0,3922,6780.0,15280,6790.0,2333,2025-05-09 15:45:39.295,,2147483647,604987,False,nan
4957,719140,1611526259,MERV - XMEV - GGAL - 24hs,6740.0,2025-05-09 15:45:32,2,2025-05-09 15:45:40.449,6740.0,1311,6730.0,1782,6720.0,828,6710.0,18658,6700.0,8640,6750.0,15813,6760.0,457,6770.0,3922,6780.0,15280,6790.0,2333,2025-05-09 15:45:40.366,,2147483647,604987,False,nan
4958,719227,1611526372,MERV - XMEV - GGAL - 24hs,6750.0,2025-05-09 15:45:41,1,2025-05-09 15:45:41.487,6740.0,1311,6730.0,1782,6720.0,828,6710.0,18658,6700.0,8640,6750.0,15813,6760.0,457,6770.0,3922,6780.0,15280,6790.0,2333,2025-05-09 15:45:41.404,,2147483647,604987,True,offer
4959,719313,1611526483,MERV - XMEV - GGAL - 24hs,6750.0,2025-05-09 15:45:41,1,2025-05-09 15:45:41.998,6740.0,1311,6730.0,1702,6720.0,908,6710.0,18658,6700.0,8640,6750.0,15812,6760.0,457,6770.0,3922,6780.0,15280,6790.0,2333,2025-05-09 15:45:41.903,,2147483647,604987,False,nan
4960,719383,1611526575,MERV - XMEV - GGAL - 24hs,6750.0,2025-05-09 15:45:41,1,2025-05-09 15:45:42.486,6740.0,1311,6730.0,1702,6720.0,908,6710.0,18658,6700.0,8640,6750.0,15812,6760.0,457,6770.0,3922,6780.0,15280,6790.0,2333,2025-05-09 15:45:42.404,,2147483647,604988,False,nan
4961,720705,1611528339,MERV - XMEV - GGAL - 24hs,6750.0,2025-05-09 15:45:41,1,2025-05-09 15:45:52.370,6740.0,1411,6730.0,1702,6720.0,908,6710.0,18658,6700.0,8640,6750.0,15812,6760.0,457,6770.0,3922,6780.0,15280,6790.0,2333,2025-05-09 15:45:52.287,,2147483647,604988,False,nan
4962,721049,1611528791,MERV - XMEV - GGAL - 24hs,6750.0,2025-05-09 15:45:41,1,2025-05-09 15:45:55.232,6740.0,1412,6730.0,1702,6720.0,908,6710.0,18658,6700.0,8640,6750.0,15812,6760.0,457,6770.0,3922,6780.0,15280,6790.0,2333,2025-05-09 15:45:55.016,,2147483647,604988,False,nan
4963,721177,1611528960,MERV - XMEV - GGAL - 24hs,6740.0,2025-05-09 15:45:56,1269,2025-05-09 15:45:56.240,6740.0,1412,6730.0,1702,6720.0,908,6710.0,18658,6700.0,8640,6750.0,15812,6760.0,457,6770.0,3922,6780.0,15280,6790.0,2333,2025-05-09 15:45:56.156,,2147483647,604988,True,bid
4964,721235,1611529032,MERV - XMEV - GGAL - 24hs,6740.0,2025-05-09 15:45:56,1,2025-05-09 15:45:56.738,6740.0,1412,6730.0,1702,6720.0,908,6710.0,18658,6700.0,8640,6750.0,15812,6760.0,457,6770.0,3922,6780.0,15280,6790.0,2333,2025-05-09 15:45:56.656,,2147483647,604988,False,nan
4965,721287,1611529111,MERV - XMEV - GGAL - 24hs,6740.0,2025-05-09 15:45:56,1,2025-05-09 15:45:57.237,6730.0,1702,6720.0,908,6710.0,18658,6700.0,8640,6690.0,520,6740.0,2299,6750.0,15812,6760.0,457,6770.0,3922,6780.0,15280,2025-05-09 15:45:57.155,,2147483647,606400,False,nan
4966,721340,1611529195,MERV - XMEV - GGAL - 24hs,6730.0,2025-05-09 15:45:57,55,2025-05-09 15:45:57.743,6730.0,1702,6720.0,908,6710.0,18658,6700.0,8640,6690.0,520,6740.0,2299,6750.0,15812,6760.0,457,6770.0,3922,6780.0,15280,2025-05-09 15:45:57.656,,2147483647,606480,True,bid
4967,721388,1611529266,MERV - XMEV - GGAL - 24hs,6730.0,2025-05-09 15:45:57,55,2025-05-09 15:45:58.240,6730.0,2525,6720.0,908,6710.0,18658,6700.0,8640,6690.0,520,6740.0,2219,6750.0,15812,6760.0,457,6770.0,3922,6780.0,15280,2025-05-09 15:45:58.156,,2147483647,606535,False,nan
4968,721642,1611529588,MERV - XMEV - GGAL - 24hs,6730.0,2025-05-09 15:45:58,6,2025-05-09 15:45:59.716,6730.0,2525,6720.0,908,6710.0,18658,6700.0,8640,6690.0,520,6740.0,2219,6750.0,15812,6760.0,457,6770.0,3922,6780.0,15280,2025-05-09 15:45:59.431,,2147483647,606535,True,bid
4969,721854,1611529876,MERV - XMEV - GGAL - 24hs,6730.0,2025-05-09 15:45:58,6,2025-05-09 15:46:00.648,6730.0,2519,6720.0,908,6710.0,18658,6700.0,8640,6690.0,520,6740.0,2219,6750.0,15812,6760.0,457,6770.0,3922,6780.0,15280,2025-05-09 15:45:59.930,,2147483647,606541,False,nan
4970,721992,1611530065,MERV - XMEV - GGAL - 24hs,6730.0,2025-05-09 15:45:58,6,2025-05-09 15:46:01.224,6730.0,2519,6720.0,908,6710.0,18653,6700.0,8808,6690.0,520,6740.0,2219,6750.0,15812,6760.0,457,6770.0,3922,6780.0,15280,2025-05-09 15:46:00.430,,2147483647,606541,False,nan
4971,722099,1611530201,MERV - XMEV - GGAL - 24hs,6740.0,2025-05-09 15:46:00,150,2025-05-09 15:46:01.662,6730.0,2519,6720.0,908,6710.0,18653,6700.0,8808,6690.0,520,6740.0,2219,6750.0,15812,6760.0,457,6770.0,3922,6780.0,15280,2025-05-09 15:46:00.929,,2147483647,606541,True,offer
4972,722159,1611530274,MERV - XMEV - GGAL - 24hs,6740.0,2025-05-09 15:46:00,150,2025-05-09 15:46:01.894,6730.0,2519,6720.0,908,6710.0,18653,6700.0,8808,6690.0,520,6740.0,2069,6750.0,15812,6760.0,457,6770.0,3922,6780.0,15280,2025-05-09 15:46:01.429,,2147483647,606691,False,nan
4973,722639,1611530871,MERV - XMEV - GGAL - 24hs,6740.0,2025-05-09 15:46:00,150,2025-05-09 15:46:05.296,6730.0,2520,6720.0,2459,6710.0,18653,6700.0,8808,6690.0,520,6740.0,2069,6750.0,15812,6760.0,457,6770.0,3922,6780.0,15280,2025-05-09 15:46:05.215,,2147483647,606691,False,nan
4974,723940,1611532547,MERV - XMEV - GGAL - 24hs,6740.0,2025-05-09 15:46:00,150,2025-05-09 15:46:17.317,6730.0,2520,6720.0,2460,6710.0,18653,6700.0,8808,6690.0,520,6740.0,2069,6750.0,15812,6760.0,457,6770.0,3922,6780.0,15280,2025-05-09 15:46:17.236,,2147483647,606691,False,nan
4975,724073,1611532720,MERV - XMEV - GGAL - 24hs,6740.0,2025-05-09 15:46:00,150,2025-05-09 15:46:18.894,6730.0,1642,6720.0,2460,6710.0,20847,6700.0,8808,6690.0,520,6740.0,2069,6750.0,15812,6760.0,457,6770.0,3922,6780.0,15280,2025-05-09 15:46:18.811,,2147483647,606691,False,nan
4976,724225,1611532910,MERV - XMEV - GGAL - 24hs,6730.0,2025-05-09 15:46:20,25,2025-05-09 15:46:21.156,6730.0,1642,6720.0,2460,6710.0,20847,6700.0,8808,6690.0,520,6740.0,2069,6750.0,15812,6760.0,457,6770.0,3922,6780.0,15280,2025-05-09 15:46:21.049,,2147483647,606691,True,bid
4977,724264,1611532965,MERV - XMEV - GGAL - 24hs,6730.0,2025-05-09 15:46:20,1,2025-05-09 15:46:21.632,6730.0,1642,6720.0,2460,6710.0,20847,6700.0,8808,6690.0,520,6740.0,2069,6750.0,15812,6760.0,457,6770.0,3922,6780.0,15280,2025-05-09 15:46:21.550,,2147483647,606691,False,nan
4978,724328,1611533039,MERV - XMEV - GGAL - 24hs,6730.0,2025-05-09 15:46:20,1,2025-05-09 15:46:22.129,6720.0,2460,6710.0,20847,6700.0,8808,6690.0,520,6680.0,1629,6730.0,14170,6740.0,2069,6760.0,457,6770.0,3922,6780.0,15280,2025-05-09 15:46:22.049,,2147483647,608333,False,nan
4979,724390,1611533125,MERV - XMEV - GGAL - 24hs,6730.0,2025-05-09 15:46:22,588,2025-05-09 15:46:22.872,6720.0,2460,6710.0,20847,6700.0,8808,6690.0,520,6680.0,1629,6730.0,14170,6740.0,2069,6760.0,457,6770.0,3922,6780.0,15280,2025-05-09 15:46:22.791,,2147483647,608333,True,offer
4980,724462,1611533220,MERV - XMEV - GGAL - 24hs,6730.0,2025-05-09 15:46:22,588,2025-05-09 15:46:23.590,6720.0,2460,6710.0,20847,6700.0,8808,6690.0,520,6680.0,1629,6730.0,14170,6740.0,2069,6760.0,457,6770.0,3922,6780.0,15280,2025-05-09 15:46:23.507,,2147483647,608921,False,nan
4981,724669,1611533467,MERV - XMEV - GGAL - 24hs,6730.0,2025-05-09 15:46:22,588,2025-05-09 15:46:24.408,6720.0,2460,6710.0,20847,6700.0,8808,6690.0,520,6680.0,1629,6730.0,13582,6740.0,2069,6760.0,457,6770.0,3922,6780.0,15280,2025-05-09 15:46:24.008,,2147483647,608921,False,nan
4982,725728,1611534899,MERV - XMEV - GGAL - 24hs,6720.0,2025-05-09 15:46:35,1,2025-05-09 15:46:35.387,6720.0,2460,6710.0,20847,6700.0,8808,6690.0,520,6680.0,1629,6730.0,13582,6740.0,2069,6760.0,457,6770.0,3922,6780.0,15280,2025-05-09 15:46:35.304,,2147483647,608921,True,bid
4983,725786,1611534972,MERV - XMEV - GGAL - 24hs,6720.0,2025-05-09 15:46:35,18,2025-05-09 15:46:35.894,6720.0,2460,6710.0,20847,6700.0,8808,6690.0,520,6680.0,1629,6730.0,13582,6740.0,2069,6760.0,457,6770.0,3922,6780.0,15280,2025-05-09 15:46:35.804,,2147483647,608921,False,nan
4984,725840,1611535052,MERV - XMEV - GGAL - 24hs,6720.0,2025-05-09 15:46:35,18,2025-05-09 15:46:36.385,6720.0,2441,6710.0,20847,6700.0,8808,6690.0,520,6680.0,1629,6730.0,13582,6740.0,2069,6760.0,457,6770.0,3922,6780.0,15280,2025-05-09 15:46:36.304,,2147483647,608940,False,nan
4985,726041,1611535311,MERV - XMEV - GGAL - 24hs,6720.0,2025-05-09 15:46:35,18,2025-05-09 15:46:38.240,6720.0,2441,6710.0,20989,6700.0,8808,6690.0,520,6680.0,1629,6730.0,13582,6740.0,2069,6760.0,457,6770.0,3922,6780.0,15280,2025-05-09 15:46:38.119,,2147483647,608940,False,nan
4986,726161,1611535495,MERV - XMEV - GGAL - 24hs,6720.0,2025-05-09 15:46:38,7,2025-05-09 15:46:38.995,6720.0,2441,6710.0,20989,6700.0,8808,6690.0,520,6680.0,1629,6730.0,13582,6740.0,2069,6760.0,457,6770.0,3922,6780.0,15280,2025-05-09 15:46:38.908,,2147483647,608940,True,bid
4987,726232,1611535592,MERV - XMEV - GGAL - 24hs,6720.0,2025-05-09 15:46:38,7,2025-05-09 15:46:39.499,6720.0,2434,6710.0,20989,6700.0,8808,6690.0,520,6680.0,1629,6730.0,13582,6740.0,2069,6750.0,5,6760.0,457,6770.0,3922,2025-05-09 15:46:39.408,,2147483647,608940,False,nan
4988,726291,1611535681,MERV - XMEV - GGAL - 24hs,6720.0,2025-05-09 15:46:38,7,2025-05-09 15:46:39.989,6720.0,2434,6710.0,20989,6700.0,8808,6690.0,520,6680.0,1629,6730.0,13582,6740.0,2069,6750.0,5,6760.0,457,6770.0,3922,2025-05-09 15:46:39.908,,2147483647,608947,False,nan
4989,726555,1611536041,MERV - XMEV - GGAL - 24hs,6720.0,2025-05-09 15:46:38,7,2025-05-09 15:46:43.502,6720.0,2433,6710.0,20990,6700.0,8808,6690.0,520,6680.0,1629,6730.0,13582,6740.0,2069,6750.0,5,6760.0,457,6770.0,3922,2025-05-09 15:46:43.422,,2147483647,608947,False,nan
4990,727186,1611536874,MERV - XMEV - GGAL - 24hs,6720.0,2025-05-09 15:46:38,7,2025-05-09 15:46:47.509,6720.0,2433,6710.0,20990,6700.0,8808,6690.0,520,6680.0,1629,6730.0,13582,6740.0,711,6750.0,5,6760.0,457,6770.0,3922,2025-05-09 15:46:47.296,,2147483647,608947,False,nan
4991,727340,1611537083,MERV - XMEV - GGAL - 24hs,6730.0,2025-05-09 15:46:48,823,2025-05-09 15:46:49.060,6720.0,2433,6710.0,20990,6700.0,8808,6690.0,520,6680.0,1629,6730.0,13582,6740.0,711,6750.0,5,6760.0,457,6770.0,3922,2025-05-09 15:46:48.964,,2147483647,608947,True,offer
4992,727397,1611537175,MERV - XMEV - GGAL - 24hs,6730.0,2025-05-09 15:46:48,823,2025-05-09 15:46:49.712,6720.0,2433,6710.0,20990,6700.0,8808,6690.0,520,6680.0,1629,6730.0,12759,6740.0,711,6750.0,5,6760.0,457,6770.0,3922,2025-05-09 15:46:49.631,,2147483647,608947,False,nan
4993,727448,1611537254,MERV - XMEV - GGAL - 24hs,6730.0,2025-05-09 15:46:48,823,2025-05-09 15:46:50.211,6720.0,2433,6710.0,20990,6700.0,8808,6690.0,520,6680.0,1629,6730.0,12759,6740.0,711,6750.0,5,6760.0,457,6770.0,3922,2025-05-09 15:46:50.131,,2147483647,609770,False,nan
4994,727573,1611537426,MERV - XMEV - GGAL - 24hs,6730.0,2025-05-09 15:46:51,1,2025-05-09 15:46:51.502,6720.0,2433,6710.0,20990,6700.0,8808,6690.0,520,6680.0,1629,6730.0,12759,6740.0,711,6750.0,5,6760.0,457,6770.0,3922,2025-05-09 15:46:51.420,,2147483647,609770,True,offer
4995,727680,1611537553,MERV - XMEV - GGAL - 24hs,6730.0,2025-05-09 15:46:51,1,2025-05-09 15:46:52.170,6720.0,2433,6710.0,20990,6700.0,8808,6690.0,520,6680.0,1629,6730.0,12758,6740.0,711,6750.0,5,6760.0,457,6770.0,3922,2025-05-09 15:46:52.087,,2147483647,609770,False,nan
4996,727733,1611537611,MERV - XMEV - GGAL - 24hs,6730.0,2025-05-09 15:46:51,1,2025-05-09 15:46:52.672,6720.0,2433,6710.0,20990,6700.0,8808,6690.0,520,6680.0,1629,6730.0,12758,6740.0,711,6750.0,5,6760.0,457,6770.0,3922,2025-05-09 15:46:52.588,,2147483647,609771,False,nan
4997,728092,1611538212,MERV - XMEV - GGAL - 24hs,6730.0,2025-05-09 15:46:51,1,2025-05-09 15:46:55.453,6720.0,17433,6710.0,5990,6700.0,8808,6690.0,520,6680.0,1629,6730.0,12758,6740.0,711,6750.0,5,6760.0,457,6770.0,3922,2025-05-09 15:46:55.372,,2147483647,609771,False,nan
4998,728146,1611538288,MERV - XMEV - GGAL - 24hs,6730.0,2025-05-09 15:46:51,1,2025-05-09 15:46:56.259,6720.0,17433,6710.0,5990,6700.0,8809,6690.0,520,6680.0,1629,6730.0,12758,6740.0,711,6750.0,5,6760.0,457,6770.0,3922,2025-05-09 15:46:56.114,,2147483647,609771,False,nan
4999,728201,1611538357,MERV - XMEV - GGAL - 24hs,6730.0,2025-05-09 15:46:51,1,2025-05-09 15:46:57.087,6720.0,17443,6710.0,5990,6700.0,8809,6690.0,520,6680.0,1629,6730.0,12758,6740.0,711,6750.0,5,6760.0,1815,6770.0,3922,2025-05-09 15:46:57.006,,2147483647,609771,False,nan
5000,728287,1611538458,MERV - XMEV - GGAL - 24hs,6730.0,2025-05-09 15:46:58,13,2025-05-09 15:46:58.683,6720.0,17443,6710.0,5990,6700.0,8809,6690.0,520,6680.0,1629,6730.0,12758,6740.0,711,6750.0,5,6760.0,1815,6770.0,3922,2025-05-09 15:46:58.602,,2147483647,609771,True,offer
5001,728338,1611538519,MERV - XMEV - GGAL - 24hs,6730.0,2025-05-09 15:46:58,13,2025-05-09 15:46:59.353,6720.0,17443,6710.0,5990,6700.0,8809,6690.0,520,6680.0,1629,6730.0,12745,6740.0,711,6750.0,5,6760.0,1815,6770.0,3922,2025-05-09 15:46:59.272,,2147483647,609771,False,nan
5002,728401,1611538590,MERV - XMEV - GGAL - 24hs,6730.0,2025-05-09 15:46:58,13,2025-05-09 15:46:59.852,6720.0,17443,6710.0,5990,6700.0,8809,6690.0,520,6680.0,1629,6730.0,12745,6740.0,711,6750.0,5,6760.0,1815,6770.0,3922,2025-05-09 15:46:59.772,,2147483647,609784,False,nan
5003,728477,1611538687,MERV - XMEV - GGAL - 24hs,6730.0,2025-05-09 15:47:00,596,2025-05-09 15:47:00.765,6720.0,17443,6710.0,5990,6700.0,8809,6690.0,520,6680.0,1629,6730.0,12745,6740.0,711,6750.0,5,6760.0,1815,6770.0,3922,2025-05-09 15:47:00.684,,2147483647,609784,True,offer
5004,728531,1611538757,MERV - XMEV - GGAL - 24hs,6730.0,2025-05-09 15:47:00,596,2025-05-09 15:47:01.438,6720.0,17443,6710.0,5990,6700.0,8809,6690.0,520,6680.0,1629,6730.0,12149,6740.0,711,6750.0,5,6760.0,1815,6770.0,3922,2025-05-09 15:47:01.352,,2147483647,609784,False,nan
5005,728567,1611538798,MERV - XMEV - GGAL - 24hs,6730.0,2025-05-09 15:47:00,596,2025-05-09 15:47:01.933,6720.0,17443,6710.0,5990,6700.0,8809,6690.0,520,6680.0,1629,6730.0,12149,6740.0,711,6750.0,5,6760.0,1815,6770.0,3922,2025-05-09 15:47:01.852,,2147483647,610380,False,nan
5006,728702,1611538989,MERV - XMEV - GGAL - 24hs,6730.0,2025-05-09 15:47:03,53,2025-05-09 15:47:03.642,6720.0,17443,6710.0,5990,6700.0,8809,6690.0,520,6680.0,1629,6730.0,12149,6740.0,711,6750.0,5,6760.0,1815,6770.0,3922,2025-05-09 15:47:03.561,,2147483647,610380,True,offer
5007,728773,1611539083,MERV - XMEV - GGAL - 24hs,6730.0,2025-05-09 15:47:03,53,2025-05-09 15:47:04.305,6720.0,17443,6710.0,5296,6700.0,8809,6690.0,520,6680.0,1629,6730.0,12096,6740.0,711,6750.0,5,6760.0,1815,6770.0,3922,2025-05-09 15:47:04.225,,2147483647,610380,False,nan
5008,728820,1611539145,MERV - XMEV - GGAL - 24hs,6730.0,2025-05-09 15:47:03,53,2025-05-09 15:47:04.805,6720.0,17443,6710.0,5296,6700.0,8809,6690.0,520,6680.0,1629,6730.0,12096,6740.0,711,6750.0,5,6760.0,1815,6770.0,3922,2025-05-09 15:47:04.725,,2147483647,610433,False,nan
5009,728912,1611539257,MERV - XMEV - GGAL - 24hs,6730.0,2025-05-09 15:47:05,347,2025-05-09 15:47:05.319,6720.0,17488,6710.0,5296,6700.0,8809,6690.0,520,6680.0,1629,6730.0,12096,6740.0,711,6750.0,5,6760.0,1815,6770.0,3922,2025-05-09 15:47:05.224,,2147483647,610433,True,offer
5010,728954,1611539307,MERV - XMEV - GGAL - 24hs,6730.0,2025-05-09 15:47:05,347,2025-05-09 15:47:05.806,6720.0,17451,6710.0,5296,6700.0,8809,6690.0,520,6680.0,1629,6730.0,11749,6740.0,711,6750.0,5,6760.0,1815,6770.0,3922,2025-05-09 15:47:05.724,,2147483647,610780,False,nan
5011,729037,1611539409,MERV - XMEV - GGAL - 24hs,6730.0,2025-05-09 15:47:05,326,2025-05-09 15:47:06.308,6720.0,17451,6710.0,5296,6700.0,8809,6690.0,520,6680.0,1629,6730.0,11749,6740.0,711,6750.0,5,6760.0,1815,6770.0,3922,2025-05-09 15:47:06.225,,2147483647,611104,False,nan
5012,729093,1611539484,MERV - XMEV - GGAL - 24hs,6730.0,2025-05-09 15:47:05,326,2025-05-09 15:47:06.811,6720.0,17443,6710.0,5296,6700.0,8809,6690.0,520,6680.0,1629,6730.0,11099,6740.0,711,6750.0,5,6760.0,1815,6770.0,3922,2025-05-09 15:47:06.724,,2147483647,611430,False,nan
5013,729462,1611540114,MERV - XMEV - GGAL - 24hs,6730.0,2025-05-09 15:47:10,10000,2025-05-09 15:47:10.344,6720.0,17443,6710.0,5296,6700.0,8809,6690.0,520,6680.0,1629,6730.0,11099,6740.0,711,6750.0,5,6760.0,1815,6770.0,3922,2025-05-09 15:47:10.256,,2147483647,611430,True,offer
5014,729511,1611540173,MERV - XMEV - GGAL - 24hs,6730.0,2025-05-09 15:47:10,10000,2025-05-09 15:47:11.215,6720.0,17443,6710.0,5296,6700.0,8809,6690.0,520,6680.0,1629,6730.0,1099,6740.0,711,6750.0,5,6760.0,1815,6770.0,3922,2025-05-09 15:47:11.087,,2147483647,611430,False,nan
5015,729538,1611540210,MERV - XMEV - GGAL - 24hs,6730.0,2025-05-09 15:47:10,10000,2025-05-09 15:47:11.340,6720.0,17443,6710.0,5296,6700.0,8809,6690.0,520,6680.0,1629,6730.0,1099,6740.0,711,6750.0,5,6760.0,1815,6770.0,3922,2025-05-09 15:47:11.256,,2147483647,621430,False,nan
5016,730277,1611541225,MERV - XMEV - GGAL - 24hs,6730.0,2025-05-09 15:47:10,10000,2025-05-09 15:47:17.069,6720.0,17443,6710.0,5296,6700.0,8809,6690.0,520,6680.0,1629,6730.0,1099,6740.0,711,6750.0,505,6760.0,1815,6770.0,3922,2025-05-09 15:47:16.989,,2147483647,621430,False,nan
5017,730539,1611541629,MERV - XMEV - GGAL - 24hs,6730.0,2025-05-09 15:47:19,30,2025-05-09 15:47:20.012,6720.0,17443,6710.0,5296,6700.0,8809,6690.0,520,6680.0,1629,6730.0,1099,6740.0,711,6750.0,505,6760.0,1815,6770.0,3922,2025-05-09 15:47:19.913,,2147483647,621430,True,offer
5018,730596,1611541719,MERV - XMEV - GGAL - 24hs,6730.0,2025-05-09 15:47:19,30,2025-05-09 15:47:20.627,6720.0,17443,6710.0,5296,6700.0,8809,6690.0,520,6680.0,1629,6730.0,1069,6740.0,711,6750.0,505,6760.0,1815,6770.0,3922,2025-05-09 15:47:20.546,,2147483647,621430,False,nan
5019,730643,1611541780,MERV - XMEV - GGAL - 24hs,6730.0,2025-05-09 15:47:19,30,2025-05-09 15:47:21.132,6720.0,17443,6710.0,5296,6700.0,8809,6690.0,520,6680.0,1629,6730.0,1069,6740.0,711,6750.0,505,6760.0,1815,6770.0,3922,2025-05-09 15:47:21.049,,2147483647,621460,False,nan
5020,730743,1611541901,MERV - XMEV - GGAL - 24hs,6730.0,2025-05-09 15:47:19,30,2025-05-09 15:47:22.110,6720.0,17443,6710.0,5300,6700.0,8809,6690.0,520,6680.0,1629,6730.0,1069,6740.0,711,6750.0,505,6760.0,1815,6770.0,3922,2025-05-09 15:47:22.029,,2147483647,621460,False,nan
5021,731146,1611542498,MERV - XMEV - GGAL - 24hs,6730.0,2025-05-09 15:47:25,294,2025-05-09 15:47:25.410,6720.0,17443,6710.0,5300,6700.0,8809,6690.0,520,6680.0,1629,6730.0,1069,6740.0,711,6750.0,505,6760.0,1815,6770.0,3922,2025-05-09 15:47:25.330,,2147483647,621460,True,offer
5022,731193,1611542554,MERV - XMEV - GGAL - 24hs,6730.0,2025-05-09 15:47:25,294,2025-05-09 15:47:25.995,6720.0,17443,6710.0,2300,6700.0,8809,6690.0,520,6680.0,1629,6730.0,775,6740.0,711,6750.0,505,6760.0,1815,6770.0,3922,2025-05-09 15:47:25.911,,2147483647,621460,False,nan
5023,731228,1611542603,MERV - XMEV - GGAL - 24hs,6730.0,2025-05-09 15:47:25,294,2025-05-09 15:47:26.495,6720.0,17443,6710.0,2300,6700.0,8809,6690.0,520,6680.0,1629,6730.0,775,6740.0,711,6750.0,505,6760.0,1815,6770.0,3922,2025-05-09 15:47:26.414,,2147483647,621754,False,nan
5024,731516,1611542949,MERV - XMEV - GGAL - 24hs,6730.0,2025-05-09 15:47:25,294,2025-05-09 15:47:27.881,6720.0,17443,6710.0,3300,6700.0,8809,6690.0,520,6680.0,1629,6730.0,775,6740.0,711,6750.0,505,6760.0,1815,6770.0,3922,2025-05-09 15:47:27.794,,2147483647,621754,False,nan
5025,731924,1611543523,MERV - XMEV - GGAL - 24hs,6730.0,2025-05-09 15:47:32,80,2025-05-09 15:47:33.011,6720.0,17443,6710.0,3300,6700.0,8809,6690.0,520,6680.0,1629,6730.0,775,6740.0,711,6750.0,505,6760.0,1815,6770.0,3922,2025-05-09 15:47:32.844,,2147483647,621754,True,offer
5026,731995,1611543617,MERV - XMEV - GGAL - 24hs,6730.0,2025-05-09 15:47:32,80,2025-05-09 15:47:33.423,6720.0,17373,6710.0,3300,6700.0,8809,6690.0,520,6680.0,1629,6730.0,695,6740.0,711,6750.0,505,6760.0,1815,6770.0,3922,2025-05-09 15:47:33.343,,2147483647,621754,False,nan
5027,732054,1611543697,MERV - XMEV - GGAL - 24hs,6730.0,2025-05-09 15:47:32,80,2025-05-09 15:47:33.928,6720.0,17373,6710.0,3300,6700.0,8809,6690.0,520,6680.0,1629,6730.0,695,6740.0,711,6750.0,505,6760.0,1815,6770.0,3922,2025-05-09 15:47:33.847,,2147483647,621834,False,nan
5028,732115,1611543774,MERV - XMEV - GGAL - 24hs,6730.0,2025-05-09 15:47:34,250,2025-05-09 15:47:34.424,6720.0,17373,6710.0,3300,6700.0,8809,6690.0,520,6680.0,1629,6730.0,695,6740.0,711,6750.0,505,6760.0,1815,6770.0,3922,2025-05-09 15:47:34.344,,2147483647,621834,True,offer
5029,732150,1611543828,MERV - XMEV - GGAL - 24hs,6730.0,2025-05-09 15:47:34,250,2025-05-09 15:47:34.924,6720.0,17373,6710.0,3300,6700.0,8809,6690.0,520,6680.0,1629,6730.0,445,6740.0,711,6750.0,505,6760.0,1815,6770.0,3922,2025-05-09 15:47:34.843,,2147483647,622084,False,nan
5030,732949,1611544881,MERV - XMEV - GGAL - 24hs,6730.0,2025-05-09 15:47:34,250,2025-05-09 15:47:44.238,6720.0,2373,6710.0,17300,6700.0,9809,6690.0,520,6680.0,1629,6730.0,445,6740.0,711,6750.0,505,6760.0,1815,6770.0,3922,2025-05-09 15:47:44.107,,2147483647,622084,False,nan
5031,733113,1611545104,MERV - XMEV - GGAL - 24hs,6730.0,2025-05-09 15:47:45,398,2025-05-09 15:47:46.044,6720.0,2373,6710.0,17300,6700.0,9809,6690.0,520,6680.0,1629,6730.0,445,6740.0,711,6750.0,505,6760.0,1815,6770.0,3922,2025-05-09 15:47:45.959,,2147483647,622084,True,offer
5032,733156,1611545167,MERV - XMEV - GGAL - 24hs,6730.0,2025-05-09 15:47:45,398,2025-05-09 15:47:46.541,6720.0,2373,6710.0,2300,6700.0,24809,6690.0,520,6680.0,1629,6730.0,47,6740.0,711,6750.0,505,6760.0,1815,6770.0,3922,2025-05-09 15:47:46.459,,2147483647,622084,False,nan
5033,733202,1611545224,MERV - XMEV - GGAL - 24hs,6730.0,2025-05-09 15:47:45,398,2025-05-09 15:47:47.045,6720.0,2373,6710.0,2300,6700.0,24809,6690.0,520,6680.0,1629,6730.0,47,6740.0,711,6750.0,505,6760.0,1815,6770.0,3922,2025-05-09 15:47:46.959,,2147483647,622482,False,nan
5034,733233,1611545260,MERV - XMEV - GGAL - 24hs,6730.0,2025-05-09 15:47:47,1,2025-05-09 15:47:47.546,6720.0,2373,6710.0,2300,6700.0,24809,6690.0,520,6680.0,1629,6730.0,47,6740.0,711,6750.0,505,6760.0,1815,6770.0,3922,2025-05-09 15:47:47.464,,2147483647,622482,True,offer
5035,733277,1611545319,MERV - XMEV - GGAL - 24hs,6730.0,2025-05-09 15:47:47,1,2025-05-09 15:47:48.044,6720.0,2373,6710.0,2300,6700.0,24809,6690.0,520,6680.0,1629,6730.0,46,6740.0,711,6750.0,505,6760.0,1815,6770.0,3922,2025-05-09 15:47:47.963,,2147483647,622483,False,nan
5036,733557,1611545797,MERV - XMEV - GGAL - 24hs,6730.0,2025-05-09 15:47:50,1,2025-05-09 15:47:50.578,6720.0,2373,6710.0,2300,6700.0,24809,6690.0,520,6680.0,1629,6730.0,46,6740.0,711,6750.0,505,6760.0,1815,6770.0,3922,2025-05-09 15:47:50.496,,2147483647,622483,True,offer
5037,733709,1611546033,MERV - XMEV - GGAL - 24hs,6730.0,2025-05-09 15:47:50,1,2025-05-09 15:47:51.991,6720.0,2373,6710.0,2300,6700.0,24809,6690.0,520,6680.0,1629,6730.0,46,6740.0,711,6750.0,505,6760.0,1815,6770.0,3922,2025-05-09 15:47:51.783,,2147483647,622484,False,nan
5038,733877,1611546236,MERV - XMEV - GGAL - 24hs,6730.0,2025-05-09 15:47:50,1,2025-05-09 15:47:52.630,6720.0,2373,6710.0,2300,6700.0,24809,6690.0,520,6680.0,1629,6730.0,45,6740.0,711,6750.0,505,6760.0,1815,6770.0,3922,2025-05-09 15:47:51.913,,2147483647,622484,False,nan
5039,734033,1611546451,MERV - XMEV - GGAL - 24hs,6730.0,2025-05-09 15:47:53,19,2025-05-09 15:47:53.801,6720.0,2373,6710.0,2300,6700.0,24809,6690.0,520,6680.0,1629,6730.0,45,6740.0,711,6750.0,505,6760.0,1815,6770.0,3922,2025-05-09 15:47:53.712,,2147483647,622484,True,offer
5040,734121,1611546640,MERV - XMEV - GGAL - 24hs,6730.0,2025-05-09 15:47:53,19,2025-05-09 15:47:54.474,6720.0,2373,6710.0,17300,6700.0,9809,6690.0,520,6680.0,1629,6730.0,26,6740.0,711,6750.0,505,6760.0,1815,6770.0,3922,2025-05-09 15:47:54.212,,2147483647,622484,False,nan
5041,734171,1611546696,MERV - XMEV - GGAL - 24hs,6730.0,2025-05-09 15:47:53,19,2025-05-09 15:47:54.794,6720.0,2373,6710.0,17300,6700.0,9809,6690.0,520,6680.0,1629,6730.0,26,6740.0,711,6750.0,505,6760.0,1815,6770.0,3922,2025-05-09 15:47:54.712,,2147483647,622503,False,nan
5042,734595,1611547292,MERV - XMEV - GGAL - 24hs,6730.0,2025-05-09 15:47:59,7,2025-05-09 15:47:59.457,6720.0,2373,6710.0,17300,6700.0,9809,6690.0,520,6680.0,1629,6730.0,26,6740.0,711,6750.0,505,6760.0,1815,6770.0,3922,2025-05-09 15:47:59.377,,2147483647,622503,True,offer
5043,734660,1611547377,MERV - XMEV - GGAL - 24hs,6730.0,2025-05-09 15:47:59,7,2025-05-09 15:48:00.126,6720.0,2373,6710.0,17300,6700.0,9809,6690.0,520,6680.0,1629,6730.0,19,6740.0,711,6750.0,505,6760.0,1815,6770.0,3922,2025-05-09 15:48:00.044,,2147483647,622503,False,nan
5044,734779,1611547567,MERV - XMEV - GGAL - 24hs,6730.0,2025-05-09 15:48:00,9,2025-05-09 15:48:00.799,6720.0,2373,6710.0,17300,6700.0,9809,6690.0,520,6680.0,1629,6730.0,19,6740.0,711,6750.0,505,6760.0,1815,6770.0,3922,2025-05-09 15:48:00.545,,2147483647,622520,True,offer
5045,734851,1611547658,MERV - XMEV - GGAL - 24hs,6730.0,2025-05-09 15:48:00,9,2025-05-09 15:48:01.211,6730.0,17,6720.0,2373,6710.0,17300,6700.0,9809,6690.0,520,6740.0,711,6750.0,505,6760.0,1815,6770.0,3922,6780.0,15280,2025-05-09 15:48:01.129,,2147483647,622520,False,nan
5046,734893,1611547719,MERV - XMEV - GGAL - 24hs,6730.0,2025-05-09 15:48:00,9,2025-05-09 15:48:01.721,6730.0,17,6720.0,2373,6710.0,17300,6700.0,9809,6690.0,520,6740.0,711,6750.0,505,6760.0,1815,6770.0,3922,6780.0,15280,2025-05-09 15:48:01.633,,2147483647,622529,False,nan
5047,735108,1611548000,MERV - XMEV - GGAL - 24hs,6730.0,2025-05-09 15:48:00,9,2025-05-09 15:48:03.268,6730.0,17,6720.0,2373,6710.0,17300,6700.0,9641,6690.0,520,6740.0,711,6750.0,505,6760.0,1815,6770.0,3922,6780.0,15280,2025-05-09 15:48:03.176,,2147483647,622529,False,nan
5048,735440,1611548455,MERV - XMEV - GGAL - 24hs,6730.0,2025-05-09 15:48:00,9,2025-05-09 15:48:06.421,6730.0,19,6720.0,2373,6710.0,17300,6700.0,9641,6690.0,520,6740.0,711,6750.0,1505,6760.0,1815,6770.0,3922,6780.0,15280,2025-05-09 15:48:06.340,,2147483647,622529,False,nan
5049,735813,1611548941,MERV - XMEV - GGAL - 24hs,6730.0,2025-05-09 15:48:00,9,2025-05-09 15:48:09.844,6730.0,20,6720.0,2373,6710.0,17300,6700.0,9641,6690.0,520,6740.0,711,6750.0,1505,6760.0,2065,6770.0,3922,6780.0,15280,2025-05-09 15:48:09.759,,2147483647,622529,False,nan
5050,736209,1611549463,MERV - XMEV - GGAL - 24hs,6740.0,2025-05-09 15:48:14,3,2025-05-09 15:48:14.792,6730.0,20,6720.0,2373,6710.0,17300,6700.0,9641,6690.0,520,6740.0,711,6750.0,1505,6760.0,2065,6770.0,3922,6780.0,15280,2025-05-09 15:48:14.707,,2147483647,622529,True,offer
5051,736253,1611549512,MERV - XMEV - GGAL - 24hs,6740.0,2025-05-09 15:48:14,3,2025-05-09 15:48:15.287,6730.0,141,6720.0,2373,6710.0,17300,6700.0,9641,6690.0,520,6740.0,708,6750.0,1505,6760.0,2065,6770.0,3922,6780.0,15280,2025-05-09 15:48:15.207,,2147483647,622529,False,nan
5052,736289,1611549559,MERV - XMEV - GGAL - 24hs,6740.0,2025-05-09 15:48:14,3,2025-05-09 15:48:15.806,6730.0,141,6720.0,2373,6710.0,17300,6700.0,9641,6690.0,520,6740.0,708,6750.0,1505,6760.0,2065,6770.0,3922,6780.0,15280,2025-05-09 15:48:15.726,,2147483647,622532,False,nan
5053,737062,1611550594,MERV - XMEV - GGAL - 24hs,6740.0,2025-05-09 15:48:14,3,2025-05-09 15:48:20.241,6730.0,141,6720.0,2373,6710.0,17300,6700.0,9641,6690.0,520,6740.0,1208,6750.0,1505,6760.0,2065,6770.0,3922,6780.0,15280,2025-05-09 15:48:19.780,,2147483647,622532,False,nan
5054,737819,1611551598,MERV - XMEV - GGAL - 24hs,6740.0,2025-05-09 15:48:14,3,2025-05-09 15:48:28.848,6730.0,148,6720.0,2373,6710.0,17300,6700.0,9641,6690.0,520,6740.0,1208,6750.0,1505,6760.0,2065,6770.0,3922,6780.0,15280,2025-05-09 15:48:28.768,,2147483647,622532,False,nan
5055,737908,1611551722,MERV - XMEV - GGAL - 24hs,6740.0,2025-05-09 15:48:29,6,2025-05-09 15:48:29.748,6730.0,148,6720.0,2373,6710.0,17300,6700.0,9641,6690.0,520,6740.0,1208,6750.0,1505,6760.0,2065,6770.0,3922,6780.0,15280,2025-05-09 15:48:29.668,,2147483647,622532,True,offer
5056,737964,1611551791,MERV - XMEV - GGAL - 24hs,6740.0,2025-05-09 15:48:29,6,2025-05-09 15:48:30.248,6730.0,148,6720.0,2373,6710.0,17300,6700.0,9641,6690.0,520,6740.0,1202,6750.0,1505,6760.0,2065,6770.0,3922,6780.0,15280,2025-05-09 15:48:30.167,,2147483647,622532,False,nan
5057,738024,1611551867,MERV - XMEV - GGAL - 24hs,6740.0,2025-05-09 15:48:29,6,2025-05-09 15:48:30.762,6730.0,148,6720.0,2373,6710.0,17300,6700.0,9641,6690.0,520,6740.0,1202,6750.0,1505,6760.0,2065,6770.0,3922,6780.0,15280,2025-05-09 15:48:30.679,,2147483647,622538,False,nan
5058,738295,1611552203,MERV - XMEV - GGAL - 24hs,6740.0,2025-05-09 15:48:29,6,2025-05-09 15:48:33.621,6730.0,148,6720.0,2373,6710.0,17300,6700.0,9741,6690.0,520,6740.0,1202,6750.0,1505,6760.0,2065,6770.0,3922,6780.0,15280,2025-05-09 15:48:33.541,,2147483647,622538,False,nan
5059,740043,1611554530,MERV - XMEV - GGAL - 24hs,6740.0,2025-05-09 15:48:53,17,2025-05-09 15:48:53.811,6730.0,148,6720.0,2373,6710.0,17300,6700.0,9741,6690.0,520,6740.0,1202,6750.0,1505,6760.0,2065,6770.0,3922,6780.0,15280,2025-05-09 15:48:53.731,,2147483647,622538,True,offer
5060,740126,1611554635,MERV - XMEV - GGAL - 24hs,6740.0,2025-05-09 15:48:53,17,2025-05-09 15:48:54.478,6730.0,148,6720.0,2373,6710.0,17300,6700.0,9740,6690.0,520,6740.0,1185,6750.0,1505,6760.0,2065,6770.0,3922,6780.0,15280,2025-05-09 15:48:54.395,,2147483647,622538,False,nan
5061,740172,1611554693,MERV - XMEV - GGAL - 24hs,6740.0,2025-05-09 15:48:53,17,2025-05-09 15:48:54.975,6730.0,148,6720.0,2373,6710.0,17300,6700.0,9740,6690.0,520,6740.0,1185,6750.0,1505,6760.0,2065,6770.0,3922,6780.0,15280,2025-05-09 15:48:54.896,,2147483647,622555,False,nan
5062,740441,1611555064,MERV - XMEV - GGAL - 24hs,6740.0,2025-05-09 15:48:53,17,2025-05-09 15:48:57.520,6730.0,148,6720.0,2373,6710.0,17299,6700.0,9740,6690.0,520,6740.0,1185,6750.0,1505,6760.0,2065,6770.0,3922,6780.0,15280,2025-05-09 15:48:57.432,,2147483647,622555,False,nan
5063,740782,1611555526,MERV - XMEV - GGAL - 24hs,6740.0,2025-05-09 15:49:00,10,2025-05-09 15:49:00.953,6730.0,148,6720.0,2373,6710.0,17299,6700.0,9740,6690.0,520,6740.0,1185,6750.0,1505,6760.0,2065,6770.0,3922,6780.0,15280,2025-05-09 15:49:00.871,,2147483647,622555,True,offer
5064,740847,1611555615,MERV - XMEV - GGAL - 24hs,6740.0,2025-05-09 15:49:00,10,2025-05-09 15:49:01.624,6730.0,148,6720.0,2373,6710.0,17299,6700.0,9740,6690.0,520,6740.0,1175,6750.0,1505,6760.0,2065,6770.0,3922,6780.0,15280,2025-05-09 15:49:01.541,,2147483647,622555,False,nan
5065,740929,1611555750,MERV - XMEV - GGAL - 24hs,6740.0,2025-05-09 15:49:00,10,2025-05-09 15:49:02.178,6730.0,148,6720.0,2373,6710.0,17299,6700.0,9740,6690.0,520,6740.0,1175,6750.0,1505,6760.0,2065,6770.0,3922,6780.0,15280,2025-05-09 15:49:02.041,,2147483647,622565,False,nan
5066,742478,1611557856,MERV - XMEV - GGAL - 24hs,6740.0,2025-05-09 15:49:00,10,2025-05-09 15:49:16.072,6730.0,148,6720.0,2387,6710.0,17299,6700.0,9740,6690.0,520,6740.0,1175,6750.0,1505,6760.0,2065,6770.0,3922,6780.0,15280,2025-05-09 15:49:15.987,,2147483647,622565,False,nan
5067,743104,1611558669,MERV - XMEV - GGAL - 24hs,6730.0,2025-05-09 15:49:21,17,2025-05-09 15:49:21.658,6730.0,148,6720.0,2387,6710.0,17299,6700.0,9740,6690.0,520,6740.0,1175,6750.0,1505,6760.0,2065,6770.0,3922,6780.0,15280,2025-05-09 15:49:21.576,,2147483647,622565,True,bid
5068,743150,1611558728,MERV - XMEV - GGAL - 24hs,6730.0,2025-05-09 15:49:21,99,2025-05-09 15:49:22.157,6730.0,148,6720.0,2387,6710.0,17299,6700.0,9740,6690.0,520,6740.0,1175,6750.0,1505,6760.0,2065,6770.0,3922,6780.0,15280,2025-05-09 15:49:22.077,,2147483647,622565,False,nan
5069,743197,1611558781,MERV - XMEV - GGAL - 24hs,6730.0,2025-05-09 15:49:21,99,2025-05-09 15:49:22.656,6730.0,29,6720.0,2387,6710.0,17299,6700.0,9740,6690.0,520,6740.0,1175,6750.0,1505,6760.0,2065,6770.0,3922,6780.0,15280,2025-05-09 15:49:22.576,,2147483647,622684,False,nan
5070,743284,1611558889,MERV - XMEV - GGAL - 24hs,6730.0,2025-05-09 15:49:21,99,2025-05-09 15:49:23.552,6730.0,29,6720.0,2387,6710.0,17334,6700.0,9740,6690.0,520,6740.0,1175,6750.0,1505,6760.0,2065,6770.0,3922,6780.0,15280,2025-05-09 15:49:23.472,,2147483647,622684,False,nan
5071,743420,1611559064,MERV - XMEV - GGAL - 24hs,6730.0,2025-05-09 15:49:21,99,2025-05-09 15:49:24.924,6730.0,29,6720.0,2387,6710.0,2334,6700.0,24740,6690.0,520,6740.0,1175,6750.0,1505,6760.0,2065,6770.0,3922,6780.0,15280,2025-05-09 15:49:24.844,,2147483647,622684,False,nan
5072,744580,1611560673,MERV - XMEV - GGAL - 24hs,6740.0,2025-05-09 15:49:37,2,2025-05-09 15:49:37.228,6730.0,29,6720.0,2387,6710.0,2334,6700.0,24740,6690.0,520,6740.0,1175,6750.0,1505,6760.0,2065,6770.0,3922,6780.0,15280,2025-05-09 15:49:37.149,,2147483647,622684,True,offer
5073,744629,1611560728,MERV - XMEV - GGAL - 24hs,6740.0,2025-05-09 15:49:37,2,2025-05-09 15:49:37.895,6730.0,29,6720.0,2387,6710.0,2334,6700.0,24740,6690.0,520,6740.0,1173,6750.0,1505,6760.0,2065,6770.0,3922,6780.0,15280,2025-05-09 15:49:37.816,,2147483647,622684,False,nan
5074,744663,1611560770,MERV - XMEV - GGAL - 24hs,6740.0,2025-05-09 15:49:37,2,2025-05-09 15:49:38.400,6730.0,29,6720.0,2387,6710.0,2334,6700.0,24740,6690.0,520,6740.0,1173,6750.0,1505,6760.0,2065,6770.0,3922,6780.0,15280,2025-05-09 15:49:38.317,,2147483647,622686,False,nan
5075,745143,1611561510,MERV - XMEV - GGAL - 24hs,6740.0,2025-05-09 15:49:37,2,2025-05-09 15:49:43.487,6730.0,29,6720.0,2387,6710.0,2634,6700.0,24740,6690.0,520,6740.0,1173,6750.0,1505,6760.0,2065,6770.0,3922,6780.0,15280,2025-05-09 15:49:43.406,,2147483647,622686,False,nan
5076,745390,1611561830,MERV - XMEV - GGAL - 24hs,6740.0,2025-05-09 15:49:37,2,2025-05-09 15:49:45.416,6730.0,29,6720.0,2387,6710.0,2634,6700.0,23740,6690.0,1520,6740.0,1173,6750.0,1505,6760.0,2065,6770.0,3922,6780.0,15280,2025-05-09 15:49:45.336,,2147483647,622686,False,nan
5077,745462,1611561932,MERV - XMEV - GGAL - 24hs,6740.0,2025-05-09 15:49:37,2,2025-05-09 15:49:46.466,6730.0,29,6720.0,2387,6710.0,2634,6700.0,24740,6690.0,520,6740.0,1173,6750.0,1505,6760.0,2065,6770.0,3922,6780.0,15280,2025-05-09 15:49:46.384,,2147483647,622686,False,nan
5078,745605,1611562117,MERV - XMEV - GGAL - 24hs,6740.0,2025-05-09 15:49:47,40,2025-05-09 15:49:47.227,6730.0,29,6720.0,2387,6710.0,2634,6700.0,24740,6690.0,520,6740.0,1173,6750.0,1505,6760.0,2065,6770.0,3922,6780.0,15280,2025-05-09 15:49:47.078,,2147483647,622686,True,offer
5079,745645,1611562166,MERV - XMEV - GGAL - 24hs,6740.0,2025-05-09 15:49:47,40,2025-05-09 15:49:47.828,6730.0,29,6720.0,2387,6710.0,2634,6700.0,24740,6690.0,520,6740.0,1133,6750.0,1505,6760.0,2065,6770.0,3922,6780.0,15280,2025-05-09 15:49:47.742,,2147483647,622686,False,nan
5080,745688,1611562223,MERV - XMEV - GGAL - 24hs,6740.0,2025-05-09 15:49:47,40,2025-05-09 15:49:48.327,6730.0,29,6720.0,2387,6710.0,2634,6700.0,24740,6690.0,520,6740.0,1133,6750.0,1505,6760.0,2065,6770.0,3922,6780.0,15280,2025-05-09 15:49:48.242,,2147483647,622726,False,nan
5081,746019,1611562652,MERV - XMEV - GGAL - 24hs,6730.0,2025-05-09 15:49:51,10,2025-05-09 15:49:51.695,6730.0,29,6720.0,2387,6710.0,2634,6700.0,24740,6690.0,520,6740.0,1133,6750.0,1505,6760.0,2065,6770.0,3922,6780.0,15280,2025-05-09 15:49:51.612,,2147483647,622726,True,bid
5082,746093,1611562744,MERV - XMEV - GGAL - 24hs,6730.0,2025-05-09 15:49:51,10,2025-05-09 15:49:52.350,6730.0,19,6720.0,2387,6710.0,2634,6700.0,24740,6690.0,520,6740.0,1133,6750.0,1505,6760.0,2065,6770.0,3922,6780.0,15280,2025-05-09 15:49:52.270,,2147483647,622726,False,nan
5083,746159,1611562823,MERV - XMEV - GGAL - 24hs,6730.0,2025-05-09 15:49:51,10,2025-05-09 15:49:53.148,6730.0,19,6720.0,2387,6710.0,2634,6700.0,24740,6690.0,520,6740.0,1133,6750.0,1505,6760.0,2065,6770.0,3922,6780.0,15280,2025-05-09 15:49:52.921,,2147483647,622736,False,nan
5084,746701,1611563565,MERV - XMEV - GGAL - 24hs,6730.0,2025-05-09 15:49:56,2,2025-05-09 15:49:56.650,6730.0,19,6720.0,2387,6710.0,2634,6700.0,24740,6690.0,520,6740.0,1133,6750.0,1505,6760.0,2065,6770.0,3922,6780.0,15280,2025-05-09 15:49:56.558,,2147483647,622736,True,bid
5085,746756,1611563639,MERV - XMEV - GGAL - 24hs,6730.0,2025-05-09 15:49:56,2,2025-05-09 15:49:57.308,6730.0,17,6720.0,2387,6710.0,2634,6700.0,24740,6690.0,520,6740.0,1133,6750.0,1505,6760.0,2065,6770.0,3922,6780.0,15280,2025-05-09 15:49:57.225,,2147483647,622736,False,nan
5086,746816,1611563715,MERV - XMEV - GGAL - 24hs,6730.0,2025-05-09 15:49:56,2,2025-05-09 15:49:57.807,6730.0,17,6720.0,2387,6710.0,2634,6700.0,24740,6690.0,520,6740.0,1133,6750.0,1505,6760.0,2065,6770.0,3922,6780.0,15280,2025-05-09 15:49:57.725,,2147483647,622738,False,nan
5087,747195,1611564186,MERV - XMEV - GGAL - 24hs,6740.0,2025-05-09 15:50:00,2,2025-05-09 15:50:00.756,6730.0,17,6720.0,2387,6710.0,2634,6700.0,24740,6690.0,520,6740.0,1133,6750.0,1505,6760.0,2065,6770.0,3922,6780.0,15280,2025-05-09 15:50:00.672,,2147483647,622738,True,offer
5088,747274,1611564282,MERV - XMEV - GGAL - 24hs,6740.0,2025-05-09 15:50:00,2,2025-05-09 15:50:01.391,6730.0,17,6720.0,7387,6710.0,2634,6700.0,24740,6690.0,520,6740.0,1131,6750.0,1505,6760.0,2065,6770.0,3922,6780.0,15280,2025-05-09 15:50:01.308,,2147483647,622738,False,nan
5089,747316,1611564333,MERV - XMEV - GGAL - 24hs,6740.0,2025-05-09 15:50:00,2,2025-05-09 15:50:01.888,6730.0,17,6720.0,7387,6710.0,2634,6700.0,24740,6690.0,520,6740.0,1131,6750.0,1505,6760.0,2065,6770.0,3922,6780.0,15280,2025-05-09 15:50:01.808,,2147483647,622740,False,nan
5090,747427,1611564477,MERV - XMEV - GGAL - 24hs,6740.0,2025-05-09 15:50:03,2,2025-05-09 15:50:03.727,6730.0,17,6720.0,7387,6710.0,2634,6700.0,24740,6690.0,520,6740.0,1131,6750.0,1505,6760.0,2065,6770.0,3922,6780.0,15280,2025-05-09 15:50:03.646,,2147483647,622740,True,offer
5091,747513,1611564580,MERV - XMEV - GGAL - 24hs,6740.0,2025-05-09 15:50:03,2,2025-05-09 15:50:04.290,6730.0,17,6720.0,7373,6710.0,2634,6700.0,24740,6690.0,520,6740.0,1129,6750.0,1505,6760.0,2065,6770.0,3922,6780.0,15280,2025-05-09 15:50:04.207,,2147483647,622740,False,nan
5092,747560,1611564640,MERV - XMEV - GGAL - 24hs,6740.0,2025-05-09 15:50:03,2,2025-05-09 15:50:04.793,6730.0,17,6720.0,7373,6710.0,2634,6700.0,24740,6690.0,520,6740.0,1129,6750.0,1505,6760.0,2065,6770.0,3922,6780.0,15280,2025-05-09 15:50:04.712,,2147483647,622742,False,nan
5093,749011,1611566477,MERV - XMEV - GGAL - 24hs,6740.0,2025-05-09 15:50:14,1,2025-05-09 15:50:14.976,6730.0,17,6720.0,7373,6710.0,2634,6700.0,24740,6690.0,520,6740.0,1129,6750.0,1505,6760.0,2065,6770.0,3922,6780.0,15280,2025-05-09 15:50:14.886,,2147483647,622742,True,offer
5094,749107,1611566597,MERV - XMEV - GGAL - 24hs,6740.0,2025-05-09 15:50:14,1,2025-05-09 15:50:15.658,6730.0,17,6720.0,7373,6710.0,2634,6700.0,24740,6690.0,520,6740.0,1129,6750.0,1505,6760.0,2065,6770.0,3922,6780.0,15280,2025-05-09 15:50:15.578,,2147483647,622743,False,nan
5095,749213,1611566723,MERV - XMEV - GGAL - 24hs,6740.0,2025-05-09 15:50:14,1,2025-05-09 15:50:16.167,6730.0,17,6720.0,7373,6710.0,2634,6700.0,24740,6690.0,520,6740.0,1128,6750.0,1505,6760.0,2065,6770.0,3922,6780.0,15280,2025-05-09 15:50:16.078,,2147483647,622743,False,nan
5096,749883,1611567701,MERV - XMEV - GGAL - 24hs,6740.0,2025-05-09 15:50:14,1,2025-05-09 15:50:19.879,6730.0,1017,6720.0,7373,6710.0,2634,6700.0,24740,6690.0,520,6740.0,1128,6750.0,1505,6760.0,2065,6770.0,3922,6780.0,15280,2025-05-09 15:50:19.531,,2147483647,622743,False,nan
5097,750023,1611567948,MERV - XMEV - GGAL - 24hs,6740.0,2025-05-09 15:50:20,17,2025-05-09 15:50:20.898,6730.0,1017,6720.0,7373,6710.0,2634,6700.0,24740,6690.0,520,6740.0,1128,6750.0,1505,6760.0,2065,6770.0,3922,6780.0,15280,2025-05-09 15:50:20.815,,2147483647,622743,True,offer
5098,750059,1611567995,MERV - XMEV - GGAL - 24hs,6740.0,2025-05-09 15:50:20,17,2025-05-09 15:50:21.395,6730.0,1017,6720.0,7373,6710.0,2634,6700.0,24740,6690.0,520,6740.0,1111,6750.0,1505,6760.0,2065,6770.0,3922,6780.0,15280,2025-05-09 15:50:21.316,,2147483647,622743,False,nan
5099,750138,1611568109,MERV - XMEV - GGAL - 24hs,6740.0,2025-05-09 15:50:20,17,2025-05-09 15:50:21.896,6730.0,1017,6720.0,7373,6710.0,2634,6700.0,24740,6690.0,520,6740.0,1111,6750.0,1505,6760.0,2065,6770.0,3922,6780.0,15280,2025-05-09 15:50:21.816,,2147483647,622760,False,nan
5100,750472,1611568541,MERV - XMEV - GGAL - 24hs,6740.0,2025-05-09 15:50:24,10,2025-05-09 15:50:25.059,6730.0,1017,6720.0,7373,6710.0,2634,6700.0,24740,6690.0,520,6740.0,1111,6750.0,1505,6760.0,2065,6770.0,3922,6780.0,15280,2025-05-09 15:50:24.931,,2147483647,622760,True,offer
5101,750533,1611568740,MERV - XMEV - GGAL - 24hs,6740.0,2025-05-09 15:50:24,10,2025-05-09 15:50:25.678,6730.0,1018,6720.0,7373,6710.0,2632,6700.0,24738,6690.0,517,6740.0,1101,6750.0,1505,6760.0,2065,6770.0,3922,6780.0,15279,2025-05-09 15:50:25.429,,2147483647,622760,False,nan
5102,750581,1611568848,MERV - XMEV - GGAL - 24hs,6740.0,2025-05-09 15:50:24,10,2025-05-09 15:50:26.098,6730.0,1018,6720.0,7373,6710.0,2632,6700.0,24738,6690.0,517,6740.0,1101,6750.0,1505,6760.0,2065,6770.0,3922,6780.0,15279,2025-05-09 15:50:25.932,,2147483647,622770,False,nan
5103,750991,1611569366,MERV - XMEV - GGAL - 24hs,6740.0,2025-05-09 15:50:24,10,2025-05-09 15:50:30.784,6730.0,1018,6720.0,7373,6710.0,17632,6700.0,9738,6690.0,517,6740.0,1101,6750.0,1505,6760.0,2065,6770.0,3922,6780.0,15279,2025-05-09 15:50:30.692,,2147483647,622770,False,nan
5104,751151,1611569573,MERV - XMEV - GGAL - 24hs,6740.0,2025-05-09 15:50:32,1,2025-05-09 15:50:32.289,6730.0,1018,6720.0,7373,6710.0,17632,6700.0,9738,6690.0,517,6740.0,1101,6750.0,1505,6760.0,2065,6770.0,3922,6780.0,15279,2025-05-09 15:50:32.207,,2147483647,622770,True,offer
5105,751220,1611569652,MERV - XMEV - GGAL - 24hs,6740.0,2025-05-09 15:50:32,1,2025-05-09 15:50:32.955,6730.0,1018,6720.0,7373,6710.0,17632,6700.0,9738,6690.0,517,6740.0,1100,6750.0,1505,6760.0,2065,6770.0,3922,6780.0,15279,2025-05-09 15:50:32.873,,2147483647,622770,False,nan
5106,751277,1611569718,MERV - XMEV - GGAL - 24hs,6740.0,2025-05-09 15:50:32,1,2025-05-09 15:50:33.464,6730.0,1018,6720.0,7373,6710.0,17632,6700.0,9738,6690.0,517,6740.0,1100,6750.0,1505,6760.0,2065,6770.0,3922,6780.0,15279,2025-05-09 15:50:33.379,,2147483647,622771,False,nan
5107,751343,1611569799,MERV - XMEV - GGAL - 24hs,6740.0,2025-05-09 15:50:32,1,2025-05-09 15:50:34.245,6730.0,1018,6720.0,7373,6710.0,17632,6700.0,9739,6690.0,517,6740.0,1100,6750.0,1505,6760.0,2065,6770.0,3922,6780.0,15279,2025-05-09 15:50:34.160,,2147483647,622771,False,nan
5108,751742,1611570285,MERV - XMEV - GGAL - 24hs,6740.0,2025-05-09 15:50:36,4,2025-05-09 15:50:36.864,6730.0,1018,6720.0,7373,6710.0,17632,6700.0,9739,6690.0,517,6740.0,1100,6750.0,1505,6760.0,2065,6770.0,3922,6780.0,15279,2025-05-09 15:50:36.389,,2147483647,622771,True,offer
5109,751774,1611570324,MERV - XMEV - GGAL - 24hs,6740.0,2025-05-09 15:50:36,4,2025-05-09 15:50:36.991,6730.0,1018,6720.0,7373,6710.0,17632,6700.0,9739,6690.0,517,6740.0,1096,6750.0,1505,6760.0,2065,6770.0,3922,6780.0,15279,2025-05-09 15:50:36.889,,2147483647,622771,False,nan
5110,751821,1611570391,MERV - XMEV - GGAL - 24hs,6740.0,2025-05-09 15:50:36,4,2025-05-09 15:50:37.469,6730.0,1018,6720.0,7373,6710.0,17632,6700.0,9739,6690.0,517,6740.0,1096,6750.0,1505,6760.0,2065,6770.0,3922,6780.0,15279,2025-05-09 15:50:37.389,,2147483647,622775,False,nan
5111,751857,1611570434,MERV - XMEV - GGAL - 24hs,6740.0,2025-05-09 15:50:36,4,2025-05-09 15:50:37.971,6730.0,1167,6720.0,7373,6710.0,17632,6700.0,9739,6690.0,517,6740.0,1096,6750.0,1505,6760.0,2065,6770.0,3922,6780.0,15279,2025-05-09 15:50:37.888,,2147483647,622775,False,nan
5112,751920,1611570509,MERV - XMEV - GGAL - 24hs,6740.0,2025-05-09 15:50:36,4,2025-05-09 15:50:38.970,6730.0,1167,6720.0,7373,6710.0,17632,6700.0,9739,6690.0,517,6740.0,1096,6750.0,2305,6760.0,2065,6770.0,3122,6780.0,15279,2025-05-09 15:50:38.890,,2147483647,622775,False,nan
5113,752313,1611570990,MERV - XMEV - GGAL - 24hs,6740.0,2025-05-09 15:50:36,4,2025-05-09 15:50:43.235,6730.0,1167,6720.0,7373,6710.0,17633,6700.0,9739,6690.0,517,6740.0,1096,6750.0,2305,6760.0,2065,6770.0,3122,6780.0,15279,2025-05-09 15:50:43.155,,2147483647,622775,False,nan
5114,752338,1611571022,MERV - XMEV - GGAL - 24hs,6740.0,2025-05-09 15:50:43,93,2025-05-09 15:50:43.735,6730.0,1167,6720.0,7373,6710.0,17633,6700.0,9739,6690.0,517,6740.0,1096,6750.0,2305,6760.0,2065,6770.0,3122,6780.0,15279,2025-05-09 15:50:43.656,,2147483647,622775,True,offer
5115,752365,1611571053,MERV - XMEV - GGAL - 24hs,6740.0,2025-05-09 15:50:43,93,2025-05-09 15:50:44.235,6730.0,3616,6720.0,7373,6710.0,17633,6700.0,9739,6690.0,517,6740.0,1003,6750.0,2305,6760.0,2065,6770.0,3122,6780.0,15279,2025-05-09 15:50:44.155,,2147483647,622775,False,nan
5116,752386,1611571077,MERV - XMEV - GGAL - 24hs,6740.0,2025-05-09 15:50:43,93,2025-05-09 15:50:44.736,6730.0,3616,6720.0,7373,6710.0,17633,6700.0,9739,6690.0,517,6740.0,1003,6750.0,2305,6760.0,2065,6770.0,3122,6780.0,15279,2025-05-09 15:50:44.656,,2147483647,622868,False,nan
5117,752463,1611571171,MERV - XMEV - GGAL - 24hs,6740.0,2025-05-09 15:50:45,18,2025-05-09 15:50:46.079,6730.0,3616,6720.0,7373,6710.0,17633,6700.0,9739,6690.0,517,6740.0,1003,6750.0,2305,6760.0,2065,6770.0,3122,6780.0,15279,2025-05-09 15:50:45.976,,2147483647,622868,True,offer
5118,752564,1611571317,MERV - XMEV - GGAL - 24hs,6740.0,2025-05-09 15:50:45,18,2025-05-09 15:50:46.539,6730.0,3620,6720.0,7373,6710.0,17633,6700.0,9739,6690.0,517,6740.0,985,6750.0,2305,6760.0,2065,6770.0,3122,6780.0,15279,2025-05-09 15:50:46.286,,2147483647,622868,False,nan
5119,752610,1611571407,MERV - XMEV - GGAL - 24hs,6740.0,2025-05-09 15:50:45,18,2025-05-09 15:50:46.870,6730.0,3620,6720.0,7373,6710.0,17633,6700.0,9739,6690.0,517,6740.0,985,6750.0,2305,6760.0,2065,6770.0,3122,6780.0,15279,2025-05-09 15:50:46.785,,2147483647,622886,False,nan
5120,752944,1611571984,MERV - XMEV - GGAL - 24hs,6740.0,2025-05-09 15:50:45,18,2025-05-09 15:50:51.117,6730.0,3620,6720.0,7373,6710.0,2633,6700.0,23739,6690.0,1517,6740.0,985,6750.0,2305,6760.0,2065,6770.0,3122,6780.0,15279,2025-05-09 15:50:51.038,,2147483647,622886,False,nan
5121,753564,1611572776,MERV - XMEV - GGAL - 24hs,6740.0,2025-05-09 15:50:45,18,2025-05-09 15:50:58.664,6730.0,3620,6720.0,7373,6710.0,2633,6700.0,23739,6690.0,517,6740.0,985,6750.0,2305,6760.0,2065,6770.0,3122,6780.0,15279,2025-05-09 15:50:58.576,,2147483647,622886,False,nan
5122,753706,1611572997,MERV - XMEV - GGAL - 24hs,6740.0,2025-05-09 15:50:59,1,2025-05-09 15:50:59.719,6730.0,3620,6720.0,7373,6710.0,2633,6700.0,23739,6690.0,517,6740.0,985,6750.0,2305,6760.0,2065,6770.0,3122,6780.0,15279,2025-05-09 15:50:59.638,,2147483647,622886,True,offer
5123,753750,1611573150,MERV - XMEV - GGAL - 24hs,6740.0,2025-05-09 15:50:59,1,2025-05-09 15:51:00.309,6730.0,3620,6720.0,7373,6710.0,2633,6700.0,23739,6690.0,1517,6740.0,984,6750.0,2305,6760.0,2065,6770.0,3122,6780.0,15279,2025-05-09 15:51:00.138,,2147483647,622886,False,nan
5124,753830,1611573275,MERV - XMEV - GGAL - 24hs,6740.0,2025-05-09 15:51:00,1,2025-05-09 15:51:00.718,6730.0,3620,6720.0,7373,6710.0,2633,6700.0,23739,6690.0,1517,6740.0,983,6750.0,2305,6760.0,2065,6770.0,3122,6780.0,15279,2025-05-09 15:51:00.638,,2147483647,622887,True,offer
5125,753886,1611573436,MERV - XMEV - GGAL - 24hs,6740.0,2025-05-09 15:51:00,1,2025-05-09 15:51:01.283,6730.0,3620,6720.0,7373,6710.0,2633,6700.0,23739,6690.0,1517,6740.0,983,6750.0,2305,6760.0,2065,6770.0,3122,6780.0,15279,2025-05-09 15:51:01.138,,2147483647,622888,False,nan
5126,754003,1611573683,MERV - XMEV - GGAL - 24hs,6740.0,2025-05-09 15:51:02,20,2025-05-09 15:51:02.759,6730.0,3620,6720.0,7373,6710.0,2633,6700.0,23739,6690.0,1517,6740.0,983,6750.0,2305,6760.0,2065,6770.0,3122,6780.0,15279,2025-05-09 15:51:02.679,,2147483647,622888,True,offer
5127,754038,1611573731,MERV - XMEV - GGAL - 24hs,6740.0,2025-05-09 15:51:02,20,2025-05-09 15:51:03.269,6730.0,3620,6720.0,7373,6710.0,2633,6700.0,8739,6690.0,16517,6740.0,1763,6750.0,1505,6760.0,2065,6770.0,3122,6780.0,15279,2025-05-09 15:51:03.190,,2147483647,622888,False,nan
5128,754086,1611573788,MERV - XMEV - GGAL - 24hs,6730.0,2025-05-09 15:51:03,4,2025-05-09 15:51:03.770,6730.0,3620,6720.0,7373,6710.0,2633,6700.0,8739,6690.0,16517,6740.0,1763,6750.0,1505,6760.0,2065,6770.0,3122,6780.0,15279,2025-05-09 15:51:03.690,,2147483647,622908,True,bid
5129,754144,1611573858,MERV - XMEV - GGAL - 24hs,6730.0,2025-05-09 15:51:03,4,2025-05-09 15:51:04.271,6720.0,7373,6710.0,2633,6700.0,8739,6690.0,16517,6680.0,1634,6740.0,1839,6750.0,1505,6760.0,2065,6770.0,3122,6780.0,15279,2025-05-09 15:51:04.190,,2147483647,626528,False,nan
5130,755177,1611575365,MERV - XMEV - GGAL - 24hs,6730.0,2025-05-09 15:51:03,4,2025-05-09 15:51:14.406,6720.0,7373,6710.0,6253,6700.0,8739,6690.0,16517,6680.0,1634,6740.0,1839,6750.0,1505,6760.0,2065,6770.0,3122,6780.0,15279,2025-05-09 15:51:14.318,,2147483647,626528,False,nan
5131,755477,1611575754,MERV - XMEV - GGAL - 24hs,6740.0,2025-05-09 15:51:18,115,2025-05-09 15:51:18.685,6720.0,7373,6710.0,6253,6700.0,8739,6690.0,16517,6680.0,1634,6740.0,1839,6750.0,1505,6760.0,2065,6770.0,3122,6780.0,15279,2025-05-09 15:51:18.594,,2147483647,626528,True,offer
5132,755519,1611575812,MERV - XMEV - GGAL - 24hs,6740.0,2025-05-09 15:51:18,115,2025-05-09 15:51:19.396,6720.0,7373,6710.0,6253,6700.0,8739,6690.0,16517,6680.0,1634,6740.0,1724,6750.0,1505,6760.0,2065,6770.0,3122,6780.0,15279,2025-05-09 15:51:19.259,,2147483647,626528,False,nan
5133,755556,1611575864,MERV - XMEV - GGAL - 24hs,6740.0,2025-05-09 15:51:18,115,2025-05-09 15:51:19.879,6720.0,7373,6710.0,6253,6700.0,8739,6690.0,16517,6680.0,1634,6740.0,1724,6750.0,1505,6760.0,2065,6770.0,3122,6780.0,15279,2025-05-09 15:51:19.760,,2147483647,626643,False,nan
5134,755856,1611576257,MERV - XMEV - GGAL - 24hs,6740.0,2025-05-09 15:51:24,14,2025-05-09 15:51:24.482,6720.0,7373,6710.0,6253,6700.0,8739,6690.0,16517,6680.0,1634,6740.0,1724,6750.0,1505,6760.0,2065,6770.0,3122,6780.0,15279,2025-05-09 15:51:24.396,,2147483647,626643,True,offer
5135,755921,1611576334,MERV - XMEV - GGAL - 24hs,6740.0,2025-05-09 15:51:24,14,2025-05-09 15:51:24.982,6730.0,5,6720.0,7373,6710.0,6253,6700.0,8739,6690.0,16517,6740.0,1634,6750.0,1505,6760.0,2065,6770.0,3122,6780.0,15286,2025-05-09 15:51:24.899,,2147483647,626643,False,nan
5136,755959,1611576383,MERV - XMEV - GGAL - 24hs,6740.0,2025-05-09 15:51:24,14,2025-05-09 15:51:25.477,6730.0,5,6720.0,7373,6710.0,6253,6700.0,8739,6690.0,16517,6740.0,1634,6750.0,1505,6760.0,2065,6770.0,3122,6780.0,15286,2025-05-09 15:51:25.396,,2147483647,626657,False,nan
5137,756389,1611576977,MERV - XMEV - GGAL - 24hs,6740.0,2025-05-09 15:51:30,26,2025-05-09 15:51:30.895,6730.0,5,6720.0,7373,6710.0,6253,6700.0,8739,6690.0,16517,6740.0,1634,6750.0,1505,6760.0,2065,6770.0,3122,6780.0,15286,2025-05-09 15:51:30.654,,2147483647,626657,True,offer
5138,756444,1611577138,MERV - XMEV - GGAL - 24hs,6740.0,2025-05-09 15:51:30,26,2025-05-09 15:51:31.399,6730.0,5,6720.0,7373,6710.0,6253,6700.0,8739,6690.0,16517,6740.0,1608,6750.0,1505,6760.0,2065,6770.0,3122,6780.0,15286,2025-05-09 15:51:31.297,,2147483647,626657,False,nan
5139,756495,1611577262,MERV - XMEV - GGAL - 24hs,6740.0,2025-05-09 15:51:30,26,2025-05-09 15:51:31.888,6730.0,5,6720.0,7373,6710.0,6253,6700.0,8739,6690.0,16517,6740.0,1608,6750.0,1505,6760.0,2065,6770.0,3122,6780.0,15286,2025-05-09 15:51:31.797,,2147483647,626683,False,nan
5140,756637,1611577449,MERV - XMEV - GGAL - 24hs,6730.0,2025-05-09 15:51:33,1,2025-05-09 15:51:33.420,6730.0,5,6720.0,7373,6710.0,6253,6700.0,8739,6690.0,16517,6740.0,1608,6750.0,1505,6760.0,2065,6770.0,3122,6780.0,15286,2025-05-09 15:51:33.340,,2147483647,626683,True,bid
5141,756692,1611577523,MERV - XMEV - GGAL - 24hs,6730.0,2025-05-09 15:51:33,1,2025-05-09 15:51:34.093,6730.0,4,6720.0,7373,6710.0,6253,6700.0,8739,6690.0,16517,6740.0,1608,6750.0,1505,6760.0,2065,6770.0,3122,6780.0,15286,2025-05-09 15:51:34.008,,2147483647,626683,False,nan
5142,756736,1611577580,MERV - XMEV - GGAL - 24hs,6730.0,2025-05-09 15:51:33,1,2025-05-09 15:51:34.601,6730.0,4,6720.0,7373,6710.0,6253,6700.0,8739,6690.0,16517,6740.0,1608,6750.0,1505,6760.0,2065,6770.0,3122,6780.0,15286,2025-05-09 15:51:34.514,,2147483647,626684,False,nan
5143,756825,1611577697,MERV - XMEV - GGAL - 24hs,6730.0,2025-05-09 15:51:33,1,2025-05-09 15:51:36.036,6730.0,4,6720.0,7373,6710.0,6253,6700.0,8739,6690.0,16517,6740.0,4553,6750.0,1505,6760.0,2065,6770.0,3122,6780.0,15286,2025-05-09 15:51:35.957,,2147483647,626684,False,nan
5144,757025,1611577954,MERV - XMEV - GGAL - 24hs,6740.0,2025-05-09 15:51:37,148,2025-05-09 15:51:37.517,6730.0,4,6720.0,7373,6710.0,6253,6700.0,8739,6690.0,16517,6740.0,4553,6750.0,1505,6760.0,2065,6770.0,3122,6780.0,15286,2025-05-09 15:51:37.435,,2147483647,626684,True,offer
5145,757063,1611578007,MERV - XMEV - GGAL - 24hs,6740.0,2025-05-09 15:51:37,148,2025-05-09 15:51:38.179,6730.0,4,6720.0,7373,6710.0,6253,6700.0,8739,6690.0,16517,6740.0,4405,6750.0,1505,6760.0,2065,6770.0,3122,6780.0,15286,2025-05-09 15:51:38.099,,2147483647,626684,False,nan
5146,757098,1611578087,MERV - XMEV - GGAL - 24hs,6740.0,2025-05-09 15:51:37,148,2025-05-09 15:51:38.678,6730.0,4,6720.0,7373,6710.0,6253,6700.0,8739,6690.0,16517,6740.0,4405,6750.0,1505,6760.0,2065,6770.0,3122,6780.0,15286,2025-05-09 15:51:38.599,,2147483647,626832,False,nan
5147,757662,1611579021,MERV - XMEV - GGAL - 24hs,6740.0,2025-05-09 15:51:45,1,2025-05-09 15:51:45.212,6730.0,4,6720.0,7373,6710.0,6253,6700.0,8739,6690.0,16517,6740.0,4405,6750.0,1505,6760.0,2065,6770.0,3122,6780.0,15286,2025-05-09 15:51:45.131,,2147483647,626832,True,offer
5148,757722,1611579166,MERV - XMEV - GGAL - 24hs,6740.0,2025-05-09 15:51:45,1,2025-05-09 15:51:45.816,6730.0,4,6720.0,7373,6710.0,6253,6700.0,8739,6690.0,16517,6740.0,4409,6750.0,1505,6760.0,2065,6770.0,3122,6780.0,15286,2025-05-09 15:51:45.641,,2147483647,626832,False,nan
5149,757780,1611579236,MERV - XMEV - GGAL - 24hs,6740.0,2025-05-09 15:51:45,1,2025-05-09 15:51:46.228,6730.0,4,6720.0,7373,6710.0,6253,6700.0,8739,6690.0,16517,6740.0,4409,6750.0,1505,6760.0,2065,6770.0,3122,6780.0,15286,2025-05-09 15:51:46.136,,2147483647,626833,False,nan
5150,758108,1611579616,MERV - XMEV - GGAL - 24hs,6740.0,2025-05-09 15:51:45,1,2025-05-09 15:51:49.279,6730.0,84,6720.0,7373,6710.0,6253,6700.0,8739,6690.0,16517,6740.0,4404,6750.0,1505,6760.0,2065,6770.0,3122,6780.0,15286,2025-05-09 15:51:49.198,,2147483647,626833,False,nan
5151,758258,1611579812,MERV - XMEV - GGAL - 24hs,6740.0,2025-05-09 15:51:45,1,2025-05-09 15:51:51.288,6730.0,84,6720.0,7373,6710.0,6253,6700.0,8739,6690.0,16517,6740.0,5404,6750.0,505,6760.0,2065,6770.0,3122,6780.0,15286,2025-05-09 15:51:51.189,,2147483647,626833,False,nan
5152,758775,1611580491,MERV - XMEV - GGAL - 24hs,6740.0,2025-05-09 15:51:45,1,2025-05-09 15:51:57.341,6730.0,184,6720.0,7373,6710.0,6253,6700.0,8739,6690.0,16517,6740.0,5404,6750.0,505,6760.0,2065,6770.0,3122,6780.0,15286,2025-05-09 15:51:57.260,,2147483647,626833,False,nan
5153,758850,1611580585,MERV - XMEV - GGAL - 24hs,6740.0,2025-05-09 15:51:45,1,2025-05-09 15:51:58.214,6730.0,184,6720.0,7373,6710.0,6253,6700.0,8739,6690.0,16517,6740.0,5405,6750.0,505,6760.0,2065,6770.0,3122,6780.0,15286,2025-05-09 15:51:58.134,,2147483647,626833,False,nan
5154,759372,1611581231,MERV - XMEV - GGAL - 24hs,6730.0,2025-05-09 15:52:04,4,2025-05-09 15:52:04.961,6730.0,184,6720.0,7373,6710.0,6253,6700.0,8739,6690.0,16517,6740.0,5405,6750.0,505,6760.0,2065,6770.0,3122,6780.0,15286,2025-05-09 15:52:04.881,,2147483647,626833,True,bid
5155,759413,1611581282,MERV - XMEV - GGAL - 24hs,6730.0,2025-05-09 15:52:04,73,2025-05-09 15:52:05.460,6730.0,184,6720.0,7373,6710.0,6253,6700.0,8739,6690.0,16517,6740.0,5405,6750.0,505,6760.0,2065,6770.0,3122,6780.0,15286,2025-05-09 15:52:05.381,,2147483647,626833,False,nan
5156,759449,1611581333,MERV - XMEV - GGAL - 24hs,6730.0,2025-05-09 15:52:04,73,2025-05-09 15:52:05.962,6730.0,27,6720.0,7373,6710.0,6253,6700.0,8739,6690.0,16517,6740.0,5405,6750.0,505,6760.0,2065,6770.0,3122,6780.0,15286,2025-05-09 15:52:05.881,,2147483647,626990,False,nan
5157,760348,1611582486,MERV - XMEV - GGAL - 24hs,6740.0,2025-05-09 15:52:12,159,2025-05-09 15:52:13.056,6730.0,27,6720.0,7373,6710.0,6253,6700.0,8739,6690.0,16517,6740.0,5405,6750.0,505,6760.0,2065,6770.0,3122,6780.0,15286,2025-05-09 15:52:12.975,,2147483647,626990,True,offer
5158,760386,1611582547,MERV - XMEV - GGAL - 24hs,6740.0,2025-05-09 15:52:12,701,2025-05-09 15:52:13.555,6730.0,27,6720.0,7373,6710.0,6253,6700.0,8739,6690.0,16517,6740.0,5405,6750.0,505,6760.0,2065,6770.0,3122,6780.0,15286,2025-05-09 15:52:13.475,,2147483647,626990,False,nan
5159,760419,1611582593,MERV - XMEV - GGAL - 24hs,6740.0,2025-05-09 15:52:12,701,2025-05-09 15:52:14.055,6730.0,27,6720.0,7373,6710.0,6253,6700.0,8739,6690.0,16517,6740.0,4045,6750.0,505,6760.0,2065,6770.0,3122,6780.0,15286,2025-05-09 15:52:13.974,,2147483647,628350,False,nan
5160,761550,1611584098,MERV - XMEV - GGAL - 24hs,6740.0,2025-05-09 15:52:12,701,2025-05-09 15:52:24.656,6730.0,27,6720.0,7373,6710.0,6253,6700.0,8739,6690.0,16517,6740.0,4045,6750.0,6,6760.0,2065,6770.0,3122,6780.0,15286,2025-05-09 15:52:24.549,,2147483647,628350,False,nan
5161,761791,1611584389,MERV - XMEV - GGAL - 24hs,6740.0,2025-05-09 15:52:12,701,2025-05-09 15:52:26.571,6730.0,27,6720.0,7373,6710.0,6253,6700.0,23739,6690.0,1517,6740.0,4045,6750.0,6,6760.0,2065,6770.0,3122,6780.0,15286,2025-05-09 15:52:26.455,,2147483647,628350,False,nan
5162,762003,1611584626,MERV - XMEV - GGAL - 24hs,6740.0,2025-05-09 15:52:12,701,2025-05-09 15:52:28.790,6730.0,27,6720.0,7373,6710.0,6253,6700.0,23739,6690.0,1517,6740.0,4045,6750.0,6,6760.0,2066,6770.0,3122,6780.0,15286,2025-05-09 15:52:28.702,,2147483647,628350,False,nan
5163,762688,1611585530,MERV - XMEV - GGAL - 24hs,6740.0,2025-05-09 15:52:12,701,2025-05-09 15:52:33.510,6730.0,27,6720.0,7373,6710.0,6253,6700.0,23739,6690.0,1517,6740.0,4045,6750.0,6,6760.0,2066,6770.0,3123,6780.0,15286,2025-05-09 15:52:33.427,,2147483647,628350,False,nan
5164,762876,1611585827,MERV - XMEV - GGAL - 24hs,6730.0,2025-05-09 15:52:35,27,2025-05-09 15:52:35.952,6730.0,27,6720.0,7373,6710.0,6253,6700.0,23739,6690.0,1517,6740.0,4045,6750.0,6,6760.0,2066,6770.0,3123,6780.0,15286,2025-05-09 15:52:35.869,,2147483647,628350,True,bid
5165,762902,1611585858,MERV - XMEV - GGAL - 24hs,6720.0,2025-05-09 15:52:35,707,2025-05-09 15:52:36.448,6730.0,27,6720.0,7373,6710.0,6253,6700.0,23739,6690.0,1517,6740.0,4045,6750.0,6,6760.0,2066,6770.0,3123,6780.0,15286,2025-05-09 15:52:36.369,,2147483647,628350,False,nan
5166,762944,1611585913,MERV - XMEV - GGAL - 24hs,6720.0,2025-05-09 15:52:35,707,2025-05-09 15:52:36.948,6720.0,5864,6710.0,6253,6700.0,23739,6690.0,1517,6680.0,1635,6740.0,4121,6750.0,6,6760.0,2066,6770.0,3123,6780.0,15279,2025-05-09 15:52:36.869,,2147483647,629886,False,nan
5167,763362,1611586642,MERV - XMEV - GGAL - 24hs,6720.0,2025-05-09 15:52:35,707,2025-05-09 15:52:40.991,6720.0,5864,6710.0,6253,6700.0,23739,6690.0,1517,6680.0,1635,6740.0,4121,6750.0,6,6760.0,2066,6770.0,3123,6780.0,15280,2025-05-09 15:52:40.806,,2147483647,629886,False,nan
5168,764078,1611587804,MERV - XMEV - GGAL - 24hs,6720.0,2025-05-09 15:52:35,707,2025-05-09 15:52:48.513,6720.0,5864,6710.0,6253,6700.0,23739,6690.0,1517,6680.0,1635,6730.0,2,6740.0,4045,6750.0,6,6760.0,2066,6770.0,3130,2025-05-09 15:52:48.434,,2147483647,629886,False,nan
5169,764390,1611588243,MERV - XMEV - GGAL - 24hs,6730.0,2025-05-09 15:52:49,2,2025-05-09 15:52:50.640,6720.0,5864,6710.0,6253,6700.0,23739,6690.0,1517,6680.0,1635,6730.0,2,6740.0,4045,6750.0,6,6760.0,2066,6770.0,3130,2025-05-09 15:52:49.835,,2147483647,629886,True,offer
5170,764448,1611588329,MERV - XMEV - GGAL - 24hs,6740.0,2025-05-09 15:52:49,41,2025-05-09 15:52:50.907,6720.0,5864,6710.0,6253,6700.0,23739,6690.0,1517,6680.0,1635,6730.0,2,6740.0,4045,6750.0,6,6760.0,2066,6770.0,3130,2025-05-09 15:52:50.329,,2147483647,629886,False,nan
5171,764507,1611588413,MERV - XMEV - GGAL - 24hs,6740.0,2025-05-09 15:52:49,41,2025-05-09 15:52:51.152,6720.0,5864,6710.0,6253,6700.0,23739,6690.0,1517,6680.0,1635,6740.0,4080,6750.0,6,6760.0,2066,6770.0,3123,6780.0,15280,2025-05-09 15:52:50.829,,2147483647,629929,False,nan
5172,764628,1611588604,MERV - XMEV - GGAL - 24hs,6740.0,2025-05-09 15:52:49,41,2025-05-09 15:52:51.743,6720.0,5864,6710.0,6248,6700.0,23739,6690.0,1517,6680.0,1635,6740.0,4080,6750.0,6,6760.0,2066,6770.0,3123,6780.0,15280,2025-05-09 15:52:51.607,,2147483647,629929,False,nan
5173,765017,1611589272,MERV - XMEV - GGAL - 24hs,6740.0,2025-05-09 15:52:55,20,2025-05-09 15:52:55.428,6720.0,5864,6710.0,6248,6700.0,23739,6690.0,1517,6680.0,1635,6740.0,4080,6750.0,6,6760.0,2066,6770.0,3123,6780.0,15280,2025-05-09 15:52:55.265,,2147483647,629929,True,offer
5174,765104,1611589495,MERV - XMEV - GGAL - 24hs,6740.0,2025-05-09 15:52:55,20,2025-05-09 15:52:56.108,6720.0,5864,6710.0,6248,6700.0,23739,6690.0,1517,6680.0,1635,6740.0,4060,6750.0,6,6760.0,2066,6770.0,3123,6780.0,15280,2025-05-09 15:52:55.928,,2147483647,629929,False,nan
5175,765134,1611589539,MERV - XMEV - GGAL - 24hs,6740.0,2025-05-09 15:52:55,20,2025-05-09 15:52:56.522,6720.0,5864,6710.0,6248,6700.0,23739,6690.0,1517,6680.0,1635,6740.0,4060,6750.0,6,6760.0,2066,6770.0,3123,6780.0,15280,2025-05-09 15:52:56.428,,2147483647,629949,False,nan
5176,765174,1611589645,MERV - XMEV - GGAL - 24hs,6740.0,2025-05-09 15:52:55,20,2025-05-09 15:52:57.007,6730.0,29,6720.0,5864,6710.0,6248,6700.0,23739,6690.0,1517,6740.0,3984,6750.0,6,6760.0,2066,6770.0,3124,6780.0,15287,2025-05-09 15:52:56.928,,2147483647,629949,False,nan
5177,765389,1611589932,MERV - XMEV - GGAL - 24hs,6740.0,2025-05-09 15:52:55,20,2025-05-09 15:52:59.367,6730.0,29,6720.0,5864,6710.0,6248,6700.0,23739,6690.0,1517,6740.0,3946,6750.0,806,6760.0,2066,6770.0,3124,6780.0,15287,2025-05-09 15:52:59.288,,2147483647,629949,False,nan
5178,765934,1611590596,MERV - XMEV - GGAL - 24hs,6740.0,2025-05-09 15:52:55,20,2025-05-09 15:53:03.026,6730.0,279,6720.0,5864,6710.0,6248,6700.0,23739,6690.0,1517,6740.0,3946,6750.0,806,6760.0,2066,6770.0,3124,6780.0,15287,2025-05-09 15:53:02.818,,2147483647,629949,False,nan
5179,766123,1611590854,MERV - XMEV - GGAL - 24hs,6730.0,2025-05-09 15:53:02,233,2025-05-09 15:53:04.027,6730.0,279,6720.0,5864,6710.0,6248,6700.0,23739,6690.0,1517,6740.0,3946,6750.0,806,6760.0,2066,6770.0,3124,6780.0,15287,2025-05-09 15:53:03.590,,2147483647,629949,True,bid
5180,766205,1611590954,MERV - XMEV - GGAL - 24hs,6730.0,2025-05-09 15:53:03,35,2025-05-09 15:53:04.326,6730.0,67,6720.0,5864,6710.0,6248,6700.0,23739,6690.0,1517,6740.0,2946,6750.0,806,6760.0,2066,6770.0,3124,6780.0,15287,2025-05-09 15:53:03.819,,2147483647,630211,True,bid
5181,766263,1611591025,MERV - XMEV - GGAL - 24hs,6730.0,2025-05-09 15:53:03,35,2025-05-09 15:53:04.548,6730.0,15,6720.0,5864,6710.0,6248,6700.0,23739,6690.0,1517,6740.0,2946,6750.0,806,6760.0,2066,6770.0,3124,6780.0,15287,2025-05-09 15:53:04.319,,2147483647,630263,False,nan
5182,766857,1611591754,MERV - XMEV - GGAL - 24hs,6730.0,2025-05-09 15:53:08,15,2025-05-09 15:53:08.685,6730.0,15,6720.0,5864,6710.0,6248,6700.0,23739,6690.0,1517,6740.0,2946,6750.0,806,6760.0,2066,6770.0,3124,6780.0,15287,2025-05-09 15:53:08.604,,2147483647,630263,True,bid
5183,766929,1611591836,MERV - XMEV - GGAL - 24hs,6730.0,2025-05-09 15:53:08,15,2025-05-09 15:53:09.349,6720.0,5864,6710.0,6248,6700.0,23739,6690.0,1517,6680.0,1635,6740.0,3022,6750.0,806,6760.0,2066,6770.0,3124,6780.0,15280,2025-05-09 15:53:09.267,,2147483647,630263,False,nan
5184,766979,1611591903,MERV - XMEV - GGAL - 24hs,6730.0,2025-05-09 15:53:08,15,2025-05-09 15:53:09.879,6720.0,5864,6710.0,6248,6700.0,23739,6690.0,1517,6680.0,1635,6740.0,3022,6750.0,806,6760.0,2066,6770.0,3124,6780.0,15280,2025-05-09 15:53:09.789,,2147483647,630278,False,nan
5185,767115,1611592081,MERV - XMEV - GGAL - 24hs,6730.0,2025-05-09 15:53:08,15,2025-05-09 15:53:11.164,6720.0,5864,6710.0,21248,6700.0,9739,6690.0,517,6680.0,1635,6740.0,3022,6750.0,806,6760.0,2066,6770.0,3124,6780.0,15280,2025-05-09 15:53:11.079,,2147483647,630278,False,nan
5186,767223,1611592225,MERV - XMEV - GGAL - 24hs,6730.0,2025-05-09 15:53:08,15,2025-05-09 15:53:12.380,6720.0,5864,6710.0,21218,6700.0,9907,6690.0,517,6680.0,1635,6740.0,3022,6750.0,806,6760.0,2066,6770.0,3124,6780.0,15280,2025-05-09 15:53:12.296,,2147483647,630278,False,nan
5187,767341,1611592380,MERV - XMEV - GGAL - 24hs,6730.0,2025-05-09 15:53:08,15,2025-05-09 15:53:13.537,6730.0,3620,6720.0,5864,6710.0,17598,6700.0,9907,6690.0,517,6740.0,2946,6750.0,806,6760.0,2066,6770.0,3124,6780.0,15287,2025-05-09 15:53:13.455,,2147483647,630278,False,nan
5188,767389,1611592443,MERV - XMEV - GGAL - 24hs,6730.0,2025-05-09 15:53:13,105,2025-05-09 15:53:14.041,6730.0,3620,6720.0,5864,6710.0,17598,6700.0,9907,6690.0,517,6740.0,2946,6750.0,806,6760.0,2066,6770.0,3124,6780.0,15287,2025-05-09 15:53:13.955,,2147483647,630278,True,bid
5189,767455,1611592517,MERV - XMEV - GGAL - 24hs,6730.0,2025-05-09 15:53:13,105,2025-05-09 15:53:14.538,6730.0,3515,6720.0,20865,6710.0,3598,6700.0,8907,6690.0,517,6740.0,2946,6750.0,806,6760.0,2066,6770.0,3124,6780.0,15287,2025-05-09 15:53:14.455,,2147483647,630383,False,nan
5190,767573,1611592696,MERV - XMEV - GGAL - 24hs,6730.0,2025-05-09 15:53:13,105,2025-05-09 15:53:15.569,6730.0,3515,6720.0,5865,6710.0,17598,6700.0,9907,6690.0,517,6740.0,2946,6750.0,806,6760.0,2066,6770.0,3124,6780.0,15287,2025-05-09 15:53:15.487,,2147483647,630383,False,nan
5191,767817,1611593009,MERV - XMEV - GGAL - 24hs,6730.0,2025-05-09 15:53:13,105,2025-05-09 15:53:17.277,6730.0,3515,6720.0,20865,6710.0,3598,6700.0,8907,6690.0,517,6740.0,2946,6750.0,806,6760.0,2066,6770.0,3224,6780.0,15287,2025-05-09 15:53:17.196,,2147483647,630383,False,nan
5192,768009,1611593250,MERV - XMEV - GGAL - 24hs,6740.0,2025-05-09 15:53:18,1733,2025-05-09 15:53:18.956,6730.0,3515,6720.0,20865,6710.0,3598,6700.0,8907,6690.0,517,6740.0,2946,6750.0,806,6760.0,2066,6770.0,3224,6780.0,15287,2025-05-09 15:53:18.790,,2147483647,630383,True,offer
5193,768087,1611593365,MERV - XMEV - GGAL - 24hs,6740.0,2025-05-09 15:53:18,1,2025-05-09 15:53:19.387,6740.0,522,6730.0,3515,6720.0,20865,6710.0,3598,6700.0,8907,6750.0,806,6760.0,2066,6770.0,3224,6780.0,15287,6790.0,2222,2025-05-09 15:53:19.282,,2147483647,632116,False,nan
5194,768157,1611593458,MERV - XMEV - GGAL - 24hs,6740.0,2025-05-09 15:53:18,1,2025-05-09 15:53:19.877,6740.0,868,6730.0,3515,6720.0,20865,6710.0,3598,6700.0,8907,6750.0,806,6760.0,2066,6770.0,3224,6780.0,15287,6790.0,2222,2025-05-09 15:53:19.782,,2147483647,633329,False,nan
5195,768248,1611593570,MERV - XMEV - GGAL - 24hs,6740.0,2025-05-09 15:53:18,1,2025-05-09 15:53:20.439,6740.0,1214,6730.0,18515,6720.0,6865,6710.0,2598,6700.0,8907,6750.0,806,6760.0,2066,6770.0,3224,6780.0,15287,6790.0,2222,2025-05-09 15:53:20.348,,2147483647,633329,False,nan
5196,768523,1611593936,MERV - XMEV - GGAL - 24hs,6740.0,2025-05-09 15:53:18,1,2025-05-09 15:53:22.675,6740.0,1561,6730.0,18515,6720.0,6865,6710.0,2598,6700.0,8907,6750.0,806,6760.0,2066,6770.0,3224,6780.0,15287,6790.0,2222,2025-05-09 15:53:22.595,,2147483647,633329,False,nan
5197,768870,1611594446,MERV - XMEV - GGAL - 24hs,6740.0,2025-05-09 15:53:18,1,2025-05-09 15:53:25.384,6740.0,522,6730.0,21497,6720.0,6865,6710.0,2598,6700.0,8907,6750.0,806,6760.0,2066,6770.0,3224,6780.0,15287,6790.0,2222,2025-05-09 15:53:25.273,,2147483647,633329,False,nan
5198,768985,1611594608,MERV - XMEV - GGAL - 24hs,6750.0,2025-05-09 15:53:25,5,2025-05-09 15:53:25.915,6740.0,522,6730.0,21497,6720.0,6865,6710.0,2598,6700.0,8907,6750.0,806,6760.0,2066,6770.0,3224,6780.0,15287,6790.0,2222,2025-05-09 15:53:25.834,,2147483647,633329,True,offer
5199,769054,1611594706,MERV - XMEV - GGAL - 24hs,6750.0,2025-05-09 15:53:25,440,2025-05-09 15:53:26.443,6750.0,539,6740.0,522,6730.0,18515,6720.0,6865,6710.0,2598,6760.0,2066,6770.0,3224,6780.0,15280,6790.0,2222,6800.0,4182,2025-05-09 15:53:26.335,,2147483647,633329,False,nan
5200,769158,1611594834,MERV - XMEV - GGAL - 24hs,6750.0,2025-05-09 15:53:26,521,2025-05-09 15:53:26.935,6740.0,522,6730.0,18515,6720.0,6865,6710.0,4598,6700.0,8907,6750.0,521,6760.0,2066,6770.0,3224,6780.0,15280,6790.0,2229,2025-05-09 15:53:26.835,,2147483647,634575,True,bid
5201,769216,1611594908,MERV - XMEV - GGAL - 24hs,6750.0,2025-05-09 15:53:26,521,2025-05-09 15:53:27.416,6750.0,2944,6740.0,522,6730.0,18515,6720.0,6865,6710.0,4598,6760.0,2066,6770.0,3224,6780.0,15280,6790.0,2222,6800.0,4182,2025-05-09 15:53:27.334,,2147483647,635096,False,nan
5202,769314,1611595030,MERV - XMEV - GGAL - 24hs,6750.0,2025-05-09 15:53:27,168,2025-05-09 15:53:28.026,6750.0,2944,6740.0,522,6730.0,18515,6720.0,6865,6710.0,4598,6760.0,2066,6770.0,3224,6780.0,15280,6790.0,2222,6800.0,4182,2025-05-09 15:53:27.943,,2147483647,635096,True,bid
5203,769380,1611595114,MERV - XMEV - GGAL - 24hs,6750.0,2025-05-09 15:53:27,168,2025-05-09 15:53:28.671,6740.0,522,6730.0,18515,6720.0,6865,6710.0,4598,6700.0,8907,6750.0,385,6760.0,708,6770.0,3224,6780.0,16638,6790.0,2222,2025-05-09 15:53:28.590,,2147483647,635096,False,nan
5204,769429,1611595178,MERV - XMEV - GGAL - 24hs,6740.0,2025-05-09 15:53:28,144,2025-05-09 15:53:29.170,6740.0,522,6730.0,18515,6720.0,6865,6710.0,4598,6700.0,8907,6750.0,385,6760.0,708,6770.0,3224,6780.0,16638,6790.0,2222,2025-05-09 15:53:29.091,,2147483647,635649,True,bid
5205,769465,1611595224,MERV - XMEV - GGAL - 24hs,6740.0,2025-05-09 15:53:28,144,2025-05-09 15:53:29.670,6740.0,378,6730.0,18515,6720.0,6865,6710.0,4765,6700.0,8739,6760.0,746,6770.0,3224,6780.0,16638,6790.0,2222,6800.0,4175,2025-05-09 15:53:29.591,,2147483647,635793,False,nan
5206,769521,1611595303,MERV - XMEV - GGAL - 24hs,6740.0,2025-05-09 15:53:28,144,2025-05-09 15:53:30.275,6750.0,3259,6740.0,378,6730.0,18515,6720.0,6865,6710.0,4765,6760.0,708,6770.0,3224,6780.0,16638,6790.0,2222,6800.0,4178,2025-05-09 15:53:30.192,,2147483647,635793,False,nan
5207,769568,1611595365,MERV - XMEV - GGAL - 24hs,6750.0,2025-05-09 15:53:30,869,2025-05-09 15:53:30.775,6750.0,3259,6740.0,378,6730.0,18515,6720.0,6865,6710.0,4765,6760.0,708,6770.0,3224,6780.0,16638,6790.0,2222,6800.0,4178,2025-05-09 15:53:30.692,,2147483647,635793,True,bid
5208,769623,1611595431,MERV - XMEV - GGAL - 24hs,6750.0,2025-05-09 15:53:30,869,2025-05-09 15:53:31.276,6740.0,378,6730.0,18515,6720.0,6865,6710.0,4765,6700.0,8739,6760.0,746,6770.0,3224,6780.0,16638,6790.0,2222,6800.0,4175,2025-05-09 15:53:31.193,,2147483647,636662,False,nan
5209,769692,1611595519,MERV - XMEV - GGAL - 24hs,6750.0,2025-05-09 15:53:30,869,2025-05-09 15:53:32.105,6740.0,3378,6730.0,18515,6720.0,6865,6710.0,4598,6700.0,8910,6760.0,746,6770.0,3224,6780.0,16638,6790.0,2222,6800.0,4175,2025-05-09 15:53:32.026,,2147483647,636662,False,nan
5210,769853,1611595723,MERV - XMEV - GGAL - 24hs,6740.0,2025-05-09 15:53:33,8,2025-05-09 15:53:34.038,6740.0,3378,6730.0,18515,6720.0,6865,6710.0,4598,6700.0,8910,6760.0,746,6770.0,3224,6780.0,16638,6790.0,2222,6800.0,4175,2025-05-09 15:53:33.948,,2147483647,636662,True,bid
5211,769926,1611595832,MERV - XMEV - GGAL - 24hs,6740.0,2025-05-09 15:53:33,8,2025-05-09 15:53:34.700,6740.0,3370,6730.0,18515,6720.0,6865,6710.0,4598,6700.0,8910,6760.0,746,6770.0,3224,6780.0,16638,6790.0,2222,6800.0,4175,2025-05-09 15:53:34.617,,2147483647,636662,False,nan
5212,769964,1611595886,MERV - XMEV - GGAL - 24hs,6740.0,2025-05-09 15:53:33,8,2025-05-09 15:53:35.198,6740.0,3370,6730.0,18515,6720.0,6865,6710.0,4598,6700.0,8910,6760.0,746,6770.0,3224,6780.0,16638,6790.0,2222,6800.0,4175,2025-05-09 15:53:35.117,,2147483647,636670,False,nan
5213,770044,1611595990,MERV - XMEV - GGAL - 24hs,6760.0,2025-05-09 15:53:36,58,2025-05-09 15:53:36.150,6740.0,3370,6730.0,18515,6720.0,6865,6710.0,4598,6700.0,8910,6760.0,746,6770.0,3224,6780.0,16638,6790.0,2222,6800.0,4175,2025-05-09 15:53:36.070,,2147483647,636670,True,offer
5214,770096,1611596060,MERV - XMEV - GGAL - 24hs,6760.0,2025-05-09 15:53:36,58,2025-05-09 15:53:36.815,6740.0,3370,6730.0,18515,6720.0,6865,6710.0,4598,6700.0,8910,6760.0,688,6770.0,3224,6780.0,16638,6790.0,2222,6800.0,4175,2025-05-09 15:53:36.734,,2147483647,636670,False,nan
5215,770137,1611596113,MERV - XMEV - GGAL - 24hs,6760.0,2025-05-09 15:53:36,58,2025-05-09 15:53:37.316,6740.0,3370,6730.0,18515,6720.0,6865,6710.0,4598,6700.0,8910,6760.0,688,6770.0,3224,6780.0,16638,6790.0,2222,6800.0,4175,2025-05-09 15:53:37.233,,2147483647,636728,False,nan
5216,770400,1611596453,MERV - XMEV - GGAL - 24hs,6760.0,2025-05-09 15:53:36,58,2025-05-09 15:53:39.982,6740.0,3370,6730.0,18515,6720.0,6865,6710.0,4598,6700.0,8910,6760.0,688,6770.0,3224,6780.0,15280,6790.0,2222,6800.0,5533,2025-05-09 15:53:39.902,,2147483647,636728,False,nan
5217,770670,1611596850,MERV - XMEV - GGAL - 24hs,6760.0,2025-05-09 15:53:36,58,2025-05-09 15:53:42.857,6740.0,3370,6730.0,18515,6720.0,6864,6710.0,4597,6700.0,8909,6760.0,688,6770.0,3223,6780.0,15280,6790.0,2222,6800.0,5533,2025-05-09 15:53:42.777,,2147483647,636728,False,nan
5218,770979,1611597264,MERV - XMEV - GGAL - 24hs,6760.0,2025-05-09 15:53:36,58,2025-05-09 15:53:45.751,6740.0,3370,6730.0,18515,6720.0,6864,6710.0,4597,6700.0,8909,6760.0,687,6770.0,3223,6780.0,15280,6790.0,2222,6800.0,5533,2025-05-09 15:53:45.667,,2147483647,636728,False,nan
5219,771037,1611597342,MERV - XMEV - GGAL - 24hs,6740.0,2025-05-09 15:53:45,344,2025-05-09 15:53:46.248,6740.0,3370,6730.0,18515,6720.0,6864,6710.0,4597,6700.0,8909,6760.0,687,6770.0,3223,6780.0,15280,6790.0,2222,6800.0,5533,2025-05-09 15:53:46.167,,2147483647,636728,True,bid
5220,771118,1611597448,MERV - XMEV - GGAL - 24hs,6740.0,2025-05-09 15:53:45,344,2025-05-09 15:53:46.747,6740.0,3026,6730.0,18515,6720.0,6864,6710.0,4597,6700.0,8909,6760.0,687,6770.0,3223,6780.0,15280,6790.0,2222,6800.0,5533,2025-05-09 15:53:46.668,,2147483647,637072,False,nan
5221,771635,1611598141,MERV - XMEV - GGAL - 24hs,6740.0,2025-05-09 15:53:45,344,2025-05-09 15:53:52.155,6750.0,20,6740.0,3026,6730.0,18515,6720.0,6864,6710.0,4597,6760.0,649,6770.0,3223,6780.0,15280,6790.0,2222,6800.0,5536,2025-05-09 15:53:52.069,,2147483647,637072,False,nan
5222,771842,1611598422,MERV - XMEV - GGAL - 24hs,6740.0,2025-05-09 15:53:45,344,2025-05-09 15:53:54.529,6750.0,398,6740.0,2648,6730.0,18515,6720.0,6864,6710.0,4597,6760.0,649,6770.0,3223,6780.0,15280,6790.0,2222,6800.0,5536,2025-05-09 15:53:54.447,,2147483647,637072,False,nan
5223,772052,1611598701,MERV - XMEV - GGAL - 24hs,6740.0,2025-05-09 15:53:45,344,2025-05-09 15:53:56.602,6750.0,398,6740.0,2648,6730.0,18515,6720.0,6864,6710.0,4764,6760.0,649,6770.0,3223,6780.0,15280,6790.0,2222,6800.0,5536,2025-05-09 15:53:56.520,,2147483647,637072,False,nan
5224,772211,1611598940,MERV - XMEV - GGAL - 24hs,6740.0,2025-05-09 15:53:45,344,2025-05-09 15:53:58.434,6750.0,398,6740.0,2648,6730.0,18515,6720.0,6864,6710.0,4597,6760.0,399,6770.0,3473,6780.0,15280,6790.0,2222,6800.0,5536,2025-05-09 15:53:58.354,,2147483647,637072,False,nan
5225,772980,1611600213,MERV - XMEV - GGAL - 24hs,6750.0,2025-05-09 15:54:04,20,2025-05-09 15:54:04.640,6750.0,398,6740.0,2648,6730.0,18515,6720.0,6864,6710.0,4597,6760.0,399,6770.0,3473,6780.0,15280,6790.0,2222,6800.0,5536,2025-05-09 15:54:04.544,,2147483647,637072,True,bid
5226,773016,1611600267,MERV - XMEV - GGAL - 24hs,6750.0,2025-05-09 15:54:04,8,2025-05-09 15:54:05.123,6750.0,398,6740.0,2648,6730.0,18515,6720.0,6864,6710.0,4597,6760.0,399,6770.0,3473,6780.0,15280,6790.0,2222,6800.0,5536,2025-05-09 15:54:05.041,,2147483647,637319,False,nan
5227,773065,1611600332,MERV - XMEV - GGAL - 24hs,6750.0,2025-05-09 15:54:04,8,2025-05-09 15:54:05.622,6750.0,143,6740.0,2648,6730.0,18515,6720.0,6864,6710.0,4618,6760.0,399,6770.0,3473,6780.0,15280,6790.0,2222,6800.0,5536,2025-05-09 15:54:05.540,,2147483647,637327,False,nan
5228,773310,1611600815,MERV - XMEV - GGAL - 24hs,6750.0,2025-05-09 15:54:04,8,2025-05-09 15:54:07.615,6750.0,143,6740.0,2648,6730.0,18515,6720.0,6864,6710.0,4597,6760.0,399,6770.0,3473,6780.0,15280,6790.0,2222,6800.0,5536,2025-05-09 15:54:07.530,,2147483647,637327,False,nan
5229,773413,1611601025,MERV - XMEV - GGAL - 24hs,6750.0,2025-05-09 15:54:04,8,2025-05-09 15:54:08.381,6750.0,143,6740.0,2648,6730.0,18615,6720.0,6864,6710.0,4596,6760.0,399,6770.0,3473,6780.0,15280,6790.0,2222,6800.0,5536,2025-05-09 15:54:08.301,,2147483647,637327,False,nan
5230,773472,1611601115,MERV - XMEV - GGAL - 24hs,6750.0,2025-05-09 15:54:08,21,2025-05-09 15:54:09.075,6750.0,143,6740.0,2648,6730.0,18615,6720.0,6864,6710.0,4596,6760.0,399,6770.0,3473,6780.0,15280,6790.0,2222,6800.0,5536,2025-05-09 15:54:08.992,,2147483647,637327,True,bid
5231,773539,1611601198,MERV - XMEV - GGAL - 24hs,6750.0,2025-05-09 15:54:08,21,2025-05-09 15:54:09.567,6750.0,122,6740.0,2648,6730.0,18615,6720.0,6864,6710.0,4595,6760.0,399,6770.0,3473,6780.0,15280,6790.0,2222,6800.0,5536,2025-05-09 15:54:09.488,,2147483647,637327,False,nan
5232,773592,1611601278,MERV - XMEV - GGAL - 24hs,6750.0,2025-05-09 15:54:08,21,2025-05-09 15:54:10.071,6750.0,122,6740.0,2648,6730.0,18615,6720.0,6864,6710.0,4595,6760.0,399,6770.0,3473,6780.0,15280,6790.0,2222,6800.0,5536,2025-05-09 15:54:09.988,,2147483647,637348,False,nan
5233,773854,1611601647,MERV - XMEV - GGAL - 24hs,6750.0,2025-05-09 15:54:08,21,2025-05-09 15:54:13.634,6750.0,372,6740.0,2648,6730.0,18615,6720.0,6864,6710.0,4595,6760.0,399,6770.0,3473,6780.0,15280,6790.0,2222,6800.0,5536,2025-05-09 15:54:13.548,,2147483647,637348,False,nan
5234,773932,1611601752,MERV - XMEV - GGAL - 24hs,6750.0,2025-05-09 15:54:08,21,2025-05-09 15:54:14.533,6750.0,372,6740.0,2648,6730.0,18782,6720.0,6864,6710.0,4595,6760.0,399,6770.0,3473,6780.0,15280,6790.0,2222,6800.0,5536,2025-05-09 15:54:14.454,,2147483647,637348,False,nan
5235,774176,1611602051,MERV - XMEV - GGAL - 24hs,6750.0,2025-05-09 15:54:08,21,2025-05-09 15:54:15.930,6750.0,372,6740.0,2648,6730.0,18882,6720.0,6964,6710.0,4595,6760.0,399,6770.0,3473,6780.0,15280,6790.0,2222,6800.0,5536,2025-05-09 15:54:15.468,,2147483647,637348,False,nan
5236,774600,1611602624,MERV - XMEV - GGAL - 24hs,6750.0,2025-05-09 15:54:08,21,2025-05-09 15:54:19.304,6750.0,372,6740.0,2648,6730.0,18882,6720.0,6964,6710.0,4595,6760.0,399,6770.0,3472,6780.0,15280,6790.0,2222,6800.0,5536,2025-05-09 15:54:19.221,,2147483647,637348,False,nan
5237,774734,1611602799,MERV - XMEV - GGAL - 24hs,6750.0,2025-05-09 15:54:08,21,2025-05-09 15:54:20.941,6750.0,373,6740.0,2648,6730.0,18882,6720.0,6964,6710.0,4595,6760.0,399,6770.0,3472,6780.0,15280,6790.0,2222,6800.0,5536,2025-05-09 15:54:20.862,,2147483647,637348,False,nan
5238,774826,1611602962,MERV - XMEV - GGAL - 24hs,6750.0,2025-05-09 15:54:08,21,2025-05-09 15:54:21.902,6750.0,373,6740.0,2648,6730.0,18882,6720.0,6964,6710.0,4695,6760.0,399,6770.0,3472,6780.0,15280,6790.0,2222,6800.0,5536,2025-05-09 15:54:21.823,,2147483647,637348,False,nan
5239,774870,1611603046,MERV - XMEV - GGAL - 24hs,6750.0,2025-05-09 15:54:22,119,2025-05-09 15:54:22.699,6750.0,373,6740.0,2648,6730.0,18882,6720.0,6964,6710.0,4695,6760.0,399,6770.0,3472,6780.0,15280,6790.0,2222,6800.0,5536,2025-05-09 15:54:22.618,,2147483647,637348,True,bid
5240,774924,1611603114,MERV - XMEV - GGAL - 24hs,6750.0,2025-05-09 15:54:22,119,2025-05-09 15:54:23.361,6750.0,254,6740.0,2778,6730.0,18882,6720.0,6964,6710.0,4695,6760.0,399,6770.0,3472,6780.0,15280,6790.0,2222,6800.0,5536,2025-05-09 15:54:23.282,,2147483647,637348,False,nan
5241,774977,1611603191,MERV - XMEV - GGAL - 24hs,6750.0,2025-05-09 15:54:22,119,2025-05-09 15:54:23.865,6750.0,254,6740.0,2778,6730.0,18882,6720.0,6964,6710.0,4695,6760.0,399,6770.0,3472,6780.0,15280,6790.0,2222,6800.0,5536,2025-05-09 15:54:23.782,,2147483647,637467,False,nan
5242,775757,1611604479,MERV - XMEV - GGAL - 24hs,6760.0,2025-05-09 15:54:30,7,2025-05-09 15:54:30.214,6750.0,254,6740.0,2778,6730.0,18882,6720.0,6964,6710.0,4695,6760.0,399,6770.0,3472,6780.0,15280,6790.0,2222,6800.0,5536,2025-05-09 15:54:30.135,,2147483647,637467,True,offer
5243,775829,1611604570,MERV - XMEV - GGAL - 24hs,6760.0,2025-05-09 15:54:30,7,2025-05-09 15:54:30.878,6750.0,254,6740.0,2778,6730.0,18882,6720.0,6964,6710.0,4695,6760.0,392,6770.0,3472,6780.0,15280,6790.0,2222,6800.0,5536,2025-05-09 15:54:30.798,,2147483647,637467,False,nan
5244,775921,1611604711,MERV - XMEV - GGAL - 24hs,6760.0,2025-05-09 15:54:30,7,2025-05-09 15:54:31.514,6750.0,254,6740.0,2778,6730.0,18882,6720.0,6964,6710.0,4695,6760.0,392,6770.0,3472,6780.0,15280,6790.0,2222,6800.0,5536,2025-05-09 15:54:31.297,,2147483647,637474,False,nan
5245,776012,1611604826,MERV - XMEV - GGAL - 24hs,6760.0,2025-05-09 15:54:32,115,2025-05-09 15:54:32.428,6750.0,254,6740.0,2778,6730.0,18882,6720.0,6964,6710.0,4695,6760.0,392,6770.0,3472,6780.0,15280,6790.0,2222,6800.0,5536,2025-05-09 15:54:32.336,,2147483647,637474,True,offer
5246,776057,1611604887,MERV - XMEV - GGAL - 24hs,6760.0,2025-05-09 15:54:32,1,2025-05-09 15:54:32.919,6750.0,254,6740.0,2778,6730.0,18882,6720.0,6964,6710.0,4695,6760.0,392,6770.0,3472,6780.0,15280,6790.0,2222,6800.0,5536,2025-05-09 15:54:32.836,,2147483647,637474,False,nan
5247,776091,1611604934,MERV - XMEV - GGAL - 24hs,6750.0,2025-05-09 15:54:33,1,2025-05-09 15:54:33.416,6750.0,254,6740.0,2778,6730.0,18882,6720.0,6964,6710.0,4695,6760.0,249,6770.0,3472,6780.0,15280,6790.0,2222,6800.0,5536,2025-05-09 15:54:33.336,,2147483647,637831,True,bid
5248,776150,1611605008,MERV - XMEV - GGAL - 24hs,6750.0,2025-05-09 15:54:33,1,2025-05-09 15:54:33.916,6750.0,289,6740.0,2778,6730.0,18882,6720.0,6964,6710.0,4695,6760.0,249,6770.0,3472,6780.0,15280,6790.0,2222,6800.0,5536,2025-05-09 15:54:33.836,,2147483647,637832,False,nan
5249,776234,1611605110,MERV - XMEV - GGAL - 24hs,6750.0,2025-05-09 15:54:34,1,2025-05-09 15:54:35.096,6750.0,289,6740.0,2778,6730.0,18882,6720.0,6964,6710.0,4695,6760.0,249,6770.0,3472,6780.0,15280,6790.0,2222,6800.0,5536,2025-05-09 15:54:35.016,,2147483647,637832,True,bid
5250,776276,1611605166,MERV - XMEV - GGAL - 24hs,6750.0,2025-05-09 15:54:34,79,2025-05-09 15:54:36.075,6750.0,289,6740.0,2778,6730.0,18882,6720.0,6964,6710.0,4695,6760.0,249,6770.0,3472,6780.0,15280,6790.0,2222,6800.0,5536,2025-05-09 15:54:35.991,,2147483647,637832,False,nan
5251,776330,1611605239,MERV - XMEV - GGAL - 24hs,6750.0,2025-05-09 15:54:34,79,2025-05-09 15:54:36.294,6750.0,209,6740.0,2778,6730.0,18882,6720.0,6964,6710.0,4695,6760.0,249,6770.0,3472,6780.0,15280,6790.0,2222,6800.0,5536,2025-05-09 15:54:36.091,,2147483647,637912,False,nan
5252,776400,1611605336,MERV - XMEV - GGAL - 24hs,6750.0,2025-05-09 15:54:36,76,2025-05-09 15:54:37.099,6750.0,209,6740.0,2778,6730.0,18882,6720.0,6964,6710.0,4695,6760.0,249,6770.0,3472,6780.0,15280,6790.0,2222,6800.0,5536,2025-05-09 15:54:37.019,,2147483647,637912,True,bid
5253,776505,1611605466,MERV - XMEV - GGAL - 24hs,6750.0,2025-05-09 15:54:36,76,2025-05-09 15:54:37.832,6750.0,209,6740.0,2778,6730.0,18882,6720.0,6964,6710.0,4695,6760.0,249,6770.0,3472,6780.0,15280,6790.0,2222,6800.0,5536,2025-05-09 15:54:37.693,,2147483647,637988,False,nan
5254,776568,1611605575,MERV - XMEV - GGAL - 24hs,6750.0,2025-05-09 15:54:36,76,2025-05-09 15:54:38.272,6750.0,133,6740.0,2778,6730.0,18882,6720.0,6964,6710.0,4695,6760.0,249,6770.0,3472,6780.0,15280,6790.0,2222,6800.0,5536,2025-05-09 15:54:38.193,,2147483647,637988,False,nan
5255,776614,1611605708,MERV - XMEV - GGAL - 24hs,6750.0,2025-05-09 15:54:36,76,2025-05-09 15:54:38.942,6750.0,133,6740.0,2778,6730.0,18882,6720.0,7034,6710.0,4695,6760.0,249,6770.0,3472,6780.0,15280,6790.0,2222,6800.0,5536,2025-05-09 15:54:38.813,,2147483647,637988,False,nan
5256,776785,1611606029,MERV - XMEV - GGAL - 24hs,6750.0,2025-05-09 15:54:36,76,2025-05-09 15:54:40.615,6750.0,38,6740.0,3028,6730.0,18882,6720.0,7034,6710.0,4695,6760.0,249,6770.0,3472,6780.0,15280,6790.0,2222,6800.0,5536,2025-05-09 15:54:40.535,,2147483647,637988,False,nan
5257,776823,1611606080,MERV - XMEV - GGAL - 24hs,6760.0,2025-05-09 15:54:41,3,2025-05-09 15:54:41.139,6750.0,38,6740.0,3028,6730.0,18882,6720.0,7034,6710.0,4695,6760.0,249,6770.0,3472,6780.0,15280,6790.0,2222,6800.0,5536,2025-05-09 15:54:41.059,,2147483647,637988,True,offer
5258,776858,1611606127,MERV - XMEV - GGAL - 24hs,6760.0,2025-05-09 15:54:41,3,2025-05-09 15:54:41.800,6750.0,38,6740.0,3028,6730.0,18882,6720.0,7034,6710.0,4695,6760.0,246,6770.0,3472,6780.0,15280,6790.0,2222,6800.0,5536,2025-05-09 15:54:41.719,,2147483647,637988,False,nan
5259,776887,1611606176,MERV - XMEV - GGAL - 24hs,6760.0,2025-05-09 15:54:41,3,2025-05-09 15:54:42.299,6750.0,38,6740.0,3028,6730.0,18882,6720.0,7034,6710.0,4695,6760.0,246,6770.0,3472,6780.0,15280,6790.0,2222,6800.0,5536,2025-05-09 15:54:42.219,,2147483647,637991,False,nan
5260,776952,1611606258,MERV - XMEV - GGAL - 24hs,6760.0,2025-05-09 15:54:41,3,2025-05-09 15:54:42.882,6750.0,40,6740.0,3028,6730.0,18882,6720.0,7034,6710.0,4695,6760.0,246,6770.0,3472,6780.0,15280,6790.0,2222,6800.0,5536,2025-05-09 15:54:42.796,,2147483647,637991,False,nan
5261,777163,1611606525,MERV - XMEV - GGAL - 24hs,6760.0,2025-05-09 15:54:45,236,2025-05-09 15:54:45.460,6750.0,40,6740.0,3028,6730.0,18882,6720.0,7034,6710.0,4695,6760.0,246,6770.0,3472,6780.0,15280,6790.0,2222,6800.0,5536,2025-05-09 15:54:45.380,,2147483647,637991,True,offer
5262,777197,1611606570,MERV - XMEV - GGAL - 24hs,6760.0,2025-05-09 15:54:45,10,2025-05-09 15:54:45.967,6750.0,40,6740.0,3028,6730.0,18882,6720.0,7034,6710.0,4695,6760.0,246,6770.0,3472,6780.0,15280,6790.0,2222,6800.0,5536,2025-05-09 15:54:45.880,,2147483647,638227,False,nan
5263,777249,1611606639,MERV - XMEV - GGAL - 24hs,6760.0,2025-05-09 15:54:46,111,2025-05-09 15:54:46.461,6760.0,15,6750.0,40,6740.0,3028,6730.0,18882,6720.0,7034,6770.0,3472,6780.0,15280,6790.0,2222,6800.0,5533,6820.0,1565,2025-05-09 15:54:46.380,,2147483647,638237,True,offer
5264,777289,1611606687,MERV - XMEV - GGAL - 24hs,6760.0,2025-05-09 15:54:46,111,2025-05-09 15:54:46.960,6750.0,40,6740.0,3028,6730.0,18882,6720.0,7034,6710.0,4695,6760.0,99,6770.0,3472,6780.0,15280,6790.0,2222,6800.0,5533,2025-05-09 15:54:46.880,,2147483647,638237,False,nan
5265,777334,1611606753,MERV - XMEV - GGAL - 24hs,6760.0,2025-05-09 15:54:46,111,2025-05-09 15:54:47.464,6750.0,40,6740.0,3028,6730.0,18882,6720.0,7034,6710.0,4695,6760.0,99,6770.0,3472,6780.0,15280,6790.0,2222,6800.0,5533,2025-05-09 15:54:47.381,,2147483647,638363,False,nan
5266,777496,1611606980,MERV - XMEV - GGAL - 24hs,6760.0,2025-05-09 15:54:49,5,2025-05-09 15:54:49.718,6750.0,40,6740.0,3028,6730.0,18882,6720.0,7034,6710.0,4695,6760.0,99,6770.0,3472,6780.0,15280,6790.0,2222,6800.0,5533,2025-05-09 15:54:49.639,,2147483647,638363,True,offer
5267,777538,1611607031,MERV - XMEV - GGAL - 24hs,6760.0,2025-05-09 15:54:49,5,2025-05-09 15:54:50.218,6750.0,40,6740.0,3028,6730.0,18882,6720.0,7034,6710.0,4695,6760.0,94,6770.0,3472,6780.0,15280,6790.0,2222,6800.0,5533,2025-05-09 15:54:50.138,,2147483647,638363,False,nan
5268,777574,1611607088,MERV - XMEV - GGAL - 24hs,6760.0,2025-05-09 15:54:49,5,2025-05-09 15:54:50.717,6750.0,40,6740.0,3028,6730.0,18882,6720.0,7034,6710.0,4695,6760.0,94,6770.0,3472,6780.0,15280,6790.0,2222,6800.0,5533,2025-05-09 15:54:50.638,,2147483647,638368,False,nan
5269,777604,1611607132,MERV - XMEV - GGAL - 24hs,6760.0,2025-05-09 15:54:51,19,2025-05-09 15:54:51.223,6750.0,40,6740.0,3028,6730.0,18882,6720.0,7034,6710.0,4695,6760.0,94,6770.0,3472,6780.0,15280,6790.0,2222,6800.0,5533,2025-05-09 15:54:51.138,,2147483647,638368,True,offer
5270,777654,1611607206,MERV - XMEV - GGAL - 24hs,6760.0,2025-05-09 15:54:51,19,2025-05-09 15:54:51.892,6750.0,40,6740.0,3028,6730.0,18932,6720.0,7034,6710.0,4695,6760.0,65,6770.0,3472,6780.0,15280,6790.0,2222,6800.0,5533,2025-05-09 15:54:51.799,,2147483647,638368,False,nan
5271,777707,1611607272,MERV - XMEV - GGAL - 24hs,6760.0,2025-05-09 15:54:51,19,2025-05-09 15:54:52.386,6750.0,40,6740.0,3028,6730.0,18932,6720.0,7034,6710.0,4695,6760.0,65,6770.0,3472,6780.0,15280,6790.0,2222,6800.0,5533,2025-05-09 15:54:52.300,,2147483647,638397,False,nan
5272,777852,1611607463,MERV - XMEV - GGAL - 24hs,6760.0,2025-05-09 15:54:51,19,2025-05-09 15:54:53.736,6750.0,40,6740.0,3028,6730.0,3932,6720.0,21034,6710.0,5695,6760.0,65,6770.0,3472,6780.0,15280,6790.0,2222,6800.0,5533,2025-05-09 15:54:53.654,,2147483647,638397,False,nan
5273,778611,1611608536,MERV - XMEV - GGAL - 24hs,6760.0,2025-05-09 15:54:51,19,2025-05-09 15:55:01.226,6750.0,10040,6740.0,3028,6730.0,18932,6720.0,7034,6710.0,4695,6760.0,65,6770.0,3472,6780.0,15280,6790.0,2222,6800.0,5533,2025-05-09 15:55:01.142,,2147483647,638397,False,nan
5274,778919,1611608913,MERV - XMEV - GGAL - 24hs,6760.0,2025-05-09 15:54:51,19,2025-05-09 15:55:04.074,6750.0,10040,6740.0,3028,6730.0,18932,6720.0,7034,6710.0,4695,6770.0,3575,6780.0,15280,6790.0,2222,6800.0,5533,6820.0,1562,2025-05-09 15:55:03.993,,2147483647,638397,False,nan
5275,779215,1611609306,MERV - XMEV - GGAL - 24hs,6760.0,2025-05-09 15:54:51,19,2025-05-09 15:55:08.175,6750.0,10040,6740.0,3028,6730.0,3932,6720.0,21034,6710.0,5695,6770.0,3575,6780.0,15280,6790.0,2222,6800.0,5533,6820.0,1562,2025-05-09 15:55:08.087,,2147483647,638397,False,nan
5276,779251,1611609354,MERV - XMEV - GGAL - 24hs,6750.0,2025-05-09 15:55:08,207,2025-05-09 15:55:08.667,6750.0,10040,6740.0,3028,6730.0,3932,6720.0,21034,6710.0,5695,6770.0,3575,6780.0,15280,6790.0,2222,6800.0,5533,6820.0,1562,2025-05-09 15:55:08.584,,2147483647,638397,True,bid
5277,779294,1611609408,MERV - XMEV - GGAL - 24hs,6750.0,2025-05-09 15:55:08,207,2025-05-09 15:55:09.191,6750.0,9793,6740.0,3028,6730.0,3932,6720.0,21034,6710.0,5695,6770.0,3575,6780.0,15280,6790.0,2222,6800.0,5533,6820.0,1562,2025-05-09 15:55:09.085,,2147483647,638644,False,nan
5278,779489,1611609653,MERV - XMEV - GGAL - 24hs,6750.0,2025-05-09 15:55:08,207,2025-05-09 15:55:11.443,6750.0,9793,6740.0,3128,6730.0,3932,6720.0,21034,6710.0,5695,6770.0,3575,6780.0,15280,6790.0,2222,6800.0,5533,6820.0,1562,2025-05-09 15:55:11.362,,2147483647,638644,False,nan
5279,779526,1611609714,MERV - XMEV - GGAL - 24hs,6750.0,2025-05-09 15:55:12,3,2025-05-09 15:55:12.108,6750.0,9793,6740.0,3128,6730.0,3932,6720.0,21034,6710.0,5695,6770.0,3575,6780.0,15280,6790.0,2222,6800.0,5533,6820.0,1562,2025-05-09 15:55:12.023,,2147483647,638644,True,bid
5280,779577,1611609776,MERV - XMEV - GGAL - 24hs,6750.0,2025-05-09 15:55:12,3,2025-05-09 15:55:12.980,6750.0,9790,6740.0,3176,6730.0,3932,6720.0,21034,6710.0,5695,6770.0,3575,6780.0,15280,6790.0,2222,6800.0,5533,6820.0,1562,2025-05-09 15:55:12.805,,2147483647,638644,False,nan
5281,779657,1611609863,MERV - XMEV - GGAL - 24hs,6750.0,2025-05-09 15:55:12,3,2025-05-09 15:55:13.275,6750.0,9790,6740.0,3176,6730.0,3932,6720.0,21034,6710.0,5695,6770.0,3575,6780.0,15280,6790.0,2222,6800.0,5533,6820.0,1562,2025-05-09 15:55:13.196,,2147483647,638647,False,nan
5282,779710,1611609926,MERV - XMEV - GGAL - 24hs,6750.0,2025-05-09 15:55:12,3,2025-05-09 15:55:13.858,6750.0,9790,6740.0,3176,6730.0,3932,6720.0,21034,6710.0,5695,6770.0,3575,6780.0,15279,6790.0,2222,6800.0,5533,6820.0,1562,2025-05-09 15:55:13.779,,2147483647,638647,False,nan
5283,779763,1611609994,MERV - XMEV - GGAL - 24hs,6750.0,2025-05-09 15:55:12,3,2025-05-09 15:55:14.546,6750.0,9790,6740.0,3186,6730.0,3932,6720.0,21034,6710.0,5695,6770.0,3575,6780.0,15279,6790.0,2222,6800.0,5533,6820.0,1562,2025-05-09 15:55:14.466,,2147483647,638647,False,nan
5284,780203,1611610583,MERV - XMEV - GGAL - 24hs,6750.0,2025-05-09 15:55:19,124,2025-05-09 15:55:19.591,6750.0,9790,6740.0,3186,6730.0,3932,6720.0,21034,6710.0,5695,6770.0,3575,6780.0,15279,6790.0,2222,6800.0,5533,6820.0,1562,2025-05-09 15:55:19.511,,2147483647,638647,True,bid
5285,780265,1611610652,MERV - XMEV - GGAL - 24hs,6750.0,2025-05-09 15:55:19,124,2025-05-09 15:55:20.093,6750.0,9666,6740.0,3186,6730.0,3932,6720.0,21034,6710.0,5695,6770.0,3575,6780.0,15279,6790.0,2222,6800.0,5533,6820.0,1562,2025-05-09 15:55:20.011,,2147483647,638647,False,nan
5286,780306,1611610707,MERV - XMEV - GGAL - 24hs,6750.0,2025-05-09 15:55:19,124,2025-05-09 15:55:20.596,6750.0,9666,6740.0,3186,6730.0,3932,6720.0,21034,6710.0,5695,6770.0,3575,6780.0,15279,6790.0,2222,6800.0,5533,6820.0,1562,2025-05-09 15:55:20.513,,2147483647,638771,False,nan
5287,780360,1611610773,MERV - XMEV - GGAL - 24hs,6750.0,2025-05-09 15:55:19,124,2025-05-09 15:55:21.092,6750.0,9666,6740.0,3186,6730.0,3846,6720.0,21034,6710.0,5695,6770.0,3575,6780.0,15279,6790.0,2222,6800.0,5533,6820.0,1562,2025-05-09 15:55:21.012,,2147483647,638771,False,nan
5288,780600,1611611124,MERV - XMEV - GGAL - 24hs,6750.0,2025-05-09 15:55:19,124,2025-05-09 15:55:24.528,6750.0,9666,6740.0,3186,6730.0,3856,6720.0,21034,6710.0,5695,6770.0,3575,6780.0,15279,6790.0,2222,6800.0,5533,6820.0,1562,2025-05-09 15:55:24.449,,2147483647,638771,False,nan
5289,780684,1611611223,MERV - XMEV - GGAL - 24hs,6750.0,2025-05-09 15:55:19,124,2025-05-09 15:55:25.227,6750.0,9666,6740.0,3186,6730.0,3866,6720.0,21034,6710.0,5695,6770.0,3575,6780.0,15279,6790.0,2222,6800.0,5533,6820.0,1562,2025-05-09 15:55:25.148,,2147483647,638771,False,nan
5290,780795,1611611390,MERV - XMEV - GGAL - 24hs,6770.0,2025-05-09 15:55:26,10,2025-05-09 15:55:26.438,6750.0,9666,6740.0,3186,6730.0,3866,6720.0,21034,6710.0,5695,6770.0,3575,6780.0,15279,6790.0,2222,6800.0,5533,6820.0,1562,2025-05-09 15:55:26.284,,2147483647,638771,True,offer
5291,780846,1611611494,MERV - XMEV - GGAL - 24hs,6770.0,2025-05-09 15:55:26,10,2025-05-09 15:55:27.006,6750.0,9666,6740.0,3186,6730.0,3866,6720.0,21034,6710.0,5695,6770.0,3565,6780.0,15279,6790.0,2222,6800.0,5533,6820.0,1562,2025-05-09 15:55:26.927,,2147483647,638771,False,nan
5292,780888,1611611644,MERV - XMEV - GGAL - 24hs,6770.0,2025-05-09 15:55:26,10,2025-05-09 15:55:27.671,6750.0,9666,6740.0,3186,6730.0,3866,6720.0,21034,6710.0,5695,6770.0,3565,6780.0,15279,6790.0,2222,6800.0,5533,6820.0,1562,2025-05-09 15:55:27.428,,2147483647,638781,False,nan
5293,780963,1611611822,MERV - XMEV - GGAL - 24hs,6750.0,2025-05-09 15:55:28,295,2025-05-09 15:55:28.576,6750.0,9666,6740.0,3186,6730.0,3866,6720.0,21034,6710.0,5695,6770.0,3565,6780.0,15279,6790.0,2222,6800.0,5533,6820.0,1562,2025-05-09 15:55:28.334,,2147483647,638781,True,bid
5294,780999,1611611868,MERV - XMEV - GGAL - 24hs,6750.0,2025-05-09 15:55:28,295,2025-05-09 15:55:28.900,6750.0,9371,6740.0,3186,6730.0,3866,6720.0,21034,6710.0,5695,6770.0,3565,6780.0,15279,6790.0,2222,6800.0,5533,6820.0,1562,2025-05-09 15:55:28.821,,2147483647,638781,False,nan
5295,781027,1611611920,MERV - XMEV - GGAL - 24hs,6750.0,2025-05-09 15:55:28,295,2025-05-09 15:55:29.400,6750.0,9371,6740.0,3186,6730.0,3866,6720.0,21034,6710.0,5695,6770.0,3565,6780.0,15279,6790.0,2222,6800.0,5533,6820.0,1562,2025-05-09 15:55:29.321,,2147483647,639076,False,nan
5296,781125,1611612060,MERV - XMEV - GGAL - 24hs,6770.0,2025-05-09 15:55:30,8,2025-05-09 15:55:30.860,6750.0,9371,6740.0,3186,6730.0,3866,6720.0,21034,6710.0,5695,6770.0,3565,6780.0,15279,6790.0,2222,6800.0,5533,6820.0,1562,2025-05-09 15:55:30.781,,2147483647,639076,True,offer
5297,781163,1611612113,MERV - XMEV - GGAL - 24hs,6770.0,2025-05-09 15:55:30,8,2025-05-09 15:55:31.526,6750.0,9371,6740.0,3186,6730.0,3866,6720.0,21034,6710.0,5695,6770.0,3557,6780.0,15279,6790.0,2222,6800.0,5533,6820.0,1562,2025-05-09 15:55:31.446,,2147483647,639076,False,nan
5298,781245,1611612263,MERV - XMEV - GGAL - 24hs,6770.0,2025-05-09 15:55:30,8,2025-05-09 15:55:32.147,6750.0,9371,6740.0,3186,6730.0,3866,6720.0,21034,6710.0,5695,6770.0,3557,6780.0,15279,6790.0,2222,6800.0,5533,6820.0,1562,2025-05-09 15:55:31.947,,2147483647,639084,False,nan
5299,781431,1611612637,MERV - XMEV - GGAL - 24hs,6770.0,2025-05-09 15:55:30,8,2025-05-09 15:55:33.632,6750.0,9371,6740.0,3186,6730.0,3866,6720.0,22034,6710.0,4695,6770.0,3557,6780.0,15279,6790.0,2222,6800.0,5533,6820.0,1562,2025-05-09 15:55:33.389,,2147483647,639084,False,nan
5300,781815,1611613338,MERV - XMEV - GGAL - 24hs,6770.0,2025-05-09 15:55:38,1,2025-05-09 15:55:38.171,6750.0,9371,6740.0,3186,6730.0,3866,6720.0,22034,6710.0,4695,6770.0,3557,6780.0,15279,6790.0,2222,6800.0,5533,6820.0,1562,2025-05-09 15:55:38.087,,2147483647,639084,True,offer
5301,781838,1611613367,MERV - XMEV - GGAL - 24hs,6770.0,2025-05-09 15:55:38,1,2025-05-09 15:55:38.664,6750.0,9371,6740.0,3186,6730.0,3866,6720.0,22044,6710.0,4695,6770.0,3556,6780.0,15279,6790.0,2222,6800.0,5533,6820.0,1562,2025-05-09 15:55:38.585,,2147483647,639084,False,nan
5302,781867,1611613402,MERV - XMEV - GGAL - 24hs,6770.0,2025-05-09 15:55:38,1,2025-05-09 15:55:39.174,6750.0,9371,6740.0,3186,6730.0,3866,6720.0,22044,6710.0,4695,6770.0,3556,6780.0,15279,6790.0,2222,6800.0,5533,6820.0,1562,2025-05-09 15:55:39.092,,2147483647,639085,False,nan
5303,781910,1611613458,MERV - XMEV - GGAL - 24hs,6770.0,2025-05-09 15:55:38,1,2025-05-09 15:55:40.032,6750.0,9371,6740.0,3186,6730.0,3868,6720.0,22044,6710.0,4695,6770.0,3556,6780.0,15279,6790.0,2222,6800.0,5533,6820.0,1562,2025-05-09 15:55:39.950,,2147483647,639085,False,nan
5304,781995,1611613573,MERV - XMEV - GGAL - 24hs,6770.0,2025-05-09 15:55:38,1,2025-05-09 15:55:40.904,6760.0,1000,6750.0,9381,6740.0,3186,6730.0,3868,6720.0,22044,6770.0,3518,6780.0,15279,6790.0,2222,6800.0,5533,6820.0,1565,2025-05-09 15:55:40.825,,2147483647,639085,False,nan
5305,782055,1611613651,MERV - XMEV - GGAL - 24hs,6760.0,2025-05-09 15:55:41,124,2025-05-09 15:55:41.404,6760.0,1000,6750.0,9381,6740.0,3186,6730.0,3868,6720.0,22044,6770.0,3518,6780.0,15279,6790.0,2222,6800.0,5533,6820.0,1565,2025-05-09 15:55:41.325,,2147483647,639961,True,bid
5306,782085,1611613691,MERV - XMEV - GGAL - 24hs,6760.0,2025-05-09 15:55:41,124,2025-05-09 15:55:41.904,6750.0,9381,6740.0,3186,6730.0,3868,6720.0,22044,6710.0,4695,6760.0,862,6770.0,3518,6780.0,15279,6790.0,2222,6800.0,5536,2025-05-09 15:55:41.825,,2147483647,640085,False,nan
5307,782412,1611614132,MERV - XMEV - GGAL - 24hs,6760.0,2025-05-09 15:55:41,124,2025-05-09 15:55:44.528,6750.0,9381,6740.0,3186,6730.0,3868,6720.0,22044,6710.0,4695,6760.0,927,6770.0,3453,6780.0,15279,6790.0,2222,6800.0,5536,2025-05-09 15:55:44.448,,2147483647,640085,False,nan
5308,783187,1611615219,MERV - XMEV - GGAL - 24hs,6760.0,2025-05-09 15:55:41,124,2025-05-09 15:55:51.655,6750.0,9381,6740.0,3186,6730.0,3868,6720.0,22044,6710.0,4695,6760.0,927,6770.0,3453,6780.0,15279,6790.0,2222,6800.0,5537,2025-05-09 15:55:51.576,,2147483647,640085,False,nan
5309,783611,1611615830,MERV - XMEV - GGAL - 24hs,6760.0,2025-05-09 15:55:55,2,2025-05-09 15:55:55.511,6750.0,9381,6740.0,3186,6730.0,3868,6720.0,22044,6710.0,4695,6760.0,927,6770.0,3453,6780.0,15279,6790.0,2222,6800.0,5537,2025-05-09 15:55:55.431,,2147483647,640085,True,offer
5310,783655,1611615933,MERV - XMEV - GGAL - 24hs,6760.0,2025-05-09 15:55:55,2,2025-05-09 15:55:56.175,6750.0,9381,6740.0,3186,6730.0,3868,6720.0,22044,6710.0,4695,6760.0,925,6770.0,3453,6780.0,15279,6790.0,2222,6800.0,5537,2025-05-09 15:55:56.096,,2147483647,640085,False,nan
5311,783695,1611616003,MERV - XMEV - GGAL - 24hs,6760.0,2025-05-09 15:55:56,2,2025-05-09 15:55:56.675,6750.0,9381,6740.0,3186,6730.0,3868,6720.0,22044,6710.0,4695,6760.0,925,6770.0,3453,6780.0,15279,6790.0,2222,6800.0,5537,2025-05-09 15:55:56.596,,2147483647,640087,True,offer
5312,783745,1611616068,MERV - XMEV - GGAL - 24hs,6760.0,2025-05-09 15:55:56,2,2025-05-09 15:55:57.282,6750.0,9381,6740.0,3186,6730.0,3868,6720.0,22044,6710.0,4695,6760.0,923,6770.0,3453,6780.0,15279,6790.0,2222,6800.0,5537,2025-05-09 15:55:57.203,,2147483647,640087,False,nan
5313,783775,1611616112,MERV - XMEV - GGAL - 24hs,6760.0,2025-05-09 15:55:56,2,2025-05-09 15:55:57.784,6750.0,9381,6740.0,3186,6730.0,3868,6720.0,22044,6710.0,4695,6760.0,923,6770.0,3453,6780.0,15279,6790.0,2222,6800.0,5537,2025-05-09 15:55:57.703,,2147483647,640089,False,nan
5314,783965,1611616378,MERV - XMEV - GGAL - 24hs,6760.0,2025-05-09 15:55:59,18,2025-05-09 15:55:59.970,6750.0,9381,6740.0,3186,6730.0,3868,6720.0,22044,6710.0,4695,6760.0,923,6770.0,3453,6780.0,15279,6790.0,2222,6800.0,5537,2025-05-09 15:55:59.890,,2147483647,640089,True,offer
5315,784032,1611616461,MERV - XMEV - GGAL - 24hs,6760.0,2025-05-09 15:55:59,18,2025-05-09 15:56:00.632,6750.0,9381,6740.0,3186,6730.0,3868,6720.0,22044,6710.0,4695,6760.0,905,6770.0,3453,6780.0,15279,6790.0,2222,6800.0,5537,2025-05-09 15:56:00.553,,2147483647,640089,False,nan
5316,784066,1611616500,MERV - XMEV - GGAL - 24hs,6760.0,2025-05-09 15:55:59,18,2025-05-09 15:56:01.133,6750.0,9381,6740.0,3186,6730.0,3868,6720.0,22044,6710.0,4695,6760.0,905,6770.0,3453,6780.0,15279,6790.0,2222,6800.0,5537,2025-05-09 15:56:01.053,,2147483647,640107,False,nan
5317,784133,1611616584,MERV - XMEV - GGAL - 24hs,6760.0,2025-05-09 15:55:59,18,2025-05-09 15:56:01.668,6750.0,9381,6740.0,3186,6730.0,3868,6720.0,22044,6710.0,4705,6760.0,905,6770.0,453,6780.0,15279,6790.0,2222,6800.0,5537,2025-05-09 15:56:01.588,,2147483647,640107,False,nan
5318,784456,1611617088,MERV - XMEV - GGAL - 24hs,6760.0,2025-05-09 15:55:59,18,2025-05-09 15:56:03.983,6750.0,9381,6740.0,3186,6730.0,3868,6720.0,22044,6710.0,4705,6760.0,858,6770.0,453,6780.0,15279,6790.0,2222,6800.0,5537,2025-05-09 15:56:03.780,,2147483647,640107,False,nan
5319,784523,1611617191,MERV - XMEV - GGAL - 24hs,6760.0,2025-05-09 15:55:59,18,2025-05-09 15:56:04.571,6750.0,9381,6740.0,3186,6730.0,3868,6720.0,22044,6710.0,4705,6760.0,905,6770.0,453,6780.0,15279,6790.0,2222,6800.0,5537,2025-05-09 15:56:04.484,,2147483647,640107,False,nan
5320,785241,1611618197,MERV - XMEV - GGAL - 24hs,6760.0,2025-05-09 15:55:59,18,2025-05-09 15:56:10.252,6750.0,9381,6740.0,3186,6730.0,3868,6720.0,22044,6710.0,4715,6760.0,905,6770.0,453,6780.0,15279,6790.0,2222,6800.0,5537,2025-05-09 15:56:10.159,,2147483647,640107,False,nan
5321,785446,1611618452,MERV - XMEV - GGAL - 24hs,6760.0,2025-05-09 15:56:11,1,2025-05-09 15:56:12.452,6750.0,9381,6740.0,3186,6730.0,3868,6720.0,22044,6710.0,4715,6760.0,905,6770.0,453,6780.0,15279,6790.0,2222,6800.0,5537,2025-05-09 15:56:12.358,,2147483647,640107,True,offer
5322,785517,1611618538,MERV - XMEV - GGAL - 24hs,6760.0,2025-05-09 15:56:11,1,2025-05-09 15:56:12.958,6750.0,9381,6740.0,3186,6730.0,3868,6720.0,22044,6710.0,4715,6760.0,904,6770.0,453,6780.0,15279,6790.0,2229,6800.0,5537,2025-05-09 15:56:12.853,,2147483647,640107,False,nan
5323,785585,1611618627,MERV - XMEV - GGAL - 24hs,6760.0,2025-05-09 15:56:11,1,2025-05-09 15:56:13.432,6750.0,9381,6740.0,3186,6730.0,3868,6720.0,22044,6710.0,4715,6760.0,904,6770.0,453,6780.0,15279,6790.0,2229,6800.0,5537,2025-05-09 15:56:13.352,,2147483647,640108,False,nan
5324,786191,1611619397,MERV - XMEV - GGAL - 24hs,6760.0,2025-05-09 15:56:17,124,2025-05-09 15:56:17.940,6750.0,9381,6740.0,3186,6730.0,3868,6720.0,22044,6710.0,4715,6760.0,904,6770.0,453,6780.0,15279,6790.0,2229,6800.0,5537,2025-05-09 15:56:17.849,,2147483647,640108,True,offer
5325,786266,1611619505,MERV - XMEV - GGAL - 24hs,6760.0,2025-05-09 15:56:18,89,2025-05-09 15:56:18.428,6750.0,9381,6740.0,3186,6730.0,3868,6720.0,22044,6710.0,4715,6760.0,904,6770.0,453,6780.0,15279,6790.0,2229,6800.0,5537,2025-05-09 15:56:18.349,,2147483647,640232,True,offer
5326,786315,1611619564,MERV - XMEV - GGAL - 24hs,6760.0,2025-05-09 15:56:18,30,2025-05-09 15:56:18.929,6750.0,9381,6740.0,3186,6730.0,3868,6720.0,22044,6710.0,4715,6760.0,691,6770.0,453,6780.0,15279,6790.0,2229,6800.0,5537,2025-05-09 15:56:18.849,,2147483647,640321,False,nan
5327,786358,1611619626,MERV - XMEV - GGAL - 24hs,6760.0,2025-05-09 15:56:19,9,2025-05-09 15:56:19.445,6750.0,9381,6740.0,3186,6730.0,3868,6720.0,22044,6710.0,4715,6760.0,661,6770.0,453,6780.0,15279,6790.0,2229,6800.0,5562,2025-05-09 15:56:19.363,,2147483647,640351,True,offer
5328,786390,1611619668,MERV - XMEV - GGAL - 24hs,6760.0,2025-05-09 15:56:19,1,2025-05-09 15:56:20.236,6750.0,9381,6740.0,3186,6730.0,3868,6720.0,22044,6710.0,4715,6760.0,661,6770.0,453,6780.0,15279,6790.0,2229,6800.0,5562,2025-05-09 15:56:20.101,,2147483647,640360,False,nan
5329,786437,1611619727,MERV - XMEV - GGAL - 24hs,6760.0,2025-05-09 15:56:19,1,2025-05-09 15:56:20.445,6750.0,9381,6740.0,3186,6730.0,3868,6720.0,22044,6710.0,4715,6760.0,651,6770.0,453,6780.0,15279,6790.0,2229,6800.0,5562,2025-05-09 15:56:20.363,,2147483647,640361,False,nan
5330,786469,1611619772,MERV - XMEV - GGAL - 24hs,6760.0,2025-05-09 15:56:19,1,2025-05-09 15:56:21.056,6750.0,9381,6740.0,3186,6730.0,3869,6720.0,22044,6710.0,4715,6760.0,651,6770.0,453,6780.0,15279,6790.0,2229,6800.0,5562,2025-05-09 15:56:20.962,,2147483647,640361,False,nan
5331,787302,1611620878,MERV - XMEV - GGAL - 24hs,6760.0,2025-05-09 15:56:19,1,2025-05-09 15:56:29.777,6750.0,9381,6740.0,3186,6730.0,3869,6720.0,22044,6710.0,4720,6760.0,651,6770.0,453,6780.0,15279,6790.0,2229,6800.0,5562,2025-05-09 15:56:29.693,,2147483647,640361,False,nan
5332,787408,1611621030,MERV - XMEV - GGAL - 24hs,6760.0,2025-05-09 15:56:19,1,2025-05-09 15:56:30.946,6750.0,9381,6740.0,538,6730.0,3869,6720.0,22044,6710.0,4720,6760.0,651,6770.0,453,6780.0,15279,6790.0,2229,6800.0,5562,2025-05-09 15:56:30.864,,2147483647,640361,False,nan
5333,787682,1611621381,MERV - XMEV - GGAL - 24hs,6760.0,2025-05-09 15:56:34,82,2025-05-09 15:56:34.191,6750.0,9381,6740.0,538,6730.0,3869,6720.0,22044,6710.0,4720,6760.0,651,6770.0,453,6780.0,15279,6790.0,2229,6800.0,5562,2025-05-09 15:56:34.111,,2147483647,640361,True,offer
5334,787751,1611621467,MERV - XMEV - GGAL - 24hs,6760.0,2025-05-09 15:56:34,82,2025-05-09 15:56:34.855,6750.0,9381,6740.0,538,6730.0,3869,6720.0,22044,6710.0,4720,6760.0,569,6770.0,453,6780.0,15279,6790.0,2229,6800.0,5562,2025-05-09 15:56:34.776,,2147483647,640361,False,nan
5335,787787,1611621513,MERV - XMEV - GGAL - 24hs,6760.0,2025-05-09 15:56:34,82,2025-05-09 15:56:35.356,6750.0,9381,6740.0,538,6730.0,3869,6720.0,22044,6710.0,4720,6760.0,569,6770.0,453,6780.0,15279,6790.0,2229,6800.0,5562,2025-05-09 15:56:35.277,,2147483647,640443,False,nan
5336,787820,1611621554,MERV - XMEV - GGAL - 24hs,6760.0,2025-05-09 15:56:35,20,2025-05-09 15:56:35.856,6750.0,9381,6740.0,538,6730.0,3869,6720.0,22044,6710.0,4720,6760.0,569,6770.0,453,6780.0,15279,6790.0,2229,6800.0,5562,2025-05-09 15:56:35.776,,2147483647,640443,True,offer
5337,787865,1611621610,MERV - XMEV - GGAL - 24hs,6760.0,2025-05-09 15:56:35,20,2025-05-09 15:56:36.359,6750.0,9381,6740.0,538,6730.0,3869,6720.0,22049,6710.0,4720,6760.0,549,6770.0,453,6780.0,15279,6790.0,2229,6800.0,5562,2025-05-09 15:56:36.276,,2147483647,640443,False,nan
5338,787902,1611621650,MERV - XMEV - GGAL - 24hs,6760.0,2025-05-09 15:56:35,20,2025-05-09 15:56:36.855,6750.0,9381,6740.0,538,6730.0,3869,6720.0,22049,6710.0,4720,6760.0,549,6770.0,453,6780.0,15279,6790.0,2229,6800.0,5562,2025-05-09 15:56:36.776,,2147483647,640463,False,nan
5339,788014,1611621781,MERV - XMEV - GGAL - 24hs,6760.0,2025-05-09 15:56:38,500,2025-05-09 15:56:38.580,6750.0,9381,6740.0,538,6730.0,3869,6720.0,22049,6710.0,4720,6760.0,549,6770.0,453,6780.0,15279,6790.0,2229,6800.0,5562,2025-05-09 15:56:38.500,,2147483647,640463,True,offer
5340,788043,1611621814,MERV - XMEV - GGAL - 24hs,6760.0,2025-05-09 15:56:38,500,2025-05-09 15:56:39.080,6750.0,9481,6740.0,538,6730.0,3869,6720.0,22049,6710.0,4720,6760.0,49,6770.0,453,6780.0,15279,6790.0,2229,6800.0,5562,2025-05-09 15:56:39.000,,2147483647,640463,False,nan
5341,788073,1611621851,MERV - XMEV - GGAL - 24hs,6760.0,2025-05-09 15:56:38,500,2025-05-09 15:56:39.580,6750.0,9481,6740.0,538,6730.0,3869,6720.0,22049,6710.0,4720,6760.0,49,6770.0,453,6780.0,15279,6790.0,2229,6800.0,5562,2025-05-09 15:56:39.500,,2147483647,640963,False,nan
5342,788134,1611621926,MERV - XMEV - GGAL - 24hs,6760.0,2025-05-09 15:56:40,37,2025-05-09 15:56:40.518,6750.0,9481,6740.0,538,6730.0,3869,6720.0,22049,6710.0,4720,6760.0,49,6770.0,453,6780.0,15279,6790.0,2229,6800.0,5562,2025-05-09 15:56:40.439,,2147483647,640963,True,offer
5343,788171,1611621975,MERV - XMEV - GGAL - 24hs,6760.0,2025-05-09 15:56:40,12,2025-05-09 15:56:41.021,6750.0,9481,6740.0,538,6730.0,3869,6720.0,22049,6710.0,4720,6760.0,49,6770.0,453,6780.0,15279,6790.0,2229,6800.0,5562,2025-05-09 15:56:40.938,,2147483647,640963,False,nan
5344,788260,1611622129,MERV - XMEV - GGAL - 24hs,6760.0,2025-05-09 15:56:41,188,2025-05-09 15:56:41.518,6760.0,951,6750.0,9481,6740.0,538,6730.0,3869,6720.0,22049,6770.0,453,6780.0,15279,6790.0,2229,6800.0,5562,6820.0,1563,2025-05-09 15:56:41.438,,2147483647,641012,True,offer
5345,788317,1611622202,MERV - XMEV - GGAL - 24hs,6760.0,2025-05-09 15:56:41,188,2025-05-09 15:56:42.149,6760.0,763,6750.0,9481,6740.0,538,6730.0,3869,6720.0,22049,6770.0,453,6780.0,15279,6790.0,2229,6800.0,5562,6820.0,1563,2025-05-09 15:56:42.069,,2147483647,641012,False,nan
5346,788382,1611622285,MERV - XMEV - GGAL - 24hs,6760.0,2025-05-09 15:56:42,1,2025-05-09 15:56:43.121,6760.0,763,6750.0,9481,6740.0,538,6730.0,3869,6720.0,22049,6770.0,453,6780.0,15279,6790.0,2229,6800.0,5562,6820.0,1563,2025-05-09 15:56:43.036,,2147483647,641200,True,bid
5347,788433,1611622343,MERV - XMEV - GGAL - 24hs,6760.0,2025-05-09 15:56:42,1,2025-05-09 15:56:43.304,6760.0,762,6750.0,9481,6740.0,538,6730.0,3869,6720.0,22049,6770.0,453,6780.0,15279,6790.0,2229,6800.0,5562,6820.0,1563,2025-05-09 15:56:43.135,,2147483647,641201,False,nan
5348,788954,1611622990,MERV - XMEV - GGAL - 24hs,6760.0,2025-05-09 15:56:42,1,2025-05-09 15:56:49.480,6760.0,762,6750.0,9481,6740.0,539,6730.0,3869,6720.0,22049,6770.0,453,6780.0,15279,6790.0,2229,6800.0,5562,6820.0,1563,2025-05-09 15:56:49.397,,2147483647,641201,False,nan
5349,789115,1611623209,MERV - XMEV - GGAL - 24hs,6760.0,2025-05-09 15:56:42,1,2025-05-09 15:56:51.586,6750.0,9519,6740.0,539,6730.0,3869,6720.0,22049,6710.0,4720,6770.0,491,6780.0,15279,6790.0,2229,6800.0,5559,6820.0,1563,2025-05-09 15:56:51.506,,2147483647,641201,False,nan
5350,789508,1611623786,MERV - XMEV - GGAL - 24hs,6770.0,2025-05-09 15:56:56,2,2025-05-09 15:56:56.847,6750.0,9519,6740.0,539,6730.0,3869,6720.0,22049,6710.0,4720,6770.0,491,6780.0,15279,6790.0,2229,6800.0,5559,6820.0,1563,2025-05-09 15:56:56.763,,2147483647,641201,True,offer
5351,789570,1611623873,MERV - XMEV - GGAL - 24hs,6770.0,2025-05-09 15:56:56,2,2025-05-09 15:56:57.506,6750.0,9519,6740.0,539,6730.0,3869,6720.0,22049,6710.0,4720,6770.0,489,6780.0,15279,6790.0,2229,6800.0,5559,6820.0,1563,2025-05-09 15:56:57.427,,2147483647,641201,False,nan
5352,789613,1611623930,MERV - XMEV - GGAL - 24hs,6770.0,2025-05-09 15:56:56,2,2025-05-09 15:56:58.007,6750.0,9519,6740.0,539,6730.0,3869,6720.0,22049,6710.0,4720,6770.0,489,6780.0,15279,6790.0,2229,6800.0,5559,6820.0,1563,2025-05-09 15:56:57.928,,2147483647,641203,False,nan
5353,790133,1611624673,MERV - XMEV - GGAL - 24hs,6770.0,2025-05-09 15:56:56,2,2025-05-09 15:57:01.980,6750.0,9481,6740.0,539,6730.0,3869,6720.0,22049,6710.0,4723,6760.0,57,6770.0,451,6780.0,15279,6790.0,2229,6800.0,5562,2025-05-09 15:57:01.901,,2147483647,641203,False,nan
5354,790769,1611625477,MERV - XMEV - GGAL - 24hs,6770.0,2025-05-09 15:56:56,2,2025-05-09 15:57:09.384,6750.0,9481,6740.0,539,6730.0,3870,6720.0,22050,6710.0,4723,6760.0,57,6770.0,451,6780.0,15279,6790.0,2229,6800.0,5562,2025-05-09 15:57:09.304,,2147483647,641203,False,nan
5355,790856,1611625589,MERV - XMEV - GGAL - 24hs,6760.0,2025-05-09 15:57:10,1,2025-05-09 15:57:10.137,6750.0,9481,6740.0,539,6730.0,3870,6720.0,22050,6710.0,4723,6760.0,57,6770.0,451,6780.0,15279,6790.0,2229,6800.0,5562,2025-05-09 15:57:10.058,,2147483647,641203,True,offer
5356,790924,1611625677,MERV - XMEV - GGAL - 24hs,6760.0,2025-05-09 15:57:10,1,2025-05-09 15:57:10.810,6750.0,9481,6740.0,539,6730.0,3870,6720.0,22050,6710.0,4723,6760.0,56,6770.0,451,6780.0,15279,6790.0,2229,6800.0,5562,2025-05-09 15:57:10.728,,2147483647,641203,False,nan
5357,790978,1611625754,MERV - XMEV - GGAL - 24hs,6760.0,2025-05-09 15:57:10,1,2025-05-09 15:57:11.308,6750.0,9481,6740.0,539,6730.0,3870,6720.0,22050,6710.0,4723,6760.0,56,6770.0,451,6780.0,15279,6790.0,2229,6800.0,5562,2025-05-09 15:57:11.228,,2147483647,641204,False,nan
5358,791117,1611625917,MERV - XMEV - GGAL - 24hs,6760.0,2025-05-09 15:57:10,1,2025-05-09 15:57:12.449,6750.0,9481,6740.0,539,6730.0,18870,6720.0,7050,6710.0,4723,6760.0,56,6770.0,451,6780.0,15279,6790.0,2229,6800.0,5562,2025-05-09 15:57:12.361,,2147483647,641204,False,nan
5359,791316,1611626163,MERV - XMEV - GGAL - 24hs,6760.0,2025-05-09 15:57:14,56,2025-05-09 15:57:14.248,6750.0,9481,6740.0,539,6730.0,18870,6720.0,7050,6710.0,4723,6760.0,56,6770.0,451,6780.0,15279,6790.0,2229,6800.0,5562,2025-05-09 15:57:14.169,,2147483647,641204,True,offer
5360,791370,1611626237,MERV - XMEV - GGAL - 24hs,6760.0,2025-05-09 15:57:14,56,2025-05-09 15:57:14.917,6760.0,54,6750.0,9481,6740.0,539,6730.0,18870,6720.0,7050,6770.0,451,6780.0,15279,6790.0,2229,6800.0,5559,6820.0,1566,2025-05-09 15:57:14.838,,2147483647,641204,False,nan
5361,791424,1611626300,MERV - XMEV - GGAL - 24hs,6770.0,2025-05-09 15:57:14,29,2025-05-09 15:57:15.417,6760.0,54,6750.0,9481,6740.0,539,6730.0,18870,6720.0,7050,6770.0,451,6780.0,15279,6790.0,2229,6800.0,5559,6820.0,1566,2025-05-09 15:57:15.338,,2147483647,641260,False,nan
5362,791488,1611626377,MERV - XMEV - GGAL - 24hs,6770.0,2025-05-09 15:57:15,29,2025-05-09 15:57:15.918,6760.0,54,6750.0,9481,6740.0,539,6730.0,18870,6720.0,7050,6770.0,422,6780.0,15279,6790.0,2229,6800.0,5559,6820.0,1566,2025-05-09 15:57:15.838,,2147483647,641289,True,offer
5363,791537,1611626441,MERV - XMEV - GGAL - 24hs,6770.0,2025-05-09 15:57:15,29,2025-05-09 15:57:16.478,6760.0,54,6750.0,9481,6740.0,539,6730.0,18870,6720.0,7050,6770.0,393,6780.0,15279,6790.0,2229,6800.0,5559,6820.0,1566,2025-05-09 15:57:16.399,,2147483647,641289,False,nan
5364,791587,1611626506,MERV - XMEV - GGAL - 24hs,6770.0,2025-05-09 15:57:15,29,2025-05-09 15:57:16.981,6760.0,54,6750.0,9481,6740.0,539,6730.0,18870,6720.0,7050,6770.0,393,6780.0,15279,6790.0,2229,6800.0,5559,6820.0,1566,2025-05-09 15:57:16.900,,2147483647,641318,False,nan
5365,792060,1611627178,MERV - XMEV - GGAL - 24hs,6770.0,2025-05-09 15:57:18,43,2025-05-09 15:57:19.619,6760.0,54,6750.0,9481,6740.0,539,6730.0,18870,6720.0,7050,6770.0,393,6780.0,15279,6790.0,2229,6800.0,5559,6820.0,1566,2025-05-09 15:57:18.610,,2147483647,641318,True,offer
5366,792182,1611627349,MERV - XMEV - GGAL - 24hs,6770.0,2025-05-09 15:57:18,52,2025-05-09 15:57:20.140,6760.0,54,6750.0,9481,6740.0,539,6730.0,18870,6720.0,7050,6770.0,198,6780.0,15279,6790.0,2229,6800.0,5559,6820.0,1566,2025-05-09 15:57:19.050,,2147483647,641318,False,nan
5367,792267,1611627480,MERV - XMEV - GGAL - 24hs,6770.0,2025-05-09 15:57:19,195,2025-05-09 15:57:20.527,6760.0,54,6750.0,9481,6740.0,539,6730.0,18870,6720.0,7050,6770.0,198,6780.0,15279,6790.0,2229,6800.0,5559,6820.0,1566,2025-05-09 15:57:19.551,,2147483647,641513,True,offer
5368,792355,1611627582,MERV - XMEV - GGAL - 24hs,6770.0,2025-05-09 15:57:19,195,2025-05-09 15:57:20.852,6760.0,54,6750.0,9481,6740.0,539,6730.0,18870,6720.0,7050,6770.0,3,6780.0,15279,6790.0,2229,6800.0,4201,6810.0,1358,2025-05-09 15:57:20.051,,2147483647,641708,False,nan
5369,792959,1611628404,MERV - XMEV - GGAL - 24hs,6770.0,2025-05-09 15:57:24,3,2025-05-09 15:57:24.420,6760.0,54,6750.0,9481,6740.0,539,6730.0,18870,6720.0,7050,6770.0,3,6780.0,15279,6790.0,2229,6800.0,4201,6810.0,1358,2025-05-09 15:57:24.161,,2147483647,641708,True,offer
5370,793036,1611628510,MERV - XMEV - GGAL - 24hs,6770.0,2025-05-09 15:57:24,3,2025-05-09 15:57:24.871,6770.0,301,6760.0,54,6750.0,9481,6740.0,539,6730.0,18873,6780.0,15279,6790.0,2229,6800.0,4201,6810.0,1358,6820.0,1566,2025-05-09 15:57:24.792,,2147483647,641708,False,nan
5371,793083,1611628571,MERV - XMEV - GGAL - 24hs,6770.0,2025-05-09 15:57:25,301,2025-05-09 15:57:25.375,6770.0,301,6760.0,54,6750.0,9481,6740.0,539,6730.0,18873,6780.0,15279,6790.0,2229,6800.0,4201,6810.0,1358,6820.0,1566,2025-05-09 15:57:25.293,,2147483647,641711,True,bid
5372,793158,1611628663,MERV - XMEV - GGAL - 24hs,6770.0,2025-05-09 15:57:25,301,2025-05-09 15:57:25.876,6760.0,54,6750.0,9481,6740.0,539,6730.0,18873,6720.0,7050,6770.0,1686,6780.0,15279,6790.0,2229,6800.0,4201,6810.0,1358,2025-05-09 15:57:25.793,,2147483647,642012,False,nan
5373,793264,1611628789,MERV - XMEV - GGAL - 24hs,6770.0,2025-05-09 15:57:25,301,2025-05-09 15:57:27.238,6760.0,54,6750.0,24481,6740.0,539,6730.0,4873,6720.0,6050,6770.0,1686,6780.0,15279,6790.0,2229,6800.0,4201,6810.0,1358,2025-05-09 15:57:27.152,,2147483647,642012,False,nan
5374,793414,1611628983,MERV - XMEV - GGAL - 24hs,6770.0,2025-05-09 15:57:27,41,2025-05-09 15:57:27.935,6760.0,54,6750.0,24481,6740.0,539,6730.0,4873,6720.0,6050,6770.0,1686,6780.0,15279,6790.0,2229,6800.0,4201,6810.0,1358,2025-05-09 15:57:27.799,,2147483647,642012,True,offer
5375,793497,1611629092,MERV - XMEV - GGAL - 24hs,6770.0,2025-05-09 15:57:27,8,2025-05-09 15:57:28.390,6760.0,54,6750.0,9481,6740.0,15539,6730.0,4873,6720.0,6050,6770.0,1637,6780.0,15279,6790.0,2229,6800.0,4201,6810.0,1358,2025-05-09 15:57:28.307,,2147483647,642012,False,nan
5376,793572,1611629181,MERV - XMEV - GGAL - 24hs,6770.0,2025-05-09 15:57:27,8,2025-05-09 15:57:28.879,6760.0,54,6750.0,9481,6740.0,15539,6730.0,4873,6720.0,6050,6770.0,1637,6780.0,15279,6790.0,2229,6800.0,4201,6810.0,1358,2025-05-09 15:57:28.800,,2147483647,642061,False,nan
5377,793695,1611629353,MERV - XMEV - GGAL - 24hs,6770.0,2025-05-09 15:57:29,44,2025-05-09 15:57:29.936,6760.0,54,6750.0,9481,6740.0,15539,6730.0,4873,6720.0,6050,6770.0,1637,6780.0,15279,6790.0,2229,6800.0,4201,6810.0,1358,2025-05-09 15:57:29.576,,2147483647,642061,True,offer
5378,793784,1611629494,MERV - XMEV - GGAL - 24hs,6770.0,2025-05-09 15:57:29,44,2025-05-09 15:57:30.359,6760.0,54,6750.0,9481,6740.0,15539,6730.0,4873,6720.0,6050,6770.0,1593,6780.0,15279,6790.0,2229,6800.0,4201,6810.0,1358,2025-05-09 15:57:29.800,,2147483647,642105,False,nan
5379,793962,1611629746,MERV - XMEV - GGAL - 24hs,6770.0,2025-05-09 15:57:29,44,2025-05-09 15:57:31.238,6760.0,54,6750.0,24481,6740.0,1539,6730.0,3873,6720.0,6050,6770.0,1593,6780.0,15279,6790.0,2229,6800.0,4201,6810.0,1358,2025-05-09 15:57:31.155,,2147483647,642105,False,nan
5380,794059,1611629871,MERV - XMEV - GGAL - 24hs,6770.0,2025-05-09 15:57:31,279,2025-05-09 15:57:31.814,6760.0,54,6750.0,24481,6740.0,1539,6730.0,3873,6720.0,6050,6770.0,1593,6780.0,15279,6790.0,2229,6800.0,4201,6810.0,1358,2025-05-09 15:57:31.655,,2147483647,642105,True,offer
5381,794113,1611629955,MERV - XMEV - GGAL - 24hs,6770.0,2025-05-09 15:57:31,181,2025-05-09 15:57:32.239,6760.0,54,6750.0,24481,6740.0,1539,6730.0,3873,6720.0,6050,6770.0,1266,6780.0,15279,6790.0,2229,6800.0,4201,6810.0,1358,2025-05-09 15:57:32.157,,2147483647,642432,False,nan
5382,794153,1611630007,MERV - XMEV - GGAL - 24hs,6770.0,2025-05-09 15:57:31,181,2025-05-09 15:57:32.735,6760.0,54,6750.0,24481,6740.0,1539,6730.0,3873,6720.0,6050,6770.0,939,6780.0,15279,6790.0,2229,6800.0,4201,6810.0,1358,2025-05-09 15:57:32.656,,2147483647,642759,False,nan
5383,794240,1611630129,MERV - XMEV - GGAL - 24hs,6770.0,2025-05-09 15:57:32,1,2025-05-09 15:57:33.290,6760.0,54,6750.0,24481,6740.0,1539,6730.0,3873,6720.0,6050,6770.0,939,6780.0,15279,6790.0,2229,6800.0,4201,6810.0,1358,2025-05-09 15:57:33.157,,2147483647,642759,True,offer
5384,794291,1611630194,MERV - XMEV - GGAL - 24hs,6770.0,2025-05-09 15:57:33,15,2025-05-09 15:57:33.748,6760.0,54,6750.0,24481,6740.0,1539,6730.0,3873,6720.0,6050,6770.0,938,6780.0,15279,6790.0,2229,6800.0,4201,6810.0,1358,2025-05-09 15:57:33.656,,2147483647,642760,True,offer
5385,794337,1611630262,MERV - XMEV - GGAL - 24hs,6770.0,2025-05-09 15:57:33,15,2025-05-09 15:57:34.242,6750.0,24573,6740.0,1539,6730.0,3870,6720.0,6050,6710.0,4727,6770.0,961,6780.0,15279,6790.0,2229,6800.0,4201,6810.0,1358,2025-05-09 15:57:34.156,,2147483647,642775,False,nan
5386,794397,1611630338,MERV - XMEV - GGAL - 24hs,6770.0,2025-05-09 15:57:34,10,2025-05-09 15:57:34.747,6750.0,24573,6740.0,1539,6730.0,3870,6720.0,6050,6710.0,4727,6770.0,961,6780.0,15279,6790.0,2229,6800.0,4201,6810.0,1358,2025-05-09 15:57:34.661,,2147483647,642789,True,offer
5387,794479,1611630444,MERV - XMEV - GGAL - 24hs,6770.0,2025-05-09 15:57:34,74,2025-05-09 15:57:35.259,6750.0,24573,6740.0,1539,6730.0,3870,6720.0,6050,6710.0,4727,6770.0,937,6780.0,15279,6790.0,2229,6800.0,4201,6810.0,1358,2025-05-09 15:57:35.157,,2147483647,642799,False,nan
5388,794531,1611630508,MERV - XMEV - GGAL - 24hs,6770.0,2025-05-09 15:57:34,74,2025-05-09 15:57:35.736,6760.0,15000,6750.0,9535,6740.0,1539,6730.0,3870,6720.0,6053,6770.0,554,6780.0,15279,6790.0,2229,6800.0,4201,6810.0,1361,2025-05-09 15:57:35.656,,2147483647,642799,False,nan
5389,794572,1611630568,MERV - XMEV - GGAL - 24hs,6770.0,2025-05-09 15:57:34,74,2025-05-09 15:57:36.238,6760.0,15000,6750.0,9535,6740.0,1539,6730.0,3870,6720.0,6053,6770.0,554,6780.0,15279,6790.0,2229,6800.0,4201,6810.0,1361,2025-05-09 15:57:36.157,,2147483647,643144,False,nan
5390,794633,1611630648,MERV - XMEV - GGAL - 24hs,6760.0,2025-05-09 15:57:36,37,2025-05-09 15:57:36.779,6760.0,15000,6750.0,9535,6740.0,1539,6730.0,3870,6720.0,6053,6770.0,554,6780.0,15279,6790.0,2229,6800.0,4201,6810.0,1361,2025-05-09 15:57:36.661,,2147483647,643473,True,bid
5391,794695,1611630736,MERV - XMEV - GGAL - 24hs,6760.0,2025-05-09 15:57:36,37,2025-05-09 15:57:37.239,6760.0,14963,6750.0,9535,6740.0,1539,6730.0,3870,6720.0,6053,6770.0,225,6780.0,15279,6790.0,2229,6800.0,4201,6810.0,1361,2025-05-09 15:57:37.157,,2147483647,643510,False,nan
5392,794779,1611630857,MERV - XMEV - GGAL - 24hs,6780.0,2025-05-09 15:57:37,104,2025-05-09 15:57:37.827,6760.0,14963,6750.0,9535,6740.0,1539,6730.0,3870,6720.0,6053,6770.0,225,6780.0,15279,6790.0,2229,6800.0,4201,6810.0,1361,2025-05-09 15:57:37.657,,2147483647,643510,True,offer
5393,794848,1611630963,MERV - XMEV - GGAL - 24hs,6780.0,2025-05-09 15:57:37,104,2025-05-09 15:57:38.244,6760.0,14963,6750.0,9535,6740.0,1539,6730.0,3870,6720.0,6053,6780.0,15175,6790.0,2229,6800.0,4201,6810.0,1361,6820.0,1563,2025-05-09 15:57:38.158,,2147483647,643839,False,nan
5394,794902,1611631039,MERV - XMEV - GGAL - 24hs,6780.0,2025-05-09 15:57:37,104,2025-05-09 15:57:38.772,6760.0,15001,6750.0,9535,6740.0,1539,6730.0,3870,6720.0,6050,6780.0,15213,6790.0,2229,6800.0,4201,6810.0,1358,6820.0,1563,2025-05-09 15:57:38.693,,2147483647,643839,False,nan
5395,794944,1611631098,MERV - XMEV - GGAL - 24hs,6780.0,2025-05-09 15:57:38,19,2025-05-09 15:57:39.275,6760.0,15001,6750.0,9535,6740.0,1539,6730.0,3870,6720.0,6050,6780.0,15213,6790.0,2229,6800.0,4201,6810.0,1358,6820.0,1563,2025-05-09 15:57:39.195,,2147483647,643839,True,offer
5396,795054,1611631250,MERV - XMEV - GGAL - 24hs,6780.0,2025-05-09 15:57:39,19,2025-05-09 15:57:39.858,6760.0,15001,6750.0,9535,6740.0,1539,6730.0,3870,6720.0,6050,6780.0,15194,6790.0,2229,6800.0,4201,6810.0,1358,6820.0,1563,2025-05-09 15:57:39.695,,2147483647,643858,True,offer
5397,795099,1611631327,MERV - XMEV - GGAL - 24hs,6780.0,2025-05-09 15:57:40,1,2025-05-09 15:57:40.275,6760.0,15001,6750.0,9535,6740.0,1539,6730.0,3870,6720.0,6050,6780.0,15175,6790.0,2229,6800.0,4201,6810.0,1358,6820.0,1563,2025-05-09 15:57:40.192,,2147483647,643877,True,offer
5398,795205,1611631500,MERV - XMEV - GGAL - 24hs,6780.0,2025-05-09 15:57:40,1,2025-05-09 15:57:40.957,6760.0,15001,6750.0,9535,6740.0,1539,6730.0,3871,6720.0,6050,6780.0,15174,6790.0,2229,6800.0,4201,6810.0,1358,6820.0,1563,2025-05-09 15:57:40.844,,2147483647,643877,False,nan
5399,795254,1611631574,MERV - XMEV - GGAL - 24hs,6780.0,2025-05-09 15:57:40,329,2025-05-09 15:57:41.435,6760.0,15001,6750.0,9535,6740.0,1539,6730.0,3871,6720.0,6050,6780.0,15174,6790.0,2229,6800.0,4201,6810.0,1358,6820.0,1563,2025-05-09 15:57:41.345,,2147483647,643878,False,nan
5400,795310,1611631733,MERV - XMEV - GGAL - 24hs,6780.0,2025-05-09 15:57:41,328,2025-05-09 15:57:41.996,6760.0,15001,6750.0,9535,6740.0,1539,6730.0,3871,6720.0,6050,6780.0,14845,6790.0,2229,6800.0,4201,6810.0,1358,6820.0,1563,2025-05-09 15:57:41.844,,2147483647,644207,True,offer
5401,795346,1611631777,MERV - XMEV - GGAL - 24hs,6780.0,2025-05-09 15:57:41,328,2025-05-09 15:57:42.428,6760.0,15001,6750.0,9535,6740.0,1539,6730.0,3871,6720.0,6050,6780.0,14517,6790.0,2229,6800.0,4201,6810.0,1358,6820.0,1563,2025-05-09 15:57:42.345,,2147483647,644535,False,nan
5402,795378,1611631818,MERV - XMEV - GGAL - 24hs,6780.0,2025-05-09 15:57:42,17,2025-05-09 15:57:42.924,6760.0,15001,6750.0,9535,6740.0,1539,6730.0,3871,6720.0,6050,6780.0,14517,6790.0,2229,6800.0,4201,6810.0,1358,6820.0,1563,2025-05-09 15:57:42.844,,2147483647,644535,True,offer
5403,795475,1611631977,MERV - XMEV - GGAL - 24hs,6780.0,2025-05-09 15:57:43,1,2025-05-09 15:57:43.620,6770.0,14963,6750.0,10535,6740.0,539,6730.0,3874,6720.0,8050,6780.0,14462,6790.0,2229,6800.0,4201,6810.0,1358,6820.0,1566,2025-05-09 15:57:43.356,,2147483647,644552,True,offer
5404,795591,1611632136,MERV - XMEV - GGAL - 24hs,6770.0,2025-05-09 15:57:43,898,2025-05-09 15:57:44.099,6750.0,10535,6740.0,539,6730.0,3871,6720.0,8050,6710.0,9730,6780.0,14499,6790.0,2229,6800.0,4201,6810.0,1358,6820.0,1563,2025-05-09 15:57:43.855,,2147483647,645626,False,nan
5405,795675,1611632274,MERV - XMEV - GGAL - 24hs,6780.0,2025-05-09 15:57:43,1,2025-05-09 15:57:44.504,6750.0,10535,6740.0,539,6730.0,3871,6720.0,8050,6710.0,9730,6780.0,14499,6790.0,2229,6800.0,4201,6810.0,1358,6820.0,1563,2025-05-09 15:57:44.356,,2147483647,645626,False,nan
5406,795712,1611632322,MERV - XMEV - GGAL - 24hs,6770.0,2025-05-09 15:57:44,1182,2025-05-09 15:57:44.934,6770.0,15000,6750.0,10535,6740.0,539,6730.0,3871,6720.0,8050,6780.0,14460,6790.0,2229,6800.0,4201,6810.0,1358,6820.0,1566,2025-05-09 15:57:44.855,,2147483647,645972,True,offer
5407,795768,1611632494,MERV - XMEV - GGAL - 24hs,6770.0,2025-05-09 15:57:44,1182,2025-05-09 15:57:45.565,6770.0,15000,6750.0,10535,6740.0,539,6730.0,3871,6720.0,8050,6780.0,14460,6790.0,2229,6800.0,4201,6810.0,1358,6820.0,1566,2025-05-09 15:57:45.413,,2147483647,647154,False,nan
5408,795839,1611632585,MERV - XMEV - GGAL - 24hs,6780.0,2025-05-09 15:57:45,344,2025-05-09 15:57:45.992,6760.0,15000,6750.0,9573,6740.0,1539,6730.0,3871,6720.0,6050,6780.0,15153,6790.0,2229,6800.0,4201,6810.0,1358,6820.0,1563,2025-05-09 15:57:45.912,,2147483647,647154,True,offer
5409,795882,1611632644,MERV - XMEV - GGAL - 24hs,6780.0,2025-05-09 15:57:46,1,2025-05-09 15:57:46.495,6760.0,15038,6750.0,9535,6740.0,1539,6730.0,3871,6720.0,6050,6780.0,14808,6790.0,2229,6800.0,4201,6810.0,1358,6820.0,1563,2025-05-09 15:57:46.412,,2147483647,647498,True,offer
5410,795953,1611632745,MERV - XMEV - GGAL - 24hs,6780.0,2025-05-09 15:57:47,1,2025-05-09 15:57:47.124,6760.0,15038,6750.0,9535,6740.0,1539,6730.0,3871,6720.0,6050,6780.0,14808,6790.0,2229,6800.0,4201,6810.0,1358,6820.0,1563,2025-05-09 15:57:47.044,,2147483647,647499,True,offer
5411,796050,1611632895,MERV - XMEV - GGAL - 24hs,6780.0,2025-05-09 15:57:47,1,2025-05-09 15:57:47.788,6760.0,15038,6750.0,9535,6740.0,1539,6730.0,3871,6720.0,6050,6780.0,14807,6790.0,2229,6800.0,4201,6810.0,1358,6820.0,1563,2025-05-09 15:57:47.549,,2147483647,647500,False,nan
5412,796091,1611632948,MERV - XMEV - GGAL - 24hs,6780.0,2025-05-09 15:57:47,1,2025-05-09 15:57:48.132,6760.0,15038,6750.0,9535,6740.0,1539,6730.0,3871,6720.0,6050,6780.0,14807,6790.0,2229,6800.0,4201,6810.0,1358,6820.0,1563,2025-05-09 15:57:48.048,,2147483647,647500,False,nan
5413,796135,1611633077,MERV - XMEV - GGAL - 24hs,6780.0,2025-05-09 15:57:48,1,2025-05-09 15:57:48.738,6760.0,15038,6750.0,9535,6740.0,1539,6730.0,3871,6720.0,6050,6780.0,14806,6790.0,2229,6800.0,4201,6820.0,2921,6830.0,1304,2025-05-09 15:57:48.546,,2147483647,647501,True,offer
5414,796227,1611633199,MERV - XMEV - GGAL - 24hs,6780.0,2025-05-09 15:57:48,1,2025-05-09 15:57:49.246,6760.0,15038,6750.0,9535,6740.0,1539,6730.0,3871,6720.0,6050,6780.0,14805,6790.0,2229,6800.0,4201,6820.0,2921,6830.0,1304,2025-05-09 15:57:49.166,,2147483647,647501,False,nan
5415,796271,1611633273,MERV - XMEV - GGAL - 24hs,6780.0,2025-05-09 15:57:48,1,2025-05-09 15:57:49.746,6760.0,15038,6750.0,9535,6740.0,1539,6730.0,3871,6720.0,6050,6780.0,14805,6790.0,2229,6800.0,4201,6820.0,2921,6830.0,1304,2025-05-09 15:57:49.667,,2147483647,647502,False,nan
5416,796437,1611633504,MERV - XMEV - GGAL - 24hs,6780.0,2025-05-09 15:57:50,344,2025-05-09 15:57:50.784,6760.0,15038,6750.0,9535,6740.0,1539,6730.0,3871,6720.0,6050,6780.0,14805,6790.0,2229,6800.0,4201,6820.0,2921,6830.0,1304,2025-05-09 15:57:50.705,,2147483647,647502,True,offer
5417,796540,1611633710,MERV - XMEV - GGAL - 24hs,6780.0,2025-05-09 15:57:50,344,2025-05-09 15:57:52.072,6760.0,15038,6750.0,9535,6740.0,1539,6730.0,3871,6720.0,6050,6780.0,14461,6790.0,2229,6800.0,4201,6820.0,2921,6830.0,1304,2025-05-09 15:57:51.783,,2147483647,647502,False,nan
5418,796579,1611633765,MERV - XMEV - GGAL - 24hs,6780.0,2025-05-09 15:57:51,344,2025-05-09 15:57:52.243,6760.0,15038,6750.0,9535,6740.0,1539,6730.0,3871,6720.0,6050,6780.0,14461,6790.0,2229,6800.0,4201,6820.0,2921,6830.0,1304,2025-05-09 15:57:51.887,,2147483647,648190,True,offer
5419,796631,1611633839,MERV - XMEV - GGAL - 24hs,6780.0,2025-05-09 15:57:51,344,2025-05-09 15:57:52.470,6760.0,15038,6750.0,9535,6740.0,1539,6730.0,3871,6720.0,6050,6780.0,14117,6790.0,2229,6800.0,4201,6820.0,2921,6830.0,1304,2025-05-09 15:57:52.324,,2147483647,648190,False,nan
5420,796730,1611633960,MERV - XMEV - GGAL - 24hs,6780.0,2025-05-09 15:57:51,344,2025-05-09 15:57:52.902,6770.0,7051,6760.0,15000,6750.0,9535,6740.0,1539,6730.0,3874,6780.0,14079,6790.0,2229,6800.0,4201,6820.0,1563,6830.0,2665,2025-05-09 15:57:52.824,,2147483647,648190,False,nan
5421,796805,1611634055,MERV - XMEV - GGAL - 24hs,6780.0,2025-05-09 15:57:51,344,2025-05-09 15:57:53.732,6770.0,7061,6760.0,15000,6750.0,9535,6740.0,1539,6730.0,3874,6780.0,14079,6790.0,2229,6800.0,4201,6820.0,1563,6830.0,2665,2025-05-09 15:57:53.649,,2147483647,648190,False,nan
5422,796873,1611634161,MERV - XMEV - GGAL - 24hs,6780.0,2025-05-09 15:57:51,344,2025-05-09 15:57:54.529,6770.0,7115,6760.0,15000,6750.0,9481,6740.0,1539,6730.0,3874,6780.0,14079,6790.0,2229,6800.0,4201,6820.0,1563,6830.0,2665,2025-05-09 15:57:54.449,,2147483647,648190,False,nan
5423,797400,1611634891,MERV - XMEV - GGAL - 24hs,6780.0,2025-05-09 15:57:58,5,2025-05-09 15:57:59.051,6770.0,7115,6760.0,15000,6750.0,9481,6740.0,1539,6730.0,3874,6780.0,14079,6790.0,2229,6800.0,4201,6820.0,1563,6830.0,2665,2025-05-09 15:57:58.963,,2147483647,648190,True,offer
5424,797445,1611634955,MERV - XMEV - GGAL - 24hs,6780.0,2025-05-09 15:57:58,5,2025-05-09 15:57:59.707,6770.0,7115,6760.0,15000,6750.0,9481,6740.0,1539,6730.0,3874,6780.0,14074,6790.0,2229,6800.0,4201,6820.0,1563,6830.0,2665,2025-05-09 15:57:59.626,,2147483647,648190,False,nan
5425,797502,1611635023,MERV - XMEV - GGAL - 24hs,6780.0,2025-05-09 15:57:58,5,2025-05-09 15:58:00.207,6770.0,7115,6760.0,15000,6750.0,9481,6740.0,1539,6730.0,3874,6780.0,14074,6790.0,2229,6800.0,4201,6820.0,1563,6830.0,2665,2025-05-09 15:58:00.128,,2147483647,648195,False,nan
5426,797548,1611635077,MERV - XMEV - GGAL - 24hs,6780.0,2025-05-09 15:58:00,10,2025-05-09 15:58:00.706,6770.0,7115,6760.0,15000,6750.0,9481,6740.0,1539,6730.0,3874,6780.0,14074,6790.0,2229,6800.0,4201,6820.0,1563,6830.0,2665,2025-05-09 15:58:00.627,,2147483647,649695,True,offer
5427,797630,1611635171,MERV - XMEV - GGAL - 24hs,6780.0,2025-05-09 15:58:00,10,2025-05-09 15:58:01.231,6770.0,7115,6760.0,15000,6750.0,9481,6740.0,1539,6730.0,3874,6780.0,12564,6790.0,2229,6800.0,4201,6820.0,1563,6830.0,2665,2025-05-09 15:58:01.130,,2147483647,649705,False,nan
5428,797829,1611635446,MERV - XMEV - GGAL - 24hs,6780.0,2025-05-09 15:58:00,10,2025-05-09 15:58:02.840,6770.0,7115,6760.0,15000,6750.0,9481,6740.0,539,6730.0,3874,6780.0,12564,6790.0,2229,6800.0,4201,6820.0,1563,6830.0,2665,2025-05-09 15:58:02.761,,2147483647,649705,False,nan
5429,797974,1611635665,MERV - XMEV - GGAL - 24hs,6780.0,2025-05-09 15:58:00,10,2025-05-09 15:58:04.251,6770.0,7115,6760.0,15000,6750.0,9481,6740.0,1539,6730.0,3874,6780.0,12564,6790.0,2229,6800.0,4201,6820.0,1563,6830.0,2665,2025-05-09 15:58:04.038,,2147483647,649705,False,nan
5430,798275,1611636082,MERV - XMEV - GGAL - 24hs,6780.0,2025-05-09 15:58:07,8,2025-05-09 15:58:07.167,6770.0,7115,6760.0,15000,6750.0,9481,6740.0,1539,6730.0,3874,6780.0,12564,6790.0,2229,6800.0,4201,6820.0,1563,6830.0,2665,2025-05-09 15:58:07.088,,2147483647,649705,True,offer
5431,798341,1611636165,MERV - XMEV - GGAL - 24hs,6780.0,2025-05-09 15:58:07,8,2025-05-09 15:58:07.832,6770.0,7115,6760.0,15000,6750.0,9481,6740.0,1539,6730.0,3874,6780.0,12556,6790.0,2229,6800.0,4201,6820.0,1563,6830.0,2665,2025-05-09 15:58:07.753,,2147483647,649705,False,nan
5432,798426,1611636278,MERV - XMEV - GGAL - 24hs,6780.0,2025-05-09 15:58:07,8,2025-05-09 15:58:08.335,6770.0,7115,6760.0,15000,6750.0,9481,6740.0,1539,6730.0,3874,6780.0,12556,6790.0,2229,6800.0,4201,6820.0,1563,6830.0,2665,2025-05-09 15:58:08.255,,2147483647,649713,False,nan
5433,798624,1611636532,MERV - XMEV - GGAL - 24hs,6780.0,2025-05-09 15:58:07,8,2025-05-09 15:58:10.562,6770.0,7462,6760.0,15000,6750.0,9481,6740.0,1539,6730.0,3874,6780.0,12556,6790.0,2229,6800.0,4201,6820.0,1563,6830.0,2665,2025-05-09 15:58:10.484,,2147483647,649713,False,nan
5434,798655,1611636577,MERV - XMEV - GGAL - 24hs,6770.0,2025-05-09 15:58:10,300,2025-05-09 15:58:11.064,6770.0,7462,6760.0,15000,6750.0,9481,6740.0,1539,6730.0,3874,6780.0,12556,6790.0,2229,6800.0,4201,6820.0,1563,6830.0,2665,2025-05-09 15:58:10.984,,2147483647,660045,True,bid
5435,798738,1611636688,MERV - XMEV - GGAL - 24hs,6770.0,2025-05-09 15:58:10,300,2025-05-09 15:58:11.659,6760.0,15000,6750.0,9481,6740.0,1539,6730.0,3874,6720.0,6050,6770.0,11452,6780.0,2288,6790.0,2229,6800.0,4201,6820.0,1563,2025-05-09 15:58:11.487,,2147483647,660345,False,nan
5436,798789,1611636757,MERV - XMEV - GGAL - 24hs,6770.0,2025-05-09 15:58:11,1042,2025-05-09 15:58:12.063,6760.0,15000,6750.0,9481,6740.0,1539,6730.0,3874,6720.0,6050,6770.0,11452,6780.0,2288,6790.0,2229,6800.0,4201,6820.0,1563,2025-05-09 15:58:11.984,,2147483647,670613,True,offer
5437,798889,1611636887,MERV - XMEV - GGAL - 24hs,6780.0,2025-05-09 15:58:12,10,2025-05-09 15:58:12.612,6770.0,2623,6760.0,15000,6750.0,9481,6740.0,1539,6730.0,3874,6780.0,2288,6790.0,2229,6800.0,4201,6810.0,1500,6820.0,1563,2025-05-09 15:58:12.485,,2147483647,671797,True,offer
5438,798950,1611636965,MERV - XMEV - GGAL - 24hs,6780.0,2025-05-09 15:58:12,10,2025-05-09 15:58:13.068,6770.0,2623,6760.0,15000,6750.0,9481,6740.0,1539,6730.0,3874,6780.0,2278,6790.0,2229,6800.0,4201,6810.0,1500,6820.0,1563,2025-05-09 15:58:12.985,,2147483647,671797,False,nan
5439,799049,1611637103,MERV - XMEV - GGAL - 24hs,6780.0,2025-05-09 15:58:12,10,2025-05-09 15:58:13.676,6770.0,2623,6760.0,15000,6750.0,9481,6740.0,1539,6730.0,3874,6780.0,2278,6790.0,2229,6800.0,4201,6810.0,1500,6820.0,1563,2025-05-09 15:58:13.485,,2147483647,671807,False,nan
5440,799171,1611637282,MERV - XMEV - GGAL - 24hs,6780.0,2025-05-09 15:58:14,81,2025-05-09 15:58:14.761,6770.0,2623,6760.0,15000,6750.0,9481,6740.0,1539,6730.0,3874,6780.0,2278,6790.0,2229,6800.0,4201,6810.0,1500,6820.0,1563,2025-05-09 15:58:14.680,,2147483647,671807,True,offer
5441,799223,1611637349,MERV - XMEV - GGAL - 24hs,6780.0,2025-05-09 15:58:14,37,2025-05-09 15:58:15.261,6770.0,2623,6760.0,15000,6750.0,9481,6740.0,1539,6730.0,3874,6780.0,2278,6790.0,2229,6800.0,4201,6810.0,1500,6820.0,1563,2025-05-09 15:58:15.179,,2147483647,671807,False,nan
5442,799277,1611637436,MERV - XMEV - GGAL - 24hs,6780.0,2025-05-09 15:58:14,37,2025-05-09 15:58:15.784,6770.0,2623,6760.0,15000,6750.0,9481,6740.0,1539,6730.0,3874,6780.0,2160,6790.0,2229,6800.0,4201,6810.0,1500,6820.0,1563,2025-05-09 15:58:15.685,,2147483647,671925,False,nan
5443,799894,1611638303,MERV - XMEV - GGAL - 24hs,6780.0,2025-05-09 15:58:21,200,2025-05-09 15:58:21.771,6770.0,2623,6760.0,15000,6750.0,9481,6740.0,1539,6730.0,3874,6780.0,2160,6790.0,2229,6800.0,4201,6810.0,1500,6820.0,1563,2025-05-09 15:58:21.691,,2147483647,671925,True,offer
5444,799988,1611638424,MERV - XMEV - GGAL - 24hs,6780.0,2025-05-09 15:58:21,200,2025-05-09 15:58:22.468,6770.0,2623,6760.0,15000,6750.0,9481,6740.0,1539,6730.0,3874,6780.0,2160,6790.0,2229,6800.0,4201,6810.0,1500,6820.0,1563,2025-05-09 15:58:22.385,,2147483647,672125,False,nan
5445,800080,1611638617,MERV - XMEV - GGAL - 24hs,6780.0,2025-05-09 15:58:21,200,2025-05-09 15:58:23.064,6770.0,2423,6760.0,15000,6750.0,9481,6740.0,1539,6730.0,3874,6780.0,1960,6790.0,2229,6800.0,4201,6810.0,1500,6820.0,1563,2025-05-09 15:58:22.880,,2147483647,672125,False,nan
5446,800441,1611639061,MERV - XMEV - GGAL - 24hs,6780.0,2025-05-09 15:58:21,200,2025-05-09 15:58:26.863,6770.0,2423,6760.0,20382,6750.0,9481,6740.0,1539,6730.0,3874,6780.0,1960,6790.0,2229,6800.0,4201,6810.0,1500,6820.0,1563,2025-05-09 15:58:26.784,,2147483647,672125,False,nan
5447,800674,1611639404,MERV - XMEV - GGAL - 24hs,6780.0,2025-05-09 15:58:21,200,2025-05-09 15:58:29.113,6770.0,27,6760.0,17423,6750.0,9481,6740.0,1539,6730.0,3874,6780.0,1960,6790.0,2229,6800.0,4201,6810.0,1500,6820.0,1563,2025-05-09 15:58:29.033,,2147483647,672125,False,nan
5448,800708,1611639462,MERV - XMEV - GGAL - 24hs,6780.0,2025-05-09 15:58:29,100,2025-05-09 15:58:29.612,6770.0,27,6760.0,17423,6750.0,9481,6740.0,1539,6730.0,3874,6780.0,1960,6790.0,2229,6800.0,4201,6810.0,1500,6820.0,1563,2025-05-09 15:58:29.533,,2147483647,672125,True,offer
5449,800741,1611639503,MERV - XMEV - GGAL - 24hs,6780.0,2025-05-09 15:58:29,100,2025-05-09 15:58:30.113,6770.0,27,6760.0,17423,6750.0,9481,6740.0,1539,6730.0,3874,6780.0,1860,6790.0,2229,6800.0,4201,6810.0,1500,6820.0,1563,2025-05-09 15:58:30.033,,2147483647,672225,False,nan
5450,800949,1611639781,MERV - XMEV - GGAL - 24hs,6770.0,2025-05-09 15:58:31,7,2025-05-09 15:58:31.839,6770.0,27,6760.0,17423,6750.0,9481,6740.0,1539,6730.0,3874,6780.0,1860,6790.0,2229,6800.0,4201,6810.0,1500,6820.0,1563,2025-05-09 15:58:31.746,,2147483647,672225,True,bid
5451,800993,1611639835,MERV - XMEV - GGAL - 24hs,6770.0,2025-05-09 15:58:32,7,2025-05-09 15:58:32.327,6760.0,17423,6750.0,9481,6740.0,1539,6730.0,3874,6720.0,6050,6770.0,19,6780.0,1860,6790.0,2229,6800.0,4201,6810.0,1500,2025-05-09 15:58:32.245,,2147483647,672232,True,bid
5452,801047,1611639901,MERV - XMEV - GGAL - 24hs,6780.0,2025-05-09 15:58:32,8,2025-05-09 15:58:32.829,6760.0,17461,6750.0,9481,6740.0,1539,6730.0,3871,6720.0,6050,6780.0,1890,6790.0,2229,6800.0,4201,6810.0,1500,6820.0,1563,2025-05-09 15:58:32.745,,2147483647,672251,False,nan
5453,801067,1611639933,MERV - XMEV - GGAL - 24hs,6780.0,2025-05-09 15:58:32,8,2025-05-09 15:58:33.327,6760.0,17461,6750.0,9481,6740.0,1539,6730.0,3871,6720.0,6050,6780.0,1890,6790.0,2229,6800.0,4201,6810.0,1500,6820.0,1563,2025-05-09 15:58:33.246,,2147483647,672259,False,nan
5454,801092,1611639968,MERV - XMEV - GGAL - 24hs,6780.0,2025-05-09 15:58:32,8,2025-05-09 15:58:33.828,6770.0,37,6760.0,17423,6750.0,9481,6740.0,1539,6730.0,3874,6780.0,1852,6790.0,2229,6800.0,4201,6810.0,1500,6820.0,1566,2025-05-09 15:58:33.745,,2147483647,672259,False,nan
5455,801381,1611640365,MERV - XMEV - GGAL - 24hs,6780.0,2025-05-09 15:58:36,800,2025-05-09 15:58:36.754,6770.0,37,6760.0,17423,6750.0,9481,6740.0,1539,6730.0,3874,6780.0,1852,6790.0,2229,6800.0,4201,6810.0,1500,6820.0,1566,2025-05-09 15:58:36.675,,2147483647,672259,True,offer
5456,801457,1611640459,MERV - XMEV - GGAL - 24hs,6780.0,2025-05-09 15:58:36,800,2025-05-09 15:58:37.444,6770.0,37,6760.0,17423,6750.0,9481,6740.0,1539,6730.0,3874,6780.0,1852,6790.0,2229,6800.0,4201,6810.0,1500,6820.0,1566,2025-05-09 15:58:37.355,,2147483647,673059,False,nan
5457,801509,1611640532,MERV - XMEV - GGAL - 24hs,6780.0,2025-05-09 15:58:36,800,2025-05-09 15:58:37.938,6770.0,37,6760.0,17423,6750.0,9481,6740.0,1539,6730.0,3874,6780.0,1052,6790.0,2229,6800.0,4201,6810.0,1500,6820.0,1566,2025-05-09 15:58:37.853,,2147483647,673059,False,nan
5458,801818,1611640993,MERV - XMEV - GGAL - 24hs,6780.0,2025-05-09 15:58:36,800,2025-05-09 15:58:41.358,6770.0,14,6760.0,17423,6750.0,9481,6740.0,1539,6730.0,3874,6780.0,1052,6790.0,2229,6800.0,4201,6810.0,1500,6820.0,1566,2025-05-09 15:58:41.279,,2147483647,673059,False,nan
5459,802026,1611641271,MERV - XMEV - GGAL - 24hs,6780.0,2025-05-09 15:58:36,800,2025-05-09 15:58:44.058,6770.0,264,6760.0,17423,6750.0,9481,6740.0,1289,6730.0,3874,6780.0,1052,6790.0,2229,6800.0,4201,6810.0,1500,6820.0,1566,2025-05-09 15:58:43.978,,2147483647,673059,False,nan
5460,802217,1611641548,MERV - XMEV - GGAL - 24hs,6770.0,2025-05-09 15:58:45,2,2025-05-09 15:58:45.712,6770.0,264,6760.0,17423,6750.0,9481,6740.0,1289,6730.0,3874,6780.0,1052,6790.0,2229,6800.0,4201,6810.0,1500,6820.0,1566,2025-05-09 15:58:45.633,,2147483647,673059,True,bid
5461,802273,1611641620,MERV - XMEV - GGAL - 24hs,6770.0,2025-05-09 15:58:45,2,2025-05-09 15:58:46.384,6770.0,262,6760.0,17423,6750.0,9481,6740.0,1289,6730.0,3874,6780.0,1052,6790.0,2229,6800.0,4201,6810.0,1500,6820.0,1566,2025-05-09 15:58:46.305,,2147483647,673059,False,nan
5462,802319,1611641676,MERV - XMEV - GGAL - 24hs,6770.0,2025-05-09 15:58:45,2,2025-05-09 15:58:46.888,6770.0,262,6760.0,17423,6750.0,9481,6740.0,1289,6730.0,3874,6780.0,1052,6790.0,2229,6800.0,4201,6810.0,1500,6820.0,1566,2025-05-09 15:58:46.805,,2147483647,673061,False,nan
5463,802511,1611641927,MERV - XMEV - GGAL - 24hs,6770.0,2025-05-09 15:58:45,2,2025-05-09 15:58:49.287,6770.0,2685,6760.0,15000,6750.0,9494,6740.0,1289,6730.0,3874,6780.0,1052,6790.0,2229,6800.0,4201,6810.0,1500,6820.0,1566,2025-05-09 15:58:49.202,,2147483647,673061,False,nan
5464,802546,1611641970,MERV - XMEV - GGAL - 24hs,6780.0,2025-05-09 15:58:49,948,2025-05-09 15:58:49.791,6770.0,2685,6760.0,15000,6750.0,9494,6740.0,1289,6730.0,3874,6780.0,1052,6790.0,2229,6800.0,4201,6810.0,1500,6820.0,1566,2025-05-09 15:58:49.708,,2147483647,673061,True,offer
5465,802593,1611642043,MERV - XMEV - GGAL - 24hs,6780.0,2025-05-09 15:58:49,948,2025-05-09 15:58:50.429,6770.0,2685,6760.0,15000,6750.0,9494,6740.0,1289,6730.0,3874,6780.0,1000,6790.0,2229,6800.0,4201,6810.0,1500,6820.0,1566,2025-05-09 15:58:50.349,,2147483647,673061,False,nan
5466,802627,1611642086,MERV - XMEV - GGAL - 24hs,6780.0,2025-05-09 15:58:49,948,2025-05-09 15:58:50.929,6770.0,2685,6760.0,15000,6750.0,9494,6740.0,1289,6730.0,3874,6780.0,1000,6790.0,2229,6800.0,4201,6810.0,1500,6820.0,1566,2025-05-09 15:58:50.849,,2147483647,675061,False,nan
5467,802939,1611642523,MERV - XMEV - GGAL - 24hs,6780.0,2025-05-09 15:58:49,948,2025-05-09 15:58:55.092,6770.0,12685,6760.0,15000,6750.0,9494,6740.0,1289,6730.0,3874,6780.0,1000,6790.0,2229,6800.0,4201,6810.0,1500,6820.0,1566,2025-05-09 15:58:55.012,,2147483647,675061,False,nan
5468,802999,1611642598,MERV - XMEV - GGAL - 24hs,6770.0,2025-05-09 15:58:55,6,2025-05-09 15:58:55.591,6770.0,12685,6760.0,15000,6750.0,9494,6740.0,1289,6730.0,3874,6780.0,1000,6790.0,2229,6800.0,4201,6810.0,1500,6820.0,1566,2025-05-09 15:58:55.513,,2147483647,675061,True,bid
5469,803044,1611642664,MERV - XMEV - GGAL - 24hs,6770.0,2025-05-09 15:58:55,6,2025-05-09 15:58:56.094,6770.0,12673,6760.0,15000,6750.0,9494,6740.0,1289,6730.0,3874,6780.0,1000,6790.0,2229,6800.0,4201,6810.0,1500,6820.0,1566,2025-05-09 15:58:56.012,,2147483647,675067,False,nan
5470,803094,1611642728,MERV - XMEV - GGAL - 24hs,6770.0,2025-05-09 15:58:55,6,2025-05-09 15:58:56.717,6770.0,12685,6760.0,15000,6750.0,9494,6740.0,1289,6730.0,3874,6780.0,1000,6790.0,2229,6800.0,4201,6810.0,1500,6820.0,1566,2025-05-09 15:58:56.638,,2147483647,675067,False,nan
5471,803192,1611642883,MERV - XMEV - GGAL - 24hs,6770.0,2025-05-09 15:58:55,6,2025-05-09 15:58:58.159,6770.0,12677,6760.0,15000,6750.0,9494,6740.0,1289,6730.0,3874,6780.0,1000,6790.0,2229,6800.0,4201,6810.0,1500,6820.0,1566,2025-05-09 15:58:57.989,,2147483647,675067,False,nan
5472,803909,1611643836,MERV - XMEV - GGAL - 24hs,6780.0,2025-05-09 15:59:00,1000,2025-05-09 15:59:01.175,6770.0,12677,6760.0,15000,6750.0,9494,6740.0,1289,6730.0,3874,6780.0,1000,6790.0,2229,6800.0,4201,6810.0,1500,6820.0,1566,2025-05-09 15:59:00.663,,2147483647,675067,True,offer
5473,804016,1611643998,MERV - XMEV - GGAL - 24hs,6780.0,2025-05-09 15:59:00,800,2025-05-09 15:59:01.667,6770.0,12677,6760.0,15000,6750.0,123,6740.0,1289,6730.0,3874,6780.0,1000,6790.0,2229,6800.0,4201,6810.0,1500,6820.0,1566,2025-05-09 15:59:01.162,,2147483647,675067,False,nan
5474,804067,1611644063,MERV - XMEV - GGAL - 24hs,6780.0,2025-05-09 15:59:00,800,2025-05-09 15:59:01.864,6770.0,12677,6760.0,15000,6750.0,123,6740.0,1289,6730.0,3874,6780.0,1000,6790.0,2229,6800.0,4201,6810.0,1500,6820.0,1566,2025-05-09 15:59:01.662,,2147483647,676867,False,nan
5475,804127,1611644145,MERV - XMEV - GGAL - 24hs,6770.0,2025-05-09 15:59:02,13,2025-05-09 15:59:02.323,6770.0,12677,6760.0,15000,6750.0,123,6740.0,1289,6730.0,3874,6780.0,1000,6790.0,2229,6800.0,4201,6810.0,1500,6820.0,1566,2025-05-09 15:59:02.241,,2147483647,676867,True,bid
5476,804164,1611644200,MERV - XMEV - GGAL - 24hs,6770.0,2025-05-09 15:59:02,13,2025-05-09 15:59:02.820,6770.0,14464,6760.0,15000,6750.0,123,6740.0,1289,6730.0,3874,6780.0,1000,6790.0,2229,6800.0,4201,6810.0,1500,6820.0,1566,2025-05-09 15:59:02.741,,2147483647,676867,False,nan
5477,804205,1611644250,MERV - XMEV - GGAL - 24hs,6770.0,2025-05-09 15:59:02,13,2025-05-09 15:59:03.320,6770.0,14464,6760.0,15000,6750.0,123,6740.0,1289,6730.0,3874,6780.0,1000,6790.0,2229,6800.0,4201,6810.0,1500,6820.0,1566,2025-05-09 15:59:03.241,,2147483647,676880,False,nan
5478,804239,1611644296,MERV - XMEV - GGAL - 24hs,6770.0,2025-05-09 15:59:02,13,2025-05-09 15:59:03.820,6770.0,12664,6760.0,15100,6750.0,123,6740.0,1289,6730.0,3874,6780.0,1000,6790.0,2229,6800.0,4201,6810.0,1500,6820.0,1566,2025-05-09 15:59:03.741,,2147483647,676880,False,nan
5479,804834,1611645069,MERV - XMEV - GGAL - 24hs,6770.0,2025-05-09 15:59:02,13,2025-05-09 15:59:09.538,6770.0,12664,6760.0,15100,6750.0,130,6740.0,1289,6730.0,3874,6780.0,1000,6790.0,2229,6800.0,4201,6810.0,1500,6820.0,1566,2025-05-09 15:59:09.294,,2147483647,676880,False,nan
5480,805187,1611645541,MERV - XMEV - GGAL - 24hs,6780.0,2025-05-09 15:59:13,1000,2025-05-09 15:59:13.977,6770.0,12664,6760.0,15100,6750.0,130,6740.0,1289,6730.0,3874,6780.0,1000,6790.0,2229,6800.0,4201,6810.0,1500,6820.0,1566,2025-05-09 15:59:13.894,,2147483647,676880,True,offer
5481,805225,1611645592,MERV - XMEV - GGAL - 24hs,6780.0,2025-05-09 15:59:13,1000,2025-05-09 15:59:14.472,6770.0,12664,6760.0,15100,6750.0,130,6740.0,1289,6730.0,3874,6780.0,1000,6790.0,2229,6800.0,4201,6810.0,1500,6820.0,1566,2025-05-09 15:59:14.393,,2147483647,677880,False,nan
5482,805272,1611645648,MERV - XMEV - GGAL - 24hs,6780.0,2025-05-09 15:59:14,95,2025-05-09 15:59:14.975,6770.0,12664,6760.0,15100,6750.0,130,6740.0,1289,6730.0,3874,6780.0,1000,6790.0,2229,6800.0,4201,6810.0,1500,6820.0,1566,2025-05-09 15:59:14.893,,2147483647,678880,True,offer
5483,805319,1611645709,MERV - XMEV - GGAL - 24hs,6780.0,2025-05-09 15:59:15,95,2025-05-09 15:59:15.476,6770.0,12664,6760.0,15100,6750.0,130,6740.0,1289,6730.0,3874,6780.0,905,6790.0,2229,6800.0,4201,6810.0,1500,6820.0,1566,2025-05-09 15:59:15.393,,2147483647,678975,True,offer
5484,805381,1611645789,MERV - XMEV - GGAL - 24hs,6780.0,2025-05-09 15:59:15,95,2025-05-09 15:59:16.051,6770.0,12664,6760.0,15100,6750.0,130,6740.0,1289,6730.0,3874,6780.0,1000,6790.0,2229,6800.0,4201,6810.0,1500,6820.0,1566,2025-05-09 15:59:15.969,,2147483647,678975,False,nan
5485,805436,1611645874,MERV - XMEV - GGAL - 24hs,6780.0,2025-05-09 15:59:16,500,2025-05-09 15:59:16.555,6770.0,12664,6760.0,15100,6750.0,130,6740.0,1289,6730.0,3874,6780.0,1000,6790.0,2229,6800.0,4201,6810.0,1500,6820.0,1566,2025-05-09 15:59:16.469,,2147483647,680165,True,offer
5486,805499,1611645968,MERV - XMEV - GGAL - 24hs,6780.0,2025-05-09 15:59:16,500,2025-05-09 15:59:17.380,6770.0,12664,6760.0,15100,6750.0,130,6740.0,1289,6730.0,3874,6780.0,310,6790.0,2229,6800.0,4201,6810.0,1500,6820.0,1566,2025-05-09 15:59:17.076,,2147483647,680665,False,nan
5487,805641,1611646156,MERV - XMEV - GGAL - 24hs,6780.0,2025-05-09 15:59:17,3,2025-05-09 15:59:18.122,6770.0,12664,6760.0,15100,6750.0,130,6740.0,1289,6730.0,3874,6780.0,310,6790.0,2229,6800.0,4201,6810.0,1500,6820.0,1566,2025-05-09 15:59:17.931,,2147483647,680665,True,offer
5488,805722,1611646264,MERV - XMEV - GGAL - 24hs,6780.0,2025-05-09 15:59:17,3,2025-05-09 15:59:18.707,6770.0,12664,6760.0,15100,6750.0,130,6740.0,1289,6730.0,3874,6780.0,310,6790.0,2229,6800.0,4201,6810.0,1500,6820.0,1566,2025-05-09 15:59:18.609,,2147483647,680668,False,nan
5489,805868,1611646477,MERV - XMEV - GGAL - 24hs,6780.0,2025-05-09 15:59:17,3,2025-05-09 15:59:19.388,6770.0,12664,6760.0,15100,6750.0,130,6740.0,1289,6730.0,3874,6780.0,307,6790.0,2229,6800.0,4201,6810.0,1500,6820.0,1566,2025-05-09 15:59:19.110,,2147483647,680668,False,nan
5490,806204,1611646933,MERV - XMEV - GGAL - 24hs,6780.0,2025-05-09 15:59:17,3,2025-05-09 15:59:22.436,6770.0,13164,6760.0,15100,6750.0,130,6740.0,1289,6730.0,3874,6780.0,307,6790.0,2229,6800.0,4201,6810.0,1500,6820.0,1566,2025-05-09 15:59:22.357,,2147483647,680668,False,nan
5491,806256,1611647012,MERV - XMEV - GGAL - 24hs,6780.0,2025-05-09 15:59:17,3,2025-05-09 15:59:23.232,6770.0,13164,6760.0,15100,6750.0,130,6740.0,1289,6730.0,3874,6780.0,307,6790.0,3229,6800.0,4201,6810.0,1500,6820.0,1566,2025-05-09 15:59:23.144,,2147483647,680668,False,nan
5492,806714,1611647640,MERV - XMEV - GGAL - 24hs,6780.0,2025-05-09 15:59:27,200,2025-05-09 15:59:27.332,6770.0,13164,6760.0,15100,6750.0,130,6740.0,1289,6730.0,3874,6780.0,307,6790.0,3229,6800.0,4201,6810.0,1500,6820.0,1566,2025-05-09 15:59:27.182,,2147483647,680668,True,offer
5493,806872,1611647825,MERV - XMEV - GGAL - 24hs,6780.0,2025-05-09 15:59:27,200,2025-05-09 15:59:28.068,6770.0,13164,6760.0,15100,6750.0,130,6740.0,1289,6730.0,3874,6780.0,307,6790.0,3229,6800.0,4201,6810.0,1500,6820.0,1566,2025-05-09 15:59:27.887,,2147483647,680868,False,nan
5494,806966,1611647952,MERV - XMEV - GGAL - 24hs,6780.0,2025-05-09 15:59:28,100,2025-05-09 15:59:28.466,6770.0,13164,6760.0,15100,6750.0,130,6740.0,1289,6730.0,3874,6780.0,107,6790.0,3229,6800.0,4201,6810.0,1500,6820.0,1566,2025-05-09 15:59:28.387,,2147483647,680868,True,offer
5495,807027,1611648046,MERV - XMEV - GGAL - 24hs,6780.0,2025-05-09 15:59:28,100,2025-05-09 15:59:29.043,6770.0,13164,6760.0,15100,6750.0,130,6740.0,1289,6730.0,3874,6780.0,7,6790.0,3229,6800.0,4201,6810.0,1500,6820.0,1566,2025-05-09 15:59:28.964,,2147483647,680868,False,nan
5496,807076,1611648157,MERV - XMEV - GGAL - 24hs,6780.0,2025-05-09 15:59:28,100,2025-05-09 15:59:29.553,6770.0,13164,6760.0,15100,6750.0,130,6740.0,1289,6730.0,3874,6780.0,7,6790.0,3229,6800.0,4201,6810.0,1500,6820.0,1566,2025-05-09 15:59:29.470,,2147483647,680968,False,nan
5497,807139,1611648243,MERV - XMEV - GGAL - 24hs,6780.0,2025-05-09 15:59:29,93,2025-05-09 15:59:30.045,6770.0,13164,6760.0,15100,6750.0,130,6740.0,1289,6730.0,3874,6780.0,7,6790.0,3229,6800.0,4201,6810.0,1500,6820.0,1566,2025-05-09 15:59:29.963,,2147483647,680968,True,offer
5498,807224,1611648376,MERV - XMEV - GGAL - 24hs,6780.0,2025-05-09 15:59:29,93,2025-05-09 15:59:30.672,6770.0,13164,6760.0,15100,6750.0,130,6740.0,1289,6730.0,3874,6780.0,1000,6790.0,3229,6800.0,4201,6810.0,1500,6820.0,1566,2025-05-09 15:59:30.464,,2147483647,681068,False,nan
5499,807335,1611648522,MERV - XMEV - GGAL - 24hs,6780.0,2025-05-09 15:59:29,93,2025-05-09 15:59:31.528,6770.0,13264,6760.0,15100,6750.0,130,6740.0,1289,6730.0,3874,6780.0,1000,6790.0,3229,6800.0,4201,6810.0,1500,6820.0,1566,2025-05-09 15:59:31.449,,2147483647,681068,False,nan
5500,807501,1611648765,MERV - XMEV - GGAL - 24hs,6780.0,2025-05-09 15:59:29,93,2025-05-09 15:59:32.686,6770.0,13164,6760.0,15100,6750.0,130,6740.0,1289,6730.0,3874,6780.0,1000,6790.0,3229,6800.0,4201,6810.0,1500,6820.0,1566,2025-05-09 15:59:32.607,,2147483647,681068,False,nan
5501,807587,1611648875,MERV - XMEV - GGAL - 24hs,6780.0,2025-05-09 15:59:33,90,2025-05-09 15:59:33.335,6770.0,13164,6760.0,15100,6750.0,130,6740.0,1289,6730.0,3874,6780.0,1000,6790.0,3229,6800.0,4201,6810.0,1500,6820.0,1566,2025-05-09 15:59:33.256,,2147483647,681068,True,offer
5502,807629,1611648930,MERV - XMEV - GGAL - 24hs,6780.0,2025-05-09 15:59:33,90,2025-05-09 15:59:34.001,6770.0,13164,6760.0,15100,6750.0,130,6740.0,1289,6730.0,3874,6780.0,910,6790.0,3229,6800.0,4201,6810.0,1500,6820.0,1566,2025-05-09 15:59:33.922,,2147483647,681068,False,nan
5503,807745,1611649063,MERV - XMEV - GGAL - 24hs,6780.0,2025-05-09 15:59:33,90,2025-05-09 15:59:34.503,6770.0,13164,6760.0,15100,6750.0,130,6740.0,1289,6730.0,3874,6780.0,910,6790.0,3229,6800.0,4201,6810.0,1500,6820.0,1566,2025-05-09 15:59:34.424,,2147483647,681158,False,nan
5504,807845,1611649197,MERV - XMEV - GGAL - 24hs,6780.0,2025-05-09 15:59:33,90,2025-05-09 15:59:35.967,6770.0,13264,6760.0,15100,6750.0,130,6740.0,1289,6730.0,3874,6780.0,4610,6790.0,3229,6800.0,4201,6810.0,1500,6820.0,1566,2025-05-09 15:59:35.688,,2147483647,681158,False,nan
5505,808646,1611650420,MERV - XMEV - GGAL - 24hs,6780.0,2025-05-09 15:59:33,90,2025-05-09 15:59:41.524,6770.0,13264,6760.0,15100,6750.0,130,6740.0,1289,6730.0,359,6780.0,4610,6790.0,3229,6800.0,4201,6810.0,1500,6820.0,1566,2025-05-09 15:59:41.247,,2147483647,681158,False,nan
5506,808776,1611650673,MERV - XMEV - GGAL - 24hs,6780.0,2025-05-09 15:59:33,90,2025-05-09 15:59:42.460,6770.0,13270,6760.0,15100,6750.0,1130,6740.0,289,6730.0,359,6780.0,4610,6790.0,3229,6800.0,4201,6810.0,1500,6820.0,1566,2025-05-09 15:59:42.363,,2147483647,681158,False,nan
5507,808880,1611650823,MERV - XMEV - GGAL - 24hs,6780.0,2025-05-09 15:59:33,90,2025-05-09 15:59:43.224,6770.0,13268,6760.0,15100,6750.0,1130,6740.0,289,6730.0,359,6780.0,4610,6790.0,3229,6800.0,4201,6810.0,1500,6820.0,1566,2025-05-09 15:59:43.142,,2147483647,681158,False,nan
5508,809220,1611651302,MERV - XMEV - GGAL - 24hs,6780.0,2025-05-09 15:59:45,900,2025-05-09 15:59:45.729,6770.0,13268,6760.0,15100,6750.0,1130,6740.0,289,6730.0,359,6780.0,4610,6790.0,3229,6800.0,4201,6810.0,1500,6820.0,1566,2025-05-09 15:59:45.650,,2147483647,681158,True,offer
5509,809331,1611651439,MERV - XMEV - GGAL - 24hs,6780.0,2025-05-09 15:59:45,90,2025-05-09 15:59:46.319,6770.0,13268,6760.0,15100,6750.0,1130,6740.0,289,6730.0,359,6780.0,4610,6790.0,3229,6800.0,4201,6810.0,1500,6820.0,1566,2025-05-09 15:59:46.149,,2147483647,682058,False,nan
5510,809381,1611651505,MERV - XMEV - GGAL - 24hs,6780.0,2025-05-09 15:59:45,90,2025-05-09 15:59:46.737,6770.0,13268,6760.0,15100,6750.0,1130,6740.0,289,6730.0,359,6780.0,4610,6790.0,3229,6800.0,4201,6810.0,1500,6820.0,1566,2025-05-09 15:59:46.650,,2147483647,682158,False,nan
5511,809471,1611651631,MERV - XMEV - GGAL - 24hs,6780.0,2025-05-09 15:59:45,90,2025-05-09 15:59:47.708,6770.0,13358,6760.0,15100,6750.0,1130,6740.0,289,6730.0,359,6780.0,4610,6790.0,3229,6800.0,4201,6810.0,1500,6820.0,1566,2025-05-09 15:59:47.628,,2147483647,682158,False,nan
5512,809578,1611651758,MERV - XMEV - GGAL - 24hs,6780.0,2025-05-09 15:59:45,90,2025-05-09 15:59:48.889,6770.0,10845,6760.0,15100,6750.0,1130,6740.0,289,6730.0,359,6780.0,4610,6790.0,3229,6800.0,4201,6810.0,1500,6820.0,1566,2025-05-09 15:59:48.810,,2147483647,682158,False,nan
5513,809634,1611651834,MERV - XMEV - GGAL - 24hs,6780.0,2025-05-09 15:59:45,90,2025-05-09 15:59:49.564,6770.0,13268,6760.0,15100,6750.0,1130,6740.0,289,6730.0,359,6780.0,4610,6790.0,3229,6800.0,4201,6810.0,1500,6820.0,1566,2025-05-09 15:59:49.485,,2147483647,682158,False,nan
5514,810111,1611652446,MERV - XMEV - GGAL - 24hs,6770.0,2025-05-09 15:59:52,237,2025-05-09 15:59:52.669,6770.0,13268,6760.0,15100,6750.0,1130,6740.0,289,6730.0,359,6780.0,4610,6790.0,3229,6800.0,4201,6810.0,1500,6820.0,1566,2025-05-09 15:59:52.545,,2147483647,682158,True,bid
5515,810202,1611652580,MERV - XMEV - GGAL - 24hs,6770.0,2025-05-09 15:59:52,183,2025-05-09 15:59:53.088,6770.0,13268,6760.0,15100,6750.0,1130,6740.0,289,6730.0,359,6780.0,4610,6790.0,3229,6800.0,4201,6810.0,1500,6820.0,1566,2025-05-09 15:59:52.648,,2147483647,682158,False,nan
5516,810253,1611652637,MERV - XMEV - GGAL - 24hs,6770.0,2025-05-09 15:59:52,183,2025-05-09 15:59:53.268,6770.0,13098,6760.0,15100,6750.0,1130,6740.0,289,6730.0,359,6780.0,4610,6790.0,3229,6800.0,4201,6810.0,1500,6820.0,1566,2025-05-09 15:59:53.071,,2147483647,682578,False,nan
5517,810956,1611653551,MERV - XMEV - GGAL - 24hs,6780.0,2025-05-09 16:00:00,500,2025-05-09 16:00:00.519,6770.0,13098,6760.0,15100,6750.0,1130,6740.0,289,6730.0,359,6780.0,4610,6790.0,3229,6800.0,4201,6810.0,1500,6820.0,1566,2025-05-09 16:00:00.435,,2147483647,682578,True,offer
5518,811038,1611653653,MERV - XMEV - GGAL - 24hs,6780.0,2025-05-09 16:00:00,500,2025-05-09 16:00:01.399,6770.0,13098,6760.0,15100,6750.0,1130,6740.0,289,6730.0,359,6780.0,4110,6790.0,3229,6800.0,4201,6810.0,1500,6820.0,1566,2025-05-09 16:00:01.103,,2147483647,682578,False,nan
5519,811084,1611653717,MERV - XMEV - GGAL - 24hs,6780.0,2025-05-09 16:00:00,500,2025-05-09 16:00:01.682,6770.0,13098,6760.0,15100,6750.0,1130,6740.0,289,6730.0,359,6780.0,4110,6790.0,3229,6800.0,4201,6810.0,1500,6820.0,1566,2025-05-09 16:00:01.603,,2147483647,683078,False,nan
5520,811403,1611654120,MERV - XMEV - GGAL - 24hs,6770.0,2025-05-09 16:00:04,691,2025-05-09 16:00:04.386,6770.0,13098,6760.0,15100,6750.0,1130,6740.0,289,6730.0,359,6780.0,4110,6790.0,3229,6800.0,4201,6810.0,1500,6820.0,1566,2025-05-09 16:00:04.268,,2147483647,683078,True,bid
5521,811450,1611654187,MERV - XMEV - GGAL - 24hs,6770.0,2025-05-09 16:00:04,691,2025-05-09 16:00:04.991,6770.0,12407,6760.0,15100,6750.0,1130,6740.0,289,6730.0,359,6780.0,4110,6790.0,3229,6800.0,4201,6810.0,1500,6820.0,1566,2025-05-09 16:00:04.912,,2147483647,683078,False,nan
5522,811485,1611654238,MERV - XMEV - GGAL - 24hs,6770.0,2025-05-09 16:00:04,691,2025-05-09 16:00:05.491,6770.0,12407,6760.0,15100,6750.0,1130,6740.0,289,6730.0,359,6780.0,4110,6790.0,3229,6800.0,4201,6810.0,1500,6820.0,1566,2025-05-09 16:00:05.413,,2147483647,683769,False,nan
5523,812383,1611655677,MERV - XMEV - GGAL - 24hs,6770.0,2025-05-09 16:00:04,691,2025-05-09 16:00:11.637,6770.0,27407,6760.0,100,6750.0,1130,6740.0,289,6730.0,359,6780.0,4110,6790.0,3229,6800.0,4201,6810.0,1500,6820.0,1566,2025-05-09 16:00:11.557,,2147483647,683769,False,nan
5524,812495,1611655840,MERV - XMEV - GGAL - 24hs,6770.0,2025-05-09 16:00:04,691,2025-05-09 16:00:12.463,6770.0,32265,6760.0,100,6750.0,1130,6740.0,289,6730.0,359,6780.0,4110,6790.0,3229,6800.0,4201,6810.0,1500,6820.0,1566,2025-05-09 16:00:12.355,,2147483647,683769,False,nan
5525,812595,1611655994,MERV - XMEV - GGAL - 24hs,6780.0,2025-05-09 16:00:12,2,2025-05-09 16:00:13.031,6770.0,32265,6760.0,100,6750.0,1130,6740.0,289,6730.0,359,6780.0,4110,6790.0,3229,6800.0,4201,6810.0,1500,6820.0,1566,2025-05-09 16:00:12.856,,2147483647,683769,True,offer
5526,812665,1611656098,MERV - XMEV - GGAL - 24hs,6780.0,2025-05-09 16:00:13,1,2025-05-09 16:00:13.438,6770.0,27405,6760.0,100,6750.0,1130,6740.0,289,6730.0,359,6780.0,4107,6790.0,3229,6800.0,4201,6810.0,1500,6820.0,1566,2025-05-09 16:00:13.355,,2147483647,683772,True,offer
5527,812717,1611656176,MERV - XMEV - GGAL - 24hs,6780.0,2025-05-09 16:00:13,1,2025-05-09 16:00:13.934,6770.0,27408,6760.0,100,6750.0,1130,6740.0,289,6730.0,359,6780.0,4107,6790.0,3229,6800.0,4201,6810.0,1500,6820.0,1566,2025-05-09 16:00:13.856,,2147483647,683772,False,nan
5528,812847,1611656363,MERV - XMEV - GGAL - 24hs,6780.0,2025-05-09 16:00:13,1,2025-05-09 16:00:14.558,6770.0,27408,6760.0,100,6750.0,1130,6740.0,289,6730.0,359,6780.0,4107,6790.0,3229,6800.0,4201,6810.0,1500,6820.0,1566,2025-05-09 16:00:14.356,,2147483647,683772,False,nan
5529,812908,1611656453,MERV - XMEV - GGAL - 24hs,6780.0,2025-05-09 16:00:13,1,2025-05-09 16:00:14.936,6770.0,27408,6760.0,100,6750.0,1130,6740.0,289,6730.0,359,6780.0,4106,6790.0,3229,6800.0,4201,6810.0,1500,6820.0,1566,2025-05-09 16:00:14.855,,2147483647,683773,False,nan
5530,812977,1611656547,MERV - XMEV - GGAL - 24hs,6780.0,2025-05-09 16:00:13,1,2025-05-09 16:00:15.487,6770.0,28794,6760.0,100,6750.0,1130,6740.0,289,6730.0,359,6780.0,4106,6790.0,3229,6800.0,4201,6810.0,1500,6820.0,1566,2025-05-09 16:00:15.357,,2147483647,683773,False,nan
5531,813115,1611656742,MERV - XMEV - GGAL - 24hs,6780.0,2025-05-09 16:00:15,1733,2025-05-09 16:00:16.083,6770.0,28794,6760.0,100,6750.0,1130,6740.0,289,6730.0,359,6780.0,4106,6790.0,3229,6800.0,4201,6810.0,1500,6820.0,1566,2025-05-09 16:00:15.857,,2147483647,683773,True,offer
5532,813300,1611657025,MERV - XMEV - GGAL - 24hs,6780.0,2025-05-09 16:00:16,360,2025-05-09 16:00:17.087,6770.0,27408,6760.0,100,6750.0,1130,6740.0,289,6730.0,359,6780.0,2373,6790.0,3229,6800.0,4201,6810.0,1500,6820.0,1566,2025-05-09 16:00:16.791,,2147483647,685506,True,offer
5533,813421,1611657215,MERV - XMEV - GGAL - 24hs,6780.0,2025-05-09 16:00:16,360,2025-05-09 16:00:17.682,6770.0,27408,6760.0,1100,6750.0,130,6740.0,289,6730.0,4359,6780.0,640,6790.0,3229,6800.0,4201,6810.0,1500,6820.0,1566,2025-05-09 16:00:16.900,,2147483647,685506,False,nan
5534,813490,1611657303,MERV - XMEV - GGAL - 24hs,6780.0,2025-05-09 16:00:16,1093,2025-05-09 16:00:17.963,6770.0,27408,6760.0,1100,6750.0,130,6740.0,289,6730.0,4359,6780.0,640,6790.0,3229,6800.0,4201,6810.0,1500,6820.0,1566,2025-05-09 16:00:17.357,,2147483647,687239,False,nan
5535,813572,1611657513,MERV - XMEV - GGAL - 24hs,6780.0,2025-05-09 16:00:16,1093,2025-05-09 16:00:18.607,6770.0,12408,6760.0,15100,6750.0,1130,6740.0,289,6730.0,359,6780.0,1000,6790.0,3229,6800.0,4201,6810.0,1500,6820.0,1566,2025-05-09 16:00:17.857,,2147483647,688972,False,nan
5536,813683,1611657650,MERV - XMEV - GGAL - 24hs,6780.0,2025-05-09 16:00:18,687,2025-05-09 16:00:19.023,6770.0,12408,6760.0,15100,6750.0,1130,6740.0,289,6730.0,359,6780.0,1000,6790.0,3229,6800.0,4201,6810.0,1500,6820.0,1566,2025-05-09 16:00:18.358,,2147483647,688972,True,offer
5537,813747,1611657810,MERV - XMEV - GGAL - 24hs,6780.0,2025-05-09 16:00:18,687,2025-05-09 16:00:19.531,6770.0,12408,6760.0,15100,6750.0,1130,6740.0,289,6730.0,359,6780.0,313,6790.0,3229,6800.0,4201,6810.0,1500,6820.0,1566,2025-05-09 16:00:18.857,,2147483647,689659,False,nan
5538,813869,1611658001,MERV - XMEV - GGAL - 24hs,6780.0,2025-05-09 16:00:18,687,2025-05-09 16:00:20.139,6770.0,12158,6760.0,15100,6750.0,1130,6740.0,539,6730.0,359,6780.0,313,6790.0,3229,6800.0,4201,6810.0,1500,6820.0,1566,2025-05-09 16:00:19.803,,2147483647,689659,False,nan
5539,813908,1611658062,MERV - XMEV - GGAL - 24hs,6780.0,2025-05-09 16:00:20,200,2025-05-09 16:00:20.392,6770.0,12158,6760.0,15100,6750.0,1130,6740.0,539,6730.0,359,6780.0,313,6790.0,3229,6800.0,4201,6810.0,1500,6820.0,1566,2025-05-09 16:00:20.303,,2147483647,689659,True,offer
5540,813937,1611658106,MERV - XMEV - GGAL - 24hs,6780.0,2025-05-09 16:00:20,100,2025-05-09 16:00:20.885,6770.0,12158,6760.0,15100,6750.0,1130,6740.0,539,6730.0,359,6780.0,13,6790.0,3229,6800.0,4201,6810.0,1500,6820.0,1566,2025-05-09 16:00:20.804,,2147483647,689959,False,nan
5541,813979,1611658161,MERV - XMEV - GGAL - 24hs,6780.0,2025-05-09 16:00:20,85,2025-05-09 16:00:21.386,6770.0,12158,6760.0,15100,6750.0,1130,6740.0,539,6730.0,359,6780.0,13,6790.0,3229,6800.0,4201,6810.0,1500,6820.0,1566,2025-05-09 16:00:21.306,,2147483647,689959,False,nan
5542,814029,1611658227,MERV - XMEV - GGAL - 24hs,6780.0,2025-05-09 16:00:20,85,2025-05-09 16:00:21.890,6770.0,12158,6760.0,15100,6750.0,1130,6740.0,539,6730.0,359,6780.0,886,6790.0,3229,6800.0,4201,6810.0,1500,6820.0,1566,2025-05-09 16:00:21.807,,2147483647,690057,False,nan
5543,814208,1611658449,MERV - XMEV - GGAL - 24hs,6780.0,2025-05-09 16:00:20,85,2025-05-09 16:00:23.410,6770.0,12158,6760.0,100,6750.0,15230,6740.0,1539,6730.0,359,6780.0,886,6790.0,3229,6800.0,4201,6810.0,1500,6820.0,1566,2025-05-09 16:00:23.331,,2147483647,690057,False,nan
5544,814297,1611658563,MERV - XMEV - GGAL - 24hs,6780.0,2025-05-09 16:00:20,85,2025-05-09 16:00:24.155,6770.0,13545,6760.0,100,6750.0,15230,6740.0,1620,6730.0,278,6780.0,886,6790.0,3229,6800.0,4201,6810.0,1500,6820.0,1566,2025-05-09 16:00:24.076,,2147483647,690057,False,nan
5545,814368,1611658646,MERV - XMEV - GGAL - 24hs,6780.0,2025-05-09 16:00:24,697,2025-05-09 16:00:24.660,6770.0,13545,6760.0,100,6750.0,15230,6740.0,1620,6730.0,278,6780.0,886,6790.0,3229,6800.0,4201,6810.0,1500,6820.0,1566,2025-05-09 16:00:24.576,,2147483647,690057,True,offer
5546,814441,1611658730,MERV - XMEV - GGAL - 24hs,6780.0,2025-05-09 16:00:24,189,2025-05-09 16:00:25.168,6770.0,12158,6760.0,15100,6750.0,1230,6740.0,620,6730.0,278,6780.0,189,6790.0,3229,6800.0,4201,6810.0,1500,6820.0,1566,2025-05-09 16:00:25.076,,2147483647,690754,False,nan
5547,814512,1611658820,MERV - XMEV - GGAL - 24hs,6770.0,2025-05-09 16:00:25,6,2025-05-09 16:00:25.658,6770.0,12190,6760.0,15100,6750.0,1230,6740.0,620,6730.0,275,6790.0,3267,6800.0,4201,6810.0,1500,6820.0,1563,6830.0,2662,2025-05-09 16:00:25.577,,2147483647,690949,True,bid
5548,814624,1611658975,MERV - XMEV - GGAL - 24hs,6770.0,2025-05-09 16:00:25,6,2025-05-09 16:00:26.308,6780.0,1139,6770.0,12152,6760.0,15100,6750.0,1230,6740.0,623,6790.0,3229,6800.0,4201,6810.0,1500,6820.0,1563,6830.0,2665,2025-05-09 16:00:26.222,,2147483647,690949,False,nan
5549,814788,1611659206,MERV - XMEV - GGAL - 24hs,6770.0,2025-05-09 16:00:25,6,2025-05-09 16:00:27.126,6780.0,3568,6770.0,12152,6760.0,15100,6750.0,1230,6740.0,623,6790.0,3229,6800.0,4201,6810.0,1500,6820.0,1563,6830.0,2665,2025-05-09 16:00:26.982,,2147483647,690949,False,nan
5550,814910,1611659381,MERV - XMEV - GGAL - 24hs,6770.0,2025-05-09 16:00:25,6,2025-05-09 16:00:27.929,6780.0,8771,6770.0,27152,6760.0,100,6750.0,1230,6740.0,623,6790.0,3229,6800.0,4201,6810.0,1505,6820.0,1563,6830.0,2665,2025-05-09 16:00:27.841,,2147483647,690949,False,nan
5551,815030,1611659545,MERV - XMEV - GGAL - 24hs,6790.0,2025-05-09 16:00:28,189,2025-05-09 16:00:28.900,6780.0,8771,6770.0,27152,6760.0,100,6750.0,1230,6740.0,623,6790.0,3229,6800.0,4201,6810.0,1505,6820.0,1563,6830.0,2665,2025-05-09 16:00:28.821,,2147483647,690949,True,offer
5552,815090,1611659638,MERV - XMEV - GGAL - 24hs,6790.0,2025-05-09 16:00:28,189,2025-05-09 16:00:29.399,6780.0,2523,6770.0,24729,6760.0,100,6750.0,1230,6740.0,723,6790.0,1229,6800.0,4201,6810.0,1505,6820.0,1563,6830.0,2665,2025-05-09 16:00:29.320,,2147483647,690949,False,nan
5553,815223,1611659784,MERV - XMEV - GGAL - 24hs,6790.0,2025-05-09 16:00:29,189,2025-05-09 16:00:29.995,6780.0,2523,6770.0,24729,6760.0,100,6750.0,1230,6740.0,723,6790.0,1229,6800.0,4201,6810.0,1505,6820.0,1563,6830.0,2665,2025-05-09 16:00:29.821,,2147483647,691138,True,offer
5554,815387,1611660014,MERV - XMEV - GGAL - 24hs,6790.0,2025-05-09 16:00:30,504,2025-05-09 16:00:30.715,6780.0,2523,6770.0,9729,6760.0,15100,6750.0,1230,6740.0,723,6790.0,536,6800.0,4201,6810.0,1505,6820.0,1563,6830.0,2665,2025-05-09 16:00:30.320,,2147483647,691831,True,offer
5555,815474,1611660135,MERV - XMEV - GGAL - 24hs,6780.0,2025-05-09 16:00:30,13,2025-05-09 16:00:31.086,6780.0,2523,6770.0,9729,6760.0,15100,6750.0,1230,6740.0,723,6790.0,536,6800.0,4201,6810.0,1505,6820.0,1563,6830.0,2665,2025-05-09 16:00:30.822,,2147483647,695645,False,nan
5556,815585,1611660285,MERV - XMEV - GGAL - 24hs,6800.0,2025-05-09 16:00:31,38,2025-05-09 16:00:31.563,6780.0,2548,6770.0,9729,6760.0,15100,6750.0,1230,6740.0,720,6800.0,961,6810.0,1505,6820.0,1563,6830.0,2662,6840.0,6205,2025-05-09 16:00:31.328,,2147483647,696619,True,offer
5557,815660,1611660391,MERV - XMEV - GGAL - 24hs,6800.0,2025-05-09 16:00:31,38,2025-05-09 16:00:31.910,6780.0,2586,6770.0,9729,6760.0,15100,6750.0,1230,6740.0,720,6810.0,1505,6820.0,1563,6830.0,2662,6840.0,6205,6850.0,1857,2025-05-09 16:00:31.828,,2147483647,696619,False,nan
5558,815735,1611660507,MERV - XMEV - GGAL - 24hs,6780.0,2025-05-09 16:00:31,271,2025-05-09 16:00:32.431,6780.0,2586,6770.0,9729,6760.0,15100,6750.0,1230,6740.0,720,6810.0,1505,6820.0,1563,6830.0,2662,6840.0,6205,6850.0,1857,2025-05-09 16:00:32.328,,2147483647,696942,False,nan
5559,815798,1611660613,MERV - XMEV - GGAL - 24hs,6780.0,2025-05-09 16:00:31,271,2025-05-09 16:00:32.910,6780.0,10663,6770.0,9729,6760.0,15100,6750.0,1230,6740.0,720,6810.0,1505,6820.0,1563,6830.0,2662,6840.0,6205,6850.0,1857,2025-05-09 16:00:32.828,,2147483647,697213,False,nan
5560,815906,1611660774,MERV - XMEV - GGAL - 24hs,6780.0,2025-05-09 16:00:31,271,2025-05-09 16:00:33.627,6780.0,2645,6770.0,9729,6760.0,15100,6750.0,1237,6740.0,720,6810.0,1505,6820.0,1563,6830.0,2662,6840.0,6205,6850.0,1857,2025-05-09 16:00:33.354,,2147483647,697213,False,nan
5561,816037,1611661071,MERV - XMEV - GGAL - 24hs,6780.0,2025-05-09 16:00:31,271,2025-05-09 16:00:34.768,6780.0,2721,6770.0,9729,6760.0,15100,6750.0,1230,6740.0,720,6810.0,1505,6820.0,1563,6830.0,2662,6840.0,6205,6850.0,1857,2025-05-09 16:00:34.689,,2147483647,697213,False,nan
5562,816184,1611661456,MERV - XMEV - GGAL - 24hs,6780.0,2025-05-09 16:00:35,199,2025-05-09 16:00:36.502,6780.0,2721,6770.0,9729,6760.0,15100,6750.0,1230,6740.0,720,6810.0,1505,6820.0,1563,6830.0,2662,6840.0,6205,6850.0,1857,2025-05-09 16:00:35.854,,2147483647,697213,True,bid
5563,816244,1611661620,MERV - XMEV - GGAL - 24hs,6780.0,2025-05-09 16:00:35,199,2025-05-09 16:00:36.996,6780.0,2522,6770.0,9729,6760.0,15100,6750.0,1230,6740.0,720,6810.0,1505,6820.0,1563,6830.0,2662,6840.0,6205,6850.0,1857,2025-05-09 16:00:36.522,,2147483647,697213,False,nan
5564,816305,1611661724,MERV - XMEV - GGAL - 24hs,6780.0,2025-05-09 16:00:35,199,2025-05-09 16:00:37.316,6780.0,2522,6770.0,9729,6760.0,15100,6750.0,1230,6740.0,720,6810.0,1505,6820.0,1563,6830.0,2662,6840.0,6205,6850.0,1857,2025-05-09 16:00:37.022,,2147483647,697412,False,nan
5565,816370,1611661882,MERV - XMEV - GGAL - 24hs,6810.0,2025-05-09 16:00:37,292,2025-05-09 16:00:37.839,6780.0,2522,6770.0,9729,6760.0,15100,6750.0,1230,6740.0,720,6810.0,1505,6820.0,1563,6830.0,2662,6840.0,6205,6850.0,1857,2025-05-09 16:00:37.525,,2147483647,697418,True,offer
5566,816416,1611661951,MERV - XMEV - GGAL - 24hs,6810.0,2025-05-09 16:00:37,292,2025-05-09 16:00:38.104,6780.0,2522,6770.0,9729,6760.0,15100,6750.0,1230,6740.0,720,6810.0,1207,6820.0,1563,6830.0,2662,6840.0,6205,6850.0,1857,2025-05-09 16:00:38.023,,2147483647,697710,False,nan
5567,816758,1611662503,MERV - XMEV - GGAL - 24hs,6810.0,2025-05-09 16:00:37,292,2025-05-09 16:00:41.643,6790.0,500,6780.0,2522,6770.0,9729,6760.0,15100,6750.0,1230,6810.0,1207,6820.0,1563,6830.0,2662,6840.0,6205,6850.0,1857,2025-05-09 16:00:41.519,,2147483647,697710,False,nan
5568,816784,1611662545,MERV - XMEV - GGAL - 24hs,6790.0,2025-05-09 16:00:41,113,2025-05-09 16:00:42.099,6790.0,500,6780.0,2522,6770.0,9729,6760.0,15100,6750.0,1230,6810.0,1207,6820.0,1563,6830.0,2662,6840.0,6205,6850.0,1857,2025-05-09 16:00:42.019,,2147483647,698097,True,bid
5569,816842,1611662703,MERV - XMEV - GGAL - 24hs,6790.0,2025-05-09 16:00:41,113,2025-05-09 16:00:42.699,6780.0,2446,6770.0,9729,6760.0,15100,6750.0,1230,6740.0,727,6790.0,192,6810.0,1207,6820.0,1563,6830.0,2662,6840.0,6205,2025-05-09 16:00:42.518,,2147483647,698210,False,nan
5570,816893,1611662771,MERV - XMEV - GGAL - 24hs,6790.0,2025-05-09 16:00:41,113,2025-05-09 16:00:43.189,6780.0,2446,6770.0,9729,6760.0,15100,6750.0,1230,6740.0,727,6790.0,392,6810.0,1207,6820.0,1563,6830.0,2662,6840.0,6205,2025-05-09 16:00:43.110,,2147483647,698210,False,nan
5571,817017,1611662998,MERV - XMEV - GGAL - 24hs,6780.0,2025-05-09 16:00:43,259,2025-05-09 16:00:43.914,6780.0,2446,6770.0,9729,6760.0,15100,6750.0,1230,6740.0,727,6790.0,392,6810.0,1207,6820.0,1563,6830.0,2662,6840.0,6205,2025-05-09 16:00:43.610,,2147483647,698210,True,bid
5572,817056,1611663043,MERV - XMEV - GGAL - 24hs,6780.0,2025-05-09 16:00:43,259,2025-05-09 16:00:44.192,6780.0,2187,6770.0,9729,6760.0,15100,6750.0,1230,6740.0,727,6790.0,392,6810.0,1207,6820.0,1563,6830.0,2662,6840.0,6205,2025-05-09 16:00:44.110,,2147483647,698469,False,nan
5573,817164,1611663225,MERV - XMEV - GGAL - 24hs,6790.0,2025-05-09 16:00:45,3,2025-05-09 16:00:45.528,6780.0,2187,6770.0,9729,6760.0,15100,6750.0,1230,6740.0,727,6790.0,392,6810.0,1207,6820.0,1563,6830.0,2662,6840.0,6205,2025-05-09 16:00:45.449,,2147483647,698469,True,offer
5574,817239,1611663317,MERV - XMEV - GGAL - 24hs,6790.0,2025-05-09 16:00:45,3,2025-05-09 16:00:46.029,6780.0,2189,6770.0,9729,6760.0,15100,6750.0,1230,6740.0,727,6790.0,389,6810.0,1207,6820.0,1563,6830.0,2662,6840.0,6205,2025-05-09 16:00:45.948,,2147483647,698469,False,nan
5575,817281,1611663374,MERV - XMEV - GGAL - 24hs,6790.0,2025-05-09 16:00:45,3,2025-05-09 16:00:46.527,6780.0,2189,6770.0,9729,6760.0,15100,6750.0,1230,6740.0,727,6790.0,389,6810.0,1207,6820.0,1563,6830.0,2662,6840.0,6205,2025-05-09 16:00:46.449,,2147483647,698472,False,nan
5576,817522,1611663701,MERV - XMEV - GGAL - 24hs,6790.0,2025-05-09 16:00:45,3,2025-05-09 16:00:48.544,6780.0,2189,6770.0,9729,6760.0,15100,6750.0,1230,6740.0,727,6790.0,389,6810.0,1207,6820.0,2563,6830.0,2662,6840.0,6205,2025-05-09 16:00:48.427,,2147483647,698472,False,nan
5577,817613,1611663807,MERV - XMEV - GGAL - 24hs,6790.0,2025-05-09 16:00:48,58,2025-05-09 16:00:49.010,6780.0,2189,6770.0,9729,6760.0,15100,6750.0,1230,6740.0,727,6790.0,389,6810.0,1207,6820.0,2563,6830.0,2662,6840.0,6205,2025-05-09 16:00:48.927,,2147483647,698472,True,offer
5578,817668,1611663877,MERV - XMEV - GGAL - 24hs,6790.0,2025-05-09 16:00:49,53,2025-05-09 16:00:49.508,6790.0,53,6780.0,2189,6770.0,9729,6760.0,15100,6750.0,1230,6810.0,1207,6820.0,2563,6830.0,2662,6840.0,6205,6850.0,1857,2025-05-09 16:00:49.426,,2147483647,698919,True,offer
5579,817714,1611663937,MERV - XMEV - GGAL - 24hs,6790.0,2025-05-09 16:00:49,12,2025-05-09 16:00:50.007,6790.0,500,6780.0,2189,6770.0,9729,6760.0,15100,6750.0,1230,6810.0,1207,6820.0,2563,6830.0,2662,6840.0,6205,6850.0,1857,2025-05-09 16:00:49.927,,2147483647,698972,False,nan
5580,817762,1611664004,MERV - XMEV - GGAL - 24hs,6790.0,2025-05-09 16:00:50,258,2025-05-09 16:00:50.510,6790.0,500,6780.0,2189,6770.0,9729,6760.0,15100,6750.0,1230,6810.0,1207,6820.0,2563,6830.0,2662,6840.0,6205,6850.0,1857,2025-05-09 16:00:50.432,,2147483647,698984,True,bid
5581,817792,1611664042,MERV - XMEV - GGAL - 24hs,6790.0,2025-05-09 16:00:50,50,2025-05-09 16:00:51.011,6790.0,230,6780.0,2189,6770.0,9729,6760.0,15100,6750.0,1230,6810.0,1207,6820.0,2563,6830.0,2662,6840.0,6205,6850.0,1857,2025-05-09 16:00:50.927,,2147483647,699242,False,nan
5582,817856,1611664122,MERV - XMEV - GGAL - 24hs,6790.0,2025-05-09 16:00:51,180,2025-05-09 16:00:51.511,6790.0,180,6780.0,2189,6770.0,9729,6760.0,15100,6750.0,1230,6810.0,1207,6820.0,2563,6830.0,2662,6840.0,6205,6850.0,1857,2025-05-09 16:00:51.428,,2147483647,699292,True,bid
5583,817922,1611664215,MERV - XMEV - GGAL - 24hs,6790.0,2025-05-09 16:00:51,180,2025-05-09 16:00:52.139,6790.0,88,6780.0,1536,6770.0,9729,6760.0,15100,6750.0,1230,6800.0,67,6810.0,1207,6820.0,2563,6830.0,2662,6840.0,6205,2025-05-09 16:00:52.059,,2147483647,699292,False,nan
5584,818001,1611664315,MERV - XMEV - GGAL - 24hs,6790.0,2025-05-09 16:00:52,88,2025-05-09 16:00:52.687,6790.0,88,6780.0,1536,6770.0,9729,6760.0,15100,6750.0,1230,6800.0,67,6810.0,1207,6820.0,2563,6830.0,2662,6840.0,6205,2025-05-09 16:00:52.560,,2147483647,699472,True,bid
5585,818060,1611664396,MERV - XMEV - GGAL - 24hs,6790.0,2025-05-09 16:00:52,88,2025-05-09 16:00:53.144,6780.0,2036,6770.0,9729,6760.0,15100,6750.0,1230,6740.0,720,6800.0,67,6810.0,1207,6820.0,2563,6830.0,2662,6840.0,6205,2025-05-09 16:00:53.060,,2147483647,699560,False,nan
5586,818111,1611664487,MERV - XMEV - GGAL - 24hs,6790.0,2025-05-09 16:00:52,88,2025-05-09 16:00:54.051,6790.0,88,6780.0,1960,6770.0,9729,6760.0,15100,6750.0,1237,6800.0,184,6810.0,1207,6820.0,2563,6830.0,2662,6840.0,6205,2025-05-09 16:00:53.790,,2147483647,699560,False,nan
5587,818206,1611664612,MERV - XMEV - GGAL - 24hs,6790.0,2025-05-09 16:00:52,88,2025-05-09 16:00:54.523,6790.0,1,6780.0,1960,6770.0,9729,6760.0,15100,6750.0,1237,6800.0,184,6810.0,1207,6820.0,2563,6830.0,2662,6840.0,6205,2025-05-09 16:00:54.445,,2147483647,699560,False,nan
5588,818914,1611665559,MERV - XMEV - GGAL - 24hs,6790.0,2025-05-09 16:00:52,88,2025-05-09 16:00:59.250,6790.0,1,6780.0,1960,6770.0,9729,6760.0,15100,6750.0,1237,6800.0,3184,6810.0,1707,6820.0,2563,6830.0,2662,6840.0,6205,2025-05-09 16:00:59.136,,2147483647,699560,False,nan
5589,819277,1611666045,MERV - XMEV - GGAL - 24hs,6790.0,2025-05-09 16:00:52,88,2025-05-09 16:01:02.222,6780.0,2763,6770.0,9729,6760.0,15100,6750.0,1230,6740.0,720,6800.0,3184,6810.0,1707,6820.0,2563,6830.0,2662,6840.0,6205,2025-05-09 16:01:02.139,,2147483647,699560,False,nan
5590,819549,1611666423,MERV - XMEV - GGAL - 24hs,6790.0,2025-05-09 16:00:52,88,2025-05-09 16:01:04.452,6780.0,2765,6770.0,9729,6760.0,15100,6750.0,1230,6740.0,720,6800.0,3184,6810.0,1707,6820.0,2563,6830.0,2662,6840.0,6205,2025-05-09 16:01:04.226,,2147483647,699560,False,nan
5591,820078,1611667121,MERV - XMEV - GGAL - 24hs,6790.0,2025-05-09 16:00:52,88,2025-05-09 16:01:08.507,6780.0,2689,6770.0,9729,6760.0,15100,6750.0,1230,6740.0,727,6790.0,11,6800.0,3184,6810.0,1707,6820.0,2563,6830.0,2662,2025-05-09 16:01:08.423,,2147483647,699560,False,nan
5592,820408,1611667560,MERV - XMEV - GGAL - 24hs,6790.0,2025-05-09 16:00:52,88,2025-05-09 16:01:12.281,6780.0,2762,6770.0,9729,6760.0,15100,6750.0,1230,6740.0,727,6790.0,11,6800.0,3184,6810.0,1707,6820.0,2563,6830.0,2662,2025-05-09 16:01:12.198,,2147483647,699560,False,nan
5593,821050,1611668410,MERV - XMEV - GGAL - 24hs,6790.0,2025-05-09 16:01:17,11,2025-05-09 16:01:17.356,6780.0,2762,6770.0,9729,6760.0,15100,6750.0,1230,6740.0,727,6790.0,11,6800.0,3184,6810.0,1707,6820.0,2563,6830.0,2662,2025-05-09 16:01:17.273,,2147483647,699560,True,offer
5594,821151,1611668562,MERV - XMEV - GGAL - 24hs,6790.0,2025-05-09 16:01:17,11,2025-05-09 16:01:17.851,6790.0,1028,6780.0,2033,6770.0,9729,6760.0,15100,6750.0,1230,6800.0,3184,6810.0,1707,6820.0,2563,6830.0,2662,6840.0,6205,2025-05-09 16:01:17.767,,2147483647,699560,False,nan
5595,821280,1611668724,MERV - XMEV - GGAL - 24hs,6790.0,2025-05-09 16:01:17,11,2025-05-09 16:01:18.422,6790.0,1374,6780.0,2033,6770.0,9729,6760.0,15100,6750.0,1230,6800.0,3184,6810.0,1707,6820.0,2563,6830.0,2662,6840.0,6205,2025-05-09 16:01:18.267,,2147483647,699571,False,nan
5596,821335,1611668792,MERV - XMEV - GGAL - 24hs,6790.0,2025-05-09 16:01:18,504,2025-05-09 16:01:18.849,6790.0,1374,6780.0,2033,6770.0,9729,6760.0,15100,6750.0,1230,6800.0,3184,6810.0,1707,6820.0,2563,6830.0,2662,6840.0,6205,2025-05-09 16:01:18.770,,2147483647,699571,True,bid
5597,821410,1611668881,MERV - XMEV - GGAL - 24hs,6790.0,2025-05-09 16:01:18,900,2025-05-09 16:01:19.363,6790.0,1022,6780.0,2033,6770.0,9729,6760.0,15100,6750.0,1230,6800.0,3184,6810.0,1707,6820.0,2563,6830.0,2662,6840.0,6205,2025-05-09 16:01:19.271,,2147483647,700975,False,nan
5598,821475,1611668974,MERV - XMEV - GGAL - 24hs,6800.0,2025-05-09 16:01:19,855,2025-05-09 16:01:19.849,6780.0,2109,6770.0,9729,6760.0,15100,6750.0,1230,6740.0,720,6800.0,2202,6810.0,1707,6820.0,2563,6830.0,2662,6840.0,6205,2025-05-09 16:01:19.770,,2147483647,700975,True,offer
5599,821550,1611669073,MERV - XMEV - GGAL - 24hs,6800.0,2025-05-09 16:01:19,855,2025-05-09 16:01:20.349,6780.0,2109,6770.0,9729,6760.0,15100,6750.0,1230,6740.0,720,6800.0,2202,6810.0,1707,6820.0,2563,6830.0,2662,6840.0,6205,2025-05-09 16:01:20.270,,2147483647,702014,False,nan
5600,822021,1611669711,MERV - XMEV - GGAL - 24hs,6800.0,2025-05-09 16:01:19,855,2025-05-09 16:01:23.274,6780.0,2509,6770.0,24729,6760.0,1100,6750.0,230,6740.0,720,6800.0,2202,6810.0,1707,6820.0,2563,6830.0,2662,6840.0,6205,2025-05-09 16:01:23.102,,2147483647,702014,False,nan
5601,822124,1611669851,MERV - XMEV - GGAL - 24hs,6800.0,2025-05-09 16:01:19,855,2025-05-09 16:01:23.972,6780.0,2509,6770.0,25103,6760.0,1100,6750.0,230,6740.0,720,6800.0,2202,6810.0,1707,6820.0,2563,6830.0,2662,6840.0,6205,2025-05-09 16:01:23.882,,2147483647,702014,False,nan
5602,822299,1611670105,MERV - XMEV - GGAL - 24hs,6800.0,2025-05-09 16:01:24,88,2025-05-09 16:01:25.110,6780.0,2509,6770.0,25103,6760.0,1100,6750.0,230,6740.0,720,6800.0,2202,6810.0,1707,6820.0,2563,6830.0,2662,6840.0,6205,2025-05-09 16:01:24.986,,2147483647,702014,True,offer
5603,822431,1611670275,MERV - XMEV - GGAL - 24hs,6800.0,2025-05-09 16:01:25,19,2025-05-09 16:01:25.628,6780.0,2545,6770.0,24729,6760.0,1100,6750.0,230,6740.0,720,6800.0,2114,6810.0,1707,6820.0,2563,6830.0,2662,6840.0,6205,2025-05-09 16:01:25.486,,2147483647,702102,True,offer
5604,822557,1611670435,MERV - XMEV - GGAL - 24hs,6800.0,2025-05-09 16:01:25,19,2025-05-09 16:01:26.143,6780.0,2545,6770.0,24729,6760.0,1100,6750.0,230,6740.0,720,6800.0,2095,6810.0,1707,6820.0,2563,6830.0,2662,6840.0,6205,2025-05-09 16:01:25.987,,2147483647,702121,False,nan
5605,822649,1611670562,MERV - XMEV - GGAL - 24hs,6800.0,2025-05-09 16:01:25,19,2025-05-09 16:01:27.064,6780.0,2545,6770.0,24729,6760.0,1100,6750.0,245,6740.0,720,6800.0,2095,6810.0,1707,6820.0,2563,6830.0,2662,6840.0,6205,2025-05-09 16:01:26.960,,2147483647,702121,False,nan
5606,823148,1611671209,MERV - XMEV - GGAL - 24hs,6800.0,2025-05-09 16:01:31,14,2025-05-09 16:01:31.209,6780.0,2545,6770.0,24729,6760.0,1100,6750.0,245,6740.0,720,6800.0,2095,6810.0,1707,6820.0,2563,6830.0,2662,6840.0,6205,2025-05-09 16:01:31.127,,2147483647,702121,True,offer
5607,823229,1611671309,MERV - XMEV - GGAL - 24hs,6800.0,2025-05-09 16:01:31,14,2025-05-09 16:01:31.874,6780.0,2545,6770.0,24729,6760.0,1100,6750.0,245,6740.0,720,6800.0,2081,6810.0,1707,6820.0,2563,6830.0,2662,6840.0,6205,2025-05-09 16:01:31.794,,2147483647,702121,False,nan
5608,823282,1611671384,MERV - XMEV - GGAL - 24hs,6800.0,2025-05-09 16:01:31,14,2025-05-09 16:01:32.372,6780.0,2545,6770.0,24729,6760.0,1100,6750.0,245,6740.0,720,6800.0,2081,6810.0,1707,6820.0,2563,6830.0,2662,6840.0,6205,2025-05-09 16:01:32.294,,2147483647,702135,False,nan
5609,823885,1611672143,MERV - XMEV - GGAL - 24hs,6800.0,2025-05-09 16:01:31,14,2025-05-09 16:01:34.839,6780.0,5545,6770.0,24729,6760.0,1100,6750.0,245,6740.0,720,6800.0,2081,6810.0,1707,6820.0,2563,6830.0,2662,6840.0,6205,2025-05-09 16:01:34.492,,2147483647,702135,False,nan
5610,824141,1611672484,MERV - XMEV - GGAL - 24hs,6800.0,2025-05-09 16:01:36,282,2025-05-09 16:01:36.886,6780.0,5545,6770.0,24729,6760.0,1100,6750.0,245,6740.0,720,6800.0,2081,6810.0,1707,6820.0,2563,6830.0,2662,6840.0,6205,2025-05-09 16:01:36.806,,2147483647,702135,True,offer
5611,824210,1611672577,MERV - XMEV - GGAL - 24hs,6800.0,2025-05-09 16:01:37,18,2025-05-09 16:01:37.488,6780.0,5545,6770.0,24729,6760.0,1100,6750.0,245,6740.0,720,6800.0,2081,6810.0,1707,6820.0,2563,6830.0,2662,6840.0,6205,2025-05-09 16:01:37.403,,2147483647,702417,True,offer
5612,824276,1611672657,MERV - XMEV - GGAL - 24hs,6800.0,2025-05-09 16:01:37,18,2025-05-09 16:01:37.982,6780.0,5545,6770.0,24729,6760.0,1100,6750.0,245,6740.0,720,6800.0,1781,6810.0,1707,6820.0,2563,6830.0,2662,6840.0,6205,2025-05-09 16:01:37.903,,2147483647,702435,False,nan
5613,824627,1611673138,MERV - XMEV - GGAL - 24hs,6800.0,2025-05-09 16:01:40,4,2025-05-09 16:01:40.491,6780.0,5545,6770.0,24729,6760.0,1100,6750.0,245,6740.0,720,6800.0,1781,6810.0,1707,6820.0,2563,6830.0,2662,6840.0,6205,2025-05-09 16:01:40.354,,2147483647,702435,True,offer
5614,824701,1611673232,MERV - XMEV - GGAL - 24hs,6800.0,2025-05-09 16:01:40,4,2025-05-09 16:01:41.099,6780.0,5545,6770.0,24729,6760.0,1100,6750.0,245,6740.0,720,6800.0,1777,6810.0,1707,6820.0,2563,6830.0,2662,6840.0,6205,2025-05-09 16:01:41.017,,2147483647,702435,False,nan
5615,824763,1611673313,MERV - XMEV - GGAL - 24hs,6800.0,2025-05-09 16:01:40,4,2025-05-09 16:01:41.597,6780.0,5545,6770.0,24729,6760.0,1100,6750.0,245,6740.0,720,6800.0,1777,6810.0,1707,6820.0,2563,6830.0,2662,6840.0,6205,2025-05-09 16:01:41.518,,2147483647,702439,False,nan
5616,824799,1611673356,MERV - XMEV - GGAL - 24hs,6790.0,2025-05-09 16:01:41,46,2025-05-09 16:01:42.095,6790.0,100,6780.0,5469,6770.0,24729,6760.0,1100,6750.0,252,6800.0,1777,6810.0,1707,6820.0,2563,6830.0,2662,6840.0,6205,2025-05-09 16:01:42.017,,2147483647,702439,True,nan
5617,824866,1611673436,MERV - XMEV - GGAL - 24hs,6790.0,2025-05-09 16:01:41,46,2025-05-09 16:01:42.596,6790.0,54,6780.0,5469,6770.0,24729,6760.0,1100,6750.0,252,6800.0,1777,6810.0,1707,6820.0,2563,6830.0,2662,6840.0,6205,2025-05-09 16:01:42.518,,2147483647,702439,False,nan
5618,824904,1611673483,MERV - XMEV - GGAL - 24hs,6790.0,2025-05-09 16:01:41,46,2025-05-09 16:01:43.096,6790.0,54,6780.0,5469,6770.0,24729,6760.0,1100,6750.0,252,6800.0,1777,6810.0,1707,6820.0,2563,6830.0,2662,6840.0,6205,2025-05-09 16:01:43.018,,2147483647,702485,False,nan
5619,825255,1611673943,MERV - XMEV - GGAL - 24hs,6790.0,2025-05-09 16:01:41,46,2025-05-09 16:01:45.664,6790.0,54,6780.0,5719,6770.0,24729,6760.0,1100,6750.0,252,6800.0,1777,6810.0,1707,6820.0,2563,6830.0,2662,6840.0,6205,2025-05-09 16:01:45.578,,2147483647,702485,False,nan
5620,825357,1611674063,MERV - XMEV - GGAL - 24hs,6790.0,2025-05-09 16:01:45,12,2025-05-09 16:01:46.157,6790.0,54,6780.0,5719,6770.0,24729,6760.0,1100,6750.0,252,6800.0,1777,6810.0,1707,6820.0,2563,6830.0,2662,6840.0,6205,2025-05-09 16:01:46.078,,2147483647,702485,True,bid
5621,825419,1611674140,MERV - XMEV - GGAL - 24hs,6790.0,2025-05-09 16:01:45,12,2025-05-09 16:01:46.656,6790.0,42,6780.0,5719,6770.0,9729,6760.0,16100,6750.0,252,6800.0,1777,6810.0,1707,6820.0,2563,6830.0,2662,6840.0,6205,2025-05-09 16:01:46.578,,2147483647,702497,False,nan
5622,825850,1611674737,MERV - XMEV - GGAL - 24hs,6790.0,2025-05-09 16:01:45,12,2025-05-09 16:01:49.535,6790.0,1500,6780.0,4261,6770.0,9729,6760.0,16100,6750.0,252,6800.0,1777,6810.0,1707,6820.0,2563,6830.0,2662,6840.0,6205,2025-05-09 16:01:49.453,,2147483647,702497,False,nan
5623,826549,1611675678,MERV - XMEV - GGAL - 24hs,6790.0,2025-05-09 16:01:45,12,2025-05-09 16:01:56.420,6790.0,1500,6780.0,4011,6770.0,9729,6760.0,16100,6750.0,252,6800.0,1777,6810.0,1707,6820.0,7563,6830.0,2662,6840.0,6205,2025-05-09 16:01:56.331,,2147483647,702497,False,nan
5624,826667,1611675848,MERV - XMEV - GGAL - 24hs,6790.0,2025-05-09 16:01:45,12,2025-05-09 16:01:57.695,6790.0,1500,6780.0,4011,6770.0,9729,6760.0,15100,6750.0,252,6800.0,1777,6810.0,2707,6820.0,7563,6830.0,2662,6840.0,6205,2025-05-09 16:01:57.587,,2147483647,702497,False,nan
5625,826766,1611675973,MERV - XMEV - GGAL - 24hs,6790.0,2025-05-09 16:01:45,12,2025-05-09 16:01:58.708,6790.0,1500,6780.0,4011,6770.0,9729,6760.0,16100,6750.0,252,6800.0,1777,6810.0,2707,6820.0,7563,6830.0,2662,6840.0,6205,2025-05-09 16:01:58.617,,2147483647,702497,False,nan
5626,826853,1611676086,MERV - XMEV - GGAL - 24hs,6800.0,2025-05-09 16:01:59,1206,2025-05-09 16:01:59.567,6790.0,1500,6780.0,4011,6770.0,9729,6760.0,16100,6750.0,252,6800.0,1777,6810.0,2707,6820.0,7563,6830.0,2662,6840.0,6205,2025-05-09 16:01:59.458,,2147483647,702497,True,offer
5627,826909,1611676160,MERV - XMEV - GGAL - 24hs,6800.0,2025-05-09 16:01:59,1206,2025-05-09 16:02:00.220,6790.0,1500,6780.0,4011,6770.0,9729,6760.0,16100,6750.0,252,6800.0,571,6810.0,2707,6820.0,7563,6830.0,2662,6840.0,6205,2025-05-09 16:02:00.125,,2147483647,702497,False,nan
5628,826957,1611676219,MERV - XMEV - GGAL - 24hs,6800.0,2025-05-09 16:01:59,1206,2025-05-09 16:02:00.702,6790.0,1500,6780.0,4011,6770.0,9729,6760.0,16100,6750.0,252,6800.0,571,6810.0,2707,6820.0,7563,6830.0,2662,6840.0,6205,2025-05-09 16:02:00.624,,2147483647,703703,False,nan
5629,827323,1611676718,MERV - XMEV - GGAL - 24hs,6800.0,2025-05-09 16:01:59,1206,2025-05-09 16:02:05.342,6790.0,1500,6780.0,3975,6770.0,10758,6760.0,16100,6750.0,252,6800.0,571,6810.0,2707,6820.0,7563,6830.0,2662,6840.0,6205,2025-05-09 16:02:05.241,,2147483647,703703,False,nan
5630,827434,1611676874,MERV - XMEV - GGAL - 24hs,6800.0,2025-05-09 16:02:06,7,2025-05-09 16:02:06.790,6790.0,1500,6780.0,3975,6770.0,10758,6760.0,16100,6750.0,252,6800.0,571,6810.0,2707,6820.0,7563,6830.0,2662,6840.0,6205,2025-05-09 16:02:06.654,,2147483647,703703,True,offer
5631,827530,1611677005,MERV - XMEV - GGAL - 24hs,6800.0,2025-05-09 16:02:06,7,2025-05-09 16:02:07.397,6790.0,1600,6780.0,3975,6770.0,10758,6760.0,16100,6750.0,252,6800.0,564,6810.0,2707,6820.0,7563,6830.0,2662,6840.0,6205,2025-05-09 16:02:07.317,,2147483647,703703,False,nan
5632,827659,1611677177,MERV - XMEV - GGAL - 24hs,6800.0,2025-05-09 16:02:06,7,2025-05-09 16:02:07.999,6790.0,1600,6780.0,3975,6770.0,10758,6760.0,16100,6750.0,252,6800.0,564,6810.0,2707,6820.0,7563,6830.0,2662,6840.0,6205,2025-05-09 16:02:07.818,,2147483647,703710,False,nan
5633,827704,1611677239,MERV - XMEV - GGAL - 24hs,6800.0,2025-05-09 16:02:06,7,2025-05-09 16:02:08.430,6790.0,1600,6780.0,3975,6770.0,10768,6760.0,16100,6750.0,252,6800.0,564,6810.0,2707,6820.0,7563,6830.0,2662,6840.0,6205,2025-05-09 16:02:08.347,,2147483647,703710,False,nan
5634,828490,1611678253,MERV - XMEV - GGAL - 24hs,6800.0,2025-05-09 16:02:06,7,2025-05-09 16:02:14.170,6790.0,1600,6780.0,3975,6770.0,10768,6760.0,16100,6750.0,1722,6800.0,564,6810.0,2707,6820.0,7563,6830.0,2662,6840.0,6205,2025-05-09 16:02:14.090,,2147483647,703710,False,nan
5635,828677,1611678486,MERV - XMEV - GGAL - 24hs,6800.0,2025-05-09 16:02:06,7,2025-05-09 16:02:15.587,6790.0,1900,6780.0,3975,6770.0,10768,6760.0,16100,6750.0,1722,6800.0,564,6810.0,2707,6820.0,7563,6830.0,2662,6840.0,6205,2025-05-09 16:02:15.477,,2147483647,703710,False,nan
5636,829100,1611679004,MERV - XMEV - GGAL - 24hs,6800.0,2025-05-09 16:02:06,7,2025-05-09 16:02:18.383,6790.0,1900,6780.0,3975,6770.0,10768,6760.0,16100,6750.0,1722,6800.0,564,6810.0,2707,6820.0,7563,6830.0,3204,6840.0,6205,2025-05-09 16:02:18.295,,2147483647,703710,False,nan
5637,829846,1611680019,MERV - XMEV - GGAL - 24hs,6800.0,2025-05-09 16:02:06,7,2025-05-09 16:02:25.520,6790.0,1900,6780.0,3975,6770.0,25768,6760.0,1100,6750.0,1722,6800.0,1064,6810.0,2707,6820.0,7563,6830.0,3204,6840.0,6205,2025-05-09 16:02:25.426,,2147483647,703710,False,nan
5638,830026,1611680265,MERV - XMEV - GGAL - 24hs,6800.0,2025-05-09 16:02:27,379,2025-05-09 16:02:27.528,6790.0,1900,6780.0,3975,6770.0,25768,6760.0,1100,6750.0,1722,6800.0,1064,6810.0,2707,6820.0,7563,6830.0,3204,6840.0,6205,2025-05-09 16:02:27.448,,2147483647,703710,True,offer
5639,830077,1611680327,MERV - XMEV - GGAL - 24hs,6800.0,2025-05-09 16:02:27,379,2025-05-09 16:02:28.026,6790.0,1900,6780.0,3975,6770.0,26115,6760.0,1100,6750.0,1722,6800.0,685,6810.0,2707,6820.0,7563,6830.0,3204,6840.0,6205,2025-05-09 16:02:27.948,,2147483647,703710,False,nan
5640,830159,1611680433,MERV - XMEV - GGAL - 24hs,6800.0,2025-05-09 16:02:27,379,2025-05-09 16:02:28.527,6790.0,1900,6780.0,3975,6770.0,26115,6760.0,1100,6750.0,1722,6800.0,685,6810.0,2707,6820.0,7563,6830.0,3204,6840.0,6205,2025-05-09 16:02:28.449,,2147483647,704089,False,nan
5641,830220,1611680509,MERV - XMEV - GGAL - 24hs,6800.0,2025-05-09 16:02:27,379,2025-05-09 16:02:29.044,6790.0,1900,6780.0,3975,6770.0,25768,6760.0,1100,6750.0,1722,6800.0,685,6810.0,2707,6820.0,7563,6830.0,3204,6840.0,6205,2025-05-09 16:02:28.948,,2147483647,704089,False,nan
5642,830303,1611680638,MERV - XMEV - GGAL - 24hs,6800.0,2025-05-09 16:02:27,379,2025-05-09 16:02:29.564,6790.0,1900,6780.0,3975,6770.0,25768,6760.0,1100,6750.0,1722,6800.0,685,6810.0,3207,6820.0,7563,6830.0,3204,6840.0,6205,2025-05-09 16:02:29.461,,2147483647,704089,False,nan
5643,830721,1611681191,MERV - XMEV - GGAL - 24hs,6800.0,2025-05-09 16:02:27,379,2025-05-09 16:02:31.832,6790.0,1900,6780.0,3975,6770.0,10768,6760.0,15100,6750.0,2722,6800.0,5685,6810.0,3207,6820.0,2563,6830.0,3204,6840.0,6205,2025-05-09 16:02:31.526,,2147483647,704089,False,nan
5644,830901,1611681428,MERV - XMEV - GGAL - 24hs,6800.0,2025-05-09 16:02:27,379,2025-05-09 16:02:33.119,6790.0,1900,6780.0,3975,6770.0,10074,6760.0,15100,6750.0,2722,6800.0,5685,6810.0,3207,6820.0,2563,6830.0,3204,6840.0,6205,2025-05-09 16:02:33.040,,2147483647,704089,False,nan
5645,830974,1611681526,MERV - XMEV - GGAL - 24hs,6790.0,2025-05-09 16:02:33,4,2025-05-09 16:02:33.827,6790.0,1900,6780.0,3975,6770.0,10074,6760.0,15100,6750.0,2722,6800.0,5685,6810.0,3207,6820.0,2563,6830.0,3204,6840.0,6205,2025-05-09 16:02:33.749,,2147483647,704089,True,bid
5646,831025,1611681593,MERV - XMEV - GGAL - 24hs,6790.0,2025-05-09 16:02:33,4,2025-05-09 16:02:34.322,6790.0,1896,6780.0,3975,6770.0,10027,6760.0,15100,6750.0,2722,6800.0,5685,6810.0,3207,6820.0,2563,6830.0,3204,6840.0,6205,2025-05-09 16:02:34.244,,2147483647,704089,False,nan
5647,831074,1611681657,MERV - XMEV - GGAL - 24hs,6790.0,2025-05-09 16:02:33,4,2025-05-09 16:02:34.823,6790.0,1896,6780.0,3975,6770.0,10027,6760.0,15100,6750.0,2722,6800.0,5685,6810.0,3207,6820.0,2563,6830.0,3204,6840.0,6205,2025-05-09 16:02:34.743,,2147483647,704093,False,nan
5648,831125,1611681720,MERV - XMEV - GGAL - 24hs,6790.0,2025-05-09 16:02:33,4,2025-05-09 16:02:35.439,6790.0,1896,6780.0,3975,6770.0,10074,6760.0,15100,6750.0,2722,6800.0,5685,6810.0,3207,6820.0,2563,6830.0,3204,6840.0,6205,2025-05-09 16:02:35.361,,2147483647,704093,False,nan
5649,831226,1611681851,MERV - XMEV - GGAL - 24hs,6790.0,2025-05-09 16:02:33,4,2025-05-09 16:02:36.341,6790.0,1896,6780.0,3975,6770.0,10074,6760.0,100,6750.0,1722,6800.0,5685,6810.0,3207,6820.0,2563,6830.0,3204,6840.0,6205,2025-05-09 16:02:36.259,,2147483647,704093,False,nan
5650,831504,1611682202,MERV - XMEV - GGAL - 24hs,6790.0,2025-05-09 16:02:33,4,2025-05-09 16:02:38.728,6790.0,1896,6780.0,3975,6770.0,10768,6760.0,100,6750.0,1722,6800.0,5685,6810.0,3207,6820.0,2563,6830.0,3204,6840.0,6205,2025-05-09 16:02:38.649,,2147483647,704093,False,nan
5651,831831,1611682634,MERV - XMEV - GGAL - 24hs,6790.0,2025-05-09 16:02:33,4,2025-05-09 16:02:40.496,6790.0,1896,6780.0,3975,6770.0,1648,6760.0,100,6750.0,1722,6800.0,5685,6810.0,3207,6820.0,2563,6830.0,3204,6840.0,6205,2025-05-09 16:02:40.411,,2147483647,704093,False,nan
5652,832284,1611683238,MERV - XMEV - GGAL - 24hs,6800.0,2025-05-09 16:02:44,128,2025-05-09 16:02:44.417,6790.0,1896,6780.0,3975,6770.0,1648,6760.0,100,6750.0,1722,6800.0,5685,6810.0,3207,6820.0,2563,6830.0,3204,6840.0,6205,2025-05-09 16:02:44.335,,2147483647,704093,True,offer
5653,832325,1611683283,MERV - XMEV - GGAL - 24hs,6800.0,2025-05-09 16:02:44,521,2025-05-09 16:02:44.914,6790.0,1896,6780.0,3975,6770.0,1648,6760.0,100,6750.0,1722,6800.0,5685,6810.0,3207,6820.0,2563,6830.0,3204,6840.0,6205,2025-05-09 16:02:44.836,,2147483647,704093,False,nan
5654,832375,1611683346,MERV - XMEV - GGAL - 24hs,6800.0,2025-05-09 16:02:45,4,2025-05-09 16:02:45.414,6790.0,1896,6780.0,3975,6770.0,1648,6760.0,100,6750.0,1722,6800.0,4479,6810.0,3207,6820.0,2563,6830.0,3204,6840.0,6205,2025-05-09 16:02:45.336,,2147483647,705299,True,offer
5655,832449,1611683435,MERV - XMEV - GGAL - 24hs,6800.0,2025-05-09 16:02:45,4,2025-05-09 16:02:45.914,6790.0,1896,6780.0,3975,6770.0,1995,6760.0,100,6750.0,1722,6800.0,4475,6810.0,3207,6820.0,2563,6830.0,3204,6840.0,6205,2025-05-09 16:02:45.836,,2147483647,705299,False,nan
5656,832509,1611683529,MERV - XMEV - GGAL - 24hs,6800.0,2025-05-09 16:02:45,4,2025-05-09 16:02:46.443,6790.0,1896,6780.0,3975,6770.0,1995,6760.0,100,6750.0,1722,6800.0,4475,6810.0,3207,6820.0,2563,6830.0,3204,6840.0,6205,2025-05-09 16:02:46.336,,2147483647,705307,False,nan
5657,832579,1611683628,MERV - XMEV - GGAL - 24hs,6800.0,2025-05-09 16:02:45,4,2025-05-09 16:02:46.918,6790.0,1896,6780.0,3975,6770.0,1995,6760.0,100,6750.0,1722,6800.0,4471,6810.0,3207,6820.0,2563,6830.0,3204,6840.0,6205,2025-05-09 16:02:46.836,,2147483647,705307,False,nan
5658,832617,1611683674,MERV - XMEV - GGAL - 24hs,6800.0,2025-05-09 16:02:47,4,2025-05-09 16:02:47.422,6790.0,1896,6780.0,3975,6770.0,1995,6760.0,100,6750.0,1722,6800.0,4471,6810.0,3207,6820.0,2563,6830.0,3204,6840.0,6205,2025-05-09 16:02:47.340,,2147483647,705307,True,offer
5659,832674,1611683748,MERV - XMEV - GGAL - 24hs,6800.0,2025-05-09 16:02:47,96,2025-05-09 16:02:47.924,6790.0,1896,6780.0,3975,6770.0,1995,6760.0,100,6750.0,1722,6800.0,4371,6810.0,3207,6820.0,2563,6830.0,3204,6840.0,6205,2025-05-09 16:02:47.837,,2147483647,705407,False,nan
5660,832868,1611684014,MERV - XMEV - GGAL - 24hs,6800.0,2025-05-09 16:02:47,96,2025-05-09 16:02:50.392,6790.0,1907,6780.0,3975,6770.0,1995,6760.0,100,6750.0,1794,6800.0,4371,6810.0,3207,6820.0,2563,6830.0,3204,6840.0,6205,2025-05-09 16:02:50.309,,2147483647,705407,False,nan
5661,832969,1611684137,MERV - XMEV - GGAL - 24hs,6800.0,2025-05-09 16:02:47,96,2025-05-09 16:02:51.408,6790.0,1907,6780.0,3975,6770.0,1995,6760.0,100,6750.0,1794,6800.0,4371,6810.0,2707,6820.0,2563,6830.0,3204,6840.0,6205,2025-05-09 16:02:51.309,,2147483647,705407,False,nan
5662,833253,1611684525,MERV - XMEV - GGAL - 24hs,6800.0,2025-05-09 16:02:54,10,2025-05-09 16:02:54.921,6790.0,1907,6780.0,3975,6770.0,1995,6760.0,100,6750.0,1794,6800.0,4371,6810.0,2707,6820.0,2563,6830.0,3204,6840.0,6205,2025-05-09 16:02:54.841,,2147483647,705407,True,offer
5663,833295,1611684579,MERV - XMEV - GGAL - 24hs,6800.0,2025-05-09 16:02:54,10,2025-05-09 16:02:55.589,6790.0,1907,6780.0,3975,6770.0,1995,6760.0,100,6750.0,1794,6800.0,4361,6810.0,2707,6820.0,2563,6830.0,3204,6840.0,6205,2025-05-09 16:02:55.510,,2147483647,705407,False,nan
5664,833337,1611684632,MERV - XMEV - GGAL - 24hs,6800.0,2025-05-09 16:02:54,10,2025-05-09 16:02:56.088,6790.0,1907,6780.0,3975,6770.0,1995,6760.0,100,6750.0,1794,6800.0,4361,6810.0,2707,6820.0,2563,6830.0,3204,6840.0,6205,2025-05-09 16:02:56.010,,2147483647,705417,False,nan
5665,833734,1611685167,MERV - XMEV - GGAL - 24hs,6800.0,2025-05-09 16:02:54,10,2025-05-09 16:03:00.714,6790.0,1907,6780.0,3975,6770.0,2019,6760.0,100,6750.0,1794,6810.0,7068,6820.0,2563,6830.0,3204,6840.0,6205,6850.0,1857,2025-05-09 16:03:00.495,,2147483647,705417,False,nan
5666,834229,1611685792,MERV - XMEV - GGAL - 24hs,6800.0,2025-05-09 16:02:54,10,2025-05-09 16:03:05.588,6790.0,1907,6780.0,3975,6770.0,1706,6760.0,100,6750.0,1794,6810.0,7068,6820.0,2563,6830.0,3204,6840.0,6205,6850.0,1857,2025-05-09 16:03:05.510,,2147483647,705417,False,nan
5667,834534,1611686179,MERV - XMEV - GGAL - 24hs,6800.0,2025-05-09 16:02:54,10,2025-05-09 16:03:08.869,6790.0,449,6780.0,3975,6770.0,1706,6760.0,100,6750.0,1794,6810.0,7068,6820.0,2563,6830.0,3204,6840.0,6205,6850.0,1857,2025-05-09 16:03:08.791,,2147483647,705417,False,nan
5668,834639,1611686318,MERV - XMEV - GGAL - 24hs,6800.0,2025-05-09 16:02:54,10,2025-05-09 16:03:09.566,6790.0,1907,6780.0,3975,6770.0,2019,6760.0,100,6750.0,1794,6810.0,7068,6820.0,2563,6830.0,3204,6840.0,6205,6850.0,1857,2025-05-09 16:03:09.487,,2147483647,705417,False,nan
5669,835233,1611687140,MERV - XMEV - GGAL - 24hs,6800.0,2025-05-09 16:02:54,10,2025-05-09 16:03:14.962,6790.0,1907,6780.0,3975,6770.0,2019,6760.0,100,6750.0,1794,6800.0,500,6810.0,7068,6820.0,2563,6830.0,3204,6840.0,6205,2025-05-09 16:03:14.868,,2147483647,705417,False,nan
5670,835351,1611687292,MERV - XMEV - GGAL - 24hs,6800.0,2025-05-09 16:03:15,1,2025-05-09 16:03:15.925,6790.0,1907,6780.0,3975,6770.0,2019,6760.0,100,6750.0,1794,6800.0,500,6810.0,7068,6820.0,2563,6830.0,3204,6840.0,6205,2025-05-09 16:03:15.844,,2147483647,705417,True,offer
5671,835410,1611687371,MERV - XMEV - GGAL - 24hs,6800.0,2025-05-09 16:03:15,1,2025-05-09 16:03:16.603,6790.0,1907,6780.0,3975,6770.0,2019,6760.0,100,6750.0,1794,6800.0,499,6810.0,7068,6820.0,2563,6830.0,3204,6840.0,6205,2025-05-09 16:03:16.512,,2147483647,705417,False,nan
5672,835484,1611687461,MERV - XMEV - GGAL - 24hs,6800.0,2025-05-09 16:03:15,1,2025-05-09 16:03:17.091,6790.0,1907,6780.0,3975,6770.0,2019,6760.0,100,6750.0,1794,6800.0,499,6810.0,7068,6820.0,2563,6830.0,3204,6840.0,6205,2025-05-09 16:03:17.012,,2147483647,705418,False,nan
5673,835610,1611687639,MERV - XMEV - GGAL - 24hs,6790.0,2025-05-09 16:03:18,10,2025-05-09 16:03:18.512,6790.0,1907,6780.0,3975,6770.0,2019,6760.0,100,6750.0,1794,6800.0,499,6810.0,7068,6820.0,2563,6830.0,3204,6840.0,6205,2025-05-09 16:03:18.432,,2147483647,705418,True,bid
5674,835701,1611687744,MERV - XMEV - GGAL - 24hs,6790.0,2025-05-09 16:03:18,10,2025-05-09 16:03:19.176,6790.0,1897,6780.0,3975,6770.0,2019,6760.0,100,6750.0,1794,6800.0,499,6810.0,7068,6820.0,2563,6830.0,3204,6840.0,6205,2025-05-09 16:03:19.097,,2147483647,705418,False,nan
5675,835754,1611687816,MERV - XMEV - GGAL - 24hs,6790.0,2025-05-09 16:03:18,10,2025-05-09 16:03:19.678,6790.0,1897,6780.0,3975,6770.0,2019,6760.0,100,6750.0,1794,6800.0,499,6810.0,7068,6820.0,2563,6830.0,3204,6840.0,6205,2025-05-09 16:03:19.599,,2147483647,705428,False,nan
5676,835818,1611687900,MERV - XMEV - GGAL - 24hs,6790.0,2025-05-09 16:03:18,10,2025-05-09 16:03:20.177,6790.0,1897,6780.0,3975,6770.0,2019,6760.0,100,6750.0,16794,6800.0,499,6810.0,7068,6820.0,2563,6830.0,3204,6840.0,6205,2025-05-09 16:03:20.098,,2147483647,705428,False,nan
5677,835980,1611688100,MERV - XMEV - GGAL - 24hs,6800.0,2025-05-09 16:03:21,100,2025-05-09 16:03:22.015,6790.0,1897,6780.0,3975,6770.0,2019,6760.0,100,6750.0,16794,6800.0,499,6810.0,7068,6820.0,2563,6830.0,3204,6840.0,6205,2025-05-09 16:03:21.937,,2147483647,705428,True,offer
5678,836107,1611688250,MERV - XMEV - GGAL - 24hs,6800.0,2025-05-09 16:03:21,100,2025-05-09 16:03:22.566,6790.0,1897,6780.0,3975,6770.0,631,6760.0,100,6750.0,16794,6800.0,399,6810.0,7068,6820.0,2563,6830.0,3204,6840.0,6205,2025-05-09 16:03:22.437,,2147483647,705428,False,nan
5679,836176,1611688339,MERV - XMEV - GGAL - 24hs,6800.0,2025-05-09 16:03:21,100,2025-05-09 16:03:23.017,6790.0,1897,6780.0,3975,6770.0,631,6760.0,100,6750.0,16794,6800.0,399,6810.0,7068,6820.0,2563,6830.0,3204,6840.0,6205,2025-05-09 16:03:22.937,,2147483647,705528,False,nan
5680,836242,1611688430,MERV - XMEV - GGAL - 24hs,6800.0,2025-05-09 16:03:21,100,2025-05-09 16:03:23.544,6790.0,1897,6780.0,3575,6770.0,631,6760.0,100,6750.0,16794,6800.0,399,6810.0,7068,6820.0,2563,6830.0,3204,6840.0,6205,2025-05-09 16:03:23.437,,2147483647,705528,False,nan
5681,837386,1611689960,MERV - XMEV - GGAL - 24hs,6800.0,2025-05-09 16:03:21,100,2025-05-09 16:03:31.823,6790.0,1897,6780.0,3575,6770.0,631,6760.0,100,6750.0,17044,6800.0,399,6810.0,7068,6820.0,2563,6830.0,3204,6840.0,6205,2025-05-09 16:03:31.742,,2147483647,705528,False,nan
5682,837560,1611690163,MERV - XMEV - GGAL - 24hs,6800.0,2025-05-09 16:03:32,399,2025-05-09 16:03:32.651,6790.0,1897,6780.0,3575,6770.0,631,6760.0,100,6750.0,17044,6800.0,399,6810.0,7068,6820.0,2563,6830.0,3204,6840.0,6205,2025-05-09 16:03:32.465,,2147483647,705528,True,offer
5683,837641,1611690280,MERV - XMEV - GGAL - 24hs,6800.0,2025-05-09 16:03:32,399,2025-05-09 16:03:33.594,6800.0,1601,6790.0,1897,6780.0,3575,6770.0,631,6760.0,100,6810.0,7068,6820.0,2563,6830.0,3204,6840.0,6205,6850.0,1857,2025-05-09 16:03:33.390,,2147483647,705528,False,nan
5684,837699,1611690359,MERV - XMEV - GGAL - 24hs,6800.0,2025-05-09 16:03:32,399,2025-05-09 16:03:33.823,6800.0,1601,6790.0,1897,6780.0,3575,6770.0,631,6760.0,100,6810.0,7068,6820.0,2563,6830.0,3204,6840.0,6205,6850.0,1857,2025-05-09 16:03:33.502,,2147483647,705927,False,nan
5685,837773,1611690454,MERV - XMEV - GGAL - 24hs,6800.0,2025-05-09 16:03:32,399,2025-05-09 16:03:34.110,6800.0,1704,6790.0,1897,6780.0,3575,6770.0,631,6760.0,100,6810.0,7068,6820.0,2563,6830.0,3204,6840.0,6205,6850.0,1857,2025-05-09 16:03:33.965,,2147483647,705927,False,nan
5686,837842,1611690538,MERV - XMEV - GGAL - 24hs,6800.0,2025-05-09 16:03:32,399,2025-05-09 16:03:34.731,6800.0,2104,6790.0,1897,6780.0,3575,6770.0,631,6760.0,100,6810.0,7068,6820.0,2563,6830.0,3204,6840.0,6205,6850.0,1857,2025-05-09 16:03:34.652,,2147483647,705927,False,nan
5687,838037,1611690780,MERV - XMEV - GGAL - 24hs,6810.0,2025-05-09 16:03:35,73,2025-05-09 16:03:35.952,6800.0,2104,6790.0,1897,6780.0,3575,6770.0,631,6760.0,100,6810.0,7068,6820.0,2563,6830.0,3204,6840.0,6205,6850.0,1857,2025-05-09 16:03:35.874,,2147483647,705927,True,offer
5688,838112,1611690882,MERV - XMEV - GGAL - 24hs,6810.0,2025-05-09 16:03:35,73,2025-05-09 16:03:36.628,6800.0,2104,6790.0,1897,6780.0,3575,6770.0,631,6760.0,100,6810.0,6995,6820.0,2563,6830.0,3204,6840.0,6205,6850.0,1857,2025-05-09 16:03:36.544,,2147483647,705927,False,nan
5689,838166,1611690962,MERV - XMEV - GGAL - 24hs,6810.0,2025-05-09 16:03:35,73,2025-05-09 16:03:37.123,6800.0,2104,6790.0,1897,6780.0,3575,6770.0,631,6760.0,100,6810.0,6995,6820.0,2563,6830.0,3204,6840.0,6205,6850.0,1857,2025-05-09 16:03:37.044,,2147483647,706000,False,nan
5690,838791,1611691763,MERV - XMEV - GGAL - 24hs,6800.0,2025-05-09 16:03:44,232,2025-05-09 16:03:44.568,6800.0,2104,6790.0,1897,6780.0,3575,6770.0,631,6760.0,100,6810.0,6995,6820.0,2563,6830.0,3204,6840.0,6205,6850.0,1857,2025-05-09 16:03:44.429,,2147483647,706000,True,bid
5691,838867,1611691849,MERV - XMEV - GGAL - 24hs,6800.0,2025-05-09 16:03:44,232,2025-05-09 16:03:44.902,6800.0,1872,6790.0,1897,6780.0,3575,6770.0,631,6760.0,100,6810.0,6995,6820.0,2563,6830.0,3204,6840.0,6205,6850.0,1857,2025-05-09 16:03:44.824,,2147483647,706000,False,nan
5692,838909,1611691895,MERV - XMEV - GGAL - 24hs,6800.0,2025-05-09 16:03:44,232,2025-05-09 16:03:45.403,6800.0,1872,6790.0,1897,6780.0,3575,6770.0,631,6760.0,100,6810.0,6995,6820.0,2563,6830.0,3204,6840.0,6205,6850.0,1857,2025-05-09 16:03:45.325,,2147483647,706232,False,nan
5693,839396,1611692509,MERV - XMEV - GGAL - 24hs,6800.0,2025-05-09 16:03:44,232,2025-05-09 16:03:49.531,6800.0,3330,6790.0,439,6780.0,3590,6770.0,631,6760.0,100,6810.0,6995,6820.0,2563,6830.0,3204,6840.0,6205,6850.0,1857,2025-05-09 16:03:49.452,,2147483647,706232,False,nan
5694,839981,1611693256,MERV - XMEV - GGAL - 24hs,6800.0,2025-05-09 16:03:44,232,2025-05-09 16:03:54.931,6800.0,3430,6790.0,439,6780.0,3590,6770.0,631,6760.0,100,6810.0,6995,6820.0,2563,6830.0,3204,6840.0,6205,6850.0,1857,2025-05-09 16:03:54.847,,2147483647,706232,False,nan
5695,840147,1611693476,MERV - XMEV - GGAL - 24hs,6810.0,2025-05-09 16:03:55,2,2025-05-09 16:03:56.159,6800.0,3430,6790.0,439,6780.0,3590,6770.0,631,6760.0,100,6810.0,6995,6820.0,2563,6830.0,3204,6840.0,6205,6850.0,1857,2025-05-09 16:03:55.941,,2147483647,706232,True,offer
5696,840216,1611693568,MERV - XMEV - GGAL - 24hs,6810.0,2025-05-09 16:03:55,2,2025-05-09 16:03:56.672,6800.0,3430,6790.0,439,6780.0,3590,6770.0,631,6760.0,100,6810.0,6993,6820.0,2563,6830.0,3204,6840.0,6205,6850.0,1857,2025-05-09 16:03:56.592,,2147483647,706232,False,nan
5697,840251,1611693616,MERV - XMEV - GGAL - 24hs,6810.0,2025-05-09 16:03:55,2,2025-05-09 16:03:57.182,6800.0,3430,6790.0,439,6780.0,3590,6770.0,631,6760.0,100,6810.0,6993,6820.0,2563,6830.0,3204,6840.0,6205,6850.0,1857,2025-05-09 16:03:57.095,,2147483647,706234,False,nan
5698,840297,1611693682,MERV - XMEV - GGAL - 24hs,6810.0,2025-05-09 16:03:57,30,2025-05-09 16:03:57.934,6800.0,3430,6790.0,439,6780.0,3590,6770.0,631,6760.0,100,6810.0,6993,6820.0,2563,6830.0,3204,6840.0,6205,6850.0,1857,2025-05-09 16:03:57.851,,2147483647,706234,True,offer
5699,840359,1611693767,MERV - XMEV - GGAL - 24hs,6810.0,2025-05-09 16:03:57,30,2025-05-09 16:03:58.596,6800.0,3430,6790.0,439,6780.0,3590,6770.0,631,6760.0,100,6810.0,6963,6820.0,2563,6830.0,3204,6840.0,6205,6850.0,1857,2025-05-09 16:03:58.517,,2147483647,706234,False,nan
5700,840409,1611693840,MERV - XMEV - GGAL - 24hs,6810.0,2025-05-09 16:03:57,30,2025-05-09 16:03:59.095,6800.0,3430,6790.0,439,6780.0,3590,6770.0,631,6760.0,100,6810.0,6963,6820.0,2563,6830.0,3204,6840.0,6205,6850.0,1857,2025-05-09 16:03:59.017,,2147483647,706264,False,nan
5701,840466,1611693917,MERV - XMEV - GGAL - 24hs,6810.0,2025-05-09 16:03:59,300,2025-05-09 16:03:59.888,6800.0,3430,6790.0,439,6780.0,3590,6770.0,631,6760.0,100,6810.0,6963,6820.0,2563,6830.0,3204,6840.0,6205,6850.0,1857,2025-05-09 16:03:59.809,,2147483647,706264,True,offer
5702,840495,1611693957,MERV - XMEV - GGAL - 24hs,6810.0,2025-05-09 16:03:59,300,2025-05-09 16:04:00.391,6800.0,3430,6790.0,139,6780.0,3590,6770.0,631,6760.0,100,6810.0,6663,6820.0,2563,6830.0,3204,6840.0,6205,6850.0,1857,2025-05-09 16:04:00.311,,2147483647,706264,False,nan
5703,840521,1611693993,MERV - XMEV - GGAL - 24hs,6810.0,2025-05-09 16:03:59,300,2025-05-09 16:04:00.887,6800.0,3430,6790.0,139,6780.0,3590,6770.0,631,6760.0,100,6810.0,6663,6820.0,2563,6830.0,3204,6840.0,6205,6850.0,1857,2025-05-09 16:04:00.809,,2147483647,706564,False,nan
5704,840638,1611694153,MERV - XMEV - GGAL - 24hs,6810.0,2025-05-09 16:03:59,300,2025-05-09 16:04:02.592,6800.0,3450,6790.0,139,6780.0,3590,6770.0,631,6760.0,100,6810.0,6663,6820.0,2563,6830.0,3204,6840.0,6205,6850.0,1857,2025-05-09 16:04:02.512,,2147483647,706564,False,nan
5705,840685,1611694211,MERV - XMEV - GGAL - 24hs,6810.0,2025-05-09 16:03:59,300,2025-05-09 16:04:03.295,6800.0,3347,6790.0,139,6780.0,3590,6770.0,631,6760.0,100,6810.0,6663,6820.0,2563,6830.0,3204,6840.0,6205,6850.0,1857,2025-05-09 16:04:03.216,,2147483647,706564,False,nan
5706,841039,1611694652,MERV - XMEV - GGAL - 24hs,6810.0,2025-05-09 16:04:06,797,2025-05-09 16:04:06.381,6800.0,3347,6790.0,139,6780.0,3590,6770.0,631,6760.0,100,6810.0,6663,6820.0,2563,6830.0,3204,6840.0,6205,6850.0,1857,2025-05-09 16:04:06.301,,2147483647,706564,True,offer
5707,841101,1611694735,MERV - XMEV - GGAL - 24hs,6810.0,2025-05-09 16:04:06,22,2025-05-09 16:04:06.890,6800.0,3347,6790.0,139,6780.0,3575,6770.0,631,6760.0,100,6810.0,5839,6820.0,2563,6830.0,1846,6840.0,6205,6850.0,3215,2025-05-09 16:04:06.806,,2147483647,706564,False,nan
5708,841204,1611694871,MERV - XMEV - GGAL - 24hs,6810.0,2025-05-09 16:04:06,22,2025-05-09 16:04:07.423,6800.0,3347,6790.0,139,6780.0,3575,6770.0,631,6760.0,100,6810.0,5839,6820.0,2563,6830.0,1846,6840.0,6205,6850.0,3215,2025-05-09 16:04:07.305,,2147483647,707388,False,nan
5709,842376,1611696351,MERV - XMEV - GGAL - 24hs,6800.0,2025-05-09 16:04:16,907,2025-05-09 16:04:16.547,6800.0,3347,6790.0,139,6780.0,3575,6770.0,631,6760.0,100,6810.0,5839,6820.0,2563,6830.0,1846,6840.0,6205,6850.0,3215,2025-05-09 16:04:16.467,,2147483647,707388,True,bid
5710,842451,1611696449,MERV - XMEV - GGAL - 24hs,6800.0,2025-05-09 16:04:16,907,2025-05-09 16:04:17.219,6800.0,2440,6790.0,139,6780.0,3575,6770.0,631,6760.0,100,6810.0,5839,6820.0,2563,6830.0,1846,6840.0,6205,6850.0,3215,2025-05-09 16:04:17.127,,2147483647,707388,False,nan
5711,842507,1611696534,MERV - XMEV - GGAL - 24hs,6800.0,2025-05-09 16:04:16,907,2025-05-09 16:04:17.705,6800.0,2440,6790.0,139,6780.0,3575,6770.0,631,6760.0,100,6810.0,5839,6820.0,2563,6830.0,1846,6840.0,6205,6850.0,3215,2025-05-09 16:04:17.627,,2147483647,708295,False,nan
5712,842629,1611696705,MERV - XMEV - GGAL - 24hs,6800.0,2025-05-09 16:04:16,907,2025-05-09 16:04:19.202,6800.0,2440,6790.0,139,6780.0,3575,6770.0,629,6760.0,100,6810.0,5839,6820.0,2563,6830.0,1846,6840.0,6205,6850.0,6015,2025-05-09 16:04:19.120,,2147483647,708295,False,nan
5713,842709,1611696812,MERV - XMEV - GGAL - 24hs,6800.0,2025-05-09 16:04:16,907,2025-05-09 16:04:19.964,6800.0,10931,6790.0,139,6780.0,3575,6770.0,629,6760.0,100,6810.0,5839,6820.0,2563,6830.0,1846,6840.0,6205,6850.0,6015,2025-05-09 16:04:19.878,,2147483647,708295,False,nan
5714,843336,1611697688,MERV - XMEV - GGAL - 24hs,6810.0,2025-05-09 16:04:26,70,2025-05-09 16:04:26.955,6800.0,10931,6790.0,139,6780.0,3575,6770.0,629,6760.0,100,6810.0,5839,6820.0,2563,6830.0,1846,6840.0,6205,6850.0,6015,2025-05-09 16:04:26.752,,2147483647,708295,True,offer
5715,843398,1611697762,MERV - XMEV - GGAL - 24hs,6810.0,2025-05-09 16:04:26,70,2025-05-09 16:04:27.494,6800.0,10931,6790.0,139,6780.0,3575,6770.0,629,6760.0,100,6810.0,5769,6820.0,2563,6830.0,1846,6840.0,6205,6850.0,6015,2025-05-09 16:04:27.416,,2147483647,708295,False,nan
5716,843458,1611697845,MERV - XMEV - GGAL - 24hs,6810.0,2025-05-09 16:04:26,70,2025-05-09 16:04:27.994,6800.0,10931,6790.0,139,6780.0,3575,6770.0,629,6760.0,100,6810.0,5769,6820.0,2563,6830.0,1846,6840.0,6205,6850.0,6015,2025-05-09 16:04:27.916,,2147483647,708365,False,nan
5717,844221,1611698854,MERV - XMEV - GGAL - 24hs,6810.0,2025-05-09 16:04:34,9,2025-05-09 16:04:34.656,6800.0,10931,6790.0,139,6780.0,3575,6770.0,629,6760.0,100,6810.0,5769,6820.0,2563,6830.0,1846,6840.0,6205,6850.0,6015,2025-05-09 16:04:34.576,,2147483647,708365,True,offer
5718,844294,1611698956,MERV - XMEV - GGAL - 24hs,6810.0,2025-05-09 16:04:34,9,2025-05-09 16:04:35.318,6800.0,10931,6790.0,139,6780.0,3575,6770.0,629,6760.0,100,6810.0,5760,6820.0,2563,6830.0,1846,6840.0,6205,6850.0,6015,2025-05-09 16:04:35.239,,2147483647,708365,False,nan
5719,844355,1611699036,MERV - XMEV - GGAL - 24hs,6810.0,2025-05-09 16:04:34,9,2025-05-09 16:04:35.819,6800.0,10931,6790.0,139,6780.0,3575,6770.0,629,6760.0,100,6810.0,5760,6820.0,2563,6830.0,1846,6840.0,6205,6850.0,6015,2025-05-09 16:04:35.739,,2147483647,708374,False,nan
5720,844781,1611699575,MERV - XMEV - GGAL - 24hs,6800.0,2025-05-09 16:04:39,462,2025-05-09 16:04:39.899,6800.0,10931,6790.0,139,6780.0,3575,6770.0,629,6760.0,100,6810.0,5760,6820.0,2563,6830.0,1846,6840.0,6205,6850.0,6015,2025-05-09 16:04:39.820,,2147483647,708374,True,bid
5721,844814,1611699623,MERV - XMEV - GGAL - 24hs,6800.0,2025-05-09 16:04:39,18,2025-05-09 16:04:40.398,6800.0,9931,6790.0,139,6780.0,3575,6770.0,1061,6760.0,100,6810.0,5760,6820.0,2563,6830.0,1846,6840.0,6205,6850.0,6015,2025-05-09 16:04:40.320,,2147483647,708374,False,nan
5722,844868,1611699700,MERV - XMEV - GGAL - 24hs,6800.0,2025-05-09 16:04:39,18,2025-05-09 16:04:40.897,6800.0,9931,6790.0,139,6780.0,3575,6770.0,1061,6760.0,100,6810.0,5760,6820.0,2563,6830.0,1846,6840.0,6205,6850.0,6015,2025-05-09 16:04:40.819,,2147483647,709374,False,nan
5723,845055,1611699953,MERV - XMEV - GGAL - 24hs,6800.0,2025-05-09 16:04:39,18,2025-05-09 16:04:42.618,6800.0,9946,6790.0,139,6780.0,3575,6770.0,1061,6760.0,100,6810.0,5760,6820.0,2563,6830.0,1846,6840.0,6205,6850.0,6015,2025-05-09 16:04:42.537,,2147483647,709374,False,nan
5724,845103,1611700016,MERV - XMEV - GGAL - 24hs,6810.0,2025-05-09 16:04:42,7,2025-05-09 16:04:43.119,6800.0,9946,6790.0,139,6780.0,3575,6770.0,1061,6760.0,100,6810.0,5760,6820.0,2563,6830.0,1846,6840.0,6205,6850.0,6015,2025-05-09 16:04:43.038,,2147483647,709374,True,offer
5725,845157,1611700080,MERV - XMEV - GGAL - 24hs,6810.0,2025-05-09 16:04:42,7,2025-05-09 16:04:43.619,6800.0,9946,6790.0,139,6780.0,3575,6770.0,1061,6760.0,100,6810.0,5753,6820.0,2563,6830.0,1846,6840.0,6205,6850.0,6015,2025-05-09 16:04:43.536,,2147483647,709374,False,nan
5726,845290,1611700244,MERV - XMEV - GGAL - 24hs,6810.0,2025-05-09 16:04:42,7,2025-05-09 16:04:44.143,6800.0,9946,6790.0,139,6780.0,3575,6770.0,1061,6760.0,100,6810.0,5753,6820.0,2563,6830.0,1846,6840.0,6205,6850.0,6015,2025-05-09 16:04:44.036,,2147483647,709381,False,nan
5727,845360,1611700327,MERV - XMEV - GGAL - 24hs,6800.0,2025-05-09 16:04:44,4361,2025-05-09 16:04:44.851,6800.0,9946,6790.0,139,6780.0,3575,6770.0,1061,6760.0,100,6810.0,5753,6820.0,2563,6830.0,1846,6840.0,6205,6850.0,6015,2025-05-09 16:04:44.772,,2147483647,709381,True,bid
5728,845388,1611700364,MERV - XMEV - GGAL - 24hs,6800.0,2025-05-09 16:04:45,888,2025-05-09 16:04:45.834,6800.0,9946,6790.0,139,6780.0,3575,6770.0,1061,6760.0,100,6810.0,5753,6820.0,2563,6830.0,1846,6840.0,6205,6850.0,6015,2025-05-09 16:04:45.751,,2147483647,713742,True,bid
5729,845474,1611700470,MERV - XMEV - GGAL - 24hs,6790.0,2025-05-09 16:04:45,645,2025-05-09 16:04:46.156,6780.0,3575,6770.0,715,6760.0,100,6750.0,2029,6740.0,389,6790.0,4276,6810.0,1392,6820.0,2563,6830.0,1846,6840.0,6205,2025-05-09 16:04:45.856,,2147483647,719466,False,nan
5730,845762,1611700863,MERV - XMEV - GGAL - 24hs,6790.0,2025-05-09 16:04:45,645,2025-05-09 16:04:47.371,6780.0,3575,6770.0,715,6760.0,100,6750.0,2029,6740.0,389,6790.0,3631,6810.0,1392,6820.0,2563,6830.0,1846,6840.0,6205,2025-05-09 16:04:46.553,,2147483647,719466,False,nan
5731,845818,1611700945,MERV - XMEV - GGAL - 24hs,6790.0,2025-05-09 16:04:45,645,2025-05-09 16:04:47.638,6780.0,3575,6770.0,715,6760.0,100,6750.0,2029,6740.0,389,6790.0,3631,6810.0,1392,6820.0,2563,6830.0,1846,6840.0,6205,2025-05-09 16:04:47.052,,2147483647,720111,False,nan
5732,846110,1611701320,MERV - XMEV - GGAL - 24hs,6790.0,2025-05-09 16:04:45,645,2025-05-09 16:04:50.004,6780.0,3575,6770.0,715,6760.0,100,6750.0,1993,6740.0,389,6790.0,3631,6810.0,1392,6820.0,2563,6830.0,1846,6840.0,6205,2025-05-09 16:04:49.910,,2147483647,720111,False,nan
5733,846325,1611701600,MERV - XMEV - GGAL - 24hs,6790.0,2025-05-09 16:04:45,645,2025-05-09 16:04:52.510,6780.0,3575,6770.0,715,6760.0,100,6750.0,1993,6740.0,389,6800.0,3631,6810.0,1392,6820.0,2563,6830.0,1846,6840.0,6205,2025-05-09 16:04:52.427,,2147483647,720111,False,nan
5734,846449,1611701785,MERV - XMEV - GGAL - 24hs,6790.0,2025-05-09 16:04:45,645,2025-05-09 16:04:53.769,6780.0,3651,6770.0,715,6760.0,100,6750.0,1986,6740.0,389,6800.0,3631,6810.0,1392,6820.0,2563,6830.0,1846,6840.0,6205,2025-05-09 16:04:53.692,,2147483647,720111,False,nan
5735,846948,1611702444,MERV - XMEV - GGAL - 24hs,6780.0,2025-05-09 16:04:57,1,2025-05-09 16:04:58.008,6780.0,3651,6770.0,715,6760.0,100,6750.0,1986,6740.0,389,6800.0,3631,6810.0,1392,6820.0,2563,6830.0,1846,6840.0,6205,2025-05-09 16:04:57.928,,2147483647,720111,True,bid
5736,846995,1611702525,MERV - XMEV - GGAL - 24hs,6800.0,2025-05-09 16:04:57,10,2025-05-09 16:04:58.506,6780.0,3651,6770.0,715,6760.0,100,6750.0,1986,6740.0,389,6800.0,3631,6810.0,1392,6820.0,2563,6830.0,1846,6840.0,6205,2025-05-09 16:04:58.428,,2147483647,720112,False,nan
5737,847062,1611702606,MERV - XMEV - GGAL - 24hs,6800.0,2025-05-09 16:04:57,10,2025-05-09 16:04:59.005,6780.0,3650,6770.0,715,6760.0,100,6750.0,1986,6740.0,389,6800.0,3621,6810.0,1392,6820.0,2563,6830.0,1846,6840.0,6205,2025-05-09 16:04:58.927,,2147483647,720122,False,nan
5738,847410,1611703075,MERV - XMEV - GGAL - 24hs,6800.0,2025-05-09 16:04:57,10,2025-05-09 16:05:01.683,6780.0,650,6770.0,715,6760.0,3100,6750.0,1986,6740.0,389,6800.0,3621,6810.0,1392,6820.0,2563,6830.0,1846,6840.0,6205,2025-05-09 16:05:01.596,,2147483647,720122,False,nan
5739,847810,1611703586,MERV - XMEV - GGAL - 24hs,6800.0,2025-05-09 16:04:57,10,2025-05-09 16:05:04.821,6790.0,1,6780.0,574,6770.0,715,6760.0,3100,6750.0,1993,6800.0,3621,6810.0,1392,6820.0,2563,6830.0,1846,6840.0,6205,2025-05-09 16:05:04.732,,2147483647,720122,False,nan
5740,848401,1611704321,MERV - XMEV - GGAL - 24hs,6800.0,2025-05-09 16:04:57,10,2025-05-09 16:05:09.711,6790.0,1,6780.0,574,6770.0,715,6760.0,3100,6750.0,1993,6800.0,3621,6810.0,1392,6820.0,2563,6830.0,1876,6840.0,6205,2025-05-09 16:05:09.633,,2147483647,720122,False,nan
5741,848520,1611704480,MERV - XMEV - GGAL - 24hs,6800.0,2025-05-09 16:04:57,10,2025-05-09 16:05:10.835,6790.0,10001,6780.0,574,6770.0,715,6760.0,3100,6750.0,1993,6800.0,3621,6810.0,1392,6820.0,2563,6830.0,1876,6840.0,6205,2025-05-09 16:05:10.749,,2147483647,720122,False,nan
5742,848752,1611704768,MERV - XMEV - GGAL - 24hs,6800.0,2025-05-09 16:05:12,100,2025-05-09 16:05:12.559,6790.0,10001,6780.0,574,6770.0,715,6760.0,3100,6750.0,1993,6800.0,3621,6810.0,1392,6820.0,2563,6830.0,1876,6840.0,6205,2025-05-09 16:05:12.470,,2147483647,720122,True,offer
5743,848853,1611704905,MERV - XMEV - GGAL - 24hs,6800.0,2025-05-09 16:05:12,100,2025-05-09 16:05:13.079,6790.0,10001,6780.0,574,6770.0,715,6760.0,3100,6750.0,1993,6800.0,3521,6810.0,1392,6820.0,2563,6830.0,1876,6840.0,6205,2025-05-09 16:05:12.970,,2147483647,720122,False,nan
5744,848915,1611704998,MERV - XMEV - GGAL - 24hs,6800.0,2025-05-09 16:05:12,100,2025-05-09 16:05:13.548,6790.0,10001,6780.0,574,6770.0,715,6760.0,3100,6750.0,1993,6800.0,3521,6810.0,1392,6820.0,2563,6830.0,1876,6840.0,6205,2025-05-09 16:05:13.470,,2147483647,720222,False,nan
5745,849266,1611705438,MERV - XMEV - GGAL - 24hs,6800.0,2025-05-09 16:05:12,100,2025-05-09 16:05:16.619,6790.0,10001,6780.0,74,6770.0,715,6760.0,3100,6750.0,1993,6800.0,3551,6810.0,1392,6820.0,2563,6830.0,1876,6840.0,6205,2025-05-09 16:05:16.540,,2147483647,720222,False,nan
5746,849374,1611705591,MERV - XMEV - GGAL - 24hs,6800.0,2025-05-09 16:05:12,100,2025-05-09 16:05:17.666,6790.0,10001,6780.0,934,6770.0,715,6760.0,3100,6750.0,1993,6800.0,3551,6810.0,1392,6820.0,2563,6830.0,1876,6840.0,6205,2025-05-09 16:05:17.582,,2147483647,720222,False,nan
5747,849617,1611705888,MERV - XMEV - GGAL - 24hs,6800.0,2025-05-09 16:05:19,542,2025-05-09 16:05:19.790,6790.0,10001,6780.0,934,6770.0,715,6760.0,3100,6750.0,1993,6800.0,3551,6810.0,1392,6820.0,2563,6830.0,1876,6840.0,6205,2025-05-09 16:05:19.711,,2147483647,720222,True,offer
5748,849703,1611705988,MERV - XMEV - GGAL - 24hs,6800.0,2025-05-09 16:05:19,542,2025-05-09 16:05:20.456,6790.0,10001,6780.0,934,6770.0,715,6760.0,3100,6750.0,1993,6800.0,3009,6810.0,1392,6820.0,2563,6830.0,1876,6840.0,6205,2025-05-09 16:05:20.378,,2147483647,720222,False,nan
5749,849764,1611706094,MERV - XMEV - GGAL - 24hs,6790.0,2025-05-09 16:05:20,2,2025-05-09 16:05:20.992,6790.0,10001,6780.0,934,6770.0,715,6760.0,3100,6750.0,1993,6800.0,3009,6810.0,1392,6820.0,2563,6830.0,1876,6840.0,6205,2025-05-09 16:05:20.877,,2147483647,720764,True,bid
5750,849833,1611706198,MERV - XMEV - GGAL - 24hs,6790.0,2025-05-09 16:05:20,2,2025-05-09 16:05:21.483,6790.0,9998,6780.0,934,6770.0,715,6760.0,3100,6750.0,1993,6800.0,3009,6810.0,1392,6820.0,2563,6830.0,1876,6840.0,6205,2025-05-09 16:05:21.377,,2147483647,720764,False,nan
5751,849879,1611706275,MERV - XMEV - GGAL - 24hs,6790.0,2025-05-09 16:05:20,2,2025-05-09 16:05:21.960,6790.0,9998,6780.0,934,6770.0,715,6760.0,3100,6750.0,1993,6800.0,3009,6810.0,1392,6820.0,2563,6830.0,1876,6840.0,6205,2025-05-09 16:05:21.878,,2147483647,720767,False,nan
5752,850126,1611706617,MERV - XMEV - GGAL - 24hs,6790.0,2025-05-09 16:05:24,16,2025-05-09 16:05:24.104,6790.0,9998,6780.0,934,6770.0,715,6760.0,3100,6750.0,1993,6800.0,3009,6810.0,1392,6820.0,2563,6830.0,1876,6840.0,6205,2025-05-09 16:05:24.026,,2147483647,720767,True,bid
5753,850187,1611706702,MERV - XMEV - GGAL - 24hs,6790.0,2025-05-09 16:05:24,16,2025-05-09 16:05:24.604,6790.0,9982,6780.0,934,6770.0,715,6760.0,3100,6750.0,1993,6800.0,3009,6810.0,1392,6820.0,2563,6830.0,1876,6840.0,6205,2025-05-09 16:05:24.526,,2147483647,720767,False,nan
5754,850236,1611706769,MERV - XMEV - GGAL - 24hs,6790.0,2025-05-09 16:05:24,16,2025-05-09 16:05:25.104,6790.0,9982,6780.0,934,6770.0,715,6760.0,3100,6750.0,1993,6800.0,3009,6810.0,1392,6820.0,2563,6830.0,1876,6840.0,6205,2025-05-09 16:05:25.026,,2147483647,720783,False,nan
5755,850319,1611706885,MERV - XMEV - GGAL - 24hs,6800.0,2025-05-09 16:05:26,100,2025-05-09 16:05:26.129,6790.0,9982,6780.0,934,6770.0,715,6760.0,3100,6750.0,1993,6800.0,3009,6810.0,1392,6820.0,2563,6830.0,1876,6840.0,6205,2025-05-09 16:05:26.051,,2147483647,720783,True,offer
5756,850381,1611706981,MERV - XMEV - GGAL - 24hs,6800.0,2025-05-09 16:05:26,100,2025-05-09 16:05:26.802,6790.0,9982,6780.0,934,6770.0,715,6760.0,3100,6750.0,1993,6800.0,2909,6810.0,1392,6820.0,2563,6830.0,1876,6840.0,6205,2025-05-09 16:05:26.721,,2147483647,720783,False,nan
5757,850434,1611707051,MERV - XMEV - GGAL - 24hs,6800.0,2025-05-09 16:05:26,100,2025-05-09 16:05:27.299,6790.0,9982,6780.0,934,6770.0,715,6760.0,3100,6750.0,1993,6800.0,2909,6810.0,1392,6820.0,2563,6830.0,1876,6840.0,6205,2025-05-09 16:05:27.221,,2147483647,720883,False,nan
5758,850642,1611707326,MERV - XMEV - GGAL - 24hs,6800.0,2025-05-09 16:05:26,100,2025-05-09 16:05:29.839,6790.0,9982,6780.0,950,6770.0,3715,6760.0,100,6750.0,1993,6800.0,3409,6810.0,1392,6820.0,2563,6830.0,1876,6840.0,6205,2025-05-09 16:05:29.751,,2147483647,720883,False,nan
5759,850942,1611707749,MERV - XMEV - GGAL - 24hs,6790.0,2025-05-09 16:05:33,500,2025-05-09 16:05:33.809,6790.0,9982,6780.0,950,6770.0,3715,6760.0,100,6750.0,1993,6800.0,3409,6810.0,1392,6820.0,2563,6830.0,1876,6840.0,6205,2025-05-09 16:05:33.730,,2147483647,720883,True,bid
5760,851001,1611707819,MERV - XMEV - GGAL - 24hs,6790.0,2025-05-09 16:05:33,500,2025-05-09 16:05:34.310,6790.0,9482,6780.0,950,6770.0,3715,6760.0,100,6750.0,1993,6800.0,3409,6810.0,1392,6820.0,2563,6830.0,1876,6840.0,6205,2025-05-09 16:05:34.231,,2147483647,720883,False,nan
5761,851053,1611707893,MERV - XMEV - GGAL - 24hs,6790.0,2025-05-09 16:05:33,500,2025-05-09 16:05:34.834,6790.0,9482,6780.0,950,6770.0,3715,6760.0,100,6750.0,1993,6800.0,3409,6810.0,1392,6820.0,2563,6830.0,1876,6840.0,6205,2025-05-09 16:05:34.731,,2147483647,721383,False,nan
5762,851717,1611708781,MERV - XMEV - GGAL - 24hs,6800.0,2025-05-09 16:05:39,2,2025-05-09 16:05:39.815,6790.0,9482,6780.0,950,6770.0,3715,6760.0,100,6750.0,1993,6800.0,3409,6810.0,1392,6820.0,2563,6830.0,1876,6840.0,6205,2025-05-09 16:05:39.504,,2147483647,721383,True,offer
5763,851749,1611708833,MERV - XMEV - GGAL - 24hs,6800.0,2025-05-09 16:05:39,2,2025-05-09 16:05:40.081,6790.0,9482,6780.0,950,6770.0,3715,6760.0,116,6750.0,1993,6800.0,3407,6810.0,1392,6820.0,2563,6830.0,1876,6840.0,6205,2025-05-09 16:05:40.003,,2147483647,721383,False,nan
5764,851796,1611708899,MERV - XMEV - GGAL - 24hs,6800.0,2025-05-09 16:05:39,2,2025-05-09 16:05:40.581,6790.0,9482,6780.0,950,6770.0,3715,6760.0,116,6750.0,1993,6800.0,3407,6810.0,1392,6820.0,2563,6830.0,1876,6840.0,6205,2025-05-09 16:05:40.504,,2147483647,721385,False,nan
5765,852409,1611709780,MERV - XMEV - GGAL - 24hs,6800.0,2025-05-09 16:05:39,2,2025-05-09 16:05:43.615,6790.0,9482,6780.0,950,6770.0,3713,6760.0,145,6750.0,1993,6800.0,3407,6810.0,1392,6820.0,2563,6830.0,1876,6840.0,6205,2025-05-09 16:05:43.536,,2147483647,721385,False,nan
5766,852683,1611710142,MERV - XMEV - GGAL - 24hs,6800.0,2025-05-09 16:05:39,2,2025-05-09 16:05:46.322,6790.0,9482,6780.0,950,6770.0,3713,6760.0,145,6750.0,2993,6800.0,3407,6810.0,1392,6820.0,2563,6830.0,1876,6840.0,6205,2025-05-09 16:05:46.243,,2147483647,721385,False,nan
5767,852740,1611710221,MERV - XMEV - GGAL - 24hs,6800.0,2025-05-09 16:05:39,2,2025-05-09 16:05:47.136,6790.0,9482,6780.0,950,6770.0,3713,6760.0,1145,6750.0,16993,6800.0,530,6810.0,4269,6820.0,2563,6830.0,1876,6840.0,6205,2025-05-09 16:05:47.057,,2147483647,721385,False,nan
5768,852832,1611710337,MERV - XMEV - GGAL - 24hs,6800.0,2025-05-09 16:05:39,2,2025-05-09 16:05:47.971,6790.0,9482,6780.0,950,6770.0,3713,6760.0,145,6750.0,17993,6800.0,530,6810.0,4269,6820.0,2563,6830.0,1876,6840.0,6205,2025-05-09 16:05:47.892,,2147483647,721385,False,nan
5769,853288,1611710959,MERV - XMEV - GGAL - 24hs,6800.0,2025-05-09 16:05:39,2,2025-05-09 16:05:52.129,6790.0,9482,6780.0,950,6770.0,3713,6760.0,145,6750.0,17993,6800.0,530,6810.0,7269,6820.0,2563,6830.0,1876,6840.0,6205,2025-05-09 16:05:52.045,,2147483647,721385,False,nan
5770,853782,1611711580,MERV - XMEV - GGAL - 24hs,6800.0,2025-05-09 16:05:55,30,2025-05-09 16:05:55.743,6790.0,9482,6780.0,950,6770.0,3713,6760.0,145,6750.0,17993,6800.0,530,6810.0,7269,6820.0,2563,6830.0,1876,6840.0,6205,2025-05-09 16:05:55.665,,2147483647,721385,True,offer
5771,853844,1611711654,MERV - XMEV - GGAL - 24hs,6800.0,2025-05-09 16:05:56,103,2025-05-09 16:05:56.246,6790.0,9482,6780.0,950,6770.0,3713,6760.0,145,6750.0,17993,6800.0,1430,6810.0,7269,6820.0,2563,6830.0,1876,6840.0,6205,2025-05-09 16:05:56.165,,2147483647,721485,True,offer
5772,853895,1611711716,MERV - XMEV - GGAL - 24hs,6800.0,2025-05-09 16:05:56,103,2025-05-09 16:05:56.744,6790.0,9482,6780.0,950,6770.0,3713,6760.0,145,6750.0,17993,6800.0,1430,6810.0,7269,6820.0,2563,6830.0,1876,6840.0,6205,2025-05-09 16:05:56.665,,2147483647,721588,False,nan
5773,853944,1611711780,MERV - XMEV - GGAL - 24hs,6800.0,2025-05-09 16:05:56,103,2025-05-09 16:05:57.245,6790.0,9482,6780.0,950,6770.0,3713,6760.0,145,6750.0,17993,6800.0,1327,6810.0,7269,6820.0,2563,6830.0,1876,6840.0,6205,2025-05-09 16:05:57.165,,2147483647,721588,False,nan
5774,854074,1611711940,MERV - XMEV - GGAL - 24hs,6800.0,2025-05-09 16:05:56,103,2025-05-09 16:05:58.812,6790.0,9482,6780.0,950,6770.0,3713,6760.0,1145,6750.0,16993,6800.0,1327,6810.0,7269,6820.0,2563,6830.0,1876,6840.0,6205,2025-05-09 16:05:58.721,,2147483647,721588,False,nan
5775,854224,1611712137,MERV - XMEV - GGAL - 24hs,6800.0,2025-05-09 16:05:56,103,2025-05-09 16:05:59.816,6790.0,9482,6780.0,950,6770.0,3713,6760.0,16145,6750.0,1993,6800.0,1327,6810.0,7269,6820.0,2563,6830.0,1876,6840.0,6205,2025-05-09 16:05:59.737,,2147483647,721588,False,nan
5776,854646,1611712716,MERV - XMEV - GGAL - 24hs,6800.0,2025-05-09 16:06:04,130,2025-05-09 16:06:04.244,6790.0,9482,6780.0,950,6770.0,3713,6760.0,16145,6750.0,1993,6800.0,1327,6810.0,7269,6820.0,2563,6830.0,1876,6840.0,6205,2025-05-09 16:06:04.163,,2147483647,721588,True,offer
5777,854737,1611712833,MERV - XMEV - GGAL - 24hs,6800.0,2025-05-09 16:06:04,130,2025-05-09 16:06:04.915,6790.0,9483,6780.0,950,6770.0,3713,6760.0,16145,6750.0,1993,6800.0,1197,6810.0,7269,6820.0,2563,6830.0,1876,6840.0,6205,2025-05-09 16:06:04.836,,2147483647,721588,False,nan
5778,854786,1611712895,MERV - XMEV - GGAL - 24hs,6800.0,2025-05-09 16:06:04,130,2025-05-09 16:06:05.415,6790.0,9483,6780.0,950,6770.0,3713,6760.0,16145,6750.0,1993,6800.0,1197,6810.0,7269,6820.0,2563,6830.0,1876,6840.0,6205,2025-05-09 16:06:05.336,,2147483647,721718,False,nan
5779,854882,1611713005,MERV - XMEV - GGAL - 24hs,6800.0,2025-05-09 16:06:04,130,2025-05-09 16:06:05.995,6790.0,9483,6780.0,950,6770.0,3713,6760.0,16145,6750.0,1993,6800.0,1397,6810.0,7269,6820.0,2563,6830.0,1876,6840.0,6205,2025-05-09 16:06:05.916,,2147483647,721718,False,nan
5780,854917,1611713052,MERV - XMEV - GGAL - 24hs,6800.0,2025-05-09 16:06:05,14,2025-05-09 16:06:06.505,6790.0,9483,6780.0,950,6770.0,3713,6760.0,16145,6750.0,1993,6800.0,1397,6810.0,7269,6820.0,2563,6830.0,1876,6840.0,6205,2025-05-09 16:06:06.416,,2147483647,721718,True,offer
5781,854952,1611713093,MERV - XMEV - GGAL - 24hs,6800.0,2025-05-09 16:06:05,14,2025-05-09 16:06:06.995,6790.0,9483,6780.0,950,6770.0,3713,6760.0,16145,6750.0,1993,6800.0,1383,6810.0,7269,6820.0,2563,6830.0,1876,6840.0,6205,2025-05-09 16:06:06.916,,2147483647,721732,False,nan
5782,855100,1611713284,MERV - XMEV - GGAL - 24hs,6800.0,2025-05-09 16:06:08,50,2025-05-09 16:06:09.012,6790.0,9483,6780.0,950,6770.0,3713,6760.0,16145,6750.0,1993,6800.0,1383,6810.0,7269,6820.0,2563,6830.0,1876,6840.0,6205,2025-05-09 16:06:08.907,,2147483647,721732,True,offer
5783,855160,1611713354,MERV - XMEV - GGAL - 24hs,6800.0,2025-05-09 16:06:08,50,2025-05-09 16:06:09.228,6790.0,9483,6780.0,950,6770.0,3713,6760.0,16145,6750.0,1993,6800.0,1333,6810.0,7269,6820.0,2563,6830.0,1876,6840.0,6205,2025-05-09 16:06:09.111,,2147483647,721732,False,nan
5784,855197,1611713401,MERV - XMEV - GGAL - 24hs,6800.0,2025-05-09 16:06:08,50,2025-05-09 16:06:09.691,6790.0,9483,6780.0,950,6770.0,3713,6760.0,16145,6750.0,1993,6800.0,1333,6810.0,7269,6820.0,2563,6830.0,1876,6840.0,6205,2025-05-09 16:06:09.612,,2147483647,721782,False,nan
5785,855258,1611713483,MERV - XMEV - GGAL - 24hs,6800.0,2025-05-09 16:06:10,100,2025-05-09 16:06:10.461,6790.0,9483,6780.0,950,6770.0,3713,6760.0,16145,6750.0,1993,6800.0,1333,6810.0,7269,6820.0,2563,6830.0,1876,6840.0,6205,2025-05-09 16:06:10.381,,2147483647,721782,True,offer
5786,855302,1611713547,MERV - XMEV - GGAL - 24hs,6800.0,2025-05-09 16:06:10,100,2025-05-09 16:06:10.961,6790.0,9483,6780.0,950,6770.0,3713,6760.0,16145,6750.0,1993,6800.0,1233,6810.0,7269,6820.0,2563,6830.0,1876,6840.0,6205,2025-05-09 16:06:10.880,,2147483647,721782,False,nan
5787,855339,1611713612,MERV - XMEV - GGAL - 24hs,6800.0,2025-05-09 16:06:10,100,2025-05-09 16:06:11.468,6790.0,9483,6780.0,950,6770.0,3713,6760.0,16145,6750.0,1993,6800.0,1233,6810.0,7269,6820.0,2563,6830.0,1876,6840.0,6205,2025-05-09 16:06:11.383,,2147483647,721882,False,nan
5788,855417,1611713735,MERV - XMEV - GGAL - 24hs,6800.0,2025-05-09 16:06:12,33,2025-05-09 16:06:12.387,6790.0,9483,6780.0,950,6770.0,3713,6760.0,16145,6750.0,1993,6800.0,1233,6810.0,7269,6820.0,2563,6830.0,1876,6840.0,6205,2025-05-09 16:06:12.302,,2147483647,721882,True,offer
5789,855527,1611713864,MERV - XMEV - GGAL - 24hs,6800.0,2025-05-09 16:06:12,17,2025-05-09 16:06:12.884,6790.0,9483,6780.0,950,6770.0,3713,6760.0,16145,6750.0,1993,6800.0,1233,6810.0,7269,6820.0,2563,6830.0,1876,6840.0,6205,2025-05-09 16:06:12.802,,2147483647,721882,False,nan
5790,855582,1611713943,MERV - XMEV - GGAL - 24hs,6800.0,2025-05-09 16:06:12,17,2025-05-09 16:06:13.379,6790.0,9483,6780.0,950,6770.0,3713,6760.0,16145,6750.0,1993,6800.0,1183,6810.0,7269,6820.0,2563,6830.0,1876,6840.0,6205,2025-05-09 16:06:13.301,,2147483647,721932,False,nan
5791,856135,1611714709,MERV - XMEV - GGAL - 24hs,6800.0,2025-05-09 16:06:17,50,2025-05-09 16:06:17.582,6790.0,9483,6780.0,950,6770.0,3713,6760.0,16145,6750.0,1993,6800.0,1183,6810.0,7269,6820.0,2563,6830.0,1876,6840.0,6205,2025-05-09 16:06:17.502,,2147483647,721932,True,offer
5792,856294,1611714924,MERV - XMEV - GGAL - 24hs,6800.0,2025-05-09 16:06:17,50,2025-05-09 16:06:18.430,6790.0,9483,6780.0,950,6770.0,3713,6760.0,16145,6750.0,1993,6800.0,1133,6810.0,7269,6820.0,2563,6830.0,1876,6840.0,6205,2025-05-09 16:06:18.164,,2147483647,721932,False,nan
5793,856346,1611714982,MERV - XMEV - GGAL - 24hs,6800.0,2025-05-09 16:06:18,122,2025-05-09 16:06:18.749,6790.0,9483,6780.0,950,6770.0,3713,6760.0,16145,6750.0,1993,6800.0,1133,6810.0,7269,6820.0,2563,6830.0,1876,6840.0,6205,2025-05-09 16:06:18.667,,2147483647,721982,True,offer
5794,856409,1611715055,MERV - XMEV - GGAL - 24hs,6800.0,2025-05-09 16:06:18,122,2025-05-09 16:06:19.243,6790.0,9483,6780.0,950,6770.0,3713,6760.0,16145,6750.0,1993,6800.0,1011,6810.0,7269,6820.0,2563,6830.0,1876,6840.0,6205,2025-05-09 16:06:19.163,,2147483647,722104,False,nan
5795,856590,1611715278,MERV - XMEV - GGAL - 24hs,6800.0,2025-05-09 16:06:18,122,2025-05-09 16:06:20.586,6790.0,9483,6780.0,950,6770.0,4059,6760.0,16145,6750.0,1993,6800.0,1011,6810.0,7269,6820.0,2563,6830.0,1876,6840.0,6205,2025-05-09 16:06:20.508,,2147483647,722104,False,nan
5796,856669,1611715377,MERV - XMEV - GGAL - 24hs,6800.0,2025-05-09 16:06:18,122,2025-05-09 16:06:21.272,6790.0,9483,6780.0,950,6770.0,3713,6760.0,16145,6750.0,1972,6800.0,1011,6810.0,7269,6820.0,2563,6830.0,1876,6840.0,6205,2025-05-09 16:06:21.194,,2147483647,722104,False,nan
5797,856787,1611715529,MERV - XMEV - GGAL - 24hs,6800.0,2025-05-09 16:06:18,122,2025-05-09 16:06:22.427,6790.0,9483,6780.0,950,6770.0,4059,6760.0,16145,6750.0,1972,6800.0,1011,6810.0,7269,6820.0,2563,6830.0,1876,6840.0,6205,2025-05-09 16:06:22.106,,2147483647,722104,False,nan
5798,856847,1611715605,MERV - XMEV - GGAL - 24hs,6800.0,2025-05-09 16:06:22,50,2025-05-09 16:06:22.671,6790.0,9483,6780.0,950,6770.0,4059,6760.0,16145,6750.0,1972,6800.0,1011,6810.0,7269,6820.0,2563,6830.0,1876,6840.0,6205,2025-05-09 16:06:22.477,,2147483647,722104,True,offer
5799,856902,1611715691,MERV - XMEV - GGAL - 24hs,6800.0,2025-05-09 16:06:22,50,2025-05-09 16:06:23.056,6790.0,9483,6780.0,950,6770.0,4406,6760.0,16145,6750.0,1972,6800.0,961,6810.0,4269,6820.0,2563,6830.0,1876,6840.0,6205,2025-05-09 16:06:22.977,,2147483647,722104,False,nan
5800,856964,1611715775,MERV - XMEV - GGAL - 24hs,6800.0,2025-05-09 16:06:22,50,2025-05-09 16:06:23.556,6790.0,9483,6780.0,950,6770.0,4406,6760.0,16145,6750.0,1972,6800.0,961,6810.0,4269,6820.0,2563,6830.0,1876,6840.0,6205,2025-05-09 16:06:23.477,,2147483647,722154,False,nan
5801,857057,1611715894,MERV - XMEV - GGAL - 24hs,6800.0,2025-05-09 16:06:22,50,2025-05-09 16:06:24.830,6790.0,9483,6780.0,950,6770.0,4059,6760.0,16145,6750.0,1972,6800.0,961,6810.0,4269,6820.0,2563,6830.0,1876,6840.0,6205,2025-05-09 16:06:24.753,,2147483647,722154,False,nan
5802,857092,1611715941,MERV - XMEV - GGAL - 24hs,6800.0,2025-05-09 16:06:22,50,2025-05-09 16:06:25.611,6790.0,9483,6780.0,950,6770.0,3713,6760.0,16145,6750.0,1972,6800.0,961,6810.0,4269,6820.0,2563,6830.0,1876,6840.0,6205,2025-05-09 16:06:25.527,,2147483647,722154,False,nan
5803,857311,1611716209,MERV - XMEV - GGAL - 24hs,6800.0,2025-05-09 16:06:27,761,2025-05-09 16:06:27.823,6790.0,9483,6780.0,950,6770.0,3713,6760.0,16145,6750.0,1972,6800.0,961,6810.0,4269,6820.0,2563,6830.0,1876,6840.0,6205,2025-05-09 16:06:27.746,,2147483647,722154,True,offer
5804,857357,1611716265,MERV - XMEV - GGAL - 24hs,6800.0,2025-05-09 16:06:27,99,2025-05-09 16:06:28.327,6790.0,9483,6780.0,950,6770.0,3713,6760.0,16145,6750.0,1972,6800.0,961,6810.0,4269,6820.0,2563,6830.0,1876,6840.0,6205,2025-05-09 16:06:28.245,,2147483647,722154,False,nan
5805,857403,1611716330,MERV - XMEV - GGAL - 24hs,6800.0,2025-05-09 16:06:27,99,2025-05-09 16:06:28.825,6790.0,9483,6780.0,90,6770.0,3713,6760.0,16145,6750.0,1972,6800.0,101,6810.0,4269,6820.0,2563,6830.0,1876,6840.0,6205,2025-05-09 16:06:28.746,,2147483647,723014,False,nan
5806,857445,1611716380,MERV - XMEV - GGAL - 24hs,6800.0,2025-05-09 16:06:29,43,2025-05-09 16:06:29.325,6790.0,9483,6780.0,90,6770.0,3713,6760.0,16145,6750.0,1972,6800.0,101,6810.0,4269,6820.0,2563,6830.0,1876,6840.0,6205,2025-05-09 16:06:29.246,,2147483647,723014,True,offer
5807,857478,1611716442,MERV - XMEV - GGAL - 24hs,6800.0,2025-05-09 16:06:29,43,2025-05-09 16:06:29.839,6790.0,9483,6780.0,90,6770.0,3713,6760.0,16145,6750.0,1972,6800.0,58,6810.0,4269,6820.0,2563,6830.0,1876,6840.0,6205,2025-05-09 16:06:29.746,,2147483647,723057,False,nan
5808,858229,1611717494,MERV - XMEV - GGAL - 24hs,6800.0,2025-05-09 16:06:29,43,2025-05-09 16:06:38.401,6790.0,9483,6780.0,90,6770.0,3713,6760.0,16145,6750.0,1972,6800.0,58,6810.0,4269,6820.0,2865,6830.0,1876,6840.0,6205,2025-05-09 16:06:38.320,,2147483647,723057,False,nan
5809,858394,1611717717,MERV - XMEV - GGAL - 24hs,6800.0,2025-05-09 16:06:29,43,2025-05-09 16:06:40.751,6790.0,9482,6780.0,90,6770.0,3713,6760.0,16145,6750.0,1972,6800.0,58,6810.0,4269,6820.0,2865,6830.0,1876,6840.0,6205,2025-05-09 16:06:40.671,,2147483647,723057,False,nan
5810,860041,1611719813,MERV - XMEV - GGAL - 24hs,6800.0,2025-05-09 16:06:56,57,2025-05-09 16:06:56.198,6790.0,9482,6780.0,90,6770.0,3713,6760.0,16145,6750.0,1972,6800.0,58,6810.0,4269,6820.0,2865,6830.0,1876,6840.0,6205,2025-05-09 16:06:56.114,,2147483647,723057,True,offer
5811,860103,1611719898,MERV - XMEV - GGAL - 24hs,6800.0,2025-05-09 16:06:56,57,2025-05-09 16:06:56.858,6790.0,9482,6780.0,90,6770.0,3713,6760.0,16145,6750.0,1972,6800.0,1,6810.0,4269,6820.0,2865,6830.0,1876,6840.0,6205,2025-05-09 16:06:56.780,,2147483647,723057,False,nan
5812,860160,1611719971,MERV - XMEV - GGAL - 24hs,6800.0,2025-05-09 16:06:56,57,2025-05-09 16:06:57.358,6790.0,9482,6780.0,90,6770.0,3713,6760.0,16145,6750.0,1972,6800.0,1,6810.0,4269,6820.0,2865,6830.0,1876,6840.0,6205,2025-05-09 16:06:57.280,,2147483647,723114,False,nan
5813,860323,1611720185,MERV - XMEV - GGAL - 24hs,6800.0,2025-05-09 16:06:56,57,2025-05-09 16:06:58.635,6790.0,9482,6780.0,90,6770.0,3713,6760.0,16145,6750.0,1972,6810.0,4269,6820.0,2865,6830.0,1876,6840.0,6205,6850.0,6015,2025-05-09 16:06:58.543,,2147483647,723114,False,nan
5814,860527,1611720458,MERV - XMEV - GGAL - 24hs,6800.0,2025-05-09 16:06:56,57,2025-05-09 16:06:59.659,6790.0,9558,6780.0,90,6770.0,5445,6760.0,16145,6750.0,1965,6810.0,4269,6820.0,2865,6830.0,1876,6840.0,6205,6850.0,6015,2025-05-09 16:06:59.352,,2147483647,723114,False,nan
5815,860627,1611720612,MERV - XMEV - GGAL - 24hs,6790.0,2025-05-09 16:07:00,9,2025-05-09 16:07:00.247,6790.0,9558,6780.0,90,6770.0,5445,6760.0,16145,6750.0,1965,6810.0,4269,6820.0,2865,6830.0,1876,6840.0,6205,6850.0,6015,2025-05-09 16:07:00.147,,2147483647,723114,True,bid
5816,860710,1611720737,MERV - XMEV - GGAL - 24hs,6790.0,2025-05-09 16:07:00,9,2025-05-09 16:07:00.724,6790.0,9549,6780.0,90,6770.0,9257,6760.0,16145,6750.0,1965,6810.0,4269,6820.0,2865,6830.0,1876,6840.0,6205,6850.0,6015,2025-05-09 16:07:00.646,,2147483647,723114,False,nan
5817,860780,1611720829,MERV - XMEV - GGAL - 24hs,6790.0,2025-05-09 16:07:00,9,2025-05-09 16:07:01.228,6790.0,9549,6780.0,90,6770.0,9257,6760.0,16145,6750.0,1965,6810.0,4269,6820.0,2865,6830.0,1876,6840.0,6205,6850.0,6015,2025-05-09 16:07:01.146,,2147483647,723123,False,nan
5818,860820,1611720887,MERV - XMEV - GGAL - 24hs,6790.0,2025-05-09 16:07:00,9,2025-05-09 16:07:01.808,6800.0,10000,6790.0,9473,6780.0,90,6770.0,9257,6760.0,16152,6810.0,4269,6820.0,2865,6830.0,1876,6840.0,6205,6850.0,6015,2025-05-09 16:07:01.721,,2147483647,723123,False,nan
5819,860860,1611720936,MERV - XMEV - GGAL - 24hs,6800.0,2025-05-09 16:07:01,31,2025-05-09 16:07:02.300,6800.0,10000,6790.0,9473,6780.0,90,6770.0,9257,6760.0,16152,6810.0,4269,6820.0,2865,6830.0,1876,6840.0,6205,6850.0,6015,2025-05-09 16:07:02.222,,2147483647,723123,True,bid
5820,860896,1611720984,MERV - XMEV - GGAL - 24hs,6800.0,2025-05-09 16:07:01,31,2025-05-09 16:07:02.799,6800.0,9969,6790.0,9473,6780.0,90,6770.0,9257,6760.0,16152,6810.0,4269,6820.0,2865,6830.0,1876,6840.0,6205,6850.0,6015,2025-05-09 16:07:02.721,,2147483647,723154,False,nan
5821,860973,1611721098,MERV - XMEV - GGAL - 24hs,6800.0,2025-05-09 16:07:03,8,2025-05-09 16:07:03.739,6800.0,9969,6790.0,9473,6780.0,90,6770.0,9257,6760.0,16152,6810.0,4269,6820.0,2865,6830.0,1876,6840.0,6205,6850.0,6015,2025-05-09 16:07:03.659,,2147483647,723154,True,bid
5822,861058,1611721209,MERV - XMEV - GGAL - 24hs,6800.0,2025-05-09 16:07:03,8,2025-05-09 16:07:04.401,6800.0,9961,6790.0,9473,6780.0,90,6770.0,9257,6760.0,16152,6810.0,4269,6820.0,2865,6830.0,1876,6840.0,6205,6850.0,6015,2025-05-09 16:07:04.324,,2147483647,723154,False,nan
5823,861113,1611721276,MERV - XMEV - GGAL - 24hs,6800.0,2025-05-09 16:07:03,8,2025-05-09 16:07:04.909,6800.0,9961,6790.0,9473,6780.0,90,6770.0,9257,6760.0,16152,6810.0,4269,6820.0,2865,6830.0,1876,6840.0,6205,6850.0,6015,2025-05-09 16:07:04.830,,2147483647,723162,False,nan
5824,861196,1611721389,MERV - XMEV - GGAL - 24hs,6800.0,2025-05-09 16:07:03,8,2025-05-09 16:07:05.652,6800.0,9961,6790.0,9473,6780.0,90,6770.0,3747,6760.0,16152,6810.0,4269,6820.0,2865,6830.0,1876,6840.0,6205,6850.0,6015,2025-05-09 16:07:05.572,,2147483647,723162,False,nan
5825,861297,1611721560,MERV - XMEV - GGAL - 24hs,6800.0,2025-05-09 16:07:03,8,2025-05-09 16:07:06.531,6800.0,9961,6790.0,9473,6780.0,90,6770.0,5135,6760.0,16152,6810.0,4269,6820.0,2865,6830.0,1876,6840.0,6205,6850.0,6015,2025-05-09 16:07:06.451,,2147483647,723162,False,nan
5826,861505,1611721856,MERV - XMEV - GGAL - 24hs,6800.0,2025-05-09 16:07:03,8,2025-05-09 16:07:08.622,6800.0,9961,6790.0,9473,6780.0,1590,6770.0,5135,6760.0,16152,6810.0,4269,6820.0,2865,6830.0,1876,6840.0,6205,6850.0,6015,2025-05-09 16:07:08.537,,2147483647,723162,False,nan
5827,861672,1611722065,MERV - XMEV - GGAL - 24hs,6800.0,2025-05-09 16:07:03,8,2025-05-09 16:07:10.218,6800.0,9961,6790.0,9473,6780.0,1590,6770.0,6176,6760.0,16152,6810.0,4269,6820.0,2865,6830.0,1876,6840.0,6205,6850.0,6015,2025-05-09 16:07:10.140,,2147483647,723162,False,nan
5828,861704,1611722117,MERV - XMEV - GGAL - 24hs,6800.0,2025-05-09 16:07:10,500,2025-05-09 16:07:10.718,6800.0,9961,6790.0,9473,6780.0,1590,6770.0,6176,6760.0,16152,6810.0,4269,6820.0,2865,6830.0,1876,6840.0,6205,6850.0,6015,2025-05-09 16:07:10.640,,2147483647,723162,True,bid
5829,861775,1611722207,MERV - XMEV - GGAL - 24hs,6800.0,2025-05-09 16:07:10,500,2025-05-09 16:07:11.331,6800.0,9961,6790.0,9473,6780.0,1590,6770.0,6176,6760.0,16152,6810.0,4269,6820.0,2865,6830.0,1876,6840.0,6205,6850.0,6015,2025-05-09 16:07:11.238,,2147483647,723662,False,nan
5830,861817,1611722260,MERV - XMEV - GGAL - 24hs,6800.0,2025-05-09 16:07:10,500,2025-05-09 16:07:11.816,6800.0,9461,6790.0,9473,6780.0,1590,6770.0,7911,6760.0,16152,6810.0,4269,6820.0,2865,6830.0,1876,6840.0,6205,6850.0,6015,2025-05-09 16:07:11.738,,2147483647,723662,False,nan
5831,862087,1611722596,MERV - XMEV - GGAL - 24hs,6810.0,2025-05-09 16:07:14,35,2025-05-09 16:07:15.052,6800.0,9461,6790.0,9473,6780.0,1590,6770.0,7911,6760.0,16152,6810.0,4269,6820.0,2865,6830.0,1876,6840.0,6205,6850.0,6015,2025-05-09 16:07:14.970,,2147483647,723662,True,offer
5832,862137,1611722654,MERV - XMEV - GGAL - 24hs,6810.0,2025-05-09 16:07:14,35,2025-05-09 16:07:15.547,6800.0,9461,6790.0,9473,6780.0,1590,6770.0,16238,6760.0,16152,6810.0,4234,6820.0,2865,6830.0,1876,6840.0,6205,6850.0,6015,2025-05-09 16:07:15.470,,2147483647,723662,False,nan
5833,862176,1611722703,MERV - XMEV - GGAL - 24hs,6810.0,2025-05-09 16:07:14,35,2025-05-09 16:07:16.050,6800.0,9461,6790.0,9473,6780.0,1590,6770.0,16238,6760.0,16152,6810.0,4234,6820.0,2865,6830.0,1876,6840.0,6205,6850.0,6015,2025-05-09 16:07:15.970,,2147483647,723697,False,nan
5834,862230,1611722793,MERV - XMEV - GGAL - 24hs,6810.0,2025-05-09 16:07:14,35,2025-05-09 16:07:16.560,6800.0,9461,6790.0,9473,6780.0,1590,6770.0,15891,6760.0,16152,6810.0,4234,6820.0,2865,6830.0,1876,6840.0,6205,6850.0,6015,2025-05-09 16:07:16.471,,2147483647,723697,False,nan
5835,862451,1611723084,MERV - XMEV - GGAL - 24hs,6810.0,2025-05-09 16:07:19,165,2025-05-09 16:07:19.282,6800.0,9461,6790.0,9473,6780.0,1590,6770.0,15891,6760.0,16152,6810.0,4234,6820.0,2865,6830.0,1876,6840.0,6205,6850.0,6015,2025-05-09 16:07:19.194,,2147483647,723697,True,offer
5836,862527,1611723191,MERV - XMEV - GGAL - 24hs,6810.0,2025-05-09 16:07:19,165,2025-05-09 16:07:19.894,6800.0,9461,6790.0,9473,6780.0,2327,6770.0,3609,6760.0,16152,6810.0,4069,6820.0,2865,6830.0,1876,6840.0,6205,6850.0,6015,2025-05-09 16:07:19.816,,2147483647,723697,False,nan
5837,862585,1611723287,MERV - XMEV - GGAL - 24hs,6810.0,2025-05-09 16:07:19,165,2025-05-09 16:07:20.398,6800.0,9461,6790.0,9473,6780.0,2327,6770.0,3609,6760.0,16152,6810.0,4069,6820.0,2865,6830.0,1876,6840.0,6205,6850.0,6015,2025-05-09 16:07:20.316,,2147483647,723862,False,nan
5838,862617,1611723336,MERV - XMEV - GGAL - 24hs,6810.0,2025-05-09 16:07:19,165,2025-05-09 16:07:20.893,6800.0,9461,6790.0,9473,6780.0,1590,6770.0,3747,6760.0,16152,6810.0,4069,6820.0,2865,6830.0,1876,6840.0,6205,6850.0,6015,2025-05-09 16:07:20.816,,2147483647,723862,False,nan
5839,862937,1611723750,MERV - XMEV - GGAL - 24hs,6810.0,2025-05-09 16:07:24,192,2025-05-09 16:07:24.811,6800.0,9461,6790.0,9473,6780.0,1590,6770.0,3747,6760.0,16152,6810.0,4069,6820.0,2865,6830.0,1876,6840.0,6205,6850.0,6015,2025-05-09 16:07:24.733,,2147483647,723862,True,offer
5840,863001,1611723849,MERV - XMEV - GGAL - 24hs,6810.0,2025-05-09 16:07:24,342,2025-05-09 16:07:25.320,6800.0,9461,6790.0,9473,6780.0,1590,6770.0,3747,6760.0,16152,6810.0,4069,6820.0,2865,6830.0,1876,6840.0,6205,6850.0,6015,2025-05-09 16:07:25.233,,2147483647,723862,False,nan
5841,863069,1611723955,MERV - XMEV - GGAL - 24hs,6810.0,2025-05-09 16:07:24,342,2025-05-09 16:07:25.814,6800.0,9461,6790.0,9473,6780.0,1590,6770.0,3747,6760.0,1152,6810.0,2535,6820.0,2865,6830.0,1876,6840.0,6205,6850.0,6015,2025-05-09 16:07:25.732,,2147483647,725396,False,nan
5842,863267,1611724215,MERV - XMEV - GGAL - 24hs,6810.0,2025-05-09 16:07:24,342,2025-05-09 16:07:27.295,6800.0,9461,6790.0,9473,6780.0,1590,6770.0,4094,6760.0,1152,6810.0,2535,6820.0,2865,6830.0,1876,6840.0,6205,6850.0,6015,2025-05-09 16:07:27.215,,2147483647,725396,False,nan
5843,863397,1611724396,MERV - XMEV - GGAL - 24hs,6810.0,2025-05-09 16:07:24,342,2025-05-09 16:07:28.662,6800.0,9461,6790.0,9473,6780.0,1590,6770.0,4094,6760.0,152,6810.0,2535,6820.0,2865,6830.0,1876,6840.0,6205,6850.0,6015,2025-05-09 16:07:28.574,,2147483647,725396,False,nan
5844,864042,1611725283,MERV - XMEV - GGAL - 24hs,6810.0,2025-05-09 16:07:24,342,2025-05-09 16:07:34.630,6800.0,9461,6790.0,9473,6780.0,1590,6770.0,3747,6760.0,152,6810.0,2535,6820.0,2865,6830.0,1876,6840.0,6205,6850.0,6015,2025-05-09 16:07:34.552,,2147483647,725396,False,nan
5845,864140,1611725423,MERV - XMEV - GGAL - 24hs,6810.0,2025-05-09 16:07:24,342,2025-05-09 16:07:35.706,6800.0,9536,6790.0,9473,6780.0,1590,6770.0,3747,6760.0,152,6810.0,2535,6820.0,2865,6830.0,1876,6840.0,6205,6850.0,6015,2025-05-09 16:07:35.624,,2147483647,725396,False,nan
5846,864705,1611726192,MERV - XMEV - GGAL - 24hs,6810.0,2025-05-09 16:07:43,2535,2025-05-09 16:07:43.159,6800.0,9536,6790.0,9473,6780.0,1590,6770.0,3747,6760.0,152,6810.0,2535,6820.0,2865,6830.0,1876,6840.0,6205,6850.0,6015,2025-05-09 16:07:43.081,,2147483647,725396,True,offer
5847,864759,1611726255,MERV - XMEV - GGAL - 24hs,6810.0,2025-05-09 16:07:43,2465,2025-05-09 16:07:43.659,6800.0,9536,6790.0,9473,6780.0,1590,6770.0,3747,6760.0,152,6810.0,2535,6820.0,2865,6830.0,1876,6840.0,6205,6850.0,6015,2025-05-09 16:07:43.581,,2147483647,727931,False,nan
5848,864797,1611726309,MERV - XMEV - GGAL - 24hs,6800.0,2025-05-09 16:07:43,366,2025-05-09 16:07:44.158,6800.0,9170,6790.0,9473,6780.0,1590,6770.0,3747,6760.0,152,6810.0,2535,6820.0,2865,6830.0,1876,6840.0,6205,6850.0,6015,2025-05-09 16:07:44.080,,2147483647,730762,False,nan
5849,865227,1611726839,MERV - XMEV - GGAL - 24hs,6800.0,2025-05-09 16:07:43,366,2025-05-09 16:07:47.498,6800.0,9170,6790.0,12473,6780.0,1590,6770.0,747,6760.0,152,6810.0,2535,6820.0,2865,6830.0,1876,6840.0,6205,6850.0,6015,2025-05-09 16:07:47.420,,2147483647,730762,False,nan
5850,865817,1611727603,MERV - XMEV - GGAL - 24hs,6800.0,2025-05-09 16:07:43,366,2025-05-09 16:07:53.708,6800.0,9170,6790.0,12473,6780.0,1590,6770.0,1591,6760.0,152,6810.0,2535,6820.0,2865,6830.0,1876,6840.0,6205,6850.0,6015,2025-05-09 16:07:53.570,,2147483647,730762,False,nan
5851,865955,1611727782,MERV - XMEV - GGAL - 24hs,6800.0,2025-05-09 16:07:55,2535,2025-05-09 16:07:55.186,6800.0,9170,6790.0,12473,6780.0,1590,6770.0,1591,6760.0,152,6810.0,2535,6820.0,2865,6830.0,1876,6840.0,6205,6850.0,6015,2025-05-09 16:07:55.107,,2147483647,730762,True,bid
5852,865994,1611727838,MERV - XMEV - GGAL - 24hs,6800.0,2025-05-09 16:07:55,300,2025-05-09 16:07:55.696,6800.0,6635,6790.0,12473,6780.0,1590,6770.0,1591,6760.0,152,6820.0,2865,6830.0,1876,6840.0,6205,6850.0,6015,6860.0,3000,2025-05-09 16:07:55.606,,2147483647,738297,False,nan
5853,866034,1611727898,MERV - XMEV - GGAL - 24hs,6800.0,2025-05-09 16:07:55,75,2025-05-09 16:07:56.655,6790.0,12473,6780.0,1590,6770.0,1591,6760.0,152,6750.0,1965,6800.0,3698,6820.0,2865,6830.0,1876,6840.0,6205,6850.0,6015,2025-05-09 16:07:56.535,,2147483647,739932,False,nan
5854,866895,1611729030,MERV - XMEV - GGAL - 24hs,6800.0,2025-05-09 16:08:03,1206,2025-05-09 16:08:03.666,6790.0,12473,6780.0,1590,6770.0,1591,6760.0,152,6750.0,1965,6800.0,3698,6820.0,2865,6830.0,1876,6840.0,6205,6850.0,6015,2025-05-09 16:08:03.589,,2147483647,739932,True,offer
5855,867032,1611729200,MERV - XMEV - GGAL - 24hs,6800.0,2025-05-09 16:08:03,1206,2025-05-09 16:08:04.333,6790.0,12473,6780.0,1590,6770.0,1591,6760.0,152,6750.0,1965,6800.0,2492,6820.0,2865,6830.0,1876,6840.0,6205,6850.0,6015,2025-05-09 16:08:04.255,,2147483647,739932,False,nan
5856,867083,1611729259,MERV - XMEV - GGAL - 24hs,6800.0,2025-05-09 16:08:03,1206,2025-05-09 16:08:04.838,6790.0,12473,6780.0,1590,6770.0,1591,6760.0,152,6750.0,1965,6800.0,2492,6820.0,2865,6830.0,1876,6840.0,6205,6850.0,6015,2025-05-09 16:08:04.756,,2147483647,741138,False,nan
5857,867663,1611729999,MERV - XMEV - GGAL - 24hs,6800.0,2025-05-09 16:08:03,1206,2025-05-09 16:08:09.740,6790.0,12473,6780.0,1590,6770.0,1591,6760.0,152,6750.0,1965,6800.0,2492,6820.0,2865,6830.0,1876,6840.0,6205,6850.0,6017,2025-05-09 16:08:09.658,,2147483647,741138,False,nan
5858,867908,1611730298,MERV - XMEV - GGAL - 24hs,6800.0,2025-05-09 16:08:03,1206,2025-05-09 16:08:11.663,6790.0,9473,6780.0,1590,6770.0,4591,6760.0,152,6750.0,1965,6800.0,2492,6820.0,2865,6830.0,1876,6840.0,6205,6850.0,6017,2025-05-09 16:08:11.584,,2147483647,741138,False,nan
5859,868177,1611730661,MERV - XMEV - GGAL - 24hs,6800.0,2025-05-09 16:08:03,1206,2025-05-09 16:08:14.108,6790.0,9473,6780.0,1590,6770.0,4591,6760.0,152,6750.0,1970,6800.0,2492,6810.0,500,6820.0,2865,6830.0,1876,6840.0,6205,2025-05-09 16:08:13.952,,2147483647,741138,False,nan
5860,868879,1611731666,MERV - XMEV - GGAL - 24hs,6800.0,2025-05-09 16:08:03,1206,2025-05-09 16:08:21.669,6790.0,9473,6780.0,1590,6770.0,4591,6760.0,152,6750.0,1970,6800.0,2492,6810.0,500,6820.0,2563,6830.0,1876,6840.0,6205,2025-05-09 16:08:21.590,,2147483647,741138,False,nan
5861,868918,1611731719,MERV - XMEV - GGAL - 24hs,6790.0,2025-05-09 16:08:21,70,2025-05-09 16:08:22.173,6790.0,9473,6780.0,1590,6770.0,4591,6760.0,152,6750.0,1970,6800.0,2492,6810.0,500,6820.0,2563,6830.0,1876,6840.0,6205,2025-05-09 16:08:22.091,,2147483647,741138,True,bid
5862,868952,1611731762,MERV - XMEV - GGAL - 24hs,6790.0,2025-05-09 16:08:21,70,2025-05-09 16:08:22.684,6790.0,9403,6780.0,1590,6770.0,4591,6760.0,152,6750.0,1970,6800.0,2492,6810.0,500,6820.0,2563,6830.0,1876,6840.0,6205,2025-05-09 16:08:22.606,,2147483647,741138,False,nan
5863,869005,1611731836,MERV - XMEV - GGAL - 24hs,6790.0,2025-05-09 16:08:21,70,2025-05-09 16:08:23.188,6790.0,9403,6780.0,1590,6770.0,4591,6760.0,152,6750.0,1970,6800.0,2492,6810.0,500,6820.0,2563,6830.0,1876,6840.0,6205,2025-05-09 16:08:23.106,,2147483647,741208,False,nan
5864,869040,1611731881,MERV - XMEV - GGAL - 24hs,6790.0,2025-05-09 16:08:21,70,2025-05-09 16:08:23.717,6790.0,9403,6780.0,4590,6770.0,1591,6760.0,152,6750.0,1970,6800.0,2492,6810.0,500,6820.0,2563,6830.0,1876,6840.0,6205,2025-05-09 16:08:23.636,,2147483647,741208,False,nan
5865,869249,1611732156,MERV - XMEV - GGAL - 24hs,6790.0,2025-05-09 16:08:21,70,2025-05-09 16:08:25.802,6790.0,9403,6780.0,4590,6770.0,1591,6760.0,152,6750.0,1970,6800.0,2492,6810.0,500,6820.0,2563,6830.0,1877,6840.0,6205,2025-05-09 16:08:25.723,,2147483647,741208,False,nan
5866,869907,1611732988,MERV - XMEV - GGAL - 24hs,6790.0,2025-05-09 16:08:32,2492,2025-05-09 16:08:32.753,6790.0,9403,6780.0,4590,6770.0,1591,6760.0,152,6750.0,1970,6800.0,2492,6810.0,500,6820.0,2563,6830.0,1877,6840.0,6205,2025-05-09 16:08:32.674,,2147483647,741208,True,bid
5867,869975,1611733074,MERV - XMEV - GGAL - 24hs,6790.0,2025-05-09 16:08:32,5000,2025-05-09 16:08:33.252,6790.0,1987,6780.0,4590,6770.0,1591,6760.0,145,6750.0,1970,6810.0,500,6820.0,2563,6830.0,1877,6840.0,6205,6850.0,16017,2025-05-09 16:08:33.173,,2147483647,743700,False,nan
5868,870024,1611733129,MERV - XMEV - GGAL - 24hs,6770.0,2025-05-09 16:08:33,19,2025-05-09 16:08:33.752,6790.0,1987,6780.0,4590,6770.0,1591,6760.0,145,6750.0,1970,6810.0,500,6820.0,2563,6830.0,1877,6840.0,6205,6850.0,16017,2025-05-09 16:08:33.674,,2147483647,756887,True,bid
5869,870099,1611733214,MERV - XMEV - GGAL - 24hs,6770.0,2025-05-09 16:08:34,71,2025-05-09 16:08:34.250,6760.0,145,6750.0,1970,6740.0,389,6730.0,1270,6720.0,20154,6770.0,1794,6810.0,500,6820.0,2563,6830.0,1877,6840.0,6212,2025-05-09 16:08:34.173,,2147483647,757010,True,bid
5870,870152,1611733277,MERV - XMEV - GGAL - 24hs,6770.0,2025-05-09 16:08:34,127,2025-05-09 16:08:34.752,6760.0,145,6750.0,1970,6740.0,389,6730.0,1270,6720.0,20154,6770.0,1794,6810.0,500,6820.0,2563,6830.0,1877,6840.0,6212,2025-05-09 16:08:34.673,,2147483647,758700,False,nan
5871,870207,1611733345,MERV - XMEV - GGAL - 24hs,6770.0,2025-05-09 16:08:34,1482,2025-05-09 16:08:35.251,6750.0,1955,6740.0,479,6730.0,1270,6720.0,20154,6710.0,4727,6770.0,2232,6810.0,500,6820.0,2563,6830.0,1884,6840.0,6205,2025-05-09 16:08:35.173,,2147483647,761613,False,nan
5872,870255,1611733401,MERV - XMEV - GGAL - 24hs,6770.0,2025-05-09 16:08:35,753,2025-05-09 16:08:35.912,6750.0,1955,6740.0,479,6730.0,1270,6720.0,20154,6710.0,4727,6770.0,4247,6810.0,500,6820.0,2563,6830.0,1884,6840.0,6205,2025-05-09 16:08:35.686,,2147483647,763866,True,offer
5873,870288,1611733436,MERV - XMEV - GGAL - 24hs,6770.0,2025-05-09 16:08:35,753,2025-05-09 16:08:36.250,6750.0,1955,6740.0,479,6730.0,1270,6720.0,20154,6710.0,4727,6770.0,4247,6810.0,500,6820.0,2563,6830.0,1884,6840.0,6205,2025-05-09 16:08:36.173,,2147483647,764619,False,nan
5874,870328,1611733485,MERV - XMEV - GGAL - 24hs,6770.0,2025-05-09 16:08:35,753,2025-05-09 16:08:36.750,6750.0,1955,6740.0,479,6730.0,1270,6720.0,20154,6710.0,4727,6770.0,4247,6800.0,76,6810.0,500,6820.0,2563,6830.0,1877,2025-05-09 16:08:36.673,,2147483647,764619,False,nan
5875,870693,1611733992,MERV - XMEV - GGAL - 24hs,6770.0,2025-05-09 16:08:41,101,2025-05-09 16:08:41.198,6750.0,1955,6740.0,479,6730.0,1270,6720.0,20154,6710.0,4727,6770.0,4247,6800.0,76,6810.0,500,6820.0,2563,6830.0,1877,2025-05-09 16:08:41.117,,2147483647,764619,True,offer
5876,870773,1611734098,MERV - XMEV - GGAL - 24hs,6770.0,2025-05-09 16:08:41,101,2025-05-09 16:08:41.858,6750.0,1955,6740.0,479,6730.0,1270,6720.0,20154,6710.0,4727,6770.0,4146,6800.0,76,6810.0,500,6820.0,2563,6830.0,1877,2025-05-09 16:08:41.779,,2147483647,764619,False,nan
5877,870811,1611734145,MERV - XMEV - GGAL - 24hs,6770.0,2025-05-09 16:08:41,101,2025-05-09 16:08:42.374,6750.0,1955,6740.0,479,6730.0,1270,6720.0,20154,6710.0,4727,6770.0,4146,6800.0,76,6810.0,500,6820.0,2563,6830.0,1877,2025-05-09 16:08:42.279,,2147483647,764720,False,nan
5878,871420,1611734940,MERV - XMEV - GGAL - 24hs,6770.0,2025-05-09 16:08:49,1503,2025-05-09 16:08:49.159,6750.0,1955,6740.0,479,6730.0,1270,6720.0,20154,6710.0,4727,6770.0,4146,6800.0,76,6810.0,500,6820.0,2563,6830.0,1877,2025-05-09 16:08:49.081,,2147483647,764720,True,offer
5879,871487,1611735023,MERV - XMEV - GGAL - 24hs,6770.0,2025-05-09 16:08:49,3,2025-05-09 16:08:49.663,6750.0,1955,6740.0,479,6730.0,1270,6720.0,20154,6710.0,4727,6770.0,2640,6790.0,178,6800.0,76,6810.0,500,6820.0,2563,2025-05-09 16:08:49.582,,2147483647,764720,False,nan
5880,871529,1611735077,MERV - XMEV - GGAL - 24hs,6770.0,2025-05-09 16:08:49,3,2025-05-09 16:08:50.171,6750.0,1955,6740.0,479,6730.0,1270,6720.0,20154,6710.0,4727,6770.0,2640,6790.0,178,6800.0,76,6810.0,500,6820.0,2563,2025-05-09 16:08:50.081,,2147483647,766226,False,nan
5881,871750,1611735350,MERV - XMEV - GGAL - 24hs,6770.0,2025-05-09 16:08:52,511,2025-05-09 16:08:52.441,6750.0,1955,6740.0,479,6730.0,1270,6720.0,20154,6710.0,4727,6770.0,2640,6790.0,178,6800.0,76,6810.0,500,6820.0,2563,2025-05-09 16:08:52.363,,2147483647,766226,True,offer
5882,871802,1611735408,MERV - XMEV - GGAL - 24hs,6770.0,2025-05-09 16:08:52,352,2025-05-09 16:08:52.943,6750.0,1955,6740.0,479,6730.0,1270,6720.0,20154,6710.0,4727,6770.0,2640,6790.0,178,6800.0,76,6810.0,500,6820.0,2563,2025-05-09 16:08:52.864,,2147483647,767173,False,nan
5883,871850,1611735465,MERV - XMEV - GGAL - 24hs,6770.0,2025-05-09 16:08:52,352,2025-05-09 16:08:53.446,6750.0,1955,6740.0,479,6730.0,1270,6720.0,20154,6710.0,4727,6770.0,1341,6790.0,178,6800.0,76,6810.0,500,6820.0,2563,2025-05-09 16:08:53.363,,2147483647,767525,False,nan
5884,872185,1611735892,MERV - XMEV - GGAL - 24hs,6770.0,2025-05-09 16:08:52,352,2025-05-09 16:08:58.324,6750.0,1955,6740.0,479,6730.0,16270,6720.0,5154,6710.0,4727,6770.0,1341,6790.0,178,6800.0,76,6810.0,500,6820.0,2563,2025-05-09 16:08:58.247,,2147483647,767525,False,nan
5885,872389,1611736154,MERV - XMEV - GGAL - 24hs,6770.0,2025-05-09 16:08:52,352,2025-05-09 16:09:00.578,6750.0,1955,6740.0,479,6730.0,16270,6720.0,5155,6710.0,4727,6770.0,1341,6790.0,178,6800.0,76,6810.0,500,6820.0,2563,2025-05-09 16:09:00.501,,2147483647,767525,False,nan
5886,872635,1611736497,MERV - XMEV - GGAL - 24hs,6770.0,2025-05-09 16:09:03,94,2025-05-09 16:09:03.653,6750.0,1955,6740.0,479,6730.0,16270,6720.0,5155,6710.0,4727,6770.0,1341,6790.0,178,6800.0,76,6810.0,500,6820.0,2563,2025-05-09 16:09:03.576,,2147483647,767525,True,offer
5887,872671,1611736543,MERV - XMEV - GGAL - 24hs,6770.0,2025-05-09 16:09:03,50,2025-05-09 16:09:04.154,6750.0,1955,6740.0,479,6730.0,16270,6720.0,5155,6710.0,4727,6770.0,1341,6790.0,178,6800.0,76,6810.0,500,6820.0,2563,2025-05-09 16:09:04.076,,2147483647,767619,False,nan
5888,872709,1611736587,MERV - XMEV - GGAL - 24hs,6770.0,2025-05-09 16:09:04,707,2025-05-09 16:09:04.654,6750.0,1955,6740.0,479,6730.0,16270,6720.0,5155,6710.0,4727,6770.0,490,6790.0,178,6800.0,76,6810.0,500,6820.0,2563,2025-05-09 16:09:04.576,,2147483647,767669,True,offer
5889,872758,1611736654,MERV - XMEV - GGAL - 24hs,6770.0,2025-05-09 16:09:04,707,2025-05-09 16:09:05.164,6750.0,1955,6740.0,479,6730.0,16270,6720.0,5155,6710.0,4727,6770.0,490,6790.0,178,6800.0,76,6810.0,500,6820.0,2563,2025-05-09 16:09:05.076,,2147483647,768376,False,nan
5890,873183,1611737221,MERV - XMEV - GGAL - 24hs,6770.0,2025-05-09 16:09:04,707,2025-05-09 16:09:09.245,6750.0,1955,6740.0,479,6730.0,16273,6720.0,5155,6710.0,4727,6770.0,490,6790.0,178,6800.0,76,6810.0,500,6820.0,2563,2025-05-09 16:09:09.163,,2147483647,768376,False,nan
5891,873399,1611737483,MERV - XMEV - GGAL - 24hs,6770.0,2025-05-09 16:09:12,10,2025-05-09 16:09:12.328,6750.0,1955,6740.0,479,6730.0,16273,6720.0,5155,6710.0,4727,6770.0,490,6790.0,178,6800.0,76,6810.0,500,6820.0,2563,2025-05-09 16:09:12.236,,2147483647,768376,True,offer
5892,873437,1611737529,MERV - XMEV - GGAL - 24hs,6770.0,2025-05-09 16:09:12,10,2025-05-09 16:09:12.980,6750.0,1955,6740.0,479,6730.0,16273,6720.0,5155,6710.0,4727,6770.0,480,6790.0,178,6800.0,76,6810.0,500,6820.0,2563,2025-05-09 16:09:12.903,,2147483647,768376,False,nan
5893,873483,1611737588,MERV - XMEV - GGAL - 24hs,6770.0,2025-05-09 16:09:12,10,2025-05-09 16:09:13.480,6750.0,1955,6740.0,479,6730.0,16273,6720.0,5155,6710.0,4727,6770.0,480,6790.0,178,6800.0,76,6810.0,500,6820.0,2563,2025-05-09 16:09:13.403,,2147483647,768386,False,nan
5894,873537,1611737654,MERV - XMEV - GGAL - 24hs,6750.0,2025-05-09 16:09:13,3,2025-05-09 16:09:13.981,6750.0,1955,6740.0,479,6730.0,16273,6720.0,5155,6710.0,4727,6770.0,480,6790.0,178,6800.0,76,6810.0,500,6820.0,2563,2025-05-09 16:09:13.903,,2147483647,768386,True,bid
5895,873571,1611737702,MERV - XMEV - GGAL - 24hs,6750.0,2025-05-09 16:09:13,3,2025-05-09 16:09:14.481,6750.0,1952,6740.0,479,6730.0,16273,6720.0,5155,6710.0,4727,6770.0,480,6790.0,178,6800.0,76,6810.0,1000,6820.0,2563,2025-05-09 16:09:14.403,,2147483647,768389,False,nan
5896,873619,1611737770,MERV - XMEV - GGAL - 24hs,6770.0,2025-05-09 16:09:14,1,2025-05-09 16:09:14.981,6750.0,1952,6740.0,479,6730.0,16273,6720.0,5155,6710.0,4727,6770.0,480,6790.0,178,6800.0,76,6810.0,1000,6820.0,2563,2025-05-09 16:09:14.903,,2147483647,768389,True,offer
5897,873656,1611737812,MERV - XMEV - GGAL - 24hs,6770.0,2025-05-09 16:09:14,1,2025-05-09 16:09:15.525,6750.0,1952,6740.0,479,6730.0,16273,6720.0,5155,6710.0,4727,6770.0,479,6790.0,178,6800.0,76,6810.0,1000,6820.0,2563,2025-05-09 16:09:15.441,,2147483647,768389,False,nan
5898,873701,1611737866,MERV - XMEV - GGAL - 24hs,6770.0,2025-05-09 16:09:14,1,2025-05-09 16:09:16.029,6750.0,1952,6740.0,479,6730.0,16273,6720.0,5155,6710.0,4727,6770.0,479,6790.0,178,6800.0,76,6810.0,1000,6820.0,2563,2025-05-09 16:09:15.942,,2147483647,768390,False,nan
5899,873739,1611737907,MERV - XMEV - GGAL - 24hs,6770.0,2025-05-09 16:09:16,10,2025-05-09 16:09:16.519,6750.0,1952,6740.0,479,6730.0,16273,6720.0,5155,6710.0,4727,6770.0,479,6790.0,178,6800.0,76,6810.0,1000,6820.0,2563,2025-05-09 16:09:16.442,,2147483647,768390,True,offer
5900,873769,1611737953,MERV - XMEV - GGAL - 24hs,6770.0,2025-05-09 16:09:16,10,2025-05-09 16:09:17.020,6750.0,1952,6740.0,479,6730.0,16273,6720.0,5155,6710.0,4727,6770.0,469,6790.0,178,6800.0,76,6810.0,1000,6820.0,2563,2025-05-09 16:09:16.942,,2147483647,768400,False,nan
5901,873963,1611738186,MERV - XMEV - GGAL - 24hs,6770.0,2025-05-09 16:09:19,199,2025-05-09 16:09:19.497,6750.0,1952,6740.0,479,6730.0,16273,6720.0,5155,6710.0,4727,6770.0,469,6790.0,178,6800.0,76,6810.0,1000,6820.0,2563,2025-05-09 16:09:19.419,,2147483647,768400,True,offer
5902,874015,1611738247,MERV - XMEV - GGAL - 24hs,6770.0,2025-05-09 16:09:19,199,2025-05-09 16:09:20.143,6750.0,1952,6740.0,479,6730.0,16273,6720.0,5155,6710.0,4727,6770.0,270,6790.0,178,6800.0,76,6810.0,1000,6820.0,2563,2025-05-09 16:09:20.061,,2147483647,768400,False,nan
5903,874067,1611738312,MERV - XMEV - GGAL - 24hs,6770.0,2025-05-09 16:09:19,199,2025-05-09 16:09:20.638,6750.0,1952,6740.0,479,6730.0,16273,6720.0,5155,6710.0,4727,6770.0,270,6790.0,178,6800.0,76,6810.0,1000,6820.0,2563,2025-05-09 16:09:20.561,,2147483647,768599,False,nan
5904,875059,1611739566,MERV - XMEV - GGAL - 24hs,6770.0,2025-05-09 16:09:19,199,2025-05-09 16:09:29.401,6750.0,1952,6740.0,479,6730.0,273,6720.0,21155,6710.0,4727,6770.0,270,6790.0,178,6800.0,76,6810.0,1000,6820.0,2563,2025-05-09 16:09:29.323,,2147483647,768599,False,nan
5905,875566,1611740207,MERV - XMEV - GGAL - 24hs,6770.0,2025-05-09 16:09:34,3,2025-05-09 16:09:34.563,6750.0,1952,6740.0,479,6730.0,273,6720.0,21155,6710.0,4727,6770.0,270,6790.0,178,6800.0,76,6810.0,1000,6820.0,2563,2025-05-09 16:09:34.353,,2147483647,768599,True,offer
5906,875644,1611740298,MERV - XMEV - GGAL - 24hs,6770.0,2025-05-09 16:09:34,3,2025-05-09 16:09:35.116,6750.0,1702,6740.0,479,6730.0,523,6720.0,21155,6710.0,4727,6770.0,267,6790.0,178,6800.0,76,6810.0,1000,6820.0,2563,2025-05-09 16:09:35.023,,2147483647,768599,False,nan
5907,875718,1611740389,MERV - XMEV - GGAL - 24hs,6770.0,2025-05-09 16:09:34,3,2025-05-09 16:09:35.620,6750.0,1702,6740.0,479,6730.0,523,6720.0,21155,6710.0,4727,6770.0,267,6790.0,178,6800.0,76,6810.0,1000,6820.0,2563,2025-05-09 16:09:35.524,,2147483647,768602,False,nan
5908,876375,1611741219,MERV - XMEV - GGAL - 24hs,6770.0,2025-05-09 16:09:34,3,2025-05-09 16:09:42.199,6750.0,1702,6740.0,479,6730.0,523,6720.0,21655,6710.0,4727,6770.0,267,6790.0,178,6800.0,76,6810.0,1000,6820.0,2563,2025-05-09 16:09:42.117,,2147483647,768602,False,nan
5909,876792,1611741726,MERV - XMEV - GGAL - 24hs,6750.0,2025-05-09 16:09:47,7,2025-05-09 16:09:47.495,6750.0,1702,6740.0,479,6730.0,523,6720.0,21655,6710.0,4727,6770.0,267,6790.0,178,6800.0,76,6810.0,1000,6820.0,2563,2025-05-09 16:09:47.416,,2147483647,768602,True,bid
5910,876829,1611741766,MERV - XMEV - GGAL - 24hs,6750.0,2025-05-09 16:09:47,95,2025-05-09 16:09:47.994,6750.0,1702,6740.0,479,6730.0,523,6720.0,21655,6710.0,4727,6770.0,267,6790.0,178,6800.0,76,6810.0,1000,6820.0,2563,2025-05-09 16:09:47.916,,2147483647,768602,False,nan
5911,876875,1611741819,MERV - XMEV - GGAL - 24hs,6750.0,2025-05-09 16:09:47,95,2025-05-09 16:09:48.494,6750.0,1480,6740.0,479,6730.0,523,6720.0,21655,6710.0,4727,6770.0,267,6790.0,178,6800.0,76,6810.0,1000,6820.0,2563,2025-05-09 16:09:48.416,,2147483647,768824,False,nan
5912,877737,1611742878,MERV - XMEV - GGAL - 24hs,6770.0,2025-05-09 16:09:57,267,2025-05-09 16:09:58.246,6750.0,1480,6740.0,479,6730.0,523,6720.0,21655,6710.0,4727,6770.0,267,6790.0,178,6800.0,76,6810.0,1000,6820.0,2563,2025-05-09 16:09:58.101,,2147483647,768824,True,offer
5913,877787,1611742940,MERV - XMEV - GGAL - 24hs,6770.0,2025-05-09 16:09:57,267,2025-05-09 16:09:58.691,6750.0,1480,6740.0,479,6730.0,523,6720.0,21655,6710.0,4727,6780.0,5000,6790.0,254,6810.0,1000,6820.0,2563,6830.0,2179,2025-05-09 16:09:58.614,,2147483647,768824,False,nan
5914,877863,1611743030,MERV - XMEV - GGAL - 24hs,6770.0,2025-05-09 16:09:57,267,2025-05-09 16:09:59.197,6750.0,1480,6740.0,479,6730.0,523,6720.0,21655,6710.0,4727,6780.0,5000,6790.0,254,6810.0,1000,6820.0,2563,6830.0,2179,2025-05-09 16:09:59.119,,2147483647,769091,False,nan
5915,877997,1611743184,MERV - XMEV - GGAL - 24hs,6770.0,2025-05-09 16:09:57,267,2025-05-09 16:10:00.796,6750.0,1480,6740.0,623,6730.0,523,6720.0,21655,6710.0,4727,6780.0,5000,6790.0,254,6810.0,1000,6820.0,2563,6830.0,2179,2025-05-09 16:10:00.718,,2147483647,769091,False,nan
5916,878080,1611743280,MERV - XMEV - GGAL - 24hs,6770.0,2025-05-09 16:10:01,2,2025-05-09 16:10:01.733,6750.0,1480,6740.0,623,6730.0,523,6720.0,21655,6710.0,4727,6780.0,5000,6790.0,254,6810.0,1000,6820.0,2563,6830.0,2179,2025-05-09 16:10:01.655,,2147483647,769091,True,offer
5917,878128,1611743357,MERV - XMEV - GGAL - 24hs,6770.0,2025-05-09 16:10:01,2,2025-05-09 16:10:02.258,6750.0,1480,6740.0,623,6730.0,523,6720.0,21655,6710.0,4727,6770.0,4998,6790.0,178,6810.0,1000,6820.0,2563,6830.0,2186,2025-05-09 16:10:02.177,,2147483647,769091,False,nan
5918,878173,1611743418,MERV - XMEV - GGAL - 24hs,6770.0,2025-05-09 16:10:01,2,2025-05-09 16:10:02.756,6750.0,1480,6740.0,623,6730.0,523,6720.0,21655,6710.0,4727,6770.0,4998,6790.0,178,6810.0,1000,6820.0,2563,6830.0,2186,2025-05-09 16:10:02.677,,2147483647,769093,False,nan
5919,878857,1611744210,MERV - XMEV - GGAL - 24hs,6770.0,2025-05-09 16:10:01,2,2025-05-09 16:10:10.059,6750.0,1480,6740.0,623,6730.0,523,6720.0,21655,6710.0,4727,6770.0,5998,6790.0,178,6810.0,1000,6820.0,2563,6830.0,2186,2025-05-09 16:10:09.978,,2147483647,769093,False,nan
5920,879012,1611744404,MERV - XMEV - GGAL - 24hs,6750.0,2025-05-09 16:10:11,5,2025-05-09 16:10:11.379,6750.0,1480,6740.0,623,6730.0,523,6720.0,21655,6710.0,4727,6770.0,5998,6790.0,178,6810.0,1000,6820.0,2563,6830.0,2186,2025-05-09 16:10:11.300,,2147483647,769093,True,bid
5921,879040,1611744438,MERV - XMEV - GGAL - 24hs,6750.0,2025-05-09 16:10:11,288,2025-05-09 16:10:11.879,6750.0,1480,6740.0,623,6730.0,523,6720.0,21655,6710.0,4727,6770.0,5998,6790.0,178,6810.0,1000,6820.0,2563,6830.0,2186,2025-05-09 16:10:11.800,,2147483647,769093,False,nan
5922,879073,1611744478,MERV - XMEV - GGAL - 24hs,6770.0,2025-05-09 16:10:12,2,2025-05-09 16:10:12.377,6750.0,1187,6740.0,623,6730.0,523,6720.0,21655,6710.0,4727,6770.0,5998,6790.0,178,6810.0,1000,6820.0,2563,6830.0,2186,2025-05-09 16:10:12.300,,2147483647,769386,True,offer
5923,879094,1611744505,MERV - XMEV - GGAL - 24hs,6770.0,2025-05-09 16:10:12,2,2025-05-09 16:10:12.877,6750.0,1187,6740.0,623,6730.0,523,6720.0,21655,6710.0,4727,6770.0,5996,6790.0,178,6810.0,1000,6820.0,2563,6830.0,2186,2025-05-09 16:10:12.800,,2147483647,769388,False,nan
5924,879208,1611744645,MERV - XMEV - GGAL - 24hs,6770.0,2025-05-09 16:10:14,349,2025-05-09 16:10:14.263,6750.0,1187,6740.0,623,6730.0,523,6720.0,21655,6710.0,4727,6770.0,5996,6790.0,178,6810.0,1000,6820.0,2563,6830.0,2186,2025-05-09 16:10:14.185,,2147483647,769388,True,offer
5925,879277,1611744723,MERV - XMEV - GGAL - 24hs,6770.0,2025-05-09 16:10:14,349,2025-05-09 16:10:14.931,6750.0,1187,6740.0,623,6730.0,523,6720.0,21655,6710.0,4727,6770.0,5647,6790.0,178,6810.0,1000,6820.0,2563,6830.0,2186,2025-05-09 16:10:14.853,,2147483647,769388,False,nan
5926,879324,1611744778,MERV - XMEV - GGAL - 24hs,6770.0,2025-05-09 16:10:14,349,2025-05-09 16:10:15.436,6750.0,1187,6740.0,623,6730.0,523,6720.0,21655,6710.0,4727,6770.0,5647,6790.0,178,6810.0,1000,6820.0,2563,6830.0,2186,2025-05-09 16:10:15.354,,2147483647,769737,False,nan
5927,879814,1611745358,MERV - XMEV - GGAL - 24hs,6770.0,2025-05-09 16:10:14,349,2025-05-09 16:10:20.209,6750.0,1187,6740.0,623,6730.0,523,6720.0,21655,6710.0,4727,6770.0,1000,6790.0,178,6810.0,1000,6820.0,2563,6830.0,2186,2025-05-09 16:10:20.127,,2147483647,769737,False,nan
5928,879908,1611745463,MERV - XMEV - GGAL - 24hs,6770.0,2025-05-09 16:10:20,20,2025-05-09 16:10:20.716,6750.0,1187,6740.0,623,6730.0,523,6720.0,21655,6710.0,4727,6770.0,1000,6790.0,178,6810.0,1000,6820.0,2563,6830.0,2186,2025-05-09 16:10:20.639,,2147483647,769737,True,offer
5929,879973,1611745537,MERV - XMEV - GGAL - 24hs,6770.0,2025-05-09 16:10:20,20,2025-05-09 16:10:21.235,6750.0,1187,6740.0,623,6730.0,523,6720.0,21655,6710.0,4727,6770.0,5980,6790.0,178,6810.0,1000,6820.0,2563,6830.0,2186,2025-05-09 16:10:21.139,,2147483647,769737,False,nan
5930,880036,1611745608,MERV - XMEV - GGAL - 24hs,6770.0,2025-05-09 16:10:20,20,2025-05-09 16:10:21.730,6750.0,1187,6740.0,623,6730.0,523,6720.0,21655,6710.0,4727,6770.0,5980,6790.0,178,6810.0,1000,6820.0,2563,6830.0,2186,2025-05-09 16:10:21.639,,2147483647,769757,False,nan
5931,880139,1611745730,MERV - XMEV - GGAL - 24hs,6770.0,2025-05-09 16:10:20,20,2025-05-09 16:10:23.240,6750.0,6187,6740.0,623,6730.0,523,6720.0,21655,6710.0,4727,6770.0,5980,6790.0,178,6810.0,1000,6820.0,2563,6830.0,2186,2025-05-09 16:10:23.157,,2147483647,769757,False,nan
5932,880257,1611745868,MERV - XMEV - GGAL - 24hs,6770.0,2025-05-09 16:10:20,20,2025-05-09 16:10:25.059,6750.0,6187,6740.0,623,6730.0,523,6720.0,20655,6710.0,5727,6770.0,5980,6790.0,178,6810.0,1000,6820.0,2563,6830.0,2186,2025-05-09 16:10:24.980,,2147483647,769757,False,nan
5933,880330,1611745955,MERV - XMEV - GGAL - 24hs,6770.0,2025-05-09 16:10:25,348,2025-05-09 16:10:25.960,6750.0,6187,6740.0,623,6730.0,523,6720.0,20655,6710.0,5727,6770.0,5980,6790.0,178,6810.0,1000,6820.0,2563,6830.0,2186,2025-05-09 16:10:25.877,,2147483647,769757,True,offer
5934,880383,1611746025,MERV - XMEV - GGAL - 24hs,6770.0,2025-05-09 16:10:25,348,2025-05-09 16:10:26.455,6750.0,6187,6740.0,623,6730.0,15523,6720.0,6655,6710.0,4727,6770.0,5632,6790.0,178,6810.0,1000,6820.0,2563,6830.0,2186,2025-05-09 16:10:26.377,,2147483647,769757,False,nan
5935,880426,1611746092,MERV - XMEV - GGAL - 24hs,6770.0,2025-05-09 16:10:25,348,2025-05-09 16:10:26.964,6750.0,6187,6740.0,623,6730.0,15523,6720.0,6655,6710.0,4727,6770.0,5632,6790.0,178,6810.0,1000,6820.0,2563,6830.0,2186,2025-05-09 16:10:26.879,,2147483647,770105,False,nan
5936,880474,1611746151,MERV - XMEV - GGAL - 24hs,6770.0,2025-05-09 16:10:27,218,2025-05-09 16:10:27.458,6750.0,6187,6740.0,623,6730.0,15523,6720.0,6655,6710.0,4727,6770.0,5632,6790.0,178,6810.0,1000,6820.0,2563,6830.0,2186,2025-05-09 16:10:27.379,,2147483647,770636,True,offer
5937,880514,1611746204,MERV - XMEV - GGAL - 24hs,6770.0,2025-05-09 16:10:27,218,2025-05-09 16:10:27.958,6750.0,6187,6740.0,623,6730.0,15523,6720.0,6655,6710.0,4727,6770.0,4782,6790.0,178,6810.0,1000,6820.0,2563,6830.0,2186,2025-05-09 16:10:27.880,,2147483647,770955,False,nan
5938,881821,1611747931,MERV - XMEV - GGAL - 24hs,6770.0,2025-05-09 16:10:40,53,2025-05-09 16:10:40.332,6750.0,6187,6740.0,623,6730.0,15523,6720.0,6655,6710.0,4727,6770.0,4782,6790.0,178,6810.0,1000,6820.0,2563,6830.0,2186,2025-05-09 16:10:40.227,,2147483647,770955,True,offer
5939,881902,1611748033,MERV - XMEV - GGAL - 24hs,6770.0,2025-05-09 16:10:40,53,2025-05-09 16:10:41.011,6750.0,6187,6740.0,623,6730.0,15523,6720.0,6655,6710.0,4727,6770.0,4782,6790.0,178,6810.0,1000,6820.0,2563,6830.0,2186,2025-05-09 16:10:40.886,,2147483647,771008,False,nan
5940,881963,1611748124,MERV - XMEV - GGAL - 24hs,6770.0,2025-05-09 16:10:40,53,2025-05-09 16:10:41.464,6750.0,6261,6740.0,623,6730.0,15523,6720.0,5655,6710.0,5727,6770.0,4729,6790.0,178,6810.0,1000,6820.0,2563,6830.0,2186,2025-05-09 16:10:41.385,,2147483647,771008,False,nan
5941,882067,1611748283,MERV - XMEV - GGAL - 24hs,6770.0,2025-05-09 16:10:40,53,2025-05-09 16:10:42.027,6760.0,188,6750.0,6261,6740.0,623,6730.0,523,6720.0,20655,6770.0,4729,6790.0,178,6810.0,1000,6820.0,2563,6830.0,2186,2025-05-09 16:10:41.886,,2147483647,771008,False,nan
5942,882572,1611748922,MERV - XMEV - GGAL - 24hs,6770.0,2025-05-09 16:10:48,1,2025-05-09 16:10:48.268,6760.0,188,6750.0,6261,6740.0,623,6730.0,523,6720.0,20655,6770.0,4729,6790.0,178,6810.0,1000,6820.0,2563,6830.0,2186,2025-05-09 16:10:48.188,,2147483647,771008,True,offer
5943,882605,1611748964,MERV - XMEV - GGAL - 24hs,6770.0,2025-05-09 16:10:48,1,2025-05-09 16:10:48.939,6760.0,188,6750.0,6261,6740.0,623,6730.0,523,6720.0,20655,6770.0,4728,6790.0,178,6810.0,1000,6820.0,2563,6830.0,2186,2025-05-09 16:10:48.857,,2147483647,771008,False,nan
5944,882637,1611749007,MERV - XMEV - GGAL - 24hs,6770.0,2025-05-09 16:10:48,1,2025-05-09 16:10:49.436,6760.0,188,6750.0,6261,6740.0,623,6730.0,523,6720.0,20655,6770.0,4728,6790.0,178,6810.0,1000,6820.0,2563,6830.0,2186,2025-05-09 16:10:49.357,,2147483647,771009,False,nan
5945,882866,1611749299,MERV - XMEV - GGAL - 24hs,6770.0,2025-05-09 16:10:48,1,2025-05-09 16:10:53.012,6760.0,188,6750.0,6261,6740.0,623,6730.0,523,6720.0,20655,6770.0,4728,6790.0,178,6800.0,1000,6810.0,1000,6820.0,2563,2025-05-09 16:10:52.931,,2147483647,771009,False,nan
5946,883316,1611749915,MERV - XMEV - GGAL - 24hs,6770.0,2025-05-09 16:10:48,1,2025-05-09 16:10:57.294,6760.0,188,6750.0,6408,6740.0,623,6730.0,523,6720.0,20655,6770.0,4728,6790.0,178,6800.0,1000,6810.0,1000,6820.0,2563,2025-05-09 16:10:57.216,,2147483647,771009,False,nan
5947,883722,1611750433,MERV - XMEV - GGAL - 24hs,6770.0,2025-05-09 16:10:48,1,2025-05-09 16:11:00.355,6760.0,187,6750.0,6408,6740.0,623,6730.0,523,6720.0,20655,6770.0,4728,6790.0,178,6800.0,1000,6810.0,1000,6820.0,2563,2025-05-09 16:11:00.227,,2147483647,771009,False,nan
5948,883789,1611750517,MERV - XMEV - GGAL - 24hs,6770.0,2025-05-09 16:10:48,1,2025-05-09 16:11:01.007,6760.0,187,6750.0,6408,6740.0,623,6730.0,523,6720.0,21655,6770.0,4728,6790.0,178,6800.0,1000,6810.0,1000,6820.0,2563,2025-05-09 16:11:00.926,,2147483647,771009,False,nan
5949,884046,1611750864,MERV - XMEV - GGAL - 24hs,6770.0,2025-05-09 16:10:48,1,2025-05-09 16:11:03.710,6760.0,187,6750.0,6408,6740.0,623,6730.0,523,6720.0,21655,6770.0,4728,6790.0,178,6800.0,1000,6810.0,1108,6820.0,2563,2025-05-09 16:11:03.625,,2147483647,771009,False,nan
5950,884368,1611751333,MERV - XMEV - GGAL - 24hs,6770.0,2025-05-09 16:10:48,1,2025-05-09 16:11:07.892,6760.0,187,6750.0,6408,6740.0,623,6730.0,523,6720.0,21655,6770.0,4728,6790.0,178,6800.0,1100,6810.0,1108,6820.0,2563,2025-05-09 16:11:07.799,,2147483647,771009,False,nan
5951,884479,1611751491,MERV - XMEV - GGAL - 24hs,6770.0,2025-05-09 16:10:48,1,2025-05-09 16:11:09.220,6760.0,187,6750.0,6408,6740.0,623,6730.0,573,6720.0,21655,6770.0,4728,6790.0,178,6800.0,1100,6810.0,1108,6820.0,2563,2025-05-09 16:11:09.142,,2147483647,771009,False,nan
5952,884917,1611752054,MERV - XMEV - GGAL - 24hs,6770.0,2025-05-09 16:11:13,2,2025-05-09 16:11:13.764,6760.0,187,6750.0,6408,6740.0,623,6730.0,573,6720.0,21655,6770.0,4728,6790.0,178,6800.0,1100,6810.0,1108,6820.0,2563,2025-05-09 16:11:13.686,,2147483647,771009,True,offer
5953,884989,1611752138,MERV - XMEV - GGAL - 24hs,6770.0,2025-05-09 16:11:13,2,2025-05-09 16:11:14.432,6760.0,187,6750.0,6408,6740.0,623,6730.0,573,6720.0,21655,6770.0,4726,6790.0,178,6800.0,1100,6810.0,1108,6820.0,2563,2025-05-09 16:11:14.353,,2147483647,771009,False,nan
5954,885036,1611752201,MERV - XMEV - GGAL - 24hs,6770.0,2025-05-09 16:11:13,2,2025-05-09 16:11:14.933,6760.0,187,6750.0,6408,6740.0,623,6730.0,573,6720.0,21655,6770.0,4726,6790.0,178,6800.0,1100,6810.0,1108,6820.0,2563,2025-05-09 16:11:14.854,,2147483647,771011,False,nan
5955,885772,1611753194,MERV - XMEV - GGAL - 24hs,6770.0,2025-05-09 16:11:22,49,2025-05-09 16:11:22.199,6760.0,187,6750.0,6408,6740.0,623,6730.0,573,6720.0,21655,6770.0,4726,6790.0,178,6800.0,1100,6810.0,1108,6820.0,2563,2025-05-09 16:11:22.119,,2147483647,771011,True,offer
5956,885843,1611753282,MERV - XMEV - GGAL - 24hs,6770.0,2025-05-09 16:11:22,49,2025-05-09 16:11:22.863,6760.0,187,6750.0,6408,6740.0,623,6730.0,573,6720.0,21655,6770.0,4677,6790.0,178,6800.0,1100,6810.0,1108,6820.0,2563,2025-05-09 16:11:22.786,,2147483647,771011,False,nan
5957,885899,1611753352,MERV - XMEV - GGAL - 24hs,6770.0,2025-05-09 16:11:22,49,2025-05-09 16:11:23.363,6760.0,187,6750.0,6408,6740.0,623,6730.0,573,6720.0,21655,6770.0,4677,6790.0,178,6800.0,1100,6810.0,1108,6820.0,2563,2025-05-09 16:11:23.286,,2147483647,771060,False,nan
5958,887053,1611754782,MERV - XMEV - GGAL - 24hs,6770.0,2025-05-09 16:11:22,49,2025-05-09 16:11:36.082,6760.0,129,6750.0,6408,6740.0,623,6730.0,573,6720.0,21655,6770.0,4677,6790.0,178,6800.0,1100,6810.0,1108,6820.0,2563,2025-05-09 16:11:36.004,,2147483647,771060,False,nan
5959,887248,1611755047,MERV - XMEV - GGAL - 24hs,6770.0,2025-05-09 16:11:38,65,2025-05-09 16:11:39.291,6760.0,129,6750.0,6408,6740.0,623,6730.0,573,6720.0,21655,6770.0,4677,6790.0,178,6800.0,1100,6810.0,1108,6820.0,2563,2025-05-09 16:11:39.159,,2147483647,771060,True,offer
5960,887340,1611755162,MERV - XMEV - GGAL - 24hs,6770.0,2025-05-09 16:11:38,65,2025-05-09 16:11:39.636,6760.0,129,6750.0,6408,6740.0,623,6730.0,573,6720.0,21655,6770.0,4612,6790.0,178,6800.0,1100,6810.0,1108,6820.0,2563,2025-05-09 16:11:39.505,,2147483647,771060,False,nan
5961,887452,1611755309,MERV - XMEV - GGAL - 24hs,6770.0,2025-05-09 16:11:38,65,2025-05-09 16:11:40.106,6760.0,129,6750.0,6408,6740.0,623,6730.0,573,6720.0,21655,6770.0,4612,6790.0,178,6800.0,1100,6810.0,1108,6820.0,2563,2025-05-09 16:11:40.005,,2147483647,771125,False,nan
5962,887886,1611755886,MERV - XMEV - GGAL - 24hs,6770.0,2025-05-09 16:11:38,65,2025-05-09 16:11:41.968,6760.0,129,6750.0,6408,6740.0,623,6730.0,3736,6720.0,21655,6770.0,4612,6790.0,178,6800.0,1100,6810.0,1108,6820.0,2563,2025-05-09 16:11:41.754,,2147483647,771125,False,nan
5963,888398,1611756540,MERV - XMEV - GGAL - 24hs,6770.0,2025-05-09 16:11:38,65,2025-05-09 16:11:47.895,6760.0,129,6750.0,6408,6740.0,623,6730.0,3736,6720.0,21655,6770.0,4612,6790.0,178,6800.0,5100,6810.0,1108,6820.0,2563,2025-05-09 16:11:47.817,,2147483647,771125,False,nan
5964,888463,1611756619,MERV - XMEV - GGAL - 24hs,6770.0,2025-05-09 16:11:38,65,2025-05-09 16:11:48.968,6760.0,169,6750.0,6403,6740.0,622,6730.0,3733,6720.0,21648,6770.0,4612,6790.0,178,6800.0,5100,6810.0,1108,6820.0,2562,2025-05-09 16:11:48.890,,2147483647,771125,False,nan
5965,888991,1611757270,MERV - XMEV - GGAL - 24hs,6770.0,2025-05-09 16:11:38,65,2025-05-09 16:11:55.949,6760.0,169,6750.0,6403,6740.0,622,6730.0,3733,6720.0,21648,6770.0,4612,6790.0,178,6800.0,5100,6810.0,1608,6820.0,2562,2025-05-09 16:11:55.871,,2147483647,771125,False,nan
5966,889231,1611757567,MERV - XMEV - GGAL - 24hs,6760.0,2025-05-09 16:11:58,129,2025-05-09 16:11:58.514,6760.0,169,6750.0,6403,6740.0,622,6730.0,3733,6720.0,21648,6770.0,4612,6790.0,178,6800.0,5100,6810.0,1608,6820.0,2562,2025-05-09 16:11:58.436,,2147483647,771125,True,bid
5967,889287,1611757638,MERV - XMEV - GGAL - 24hs,6760.0,2025-05-09 16:11:58,38,2025-05-09 16:11:59.021,6760.0,169,6750.0,6403,6740.0,622,6730.0,3733,6720.0,21648,6770.0,4612,6790.0,178,6800.0,5100,6810.0,1608,6820.0,2562,2025-05-09 16:11:58.934,,2147483647,771125,False,nan
5968,889338,1611757692,MERV - XMEV - GGAL - 24hs,6760.0,2025-05-09 16:11:58,38,2025-05-09 16:11:59.511,6760.0,2,6750.0,6403,6740.0,622,6730.0,3733,6720.0,21648,6770.0,4612,6790.0,178,6800.0,5100,6810.0,1608,6820.0,2562,2025-05-09 16:11:59.434,,2147483647,771292,False,nan
5969,889393,1611757759,MERV - XMEV - GGAL - 24hs,6760.0,2025-05-09 16:11:58,38,2025-05-09 16:12:00.011,6760.0,131,6750.0,6403,6740.0,622,6730.0,3733,6720.0,21648,6770.0,4612,6790.0,178,6800.0,5100,6810.0,1608,6820.0,2562,2025-05-09 16:11:59.934,,2147483647,771292,False,nan
5970,889507,1611757902,MERV - XMEV - GGAL - 24hs,6760.0,2025-05-09 16:11:58,38,2025-05-09 16:12:00.807,6760.0,3,6750.0,6403,6740.0,622,6730.0,3733,6720.0,21648,6770.0,4612,6790.0,178,6800.0,5100,6810.0,1608,6820.0,2562,2025-05-09 16:12:00.722,,2147483647,771292,False,nan
5971,890387,1611759079,MERV - XMEV - GGAL - 24hs,6760.0,2025-05-09 16:12:08,2,2025-05-09 16:12:08.711,6760.0,3,6750.0,6403,6740.0,622,6730.0,3733,6720.0,21648,6770.0,4612,6790.0,178,6800.0,5100,6810.0,1608,6820.0,2562,2025-05-09 16:12:08.633,,2147483647,771292,True,bid
5972,890458,1611759179,MERV - XMEV - GGAL - 24hs,6760.0,2025-05-09 16:12:08,1,2025-05-09 16:12:09.221,6760.0,3,6750.0,6403,6740.0,622,6730.0,3733,6720.0,21648,6770.0,4612,6790.0,178,6800.0,5100,6810.0,1608,6820.0,2562,2025-05-09 16:12:09.139,,2147483647,771292,False,nan
5973,890562,1611759310,MERV - XMEV - GGAL - 24hs,6760.0,2025-05-09 16:12:09,500,2025-05-09 16:12:09.716,6750.0,6403,6740.0,622,6730.0,3733,6720.0,5648,6710.0,20715,6760.0,4609,6790.0,178,6800.0,5100,6810.0,1608,6820.0,2562,2025-05-09 16:12:09.639,,2147483647,771295,True,bid
5974,890614,1611759373,MERV - XMEV - GGAL - 24hs,6760.0,2025-05-09 16:12:09,12,2025-05-09 16:12:10.218,6750.0,6644,6740.0,622,6730.0,3733,6720.0,5648,6710.0,20715,6760.0,4062,6790.0,178,6800.0,5100,6810.0,1608,6820.0,2562,2025-05-09 16:12:10.139,,2147483647,771830,False,nan
5975,890716,1611759493,MERV - XMEV - GGAL - 24hs,6760.0,2025-05-09 16:12:09,12,2025-05-09 16:12:10.798,6750.0,6644,6740.0,622,6730.0,3733,6720.0,5648,6710.0,20715,6760.0,4062,6790.0,178,6800.0,5100,6810.0,1608,6820.0,2562,2025-05-09 16:12:10.640,,2147483647,771842,False,nan
5976,890830,1611759636,MERV - XMEV - GGAL - 24hs,6760.0,2025-05-09 16:12:09,12,2025-05-09 16:12:11.533,6750.0,6681,6740.0,622,6730.0,3733,6720.0,5648,6710.0,20715,6760.0,4062,6790.0,178,6800.0,5100,6810.0,1608,6820.0,2562,2025-05-09 16:12:11.456,,2147483647,771842,False,nan
5977,890886,1611759706,MERV - XMEV - GGAL - 24hs,6760.0,2025-05-09 16:12:11,1,2025-05-09 16:12:12.033,6750.0,6681,6740.0,622,6730.0,3733,6720.0,5648,6710.0,20715,6760.0,4062,6790.0,178,6800.0,5100,6810.0,1608,6820.0,2562,2025-05-09 16:12:11.956,,2147483647,771842,True,offer
5978,890938,1611759765,MERV - XMEV - GGAL - 24hs,6760.0,2025-05-09 16:12:11,1,2025-05-09 16:12:12.678,6750.0,6681,6740.0,622,6730.0,3733,6720.0,5648,6710.0,20715,6760.0,4062,6790.0,178,6800.0,5100,6810.0,1608,6820.0,2562,2025-05-09 16:12:12.585,,2147483647,771843,False,nan
5979,891013,1611759855,MERV - XMEV - GGAL - 24hs,6760.0,2025-05-09 16:12:11,1,2025-05-09 16:12:13.166,6750.0,6681,6740.0,610,6730.0,3733,6720.0,5648,6710.0,20715,6760.0,4061,6790.0,178,6800.0,5100,6810.0,1608,6820.0,2562,2025-05-09 16:12:13.085,,2147483647,771843,False,nan
5980,891071,1611759923,MERV - XMEV - GGAL - 24hs,6760.0,2025-05-09 16:12:13,299,2025-05-09 16:12:13.835,6750.0,6681,6740.0,610,6730.0,3733,6720.0,5648,6710.0,20715,6760.0,4061,6790.0,178,6800.0,5100,6810.0,1608,6820.0,2562,2025-05-09 16:12:13.757,,2147483647,771843,True,offer
5981,891138,1611760004,MERV - XMEV - GGAL - 24hs,6760.0,2025-05-09 16:12:13,299,2025-05-09 16:12:14.500,6750.0,6681,6740.0,610,6730.0,3733,6720.0,5648,6710.0,20715,6760.0,3762,6790.0,178,6800.0,5100,6810.0,1608,6820.0,2562,2025-05-09 16:12:14.422,,2147483647,771843,False,nan
5982,891212,1611760096,MERV - XMEV - GGAL - 24hs,6760.0,2025-05-09 16:12:13,299,2025-05-09 16:12:14.999,6750.0,6681,6740.0,610,6730.0,3733,6720.0,5648,6710.0,20715,6760.0,3762,6790.0,178,6800.0,5100,6810.0,1608,6820.0,2562,2025-05-09 16:12:14.922,,2147483647,772142,False,nan
5983,891309,1611760216,MERV - XMEV - GGAL - 24hs,6760.0,2025-05-09 16:12:15,78,2025-05-09 16:12:15.974,6750.0,6681,6740.0,610,6730.0,3733,6720.0,5648,6710.0,20715,6760.0,3762,6790.0,178,6800.0,5100,6810.0,1608,6820.0,2562,2025-05-09 16:12:15.892,,2147483647,772142,True,offer
5984,891369,1611760298,MERV - XMEV - GGAL - 24hs,6760.0,2025-05-09 16:12:15,78,2025-05-09 16:12:16.692,6750.0,6681,6740.0,610,6730.0,3733,6720.0,5648,6710.0,20715,6760.0,3684,6790.0,178,6800.0,5100,6810.0,1608,6820.0,2562,2025-05-09 16:12:16.600,,2147483647,772142,False,nan
5985,891420,1611760363,MERV - XMEV - GGAL - 24hs,6760.0,2025-05-09 16:12:15,78,2025-05-09 16:12:17.183,6750.0,6681,6740.0,610,6730.0,3733,6720.0,5648,6710.0,20715,6760.0,3684,6790.0,178,6800.0,5100,6810.0,1608,6820.0,2562,2025-05-09 16:12:17.101,,2147483647,772220,False,nan
5986,891475,1611760436,MERV - XMEV - GGAL - 24hs,6760.0,2025-05-09 16:12:15,78,2025-05-09 16:12:17.681,6750.0,6681,6740.0,532,6730.0,3733,6720.0,5648,6710.0,20715,6760.0,3684,6790.0,178,6800.0,5100,6810.0,1608,6820.0,2562,2025-05-09 16:12:17.601,,2147483647,772220,False,nan
5987,891665,1611760669,MERV - XMEV - GGAL - 24hs,6760.0,2025-05-09 16:12:15,78,2025-05-09 16:12:19.494,6750.0,6681,6740.0,532,6730.0,3733,6720.0,5648,6710.0,20715,6760.0,3684,6790.0,678,6800.0,5100,6810.0,1108,6820.0,2562,2025-05-09 16:12:19.416,,2147483647,772220,False,nan
5988,891790,1611760825,MERV - XMEV - GGAL - 24hs,6760.0,2025-05-09 16:12:15,78,2025-05-09 16:12:20.955,6750.0,6681,6740.0,782,6730.0,3733,6720.0,5648,6710.0,20715,6760.0,3684,6790.0,678,6800.0,5100,6810.0,1108,6820.0,2562,2025-05-09 16:12:20.869,,2147483647,772220,False,nan
5989,892633,1611761873,MERV - XMEV - GGAL - 24hs,6760.0,2025-05-09 16:12:15,78,2025-05-09 16:12:28.350,6750.0,6681,6740.0,782,6730.0,3733,6720.0,5648,6710.0,20715,6770.0,3684,6790.0,678,6800.0,5100,6810.0,1108,6820.0,2562,2025-05-09 16:12:28.272,,2147483647,772220,False,nan
5990,892694,1611761949,MERV - XMEV - GGAL - 24hs,6760.0,2025-05-09 16:12:15,78,2025-05-09 16:12:29.179,6750.0,6681,6740.0,782,6730.0,3733,6720.0,5648,6710.0,20715,6770.0,3684,6790.0,678,6800.0,5100,6810.0,1108,6820.0,2563,2025-05-09 16:12:29.102,,2147483647,772220,False,nan
5991,892887,1611762197,MERV - XMEV - GGAL - 24hs,6750.0,2025-05-09 16:12:31,178,2025-05-09 16:12:31.633,6750.0,6681,6740.0,782,6730.0,3733,6720.0,5648,6710.0,20715,6770.0,3684,6790.0,678,6800.0,5100,6810.0,1108,6820.0,2563,2025-05-09 16:12:31.555,,2147483647,772220,True,bid
5992,892931,1611762252,MERV - XMEV - GGAL - 24hs,6750.0,2025-05-09 16:12:31,178,2025-05-09 16:12:32.300,6750.0,6503,6740.0,782,6730.0,3733,6720.0,5648,6710.0,20715,6770.0,3684,6790.0,678,6800.0,5100,6810.0,1108,6820.0,2563,2025-05-09 16:12:32.222,,2147483647,772220,False,nan
5993,892980,1611762307,MERV - XMEV - GGAL - 24hs,6750.0,2025-05-09 16:12:31,178,2025-05-09 16:12:32.820,6750.0,6503,6740.0,782,6730.0,3733,6720.0,5648,6710.0,20715,6770.0,3684,6790.0,678,6800.0,5100,6810.0,1108,6820.0,2563,2025-05-09 16:12:32.723,,2147483647,772398,False,nan
5994,893050,1611762392,MERV - XMEV - GGAL - 24hs,6750.0,2025-05-09 16:12:33,276,2025-05-09 16:12:33.471,6750.0,6503,6740.0,782,6730.0,3733,6720.0,5648,6710.0,20715,6770.0,3684,6790.0,678,6800.0,5100,6810.0,1108,6820.0,2563,2025-05-09 16:12:33.394,,2147483647,772398,True,bid
5995,893107,1611762466,MERV - XMEV - GGAL - 24hs,6750.0,2025-05-09 16:12:33,276,2025-05-09 16:12:34.138,6750.0,6227,6740.0,782,6730.0,3733,6720.0,5648,6710.0,20715,6770.0,3684,6790.0,678,6800.0,5100,6810.0,1108,6820.0,2563,2025-05-09 16:12:34.059,,2147483647,772398,False,nan
5996,893160,1611762522,MERV - XMEV - GGAL - 24hs,6750.0,2025-05-09 16:12:33,276,2025-05-09 16:12:34.639,6750.0,6227,6740.0,782,6730.0,3733,6720.0,5648,6710.0,20715,6770.0,3684,6790.0,678,6800.0,5100,6810.0,1108,6820.0,2563,2025-05-09 16:12:34.561,,2147483647,772674,False,nan
5997,893530,1611762992,MERV - XMEV - GGAL - 24hs,6750.0,2025-05-09 16:12:33,276,2025-05-09 16:12:39.139,6750.0,6227,6740.0,782,6730.0,3733,6720.0,5648,6710.0,20715,6770.0,3684,6790.0,678,6800.0,5100,6810.0,1108,6820.0,2663,2025-05-09 16:12:39.061,,2147483647,772674,False,nan
5998,893571,1611763046,MERV - XMEV - GGAL - 24hs,6770.0,2025-05-09 16:12:39,276,2025-05-09 16:12:39.680,6750.0,6227,6740.0,782,6730.0,3733,6720.0,5648,6710.0,20715,6770.0,3684,6790.0,678,6800.0,5100,6810.0,1108,6820.0,2663,2025-05-09 16:12:39.603,,2147483647,772674,True,offer
5999,893604,1611763103,MERV - XMEV - GGAL - 24hs,6770.0,2025-05-09 16:12:39,169,2025-05-09 16:12:40.182,6750.0,6227,6740.0,782,6730.0,3733,6720.0,5648,6710.0,20715,6770.0,3684,6790.0,678,6800.0,5100,6810.0,1108,6820.0,2663,2025-05-09 16:12:40.104,,2147483647,772950,False,nan
6000,893655,1611763170,MERV - XMEV - GGAL - 24hs,6770.0,2025-05-09 16:12:39,169,2025-05-09 16:12:41.011,6750.0,6227,6740.0,782,6730.0,3733,6720.0,5648,6710.0,20715,6770.0,3239,6790.0,678,6800.0,5100,6810.0,1108,6820.0,2663,2025-05-09 16:12:40.871,,2147483647,773119,False,nan
6001,893734,1611763269,MERV - XMEV - GGAL - 24hs,6770.0,2025-05-09 16:12:39,169,2025-05-09 16:12:41.316,6750.0,5949,6740.0,1142,6730.0,3733,6720.0,5648,6710.0,20715,6770.0,3239,6790.0,678,6800.0,5100,6810.0,1108,6820.0,2663,2025-05-09 16:12:41.103,,2147483647,773119,False,nan
6002,893806,1611763371,MERV - XMEV - GGAL - 24hs,6770.0,2025-05-09 16:12:39,169,2025-05-09 16:12:42.313,6750.0,5952,6740.0,1142,6730.0,3733,6720.0,5648,6710.0,20715,6770.0,3239,6790.0,678,6800.0,5100,6810.0,1108,6820.0,2663,2025-05-09 16:12:42.235,,2147483647,773119,False,nan
6003,894122,1611763789,MERV - XMEV - GGAL - 24hs,6750.0,2025-05-09 16:12:46,283,2025-05-09 16:12:46.647,6750.0,5952,6740.0,1142,6730.0,3733,6720.0,5648,6710.0,20715,6770.0,3239,6790.0,678,6800.0,5100,6810.0,1108,6820.0,2663,2025-05-09 16:12:46.569,,2147483647,773119,True,bid
6004,894173,1611763862,MERV - XMEV - GGAL - 24hs,6750.0,2025-05-09 16:12:46,283,2025-05-09 16:12:47.315,6750.0,5669,6740.0,1142,6730.0,3733,6720.0,5648,6710.0,20715,6770.0,3239,6790.0,678,6800.0,5100,6810.0,1108,6820.0,2663,2025-05-09 16:12:47.238,,2147483647,773119,False,nan
6005,894227,1611763937,MERV - XMEV - GGAL - 24hs,6750.0,2025-05-09 16:12:46,283,2025-05-09 16:12:47.817,6750.0,5669,6740.0,1142,6730.0,3733,6720.0,5648,6710.0,20715,6770.0,3239,6790.0,678,6800.0,5100,6810.0,1108,6820.0,2663,2025-05-09 16:12:47.739,,2147483647,773402,False,nan
6006,894690,1611764540,MERV - XMEV - GGAL - 24hs,6750.0,2025-05-09 16:12:46,283,2025-05-09 16:12:53.258,6750.0,5669,6740.0,1142,6730.0,3983,6720.0,5648,6710.0,20715,6770.0,3239,6790.0,678,6800.0,5100,6810.0,1108,6820.0,2663,2025-05-09 16:12:53.173,,2147483647,773402,False,nan
6007,894785,1611764670,MERV - XMEV - GGAL - 24hs,6770.0,2025-05-09 16:12:53,6,2025-05-09 16:12:53.806,6750.0,5669,6740.0,1142,6730.0,3983,6720.0,5648,6710.0,20715,6770.0,3239,6790.0,678,6800.0,5100,6810.0,1108,6820.0,2663,2025-05-09 16:12:53.674,,2147483647,773402,True,offer
6008,894841,1611764735,MERV - XMEV - GGAL - 24hs,6770.0,2025-05-09 16:12:53,6,2025-05-09 16:12:54.251,6750.0,5669,6740.0,1142,6730.0,3983,6720.0,5648,6710.0,20715,6770.0,3233,6790.0,678,6800.0,5100,6810.0,1108,6820.0,2663,2025-05-09 16:12:54.174,,2147483647,773408,False,nan
6009,895489,1611765642,MERV - XMEV - GGAL - 24hs,6770.0,2025-05-09 16:12:58,2,2025-05-09 16:12:59.195,6750.0,5669,6740.0,1142,6730.0,3983,6720.0,5648,6710.0,20715,6770.0,3233,6790.0,678,6800.0,5100,6810.0,1108,6820.0,2663,2025-05-09 16:12:58.981,,2147483647,773408,True,offer
6010,895589,1611765784,MERV - XMEV - GGAL - 24hs,6770.0,2025-05-09 16:12:58,2,2025-05-09 16:12:59.640,6750.0,5669,6740.0,1142,6730.0,3983,6720.0,5648,6710.0,20715,6770.0,3231,6790.0,678,6800.0,5100,6810.0,1108,6820.0,2663,2025-05-09 16:12:59.288,,2147483647,773408,False,nan
6011,895633,1611765841,MERV - XMEV - GGAL - 24hs,6770.0,2025-05-09 16:12:58,2,2025-05-09 16:12:59.864,6750.0,5669,6740.0,1142,6730.0,3983,6720.0,5648,6710.0,20715,6770.0,3231,6790.0,678,6800.0,5100,6810.0,1108,6820.0,2663,2025-05-09 16:12:59.788,,2147483647,773410,False,nan
6012,896239,1611766669,MERV - XMEV - GGAL - 24hs,6770.0,2025-05-09 16:12:58,2,2025-05-09 16:13:05.943,6750.0,5669,6740.0,1142,6730.0,4983,6720.0,5648,6710.0,20715,6770.0,3231,6790.0,678,6800.0,5100,6810.0,1108,6820.0,2663,2025-05-09 16:13:05.865,,2147483647,773410,False,nan
6013,896427,1611766936,MERV - XMEV - GGAL - 24hs,6750.0,2025-05-09 16:13:08,15,2025-05-09 16:13:08.260,6750.0,5669,6740.0,1142,6730.0,4983,6720.0,5648,6710.0,20715,6770.0,3231,6790.0,678,6800.0,5100,6810.0,1108,6820.0,2663,2025-05-09 16:13:08.183,,2147483647,773410,True,bid
6014,896470,1611766997,MERV - XMEV - GGAL - 24hs,6750.0,2025-05-09 16:13:08,15,2025-05-09 16:13:08.947,6750.0,5654,6740.0,1142,6730.0,4983,6720.0,5648,6710.0,20715,6770.0,3231,6790.0,678,6800.0,5100,6810.0,1108,6820.0,2663,2025-05-09 16:13:08.871,,2147483647,773410,False,nan
6015,896516,1611767056,MERV - XMEV - GGAL - 24hs,6750.0,2025-05-09 16:13:08,15,2025-05-09 16:13:09.447,6750.0,5654,6740.0,1142,6730.0,4983,6720.0,5648,6710.0,20715,6770.0,3231,6790.0,678,6800.0,5100,6810.0,1108,6820.0,2663,2025-05-09 16:13:09.371,,2147483647,773425,False,nan
6016,898508,1611769602,MERV - XMEV - GGAL - 24hs,6770.0,2025-05-09 16:13:29,1,2025-05-09 16:13:29.811,6750.0,5654,6740.0,1142,6730.0,4983,6720.0,5648,6710.0,20715,6770.0,3231,6790.0,678,6800.0,5100,6810.0,1108,6820.0,2663,2025-05-09 16:13:29.735,,2147483647,773425,True,offer
6017,898554,1611769653,MERV - XMEV - GGAL - 24hs,6770.0,2025-05-09 16:13:29,1,2025-05-09 16:13:30.470,6750.0,5654,6740.0,1142,6730.0,4983,6720.0,5648,6710.0,20715,6770.0,3230,6790.0,678,6800.0,5100,6810.0,1108,6820.0,2663,2025-05-09 16:13:30.394,,2147483647,773425,False,nan
6018,898593,1611769701,MERV - XMEV - GGAL - 24hs,6770.0,2025-05-09 16:13:29,1,2025-05-09 16:13:30.970,6750.0,5654,6740.0,1142,6730.0,4983,6720.0,5648,6710.0,20715,6770.0,3230,6790.0,678,6800.0,5100,6810.0,1108,6820.0,2663,2025-05-09 16:13:30.893,,2147483647,773426,False,nan
6019,898823,1611770012,MERV - XMEV - GGAL - 24hs,6770.0,2025-05-09 16:13:34,7,2025-05-09 16:13:34.777,6750.0,5654,6740.0,1142,6730.0,4983,6720.0,5648,6710.0,20715,6770.0,3230,6790.0,678,6800.0,5100,6810.0,1108,6820.0,2663,2025-05-09 16:13:34.699,,2147483647,773426,True,offer
6020,898878,1611770081,MERV - XMEV - GGAL - 24hs,6770.0,2025-05-09 16:13:34,7,2025-05-09 16:13:35.439,6750.0,5654,6740.0,1142,6730.0,4983,6720.0,5648,6710.0,20715,6770.0,3223,6790.0,678,6800.0,5100,6810.0,1108,6820.0,2663,2025-05-09 16:13:35.362,,2147483647,773426,False,nan
6021,898908,1611770130,MERV - XMEV - GGAL - 24hs,6770.0,2025-05-09 16:13:34,7,2025-05-09 16:13:35.938,6750.0,5654,6740.0,1142,6730.0,4983,6720.0,5648,6710.0,20715,6770.0,3223,6790.0,678,6800.0,5100,6810.0,1108,6820.0,2663,2025-05-09 16:13:35.862,,2147483647,773433,False,nan
6022,899508,1611770883,MERV - XMEV - GGAL - 24hs,6770.0,2025-05-09 16:13:43,150,2025-05-09 16:13:43.616,6750.0,5654,6740.0,1142,6730.0,4983,6720.0,5648,6710.0,20715,6770.0,3223,6790.0,678,6800.0,5100,6810.0,1108,6820.0,2663,2025-05-09 16:13:43.529,,2147483647,773433,True,offer
6023,899564,1611770973,MERV - XMEV - GGAL - 24hs,6770.0,2025-05-09 16:13:43,150,2025-05-09 16:13:43.900,6750.0,5654,6740.0,1142,6730.0,4983,6720.0,5648,6710.0,20715,6770.0,3149,6790.0,678,6800.0,5100,6810.0,1108,6820.0,2663,2025-05-09 16:13:43.789,,2147483647,773433,False,nan
6024,899626,1611771060,MERV - XMEV - GGAL - 24hs,6770.0,2025-05-09 16:13:43,93,2025-05-09 16:13:44.366,6750.0,5654,6740.0,1142,6730.0,4983,6720.0,5648,6710.0,20715,6770.0,3149,6790.0,678,6800.0,5100,6810.0,1108,6820.0,2663,2025-05-09 16:13:44.290,,2147483647,773583,False,nan
6025,899695,1611771158,MERV - XMEV - GGAL - 24hs,6770.0,2025-05-09 16:13:43,93,2025-05-09 16:13:44.871,6750.0,5654,6740.0,1142,6730.0,4983,6720.0,5648,6710.0,20715,6770.0,3056,6790.0,678,6800.0,5100,6810.0,1108,6820.0,2663,2025-05-09 16:13:44.789,,2147483647,773676,False,nan
6026,899971,1611771515,MERV - XMEV - GGAL - 24hs,6760.0,2025-05-09 16:13:48,3,2025-05-09 16:13:48.348,6750.0,5654,6740.0,1142,6730.0,4983,6720.0,5648,6710.0,20715,6770.0,3056,6790.0,678,6800.0,5100,6810.0,1108,6820.0,2663,2025-05-09 16:13:48.266,,2147483647,773676,True,nan
6027,900016,1611771577,MERV - XMEV - GGAL - 24hs,6770.0,2025-05-09 16:13:48,1,2025-05-09 16:13:48.863,6750.0,5654,6740.0,1142,6730.0,4983,6720.0,5648,6710.0,20715,6770.0,3056,6790.0,678,6800.0,5100,6810.0,1108,6820.0,2663,2025-05-09 16:13:48.767,,2147483647,773679,False,nan
6028,900133,1611771726,MERV - XMEV - GGAL - 24hs,6760.0,2025-05-09 16:13:49,195,2025-05-09 16:13:49.352,6760.0,197,6750.0,5654,6740.0,1142,6730.0,4983,6720.0,5648,6770.0,2979,6790.0,678,6800.0,5100,6810.0,1108,6820.0,2670,2025-05-09 16:13:49.272,,2147483647,773680,True,nan
6029,900178,1611771787,MERV - XMEV - GGAL - 24hs,6760.0,2025-05-09 16:13:49,149,2025-05-09 16:13:49.851,6750.0,5654,6740.0,1142,6730.0,4983,6720.0,5648,6710.0,20715,6760.0,2,6770.0,2979,6790.0,678,6800.0,5100,6810.0,1108,2025-05-09 16:13:49.774,,2147483647,774026,False,nan
6030,900229,1611771852,MERV - XMEV - GGAL - 24hs,6760.0,2025-05-09 16:13:49,1,2025-05-09 16:13:50.346,6750.0,5654,6740.0,1142,6730.0,4983,6720.0,5648,6710.0,20715,6760.0,2,6770.0,2979,6790.0,678,6800.0,5100,6810.0,1108,2025-05-09 16:13:50.269,,2147483647,774027,False,nan
6031,900278,1611771909,MERV - XMEV - GGAL - 24hs,6760.0,2025-05-09 16:13:49,1,2025-05-09 16:13:50.846,6760.0,146,6750.0,5654,6740.0,990,6730.0,4983,6720.0,5648,6770.0,2979,6790.0,678,6800.0,5100,6810.0,1108,6820.0,2670,2025-05-09 16:13:50.769,,2147483647,774028,False,nan
6032,900707,1611772485,MERV - XMEV - GGAL - 24hs,6770.0,2025-05-09 16:13:56,5,2025-05-09 16:13:56.543,6760.0,146,6750.0,5654,6740.0,990,6730.0,4983,6720.0,5648,6770.0,2979,6790.0,678,6800.0,5100,6810.0,1108,6820.0,2670,2025-05-09 16:13:56.435,,2147483647,774028,True,offer
6033,900749,1611772537,MERV - XMEV - GGAL - 24hs,6770.0,2025-05-09 16:13:56,5,2025-05-09 16:13:57.166,6760.0,146,6750.0,5654,6740.0,990,6730.0,4983,6720.0,5648,6770.0,2974,6790.0,678,6800.0,5100,6810.0,1108,6820.0,2670,2025-05-09 16:13:57.088,,2147483647,774028,False,nan
6034,900779,1611772578,MERV - XMEV - GGAL - 24hs,6760.0,2025-05-09 16:13:57,79,2025-05-09 16:13:57.669,6760.0,146,6750.0,5654,6740.0,990,6730.0,4983,6720.0,5648,6770.0,2974,6790.0,678,6800.0,5100,6810.0,1108,6820.0,2670,2025-05-09 16:13:57.588,,2147483647,774033,True,bid
6035,900825,1611772640,MERV - XMEV - GGAL - 24hs,6760.0,2025-05-09 16:13:57,79,2025-05-09 16:13:58.167,6760.0,67,6750.0,5654,6740.0,990,6730.0,4983,6720.0,5648,6770.0,2974,6790.0,678,6800.0,5100,6810.0,1108,6820.0,2670,2025-05-09 16:13:58.088,,2147483647,774033,False,nan
6036,900859,1611772680,MERV - XMEV - GGAL - 24hs,6760.0,2025-05-09 16:13:57,79,2025-05-09 16:13:58.665,6760.0,67,6750.0,5654,6740.0,990,6730.0,4983,6720.0,5648,6770.0,2974,6790.0,678,6800.0,5100,6810.0,1108,6820.0,2670,2025-05-09 16:13:58.589,,2147483647,774112,False,nan
6037,901207,1611773147,MERV - XMEV - GGAL - 24hs,6760.0,2025-05-09 16:13:57,79,2025-05-09 16:14:02.170,6760.0,67,6750.0,5654,6740.0,989,6730.0,4983,6720.0,5648,6770.0,2974,6790.0,678,6800.0,5100,6810.0,1108,6820.0,2670,2025-05-09 16:14:02.081,,2147483647,774112,False,nan
6038,901413,1611773398,MERV - XMEV - GGAL - 24hs,6770.0,2025-05-09 16:14:03,74,2025-05-09 16:14:03.850,6760.0,67,6750.0,5654,6740.0,989,6730.0,4983,6720.0,5648,6770.0,2974,6790.0,678,6800.0,5100,6810.0,1108,6820.0,2670,2025-05-09 16:14:03.773,,2147483647,774112,True,offer
6039,901470,1611773478,MERV - XMEV - GGAL - 24hs,6770.0,2025-05-09 16:14:03,74,2025-05-09 16:14:04.518,6760.0,67,6750.0,5654,6740.0,989,6730.0,4983,6720.0,5648,6770.0,2900,6790.0,678,6800.0,5100,6810.0,1108,6820.0,2670,2025-05-09 16:14:04.427,,2147483647,774112,False,nan
6040,901547,1611773570,MERV - XMEV - GGAL - 24hs,6770.0,2025-05-09 16:14:03,74,2025-05-09 16:14:05.013,6760.0,67,6750.0,5654,6740.0,989,6730.0,4983,6720.0,5648,6770.0,2900,6790.0,678,6800.0,5100,6810.0,1108,6820.0,2670,2025-05-09 16:14:04.927,,2147483647,774186,False,nan
6041,901621,1611773679,MERV - XMEV - GGAL - 24hs,6760.0,2025-05-09 16:14:04,67,2025-05-09 16:14:06.032,6760.0,67,6750.0,5654,6740.0,989,6730.0,4983,6720.0,5648,6770.0,2900,6790.0,678,6800.0,5100,6810.0,1108,6820.0,2670,2025-05-09 16:14:05.818,,2147483647,774186,True,bid
6042,901687,1611773769,MERV - XMEV - GGAL - 24hs,6760.0,2025-05-09 16:14:05,11,2025-05-09 16:14:06.312,6750.0,5654,6740.0,989,6730.0,4983,6720.0,5648,6710.0,20715,6770.0,2900,6790.0,678,6800.0,5100,6810.0,1108,6820.0,2670,2025-05-09 16:14:05.927,,2147483647,774253,True,bid
6043,901724,1611773820,MERV - XMEV - GGAL - 24hs,6760.0,2025-05-09 16:14:05,11,2025-05-09 16:14:06.503,6750.0,5654,6740.0,989,6730.0,4983,6720.0,5648,6710.0,20715,6760.0,1,6770.0,2900,6790.0,678,6800.0,5100,6810.0,1108,2025-05-09 16:14:06.427,,2147483647,774264,False,nan
6044,901811,1611773929,MERV - XMEV - GGAL - 24hs,6760.0,2025-05-09 16:14:05,11,2025-05-09 16:14:07.358,6750.0,5654,6740.0,977,6730.0,4983,6720.0,5648,6710.0,20715,6760.0,1,6770.0,2900,6790.0,678,6800.0,5100,6810.0,1108,2025-05-09 16:14:07.270,,2147483647,774264,False,nan
6045,902110,1611774306,MERV - XMEV - GGAL - 24hs,6760.0,2025-05-09 16:14:05,11,2025-05-09 16:14:09.871,6750.0,5654,6740.0,4140,6730.0,1820,6720.0,5648,6710.0,20715,6760.0,1,6770.0,2900,6790.0,678,6800.0,5100,6810.0,1108,2025-05-09 16:14:09.795,,2147483647,774264,False,nan
6046,902174,1611774382,MERV - XMEV - GGAL - 24hs,6760.0,2025-05-09 16:14:10,1,2025-05-09 16:14:10.906,6750.0,5654,6740.0,4140,6730.0,1820,6720.0,5648,6710.0,20715,6760.0,1,6770.0,2900,6790.0,678,6800.0,5100,6810.0,1108,2025-05-09 16:14:10.830,,2147483647,774264,True,offer
6047,902211,1611774427,MERV - XMEV - GGAL - 24hs,6770.0,2025-05-09 16:14:10,199,2025-05-09 16:14:11.406,6750.0,5654,6740.0,4140,6730.0,1820,6720.0,5648,6710.0,20715,6760.0,1,6770.0,2900,6790.0,678,6800.0,5100,6810.0,1108,2025-05-09 16:14:11.330,,2147483647,774264,False,nan
6048,902249,1611774475,MERV - XMEV - GGAL - 24hs,6770.0,2025-05-09 16:14:10,199,2025-05-09 16:14:11.906,6750.0,5654,6740.0,4140,6730.0,1820,6720.0,5648,6710.0,20715,6770.0,2777,6790.0,678,6800.0,5100,6810.0,1108,6820.0,2663,2025-05-09 16:14:11.830,,2147483647,774464,False,nan
6049,902596,1611774916,MERV - XMEV - GGAL - 24hs,6770.0,2025-05-09 16:14:15,50,2025-05-09 16:14:16.054,6750.0,5654,6740.0,4140,6730.0,1820,6720.0,5648,6710.0,20715,6770.0,2777,6790.0,678,6800.0,5100,6810.0,1108,6820.0,2663,2025-05-09 16:14:15.978,,2147483647,774464,True,offer
6050,902644,1611774977,MERV - XMEV - GGAL - 24hs,6770.0,2025-05-09 16:14:15,50,2025-05-09 16:14:16.721,6750.0,5654,6740.0,4140,6730.0,1820,6720.0,5648,6710.0,20715,6770.0,2727,6790.0,678,6800.0,5100,6810.0,1108,6820.0,2663,2025-05-09 16:14:16.643,,2147483647,774464,False,nan
6051,902679,1611775023,MERV - XMEV - GGAL - 24hs,6770.0,2025-05-09 16:14:15,50,2025-05-09 16:14:17.219,6750.0,5654,6740.0,4140,6730.0,1820,6720.0,5648,6710.0,20715,6770.0,2727,6790.0,678,6800.0,5100,6810.0,1108,6820.0,2663,2025-05-09 16:14:17.144,,2147483647,774514,False,nan
6052,903396,1611775962,MERV - XMEV - GGAL - 24hs,6770.0,2025-05-09 16:14:25,1,2025-05-09 16:14:25.388,6750.0,5654,6740.0,4140,6730.0,1820,6720.0,5648,6710.0,20715,6770.0,2727,6790.0,678,6800.0,5100,6810.0,1108,6820.0,2663,2025-05-09 16:14:25.312,,2147483647,774514,True,offer
6053,903461,1611776058,MERV - XMEV - GGAL - 24hs,6770.0,2025-05-09 16:14:25,1,2025-05-09 16:14:26.067,6750.0,5654,6740.0,4140,6730.0,1820,6720.0,5648,6710.0,20715,6770.0,2726,6790.0,678,6800.0,5100,6810.0,1108,6820.0,2663,2025-05-09 16:14:25.976,,2147483647,774514,False,nan
6054,903515,1611776143,MERV - XMEV - GGAL - 24hs,6770.0,2025-05-09 16:14:25,1,2025-05-09 16:14:26.552,6750.0,5654,6740.0,4140,6730.0,1820,6720.0,5648,6710.0,20715,6770.0,2726,6790.0,678,6800.0,5100,6810.0,1108,6820.0,2663,2025-05-09 16:14:26.476,,2147483647,774515,False,nan
6055,903577,1611776232,MERV - XMEV - GGAL - 24hs,6770.0,2025-05-09 16:14:27,2,2025-05-09 16:14:27.147,6750.0,5654,6740.0,4140,6730.0,1820,6720.0,5648,6710.0,20715,6770.0,2726,6790.0,678,6800.0,5100,6810.0,1108,6820.0,2663,2025-05-09 16:14:27.072,,2147483647,774515,True,offer
6056,903628,1611776297,MERV - XMEV - GGAL - 24hs,6770.0,2025-05-09 16:14:27,2,2025-05-09 16:14:27.822,6750.0,5654,6740.0,4140,6730.0,1820,6720.0,5648,6710.0,20715,6770.0,2724,6790.0,678,6800.0,5100,6810.0,1108,6820.0,2663,2025-05-09 16:14:27.740,,2147483647,774515,False,nan
6057,903672,1611776362,MERV - XMEV - GGAL - 24hs,6770.0,2025-05-09 16:14:27,2,2025-05-09 16:14:28.319,6750.0,5654,6740.0,4140,6730.0,1820,6720.0,5648,6710.0,20715,6770.0,2724,6790.0,678,6800.0,5100,6810.0,1108,6820.0,2663,2025-05-09 16:14:28.240,,2147483647,774517,False,nan
6058,904140,1611777016,MERV - XMEV - GGAL - 24hs,6770.0,2025-05-09 16:14:27,2,2025-05-09 16:14:34.391,6760.0,20,6750.0,5854,6740.0,4140,6730.0,1820,6720.0,5648,6770.0,2648,6790.0,678,6800.0,5100,6810.0,1108,6820.0,2670,2025-05-09 16:14:34.316,,2147483647,774517,False,nan
6059,905200,1611778464,MERV - XMEV - GGAL - 24hs,6770.0,2025-05-09 16:14:27,2,2025-05-09 16:14:49.188,6760.0,20,6750.0,5954,6740.0,4140,6730.0,1820,6720.0,5648,6770.0,2648,6790.0,678,6800.0,5100,6810.0,1108,6820.0,2670,2025-05-09 16:14:49.092,,2147483647,774517,False,nan
6060,905552,1611778975,MERV - XMEV - GGAL - 24hs,6770.0,2025-05-09 16:14:27,2,2025-05-09 16:14:52.355,6760.0,166,6750.0,5954,6740.0,4140,6730.0,1820,6720.0,5648,6770.0,2648,6790.0,678,6800.0,5100,6810.0,1108,6820.0,2670,2025-05-09 16:14:52.277,,2147483647,774517,False,nan
6061,905608,1611779047,MERV - XMEV - GGAL - 24hs,6760.0,2025-05-09 16:14:52,130,2025-05-09 16:14:53.335,6760.0,166,6750.0,5954,6740.0,4140,6730.0,1820,6720.0,5648,6770.0,2648,6790.0,678,6800.0,5100,6810.0,1108,6820.0,2670,2025-05-09 16:14:53.195,,2147483647,774517,True,bid
6062,905659,1611779114,MERV - XMEV - GGAL - 24hs,6760.0,2025-05-09 16:14:53,1,2025-05-09 16:14:53.551,6750.0,5954,6740.0,4140,6730.0,1820,6720.0,5648,6710.0,20715,6760.0,84,6770.0,2648,6790.0,678,6800.0,5100,6810.0,1108,2025-05-09 16:14:53.301,,2147483647,774765,True,bid
6063,905702,1611779176,MERV - XMEV - GGAL - 24hs,6760.0,2025-05-09 16:14:53,1,2025-05-09 16:14:53.851,6750.0,5954,6740.0,4140,6730.0,1820,6720.0,5648,6710.0,20715,6760.0,1,6770.0,2648,6790.0,678,6800.0,5100,6810.0,1108,2025-05-09 16:14:53.776,,2147483647,774765,False,nan
6064,905748,1611779233,MERV - XMEV - GGAL - 24hs,6760.0,2025-05-09 16:14:53,1,2025-05-09 16:14:54.350,6750.0,5954,6740.0,4140,6730.0,1820,6720.0,5648,6710.0,20715,6760.0,1,6770.0,2648,6790.0,678,6800.0,5100,6810.0,1108,2025-05-09 16:14:54.274,,2147483647,774766,False,nan
6065,905829,1611779335,MERV - XMEV - GGAL - 24hs,6760.0,2025-05-09 16:14:53,1,2025-05-09 16:14:54.851,6750.0,5954,6740.0,4056,6730.0,1820,6720.0,5648,6710.0,20715,6760.0,1,6770.0,2648,6790.0,678,6800.0,5100,6810.0,1108,2025-05-09 16:14:54.774,,2147483647,774766,False,nan
6066,906343,1611779985,MERV - XMEV - GGAL - 24hs,6760.0,2025-05-09 16:15:01,1,2025-05-09 16:15:01.142,6750.0,5954,6740.0,4056,6730.0,1820,6720.0,5648,6710.0,20715,6760.0,1,6770.0,2648,6790.0,678,6800.0,5100,6810.0,1108,2025-05-09 16:15:01.053,,2147483647,774766,True,offer
6067,906391,1611780046,MERV - XMEV - GGAL - 24hs,6760.0,2025-05-09 16:15:01,1,2025-05-09 16:15:01.632,6750.0,5954,6740.0,4056,6730.0,1820,6720.0,5648,6710.0,20715,6760.0,1,6770.0,2648,6790.0,678,6800.0,5100,6810.0,1108,2025-05-09 16:15:01.553,,2147483647,774865,False,nan
6068,906431,1611780096,MERV - XMEV - GGAL - 24hs,6760.0,2025-05-09 16:15:01,1,2025-05-09 16:15:02.131,6750.0,5954,6740.0,4056,6730.0,1820,6720.0,5648,6710.0,20715,6760.0,1,6770.0,2648,6790.0,678,6800.0,5100,6810.0,1108,2025-05-09 16:15:02.054,,2147483647,774866,False,nan
6069,906526,1611780218,MERV - XMEV - GGAL - 24hs,6760.0,2025-05-09 16:15:01,1,2025-05-09 16:15:02.635,6750.0,5954,6740.0,3978,6730.0,1820,6720.0,5648,6710.0,20715,6760.0,1,6770.0,2648,6790.0,678,6800.0,5100,6810.0,1108,2025-05-09 16:15:02.554,,2147483647,774866,False,nan
6070,907574,1611781596,MERV - XMEV - GGAL - 24hs,6760.0,2025-05-09 16:15:11,1,2025-05-09 16:15:12.411,6750.0,5954,6740.0,3978,6730.0,1820,6720.0,5648,6710.0,20715,6760.0,1,6770.0,2648,6790.0,678,6800.0,5100,6810.0,1108,2025-05-09 16:15:12.171,,2147483647,774866,True,offer
6071,907616,1611781653,MERV - XMEV - GGAL - 24hs,6770.0,2025-05-09 16:15:12,1028,2025-05-09 16:15:12.579,6750.0,6299,6740.0,3945,6730.0,1820,6720.0,5648,6710.0,20715,6770.0,1348,6790.0,678,6800.0,5100,6810.0,1108,6820.0,2965,2025-05-09 16:15:12.504,,2147483647,776243,True,offer
6072,907665,1611781713,MERV - XMEV - GGAL - 24hs,6770.0,2025-05-09 16:15:12,1028,2025-05-09 16:15:13.069,6750.0,6299,6740.0,3945,6730.0,1820,6720.0,5648,6710.0,20715,6770.0,1348,6790.0,678,6800.0,5100,6810.0,1108,6820.0,2965,2025-05-09 16:15:13.007,,2147483647,777271,False,nan
6073,907706,1611781773,MERV - XMEV - GGAL - 24hs,6770.0,2025-05-09 16:15:12,1028,2025-05-09 16:15:13.571,6750.0,6993,6740.0,3945,6730.0,1820,6720.0,5648,6710.0,20715,6770.0,320,6790.0,678,6800.0,5100,6810.0,1108,6820.0,2965,2025-05-09 16:15:13.507,,2147483647,777271,False,nan
6074,907774,1611781850,MERV - XMEV - GGAL - 24hs,6770.0,2025-05-09 16:15:13,1736,2025-05-09 16:15:14.071,6750.0,6993,6740.0,3945,6730.0,1820,6720.0,5648,6710.0,20715,6770.0,320,6790.0,678,6800.0,5100,6810.0,1108,6820.0,2965,2025-05-09 16:15:14.007,,2147483647,777590,True,offer
6075,907856,1611781952,MERV - XMEV - GGAL - 24hs,6770.0,2025-05-09 16:15:14,1197,2025-05-09 16:15:14.571,6750.0,7784,6740.0,3945,6730.0,1820,6720.0,5648,6710.0,20715,6770.0,3264,6780.0,1,6790.0,678,6800.0,5100,6810.0,1108,2025-05-09 16:15:14.507,,2147483647,781382,True,offer
6076,907928,1611782039,MERV - XMEV - GGAL - 24hs,6770.0,2025-05-09 16:15:14,1197,2025-05-09 16:15:15.082,6760.0,1038,6750.0,6029,6740.0,4945,6730.0,1820,6720.0,5648,6780.0,1,6790.0,678,6800.0,5111,6810.0,1108,6820.0,2965,2025-05-09 16:15:15.007,,2147483647,781382,False,nan
6077,908023,1611782162,MERV - XMEV - GGAL - 24hs,6760.0,2025-05-09 16:15:15,1,2025-05-09 16:15:15.570,6760.0,1038,6750.0,6029,6740.0,4945,6730.0,1820,6720.0,5648,6780.0,1,6790.0,678,6800.0,5111,6810.0,1108,6820.0,2965,2025-05-09 16:15:15.508,,2147483647,783802,True,bid
6078,908090,1611782261,MERV - XMEV - GGAL - 24hs,6760.0,2025-05-09 16:15:15,1,2025-05-09 16:15:16.097,6750.0,5954,6740.0,19945,6730.0,1820,6720.0,5648,6710.0,4715,6760.0,1,6790.0,678,6800.0,5111,6810.0,1109,6820.0,2965,2025-05-09 16:15:16.007,,2147483647,783803,False,nan
6079,908232,1611782466,MERV - XMEV - GGAL - 24hs,6760.0,2025-05-09 16:15:15,1,2025-05-09 16:15:17.344,6750.0,5954,6740.0,19945,6730.0,1570,6720.0,5898,6710.0,4715,6760.0,1,6790.0,678,6800.0,5111,6810.0,1109,6820.0,2965,2025-05-09 16:15:17.276,,2147483647,783803,False,nan
6080,908314,1611782561,MERV - XMEV - GGAL - 24hs,6790.0,2025-05-09 16:15:17,1,2025-05-09 16:15:17.875,6750.0,5954,6740.0,19945,6730.0,1570,6720.0,5898,6710.0,4715,6760.0,1,6790.0,678,6800.0,5111,6810.0,1109,6820.0,2965,2025-05-09 16:15:17.779,,2147483647,783804,True,offer
6081,908395,1611782657,MERV - XMEV - GGAL - 24hs,6790.0,2025-05-09 16:15:17,1,2025-05-09 16:15:18.367,6760.0,130,6750.0,5954,6740.0,19945,6730.0,1570,6720.0,5898,6790.0,753,6800.0,5111,6810.0,1108,6820.0,2965,6830.0,1976,2025-05-09 16:15:18.279,,2147483647,783805,False,nan
6082,908449,1611782730,MERV - XMEV - GGAL - 24hs,6760.0,2025-05-09 16:15:18,1,2025-05-09 16:15:18.842,6760.0,130,6750.0,5954,6740.0,19945,6730.0,1570,6720.0,5898,6790.0,753,6800.0,5111,6810.0,1108,6820.0,2965,6830.0,1976,2025-05-09 16:15:18.780,,2147483647,784134,True,bid
6083,908497,1611782798,MERV - XMEV - GGAL - 24hs,6760.0,2025-05-09 16:15:18,1,2025-05-09 16:15:19.341,6750.0,5954,6740.0,19945,6730.0,1570,6720.0,5898,6710.0,4715,6760.0,1,6790.0,677,6800.0,5111,6810.0,1108,6820.0,2972,2025-05-09 16:15:19.279,,2147483647,784135,False,nan
6084,908580,1611782908,MERV - XMEV - GGAL - 24hs,6760.0,2025-05-09 16:15:20,1,2025-05-09 16:15:20.318,6750.0,5954,6740.0,19945,6730.0,1570,6720.0,5898,6710.0,4715,6760.0,1,6790.0,677,6800.0,5111,6810.0,1108,6820.0,2972,2025-05-09 16:15:20.257,,2147483647,784135,True,offer
6085,908648,1611782992,MERV - XMEV - GGAL - 24hs,6760.0,2025-05-09 16:15:20,1,2025-05-09 16:15:20.993,6760.0,22,6750.0,5954,6740.0,19945,6730.0,1570,6720.0,5898,6790.0,753,6800.0,5111,6810.0,1108,6820.0,2965,6830.0,1976,2025-05-09 16:15:20.930,,2147483647,784135,False,nan
6086,908744,1611783112,MERV - XMEV - GGAL - 24hs,6760.0,2025-05-09 16:15:20,1,2025-05-09 16:15:21.495,6760.0,22,6750.0,5954,6740.0,19945,6730.0,1570,6720.0,5898,6790.0,753,6800.0,5111,6810.0,1108,6820.0,2965,6830.0,1976,2025-05-09 16:15:21.431,,2147483647,784136,False,nan
6087,908852,1611783284,MERV - XMEV - GGAL - 24hs,6760.0,2025-05-09 16:15:20,1,2025-05-09 16:15:22.865,6760.0,22,6750.0,5954,6740.0,19945,6730.0,1570,6720.0,5898,6790.0,253,6800.0,5111,6810.0,1108,6820.0,2965,6830.0,1976,2025-05-09 16:15:22.803,,2147483647,784136,False,nan
6088,908974,1611783451,MERV - XMEV - GGAL - 24hs,6760.0,2025-05-09 16:15:20,1,2025-05-09 16:15:24.215,6760.0,1061,6750.0,5954,6740.0,19945,6730.0,1570,6720.0,5898,6790.0,253,6800.0,5111,6810.0,1108,6820.0,2965,6830.0,1976,2025-05-09 16:15:24.138,,2147483647,784136,False,nan
6089,909102,1611783653,MERV - XMEV - GGAL - 24hs,6790.0,2025-05-09 16:15:25,177,2025-05-09 16:15:25.450,6760.0,1061,6750.0,5954,6740.0,19945,6730.0,1570,6720.0,5898,6790.0,253,6800.0,5111,6810.0,1108,6820.0,2965,6830.0,1976,2025-05-09 16:15:25.387,,2147483647,784136,True,offer
6090,909152,1611783719,MERV - XMEV - GGAL - 24hs,6760.0,2025-05-09 16:15:25,2,2025-05-09 16:15:25.949,6760.0,1061,6750.0,5954,6740.0,19945,6730.0,1570,6720.0,5898,6790.0,253,6800.0,5111,6810.0,1108,6820.0,2965,6830.0,1976,2025-05-09 16:15:25.887,,2147483647,784136,False,nan
6091,909237,1611783839,MERV - XMEV - GGAL - 24hs,6770.0,2025-05-09 16:15:26,51,2025-05-09 16:15:26.453,6770.0,56,6760.0,1059,6750.0,5954,6740.0,19945,6730.0,1570,6790.0,20,6800.0,5111,6810.0,1108,6820.0,2965,6830.0,1976,2025-05-09 16:15:26.388,,2147483647,784438,True,bid
6092,909294,1611783925,MERV - XMEV - GGAL - 24hs,6770.0,2025-05-09 16:15:26,51,2025-05-09 16:15:26.950,6760.0,3263,6750.0,5954,6740.0,16782,6730.0,1570,6720.0,5898,6790.0,20,6800.0,5111,6810.0,1108,6820.0,2965,6830.0,1976,2025-05-09 16:15:26.888,,2147483647,784489,False,nan
6093,909633,1611784357,MERV - XMEV - GGAL - 24hs,6770.0,2025-05-09 16:15:26,51,2025-05-09 16:15:30.111,6760.0,3263,6750.0,5960,6740.0,16782,6730.0,1570,6720.0,5898,6790.0,20,6800.0,5111,6810.0,1108,6820.0,2965,6830.0,1976,2025-05-09 16:15:30.049,,2147483647,784489,False,nan
6094,909902,1611784728,MERV - XMEV - GGAL - 24hs,6790.0,2025-05-09 16:15:31,14,2025-05-09 16:15:32.204,6760.0,3263,6750.0,5960,6740.0,16782,6730.0,1570,6720.0,5898,6790.0,20,6800.0,5111,6810.0,1108,6820.0,2965,6830.0,1976,2025-05-09 16:15:31.998,,2147483647,784489,True,offer
6095,909983,1611784841,MERV - XMEV - GGAL - 24hs,6790.0,2025-05-09 16:15:31,14,2025-05-09 16:15:32.731,6770.0,14,6760.0,3263,6750.0,5960,6740.0,16782,6730.0,1570,6790.0,6,6800.0,5111,6810.0,1108,6820.0,2965,6830.0,1976,2025-05-09 16:15:32.665,,2147483647,784489,False,nan
6096,910056,1611784932,MERV - XMEV - GGAL - 24hs,6790.0,2025-05-09 16:15:31,14,2025-05-09 16:15:33.229,6770.0,14,6760.0,3263,6750.0,5960,6740.0,16782,6730.0,1570,6790.0,6,6800.0,5111,6810.0,1108,6820.0,2965,6830.0,1976,2025-05-09 16:15:33.166,,2147483647,784503,False,nan
6097,910195,1611785106,MERV - XMEV - GGAL - 24hs,6790.0,2025-05-09 16:15:31,14,2025-05-09 16:15:34.611,6770.0,514,6760.0,3263,6750.0,5960,6740.0,16782,6730.0,1570,6790.0,6,6800.0,5111,6810.0,1108,6820.0,2965,6830.0,1976,2025-05-09 16:15:34.543,,2147483647,784503,False,nan
6098,910250,1611785169,MERV - XMEV - GGAL - 24hs,6770.0,2025-05-09 16:15:34,430,2025-05-09 16:15:35.108,6770.0,514,6760.0,3263,6750.0,5960,6740.0,16782,6730.0,1570,6790.0,6,6800.0,5111,6810.0,1108,6820.0,2965,6830.0,1976,2025-05-09 16:15:35.045,,2147483647,784587,True,bid
6099,910317,1611785260,MERV - XMEV - GGAL - 24hs,6770.0,2025-05-09 16:15:34,430,2025-05-09 16:15:35.604,6760.0,3316,6750.0,5960,6740.0,16782,6730.0,1570,6720.0,5898,6770.0,75,6800.0,5111,6810.0,1108,6820.0,2966,6830.0,1976,2025-05-09 16:15:35.542,,2147483647,785017,False,nan
6100,910614,1611785622,MERV - XMEV - GGAL - 24hs,6770.0,2025-05-09 16:15:38,75,2025-05-09 16:15:38.496,6760.0,3316,6750.0,5960,6740.0,16782,6730.0,1570,6720.0,5898,6770.0,75,6800.0,5111,6810.0,1108,6820.0,2966,6830.0,1976,2025-05-09 16:15:38.433,,2147483647,785017,True,offer
6101,910653,1611785664,MERV - XMEV - GGAL - 24hs,6770.0,2025-05-09 16:15:38,75,2025-05-09 16:15:39.160,6770.0,250,6760.0,3316,6750.0,5960,6740.0,16782,6730.0,1320,6800.0,5187,6810.0,1108,6820.0,2965,6830.0,1976,6840.0,6205,2025-05-09 16:15:39.098,,2147483647,785017,False,nan
6102,910690,1611785705,MERV - XMEV - GGAL - 24hs,6770.0,2025-05-09 16:15:39,269,2025-05-09 16:15:39.661,6770.0,250,6760.0,3316,6750.0,5960,6740.0,16782,6730.0,1320,6800.0,5187,6810.0,1108,6820.0,2965,6830.0,1976,6840.0,6205,2025-05-09 16:15:39.599,,2147483647,785908,True,bid
6103,910715,1611785735,MERV - XMEV - GGAL - 24hs,6770.0,2025-05-09 16:15:39,58,2025-05-09 16:15:40.161,6770.0,69,6760.0,3316,6750.0,5960,6740.0,16782,6730.0,1320,6800.0,5187,6810.0,1108,6820.0,2965,6830.0,1976,6840.0,6205,2025-05-09 16:15:40.099,,2147483647,786293,False,nan
6104,910997,1611786138,MERV - XMEV - GGAL - 24hs,6770.0,2025-05-09 16:15:39,58,2025-05-09 16:15:43.072,6770.0,169,6760.0,3316,6750.0,5960,6740.0,16782,6730.0,1320,6800.0,5176,6810.0,1108,6820.0,2965,6830.0,1976,6840.0,6205,2025-05-09 16:15:43.010,,2147483647,786293,False,nan
6105,911088,1611786258,MERV - XMEV - GGAL - 24hs,6770.0,2025-05-09 16:15:39,58,2025-05-09 16:15:44.394,6770.0,169,6760.0,3316,6750.0,8385,6740.0,16782,6730.0,1320,6800.0,5176,6810.0,1108,6820.0,2965,6830.0,1976,6840.0,6205,2025-05-09 16:15:44.325,,2147483647,786293,False,nan
6106,911177,1611786389,MERV - XMEV - GGAL - 24hs,6770.0,2025-05-09 16:15:45,66,2025-05-09 16:15:45.216,6770.0,169,6760.0,3316,6750.0,8385,6740.0,16782,6730.0,1320,6800.0,5176,6810.0,1108,6820.0,2965,6830.0,1976,6840.0,6205,2025-05-09 16:15:45.154,,2147483647,786293,True,bid
6107,911209,1611786432,MERV - XMEV - GGAL - 24hs,6770.0,2025-05-09 16:15:45,66,2025-05-09 16:15:45.716,6770.0,103,6760.0,3316,6750.0,8531,6740.0,16782,6730.0,1320,6800.0,5176,6810.0,1108,6820.0,2965,6830.0,1976,6840.0,6205,2025-05-09 16:15:45.654,,2147483647,786293,False,nan
6108,911254,1611786487,MERV - XMEV - GGAL - 24hs,6770.0,2025-05-09 16:15:45,66,2025-05-09 16:15:46.223,6770.0,103,6760.0,3316,6750.0,8531,6740.0,16782,6730.0,1320,6800.0,5176,6810.0,1108,6820.0,2965,6830.0,1976,6840.0,6205,2025-05-09 16:15:46.156,,2147483647,786359,False,nan
6109,911299,1611786550,MERV - XMEV - GGAL - 24hs,6770.0,2025-05-09 16:15:45,66,2025-05-09 16:15:46.721,6770.0,100,6760.0,3319,6750.0,8531,6740.0,15782,6730.0,2320,6790.0,576,6800.0,7100,6810.0,1108,6820.0,2965,6830.0,1976,2025-05-09 16:15:46.654,,2147483647,786359,False,nan
6110,911380,1611786644,MERV - XMEV - GGAL - 24hs,6770.0,2025-05-09 16:15:45,66,2025-05-09 16:15:47.219,6770.0,100,6760.0,3319,6750.0,7491,6740.0,782,6730.0,17320,6790.0,576,6800.0,7100,6810.0,1108,6820.0,2965,6830.0,1976,2025-05-09 16:15:47.156,,2147483647,786359,False,nan
6111,911714,1611787077,MERV - XMEV - GGAL - 24hs,6770.0,2025-05-09 16:15:45,66,2025-05-09 16:15:49.956,6770.0,100,6760.0,3319,6750.0,6304,6740.0,782,6730.0,17320,6790.0,576,6800.0,7100,6810.0,1108,6820.0,2965,6830.0,1976,2025-05-09 16:15:49.815,,2147483647,786359,False,nan
6112,911842,1611787242,MERV - XMEV - GGAL - 24hs,6770.0,2025-05-09 16:15:45,66,2025-05-09 16:15:50.936,6770.0,100,6760.0,3316,6750.0,6651,6740.0,782,6730.0,17320,6790.0,576,6800.0,7100,6810.0,1108,6820.0,2965,6830.0,1976,2025-05-09 16:15:50.693,,2147483647,786359,False,nan
6113,912173,1611787683,MERV - XMEV - GGAL - 24hs,6770.0,2025-05-09 16:15:55,100,2025-05-09 16:15:55.164,6770.0,100,6760.0,3316,6750.0,6651,6740.0,782,6730.0,17320,6790.0,576,6800.0,7100,6810.0,1108,6820.0,2965,6830.0,1976,2025-05-09 16:15:55.094,,2147483647,786359,True,bid
6114,912213,1611787731,MERV - XMEV - GGAL - 24hs,6770.0,2025-05-09 16:15:55,100,2025-05-09 16:15:55.816,6760.0,3316,6750.0,6651,6740.0,782,6730.0,17320,6720.0,5898,6790.0,576,6800.0,7100,6810.0,1108,6820.0,2965,6830.0,1976,2025-05-09 16:15:55.753,,2147483647,786359,False,nan
6115,912256,1611787788,MERV - XMEV - GGAL - 24hs,6770.0,2025-05-09 16:15:55,100,2025-05-09 16:15:56.315,6760.0,3316,6750.0,6651,6740.0,782,6730.0,17320,6720.0,5898,6790.0,576,6800.0,7100,6810.0,1108,6820.0,2965,6830.0,1976,2025-05-09 16:15:56.253,,2147483647,786459,False,nan
6116,912347,1611787900,MERV - XMEV - GGAL - 24hs,6770.0,2025-05-09 16:15:55,100,2025-05-09 16:15:57.660,6760.0,3316,6750.0,6651,6740.0,782,6730.0,17320,6720.0,5898,6780.0,76,6790.0,500,6800.0,7100,6810.0,1108,6820.0,2965,2025-05-09 16:15:57.595,,2147483647,786459,False,nan
6117,912627,1611788239,MERV - XMEV - GGAL - 24hs,6770.0,2025-05-09 16:15:55,100,2025-05-09 16:16:00.810,6760.0,3316,6750.0,6304,6740.0,782,6730.0,17320,6720.0,5898,6780.0,76,6790.0,500,6800.0,7100,6810.0,1108,6820.0,2965,2025-05-09 16:16:00.748,,2147483647,786459,False,nan
6118,912738,1611788377,MERV - XMEV - GGAL - 24hs,6770.0,2025-05-09 16:15:55,100,2025-05-09 16:16:01.942,6760.0,3566,6750.0,6304,6740.0,532,6730.0,17320,6720.0,5898,6780.0,76,6790.0,500,6800.0,7100,6810.0,1108,6820.0,2965,2025-05-09 16:16:01.881,,2147483647,786459,False,nan
6119,912835,1611788500,MERV - XMEV - GGAL - 24hs,6770.0,2025-05-09 16:15:55,100,2025-05-09 16:16:03.187,6760.0,3566,6750.0,8696,6740.0,532,6730.0,17320,6720.0,5898,6780.0,76,6790.0,800,6800.0,7100,6810.0,1108,6820.0,2965,2025-05-09 16:16:03.125,,2147483647,786459,False,nan
6120,913210,1611788996,MERV - XMEV - GGAL - 24hs,6760.0,2025-05-09 16:16:07,29,2025-05-09 16:16:07.304,6760.0,3566,6750.0,8696,6740.0,532,6730.0,17320,6720.0,5898,6780.0,76,6790.0,800,6800.0,7100,6810.0,1108,6820.0,2965,2025-05-09 16:16:07.238,,2147483647,786459,True,bid
6121,913259,1611789074,MERV - XMEV - GGAL - 24hs,6760.0,2025-05-09 16:16:07,29,2025-05-09 16:16:07.997,6760.0,3537,6750.0,8696,6740.0,532,6730.0,17320,6720.0,5898,6780.0,76,6790.0,800,6800.0,7100,6810.0,1108,6820.0,2965,2025-05-09 16:16:07.919,,2147483647,786459,False,nan
6122,913303,1611789126,MERV - XMEV - GGAL - 24hs,6760.0,2025-05-09 16:16:07,29,2025-05-09 16:16:08.481,6760.0,3537,6750.0,8696,6740.0,532,6730.0,17320,6720.0,5898,6780.0,76,6790.0,800,6800.0,7100,6810.0,1108,6820.0,2965,2025-05-09 16:16:08.419,,2147483647,786488,False,nan
6123,913422,1611789296,MERV - XMEV - GGAL - 24hs,6760.0,2025-05-09 16:16:07,29,2025-05-09 16:16:09.541,6770.0,1000,6760.0,3537,6750.0,8731,6740.0,532,6730.0,17320,6780.0,76,6790.0,800,6800.0,7100,6810.0,1108,6820.0,2965,2025-05-09 16:16:09.479,,2147483647,786488,False,nan
6124,913899,1611789907,MERV - XMEV - GGAL - 24hs,6760.0,2025-05-09 16:16:07,29,2025-05-09 16:16:15.452,6770.0,1000,6760.0,3684,6750.0,8731,6740.0,532,6730.0,17320,6780.0,76,6790.0,800,6800.0,7100,6810.0,1108,6820.0,2965,2025-05-09 16:16:15.389,,2147483647,786488,False,nan
6125,914309,1611790453,MERV - XMEV - GGAL - 24hs,6780.0,2025-05-09 16:16:19,4,2025-05-09 16:16:19.407,6770.0,1000,6760.0,3684,6750.0,8731,6740.0,532,6730.0,17320,6780.0,76,6790.0,800,6800.0,7100,6810.0,1108,6820.0,2965,2025-05-09 16:16:19.330,,2147483647,786488,True,offer
6126,914394,1611790554,MERV - XMEV - GGAL - 24hs,6780.0,2025-05-09 16:16:19,4,2025-05-09 16:16:19.889,6770.0,1004,6760.0,3684,6750.0,8759,6740.0,532,6730.0,17320,6780.0,72,6790.0,800,6800.0,7100,6810.0,2608,6820.0,2965,2025-05-09 16:16:19.830,,2147483647,786488,False,nan
6127,914466,1611790637,MERV - XMEV - GGAL - 24hs,6780.0,2025-05-09 16:16:19,4,2025-05-09 16:16:20.389,6770.0,1004,6760.0,3684,6750.0,8759,6740.0,532,6730.0,17320,6780.0,72,6790.0,800,6800.0,7100,6810.0,2608,6820.0,2965,2025-05-09 16:16:20.330,,2147483647,786492,False,nan
6128,914586,1611790784,MERV - XMEV - GGAL - 24hs,6780.0,2025-05-09 16:16:21,5,2025-05-09 16:16:21.720,6770.0,1004,6760.0,3684,6750.0,8759,6740.0,532,6730.0,17320,6780.0,72,6790.0,800,6800.0,7100,6810.0,2608,6820.0,2965,2025-05-09 16:16:21.661,,2147483647,786492,True,offer
6129,914639,1611790869,MERV - XMEV - GGAL - 24hs,6780.0,2025-05-09 16:16:21,5,2025-05-09 16:16:22.384,6770.0,1004,6760.0,3684,6750.0,8759,6740.0,532,6730.0,17320,6780.0,67,6790.0,800,6800.0,7100,6810.0,2608,6820.0,2965,2025-05-09 16:16:22.321,,2147483647,786492,False,nan
6130,914676,1611790912,MERV - XMEV - GGAL - 24hs,6780.0,2025-05-09 16:16:21,5,2025-05-09 16:16:22.884,6770.0,1004,6760.0,3684,6750.0,8759,6740.0,532,6730.0,17320,6780.0,67,6790.0,800,6800.0,7100,6810.0,2608,6820.0,2965,2025-05-09 16:16:22.822,,2147483647,786497,False,nan
6131,914973,1611791296,MERV - XMEV - GGAL - 24hs,6780.0,2025-05-09 16:16:21,5,2025-05-09 16:16:26.735,6770.0,1004,6760.0,3684,6750.0,8759,6740.0,532,6730.0,17320,6780.0,67,6790.0,2800,6800.0,5100,6810.0,2608,6820.0,2965,2025-05-09 16:16:26.670,,2147483647,786497,False,nan
6132,915087,1611791438,MERV - XMEV - GGAL - 24hs,6780.0,2025-05-09 16:16:21,5,2025-05-09 16:16:28.425,6770.0,1004,6760.0,3724,6750.0,8759,6740.0,532,6730.0,17320,6780.0,67,6790.0,2800,6800.0,5100,6810.0,2608,6820.0,2965,2025-05-09 16:16:28.366,,2147483647,786497,False,nan
6133,915225,1611791622,MERV - XMEV - GGAL - 24hs,6780.0,2025-05-09 16:16:21,5,2025-05-09 16:16:30.164,6770.0,1004,6760.0,3724,6750.0,8758,6740.0,532,6730.0,17320,6780.0,67,6790.0,2800,6800.0,5100,6810.0,2608,6820.0,2965,2025-05-09 16:16:30.105,,2147483647,786497,False,nan
6134,915346,1611791795,MERV - XMEV - GGAL - 24hs,6780.0,2025-05-09 16:16:21,5,2025-05-09 16:16:31.665,6770.0,4,6760.0,3724,6750.0,8759,6740.0,1532,6730.0,17320,6780.0,67,6790.0,2800,6800.0,5100,6810.0,2608,6820.0,2965,2025-05-09 16:16:31.601,,2147483647,786497,False,nan
6135,915702,1611792296,MERV - XMEV - GGAL - 24hs,6780.0,2025-05-09 16:16:21,5,2025-05-09 16:16:34.771,6770.0,4,6760.0,3724,6750.0,9106,6740.0,1532,6730.0,17320,6780.0,67,6790.0,12800,6800.0,5100,6810.0,2608,6820.0,2965,2025-05-09 16:16:34.708,,2147483647,786497,False,nan
6136,916011,1611792707,MERV - XMEV - GGAL - 24hs,6780.0,2025-05-09 16:16:37,3,2025-05-09 16:16:37.957,6770.0,4,6760.0,3724,6750.0,9106,6740.0,1532,6730.0,17320,6780.0,67,6790.0,12800,6800.0,5100,6810.0,2608,6820.0,2965,2025-05-09 16:16:37.898,,2147483647,786497,True,offer
6137,916055,1611792765,MERV - XMEV - GGAL - 24hs,6780.0,2025-05-09 16:16:38,9,2025-05-09 16:16:38.457,6770.0,4,6760.0,3724,6750.0,9106,6740.0,1532,6730.0,17320,6780.0,67,6790.0,12800,6800.0,5100,6810.0,2608,6820.0,2965,2025-05-09 16:16:38.398,,2147483647,786500,True,offer
6138,916138,1611792883,MERV - XMEV - GGAL - 24hs,6780.0,2025-05-09 16:16:38,9,2025-05-09 16:16:38.956,6770.0,4,6760.0,3724,6750.0,9106,6740.0,1532,6730.0,17320,6780.0,55,6790.0,12800,6800.0,5100,6810.0,2608,6820.0,2965,2025-05-09 16:16:38.898,,2147483647,786509,False,nan
6139,916260,1611793042,MERV - XMEV - GGAL - 24hs,6780.0,2025-05-09 16:16:40,43,2025-05-09 16:16:40.843,6770.0,4,6760.0,3724,6750.0,9106,6740.0,1532,6730.0,17320,6780.0,55,6790.0,12800,6800.0,5100,6810.0,2608,6820.0,2965,2025-05-09 16:16:40.701,,2147483647,786509,True,offer
6140,916324,1611793124,MERV - XMEV - GGAL - 24hs,6780.0,2025-05-09 16:16:40,43,2025-05-09 16:16:41.087,6770.0,4,6760.0,3724,6750.0,9106,6740.0,1532,6730.0,17320,6780.0,12,6790.0,12800,6800.0,5100,6810.0,2608,6820.0,2965,2025-05-09 16:16:41.010,,2147483647,786509,False,nan
6141,916382,1611793207,MERV - XMEV - GGAL - 24hs,6780.0,2025-05-09 16:16:40,43,2025-05-09 16:16:41.586,6770.0,4,6760.0,3724,6750.0,9106,6740.0,1532,6730.0,17320,6780.0,12,6790.0,12800,6800.0,5100,6810.0,2608,6820.0,2965,2025-05-09 16:16:41.511,,2147483647,786552,False,nan
6142,916445,1611793289,MERV - XMEV - GGAL - 24hs,6770.0,2025-05-09 16:16:41,1,2025-05-09 16:16:42.119,6770.0,4,6760.0,3724,6750.0,9106,6740.0,1532,6730.0,17320,6780.0,12,6790.0,12800,6800.0,5100,6810.0,2608,6820.0,2965,2025-05-09 16:16:42.058,,2147483647,786552,True,bid
6143,916517,1611793378,MERV - XMEV - GGAL - 24hs,6770.0,2025-05-09 16:16:41,1,2025-05-09 16:16:42.627,6770.0,3,6760.0,3724,6750.0,9106,6740.0,1532,6730.0,17320,6780.0,12,6790.0,12800,6800.0,5100,6810.0,2608,6820.0,2965,2025-05-09 16:16:42.568,,2147483647,786552,False,nan
6144,916573,1611793446,MERV - XMEV - GGAL - 24hs,6770.0,2025-05-09 16:16:41,1,2025-05-09 16:16:43.138,6770.0,3,6760.0,3724,6750.0,9106,6740.0,1532,6730.0,17320,6780.0,12,6790.0,12800,6800.0,5100,6810.0,2608,6820.0,2965,2025-05-09 16:16:43.078,,2147483647,786553,False,nan
6145,916642,1611793550,MERV - XMEV - GGAL - 24hs,6770.0,2025-05-09 16:16:41,1,2025-05-09 16:16:43.873,6770.0,3,6760.0,3724,6750.0,6332,6740.0,1548,6730.0,17320,6780.0,12,6790.0,12800,6800.0,5100,6810.0,2608,6820.0,2965,2025-05-09 16:16:43.815,,2147483647,786553,False,nan
6146,916860,1611793875,MERV - XMEV - GGAL - 24hs,6780.0,2025-05-09 16:16:46,12,2025-05-09 16:16:46.583,6770.0,3,6760.0,3724,6750.0,6332,6740.0,1548,6730.0,17320,6780.0,12,6790.0,12800,6800.0,5100,6810.0,2608,6820.0,2965,2025-05-09 16:16:46.524,,2147483647,786553,True,offer
6147,916904,1611793942,MERV - XMEV - GGAL - 24hs,6790.0,2025-05-09 16:16:46,1638,2025-05-09 16:16:47.083,6770.0,75,6760.0,3724,6750.0,6332,6740.0,1548,6730.0,17320,6790.0,363,6800.0,5100,6810.0,2608,6820.0,2965,6830.0,1976,2025-05-09 16:16:47.024,,2147483647,799915,False,nan
6148,916944,1611794002,MERV - XMEV - GGAL - 24hs,6790.0,2025-05-09 16:16:46,1638,2025-05-09 16:16:47.582,6770.0,75,6760.0,3724,6750.0,6332,6740.0,2548,6730.0,16320,6790.0,363,6800.0,15100,6810.0,2608,6820.0,2965,6830.0,1976,2025-05-09 16:16:47.524,,2147483647,801553,False,nan
6149,917383,1611794638,MERV - XMEV - GGAL - 24hs,6790.0,2025-05-09 16:16:46,1638,2025-05-09 16:16:52.626,6770.0,75,6760.0,3724,6750.0,6679,6740.0,2548,6730.0,16320,6790.0,10363,6800.0,5100,6810.0,2608,6820.0,2965,6830.0,1976,2025-05-09 16:16:52.568,,2147483647,801553,False,nan
6150,917612,1611794946,MERV - XMEV - GGAL - 24hs,6790.0,2025-05-09 16:16:46,1638,2025-05-09 16:16:54.048,6770.0,75,6760.0,3724,6750.0,6332,6740.0,2548,6730.0,16320,6790.0,10363,6800.0,5100,6810.0,2608,6820.0,2965,6830.0,1976,2025-05-09 16:16:53.989,,2147483647,801553,False,nan
6151,917755,1611795153,MERV - XMEV - GGAL - 24hs,6790.0,2025-05-09 16:16:55,48,2025-05-09 16:16:55.906,6770.0,75,6760.0,3724,6750.0,6332,6740.0,2548,6730.0,16320,6790.0,10363,6800.0,5100,6810.0,2608,6820.0,2965,6830.0,1976,2025-05-09 16:16:55.847,,2147483647,801553,True,offer
6152,917851,1611795281,MERV - XMEV - GGAL - 24hs,6790.0,2025-05-09 16:16:55,48,2025-05-09 16:16:56.585,6770.0,75,6760.0,3724,6750.0,6679,6740.0,2548,6730.0,16320,6790.0,10315,6800.0,5100,6810.0,2608,6820.0,2965,6830.0,1976,2025-05-09 16:16:56.519,,2147483647,801553,False,nan
6153,917906,1611795346,MERV - XMEV - GGAL - 24hs,6790.0,2025-05-09 16:16:55,48,2025-05-09 16:16:57.078,6770.0,75,6760.0,3724,6750.0,6679,6740.0,2548,6730.0,16320,6790.0,10315,6800.0,5100,6810.0,2608,6820.0,2965,6830.0,1976,2025-05-09 16:16:57.019,,2147483647,801601,False,nan
6154,918155,1611795710,MERV - XMEV - GGAL - 24hs,6790.0,2025-05-09 16:17:00,36,2025-05-09 16:17:00.285,6770.0,75,6760.0,3724,6750.0,6679,6740.0,2548,6730.0,16320,6790.0,10315,6800.0,5100,6810.0,2608,6820.0,2965,6830.0,1976,2025-05-09 16:17:00.227,,2147483647,801601,True,offer
6155,918201,1611795768,MERV - XMEV - GGAL - 24hs,6790.0,2025-05-09 16:17:00,36,2025-05-09 16:17:00.923,6770.0,75,6760.0,3724,6750.0,6679,6740.0,2548,6730.0,16320,6790.0,11079,6800.0,5100,6810.0,2608,6820.0,2965,6830.0,1976,2025-05-09 16:17:00.862,,2147483647,801601,False,nan
6156,918245,1611795827,MERV - XMEV - GGAL - 24hs,6790.0,2025-05-09 16:17:00,36,2025-05-09 16:17:01.429,6770.0,75,6760.0,3724,6750.0,6679,6740.0,2548,6730.0,16320,6790.0,11079,6800.0,5100,6810.0,2608,6820.0,2965,6830.0,1976,2025-05-09 16:17:01.368,,2147483647,801637,False,nan
6157,918282,1611795889,MERV - XMEV - GGAL - 24hs,6790.0,2025-05-09 16:17:00,36,2025-05-09 16:17:01.939,6770.0,75,6760.0,3724,6750.0,9106,6740.0,2548,6730.0,16320,6790.0,11079,6800.0,5100,6810.0,2608,6820.0,2965,6830.0,1976,2025-05-09 16:17:01.877,,2147483647,801637,False,nan
6158,918506,1611796213,MERV - XMEV - GGAL - 24hs,6790.0,2025-05-09 16:17:00,36,2025-05-09 16:17:04.110,6780.0,10000,6760.0,3724,6750.0,9106,6740.0,2555,6730.0,16320,6790.0,11078,6800.0,5100,6810.0,2608,6820.0,2965,6830.0,1977,2025-05-09 16:17:04.052,,2147483647,801637,False,nan
6159,918550,1611796263,MERV - XMEV - GGAL - 24hs,6780.0,2025-05-09 16:17:04,5,2025-05-09 16:17:04.614,6780.0,10000,6760.0,3724,6750.0,9106,6740.0,2555,6730.0,16320,6790.0,11078,6800.0,5100,6810.0,2608,6820.0,2965,6830.0,1977,2025-05-09 16:17:04.556,,2147483647,801865,True,bid
6160,918645,1611796383,MERV - XMEV - GGAL - 24hs,6780.0,2025-05-09 16:17:04,5,2025-05-09 16:17:05.145,6780.0,9767,6760.0,3724,6750.0,9106,6740.0,2555,6730.0,16320,6790.0,11078,6800.0,5100,6810.0,2608,6820.0,2965,6830.0,1977,2025-05-09 16:17:05.056,,2147483647,801870,False,nan
6161,918998,1611796829,MERV - XMEV - GGAL - 24hs,6780.0,2025-05-09 16:17:04,5,2025-05-09 16:17:07.841,6780.0,9767,6770.0,10,6760.0,3724,6750.0,9106,6740.0,2555,6790.0,11078,6800.0,5100,6810.0,2608,6820.0,2965,6830.0,1977,2025-05-09 16:17:07.782,,2147483647,801870,False,nan
6162,919225,1611797163,MERV - XMEV - GGAL - 24hs,6780.0,2025-05-09 16:17:04,5,2025-05-09 16:17:09.707,6780.0,9767,6770.0,10,6760.0,3724,6750.0,9106,6740.0,2555,6790.0,800,6800.0,15378,6810.0,2608,6820.0,2965,6830.0,1977,2025-05-09 16:17:09.647,,2147483647,801870,False,nan
6163,919351,1611797338,MERV - XMEV - GGAL - 24hs,6780.0,2025-05-09 16:17:04,5,2025-05-09 16:17:10.841,6780.0,9767,6770.0,10,6760.0,3724,6750.0,6679,6740.0,2555,6790.0,800,6800.0,15378,6810.0,2608,6820.0,2965,6830.0,1977,2025-05-09 16:17:10.780,,2147483647,801870,False,nan
6164,920193,1611798500,MERV - XMEV - GGAL - 24hs,6780.0,2025-05-09 16:17:17,149,2025-05-09 16:17:17.663,6780.0,9767,6770.0,10,6760.0,3724,6750.0,6679,6740.0,2555,6790.0,800,6800.0,15378,6810.0,2608,6820.0,2965,6830.0,1977,2025-05-09 16:17:17.588,,2147483647,801870,True,bid
6165,920263,1611798590,MERV - XMEV - GGAL - 24hs,6780.0,2025-05-09 16:17:17,98,2025-05-09 16:17:18.152,6780.0,9618,6770.0,10,6760.0,3724,6750.0,6679,6740.0,2555,6790.0,2800,6800.0,15378,6810.0,2608,6820.0,2965,6830.0,1977,2025-05-09 16:17:18.092,,2147483647,802019,False,nan
6166,920349,1611798696,MERV - XMEV - GGAL - 24hs,6780.0,2025-05-09 16:17:17,98,2025-05-09 16:17:18.743,6780.0,9520,6770.0,10,6760.0,3824,6750.0,6674,6740.0,2555,6790.0,2800,6800.0,15378,6810.0,2608,6820.0,2965,6830.0,1977,2025-05-09 16:17:18.685,,2147483647,802019,False,nan
6167,920394,1611798749,MERV - XMEV - GGAL - 24hs,6780.0,2025-05-09 16:17:18,118,2025-05-09 16:17:19.247,6780.0,9520,6770.0,10,6760.0,3824,6750.0,6674,6740.0,2555,6790.0,2800,6800.0,15378,6810.0,2608,6820.0,2965,6830.0,1977,2025-05-09 16:17:19.186,,2147483647,802117,True,bid
6168,920458,1611798842,MERV - XMEV - GGAL - 24hs,6780.0,2025-05-09 16:17:18,118,2025-05-09 16:17:19.747,6780.0,9402,6770.0,110,6760.0,3824,6750.0,6674,6740.0,2555,6790.0,2800,6800.0,15378,6810.0,2608,6820.0,2965,6830.0,1977,2025-05-09 16:17:19.685,,2147483647,802235,False,nan
6169,920531,1611798948,MERV - XMEV - GGAL - 24hs,6790.0,2025-05-09 16:17:19,2,2025-05-09 16:17:20.348,6780.0,9402,6770.0,110,6760.0,3824,6750.0,6674,6740.0,2555,6790.0,2800,6800.0,15378,6810.0,2608,6820.0,2965,6830.0,1977,2025-05-09 16:17:20.186,,2147483647,802235,True,offer
6170,920617,1611799059,MERV - XMEV - GGAL - 24hs,6790.0,2025-05-09 16:17:19,2,2025-05-09 16:17:20.748,6780.0,9402,6770.0,110,6760.0,3824,6750.0,6332,6740.0,2555,6790.0,13076,6800.0,5100,6810.0,2608,6820.0,2965,6830.0,1977,2025-05-09 16:17:20.685,,2147483647,802237,False,nan
6171,920703,1611799179,MERV - XMEV - GGAL - 24hs,6790.0,2025-05-09 16:17:19,2,2025-05-09 16:17:21.375,6780.0,9402,6770.0,110,6760.0,3824,6750.0,6679,6740.0,2555,6790.0,13076,6800.0,5100,6810.0,2608,6820.0,2965,6830.0,1977,2025-05-09 16:17:21.304,,2147483647,802237,False,nan
6172,920760,1611799257,MERV - XMEV - GGAL - 24hs,6790.0,2025-05-09 16:17:19,2,2025-05-09 16:17:22.343,6780.0,9402,6770.0,110,6760.0,3824,6750.0,6332,6740.0,2555,6790.0,13076,6800.0,5100,6810.0,2608,6820.0,2965,6830.0,1977,2025-05-09 16:17:22.286,,2147483647,802237,False,nan
6173,920839,1611799350,MERV - XMEV - GGAL - 24hs,6780.0,2025-05-09 16:17:22,2,2025-05-09 16:17:22.987,6780.0,9402,6770.0,110,6760.0,3824,6750.0,6332,6740.0,2555,6790.0,13076,6800.0,5100,6810.0,2608,6820.0,2965,6830.0,1977,2025-05-09 16:17:22.923,,2147483647,802237,True,bid
6174,920894,1611799415,MERV - XMEV - GGAL - 24hs,6780.0,2025-05-09 16:17:22,2,2025-05-09 16:17:23.661,6780.0,9400,6770.0,110,6760.0,3824,6750.0,6332,6740.0,2555,6790.0,13076,6800.0,5100,6810.0,2608,6820.0,2965,6830.0,1977,2025-05-09 16:17:23.580,,2147483647,802237,False,nan
6175,920937,1611799469,MERV - XMEV - GGAL - 24hs,6780.0,2025-05-09 16:17:22,2,2025-05-09 16:17:24.154,6780.0,9400,6770.0,110,6760.0,3824,6750.0,6332,6740.0,2555,6790.0,13076,6800.0,5100,6810.0,2608,6820.0,2965,6830.0,1977,2025-05-09 16:17:24.076,,2147483647,802239,False,nan
6176,920973,1611799512,MERV - XMEV - GGAL - 24hs,6780.0,2025-05-09 16:17:22,2,2025-05-09 16:17:24.654,6780.0,9400,6770.0,110,6760.0,3824,6750.0,7372,6740.0,2555,6790.0,13076,6800.0,5100,6810.0,2608,6820.0,2965,6830.0,1977,2025-05-09 16:17:24.575,,2147483647,802239,False,nan
6177,921009,1611799552,MERV - XMEV - GGAL - 24hs,6780.0,2025-05-09 16:17:22,2,2025-05-09 16:17:25.372,6780.0,9400,6770.0,110,6760.0,3824,6750.0,7719,6740.0,2555,6790.0,13076,6800.0,5100,6810.0,2608,6820.0,2965,6830.0,1977,2025-05-09 16:17:25.291,,2147483647,802239,False,nan
6178,921179,1611799758,MERV - XMEV - GGAL - 24hs,6790.0,2025-05-09 16:17:26,146,2025-05-09 16:17:26.765,6780.0,9400,6770.0,110,6760.0,3824,6750.0,7719,6740.0,2555,6790.0,13076,6800.0,5100,6810.0,2608,6820.0,2965,6830.0,1977,2025-05-09 16:17:26.688,,2147483647,802239,True,offer
6179,921283,1611799892,MERV - XMEV - GGAL - 24hs,6790.0,2025-05-09 16:17:26,146,2025-05-09 16:17:27.429,6780.0,9400,6770.0,110,6760.0,3824,6750.0,7719,6740.0,17555,6790.0,2652,6800.0,15378,6810.0,2608,6820.0,2965,6830.0,1977,2025-05-09 16:17:27.352,,2147483647,802239,False,nan
6180,921352,1611799982,MERV - XMEV - GGAL - 24hs,6790.0,2025-05-09 16:17:26,146,2025-05-09 16:17:27.951,6780.0,9400,6770.0,110,6760.0,3824,6750.0,7719,6740.0,17555,6790.0,2652,6800.0,15378,6810.0,2608,6820.0,2965,6830.0,1977,2025-05-09 16:17:27.853,,2147483647,802385,False,nan
6181,921486,1611800178,MERV - XMEV - GGAL - 24hs,6790.0,2025-05-09 16:17:26,146,2025-05-09 16:17:28.716,6780.0,9400,6770.0,455,6760.0,3824,6750.0,5987,6740.0,17555,6790.0,2652,6800.0,15378,6810.0,2608,6820.0,2965,6830.0,1977,2025-05-09 16:17:28.582,,2147483647,802385,False,nan
6182,921582,1611800325,MERV - XMEV - GGAL - 24hs,6790.0,2025-05-09 16:17:26,146,2025-05-09 16:17:29.371,6780.0,9400,6770.0,1495,6760.0,3824,6750.0,5987,6740.0,17555,6790.0,2652,6800.0,15378,6810.0,2608,6820.0,2965,6830.0,1977,2025-05-09 16:17:29.284,,2147483647,802385,False,nan
6183,921720,1611800508,MERV - XMEV - GGAL - 24hs,6790.0,2025-05-09 16:17:26,146,2025-05-09 16:17:30.476,6780.0,9400,6770.0,1496,6760.0,3824,6750.0,5987,6740.0,17555,6790.0,2652,6800.0,5378,6810.0,12608,6820.0,2965,6830.0,1977,2025-05-09 16:17:30.116,,2147483647,802385,False,nan
6184,921801,1611800606,MERV - XMEV - GGAL - 24hs,6780.0,2025-05-09 16:17:30,5,2025-05-09 16:17:30.779,6780.0,9400,6770.0,1496,6760.0,3824,6750.0,5987,6740.0,17555,6790.0,2652,6800.0,5378,6810.0,12608,6820.0,2965,6830.0,1977,2025-05-09 16:17:30.617,,2147483647,802385,True,bid
6185,921907,1611800765,MERV - XMEV - GGAL - 24hs,6780.0,2025-05-09 16:17:30,5,2025-05-09 16:17:31.263,6780.0,11475,6770.0,110,6760.0,3824,6750.0,5987,6740.0,1555,6790.0,2652,6800.0,5100,6810.0,12886,6820.0,2965,6830.0,1977,2025-05-09 16:17:31.117,,2147483647,802390,False,nan
6186,922001,1611800891,MERV - XMEV - GGAL - 24hs,6790.0,2025-05-09 16:17:31,100,2025-05-09 16:17:32.014,6780.0,11475,6770.0,110,6760.0,3824,6750.0,5987,6740.0,1555,6790.0,2652,6800.0,5100,6810.0,12886,6820.0,2965,6830.0,1977,2025-05-09 16:17:31.932,,2147483647,802390,True,offer
6187,922057,1611800969,MERV - XMEV - GGAL - 24hs,6790.0,2025-05-09 16:17:31,100,2025-05-09 16:17:32.511,6780.0,13556,6770.0,110,6760.0,3824,6750.0,5987,6740.0,1555,6790.0,2552,6800.0,5100,6810.0,12886,6820.0,2965,6830.0,1977,2025-05-09 16:17:32.432,,2147483647,802390,False,nan
6188,922102,1611801041,MERV - XMEV - GGAL - 24hs,6790.0,2025-05-09 16:17:31,100,2025-05-09 16:17:33.016,6780.0,14944,6770.0,110,6760.0,3824,6750.0,5987,6740.0,1555,6790.0,2552,6800.0,5100,6810.0,12886,6820.0,2965,6830.0,1977,2025-05-09 16:17:32.938,,2147483647,802490,False,nan
6189,922412,1611801435,MERV - XMEV - GGAL - 24hs,6790.0,2025-05-09 16:17:31,100,2025-05-09 16:17:35.951,6780.0,14597,6770.0,110,6760.0,3824,6750.0,5987,6740.0,1555,6790.0,2552,6800.0,5100,6810.0,12886,6820.0,2965,6830.0,1977,2025-05-09 16:17:35.854,,2147483647,802490,False,nan
6190,922466,1611801504,MERV - XMEV - GGAL - 24hs,6790.0,2025-05-09 16:17:31,100,2025-05-09 16:17:36.662,6780.0,14250,6770.0,110,6760.0,3824,6750.0,5987,6740.0,1555,6790.0,2552,6800.0,5100,6810.0,12886,6820.0,2965,6830.0,1977,2025-05-09 16:17:36.581,,2147483647,802490,False,nan
6191,922498,1611801546,MERV - XMEV - GGAL - 24hs,6790.0,2025-05-09 16:17:36,140,2025-05-09 16:17:37.159,6780.0,14250,6770.0,110,6760.0,3824,6750.0,5987,6740.0,1555,6790.0,2552,6800.0,5100,6810.0,12886,6820.0,2965,6830.0,1977,2025-05-09 16:17:37.082,,2147483647,802490,True,offer
6192,922527,1611801580,MERV - XMEV - GGAL - 24hs,6790.0,2025-05-09 16:17:37,692,2025-05-09 16:17:37.661,6780.0,9395,6770.0,110,6760.0,3824,6750.0,5987,6740.0,1555,6790.0,1860,6800.0,5100,6810.0,12886,6820.0,2965,6830.0,1977,2025-05-09 16:17:37.581,,2147483647,803182,True,offer
6193,922571,1611801634,MERV - XMEV - GGAL - 24hs,6790.0,2025-05-09 16:17:37,692,2025-05-09 16:17:38.160,6780.0,9395,6770.0,110,6760.0,3824,6750.0,5987,6740.0,1555,6790.0,1168,6800.0,5100,6810.0,12886,6820.0,2965,6830.0,1977,2025-05-09 16:17:38.081,,2147483647,803874,False,nan
6194,922655,1611801726,MERV - XMEV - GGAL - 24hs,6790.0,2025-05-09 16:17:37,692,2025-05-09 16:17:38.825,6780.0,9395,6770.0,110,6760.0,4865,6750.0,5987,6740.0,1555,6790.0,1168,6800.0,5100,6810.0,12886,6820.0,2965,6830.0,1977,2025-05-09 16:17:38.746,,2147483647,803874,False,nan
6195,922702,1611801784,MERV - XMEV - GGAL - 24hs,6790.0,2025-05-09 16:17:39,50,2025-05-09 16:17:39.323,6780.0,9395,6770.0,110,6760.0,4865,6750.0,5987,6740.0,1555,6790.0,1168,6800.0,5100,6810.0,12886,6820.0,2965,6830.0,1977,2025-05-09 16:17:39.246,,2147483647,803874,True,offer
6196,922735,1611801823,MERV - XMEV - GGAL - 24hs,6780.0,2025-05-09 16:17:39,2,2025-05-09 16:17:39.826,6780.0,9395,6770.0,110,6760.0,4865,6750.0,5987,6740.0,1555,6790.0,1168,6800.0,5100,6810.0,12886,6820.0,2965,6830.0,1977,2025-05-09 16:17:39.746,,2147483647,803924,False,nan
6197,922804,1611801913,MERV - XMEV - GGAL - 24hs,6780.0,2025-05-09 16:17:39,2,2025-05-09 16:17:40.324,6780.0,9393,6770.0,110,6760.0,4865,6750.0,5987,6740.0,1555,6790.0,1118,6800.0,5100,6810.0,12886,6820.0,2965,6830.0,1977,2025-05-09 16:17:40.245,,2147483647,803926,False,nan
6198,922881,1611802004,MERV - XMEV - GGAL - 24hs,6780.0,2025-05-09 16:17:39,2,2025-05-09 16:17:40.825,6780.0,9393,6770.0,110,6760.0,4171,6750.0,5987,6740.0,1555,6790.0,1118,6800.0,5100,6810.0,12886,6820.0,2965,6830.0,1977,2025-05-09 16:17:40.745,,2147483647,803926,False,nan
6199,923030,1611802181,MERV - XMEV - GGAL - 24hs,6780.0,2025-05-09 16:17:39,2,2025-05-09 16:17:41.959,6780.0,9393,6770.0,111,6760.0,3824,6750.0,5987,6740.0,1555,6790.0,1118,6800.0,5100,6810.0,12886,6820.0,2965,6830.0,1977,2025-05-09 16:17:41.846,,2147483647,803926,False,nan
6200,923154,1611802336,MERV - XMEV - GGAL - 24hs,6780.0,2025-05-09 16:17:39,2,2025-05-09 16:17:43.343,6780.0,9393,6770.0,110,6760.0,4171,6750.0,5987,6740.0,1555,6790.0,1118,6800.0,5100,6810.0,12886,6820.0,2965,6830.0,1977,2025-05-09 16:17:43.265,,2147483647,803926,False,nan
6201,923266,1611802513,MERV - XMEV - GGAL - 24hs,6780.0,2025-05-09 16:17:44,333,2025-05-09 16:17:44.812,6780.0,9393,6770.0,110,6760.0,4171,6750.0,5987,6740.0,1555,6790.0,1118,6800.0,5100,6810.0,12886,6820.0,2965,6830.0,1977,2025-05-09 16:17:44.732,,2147483647,803926,True,bid
6202,923300,1611802553,MERV - XMEV - GGAL - 24hs,6780.0,2025-05-09 16:17:44,333,2025-05-09 16:17:45.317,6780.0,9060,6770.0,111,6760.0,3824,6750.0,5987,6740.0,1555,6790.0,1118,6800.0,5100,6810.0,12886,6820.0,2965,6830.0,1977,2025-05-09 16:17:45.232,,2147483647,803926,False,nan
6203,923332,1611802599,MERV - XMEV - GGAL - 24hs,6780.0,2025-05-09 16:17:44,333,2025-05-09 16:17:45.815,6780.0,9060,6770.0,111,6760.0,3824,6750.0,5987,6740.0,1555,6790.0,1118,6800.0,5100,6810.0,12886,6820.0,2965,6830.0,1977,2025-05-09 16:17:45.733,,2147483647,804259,False,nan
6204,923400,1611802689,MERV - XMEV - GGAL - 24hs,6790.0,2025-05-09 16:17:45,10,2025-05-09 16:17:46.559,6780.0,9060,6770.0,110,6760.0,4865,6750.0,5987,6740.0,1555,6790.0,11,6800.0,5100,6810.0,12886,6820.0,2965,6830.0,1977,2025-05-09 16:17:46.380,,2147483647,805366,True,offer
6205,923437,1611802741,MERV - XMEV - GGAL - 24hs,6790.0,2025-05-09 16:17:45,10,2025-05-09 16:17:46.809,6780.0,9060,6770.0,456,6760.0,3824,6750.0,5987,6740.0,1555,6790.0,1,6800.0,5100,6810.0,12886,6820.0,2965,6830.0,1977,2025-05-09 16:17:46.732,,2147483647,805376,False,nan
6206,923503,1611802826,MERV - XMEV - GGAL - 24hs,6790.0,2025-05-09 16:17:45,10,2025-05-09 16:17:47.432,6780.0,9060,6770.0,111,6760.0,3824,6750.0,5987,6740.0,1555,6790.0,1,6800.0,5100,6810.0,12886,6820.0,2965,6830.0,1977,2025-05-09 16:17:47.354,,2147483647,805376,False,nan
6207,923892,1611803297,MERV - XMEV - GGAL - 24hs,6780.0,2025-05-09 16:17:51,100,2025-05-09 16:17:51.099,6780.0,9060,6770.0,111,6760.0,3824,6750.0,5987,6740.0,1555,6790.0,1,6800.0,5100,6810.0,12886,6820.0,2965,6830.0,1977,2025-05-09 16:17:51.018,,2147483647,805376,True,bid
6208,924007,1611803449,MERV - XMEV - GGAL - 24hs,6780.0,2025-05-09 16:17:51,100,2025-05-09 16:17:51.760,6780.0,8960,6770.0,111,6760.0,3824,6750.0,5987,6740.0,1555,6790.0,1,6800.0,5100,6810.0,12886,6820.0,2965,6830.0,1977,2025-05-09 16:17:51.682,,2147483647,805376,False,nan
6209,924043,1611803492,MERV - XMEV - GGAL - 24hs,6780.0,2025-05-09 16:17:51,100,2025-05-09 16:17:52.261,6780.0,8960,6770.0,111,6760.0,3824,6750.0,5987,6740.0,1555,6790.0,1,6800.0,5100,6810.0,12886,6820.0,2965,6830.0,1977,2025-05-09 16:17:52.183,,2147483647,805476,False,nan
6210,924293,1611803868,MERV - XMEV - GGAL - 24hs,6780.0,2025-05-09 16:17:51,100,2025-05-09 16:17:55.095,6780.0,8960,6770.0,2111,6760.0,3824,6750.0,5987,6740.0,1555,6790.0,1,6800.0,5100,6810.0,12886,6820.0,2965,6830.0,1977,2025-05-09 16:17:55.011,,2147483647,805476,False,nan
6211,924556,1611804214,MERV - XMEV - GGAL - 24hs,6780.0,2025-05-09 16:17:51,100,2025-05-09 16:17:56.975,6780.0,8960,6770.0,2147,6760.0,3824,6750.0,5987,6740.0,1555,6790.0,1,6800.0,5100,6810.0,12886,6820.0,2965,6830.0,1977,2025-05-09 16:17:56.898,,2147483647,805476,False,nan
6212,924617,1611804327,MERV - XMEV - GGAL - 24hs,6780.0,2025-05-09 16:17:51,100,2025-05-09 16:17:57.771,6780.0,8960,6770.0,2218,6760.0,3824,6750.0,5987,6740.0,1555,6790.0,1,6800.0,5100,6810.0,12886,6820.0,2965,6830.0,1977,2025-05-09 16:17:57.691,,2147483647,805476,False,nan
6213,924744,1611804498,MERV - XMEV - GGAL - 24hs,6780.0,2025-05-09 16:17:51,100,2025-05-09 16:17:59.747,6780.0,8960,6770.0,2228,6760.0,3824,6750.0,5987,6740.0,1555,6790.0,1,6800.0,5100,6810.0,12886,6820.0,2965,6830.0,1977,2025-05-09 16:17:59.664,,2147483647,805476,False,nan
6214,925043,1611804918,MERV - XMEV - GGAL - 24hs,6780.0,2025-05-09 16:17:51,100,2025-05-09 16:18:03.972,6780.0,8960,6770.0,2328,6760.0,3824,6750.0,5987,6740.0,1555,6790.0,1,6800.0,5100,6810.0,12886,6820.0,2965,6830.0,1977,2025-05-09 16:18:03.894,,2147483647,805476,False,nan
6215,925189,1611805115,MERV - XMEV - GGAL - 24hs,6790.0,2025-05-09 16:18:05,1,2025-05-09 16:18:05.751,6780.0,8960,6770.0,2328,6760.0,3824,6750.0,5987,6740.0,1555,6790.0,1,6800.0,5100,6810.0,12886,6820.0,2965,6830.0,1977,2025-05-09 16:18:05.657,,2147483647,805476,True,offer
6216,925237,1611805171,MERV - XMEV - GGAL - 24hs,6800.0,2025-05-09 16:18:05,3,2025-05-09 16:18:06.238,6780.0,8960,6770.0,2328,6760.0,3824,6750.0,5987,6740.0,1555,6790.0,1,6800.0,5100,6810.0,12886,6820.0,2965,6830.0,1977,2025-05-09 16:18:06.157,,2147483647,805477,False,nan
6217,925286,1611805235,MERV - XMEV - GGAL - 24hs,6800.0,2025-05-09 16:18:05,3,2025-05-09 16:18:06.740,6780.0,8960,6770.0,2328,6760.0,3824,6750.0,5987,6740.0,1555,6800.0,5098,6810.0,12886,6820.0,2965,6830.0,1976,6840.0,6205,2025-05-09 16:18:06.658,,2147483647,805480,False,nan
6218,925312,1611805267,MERV - XMEV - GGAL - 24hs,6800.0,2025-05-09 16:18:07,1,2025-05-09 16:18:07.308,6780.0,8960,6770.0,2328,6760.0,3824,6750.0,5987,6740.0,1555,6800.0,5098,6810.0,12886,6820.0,2965,6830.0,1976,6840.0,6205,2025-05-09 16:18:07.227,,2147483647,805480,True,offer
6219,925348,1611805307,MERV - XMEV - GGAL - 24hs,6800.0,2025-05-09 16:18:07,1,2025-05-09 16:18:07.976,6780.0,8960,6770.0,2328,6760.0,3824,6750.0,5987,6740.0,1627,6800.0,5097,6810.0,12886,6820.0,2965,6830.0,1976,6840.0,6205,2025-05-09 16:18:07.899,,2147483647,805480,False,nan
6220,925381,1611805350,MERV - XMEV - GGAL - 24hs,6800.0,2025-05-09 16:18:07,1,2025-05-09 16:18:08.476,6780.0,8960,6770.0,2328,6760.0,3824,6750.0,5987,6740.0,1627,6800.0,5097,6810.0,12886,6820.0,2965,6830.0,1976,6840.0,6205,2025-05-09 16:18:08.399,,2147483647,805481,False,nan
6221,925962,1611806096,MERV - XMEV - GGAL - 24hs,6800.0,2025-05-09 16:18:07,1,2025-05-09 16:18:14.767,6780.0,8980,6770.0,2328,6760.0,3824,6750.0,5987,6740.0,1627,6800.0,5097,6810.0,12886,6820.0,2965,6830.0,1976,6840.0,6205,2025-05-09 16:18:14.690,,2147483647,805481,False,nan
6222,926574,1611806850,MERV - XMEV - GGAL - 24hs,6800.0,2025-05-09 16:18:07,1,2025-05-09 16:18:21.832,6780.0,8980,6770.0,2328,6760.0,3824,6750.0,5987,6740.0,1627,6800.0,7097,6810.0,12886,6820.0,2965,6830.0,1976,6840.0,6205,2025-05-09 16:18:21.733,,2147483647,805481,False,nan
6223,927145,1611807603,MERV - XMEV - GGAL - 24hs,6800.0,2025-05-09 16:18:07,1,2025-05-09 16:18:29.027,6780.0,9080,6770.0,2328,6760.0,3824,6750.0,5987,6740.0,1627,6800.0,7097,6810.0,12886,6820.0,2965,6830.0,1976,6840.0,6205,2025-05-09 16:18:28.946,,2147483647,805481,False,nan
6224,927265,1611807785,MERV - XMEV - GGAL - 24hs,6800.0,2025-05-09 16:18:07,1,2025-05-09 16:18:30.507,6780.0,9080,6770.0,2601,6760.0,3824,6750.0,5987,6740.0,1627,6800.0,7097,6810.0,12886,6820.0,2965,6830.0,1976,6840.0,6205,2025-05-09 16:18:30.429,,2147483647,805481,False,nan
6225,927352,1611807901,MERV - XMEV - GGAL - 24hs,6800.0,2025-05-09 16:18:07,1,2025-05-09 16:18:31.740,6780.0,9080,6770.0,2948,6760.0,3824,6750.0,5987,6740.0,1627,6800.0,7097,6810.0,12886,6820.0,2965,6830.0,1976,6840.0,6205,2025-05-09 16:18:31.660,,2147483647,805481,False,nan
6226,927707,1611808345,MERV - XMEV - GGAL - 24hs,6800.0,2025-05-09 16:18:07,1,2025-05-09 16:18:35.782,6790.0,8960,6780.0,120,6770.0,2948,6760.0,3824,6750.0,5987,6800.0,7096,6810.0,12886,6820.0,2965,6830.0,1976,6840.0,6206,2025-05-09 16:18:35.676,,2147483647,805481,False,nan
6227,927752,1611808408,MERV - XMEV - GGAL - 24hs,6790.0,2025-05-09 16:18:35,232,2025-05-09 16:18:36.260,6790.0,8960,6780.0,120,6770.0,2948,6760.0,3824,6750.0,5987,6800.0,7096,6810.0,12886,6820.0,2965,6830.0,1976,6840.0,6206,2025-05-09 16:18:36.175,,2147483647,805937,True,bid
6228,927791,1611808456,MERV - XMEV - GGAL - 24hs,6790.0,2025-05-09 16:18:36,413,2025-05-09 16:18:36.760,6790.0,7409,6780.0,120,6770.0,2948,6760.0,3824,6750.0,5987,6800.0,7096,6810.0,12886,6820.0,2965,6830.0,1976,6840.0,6206,2025-05-09 16:18:36.675,,2147483647,807032,True,bid
6229,927828,1611808506,MERV - XMEV - GGAL - 24hs,6790.0,2025-05-09 16:18:36,413,2025-05-09 16:18:37.254,6790.0,5798,6780.0,120,6770.0,2948,6760.0,3824,6750.0,5987,6800.0,7096,6810.0,12886,6820.0,2965,6830.0,1976,6840.0,6206,2025-05-09 16:18:37.176,,2147483647,807032,False,nan
6230,927870,1611808559,MERV - XMEV - GGAL - 24hs,6790.0,2025-05-09 16:18:37,304,2025-05-09 16:18:37.758,6790.0,5798,6780.0,120,6770.0,2948,6760.0,3824,6750.0,5987,6800.0,7096,6810.0,12886,6820.0,2965,6830.0,1976,6840.0,6206,2025-05-09 16:18:37.675,,2147483647,809841,True,bid
6231,927903,1611808601,MERV - XMEV - GGAL - 24hs,6790.0,2025-05-09 16:18:37,304,2025-05-09 16:18:38.254,6790.0,4296,6780.0,120,6770.0,2948,6760.0,3824,6750.0,5987,6800.0,7096,6810.0,12886,6820.0,2965,6830.0,1976,6840.0,6206,2025-05-09 16:18:38.176,,2147483647,810145,False,nan
6232,927952,1611808665,MERV - XMEV - GGAL - 24hs,6790.0,2025-05-09 16:18:37,304,2025-05-09 16:18:38.842,6790.0,4296,6780.0,120,6770.0,2948,6760.0,3824,6750.0,987,6800.0,7096,6810.0,12886,6820.0,2965,6830.0,1976,6840.0,6206,2025-05-09 16:18:38.764,,2147483647,810145,False,nan
6233,928151,1611808940,MERV - XMEV - GGAL - 24hs,6790.0,2025-05-09 16:18:37,304,2025-05-09 16:18:41.056,6790.0,4296,6780.0,120,6770.0,3294,6760.0,3824,6750.0,987,6800.0,7096,6810.0,12886,6820.0,2965,6830.0,1976,6840.0,6206,2025-05-09 16:18:40.976,,2147483647,810145,False,nan
6234,928219,1611809034,MERV - XMEV - GGAL - 24hs,6790.0,2025-05-09 16:18:37,304,2025-05-09 16:18:41.799,6790.0,4296,6780.0,120,6770.0,3641,6760.0,3824,6750.0,987,6800.0,7096,6810.0,12886,6820.0,2663,6830.0,1976,6840.0,6206,2025-05-09 16:18:41.722,,2147483647,810145,False,nan
6235,928551,1611809467,MERV - XMEV - GGAL - 24hs,6800.0,2025-05-09 16:18:45,1,2025-05-09 16:18:45.674,6790.0,4296,6780.0,120,6770.0,3641,6760.0,3824,6750.0,987,6800.0,7096,6810.0,12886,6820.0,2663,6830.0,1976,6840.0,6206,2025-05-09 16:18:45.596,,2147483647,810145,True,offer
6236,928578,1611809506,MERV - XMEV - GGAL - 24hs,6800.0,2025-05-09 16:18:46,3,2025-05-09 16:18:46.276,6790.0,4296,6780.0,120,6770.0,3641,6760.0,3824,6750.0,987,6800.0,7096,6810.0,12886,6820.0,2663,6830.0,1976,6840.0,6206,2025-05-09 16:18:46.193,,2147483647,810146,True,offer
6237,928610,1611809547,MERV - XMEV - GGAL - 24hs,6800.0,2025-05-09 16:18:46,3,2025-05-09 16:18:46.771,6790.0,4296,6780.0,120,6770.0,3641,6760.0,3824,6750.0,987,6800.0,7092,6810.0,12886,6820.0,2663,6830.0,1976,6840.0,6206,2025-05-09 16:18:46.694,,2147483647,810149,False,nan
6238,929061,1611810151,MERV - XMEV - GGAL - 24hs,6800.0,2025-05-09 16:18:46,3,2025-05-09 16:18:53.113,6790.0,4296,6780.0,120,6770.0,3641,6760.0,3824,6750.0,987,6800.0,7092,6810.0,12886,6820.0,2663,6830.0,1976,6840.0,6209,2025-05-09 16:18:53.035,,2147483647,810149,False,nan
6239,929156,1611810274,MERV - XMEV - GGAL - 24hs,6790.0,2025-05-09 16:18:54,217,2025-05-09 16:18:54.432,6790.0,4296,6780.0,120,6770.0,3641,6760.0,3824,6750.0,987,6800.0,7092,6810.0,12886,6820.0,2663,6830.0,1976,6840.0,6209,2025-05-09 16:18:54.349,,2147483647,810149,True,bid
6240,929209,1611810337,MERV - XMEV - GGAL - 24hs,6790.0,2025-05-09 16:18:54,217,2025-05-09 16:18:55.109,6790.0,4079,6780.0,120,6770.0,3641,6760.0,3824,6750.0,987,6800.0,7092,6810.0,12886,6820.0,2663,6830.0,1976,6840.0,6209,2025-05-09 16:18:55.031,,2147483647,810149,False,nan
6241,929248,1611810387,MERV - XMEV - GGAL - 24hs,6790.0,2025-05-09 16:18:55,247,2025-05-09 16:18:55.624,6790.0,4079,6780.0,120,6770.0,3641,6760.0,3824,6750.0,987,6800.0,7092,6810.0,12886,6820.0,2663,6830.0,1976,6840.0,6209,2025-05-09 16:18:55.532,,2147483647,810366,True,bid
6242,929297,1611810450,MERV - XMEV - GGAL - 24hs,6790.0,2025-05-09 16:18:55,247,2025-05-09 16:18:56.108,6790.0,3832,6780.0,120,6770.0,3641,6760.0,3824,6750.0,987,6800.0,7092,6810.0,12886,6820.0,2663,6830.0,1976,6840.0,6209,2025-05-09 16:18:56.031,,2147483647,810613,False,nan
6243,929865,1611811227,MERV - XMEV - GGAL - 24hs,6790.0,2025-05-09 16:18:55,247,2025-05-09 16:19:02.702,6790.0,3982,6780.0,120,6770.0,3641,6760.0,3824,6750.0,987,6800.0,7092,6810.0,12886,6820.0,2663,6830.0,1976,6840.0,6209,2025-05-09 16:19:02.622,,2147483647,810613,False,nan
6244,930065,1611811493,MERV - XMEV - GGAL - 24hs,6800.0,2025-05-09 16:19:04,1,2025-05-09 16:19:04.474,6790.0,3982,6780.0,120,6770.0,3641,6760.0,3824,6750.0,987,6800.0,7092,6810.0,12886,6820.0,2663,6830.0,1976,6840.0,6209,2025-05-09 16:19:04.393,,2147483647,810613,True,offer
6245,930135,1611811576,MERV - XMEV - GGAL - 24hs,6800.0,2025-05-09 16:19:04,1,2025-05-09 16:19:05.160,6790.0,3982,6780.0,120,6770.0,3641,6760.0,3824,6750.0,987,6800.0,7091,6810.0,12886,6820.0,2663,6830.0,1976,6840.0,6209,2025-05-09 16:19:05.067,,2147483647,810613,False,nan
6246,930175,1611811624,MERV - XMEV - GGAL - 24hs,6800.0,2025-05-09 16:19:04,1,2025-05-09 16:19:05.646,6790.0,3982,6780.0,120,6770.0,3641,6760.0,3824,6750.0,987,6800.0,7091,6810.0,12886,6820.0,2663,6830.0,1976,6840.0,6209,2025-05-09 16:19:05.568,,2147483647,810614,False,nan
6247,930220,1611811680,MERV - XMEV - GGAL - 24hs,6800.0,2025-05-09 16:19:04,1,2025-05-09 16:19:06.433,6790.0,3982,6780.0,120,6770.0,3641,6760.0,3824,6750.0,987,6800.0,7091,6810.0,12886,6820.0,2965,6830.0,1976,6840.0,6209,2025-05-09 16:19:06.356,,2147483647,810614,False,nan
6248,930508,1611812070,MERV - XMEV - GGAL - 24hs,6800.0,2025-05-09 16:19:04,1,2025-05-09 16:19:10.041,6790.0,4001,6780.0,120,6770.0,3641,6760.0,3824,6750.0,987,6800.0,7091,6810.0,12886,6820.0,2965,6830.0,1976,6840.0,6209,2025-05-09 16:19:09.964,,2147483647,810614,False,nan
6249,930611,1611812191,MERV - XMEV - GGAL - 24hs,6800.0,2025-05-09 16:19:04,1,2025-05-09 16:19:11.376,6790.0,4020,6780.0,120,6770.0,3641,6760.0,3824,6750.0,987,6800.0,7091,6810.0,12886,6820.0,2965,6830.0,1976,6840.0,6209,2025-05-09 16:19:11.299,,2147483647,810614,False,nan
6250,930724,1611812348,MERV - XMEV - GGAL - 24hs,6800.0,2025-05-09 16:19:04,1,2025-05-09 16:19:12.895,6790.0,4020,6780.0,120,6770.0,3609,6760.0,3824,6750.0,987,6800.0,7091,6810.0,12886,6820.0,2965,6830.0,1976,6840.0,6209,2025-05-09 16:19:12.815,,2147483647,810614,False,nan
6251,930778,1611812433,MERV - XMEV - GGAL - 24hs,6800.0,2025-05-09 16:19:13,11,2025-05-09 16:19:13.718,6790.0,4020,6780.0,120,6770.0,3609,6760.0,3824,6750.0,987,6800.0,7091,6810.0,12886,6820.0,2965,6830.0,1976,6840.0,6209,2025-05-09 16:19:13.638,,2147483647,810614,True,offer
6252,930821,1611812490,MERV - XMEV - GGAL - 24hs,6800.0,2025-05-09 16:19:13,11,2025-05-09 16:19:14.309,6790.0,4020,6780.0,20,6770.0,3609,6760.0,3724,6750.0,987,6800.0,7080,6810.0,12886,6820.0,2965,6830.0,1976,6840.0,6209,2025-05-09 16:19:14.230,,2147483647,810614,False,nan
6253,930866,1611812561,MERV - XMEV - GGAL - 24hs,6790.0,2025-05-09 16:19:14,5,2025-05-09 16:19:14.808,6790.0,4020,6780.0,20,6770.0,3609,6760.0,3724,6750.0,987,6800.0,7080,6810.0,12886,6820.0,2965,6830.0,1976,6840.0,6209,2025-05-09 16:19:14.731,,2147483647,810630,True,bid
6254,930899,1611812601,MERV - XMEV - GGAL - 24hs,6790.0,2025-05-09 16:19:14,5,2025-05-09 16:19:15.510,6790.0,4015,6780.0,20,6770.0,3609,6760.0,3724,6750.0,987,6800.0,7080,6810.0,12886,6820.0,2965,6830.0,1976,6840.0,6209,2025-05-09 16:19:15.338,,2147483647,810630,False,nan
6255,931024,1611812778,MERV - XMEV - GGAL - 24hs,6800.0,2025-05-09 16:19:16,20,2025-05-09 16:19:16.878,6790.0,4015,6780.0,20,6770.0,3609,6760.0,3724,6750.0,987,6800.0,7080,6810.0,12886,6820.0,2965,6830.0,1976,6840.0,6209,2025-05-09 16:19:16.801,,2147483647,810630,True,offer
6256,931077,1611812849,MERV - XMEV - GGAL - 24hs,6800.0,2025-05-09 16:19:16,20,2025-05-09 16:19:17.491,6790.0,4015,6780.0,20,6770.0,3609,6760.0,3724,6750.0,987,6800.0,7060,6810.0,12886,6820.0,2965,6830.0,1476,6840.0,6709,2025-05-09 16:19:17.413,,2147483647,810630,False,nan
6257,931120,1611812905,MERV - XMEV - GGAL - 24hs,6800.0,2025-05-09 16:19:16,20,2025-05-09 16:19:17.998,6790.0,4015,6780.0,20,6770.0,3609,6760.0,3724,6750.0,987,6800.0,7060,6810.0,12886,6820.0,2965,6830.0,1476,6840.0,6709,2025-05-09 16:19:17.915,,2147483647,810650,False,nan
6258,931168,1611812974,MERV - XMEV - GGAL - 24hs,6800.0,2025-05-09 16:19:16,20,2025-05-09 16:19:18.890,6790.0,4015,6780.0,20,6770.0,4334,6760.0,3724,6750.0,987,6800.0,7060,6810.0,12886,6820.0,2965,6830.0,1476,6840.0,6709,2025-05-09 16:19:18.811,,2147483647,810650,False,nan
6259,931340,1611813202,MERV - XMEV - GGAL - 24hs,6800.0,2025-05-09 16:19:16,20,2025-05-09 16:19:20.106,6790.0,4015,6780.0,104,6770.0,4334,6760.0,3724,6750.0,987,6800.0,7060,6810.0,12886,6820.0,2965,6830.0,1476,6840.0,6709,2025-05-09 16:19:19.783,,2147483647,810650,False,nan
6260,931378,1611813252,MERV - XMEV - GGAL - 24hs,6790.0,2025-05-09 16:19:20,4,2025-05-09 16:19:20.355,6790.0,4015,6780.0,104,6770.0,4334,6760.0,3724,6750.0,987,6800.0,7060,6810.0,12886,6820.0,2965,6830.0,1476,6840.0,6709,2025-05-09 16:19:20.278,,2147483647,810650,True,bid
6261,931414,1611813313,MERV - XMEV - GGAL - 24hs,6790.0,2025-05-09 16:19:20,4,2025-05-09 16:19:20.948,6790.0,4015,6780.0,104,6770.0,4334,6760.0,3724,6750.0,987,6800.0,7060,6810.0,12886,6820.0,2965,6830.0,1476,6840.0,6709,2025-05-09 16:19:20.865,,2147483647,810654,False,nan
6262,931457,1611813392,MERV - XMEV - GGAL - 24hs,6790.0,2025-05-09 16:19:20,4,2025-05-09 16:19:21.441,6790.0,4011,6780.0,104,6770.0,4334,6760.0,3724,6750.0,987,6800.0,7060,6810.0,12886,6820.0,2965,6830.0,1476,6840.0,6709,2025-05-09 16:19:21.361,,2147483647,810654,False,nan
6263,931519,1611813487,MERV - XMEV - GGAL - 24hs,6790.0,2025-05-09 16:19:20,4,2025-05-09 16:19:22.075,6790.0,4717,6780.0,104,6770.0,2256,6760.0,3724,6750.0,987,6800.0,7060,6810.0,12886,6820.0,2965,6830.0,1476,6840.0,6709,2025-05-09 16:19:21.993,,2147483647,810654,False,nan
6264,931572,1611813559,MERV - XMEV - GGAL - 24hs,6800.0,2025-05-09 16:19:22,218,2025-05-09 16:19:22.575,6790.0,4717,6780.0,104,6770.0,2256,6760.0,3724,6750.0,987,6800.0,7060,6810.0,12886,6820.0,2965,6830.0,1476,6840.0,6709,2025-05-09 16:19:22.493,,2147483647,810654,True,offer
6265,931619,1611813627,MERV - XMEV - GGAL - 24hs,6800.0,2025-05-09 16:19:22,218,2025-05-09 16:19:23.074,6790.0,4011,6780.0,104,6770.0,2256,6760.0,3724,6750.0,987,6800.0,6842,6810.0,12886,6820.0,2965,6830.0,1476,6840.0,6709,2025-05-09 16:19:22.993,,2147483647,811090,False,nan
6266,931656,1611813679,MERV - XMEV - GGAL - 24hs,6800.0,2025-05-09 16:19:22,218,2025-05-09 16:19:23.574,6790.0,4011,6780.0,104,6770.0,2256,6760.0,3724,6750.0,987,6800.0,6624,6810.0,12886,6820.0,2965,6830.0,1476,6840.0,6709,2025-05-09 16:19:23.493,,2147483647,811090,False,nan
6267,931996,1611814127,MERV - XMEV - GGAL - 24hs,6800.0,2025-05-09 16:19:22,218,2025-05-09 16:19:28.375,6790.0,4011,6780.0,104,6770.0,2256,6760.0,3577,6750.0,987,6800.0,6624,6810.0,12886,6820.0,2965,6830.0,1476,6840.0,6709,2025-05-09 16:19:28.298,,2147483647,811090,False,nan
6268,932023,1611814157,MERV - XMEV - GGAL - 24hs,6800.0,2025-05-09 16:19:28,4,2025-05-09 16:19:28.875,6790.0,4011,6780.0,104,6770.0,2256,6760.0,3577,6750.0,987,6800.0,6624,6810.0,12886,6820.0,2965,6830.0,1476,6840.0,6709,2025-05-09 16:19:28.798,,2147483647,811090,True,offer
6269,932050,1611814191,MERV - XMEV - GGAL - 24hs,6800.0,2025-05-09 16:19:28,4,2025-05-09 16:19:29.379,6790.0,4011,6780.0,104,6770.0,2256,6760.0,3577,6750.0,987,6800.0,6620,6810.0,12886,6820.0,2965,6830.0,1476,6840.0,6709,2025-05-09 16:19:29.298,,2147483647,811094,False,nan
6270,934175,1611816916,MERV - XMEV - GGAL - 24hs,6800.0,2025-05-09 16:19:46,28,2025-05-09 16:19:46.470,6790.0,4011,6780.0,104,6770.0,2256,6760.0,3577,6750.0,987,6800.0,6620,6810.0,12886,6820.0,2965,6830.0,1476,6840.0,6709,2025-05-09 16:19:46.394,,2147483647,811094,True,offer
6271,934281,1611817038,MERV - XMEV - GGAL - 24hs,6800.0,2025-05-09 16:19:46,28,2025-05-09 16:19:47.155,6790.0,4011,6780.0,104,6770.0,2256,6760.0,3577,6750.0,987,6800.0,6592,6810.0,12886,6820.0,2965,6830.0,1476,6840.0,6709,2025-05-09 16:19:47.064,,2147483647,811094,False,nan
6272,934323,1611817089,MERV - XMEV - GGAL - 24hs,6800.0,2025-05-09 16:19:46,28,2025-05-09 16:19:47.643,6790.0,4011,6780.0,104,6770.0,2256,6760.0,3577,6750.0,987,6800.0,6592,6810.0,12886,6820.0,2965,6830.0,1476,6840.0,6709,2025-05-09 16:19:47.564,,2147483647,811122,False,nan
6273,934568,1611817410,MERV - XMEV - GGAL - 24hs,6800.0,2025-05-09 16:19:49,147,2025-05-09 16:19:49.597,6790.0,4011,6780.0,104,6770.0,2256,6760.0,3577,6750.0,987,6800.0,6592,6810.0,12886,6820.0,2965,6830.0,1476,6840.0,6709,2025-05-09 16:19:49.519,,2147483647,811122,True,offer
6274,934623,1611817474,MERV - XMEV - GGAL - 24hs,6800.0,2025-05-09 16:19:49,147,2025-05-09 16:19:50.096,6790.0,4011,6780.0,104,6770.0,2256,6760.0,3577,6750.0,987,6800.0,6723,6810.0,12608,6820.0,2965,6830.0,1476,6840.0,6709,2025-05-09 16:19:50.019,,2147483647,811122,False,nan
6275,934660,1611817523,MERV - XMEV - GGAL - 24hs,6800.0,2025-05-09 16:19:50,1,2025-05-09 16:19:50.598,6790.0,4011,6780.0,104,6770.0,2256,6760.0,3577,6750.0,987,6800.0,6722,6810.0,12608,6820.0,2965,6830.0,1476,6840.0,6709,2025-05-09 16:19:50.519,,2147483647,811269,True,offer
6276,934706,1611817585,MERV - XMEV - GGAL - 24hs,6800.0,2025-05-09 16:19:50,1,2025-05-09 16:19:51.098,6790.0,4011,6780.0,104,6770.0,2256,6760.0,3577,6750.0,987,6800.0,6722,6810.0,12608,6820.0,2965,6830.0,1476,6840.0,6709,2025-05-09 16:19:51.019,,2147483647,811270,False,nan
6277,934794,1611817724,MERV - XMEV - GGAL - 24hs,6800.0,2025-05-09 16:19:50,1,2025-05-09 16:19:52.259,6790.0,4011,6780.0,104,6770.0,2256,6760.0,3677,6750.0,987,6800.0,6722,6810.0,12608,6820.0,2965,6830.0,1476,6840.0,6709,2025-05-09 16:19:51.983,,2147483647,811270,False,nan
6278,935514,1611818742,MERV - XMEV - GGAL - 24hs,6800.0,2025-05-09 16:19:50,1,2025-05-09 16:19:59.643,6790.0,4011,6780.0,104,6770.0,2256,6760.0,3677,6750.0,1087,6800.0,6722,6810.0,12608,6820.0,2965,6830.0,1476,6840.0,6709,2025-05-09 16:19:59.564,,2147483647,811270,False,nan
6279,935571,1611818819,MERV - XMEV - GGAL - 24hs,6790.0,2025-05-09 16:20:00,247,2025-05-09 16:20:00.389,6790.0,4011,6780.0,104,6770.0,2256,6760.0,3677,6750.0,1087,6800.0,6722,6810.0,12608,6820.0,2965,6830.0,1476,6840.0,6709,2025-05-09 16:20:00.312,,2147483647,811270,True,bid
6280,935624,1611818894,MERV - XMEV - GGAL - 24hs,6790.0,2025-05-09 16:20:00,247,2025-05-09 16:20:01.060,6790.0,3764,6780.0,104,6770.0,2256,6760.0,3677,6750.0,1087,6800.0,6722,6810.0,12608,6820.0,2965,6830.0,1476,6840.0,6709,2025-05-09 16:20:00.978,,2147483647,811270,False,nan
6281,935705,1611818996,MERV - XMEV - GGAL - 24hs,6790.0,2025-05-09 16:20:01,59,2025-05-09 16:20:01.555,6790.0,3764,6780.0,104,6770.0,2256,6760.0,3677,6750.0,1087,6800.0,6722,6810.0,12608,6820.0,2965,6830.0,1476,6840.0,6709,2025-05-09 16:20:01.478,,2147483647,811517,True,bid
6282,935765,1611819084,MERV - XMEV - GGAL - 24hs,6790.0,2025-05-09 16:20:01,59,2025-05-09 16:20:02.079,6790.0,3705,6780.0,104,6770.0,2256,6760.0,3677,6750.0,1087,6800.0,6722,6810.0,12608,6820.0,2965,6830.0,1476,6840.0,6709,2025-05-09 16:20:01.999,,2147483647,811517,False,nan
6283,935840,1611819173,MERV - XMEV - GGAL - 24hs,6790.0,2025-05-09 16:20:01,59,2025-05-09 16:20:02.577,6790.0,3705,6780.0,104,6770.0,2256,6760.0,3677,6750.0,1087,6800.0,6722,6810.0,12608,6820.0,2965,6830.0,1476,6840.0,6709,2025-05-09 16:20:02.499,,2147483647,811576,False,nan
6284,935899,1611819262,MERV - XMEV - GGAL - 24hs,6790.0,2025-05-09 16:20:02,1,2025-05-09 16:20:03.086,6790.0,3705,6780.0,104,6770.0,2256,6760.0,3677,6750.0,1087,6800.0,6722,6810.0,12608,6820.0,2965,6830.0,1476,6840.0,6709,2025-05-09 16:20:03.009,,2147483647,811576,True,bid
6285,935939,1611819314,MERV - XMEV - GGAL - 24hs,6790.0,2025-05-09 16:20:03,16,2025-05-09 16:20:03.599,6790.0,3704,6780.0,104,6770.0,2256,6760.0,3677,6750.0,1087,6800.0,7222,6810.0,12608,6820.0,2965,6830.0,1476,6840.0,6709,2025-05-09 16:20:03.508,,2147483647,811577,True,bid
6286,935970,1611819353,MERV - XMEV - GGAL - 24hs,6790.0,2025-05-09 16:20:03,16,2025-05-09 16:20:04.087,6790.0,3688,6780.0,104,6770.0,2256,6760.0,3677,6750.0,1087,6800.0,7222,6810.0,12608,6820.0,2965,6830.0,1476,6840.0,6709,2025-05-09 16:20:04.009,,2147483647,811593,False,nan
6287,936312,1611819799,MERV - XMEV - GGAL - 24hs,6800.0,2025-05-09 16:20:06,2,2025-05-09 16:20:06.478,6790.0,3688,6780.0,104,6770.0,2256,6760.0,3677,6750.0,1087,6800.0,7222,6810.0,12608,6820.0,2965,6830.0,1476,6840.0,6709,2025-05-09 16:20:06.400,,2147483647,811593,True,offer
6288,936393,1611819916,MERV - XMEV - GGAL - 24hs,6800.0,2025-05-09 16:20:06,2,2025-05-09 16:20:07.157,6790.0,3688,6780.0,104,6770.0,2256,6760.0,3677,6750.0,1087,6800.0,7220,6810.0,12608,6820.0,2965,6830.0,1476,6840.0,6709,2025-05-09 16:20:07.077,,2147483647,811593,False,nan
6289,936453,1611819994,MERV - XMEV - GGAL - 24hs,6800.0,2025-05-09 16:20:06,2,2025-05-09 16:20:07.655,6790.0,3688,6780.0,104,6770.0,2256,6760.0,3677,6750.0,1087,6800.0,7220,6810.0,12608,6820.0,2965,6830.0,1476,6840.0,6709,2025-05-09 16:20:07.577,,2147483647,811595,False,nan
6290,936825,1611820452,MERV - XMEV - GGAL - 24hs,6800.0,2025-05-09 16:20:11,1,2025-05-09 16:20:11.647,6790.0,3688,6780.0,104,6770.0,2256,6760.0,3677,6750.0,1087,6800.0,7220,6810.0,12608,6820.0,2965,6830.0,1476,6840.0,6709,2025-05-09 16:20:11.569,,2147483647,811595,True,offer
6291,936874,1611820514,MERV - XMEV - GGAL - 24hs,6800.0,2025-05-09 16:20:11,1,2025-05-09 16:20:12.324,6790.0,3688,6780.0,104,6770.0,2256,6760.0,3677,6750.0,1087,6800.0,7219,6810.0,12608,6820.0,2965,6830.0,1476,6840.0,6709,2025-05-09 16:20:12.237,,2147483647,811595,False,nan
6292,936900,1611820546,MERV - XMEV - GGAL - 24hs,6800.0,2025-05-09 16:20:11,1,2025-05-09 16:20:12.815,6790.0,3688,6780.0,104,6770.0,2256,6760.0,3677,6750.0,1087,6800.0,7219,6810.0,12608,6820.0,2965,6830.0,1476,6840.0,6709,2025-05-09 16:20:12.737,,2147483647,811596,False,nan
6293,937681,1611821592,MERV - XMEV - GGAL - 24hs,6800.0,2025-05-09 16:20:11,1,2025-05-09 16:20:20.683,6790.0,3688,6780.0,104,6770.0,2256,6760.0,3677,6750.0,17087,6800.0,6941,6810.0,12886,6820.0,2965,6830.0,1476,6840.0,6709,2025-05-09 16:20:20.579,,2147483647,811596,False,nan
6294,937784,1611821714,MERV - XMEV - GGAL - 24hs,6800.0,2025-05-09 16:20:20,9,2025-05-09 16:20:21.174,6790.0,3688,6780.0,104,6770.0,2256,6760.0,3677,6750.0,17087,6800.0,6941,6810.0,12886,6820.0,2965,6830.0,1476,6840.0,6709,2025-05-09 16:20:21.078,,2147483647,811596,True,offer
6295,937864,1611821827,MERV - XMEV - GGAL - 24hs,6790.0,2025-05-09 16:20:21,5,2025-05-09 16:20:21.679,6790.0,3683,6780.0,104,6770.0,2256,6760.0,3677,6750.0,17087,6800.0,6932,6810.0,12886,6820.0,2965,6830.0,1476,6840.0,6709,2025-05-09 16:20:21.579,,2147483647,811610,True,bid
6296,938738,1611822946,MERV - XMEV - GGAL - 24hs,6800.0,2025-05-09 16:20:27,44,2025-05-09 16:20:28.092,6790.0,3683,6780.0,104,6770.0,2256,6760.0,3677,6750.0,17087,6800.0,6932,6810.0,12886,6820.0,2965,6830.0,1476,6840.0,6709,2025-05-09 16:20:28.015,,2147483647,811610,True,offer
6297,938811,1611823053,MERV - XMEV - GGAL - 24hs,6800.0,2025-05-09 16:20:27,44,2025-05-09 16:20:29.215,6790.0,3683,6780.0,104,6770.0,2256,6760.0,3677,6750.0,17087,6800.0,6888,6810.0,12886,6820.0,2965,6830.0,1476,6840.0,6709,2025-05-09 16:20:29.131,,2147483647,811610,False,nan
6298,938874,1611823143,MERV - XMEV - GGAL - 24hs,6800.0,2025-05-09 16:20:27,44,2025-05-09 16:20:29.495,6790.0,3683,6780.0,104,6770.0,2256,6760.0,3677,6750.0,17087,6800.0,6888,6810.0,12886,6820.0,2965,6830.0,1476,6840.0,6709,2025-05-09 16:20:29.231,,2147483647,811654,False,nan
6299,938935,1611823233,MERV - XMEV - GGAL - 24hs,6800.0,2025-05-09 16:20:27,44,2025-05-09 16:20:29.777,6790.0,3709,6780.0,104,6770.0,2256,6760.0,3677,6750.0,17087,6800.0,6888,6810.0,12886,6820.0,2965,6830.0,1476,6840.0,6709,2025-05-09 16:20:29.641,,2147483647,811654,False,nan
6300,939071,1611823409,MERV - XMEV - GGAL - 24hs,6800.0,2025-05-09 16:20:27,44,2025-05-09 16:20:30.566,6790.0,3709,6780.0,104,6770.0,2256,6760.0,19677,6750.0,1087,6800.0,6888,6810.0,12886,6820.0,2965,6830.0,1476,6840.0,6709,2025-05-09 16:20:30.489,,2147483647,811654,False,nan
6301,939310,1611823723,MERV - XMEV - GGAL - 24hs,6800.0,2025-05-09 16:20:27,44,2025-05-09 16:20:31.654,6790.0,3709,6780.0,104,6770.0,2256,6760.0,19427,6750.0,1337,6800.0,6888,6810.0,12886,6820.0,2965,6830.0,1476,6840.0,6709,2025-05-09 16:20:31.313,,2147483647,811654,False,nan
6302,939819,1611824387,MERV - XMEV - GGAL - 24hs,6790.0,2025-05-09 16:20:33,48,2025-05-09 16:20:33.998,6790.0,3709,6780.0,104,6770.0,2256,6760.0,19427,6750.0,1337,6800.0,6888,6810.0,12886,6820.0,2965,6830.0,1476,6840.0,6709,2025-05-09 16:20:33.462,,2147483647,811654,True,bid
6303,939936,1611824525,MERV - XMEV - GGAL - 24hs,6790.0,2025-05-09 16:20:33,48,2025-05-09 16:20:34.418,6790.0,3661,6780.0,104,6770.0,2256,6760.0,19427,6750.0,1337,6800.0,6888,6810.0,12886,6820.0,2965,6830.0,1476,6840.0,6709,2025-05-09 16:20:34.006,,2147483647,811654,False,nan
6304,940012,1611824626,MERV - XMEV - GGAL - 24hs,6790.0,2025-05-09 16:20:33,48,2025-05-09 16:20:34.743,6790.0,3661,6780.0,104,6770.0,2256,6760.0,19427,6750.0,1337,6800.0,6888,6810.0,12886,6820.0,2965,6830.0,1476,6840.0,6709,2025-05-09 16:20:34.507,,2147483647,811702,False,nan
6305,940925,1611825860,MERV - XMEV - GGAL - 24hs,6800.0,2025-05-09 16:20:41,8,2025-05-09 16:20:41.535,6790.0,3661,6780.0,104,6770.0,2256,6760.0,19427,6750.0,1337,6800.0,6888,6810.0,12886,6820.0,2965,6830.0,1476,6840.0,6709,2025-05-09 16:20:41.458,,2147483647,811702,True,offer
6306,940999,1611825952,MERV - XMEV - GGAL - 24hs,6800.0,2025-05-09 16:20:41,8,2025-05-09 16:20:42.200,6790.0,3661,6780.0,104,6770.0,2256,6760.0,19427,6750.0,1337,6800.0,6880,6810.0,12886,6820.0,2965,6830.0,1476,6840.0,6709,2025-05-09 16:20:42.123,,2147483647,811702,False,nan
6307,941033,1611825993,MERV - XMEV - GGAL - 24hs,6800.0,2025-05-09 16:20:41,8,2025-05-09 16:20:42.701,6790.0,3661,6780.0,104,6770.0,2256,6760.0,19427,6750.0,1337,6800.0,6880,6810.0,12886,6820.0,2965,6830.0,1476,6840.0,6709,2025-05-09 16:20:42.625,,2147483647,811710,False,nan
6308,941217,1611826221,MERV - XMEV - GGAL - 24hs,6800.0,2025-05-09 16:20:44,1,2025-05-09 16:20:44.739,6790.0,3661,6780.0,104,6770.0,2256,6760.0,19427,6750.0,1337,6800.0,6880,6810.0,12886,6820.0,2965,6830.0,1476,6840.0,6709,2025-05-09 16:20:44.661,,2147483647,811710,True,offer
6309,941277,1611826286,MERV - XMEV - GGAL - 24hs,6800.0,2025-05-09 16:20:44,1,2025-05-09 16:20:45.292,6790.0,3661,6780.0,104,6770.0,2256,6760.0,19427,6750.0,1337,6800.0,6879,6810.0,12886,6820.0,2965,6830.0,1476,6840.0,6709,2025-05-09 16:20:45.215,,2147483647,811710,False,nan
6310,941330,1611826346,MERV - XMEV - GGAL - 24hs,6800.0,2025-05-09 16:20:44,1,2025-05-09 16:20:45.792,6790.0,3661,6780.0,104,6770.0,2256,6760.0,19427,6750.0,1337,6800.0,6879,6810.0,12886,6820.0,2965,6830.0,1476,6840.0,6709,2025-05-09 16:20:45.716,,2147483647,811711,False,nan
6311,942735,1611828121,MERV - XMEV - GGAL - 24hs,6800.0,2025-05-09 16:20:58,152,2025-05-09 16:20:59.256,6790.0,3661,6780.0,104,6770.0,2256,6760.0,19427,6750.0,1337,6800.0,6879,6810.0,12886,6820.0,2965,6830.0,1476,6840.0,6709,2025-05-09 16:20:59.176,,2147483647,811711,True,offer
6312,942799,1611828202,MERV - XMEV - GGAL - 24hs,6800.0,2025-05-09 16:20:58,152,2025-05-09 16:20:59.507,6790.0,3661,6780.0,104,6770.0,2256,6760.0,19427,6750.0,1337,6800.0,6727,6810.0,12886,6820.0,2965,6830.0,1476,6840.0,6709,2025-05-09 16:20:59.300,,2147483647,811711,False,nan
6313,942831,1611828244,MERV - XMEV - GGAL - 24hs,6800.0,2025-05-09 16:20:58,152,2025-05-09 16:20:59.879,6790.0,3661,6780.0,104,6770.0,2256,6760.0,19427,6750.0,1337,6800.0,6727,6810.0,12886,6820.0,2965,6830.0,1476,6840.0,6709,2025-05-09 16:20:59.798,,2147483647,811863,False,nan
6314,943647,1611829295,MERV - XMEV - GGAL - 24hs,6800.0,2025-05-09 16:21:08,10,2025-05-09 16:21:08.642,6790.0,3661,6780.0,104,6770.0,2256,6760.0,19427,6750.0,1337,6800.0,6727,6810.0,12886,6820.0,2965,6830.0,1476,6840.0,6709,2025-05-09 16:21:08.549,,2147483647,811863,True,offer
6315,943703,1611829361,MERV - XMEV - GGAL - 24hs,6800.0,2025-05-09 16:21:08,10,2025-05-09 16:21:09.311,6790.0,3661,6780.0,104,6770.0,2256,6760.0,19427,6750.0,1337,6800.0,6717,6810.0,12886,6820.0,2965,6830.0,1476,6840.0,6709,2025-05-09 16:21:09.225,,2147483647,811863,False,nan
6316,943756,1611829427,MERV - XMEV - GGAL - 24hs,6800.0,2025-05-09 16:21:08,10,2025-05-09 16:21:09.806,6790.0,3661,6780.0,104,6770.0,2256,6760.0,19427,6750.0,1337,6800.0,6717,6810.0,12886,6820.0,2965,6830.0,1476,6840.0,6709,2025-05-09 16:21:09.725,,2147483647,811873,False,nan
6317,945001,1611831084,MERV - XMEV - GGAL - 24hs,6790.0,2025-05-09 16:21:25,54,2025-05-09 16:21:25.158,6790.0,3661,6780.0,104,6770.0,2256,6760.0,19427,6750.0,1337,6800.0,6717,6810.0,12886,6820.0,2965,6830.0,1476,6840.0,6709,2025-05-09 16:21:25.081,,2147483647,811873,True,bid
6318,945054,1611831155,MERV - XMEV - GGAL - 24hs,6790.0,2025-05-09 16:21:25,54,2025-05-09 16:21:25.827,6790.0,3607,6780.0,104,6770.0,2256,6760.0,19427,6750.0,1337,6800.0,6717,6810.0,12886,6820.0,2965,6830.0,1476,6840.0,6709,2025-05-09 16:21:25.746,,2147483647,811873,False,nan
6319,945091,1611831202,MERV - XMEV - GGAL - 24hs,6790.0,2025-05-09 16:21:25,54,2025-05-09 16:21:26.324,6790.0,3607,6780.0,104,6770.0,2256,6760.0,19427,6750.0,1337,6800.0,6717,6810.0,12886,6820.0,2965,6830.0,1476,6840.0,6709,2025-05-09 16:21:26.247,,2147483647,811927,False,nan
6320,945189,1611831336,MERV - XMEV - GGAL - 24hs,6800.0,2025-05-09 16:21:27,117,2025-05-09 16:21:27.844,6790.0,3607,6780.0,104,6770.0,2256,6760.0,19427,6750.0,1337,6800.0,6717,6810.0,12886,6820.0,2965,6830.0,1476,6840.0,6709,2025-05-09 16:21:27.764,,2147483647,811927,True,offer
6321,945234,1611831400,MERV - XMEV - GGAL - 24hs,6800.0,2025-05-09 16:21:27,783,2025-05-09 16:21:28.346,6790.0,3607,6780.0,104,6770.0,2256,6760.0,19427,6750.0,1337,6800.0,6717,6810.0,12886,6820.0,2965,6830.0,1476,6840.0,6709,2025-05-09 16:21:28.267,,2147483647,811927,False,nan
6322,945269,1611831444,MERV - XMEV - GGAL - 24hs,6800.0,2025-05-09 16:21:27,783,2025-05-09 16:21:28.845,6790.0,3607,6780.0,104,6770.0,2256,6760.0,19427,6750.0,1337,6800.0,5717,6810.0,12886,6820.0,2965,6830.0,1476,6840.0,6709,2025-05-09 16:21:28.767,,2147483647,812927,False,nan
6323,945830,1611832177,MERV - XMEV - GGAL - 24hs,6790.0,2025-05-09 16:21:34,19,2025-05-09 16:21:34.731,6790.0,3607,6780.0,104,6770.0,2256,6760.0,19427,6750.0,1337,6800.0,5717,6810.0,12886,6820.0,2965,6830.0,1476,6840.0,6709,2025-05-09 16:21:34.653,,2147483647,812927,True,bid
6324,945870,1611832233,MERV - XMEV - GGAL - 24hs,6790.0,2025-05-09 16:21:34,19,2025-05-09 16:21:35.236,6790.0,3588,6780.0,104,6770.0,2256,6760.0,19427,6750.0,1337,6800.0,5717,6810.0,12886,6820.0,2965,6830.0,1476,6840.0,6709,2025-05-09 16:21:35.159,,2147483647,812927,False,nan
6325,945909,1611832280,MERV - XMEV - GGAL - 24hs,6790.0,2025-05-09 16:21:34,19,2025-05-09 16:21:35.736,6790.0,3588,6780.0,104,6770.0,2256,6760.0,19427,6750.0,1337,6800.0,5717,6810.0,12886,6820.0,2965,6830.0,1476,6840.0,6709,2025-05-09 16:21:35.659,,2147483647,812946,False,nan
6326,946177,1611832626,MERV - XMEV - GGAL - 24hs,6800.0,2025-05-09 16:21:38,74,2025-05-09 16:21:38.707,6790.0,3588,6780.0,104,6770.0,2256,6760.0,19427,6750.0,1337,6800.0,5717,6810.0,12886,6820.0,2965,6830.0,1476,6840.0,6709,2025-05-09 16:21:38.629,,2147483647,812946,True,offer
6327,946230,1611832697,MERV - XMEV - GGAL - 24hs,6800.0,2025-05-09 16:21:38,74,2025-05-09 16:21:39.371,6790.0,3588,6780.0,104,6770.0,2256,6760.0,19427,6750.0,1337,6800.0,5643,6810.0,12886,6820.0,2965,6830.0,1476,6840.0,6709,2025-05-09 16:21:39.293,,2147483647,812946,False,nan
6328,946266,1611832746,MERV - XMEV - GGAL - 24hs,6800.0,2025-05-09 16:21:38,74,2025-05-09 16:21:39.876,6790.0,3588,6780.0,104,6770.0,2256,6760.0,19427,6750.0,1337,6800.0,5643,6810.0,12886,6820.0,2965,6830.0,1476,6840.0,6709,2025-05-09 16:21:39.794,,2147483647,813020,False,nan
6329,946666,1611833273,MERV - XMEV - GGAL - 24hs,6800.0,2025-05-09 16:21:44,1,2025-05-09 16:21:44.859,6790.0,3588,6780.0,104,6770.0,2256,6760.0,19427,6750.0,1337,6800.0,5643,6810.0,12886,6820.0,2965,6830.0,1476,6840.0,6709,2025-05-09 16:21:44.780,,2147483647,813020,True,offer
6330,946728,1611833351,MERV - XMEV - GGAL - 24hs,6800.0,2025-05-09 16:21:44,1,2025-05-09 16:21:45.522,6790.0,3588,6780.0,104,6770.0,2256,6760.0,19427,6750.0,1337,6800.0,5642,6810.0,12886,6820.0,2965,6830.0,1476,6840.0,6709,2025-05-09 16:21:45.445,,2147483647,813020,False,nan
6331,946756,1611833388,MERV - XMEV - GGAL - 24hs,6800.0,2025-05-09 16:21:44,1,2025-05-09 16:21:46.022,6790.0,3588,6780.0,104,6770.0,2256,6760.0,19427,6750.0,1337,6800.0,5642,6810.0,12886,6820.0,2965,6830.0,1476,6840.0,6709,2025-05-09 16:21:45.945,,2147483647,813021,False,nan
6332,946979,1611833668,MERV - XMEV - GGAL - 24hs,6800.0,2025-05-09 16:21:44,1,2025-05-09 16:21:48.220,6790.0,3588,6780.0,104,6770.0,2256,6760.0,19427,6750.0,1508,6800.0,5642,6810.0,12886,6820.0,2965,6830.0,1476,6840.0,6709,2025-05-09 16:21:48.137,,2147483647,813021,False,nan
6333,947309,1611834106,MERV - XMEV - GGAL - 24hs,6800.0,2025-05-09 16:21:44,1,2025-05-09 16:21:52.881,6790.0,3830,6780.0,104,6770.0,2256,6760.0,3427,6750.0,17508,6800.0,5642,6810.0,12886,6820.0,2965,6830.0,1476,6840.0,6709,2025-05-09 16:21:52.803,,2147483647,813021,False,nan
6334,947957,1611834900,MERV - XMEV - GGAL - 24hs,6800.0,2025-05-09 16:21:44,1,2025-05-09 16:21:57.192,6790.0,4419,6780.0,104,6770.0,2256,6760.0,3427,6750.0,17508,6800.0,5642,6810.0,12886,6820.0,2965,6830.0,1476,6840.0,6709,2025-05-09 16:21:56.984,,2147483647,813021,False,nan
6335,948450,1611835484,MERV - XMEV - GGAL - 24hs,6800.0,2025-05-09 16:21:44,1,2025-05-09 16:22:01.357,6790.0,4177,6780.0,104,6770.0,2256,6760.0,3427,6750.0,17508,6800.0,5642,6810.0,12886,6820.0,2965,6830.0,1476,6840.0,6709,2025-05-09 16:22:01.281,,2147483647,813021,False,nan
6336,950409,1611838043,MERV - XMEV - GGAL - 24hs,6800.0,2025-05-09 16:22:19,800,2025-05-09 16:22:19.715,6790.0,4177,6780.0,104,6770.0,2256,6760.0,3427,6750.0,17508,6800.0,5642,6810.0,12886,6820.0,2965,6830.0,1476,6840.0,6709,2025-05-09 16:22:19.638,,2147483647,813021,True,offer
6337,950466,1611838106,MERV - XMEV - GGAL - 24hs,6800.0,2025-05-09 16:22:19,500,2025-05-09 16:22:20.220,6790.0,4177,6780.0,104,6770.0,2256,6760.0,3427,6750.0,17508,6800.0,5642,6810.0,12886,6820.0,2965,6830.0,1476,6840.0,6709,2025-05-09 16:22:20.138,,2147483647,813821,False,nan
6338,950526,1611838190,MERV - XMEV - GGAL - 24hs,6800.0,2025-05-09 16:22:20,202,2025-05-09 16:22:20.715,6800.0,5158,6790.0,4177,6780.0,104,6770.0,2256,6760.0,3427,6810.0,12886,6820.0,2965,6830.0,1476,6840.0,6709,6850.0,16015,2025-05-09 16:22:20.638,,2147483647,819709,True,offer
6339,950584,1611838269,MERV - XMEV - GGAL - 24hs,6800.0,2025-05-09 16:22:20,202,2025-05-09 16:22:21.222,6800.0,3910,6790.0,4177,6780.0,104,6770.0,2256,6760.0,3427,6810.0,12886,6820.0,2965,6830.0,1476,6840.0,6709,6850.0,16015,2025-05-09 16:22:21.142,,2147483647,819911,False,nan
6340,950839,1611838620,MERV - XMEV - GGAL - 24hs,6800.0,2025-05-09 16:22:24,190,2025-05-09 16:22:24.209,6800.0,3910,6790.0,4177,6780.0,104,6770.0,2256,6760.0,3427,6810.0,12886,6820.0,2965,6830.0,1476,6840.0,6709,6850.0,16015,2025-05-09 16:22:24.132,,2147483647,819911,True,bid
6341,950896,1611838694,MERV - XMEV - GGAL - 24hs,6800.0,2025-05-09 16:22:24,611,2025-05-09 16:22:24.713,6800.0,3910,6790.0,4177,6780.0,104,6770.0,2256,6760.0,3427,6810.0,12886,6820.0,2965,6830.0,1476,6840.0,6709,6850.0,16015,2025-05-09 16:22:24.635,,2147483647,820101,False,nan
6342,950948,1611838762,MERV - XMEV - GGAL - 24hs,6800.0,2025-05-09 16:22:24,611,2025-05-09 16:22:25.209,6800.0,3109,6790.0,4177,6780.0,104,6770.0,2256,6760.0,3427,6810.0,12886,6820.0,2965,6830.0,1476,6840.0,6709,6850.0,16015,2025-05-09 16:22:25.133,,2147483647,820712,False,nan
6343,950989,1611838816,MERV - XMEV - GGAL - 24hs,6810.0,2025-05-09 16:22:25,72,2025-05-09 16:22:25.796,6800.0,3109,6790.0,4177,6780.0,104,6770.0,2256,6760.0,3427,6810.0,12886,6820.0,2965,6830.0,1476,6840.0,6709,6850.0,16015,2025-05-09 16:22:25.713,,2147483647,820712,True,offer
6344,951050,1611838894,MERV - XMEV - GGAL - 24hs,6810.0,2025-05-09 16:22:25,72,2025-05-09 16:22:26.479,6800.0,3109,6790.0,4177,6780.0,104,6770.0,2256,6760.0,3427,6810.0,12886,6820.0,2965,6830.0,1476,6840.0,6709,6850.0,16015,2025-05-09 16:22:26.391,,2147483647,820784,False,nan
6345,951117,1611838983,MERV - XMEV - GGAL - 24hs,6810.0,2025-05-09 16:22:26,1,2025-05-09 16:22:26.970,6800.0,3109,6790.0,4177,6780.0,104,6770.0,2256,6760.0,3427,6810.0,12814,6820.0,2965,6830.0,1476,6840.0,6709,6850.0,16015,2025-05-09 16:22:26.891,,2147483647,820784,True,offer
6346,951147,1611839034,MERV - XMEV - GGAL - 24hs,6810.0,2025-05-09 16:22:26,1,2025-05-09 16:22:27.468,6800.0,3109,6790.0,4177,6780.0,104,6770.0,2256,6760.0,3427,6810.0,12813,6820.0,2965,6830.0,1476,6840.0,6709,6850.0,16015,2025-05-09 16:22:27.391,,2147483647,820785,False,nan
6347,952084,1611840268,MERV - XMEV - GGAL - 24hs,6810.0,2025-05-09 16:22:26,1,2025-05-09 16:22:35.359,6800.0,3109,6790.0,4151,6780.0,104,6770.0,2256,6760.0,3427,6810.0,12813,6820.0,2965,6830.0,1476,6840.0,6709,6850.0,16015,2025-05-09 16:22:35.281,,2147483647,820785,False,nan
6348,953419,1611842006,MERV - XMEV - GGAL - 24hs,6810.0,2025-05-09 16:22:26,1,2025-05-09 16:22:50.225,6800.0,3111,6790.0,4151,6780.0,104,6770.0,2256,6760.0,3427,6810.0,12813,6820.0,2965,6830.0,1476,6840.0,6709,6850.0,16015,2025-05-09 16:22:50.148,,2147483647,820785,False,nan
6349,953514,1611842130,MERV - XMEV - GGAL - 24hs,6810.0,2025-05-09 16:22:51,354,2025-05-09 16:22:51.476,6800.0,3111,6790.0,4151,6780.0,104,6770.0,2256,6760.0,3427,6810.0,12813,6820.0,2965,6830.0,1476,6840.0,6709,6850.0,16015,2025-05-09 16:22:51.395,,2147483647,820785,True,offer
6350,953561,1611842198,MERV - XMEV - GGAL - 24hs,6810.0,2025-05-09 16:22:51,354,2025-05-09 16:22:52.143,6800.0,3111,6790.0,4151,6780.0,104,6770.0,2256,6760.0,3427,6810.0,12459,6820.0,2965,6830.0,1476,6840.0,6709,6850.0,16015,2025-05-09 16:22:52.066,,2147483647,820785,False,nan
6351,953592,1611842240,MERV - XMEV - GGAL - 24hs,6810.0,2025-05-09 16:22:51,354,2025-05-09 16:22:52.648,6800.0,3111,6790.0,4151,6780.0,104,6770.0,2256,6760.0,3427,6810.0,12459,6820.0,2965,6830.0,1476,6840.0,6709,6850.0,16015,2025-05-09 16:22:52.559,,2147483647,821139,False,nan
6352,953693,1611842381,MERV - XMEV - GGAL - 24hs,6800.0,2025-05-09 16:22:54,15,2025-05-09 16:22:54.106,6800.0,3111,6790.0,4151,6780.0,104,6770.0,2256,6760.0,3427,6810.0,12459,6820.0,2965,6830.0,1476,6840.0,6709,6850.0,16015,2025-05-09 16:22:54.025,,2147483647,821139,True,bid
6353,953844,1611842565,MERV - XMEV - GGAL - 24hs,6800.0,2025-05-09 16:22:54,15,2025-05-09 16:22:54.783,6800.0,3096,6790.0,4151,6780.0,104,6770.0,2256,6760.0,3427,6810.0,12459,6820.0,2965,6830.0,1476,6840.0,6709,6850.0,16015,2025-05-09 16:22:54.690,,2147483647,821139,False,nan
6354,953984,1611842733,MERV - XMEV - GGAL - 24hs,6800.0,2025-05-09 16:22:54,15,2025-05-09 16:22:55.291,6800.0,3096,6790.0,4151,6780.0,104,6770.0,2256,6760.0,3427,6810.0,12459,6820.0,2965,6830.0,1476,6840.0,6709,6850.0,16015,2025-05-09 16:22:55.190,,2147483647,821154,False,nan
6355,954452,1611843297,MERV - XMEV - GGAL - 24hs,6800.0,2025-05-09 16:22:54,15,2025-05-09 16:22:58.634,6800.0,3096,6790.0,4151,6780.0,104,6770.0,2256,6760.0,4427,6810.0,12459,6820.0,2965,6830.0,1476,6840.0,6709,6850.0,16015,2025-05-09 16:22:58.557,,2147483647,821154,False,nan
6356,954697,1611843644,MERV - XMEV - GGAL - 24hs,6800.0,2025-05-09 16:22:54,15,2025-05-09 16:23:01.663,6800.0,3096,6790.0,4151,6780.0,104,6770.0,2256,6760.0,4427,6810.0,17459,6820.0,2965,6830.0,1476,6840.0,6709,6850.0,16015,2025-05-09 16:23:01.584,,2147483647,821154,False,nan
6357,955001,1611844050,MERV - XMEV - GGAL - 24hs,6800.0,2025-05-09 16:23:04,1,2025-05-09 16:23:05.022,6800.0,3096,6790.0,4151,6780.0,104,6770.0,2256,6760.0,4427,6810.0,17459,6820.0,2965,6830.0,1476,6840.0,6709,6850.0,16015,2025-05-09 16:23:04.777,,2147483647,821154,True,bid
6358,955037,1611844098,MERV - XMEV - GGAL - 24hs,6800.0,2025-05-09 16:23:04,26,2025-05-09 16:23:05.239,6800.0,3096,6790.0,4151,6780.0,104,6770.0,2256,6760.0,4427,6810.0,17459,6820.0,2965,6830.0,1476,6840.0,6709,6850.0,16015,2025-05-09 16:23:05.162,,2147483647,821155,False,nan
6359,955075,1611844149,MERV - XMEV - GGAL - 24hs,6800.0,2025-05-09 16:23:04,26,2025-05-09 16:23:05.740,6800.0,3069,6790.0,4151,6780.0,104,6770.0,2256,6760.0,4427,6810.0,17459,6820.0,2965,6830.0,1476,6840.0,6709,6850.0,16015,2025-05-09 16:23:05.663,,2147483647,821181,False,nan
6360,955162,1611844261,MERV - XMEV - GGAL - 24hs,6800.0,2025-05-09 16:23:06,12,2025-05-09 16:23:06.556,6800.0,3069,6790.0,4151,6780.0,104,6770.0,2256,6760.0,4427,6810.0,17459,6820.0,2965,6830.0,1476,6840.0,6709,6850.0,16015,2025-05-09 16:23:06.478,,2147483647,821181,True,bid
6361,955252,1611844405,MERV - XMEV - GGAL - 24hs,6800.0,2025-05-09 16:23:06,12,2025-05-09 16:23:07.221,6800.0,3057,6790.0,4151,6780.0,104,6770.0,2256,6760.0,4427,6810.0,17459,6820.0,2965,6830.0,1476,6840.0,6709,6850.0,16015,2025-05-09 16:23:07.145,,2147483647,821181,False,nan
6362,955314,1611844481,MERV - XMEV - GGAL - 24hs,6800.0,2025-05-09 16:23:06,12,2025-05-09 16:23:07.721,6800.0,3057,6790.0,4151,6780.0,104,6770.0,2256,6760.0,4427,6810.0,17459,6820.0,2965,6830.0,1476,6840.0,6709,6850.0,16015,2025-05-09 16:23:07.645,,2147483647,821193,False,nan
6363,955591,1611844824,MERV - XMEV - GGAL - 24hs,6800.0,2025-05-09 16:23:09,3,2025-05-09 16:23:10.035,6800.0,3057,6790.0,4151,6780.0,104,6770.0,2256,6760.0,4427,6810.0,17459,6820.0,2965,6830.0,1476,6840.0,6709,6850.0,16015,2025-05-09 16:23:09.957,,2147483647,821193,True,bid
6364,955645,1611844893,MERV - XMEV - GGAL - 24hs,6800.0,2025-05-09 16:23:09,3,2025-05-09 16:23:10.536,6800.0,3054,6790.0,4151,6780.0,104,6770.0,2256,6760.0,4427,6810.0,17459,6820.0,2965,6830.0,1476,6840.0,6709,6850.0,16015,2025-05-09 16:23:10.457,,2147483647,821193,False,nan
6365,955721,1611844992,MERV - XMEV - GGAL - 24hs,6800.0,2025-05-09 16:23:09,3,2025-05-09 16:23:11.036,6800.0,3054,6790.0,4151,6780.0,104,6770.0,2256,6760.0,4427,6810.0,17459,6820.0,2965,6830.0,1476,6840.0,6709,6850.0,16015,2025-05-09 16:23:10.957,,2147483647,821196,False,nan
6366,955769,1611845058,MERV - XMEV - GGAL - 24hs,6810.0,2025-05-09 16:23:11,1,2025-05-09 16:23:11.615,6800.0,3054,6790.0,4151,6780.0,104,6770.0,2256,6760.0,4427,6810.0,17459,6820.0,2965,6830.0,1476,6840.0,6709,6850.0,16015,2025-05-09 16:23:11.540,,2147483647,821196,True,offer
6367,955811,1611845113,MERV - XMEV - GGAL - 24hs,6810.0,2025-05-09 16:23:11,30,2025-05-09 16:23:12.118,6800.0,3054,6790.0,4151,6780.0,104,6770.0,2256,6760.0,4427,6810.0,17459,6820.0,2965,6830.0,1476,6840.0,6709,6850.0,16015,2025-05-09 16:23:12.039,,2147483647,821197,False,nan
6368,955855,1611845181,MERV - XMEV - GGAL - 24hs,6810.0,2025-05-09 16:23:11,30,2025-05-09 16:23:12.615,6800.0,3054,6790.0,4151,6780.0,104,6770.0,2256,6760.0,4427,6810.0,17428,6820.0,2965,6830.0,1476,6840.0,6709,6850.0,16015,2025-05-09 16:23:12.540,,2147483647,821227,False,nan
6369,955896,1611845232,MERV - XMEV - GGAL - 24hs,6800.0,2025-05-09 16:23:12,3,2025-05-09 16:23:13.115,6800.0,3054,6790.0,4151,6780.0,104,6770.0,2256,6760.0,4427,6810.0,17428,6820.0,2965,6830.0,1476,6840.0,6709,6850.0,16015,2025-05-09 16:23:13.040,,2147483647,821227,True,bid
6370,955923,1611845287,MERV - XMEV - GGAL - 24hs,6800.0,2025-05-09 16:23:12,3,2025-05-09 16:23:13.615,6800.0,3051,6790.0,4151,6780.0,104,6770.0,2256,6760.0,4427,6810.0,17428,6820.0,2965,6830.0,1476,6840.0,6709,6850.0,16015,2025-05-09 16:23:13.540,,2147483647,821230,False,nan
6371,956082,1611845498,MERV - XMEV - GGAL - 24hs,6800.0,2025-05-09 16:23:15,323,2025-05-09 16:23:15.214,6800.0,3051,6790.0,4151,6780.0,104,6770.0,2256,6760.0,4427,6810.0,17428,6820.0,2965,6830.0,1476,6840.0,6709,6850.0,16015,2025-05-09 16:23:15.138,,2147483647,821230,True,bid
6372,956136,1611845569,MERV - XMEV - GGAL - 24hs,6800.0,2025-05-09 16:23:15,323,2025-05-09 16:23:15.868,6800.0,2754,6790.0,4151,6780.0,104,6770.0,2256,6760.0,4427,6810.0,17428,6820.0,2965,6830.0,1476,6840.0,6709,6850.0,16015,2025-05-09 16:23:15.780,,2147483647,821230,False,nan
6373,956192,1611845658,MERV - XMEV - GGAL - 24hs,6800.0,2025-05-09 16:23:15,323,2025-05-09 16:23:16.355,6800.0,2754,6790.0,4151,6780.0,104,6770.0,2256,6760.0,4427,6810.0,17428,6820.0,2965,6830.0,1476,6840.0,6709,6850.0,16015,2025-05-09 16:23:16.275,,2147483647,821553,False,nan
6374,956616,1611846220,MERV - XMEV - GGAL - 24hs,6800.0,2025-05-09 16:23:21,625,2025-05-09 16:23:21.731,6800.0,2754,6790.0,4151,6780.0,104,6770.0,2256,6760.0,4427,6810.0,17428,6820.0,2965,6830.0,1476,6840.0,6709,6850.0,16015,2025-05-09 16:23:21.656,,2147483647,821553,True,bid
6375,956661,1611846273,MERV - XMEV - GGAL - 24hs,6800.0,2025-05-09 16:23:21,625,2025-05-09 16:23:22.401,6800.0,2129,6790.0,4151,6780.0,104,6770.0,2256,6760.0,4427,6810.0,17428,6820.0,2965,6830.0,1476,6840.0,6709,6850.0,16015,2025-05-09 16:23:22.323,,2147483647,821553,False,nan
6376,956703,1611846322,MERV - XMEV - GGAL - 24hs,6800.0,2025-05-09 16:23:21,625,2025-05-09 16:23:22.898,6800.0,2129,6790.0,4151,6780.0,104,6770.0,2256,6760.0,4427,6810.0,17428,6820.0,2965,6830.0,1476,6840.0,6709,6850.0,16015,2025-05-09 16:23:22.822,,2147483647,822178,False,nan
6377,957297,1611847140,MERV - XMEV - GGAL - 24hs,6800.0,2025-05-09 16:23:21,625,2025-05-09 16:23:30.471,6800.0,2129,6790.0,4151,6780.0,104,6770.0,2256,6760.0,4527,6810.0,17428,6820.0,2965,6830.0,1476,6840.0,6709,6850.0,16015,2025-05-09 16:23:30.300,,2147483647,822178,False,nan
6378,957812,1611847852,MERV - XMEV - GGAL - 24hs,6800.0,2025-05-09 16:23:21,625,2025-05-09 16:23:36.628,6800.0,2129,6790.0,4151,6780.0,104,6770.0,2256,6760.0,19527,6810.0,7428,6820.0,12965,6830.0,1476,6840.0,6709,6850.0,16015,2025-05-09 16:23:36.553,,2147483647,822178,False,nan
6379,958322,1611848585,MERV - XMEV - GGAL - 24hs,6800.0,2025-05-09 16:23:42,42,2025-05-09 16:23:42.761,6800.0,2129,6790.0,4151,6780.0,104,6770.0,2256,6760.0,19527,6810.0,7428,6820.0,12965,6830.0,1476,6840.0,6709,6850.0,16015,2025-05-09 16:23:42.686,,2147483647,822178,True,bid
6380,958345,1611848616,MERV - XMEV - GGAL - 24hs,6800.0,2025-05-09 16:23:42,42,2025-05-09 16:23:43.261,6800.0,2087,6790.0,4151,6780.0,104,6770.0,2256,6760.0,19527,6810.0,7428,6820.0,12965,6830.0,1476,6840.0,6709,6850.0,16015,2025-05-09 16:23:43.186,,2147483647,822178,False,nan
6381,958366,1611848644,MERV - XMEV - GGAL - 24hs,6800.0,2025-05-09 16:23:42,42,2025-05-09 16:23:43.762,6800.0,2087,6790.0,4151,6780.0,104,6770.0,2256,6760.0,19527,6810.0,7428,6820.0,12965,6830.0,1476,6840.0,6709,6850.0,16015,2025-05-09 16:23:43.687,,2147483647,822220,False,nan
6382,958471,1611848775,MERV - XMEV - GGAL - 24hs,6800.0,2025-05-09 16:23:42,42,2025-05-09 16:23:45.307,6800.0,2087,6790.0,3562,6780.0,104,6770.0,2256,6760.0,19527,6810.0,7428,6820.0,12965,6830.0,1476,6840.0,6709,6850.0,16015,2025-05-09 16:23:45.228,,2147483647,822220,False,nan
6383,958776,1611849171,MERV - XMEV - GGAL - 24hs,6800.0,2025-05-09 16:23:48,42,2025-05-09 16:23:49.003,6800.0,2087,6790.0,3562,6780.0,104,6770.0,2256,6760.0,19527,6810.0,7428,6820.0,12965,6830.0,1476,6840.0,6709,6850.0,16015,2025-05-09 16:23:48.710,,2147483647,822220,True,bid
6384,958816,1611849218,MERV - XMEV - GGAL - 24hs,6800.0,2025-05-09 16:23:48,42,2025-05-09 16:23:49.405,6800.0,2045,6790.0,3562,6780.0,104,6770.0,2256,6760.0,19527,6810.0,7428,6820.0,12865,6830.0,1476,6840.0,6709,6850.0,16015,2025-05-09 16:23:49.330,,2147483647,822220,False,nan
6385,958865,1611849286,MERV - XMEV - GGAL - 24hs,6800.0,2025-05-09 16:23:48,42,2025-05-09 16:23:49.906,6800.0,2045,6790.0,3562,6780.0,104,6770.0,2256,6760.0,19527,6810.0,7428,6820.0,12865,6830.0,1476,6840.0,6709,6850.0,16015,2025-05-09 16:23:49.831,,2147483647,822262,False,nan
6386,959332,1611849940,MERV - XMEV - GGAL - 24hs,6800.0,2025-05-09 16:23:55,73,2025-05-09 16:23:55.311,6800.0,2045,6790.0,3562,6780.0,104,6770.0,2256,6760.0,19527,6810.0,7428,6820.0,12865,6830.0,1476,6840.0,6709,6850.0,16015,2025-05-09 16:23:55.237,,2147483647,822262,True,bid
6387,959448,1611850086,MERV - XMEV - GGAL - 24hs,6800.0,2025-05-09 16:23:55,73,2025-05-09 16:23:56.016,6800.0,1972,6790.0,3562,6780.0,104,6770.0,2256,6760.0,19527,6810.0,7428,6820.0,12865,6830.0,1476,6840.0,6709,6850.0,16015,2025-05-09 16:23:55.918,,2147483647,822262,False,nan
6388,959545,1611850212,MERV - XMEV - GGAL - 24hs,6800.0,2025-05-09 16:23:55,73,2025-05-09 16:23:56.517,6800.0,1972,6790.0,3562,6780.0,104,6770.0,2256,6760.0,19527,6810.0,7428,6820.0,12865,6830.0,1476,6840.0,6709,6850.0,16015,2025-05-09 16:23:56.413,,2147483647,822335,False,nan
6389,959617,1611850304,MERV - XMEV - GGAL - 24hs,6810.0,2025-05-09 16:23:56,3,2025-05-09 16:23:56.992,6800.0,1972,6790.0,3562,6780.0,104,6770.0,2256,6760.0,19527,6810.0,7428,6820.0,12865,6830.0,1476,6840.0,6709,6850.0,16015,2025-05-09 16:23:56.913,,2147483647,822335,True,offer
6390,959682,1611850388,MERV - XMEV - GGAL - 24hs,6810.0,2025-05-09 16:23:56,3,2025-05-09 16:23:57.503,6800.0,1972,6790.0,3562,6780.0,104,6770.0,2256,6760.0,19527,6810.0,7425,6820.0,12865,6830.0,1476,6840.0,6709,6850.0,16015,2025-05-09 16:23:57.414,,2147483647,822338,False,nan
6391,959731,1611850455,MERV - XMEV - GGAL - 24hs,6800.0,2025-05-09 16:23:57,36,2025-05-09 16:23:57.987,6800.0,1972,6790.0,3562,6780.0,104,6770.0,2256,6760.0,19527,6810.0,7425,6820.0,12865,6830.0,1476,6840.0,6709,6850.0,16015,2025-05-09 16:23:57.913,,2147483647,822338,True,bid
6392,959772,1611850511,MERV - XMEV - GGAL - 24hs,6800.0,2025-05-09 16:23:57,36,2025-05-09 16:23:58.487,6800.0,1936,6790.0,3562,6780.0,104,6770.0,2256,6760.0,19527,6810.0,7425,6820.0,12865,6830.0,1476,6840.0,6709,6850.0,16015,2025-05-09 16:23:58.413,,2147483647,822338,False,nan
6393,959822,1611850581,MERV - XMEV - GGAL - 24hs,6810.0,2025-05-09 16:23:58,2000,2025-05-09 16:23:58.989,6800.0,1936,6790.0,3562,6780.0,104,6770.0,2256,6760.0,19527,6810.0,7425,6820.0,12865,6830.0,1476,6840.0,6709,6850.0,16015,2025-05-09 16:23:58.913,,2147483647,829799,True,offer
6394,959887,1611850664,MERV - XMEV - GGAL - 24hs,6810.0,2025-05-09 16:23:59,428,2025-05-09 16:23:59.488,6810.0,575,6800.0,1936,6790.0,3562,6780.0,104,6770.0,2256,6820.0,12865,6830.0,1476,6840.0,6708,6850.0,16015,6860.0,3001,2025-05-09 16:23:59.414,,2147483647,831946,True,offer
6395,959941,1611850736,MERV - XMEV - GGAL - 24hs,6800.0,2025-05-09 16:23:59,1572,2025-05-09 16:23:59.989,6800.0,364,6790.0,3562,6780.0,104,6770.0,2256,6760.0,18534,6810.0,11406,6820.0,2865,6830.0,1476,6840.0,6708,6850.0,16015,2025-05-09 16:23:59.914,,2147483647,832374,False,nan
6396,960020,1611850834,MERV - XMEV - GGAL - 24hs,6800.0,2025-05-09 16:23:59,1572,2025-05-09 16:24:00.492,6800.0,364,6790.0,3562,6780.0,104,6770.0,2256,6760.0,18534,6810.0,11406,6820.0,2865,6830.0,1476,6840.0,6708,6850.0,16015,2025-05-09 16:24:00.414,,2147483647,833946,False,nan
6397,960093,1611850929,MERV - XMEV - GGAL - 24hs,6800.0,2025-05-09 16:23:59,1572,2025-05-09 16:24:00.988,6800.0,364,6790.0,3562,6780.0,104,6770.0,2256,6760.0,19534,6810.0,13406,6820.0,2865,6830.0,1476,6840.0,6708,6850.0,16015,2025-05-09 16:24:00.914,,2147483647,833946,False,nan
6398,960156,1611851015,MERV - XMEV - GGAL - 24hs,6800.0,2025-05-09 16:23:59,1572,2025-05-09 16:24:01.500,6800.0,364,6790.0,3562,6780.0,104,6770.0,2256,6760.0,19534,6810.0,13467,6820.0,2865,6830.0,1476,6840.0,6708,6850.0,16015,2025-05-09 16:24:01.423,,2147483647,833946,False,nan
6399,960719,1611851772,MERV - XMEV - GGAL - 24hs,6800.0,2025-05-09 16:23:59,1572,2025-05-09 16:24:06.825,6800.0,364,6790.0,3562,6780.0,104,6770.0,2256,6760.0,19534,6810.0,3467,6820.0,12865,6830.0,1476,6840.0,6708,6850.0,16015,2025-05-09 16:24:06.746,,2147483647,833946,False,nan
6400,960783,1611851867,MERV - XMEV - GGAL - 24hs,6810.0,2025-05-09 16:24:07,3,2025-05-09 16:24:07.938,6800.0,364,6790.0,3562,6780.0,104,6770.0,2256,6760.0,19534,6810.0,3467,6820.0,12865,6830.0,1476,6840.0,6708,6850.0,16015,2025-05-09 16:24:07.862,,2147483647,833946,True,offer
6401,960822,1611851918,MERV - XMEV - GGAL - 24hs,6810.0,2025-05-09 16:24:07,3,2025-05-09 16:24:08.606,6800.0,364,6790.0,3562,6780.0,104,6770.0,2256,6760.0,19534,6810.0,3464,6820.0,12865,6830.0,1476,6840.0,6708,6850.0,16015,2025-05-09 16:24:08.532,,2147483647,833946,False,nan
6402,960864,1611851976,MERV - XMEV - GGAL - 24hs,6810.0,2025-05-09 16:24:07,3,2025-05-09 16:24:09.099,6800.0,364,6790.0,3562,6780.0,104,6770.0,2256,6760.0,19534,6810.0,3464,6820.0,12865,6830.0,1476,6840.0,6708,6850.0,16015,2025-05-09 16:24:09.026,,2147483647,833949,False,nan
6403,960931,1611852054,MERV - XMEV - GGAL - 24hs,6800.0,2025-05-09 16:24:09,253,2025-05-09 16:24:10.003,6800.0,364,6790.0,3562,6780.0,104,6770.0,2256,6760.0,19534,6810.0,3464,6820.0,12865,6830.0,1476,6840.0,6708,6850.0,16015,2025-05-09 16:24:09.905,,2147483647,833949,True,bid
6404,960984,1611852128,MERV - XMEV - GGAL - 24hs,6800.0,2025-05-09 16:24:09,253,2025-05-09 16:24:10.321,6800.0,111,6790.0,3562,6780.0,104,6770.0,2256,6760.0,19534,6810.0,3464,6820.0,12865,6830.0,1476,6840.0,6708,6850.0,16015,2025-05-09 16:24:10.244,,2147483647,833949,False,nan
6405,961052,1611852210,MERV - XMEV - GGAL - 24hs,6800.0,2025-05-09 16:24:09,253,2025-05-09 16:24:10.829,6800.0,111,6790.0,3562,6780.0,104,6770.0,2256,6760.0,19534,6810.0,3464,6820.0,12865,6830.0,1476,6840.0,6708,6850.0,16015,2025-05-09 16:24:10.742,,2147483647,834202,False,nan
6406,961151,1611852327,MERV - XMEV - GGAL - 24hs,6800.0,2025-05-09 16:24:09,253,2025-05-09 16:24:11.858,6800.0,111,6790.0,3670,6780.0,104,6770.0,2256,6760.0,19534,6810.0,3464,6820.0,12865,6830.0,1476,6840.0,6708,6850.0,16015,2025-05-09 16:24:11.783,,2147483647,834202,False,nan
6407,961198,1611852392,MERV - XMEV - GGAL - 24hs,6810.0,2025-05-09 16:24:12,23,2025-05-09 16:24:12.457,6800.0,111,6790.0,3670,6780.0,104,6770.0,2256,6760.0,19534,6810.0,3464,6820.0,12865,6830.0,1476,6840.0,6708,6850.0,16015,2025-05-09 16:24:12.383,,2147483647,834202,True,offer
6408,961241,1611852459,MERV - XMEV - GGAL - 24hs,6810.0,2025-05-09 16:24:12,74,2025-05-09 16:24:12.958,6800.0,111,6790.0,3670,6780.0,104,6770.0,2256,6760.0,19534,6810.0,3464,6820.0,12865,6830.0,1476,6840.0,6708,6850.0,16015,2025-05-09 16:24:12.883,,2147483647,834202,False,nan
6409,961276,1611852519,MERV - XMEV - GGAL - 24hs,6810.0,2025-05-09 16:24:12,74,2025-05-09 16:24:13.456,6800.0,111,6790.0,3670,6780.0,104,6770.0,2256,6760.0,19534,6810.0,3367,6820.0,12865,6830.0,1476,6840.0,6708,6850.0,16015,2025-05-09 16:24:13.383,,2147483647,834299,False,nan
6410,961553,1611852860,MERV - XMEV - GGAL - 24hs,6810.0,2025-05-09 16:24:12,74,2025-05-09 16:24:15.164,6800.0,111,6790.0,3670,6780.0,104,6770.0,2256,6760.0,19534,6810.0,4367,6820.0,12865,6830.0,1476,6840.0,6708,6850.0,16015,2025-05-09 16:24:15.089,,2147483647,834299,False,nan
6411,961688,1611853065,MERV - XMEV - GGAL - 24hs,6810.0,2025-05-09 16:24:12,74,2025-05-09 16:24:16.857,6800.0,111,6790.0,3670,6780.0,104,6770.0,2256,6760.0,19534,6810.0,2367,6820.0,14865,6830.0,1476,6840.0,6708,6850.0,16015,2025-05-09 16:24:16.781,,2147483647,834299,False,nan
6412,961810,1611853222,MERV - XMEV - GGAL - 24hs,6810.0,2025-05-09 16:24:12,74,2025-05-09 16:24:18.395,6800.0,111,6790.0,296,6780.0,104,6770.0,2256,6760.0,19534,6810.0,2367,6820.0,14865,6830.0,1476,6840.0,6708,6850.0,16015,2025-05-09 16:24:18.321,,2147483647,834299,False,nan
6413,961880,1611853316,MERV - XMEV - GGAL - 24hs,6800.0,2025-05-09 16:24:19,83,2025-05-09 16:24:19.369,6800.0,111,6790.0,296,6780.0,104,6770.0,2256,6760.0,19534,6810.0,2367,6820.0,14865,6830.0,1476,6840.0,6708,6850.0,16015,2025-05-09 16:24:19.291,,2147483647,834299,True,bid
6414,961925,1611853373,MERV - XMEV - GGAL - 24hs,6800.0,2025-05-09 16:24:19,26,2025-05-09 16:24:19.862,6790.0,296,6780.0,104,6770.0,2256,6760.0,19534,6750.0,1608,6800.0,1889,6810.0,2367,6820.0,14865,6830.0,1476,6840.0,6708,2025-05-09 16:24:19.789,,2147483647,834299,False,nan
6415,961968,1611853423,MERV - XMEV - GGAL - 24hs,6800.0,2025-05-09 16:24:19,26,2025-05-09 16:24:20.363,6790.0,296,6780.0,104,6770.0,2256,6760.0,19534,6750.0,1608,6800.0,1938,6810.0,2306,6820.0,14865,6830.0,1476,6840.0,6708,2025-05-09 16:24:20.290,,2147483647,834410,False,nan
6416,962330,1611853848,MERV - XMEV - GGAL - 24hs,6800.0,2025-05-09 16:24:19,26,2025-05-09 16:24:25.931,6790.0,296,6780.0,104,6770.0,2256,6760.0,19534,6750.0,1608,6800.0,49,6810.0,2306,6820.0,14865,6830.0,1476,6840.0,6708,2025-05-09 16:24:25.856,,2147483647,834410,False,nan
6417,962512,1611854088,MERV - XMEV - GGAL - 24hs,6800.0,2025-05-09 16:24:28,1,2025-05-09 16:24:28.741,6790.0,296,6780.0,104,6770.0,2256,6760.0,19534,6750.0,1608,6800.0,49,6810.0,2306,6820.0,14865,6830.0,1476,6840.0,6708,2025-05-09 16:24:28.669,,2147483647,834410,True,offer
6418,962576,1611854172,MERV - XMEV - GGAL - 24hs,6800.0,2025-05-09 16:24:28,1,2025-05-09 16:24:29.402,6790.0,296,6780.0,104,6770.0,2256,6760.0,19534,6750.0,1608,6800.0,48,6810.0,2306,6820.0,14865,6830.0,1476,6840.0,6708,2025-05-09 16:24:29.326,,2147483647,834410,False,nan
6419,962612,1611854219,MERV - XMEV - GGAL - 24hs,6800.0,2025-05-09 16:24:28,1,2025-05-09 16:24:29.899,6790.0,296,6780.0,104,6770.0,2256,6760.0,19534,6750.0,1608,6800.0,48,6810.0,2306,6820.0,14865,6830.0,1476,6840.0,6708,2025-05-09 16:24:29.826,,2147483647,834411,False,nan
6420,962773,1611854425,MERV - XMEV - GGAL - 24hs,6800.0,2025-05-09 16:24:28,1,2025-05-09 16:24:31.627,6790.0,296,6780.0,604,6770.0,2256,6760.0,19534,6750.0,1608,6800.0,48,6810.0,2306,6820.0,14865,6830.0,1476,6840.0,6708,2025-05-09 16:24:31.548,,2147483647,834411,False,nan
6421,962862,1611854539,MERV - XMEV - GGAL - 24hs,6800.0,2025-05-09 16:24:32,48,2025-05-09 16:24:32.460,6790.0,296,6780.0,604,6770.0,2256,6760.0,19534,6750.0,1608,6800.0,48,6810.0,2306,6820.0,14865,6830.0,1476,6840.0,6708,2025-05-09 16:24:32.388,,2147483647,834411,True,offer
6422,962915,1611854604,MERV - XMEV - GGAL - 24hs,6810.0,2025-05-09 16:24:32,445,2025-05-09 16:24:32.960,6790.0,296,6780.0,604,6770.0,2256,6760.0,19534,6750.0,1608,6800.0,48,6810.0,2306,6820.0,14865,6830.0,1476,6840.0,6708,2025-05-09 16:24:32.888,,2147483647,834411,False,nan
6423,962964,1611854670,MERV - XMEV - GGAL - 24hs,6790.0,2025-05-09 16:24:33,40,2025-05-09 16:24:33.460,6790.0,371,6780.0,604,6770.0,2256,6760.0,19527,6750.0,1608,6810.0,1862,6820.0,14865,6830.0,1476,6840.0,6708,6850.0,17641,2025-05-09 16:24:33.388,,2147483647,834922,True,bid
6424,963011,1611854729,MERV - XMEV - GGAL - 24hs,6790.0,2025-05-09 16:24:33,40,2025-05-09 16:24:34.043,6790.0,256,6780.0,604,6770.0,2256,6760.0,19527,6750.0,1615,6800.0,3000,6810.0,1861,6820.0,14865,6830.0,1476,6840.0,6709,2025-05-09 16:24:33.970,,2147483647,834922,False,nan
6425,963072,1611854807,MERV - XMEV - GGAL - 24hs,6790.0,2025-05-09 16:24:33,40,2025-05-09 16:24:34.548,6790.0,256,6780.0,604,6770.0,2256,6760.0,19527,6750.0,1615,6800.0,3000,6810.0,1861,6820.0,14865,6830.0,1476,6840.0,6709,2025-05-09 16:24:34.475,,2147483647,834962,False,nan
6426,963233,1611855000,MERV - XMEV - GGAL - 24hs,6790.0,2025-05-09 16:24:33,40,2025-05-09 16:24:36.141,6790.0,256,6780.0,604,6770.0,3256,6760.0,18527,6750.0,1615,6800.0,3000,6810.0,1861,6820.0,14865,6830.0,1476,6840.0,6709,2025-05-09 16:24:36.069,,2147483647,834962,False,nan
6427,963265,1611855037,MERV - XMEV - GGAL - 24hs,6800.0,2025-05-09 16:24:36,145,2025-05-09 16:24:36.641,6790.0,256,6780.0,604,6770.0,3256,6760.0,18527,6750.0,1615,6800.0,3000,6810.0,1861,6820.0,14865,6830.0,1476,6840.0,6709,2025-05-09 16:24:36.569,,2147483647,834962,True,offer
6428,963297,1611855075,MERV - XMEV - GGAL - 24hs,6800.0,2025-05-09 16:24:36,145,2025-05-09 16:24:37.141,6790.0,256,6780.0,604,6770.0,3256,6760.0,18527,6750.0,1615,6800.0,2855,6810.0,1861,6820.0,14865,6830.0,1476,6840.0,6709,2025-05-09 16:24:37.069,,2147483647,835107,False,nan
6429,963406,1611855212,MERV - XMEV - GGAL - 24hs,6800.0,2025-05-09 16:24:38,14,2025-05-09 16:24:38.427,6790.0,256,6780.0,604,6770.0,3256,6760.0,18527,6750.0,1615,6800.0,2855,6810.0,1861,6820.0,14865,6830.0,1476,6840.0,6709,2025-05-09 16:24:38.355,,2147483647,835107,True,offer
6430,963463,1611855283,MERV - XMEV - GGAL - 24hs,6800.0,2025-05-09 16:24:38,14,2025-05-09 16:24:39.096,6790.0,256,6780.0,604,6770.0,3256,6760.0,18527,6750.0,1615,6800.0,4147,6810.0,555,6820.0,4865,6830.0,11476,6840.0,6709,2025-05-09 16:24:39.024,,2147483647,835107,False,nan
6431,963506,1611855333,MERV - XMEV - GGAL - 24hs,6800.0,2025-05-09 16:24:38,14,2025-05-09 16:24:39.597,6790.0,256,6780.0,604,6770.0,3256,6760.0,18527,6750.0,1615,6800.0,4147,6810.0,555,6820.0,4865,6830.0,11476,6840.0,6709,2025-05-09 16:24:39.524,,2147483647,835121,False,nan
6432,963703,1611855586,MERV - XMEV - GGAL - 24hs,6800.0,2025-05-09 16:24:38,14,2025-05-09 16:24:42.197,6790.0,256,6780.0,604,6770.0,18256,6760.0,3527,6750.0,1615,6800.0,4147,6810.0,555,6820.0,4865,6830.0,11476,6840.0,6709,2025-05-09 16:24:42.124,,2147483647,835121,False,nan
6433,963839,1611855753,MERV - XMEV - GGAL - 24hs,6800.0,2025-05-09 16:24:38,14,2025-05-09 16:24:43.141,6790.0,1756,6780.0,604,6770.0,18256,6760.0,3527,6750.0,1615,6800.0,4147,6810.0,555,6820.0,2865,6830.0,13476,6840.0,6709,2025-05-09 16:24:43.064,,2147483647,835121,False,nan
6434,963921,1611855858,MERV - XMEV - GGAL - 24hs,6800.0,2025-05-09 16:24:38,14,2025-05-09 16:24:44.029,6790.0,1756,6780.0,604,6770.0,2256,6760.0,19527,6750.0,1615,6800.0,4147,6810.0,555,6820.0,4865,6830.0,11476,6840.0,6709,2025-05-09 16:24:43.956,,2147483647,835121,False,nan
6435,964026,1611855992,MERV - XMEV - GGAL - 24hs,6800.0,2025-05-09 16:24:38,14,2025-05-09 16:24:45.139,6790.0,11756,6780.0,604,6770.0,2256,6760.0,19527,6750.0,1615,6800.0,4147,6810.0,555,6820.0,4865,6830.0,11476,6840.0,6709,2025-05-09 16:24:45.067,,2147483647,835121,False,nan
6436,964058,1611856030,MERV - XMEV - GGAL - 24hs,6800.0,2025-05-09 16:24:45,2000,2025-05-09 16:24:45.640,6790.0,11756,6780.0,604,6770.0,2256,6760.0,19527,6750.0,1615,6800.0,4147,6810.0,555,6820.0,4865,6830.0,11476,6840.0,6709,2025-05-09 16:24:45.568,,2147483647,835121,True,offer
6437,964096,1611856078,MERV - XMEV - GGAL - 24hs,6800.0,2025-05-09 16:24:45,2000,2025-05-09 16:24:46.143,6790.0,11756,6780.0,104,6770.0,2256,6760.0,19527,6750.0,1615,6800.0,2147,6810.0,555,6820.0,4865,6830.0,11476,6840.0,6709,2025-05-09 16:24:46.068,,2147483647,837121,False,nan
6438,964336,1611856397,MERV - XMEV - GGAL - 24hs,6800.0,2025-05-09 16:24:45,2000,2025-05-09 16:24:48.929,6790.0,11756,6780.0,104,6770.0,2256,6760.0,19527,6750.0,1615,6800.0,1306,6810.0,555,6820.0,4865,6830.0,11476,6840.0,6709,2025-05-09 16:24:48.856,,2147483647,837121,False,nan
6439,964454,1611856571,MERV - XMEV - GGAL - 24hs,6800.0,2025-05-09 16:24:45,2000,2025-05-09 16:24:50.801,6790.0,11648,6780.0,104,6770.0,2256,6760.0,19527,6750.0,1615,6800.0,1306,6810.0,555,6820.0,2865,6830.0,13476,6840.0,6709,2025-05-09 16:24:50.729,,2147483647,837121,False,nan
6440,964530,1611856674,MERV - XMEV - GGAL - 24hs,6800.0,2025-05-09 16:24:51,226,2025-05-09 16:24:51.510,6790.0,11648,6780.0,104,6770.0,2256,6760.0,19527,6750.0,1615,6800.0,1306,6810.0,555,6820.0,2865,6830.0,13476,6840.0,6709,2025-05-09 16:24:51.437,,2147483647,837121,True,offer
6441,964561,1611856723,MERV - XMEV - GGAL - 24hs,6800.0,2025-05-09 16:24:51,549,2025-05-09 16:24:52.010,6790.0,11648,6780.0,104,6770.0,2256,6760.0,19527,6750.0,1615,6800.0,1306,6810.0,555,6820.0,2865,6830.0,13476,6840.0,6709,2025-05-09 16:24:51.937,,2147483647,837121,False,nan
6442,964586,1611856758,MERV - XMEV - GGAL - 24hs,6800.0,2025-05-09 16:24:51,549,2025-05-09 16:24:52.509,6790.0,11648,6780.0,104,6770.0,2256,6760.0,19527,6750.0,1615,6810.0,555,6820.0,2865,6830.0,13476,6840.0,6709,6850.0,17641,2025-05-09 16:24:52.437,,2147483647,838427,False,nan
6443,964618,1611856814,MERV - XMEV - GGAL - 24hs,6800.0,2025-05-09 16:24:51,549,2025-05-09 16:24:53.009,6800.0,500,6790.0,11648,6780.0,104,6770.0,2256,6760.0,19534,6810.0,555,6820.0,2865,6830.0,13476,6840.0,6708,6850.0,17642,2025-05-09 16:24:52.937,,2147483647,838427,False,nan
6444,965310,1611857721,MERV - XMEV - GGAL - 24hs,6800.0,2025-05-09 16:24:51,549,2025-05-09 16:24:59.220,6800.0,500,6790.0,11648,6780.0,212,6770.0,2256,6760.0,19534,6810.0,555,6820.0,2865,6830.0,13476,6840.0,6708,6850.0,17642,2025-05-09 16:24:59.144,,2147483647,838427,False,nan
6445,965399,1611857842,MERV - XMEV - GGAL - 24hs,6810.0,2025-05-09 16:25:00,148,2025-05-09 16:25:00.180,6800.0,500,6790.0,11648,6780.0,212,6770.0,2256,6760.0,19534,6810.0,555,6820.0,2865,6830.0,13476,6840.0,6708,6850.0,17642,2025-05-09 16:25:00.104,,2147483647,838427,True,offer
6446,965462,1611857920,MERV - XMEV - GGAL - 24hs,6810.0,2025-05-09 16:25:00,148,2025-05-09 16:25:00.841,6800.0,500,6790.0,11648,6780.0,212,6770.0,2256,6760.0,19534,6810.0,407,6820.0,2865,6830.0,13476,6840.0,6708,6850.0,17642,2025-05-09 16:25:00.769,,2147483647,838427,False,nan
6447,965519,1611857991,MERV - XMEV - GGAL - 24hs,6810.0,2025-05-09 16:25:00,148,2025-05-09 16:25:01.340,6800.0,500,6790.0,11648,6780.0,212,6770.0,2256,6760.0,19534,6810.0,407,6820.0,2865,6830.0,13476,6840.0,6708,6850.0,17642,2025-05-09 16:25:01.269,,2147483647,838575,False,nan
6448,965646,1611858194,MERV - XMEV - GGAL - 24hs,6810.0,2025-05-09 16:25:00,148,2025-05-09 16:25:02.010,6800.0,555,6790.0,11648,6780.0,212,6770.0,2256,6760.0,19534,6810.0,407,6820.0,2865,6830.0,13476,6840.0,6708,6850.0,17642,2025-05-09 16:25:01.877,,2147483647,838575,False,nan
6449,966298,1611859049,MERV - XMEV - GGAL - 24hs,6800.0,2025-05-09 16:25:06,500,2025-05-09 16:25:06.839,6800.0,555,6790.0,11648,6780.0,212,6770.0,2256,6760.0,19534,6810.0,407,6820.0,2865,6830.0,13476,6840.0,6708,6850.0,17642,2025-05-09 16:25:06.768,,2147483647,838575,True,bid
6450,966337,1611859096,MERV - XMEV - GGAL - 24hs,6800.0,2025-05-09 16:25:06,46,2025-05-09 16:25:07.339,6800.0,14,6790.0,11648,6780.0,212,6770.0,2256,6760.0,19534,6810.0,407,6820.0,2865,6830.0,13476,6840.0,6708,6850.0,17642,2025-05-09 16:25:07.268,,2147483647,838575,False,nan
6451,966365,1611859140,MERV - XMEV - GGAL - 24hs,6800.0,2025-05-09 16:25:06,46,2025-05-09 16:25:07.843,6800.0,14,6790.0,11648,6780.0,212,6770.0,2256,6760.0,19534,6810.0,407,6820.0,2865,6830.0,13476,6840.0,6708,6850.0,17642,2025-05-09 16:25:07.768,,2147483647,839121,False,nan
6452,966834,1611859732,MERV - XMEV - GGAL - 24hs,6800.0,2025-05-09 16:25:06,46,2025-05-09 16:25:13.686,6800.0,14,6790.0,11648,6780.0,2371,6770.0,2256,6760.0,19534,6810.0,407,6820.0,4865,6830.0,11476,6840.0,6708,6850.0,17642,2025-05-09 16:25:13.605,,2147483647,839121,False,nan
6453,966909,1611859845,MERV - XMEV - GGAL - 24hs,6800.0,2025-05-09 16:25:06,46,2025-05-09 16:25:14.530,6800.0,14,6790.0,11648,6780.0,2371,6770.0,2256,6760.0,19534,6810.0,407,6820.0,2865,6830.0,13476,6840.0,6708,6850.0,17642,2025-05-09 16:25:14.459,,2147483647,839121,False,nan
6454,967372,1611860426,MERV - XMEV - GGAL - 24hs,6810.0,2025-05-09 16:25:19,407,2025-05-09 16:25:20.086,6800.0,14,6790.0,11648,6780.0,2371,6770.0,2256,6760.0,19534,6810.0,407,6820.0,2865,6830.0,13476,6840.0,6708,6850.0,17642,2025-05-09 16:25:20.016,,2147483647,839121,True,offer
6455,967428,1611860504,MERV - XMEV - GGAL - 24hs,6810.0,2025-05-09 16:25:19,407,2025-05-09 16:25:20.752,6810.0,1593,6800.0,14,6790.0,11648,6780.0,2371,6770.0,2256,6820.0,2865,6830.0,13476,6840.0,6708,6850.0,17642,6860.0,5500,2025-05-09 16:25:20.682,,2147483647,839121,False,nan
6456,967506,1611860608,MERV - XMEV - GGAL - 24hs,6810.0,2025-05-09 16:25:20,183,2025-05-09 16:25:21.308,6810.0,1593,6800.0,14,6790.0,11648,6780.0,2371,6770.0,2256,6820.0,2865,6830.0,13476,6840.0,6708,6850.0,17642,6860.0,5500,2025-05-09 16:25:21.182,,2147483647,839601,True,bid
6457,967560,1611860697,MERV - XMEV - GGAL - 24hs,6810.0,2025-05-09 16:25:20,183,2025-05-09 16:25:21.755,6810.0,1337,6800.0,14,6790.0,11648,6780.0,2371,6770.0,2256,6820.0,2865,6830.0,13476,6840.0,6708,6850.0,17642,6860.0,5500,2025-05-09 16:25:21.681,,2147483647,839784,False,nan
6458,967651,1611860805,MERV - XMEV - GGAL - 24hs,6810.0,2025-05-09 16:25:20,183,2025-05-09 16:25:22.799,6810.0,1437,6800.0,14,6790.0,11648,6780.0,2371,6770.0,2256,6820.0,2865,6830.0,13476,6840.0,6708,6850.0,17642,6860.0,5500,2025-05-09 16:25:22.712,,2147483647,839784,False,nan
6459,969069,1611862649,MERV - XMEV - GGAL - 24hs,6810.0,2025-05-09 16:25:20,183,2025-05-09 16:25:34.236,6810.0,1437,6800.0,14,6790.0,11648,6780.0,2371,6770.0,2256,6820.0,2865,6830.0,13476,6840.0,8161,6850.0,17642,6860.0,5500,2025-05-09 16:25:34.160,,2147483647,839784,False,nan
6460,969098,1611862691,MERV - XMEV - GGAL - 24hs,6820.0,2025-05-09 16:25:34,811,2025-05-09 16:25:34.733,6810.0,1437,6800.0,14,6790.0,11648,6780.0,2371,6770.0,2256,6820.0,2865,6830.0,13476,6840.0,8161,6850.0,17642,6860.0,5500,2025-05-09 16:25:34.660,,2147483647,839784,True,offer
6461,969141,1611862743,MERV - XMEV - GGAL - 24hs,6820.0,2025-05-09 16:25:34,811,2025-05-09 16:25:35.229,6810.0,1437,6800.0,14,6790.0,11648,6780.0,2371,6770.0,2256,6820.0,2045,6830.0,13476,6840.0,8161,6850.0,17642,6860.0,5500,2025-05-09 16:25:35.160,,2147483647,840604,False,nan
6462,969786,1611863593,MERV - XMEV - GGAL - 24hs,6810.0,2025-05-09 16:25:42,159,2025-05-09 16:25:42.695,6810.0,1437,6800.0,14,6790.0,11648,6780.0,2371,6770.0,2256,6820.0,2045,6830.0,13476,6840.0,8161,6850.0,17642,6860.0,5500,2025-05-09 16:25:42.621,,2147483647,840604,True,bid
6463,969870,1611863730,MERV - XMEV - GGAL - 24hs,6810.0,2025-05-09 16:25:42,159,2025-05-09 16:25:43.347,6810.0,1278,6800.0,14,6790.0,11648,6780.0,2371,6770.0,2256,6820.0,2045,6830.0,13476,6840.0,8161,6850.0,17642,6860.0,5500,2025-05-09 16:25:43.278,,2147483647,840604,False,nan
6464,969901,1611863776,MERV - XMEV - GGAL - 24hs,6810.0,2025-05-09 16:25:42,159,2025-05-09 16:25:43.848,6810.0,1278,6800.0,14,6790.0,11648,6780.0,2371,6770.0,2256,6820.0,2045,6830.0,13476,6840.0,8161,6850.0,17642,6860.0,5500,2025-05-09 16:25:43.779,,2147483647,840763,False,nan
6465,970018,1611863921,MERV - XMEV - GGAL - 24hs,6810.0,2025-05-09 16:25:42,159,2025-05-09 16:25:45.649,6810.0,1278,6800.0,14,6790.0,11648,6780.0,2371,6770.0,2256,6820.0,2045,6830.0,13476,6840.0,9161,6850.0,17642,6860.0,5500,2025-05-09 16:25:45.579,,2147483647,840763,False,nan
6466,970614,1611864657,MERV - XMEV - GGAL - 24hs,6810.0,2025-05-09 16:25:42,159,2025-05-09 16:25:51.854,6810.0,1278,6800.0,37,6790.0,11648,6780.0,2371,6770.0,2256,6820.0,2045,6830.0,13476,6840.0,9161,6850.0,17642,6860.0,5500,2025-05-09 16:25:51.781,,2147483647,840763,False,nan
6467,970774,1611864854,MERV - XMEV - GGAL - 24hs,6820.0,2025-05-09 16:25:53,10,2025-05-09 16:25:53.236,6810.0,1278,6800.0,37,6790.0,11648,6780.0,2371,6770.0,2256,6820.0,2045,6830.0,13476,6840.0,9161,6850.0,17642,6860.0,5500,2025-05-09 16:25:53.167,,2147483647,840763,True,offer
6468,970832,1611864925,MERV - XMEV - GGAL - 24hs,6820.0,2025-05-09 16:25:53,10,2025-05-09 16:25:53.910,6810.0,1278,6800.0,137,6790.0,11648,6780.0,2371,6770.0,2256,6820.0,2035,6830.0,13476,6840.0,9161,6850.0,17642,6860.0,5500,2025-05-09 16:25:53.831,,2147483647,840763,False,nan
6469,970894,1611864996,MERV - XMEV - GGAL - 24hs,6820.0,2025-05-09 16:25:53,10,2025-05-09 16:25:54.400,6810.0,1278,6800.0,137,6790.0,11648,6780.0,2371,6770.0,2256,6820.0,2035,6830.0,13476,6840.0,9161,6850.0,17642,6860.0,5500,2025-05-09 16:25:54.331,,2147483647,840773,False,nan
6470,970991,1611865116,MERV - XMEV - GGAL - 24hs,6820.0,2025-05-09 16:25:54,21,2025-05-09 16:25:54.906,6810.0,1278,6800.0,137,6790.0,11648,6780.0,2371,6770.0,2256,6820.0,2035,6830.0,13476,6840.0,9161,6850.0,17642,6860.0,5500,2025-05-09 16:25:54.836,,2147483647,840773,True,offer
6471,971041,1611865173,MERV - XMEV - GGAL - 24hs,6820.0,2025-05-09 16:25:54,21,2025-05-09 16:25:55.400,6810.0,1278,6800.0,137,6790.0,11648,6780.0,2371,6770.0,2256,6820.0,2014,6830.0,13476,6840.0,9161,6850.0,17642,6860.0,5500,2025-05-09 16:25:55.331,,2147483647,840794,False,nan
6472,971235,1611865414,MERV - XMEV - GGAL - 24hs,6820.0,2025-05-09 16:25:56,1,2025-05-09 16:25:57.009,6810.0,1278,6800.0,137,6790.0,11648,6780.0,2371,6770.0,2256,6820.0,2014,6830.0,13476,6840.0,9161,6850.0,17642,6860.0,5500,2025-05-09 16:25:56.939,,2147483647,840794,True,offer
6473,971295,1611865488,MERV - XMEV - GGAL - 24hs,6820.0,2025-05-09 16:25:56,1,2025-05-09 16:25:57.507,6810.0,1278,6800.0,137,6790.0,1648,6780.0,2371,6770.0,2256,6820.0,2013,6830.0,13476,6840.0,9161,6850.0,17642,6860.0,5500,2025-05-09 16:25:57.438,,2147483647,840794,False,nan
6474,971340,1611865544,MERV - XMEV - GGAL - 24hs,6820.0,2025-05-09 16:25:56,1,2025-05-09 16:25:58.012,6810.0,1278,6800.0,137,6790.0,1648,6780.0,2371,6770.0,2256,6820.0,2013,6830.0,13476,6840.0,9161,6850.0,17642,6860.0,5500,2025-05-09 16:25:57.941,,2147483647,840795,False,nan
6475,971771,1611866086,MERV - XMEV - GGAL - 24hs,6820.0,2025-05-09 16:25:56,1,2025-05-09 16:26:02.842,6810.0,1278,6800.0,137,6790.0,1648,6780.0,2371,6770.0,2256,6820.0,2513,6830.0,13476,6840.0,9161,6850.0,17642,6860.0,5500,2025-05-09 16:26:02.774,,2147483647,840795,False,nan
6476,972208,1611866650,MERV - XMEV - GGAL - 24hs,6810.0,2025-05-09 16:26:06,152,2025-05-09 16:26:06.888,6810.0,1278,6800.0,137,6790.0,1648,6780.0,2371,6770.0,2256,6820.0,2513,6830.0,13476,6840.0,9161,6850.0,17642,6860.0,5500,2025-05-09 16:26:06.820,,2147483647,840795,True,bid
6477,972264,1611866738,MERV - XMEV - GGAL - 24hs,6810.0,2025-05-09 16:26:06,152,2025-05-09 16:26:07.551,6810.0,1126,6800.0,137,6790.0,1648,6780.0,2371,6770.0,2256,6820.0,2513,6830.0,13476,6840.0,9161,6850.0,17642,6860.0,5500,2025-05-09 16:26:07.484,,2147483647,840795,False,nan
6478,972293,1611866779,MERV - XMEV - GGAL - 24hs,6810.0,2025-05-09 16:26:06,152,2025-05-09 16:26:08.052,6810.0,1126,6800.0,137,6790.0,1648,6780.0,2371,6770.0,2256,6820.0,2513,6830.0,13476,6840.0,9161,6850.0,17642,6860.0,5500,2025-05-09 16:26:07.984,,2147483647,840947,False,nan
6479,972480,1611867052,MERV - XMEV - GGAL - 24hs,6810.0,2025-05-09 16:26:06,152,2025-05-09 16:26:10.791,6810.0,1226,6800.0,137,6790.0,1648,6780.0,2371,6770.0,2256,6820.0,2513,6830.0,13476,6840.0,9161,6850.0,17642,6860.0,5500,2025-05-09 16:26:10.706,,2147483647,840947,False,nan
6480,973181,1611868056,MERV - XMEV - GGAL - 24hs,6810.0,2025-05-09 16:26:06,152,2025-05-09 16:26:17.461,6810.0,1226,6800.0,142,6790.0,1648,6780.0,2371,6770.0,2256,6820.0,2513,6830.0,13476,6840.0,9161,6850.0,17642,6860.0,5500,2025-05-09 16:26:17.395,,2147483647,840947,False,nan
6481,973603,1611868587,MERV - XMEV - GGAL - 24hs,6810.0,2025-05-09 16:26:22,79,2025-05-09 16:26:22.858,6810.0,1226,6800.0,142,6790.0,1648,6780.0,2371,6770.0,2256,6820.0,2513,6830.0,13476,6840.0,9161,6850.0,17642,6860.0,5500,2025-05-09 16:26:22.769,,2147483647,840947,True,bid
6482,973672,1611868666,MERV - XMEV - GGAL - 24hs,6810.0,2025-05-09 16:26:22,79,2025-05-09 16:26:23.490,6810.0,1147,6800.0,142,6790.0,1648,6780.0,2371,6770.0,2256,6820.0,2513,6830.0,13476,6840.0,9161,6850.0,17642,6860.0,5500,2025-05-09 16:26:23.418,,2147483647,840947,False,nan
6483,973714,1611868723,MERV - XMEV - GGAL - 24hs,6810.0,2025-05-09 16:26:23,79,2025-05-09 16:26:23.995,6810.0,1147,6800.0,142,6790.0,1648,6780.0,2371,6770.0,2256,6820.0,2513,6830.0,13476,6840.0,9161,6850.0,17642,6860.0,5500,2025-05-09 16:26:23.922,,2147483647,841026,True,bid
6484,973752,1611868770,MERV - XMEV - GGAL - 24hs,6810.0,2025-05-09 16:26:24,79,2025-05-09 16:26:24.483,6810.0,1068,6800.0,142,6790.0,1648,6780.0,2371,6770.0,2246,6820.0,2513,6830.0,13476,6840.0,9161,6850.0,17642,6860.0,5500,2025-05-09 16:26:24.418,,2147483647,841105,True,bid
6485,973788,1611868836,MERV - XMEV - GGAL - 24hs,6810.0,2025-05-09 16:26:24,40,2025-05-09 16:26:25.392,6810.0,989,6800.0,142,6790.0,1648,6780.0,2371,6770.0,2246,6820.0,2513,6830.0,13476,6840.0,9161,6850.0,17642,6860.0,5500,2025-05-09 16:26:25.299,,2147483647,841184,False,nan
6486,973864,1611868930,MERV - XMEV - GGAL - 24hs,6810.0,2025-05-09 16:26:24,40,2025-05-09 16:26:25.672,6810.0,949,6800.0,142,6790.0,1648,6780.0,2371,6770.0,2246,6820.0,2513,6830.0,13476,6840.0,9161,6850.0,17642,6860.0,5500,2025-05-09 16:26:25.459,,2147483647,841184,False,nan
6487,973931,1611869071,MERV - XMEV - GGAL - 24hs,6810.0,2025-05-09 16:26:24,40,2025-05-09 16:26:26.155,6810.0,949,6800.0,142,6790.0,1648,6780.0,2371,6770.0,2246,6820.0,2513,6830.0,13476,6840.0,9161,6850.0,17642,6860.0,5500,2025-05-09 16:26:25.960,,2147483647,841224,False,nan
6488,974288,1611869560,MERV - XMEV - GGAL - 24hs,6810.0,2025-05-09 16:26:29,170,2025-05-09 16:26:29.876,6810.0,949,6800.0,142,6790.0,1648,6780.0,2371,6770.0,2246,6820.0,2513,6830.0,13476,6840.0,9161,6850.0,17642,6860.0,5500,2025-05-09 16:26:29.811,,2147483647,841224,True,bid
6489,974336,1611869630,MERV - XMEV - GGAL - 24hs,6810.0,2025-05-09 16:26:29,170,2025-05-09 16:26:30.541,6810.0,779,6800.0,142,6790.0,1648,6780.0,2371,6770.0,2246,6820.0,2513,6830.0,13476,6840.0,9161,6850.0,17642,6860.0,5500,2025-05-09 16:26:30.476,,2147483647,841224,False,nan
6490,974370,1611869673,MERV - XMEV - GGAL - 24hs,6810.0,2025-05-09 16:26:29,170,2025-05-09 16:26:31.041,6810.0,779,6800.0,142,6790.0,1648,6780.0,2371,6770.0,2246,6820.0,2513,6830.0,13476,6840.0,9161,6850.0,17642,6860.0,5500,2025-05-09 16:26:30.976,,2147483647,841394,False,nan
6491,974423,1611869740,MERV - XMEV - GGAL - 24hs,6810.0,2025-05-09 16:26:31,5,2025-05-09 16:26:31.867,6810.0,779,6800.0,142,6790.0,1648,6780.0,2371,6770.0,2246,6820.0,2513,6830.0,13476,6840.0,9161,6850.0,17642,6860.0,5500,2025-05-09 16:26:31.801,,2147483647,841394,True,bid
6492,974462,1611869791,MERV - XMEV - GGAL - 24hs,6810.0,2025-05-09 16:26:31,5,2025-05-09 16:26:32.528,6810.0,774,6800.0,142,6790.0,1648,6780.0,2371,6770.0,2246,6820.0,2513,6830.0,13476,6840.0,9161,6850.0,17642,6860.0,5500,2025-05-09 16:26:32.463,,2147483647,841394,False,nan
6493,974529,1611869871,MERV - XMEV - GGAL - 24hs,6810.0,2025-05-09 16:26:32,276,2025-05-09 16:26:33.029,6810.0,774,6800.0,142,6790.0,1648,6780.0,2371,6770.0,2246,6820.0,2513,6830.0,13476,6840.0,9161,6850.0,17642,6860.0,5500,2025-05-09 16:26:32.963,,2147483647,841399,True,bid
6494,974574,1611869928,MERV - XMEV - GGAL - 24hs,6810.0,2025-05-09 16:26:32,276,2025-05-09 16:26:33.668,6810.0,555,6800.0,142,6790.0,1648,6780.0,2371,6770.0,2246,6820.0,2513,6830.0,13476,6840.0,9161,6850.0,17642,6860.0,5500,2025-05-09 16:26:33.595,,2147483647,841399,False,nan
6495,974651,1611870028,MERV - XMEV - GGAL - 24hs,6810.0,2025-05-09 16:26:32,276,2025-05-09 16:26:34.161,6810.0,555,6800.0,142,6790.0,1648,6780.0,2371,6770.0,2246,6820.0,2513,6830.0,13476,6840.0,9161,6850.0,17642,6860.0,5500,2025-05-09 16:26:34.095,,2147483647,841675,False,nan
6496,975306,1611870834,MERV - XMEV - GGAL - 24hs,6810.0,2025-05-09 16:26:32,276,2025-05-09 16:26:38.340,6810.0,555,6800.0,142,6790.0,1629,6780.0,2371,6770.0,2246,6820.0,2513,6830.0,13476,6840.0,9161,6850.0,17642,6860.0,5500,2025-05-09 16:26:38.275,,2147483647,841675,False,nan
6497,975644,1611871282,MERV - XMEV - GGAL - 24hs,6810.0,2025-05-09 16:26:32,276,2025-05-09 16:26:42.606,6810.0,555,6800.0,142,6790.0,1629,6780.0,2371,6770.0,2246,6820.0,2613,6830.0,13476,6840.0,9161,6850.0,17642,6860.0,5500,2025-05-09 16:26:42.535,,2147483647,841675,False,nan
6498,975802,1611871492,MERV - XMEV - GGAL - 24hs,6810.0,2025-05-09 16:26:32,276,2025-05-09 16:26:44.367,6810.0,555,6800.0,142,6790.0,1629,6780.0,2371,6770.0,3246,6820.0,2613,6830.0,13476,6840.0,9161,6850.0,17642,6860.0,5500,2025-05-09 16:26:44.291,,2147483647,841675,False,nan
6499,976692,1611872641,MERV - XMEV - GGAL - 24hs,6810.0,2025-05-09 16:26:32,276,2025-05-09 16:26:51.327,6810.0,555,6800.0,142,6790.0,1629,6780.0,18371,6770.0,2246,6820.0,2613,6830.0,3476,6840.0,19161,6850.0,17642,6860.0,5500,2025-05-09 16:26:51.259,,2147483647,841675,False,nan
6500,976793,1611872780,MERV - XMEV - GGAL - 24hs,6810.0,2025-05-09 16:26:51,85,2025-05-09 16:26:52.070,6810.0,555,6800.0,142,6790.0,1629,6780.0,18371,6770.0,2246,6820.0,2613,6830.0,3476,6840.0,19161,6850.0,17642,6860.0,5500,2025-05-09 16:26:52.006,,2147483647,841675,True,bid
6501,976839,1611872851,MERV - XMEV - GGAL - 24hs,6810.0,2025-05-09 16:26:51,85,2025-05-09 16:26:52.570,6810.0,470,6800.0,142,6790.0,1629,6780.0,18371,6770.0,2246,6820.0,2613,6830.0,3476,6840.0,19161,6850.0,17642,6860.0,5500,2025-05-09 16:26:52.505,,2147483647,841675,False,nan
6502,976896,1611872920,MERV - XMEV - GGAL - 24hs,6810.0,2025-05-09 16:26:51,85,2025-05-09 16:26:53.072,6810.0,470,6800.0,152,6790.0,1629,6780.0,18371,6770.0,2246,6820.0,2613,6830.0,3476,6840.0,19161,6850.0,17642,6860.0,5500,2025-05-09 16:26:53.006,,2147483647,841760,False,nan
6503,976997,1611873043,MERV - XMEV - GGAL - 24hs,6810.0,2025-05-09 16:26:51,85,2025-05-09 16:26:54.497,6810.0,470,6800.0,152,6790.0,1629,6780.0,18371,6770.0,2246,6820.0,2613,6830.0,3476,6840.0,19161,6850.0,17642,6860.0,5521,2025-05-09 16:26:54.432,,2147483647,841760,False,nan
6504,977105,1611873199,MERV - XMEV - GGAL - 24hs,6820.0,2025-05-09 16:26:55,29,2025-05-09 16:26:55.269,6810.0,470,6800.0,152,6790.0,1629,6780.0,18371,6770.0,2246,6820.0,2613,6830.0,3476,6840.0,19161,6850.0,17642,6860.0,5521,2025-05-09 16:26:55.204,,2147483647,841760,True,offer
6505,977171,1611873287,MERV - XMEV - GGAL - 24hs,6820.0,2025-05-09 16:26:55,29,2025-05-09 16:26:55.769,6810.0,470,6800.0,152,6790.0,1629,6780.0,18371,6770.0,2246,6820.0,2584,6830.0,3476,6840.0,19161,6850.0,17642,6860.0,5521,2025-05-09 16:26:55.703,,2147483647,841760,False,nan
6506,977225,1611873353,MERV - XMEV - GGAL - 24hs,6820.0,2025-05-09 16:26:55,6,2025-05-09 16:26:56.271,6810.0,470,6800.0,152,6790.0,1629,6780.0,18371,6770.0,2246,6820.0,2584,6830.0,3476,6840.0,19161,6850.0,17642,6860.0,5521,2025-05-09 16:26:56.204,,2147483647,841795,False,nan
6507,977279,1611873428,MERV - XMEV - GGAL - 24hs,6820.0,2025-05-09 16:26:55,6,2025-05-09 16:26:56.769,6810.0,470,6800.0,152,6790.0,1629,6780.0,18371,6770.0,2246,6820.0,2578,6830.0,3476,6840.0,19161,6850.0,17642,6860.0,5521,2025-05-09 16:26:56.703,,2147483647,841795,False,nan
6508,977400,1611873578,MERV - XMEV - GGAL - 24hs,6820.0,2025-05-09 16:26:55,6,2025-05-09 16:26:58.393,6810.0,470,6800.0,152,6790.0,1629,6780.0,18371,6770.0,2246,6820.0,2078,6830.0,3476,6840.0,19161,6850.0,17642,6860.0,5521,2025-05-09 16:26:58.327,,2147483647,841795,False,nan
6509,977604,1611873853,MERV - XMEV - GGAL - 24hs,6820.0,2025-05-09 16:26:55,6,2025-05-09 16:27:00.164,6810.0,470,6800.0,152,6790.0,1629,6780.0,18263,6770.0,2246,6820.0,2078,6830.0,3476,6840.0,19161,6850.0,17642,6860.0,5521,2025-05-09 16:27:00.051,,2147483647,841795,False,nan
6510,978638,1611875238,MERV - XMEV - GGAL - 24hs,6820.0,2025-05-09 16:27:09,7,2025-05-09 16:27:09.297,6810.0,470,6800.0,152,6790.0,1629,6780.0,18263,6770.0,2246,6820.0,2078,6830.0,3476,6840.0,19161,6850.0,17642,6860.0,5521,2025-05-09 16:27:09.234,,2147483647,841795,True,offer
6511,978703,1611875324,MERV - XMEV - GGAL - 24hs,6820.0,2025-05-09 16:27:09,7,2025-05-09 16:27:09.980,6810.0,470,6800.0,152,6790.0,1629,6780.0,18263,6770.0,2246,6820.0,2071,6830.0,3476,6840.0,19161,6850.0,17642,6860.0,5521,2025-05-09 16:27:09.899,,2147483647,841795,False,nan
6512,978760,1611875398,MERV - XMEV - GGAL - 24hs,6820.0,2025-05-09 16:27:09,7,2025-05-09 16:27:10.463,6810.0,470,6800.0,152,6790.0,1629,6780.0,18263,6770.0,2246,6820.0,2071,6830.0,3476,6840.0,19161,6850.0,17642,6860.0,5521,2025-05-09 16:27:10.400,,2147483647,841802,False,nan
6513,979018,1611875727,MERV - XMEV - GGAL - 24hs,6820.0,2025-05-09 16:27:13,73,2025-05-09 16:27:13.760,6810.0,470,6800.0,152,6790.0,1629,6780.0,18263,6770.0,2246,6820.0,2071,6830.0,3476,6840.0,19161,6850.0,17642,6860.0,5521,2025-05-09 16:27:13.675,,2147483647,841802,True,offer
6514,979098,1611875821,MERV - XMEV - GGAL - 24hs,6820.0,2025-05-09 16:27:13,73,2025-05-09 16:27:14.243,6810.0,470,6800.0,152,6790.0,1629,6780.0,18263,6770.0,2246,6820.0,1998,6830.0,3476,6840.0,19161,6850.0,17642,6860.0,5521,2025-05-09 16:27:14.177,,2147483647,841802,False,nan
6515,979169,1611875914,MERV - XMEV - GGAL - 24hs,6820.0,2025-05-09 16:27:13,73,2025-05-09 16:27:14.746,6810.0,470,6800.0,152,6790.0,1629,6780.0,18263,6770.0,2246,6820.0,1998,6830.0,3476,6840.0,19161,6850.0,17642,6860.0,5521,2025-05-09 16:27:14.674,,2147483647,841875,False,nan
6516,979532,1611876358,MERV - XMEV - GGAL - 24hs,6820.0,2025-05-09 16:27:13,73,2025-05-09 16:27:17.473,6810.0,470,6800.0,152,6790.0,1737,6780.0,18263,6770.0,2246,6820.0,1998,6830.0,3476,6840.0,19161,6850.0,17642,6860.0,5521,2025-05-09 16:27:17.401,,2147483647,841875,False,nan
6517,980110,1611877124,MERV - XMEV - GGAL - 24hs,6820.0,2025-05-09 16:27:13,73,2025-05-09 16:27:22.602,6810.0,470,6800.0,152,6790.0,1737,6780.0,18263,6770.0,2246,6820.0,1998,6830.0,5476,6840.0,19161,6850.0,18142,6860.0,5021,2025-05-09 16:27:22.540,,2147483647,841875,False,nan
6518,980522,1611877690,MERV - XMEV - GGAL - 24hs,6820.0,2025-05-09 16:27:13,73,2025-05-09 16:27:27.951,6810.0,470,6800.0,152,6790.0,1737,6780.0,18263,6770.0,2246,6820.0,1998,6830.0,6476,6840.0,19161,6850.0,18142,6860.0,5021,2025-05-09 16:27:27.877,,2147483647,841875,False,nan
6519,980800,1611878039,MERV - XMEV - GGAL - 24hs,6820.0,2025-05-09 16:27:29,161,2025-05-09 16:27:30.064,6810.0,470,6800.0,152,6790.0,1737,6780.0,18263,6770.0,2246,6820.0,1998,6830.0,6476,6840.0,19161,6850.0,18142,6860.0,5021,2025-05-09 16:27:29.924,,2147483647,841875,True,offer
6520,980852,1611878105,MERV - XMEV - GGAL - 24hs,6820.0,2025-05-09 16:27:29,161,2025-05-09 16:27:30.495,6810.0,470,6800.0,152,6790.0,1737,6780.0,18263,6770.0,2246,6820.0,1837,6830.0,6476,6840.0,19161,6850.0,18142,6860.0,5021,2025-05-09 16:27:30.419,,2147483647,841875,False,nan
6521,980892,1611878159,MERV - XMEV - GGAL - 24hs,6820.0,2025-05-09 16:27:29,161,2025-05-09 16:27:30.987,6810.0,470,6800.0,152,6790.0,1737,6780.0,18263,6770.0,2246,6820.0,1837,6830.0,6476,6840.0,19161,6850.0,18142,6860.0,5021,2025-05-09 16:27:30.920,,2147483647,842036,False,nan
6522,981084,1611878435,MERV - XMEV - GGAL - 24hs,6820.0,2025-05-09 16:27:29,161,2025-05-09 16:27:33.637,6810.0,470,6800.0,155,6790.0,1737,6780.0,18263,6770.0,2246,6820.0,1837,6830.0,6876,6840.0,19161,6850.0,18142,6860.0,5021,2025-05-09 16:27:33.574,,2147483647,842036,False,nan
6523,981180,1611878542,MERV - XMEV - GGAL - 24hs,6820.0,2025-05-09 16:27:29,161,2025-05-09 16:27:34.761,6810.0,370,6800.0,155,6790.0,1737,6780.0,18263,6770.0,2246,6820.0,1837,6830.0,6876,6840.0,20161,6850.0,18142,6860.0,5021,2025-05-09 16:27:34.698,,2147483647,842036,False,nan
6524,981622,1611879132,MERV - XMEV - GGAL - 24hs,6820.0,2025-05-09 16:27:29,161,2025-05-09 16:27:39.922,6810.0,370,6800.0,205,6790.0,1737,6780.0,18263,6770.0,2246,6820.0,1837,6830.0,6876,6840.0,20161,6850.0,18142,6860.0,5021,2025-05-09 16:27:39.860,,2147483647,842036,False,nan
6525,982030,1611879672,MERV - XMEV - GGAL - 24hs,6820.0,2025-05-09 16:27:29,161,2025-05-09 16:27:44.338,6810.0,370,6800.0,205,6790.0,1737,6780.0,18263,6770.0,2246,6820.0,1837,6830.0,6876,6840.0,20161,6850.0,19142,6860.0,5021,2025-05-09 16:27:44.277,,2147483647,842036,False,nan
6526,982151,1611879818,MERV - XMEV - GGAL - 24hs,6820.0,2025-05-09 16:27:29,161,2025-05-09 16:27:45.511,6810.0,10370,6800.0,205,6790.0,1737,6780.0,18263,6770.0,2246,6820.0,1837,6830.0,6876,6840.0,20161,6850.0,19142,6860.0,5021,2025-05-09 16:27:45.442,,2147483647,842036,False,nan
6527,982290,1611879989,MERV - XMEV - GGAL - 24hs,6820.0,2025-05-09 16:27:29,161,2025-05-09 16:27:46.423,6810.0,10370,6800.0,205,6790.0,1737,6780.0,18263,6770.0,2246,6820.0,1837,6830.0,4876,6840.0,22161,6850.0,19142,6860.0,5021,2025-05-09 16:27:46.349,,2147483647,842036,False,nan
6528,982543,1611880285,MERV - XMEV - GGAL - 24hs,6820.0,2025-05-09 16:27:47,1,2025-05-09 16:27:47.971,6810.0,10370,6800.0,205,6790.0,1737,6780.0,18263,6770.0,2246,6820.0,1837,6830.0,4876,6840.0,22161,6850.0,19142,6860.0,5021,2025-05-09 16:27:47.909,,2147483647,842036,True,offer
6529,982586,1611880345,MERV - XMEV - GGAL - 24hs,6820.0,2025-05-09 16:27:47,1,2025-05-09 16:27:48.633,6810.0,10370,6800.0,205,6790.0,1737,6780.0,18263,6770.0,2246,6820.0,1836,6830.0,4876,6840.0,22161,6850.0,19142,6860.0,5021,2025-05-09 16:27:48.572,,2147483647,842036,False,nan
6530,982630,1611880401,MERV - XMEV - GGAL - 24hs,6820.0,2025-05-09 16:27:47,1,2025-05-09 16:27:49.134,6810.0,10370,6800.0,205,6790.0,1737,6780.0,18263,6770.0,2246,6820.0,1836,6830.0,4876,6840.0,22161,6850.0,19142,6860.0,5021,2025-05-09 16:27:49.072,,2147483647,842037,False,nan
6531,982866,1611880691,MERV - XMEV - GGAL - 24hs,6820.0,2025-05-09 16:27:47,1,2025-05-09 16:27:51.464,6810.0,10370,6800.0,205,6790.0,1737,6780.0,18263,6770.0,2246,6820.0,1836,6830.0,6376,6840.0,20761,6850.0,19142,6860.0,5021,2025-05-09 16:27:51.375,,2147483647,842037,False,nan
6532,983094,1611880989,MERV - XMEV - GGAL - 24hs,6820.0,2025-05-09 16:27:47,1,2025-05-09 16:27:53.416,6810.0,10370,6800.0,105,6790.0,1737,6780.0,18263,6770.0,2246,6820.0,1836,6830.0,6376,6840.0,20761,6850.0,19142,6860.0,5021,2025-05-09 16:27:53.355,,2147483647,842037,False,nan
6533,983365,1611881354,MERV - XMEV - GGAL - 24hs,6810.0,2025-05-09 16:27:57,10,2025-05-09 16:27:57.333,6810.0,10370,6800.0,105,6790.0,1737,6780.0,18263,6770.0,2246,6820.0,1836,6830.0,6376,6840.0,20761,6850.0,19142,6860.0,5021,2025-05-09 16:27:57.270,,2147483647,842037,True,bid
6534,983415,1611881420,MERV - XMEV - GGAL - 24hs,6810.0,2025-05-09 16:27:57,10,2025-05-09 16:27:57.996,6810.0,10360,6800.0,105,6790.0,1737,6780.0,18263,6770.0,2246,6820.0,1836,6830.0,6376,6840.0,20761,6850.0,19142,6860.0,5021,2025-05-09 16:27:57.934,,2147483647,842037,False,nan
6535,983453,1611881468,MERV - XMEV - GGAL - 24hs,6810.0,2025-05-09 16:27:57,10,2025-05-09 16:27:58.497,6810.0,10360,6800.0,105,6790.0,1737,6780.0,18263,6770.0,2246,6820.0,1836,6830.0,6376,6840.0,20761,6850.0,19142,6860.0,5021,2025-05-09 16:27:58.434,,2147483647,842047,False,nan
6536,983490,1611881513,MERV - XMEV - GGAL - 24hs,6820.0,2025-05-09 16:27:58,2,2025-05-09 16:27:58.995,6810.0,10360,6800.0,105,6790.0,1737,6780.0,18263,6770.0,2346,6820.0,1534,6830.0,6376,6840.0,20761,6850.0,19142,6860.0,5021,2025-05-09 16:27:58.934,,2147483647,842347,True,offer
6537,983574,1611881610,MERV - XMEV - GGAL - 24hs,6820.0,2025-05-09 16:27:58,2,2025-05-09 16:27:59.548,6810.0,10360,6800.0,105,6790.0,1737,6780.0,18263,6770.0,2346,6820.0,1534,6830.0,6376,6840.0,20761,6850.0,19142,6860.0,5021,2025-05-09 16:27:59.436,,2147483647,842349,False,nan
6538,984490,1611882861,MERV - XMEV - GGAL - 24hs,6820.0,2025-05-09 16:27:58,2,2025-05-09 16:28:10.020,6810.0,10360,6800.0,82,6790.0,1737,6780.0,18263,6770.0,2346,6820.0,1534,6830.0,6376,6840.0,20761,6850.0,19142,6860.0,5021,2025-05-09 16:28:09.960,,2147483647,842349,False,nan
6539,985048,1611883584,MERV - XMEV - GGAL - 24hs,6820.0,2025-05-09 16:28:15,78,2025-05-09 16:28:15.924,6810.0,10360,6800.0,82,6790.0,1737,6780.0,18263,6770.0,2346,6820.0,1534,6830.0,6376,6840.0,20761,6850.0,19142,6860.0,5021,2025-05-09 16:28:15.864,,2147483647,842349,True,offer
6540,985097,1611883642,MERV - XMEV - GGAL - 24hs,6820.0,2025-05-09 16:28:15,86,2025-05-09 16:28:16.425,6810.0,10360,6800.0,82,6790.0,1737,6780.0,18263,6770.0,2346,6820.0,1534,6830.0,6376,6840.0,20761,6850.0,19142,6860.0,5021,2025-05-09 16:28:16.364,,2147483647,842349,False,nan
6541,985141,1611883714,MERV - XMEV - GGAL - 24hs,6820.0,2025-05-09 16:28:15,86,2025-05-09 16:28:16.928,6810.0,10360,6800.0,82,6790.0,1737,6780.0,18263,6770.0,2346,6820.0,1514,6830.0,6376,6840.0,20761,6850.0,19142,6860.0,5021,2025-05-09 16:28:16.865,,2147483647,843869,False,nan
6542,985350,1611884009,MERV - XMEV - GGAL - 24hs,6820.0,2025-05-09 16:28:15,86,2025-05-09 16:28:19.824,6810.0,10505,6800.0,82,6790.0,1737,6780.0,18263,6770.0,2346,6820.0,1514,6830.0,6376,6840.0,20761,6850.0,19142,6860.0,5021,2025-05-09 16:28:19.764,,2147483647,843869,False,nan
6543,985675,1611884470,MERV - XMEV - GGAL - 24hs,6820.0,2025-05-09 16:28:15,86,2025-05-09 16:28:23.303,6810.0,10505,6800.0,82,6790.0,1737,6780.0,18263,6770.0,2346,6820.0,1514,6830.0,6276,6840.0,20761,6850.0,19142,6860.0,5021,2025-05-09 16:28:23.232,,2147483647,843869,False,nan
6544,986052,1611884962,MERV - XMEV - GGAL - 24hs,6820.0,2025-05-09 16:28:26,14,2025-05-09 16:28:26.443,6810.0,10505,6800.0,82,6790.0,1737,6780.0,18263,6770.0,2346,6820.0,1514,6830.0,6276,6840.0,20761,6850.0,19142,6860.0,5021,2025-05-09 16:28:26.384,,2147483647,843869,True,offer
6545,986102,1611885034,MERV - XMEV - GGAL - 24hs,6820.0,2025-05-09 16:28:26,86,2025-05-09 16:28:26.945,6810.0,10505,6800.0,82,6790.0,1737,6780.0,18263,6770.0,2346,6820.0,1514,6830.0,6276,6840.0,20761,6850.0,19142,6860.0,5021,2025-05-09 16:28:26.884,,2147483647,843869,False,nan
6546,986144,1611885091,MERV - XMEV - GGAL - 24hs,6820.0,2025-05-09 16:28:26,86,2025-05-09 16:28:27.444,6810.0,10505,6800.0,82,6790.0,1737,6780.0,18263,6770.0,2346,6820.0,1414,6830.0,6276,6840.0,20761,6850.0,19142,6860.0,5021,2025-05-09 16:28:27.384,,2147483647,843969,False,nan
6547,986298,1611885287,MERV - XMEV - GGAL - 24hs,6820.0,2025-05-09 16:28:26,86,2025-05-09 16:28:29.558,6810.0,10505,6800.0,82,6790.0,1737,6780.0,18263,6770.0,2346,6820.0,2414,6830.0,6276,6840.0,20761,6850.0,19149,6860.0,5021,2025-05-09 16:28:29.497,,2147483647,843969,False,nan
6548,986437,1611885463,MERV - XMEV - GGAL - 24hs,6820.0,2025-05-09 16:28:26,86,2025-05-09 16:28:31.486,6810.0,10505,6800.0,82,6790.0,1737,6780.0,18263,6770.0,2346,6820.0,2414,6830.0,7776,6840.0,19261,6850.0,19149,6860.0,5021,2025-05-09 16:28:31.426,,2147483647,843969,False,nan
6549,986501,1611885544,MERV - XMEV - GGAL - 24hs,6820.0,2025-05-09 16:28:26,86,2025-05-09 16:28:32.291,6810.0,10505,6800.0,82,6790.0,1737,6780.0,18263,6770.0,2346,6820.0,2414,6830.0,9776,6840.0,17261,6850.0,19149,6860.0,5021,2025-05-09 16:28:32.227,,2147483647,843969,False,nan
6550,987022,1611886252,MERV - XMEV - GGAL - 24hs,6820.0,2025-05-09 16:28:37,1000,2025-05-09 16:28:37.499,6810.0,10505,6800.0,82,6790.0,1737,6780.0,18263,6770.0,2346,6820.0,2414,6830.0,9776,6840.0,17261,6850.0,19149,6860.0,5021,2025-05-09 16:28:37.439,,2147483647,843969,True,offer
6551,987068,1611886320,MERV - XMEV - GGAL - 24hs,6820.0,2025-05-09 16:28:37,66,2025-05-09 16:28:37.998,6810.0,10505,6800.0,82,6790.0,1737,6780.0,18263,6770.0,2346,6820.0,1414,6830.0,9776,6840.0,17261,6850.0,9149,6860.0,5021,2025-05-09 16:28:37.938,,2147483647,844969,False,nan
6552,987139,1611886419,MERV - XMEV - GGAL - 24hs,6820.0,2025-05-09 16:28:37,66,2025-05-09 16:28:38.500,6810.0,10505,6800.0,82,6790.0,1737,6780.0,18263,6770.0,2346,6820.0,1348,6830.0,9776,6840.0,17261,6850.0,9149,6860.0,5021,2025-05-09 16:28:38.438,,2147483647,845035,False,nan
6553,987355,1611886712,MERV - XMEV - GGAL - 24hs,6820.0,2025-05-09 16:28:37,66,2025-05-09 16:28:40.810,6810.0,10505,6800.0,90,6790.0,1737,6780.0,18263,6770.0,2346,6820.0,1348,6830.0,9776,6840.0,17261,6850.0,9149,6860.0,5021,2025-05-09 16:28:40.750,,2147483647,845035,False,nan
6554,987461,1611886851,MERV - XMEV - GGAL - 24hs,6820.0,2025-05-09 16:28:41,30,2025-05-09 16:28:41.618,6810.0,10505,6800.0,90,6790.0,1737,6780.0,18263,6770.0,2346,6820.0,1348,6830.0,9776,6840.0,17261,6850.0,9149,6860.0,5021,2025-05-09 16:28:41.558,,2147483647,845035,True,offer
6555,987500,1611886898,MERV - XMEV - GGAL - 24hs,6820.0,2025-05-09 16:28:42,1,2025-05-09 16:28:42.208,6810.0,10505,6800.0,90,6790.0,1737,6780.0,18263,6770.0,2346,6820.0,1348,6830.0,9776,6840.0,17261,6850.0,9149,6860.0,5021,2025-05-09 16:28:42.148,,2147483647,845065,True,offer
6556,987536,1611886944,MERV - XMEV - GGAL - 24hs,6820.0,2025-05-09 16:28:42,1,2025-05-09 16:28:42.709,6810.0,10505,6800.0,90,6790.0,1737,6780.0,18263,6770.0,2346,6820.0,1317,6830.0,9776,6840.0,17261,6850.0,9149,6860.0,5021,2025-05-09 16:28:42.649,,2147483647,845066,False,nan
6557,987637,1611887077,MERV - XMEV - GGAL - 24hs,6820.0,2025-05-09 16:28:43,4,2025-05-09 16:28:44.025,6810.0,10505,6800.0,90,6790.0,1737,6780.0,18263,6770.0,2346,6820.0,1317,6830.0,9776,6840.0,17261,6850.0,9149,6860.0,5021,2025-05-09 16:28:43.961,,2147483647,845066,True,offer
6558,987680,1611887130,MERV - XMEV - GGAL - 24hs,6820.0,2025-05-09 16:28:43,4,2025-05-09 16:28:44.521,6810.0,10505,6800.0,90,6790.0,1737,6780.0,18263,6770.0,2346,6820.0,1313,6830.0,7776,6840.0,19261,6850.0,9149,6860.0,5021,2025-05-09 16:28:44.462,,2147483647,845066,False,nan
6559,987728,1611887194,MERV - XMEV - GGAL - 24hs,6820.0,2025-05-09 16:28:43,4,2025-05-09 16:28:45.022,6810.0,10505,6800.0,90,6790.0,1737,6780.0,18263,6770.0,2346,6820.0,1313,6830.0,7776,6840.0,19261,6850.0,9149,6860.0,5021,2025-05-09 16:28:44.962,,2147483647,845070,False,nan
6560,987798,1611887309,MERV - XMEV - GGAL - 24hs,6820.0,2025-05-09 16:28:43,4,2025-05-09 16:28:45.964,6810.0,10505,6800.0,100,6790.0,1737,6780.0,18263,6770.0,2346,6820.0,1313,6830.0,7776,6840.0,19261,6850.0,9149,6860.0,5021,2025-05-09 16:28:45.903,,2147483647,845070,False,nan
6561,987822,1611887341,MERV - XMEV - GGAL - 24hs,6820.0,2025-05-09 16:28:46,388,2025-05-09 16:28:46.463,6810.0,10505,6800.0,100,6790.0,1737,6780.0,18263,6770.0,2346,6820.0,1313,6830.0,7776,6840.0,19261,6850.0,9149,6860.0,5021,2025-05-09 16:28:46.403,,2147483647,845070,True,offer
6562,987846,1611887373,MERV - XMEV - GGAL - 24hs,6820.0,2025-05-09 16:28:46,500,2025-05-09 16:28:46.963,6810.0,10505,6800.0,100,6790.0,1737,6780.0,18263,6770.0,2346,6820.0,1313,6830.0,7776,6840.0,19261,6850.0,9149,6860.0,5021,2025-05-09 16:28:46.904,,2147483647,845771,False,nan
6563,987880,1611887416,MERV - XMEV - GGAL - 24hs,6820.0,2025-05-09 16:28:46,500,2025-05-09 16:28:47.463,6810.0,10505,6800.0,100,6790.0,1737,6780.0,18263,6770.0,2346,6820.0,112,6830.0,7776,6840.0,19261,6850.0,8949,6860.0,5021,2025-05-09 16:28:47.404,,2147483647,846271,False,nan
6564,988300,1611888000,MERV - XMEV - GGAL - 24hs,6810.0,2025-05-09 16:28:51,203,2025-05-09 16:28:51.811,6810.0,10505,6800.0,100,6790.0,1737,6780.0,18263,6770.0,2346,6820.0,112,6830.0,7776,6840.0,19261,6850.0,8949,6860.0,5021,2025-05-09 16:28:51.753,,2147483647,846271,True,bid
6565,988335,1611888060,MERV - XMEV - GGAL - 24hs,6820.0,2025-05-09 16:28:51,3,2025-05-09 16:28:52.312,6810.0,10505,6800.0,100,6790.0,1737,6780.0,18263,6770.0,2346,6820.0,112,6830.0,7776,6840.0,19261,6850.0,8949,6860.0,5021,2025-05-09 16:28:52.253,,2147483647,846971,False,nan
6566,988370,1611888102,MERV - XMEV - GGAL - 24hs,6810.0,2025-05-09 16:28:52,137,2025-05-09 16:28:52.811,6810.0,9805,6800.0,100,6790.0,1737,6780.0,18263,6770.0,2346,6820.0,109,6830.0,7776,6840.0,19261,6850.0,8949,6860.0,5021,2025-05-09 16:28:52.753,,2147483647,847889,True,bid
6567,988398,1611888135,MERV - XMEV - GGAL - 24hs,6810.0,2025-05-09 16:28:52,137,2025-05-09 16:28:53.311,6810.0,8753,6800.0,100,6790.0,1737,6780.0,18263,6770.0,2346,6820.0,109,6830.0,7776,6840.0,19261,6850.0,8949,6860.0,5021,2025-05-09 16:28:53.253,,2147483647,848026,False,nan
6568,988610,1611888404,MERV - XMEV - GGAL - 24hs,6820.0,2025-05-09 16:28:56,109,2025-05-09 16:28:56.820,6810.0,8753,6800.0,100,6790.0,1737,6780.0,18263,6770.0,2346,6820.0,109,6830.0,7776,6840.0,19261,6850.0,8949,6860.0,5021,2025-05-09 16:28:56.754,,2147483647,848026,True,offer
6569,988646,1611888452,MERV - XMEV - GGAL - 24hs,6820.0,2025-05-09 16:28:56,109,2025-05-09 16:28:57.308,6810.0,8753,6800.0,100,6790.0,1737,6780.0,18263,6770.0,2346,6830.0,7777,6840.0,19261,6850.0,8948,6860.0,5021,6870.0,9492,2025-05-09 16:28:57.249,,2147483647,848026,False,nan
6570,988708,1611888531,MERV - XMEV - GGAL - 24hs,6810.0,2025-05-09 16:28:57,451,2025-05-09 16:28:57.808,6810.0,8302,6800.0,100,6790.0,1737,6780.0,18270,6770.0,2346,6830.0,7776,6840.0,19261,6850.0,8948,6860.0,5021,6870.0,9493,2025-05-09 16:28:57.749,,2147483647,848596,True,bid
6571,988823,1611888687,MERV - XMEV - GGAL - 24hs,6810.0,2025-05-09 16:28:57,451,2025-05-09 16:28:58.791,6810.0,8302,6800.0,100,6790.0,1737,6780.0,18270,6770.0,2346,6830.0,7777,6840.0,19261,6850.0,8948,6860.0,5021,6870.0,9492,2025-05-09 16:28:58.729,,2147483647,848596,False,nan
6572,988884,1611888758,MERV - XMEV - GGAL - 24hs,6810.0,2025-05-09 16:28:58,2,2025-05-09 16:28:59.287,6810.0,8302,6800.0,100,6790.0,1737,6780.0,18270,6770.0,2346,6830.0,7777,6840.0,19261,6850.0,8948,6860.0,5021,6870.0,9492,2025-05-09 16:28:59.229,,2147483647,848596,True,bid
6573,988951,1611888843,MERV - XMEV - GGAL - 24hs,6810.0,2025-05-09 16:28:58,2,2025-05-09 16:28:59.790,6810.0,8300,6800.0,100,6790.0,1737,6780.0,18270,6770.0,2346,6830.0,7777,6840.0,19261,6850.0,8948,6860.0,5021,6870.0,9492,2025-05-09 16:28:59.729,,2147483647,848598,False,nan
6574,989579,1611889688,MERV - XMEV - GGAL - 24hs,6830.0,2025-05-09 16:29:07,200,2025-05-09 16:29:07.543,6810.0,8300,6800.0,100,6790.0,1737,6780.0,18270,6770.0,2346,6830.0,7777,6840.0,19261,6850.0,8948,6860.0,5021,6870.0,9492,2025-05-09 16:29:07.484,,2147483647,848598,True,offer
6575,989860,1611890032,MERV - XMEV - GGAL - 24hs,6830.0,2025-05-09 16:29:07,200,2025-05-09 16:29:08.863,6810.0,8300,6800.0,100,6790.0,1737,6780.0,18270,6770.0,2346,6830.0,7777,6840.0,19261,6850.0,8948,6860.0,5021,6870.0,9492,2025-05-09 16:29:08.350,,2147483647,848798,False,nan
6576,989935,1611890124,MERV - XMEV - GGAL - 24hs,6830.0,2025-05-09 16:29:07,200,2025-05-09 16:29:09.140,6810.0,8300,6800.0,105,6790.0,1737,6780.0,18270,6770.0,2346,6830.0,7577,6840.0,19261,6850.0,9048,6860.0,5021,6870.0,9492,2025-05-09 16:29:08.839,,2147483647,848798,False,nan
6577,990242,1611890534,MERV - XMEV - GGAL - 24hs,6830.0,2025-05-09 16:29:07,200,2025-05-09 16:29:12.651,6810.0,8300,6800.0,105,6790.0,1737,6780.0,18270,6770.0,2346,6830.0,9577,6840.0,17261,6850.0,9048,6860.0,5021,6870.0,9492,2025-05-09 16:29:12.592,,2147483647,848798,False,nan
6578,990703,1611891149,MERV - XMEV - GGAL - 24hs,6810.0,2025-05-09 16:29:18,3,2025-05-09 16:29:18.438,6810.0,8300,6800.0,105,6790.0,1737,6780.0,18270,6770.0,2346,6830.0,9577,6840.0,17261,6850.0,9048,6860.0,5021,6870.0,9492,2025-05-09 16:29:18.379,,2147483647,848798,True,bid
6579,990748,1611891206,MERV - XMEV - GGAL - 24hs,6810.0,2025-05-09 16:29:18,113,2025-05-09 16:29:18.945,6810.0,8300,6800.0,105,6790.0,1737,6780.0,18270,6770.0,2346,6830.0,9577,6840.0,17261,6850.0,9048,6860.0,5021,6870.0,9492,2025-05-09 16:29:18.885,,2147483647,848801,False,nan
6580,990782,1611891247,MERV - XMEV - GGAL - 24hs,6810.0,2025-05-09 16:29:18,113,2025-05-09 16:29:19.437,6810.0,8184,6800.0,105,6790.0,1737,6780.0,18270,6770.0,2346,6830.0,9577,6840.0,17261,6850.0,9048,6860.0,5021,6870.0,9492,2025-05-09 16:29:19.379,,2147483647,848914,False,nan
6581,991321,1611891925,MERV - XMEV - GGAL - 24hs,6810.0,2025-05-09 16:29:18,113,2025-05-09 16:29:27.865,6810.0,8184,6800.0,105,6790.0,1737,6780.0,18270,6770.0,2346,6830.0,11030,6840.0,15808,6850.0,9048,6860.0,5021,6870.0,9492,2025-05-09 16:29:27.808,,2147483647,848914,False,nan
6582,991590,1611892279,MERV - XMEV - GGAL - 24hs,6810.0,2025-05-09 16:29:31,1535,2025-05-09 16:29:31.730,6810.0,8184,6800.0,105,6790.0,1737,6780.0,18270,6770.0,2346,6830.0,11030,6840.0,15808,6850.0,9048,6860.0,5021,6870.0,9492,2025-05-09 16:29:31.672,,2147483647,848914,True,bid
6583,991640,1611892343,MERV - XMEV - GGAL - 24hs,6810.0,2025-05-09 16:29:31,1535,2025-05-09 16:29:32.228,6810.0,6649,6800.0,105,6790.0,1737,6780.0,18270,6770.0,2346,6830.0,11030,6840.0,15808,6850.0,7690,6860.0,5021,6870.0,10850,2025-05-09 16:29:32.171,,2147483647,848914,False,nan
6584,991675,1611892392,MERV - XMEV - GGAL - 24hs,6810.0,2025-05-09 16:29:31,1535,2025-05-09 16:29:32.729,6810.0,6649,6800.0,105,6790.0,1737,6780.0,18270,6770.0,2346,6830.0,11030,6840.0,15808,6850.0,7690,6860.0,5021,6870.0,10850,2025-05-09 16:29:32.672,,2147483647,850449,False,nan
6585,991747,1611892484,MERV - XMEV - GGAL - 24hs,6810.0,2025-05-09 16:29:31,1535,2025-05-09 16:29:33.229,6810.0,6649,6800.0,95,6790.0,1737,6780.0,18270,6770.0,2346,6830.0,11030,6840.0,15808,6850.0,7690,6860.0,5021,6870.0,10850,2025-05-09 16:29:33.171,,2147483647,850449,False,nan
6586,991782,1611892527,MERV - XMEV - GGAL - 24hs,6810.0,2025-05-09 16:29:31,1535,2025-05-09 16:29:33.731,6810.0,6649,6800.0,95,6790.0,1737,6780.0,3270,6770.0,17346,6830.0,11030,6840.0,15808,6850.0,7690,6860.0,5021,6870.0,10850,2025-05-09 16:29:33.672,,2147483647,850449,False,nan
6587,991865,1611892630,MERV - XMEV - GGAL - 24hs,6810.0,2025-05-09 16:29:31,1535,2025-05-09 16:29:34.986,6810.0,6649,6800.0,95,6790.0,1737,6780.0,18270,6770.0,2346,6830.0,9030,6840.0,17808,6850.0,7690,6860.0,5021,6870.0,10850,2025-05-09 16:29:34.925,,2147483647,850449,False,nan
6588,992179,1611893037,MERV - XMEV - GGAL - 24hs,6810.0,2025-05-09 16:29:31,1535,2025-05-09 16:29:40.235,6810.0,6649,6800.0,95,6790.0,1737,6780.0,18270,6770.0,2346,6820.0,1889,6830.0,9029,6840.0,17808,6850.0,7690,6860.0,5022,2025-05-09 16:29:40.178,,2147483647,850449,False,nan
6589,992424,1611893347,MERV - XMEV - GGAL - 24hs,6810.0,2025-05-09 16:29:31,1535,2025-05-09 16:29:44.944,6810.0,13699,6800.0,95,6790.0,1737,6780.0,18270,6770.0,2346,6820.0,1889,6830.0,9029,6840.0,17808,6850.0,7690,6860.0,5022,2025-05-09 16:29:44.887,,2147483647,850449,False,nan
6590,992605,1611893596,MERV - XMEV - GGAL - 24hs,6810.0,2025-05-09 16:29:31,1535,2025-05-09 16:29:47.972,6810.0,13699,6800.0,95,6790.0,2737,6780.0,17270,6770.0,2346,6820.0,1889,6830.0,9029,6840.0,17808,6850.0,7690,6860.0,5022,2025-05-09 16:29:47.914,,2147483647,850449,False,nan
6591,992717,1611893752,MERV - XMEV - GGAL - 24hs,6810.0,2025-05-09 16:29:31,1535,2025-05-09 16:29:49.554,6810.0,13724,6800.0,95,6790.0,2737,6780.0,17270,6770.0,2346,6820.0,1889,6830.0,9029,6840.0,17808,6850.0,7690,6860.0,5022,2025-05-09 16:29:49.485,,2147483647,850449,False,nan
6592,992765,1611893813,MERV - XMEV - GGAL - 24hs,6810.0,2025-05-09 16:29:31,1535,2025-05-09 16:29:50.260,6810.0,13724,6800.0,95,6790.0,17737,6780.0,2270,6770.0,2346,6820.0,1889,6830.0,9029,6840.0,17808,6850.0,7690,6860.0,5022,2025-05-09 16:29:50.201,,2147483647,850449,False,nan
6593,992811,1611893898,MERV - XMEV - GGAL - 24hs,6820.0,2025-05-09 16:29:50,3,2025-05-09 16:29:50.771,6810.0,13724,6800.0,95,6790.0,17737,6780.0,2270,6770.0,2346,6820.0,1889,6830.0,9029,6840.0,17808,6850.0,7690,6860.0,5022,2025-05-09 16:29:50.706,,2147483647,850449,True,offer
6594,992875,1611893987,MERV - XMEV - GGAL - 24hs,6820.0,2025-05-09 16:29:50,3,2025-05-09 16:29:51.571,6810.0,13724,6800.0,95,6790.0,17737,6780.0,2270,6770.0,2346,6820.0,1886,6830.0,9029,6840.0,17808,6850.0,7690,6860.0,5022,2025-05-09 16:29:51.334,,2147483647,850452,False,nan
6595,993015,1611894167,MERV - XMEV - GGAL - 24hs,6820.0,2025-05-09 16:29:50,3,2025-05-09 16:29:52.617,6810.0,13724,6800.0,95,6790.0,2737,6780.0,17270,6770.0,2346,6820.0,1886,6830.0,9029,6840.0,17808,6850.0,7690,6860.0,5022,2025-05-09 16:29:52.557,,2147483647,850452,False,nan
6596,993229,1611894435,MERV - XMEV - GGAL - 24hs,6820.0,2025-05-09 16:29:50,3,2025-05-09 16:29:54.124,6820.0,8,6810.0,13816,6800.0,95,6790.0,2737,6780.0,17270,6830.0,9029,6840.0,17808,6850.0,7690,6860.0,5022,6870.0,10850,2025-05-09 16:29:54.067,,2147483647,850452,False,nan
6597,993369,1611894610,MERV - XMEV - GGAL - 24hs,6820.0,2025-05-09 16:29:50,3,2025-05-09 16:29:55.835,6820.0,8,6810.0,13816,6800.0,95,6790.0,1737,6780.0,18270,6830.0,11029,6840.0,15808,6850.0,7690,6860.0,5022,6870.0,10850,2025-05-09 16:29:55.773,,2147483647,850452,False,nan
6598,993420,1611894674,MERV - XMEV - GGAL - 24hs,6830.0,2025-05-09 16:29:55,142,2025-05-09 16:29:56.332,6820.0,8,6810.0,13816,6800.0,95,6790.0,1737,6780.0,18270,6830.0,11029,6840.0,15808,6850.0,7690,6860.0,5022,6870.0,10850,2025-05-09 16:29:56.273,,2147483647,850452,True,offer
6599,993458,1611894721,MERV - XMEV - GGAL - 24hs,6830.0,2025-05-09 16:29:55,142,2025-05-09 16:29:56.830,6820.0,8,6810.0,13816,6800.0,95,6790.0,1737,6780.0,18270,6830.0,10887,6840.0,15808,6850.0,7690,6860.0,5022,6870.0,10850,2025-05-09 16:29:56.774,,2147483647,850594,False,nan
6600,993897,1611895304,MERV - XMEV - GGAL - 24hs,6830.0,2025-05-09 16:29:55,142,2025-05-09 16:30:02.189,6820.0,12,6810.0,13816,6800.0,95,6790.0,1737,6780.0,18270,6830.0,10887,6840.0,15808,6850.0,7690,6860.0,5022,6870.0,10850,2025-05-09 16:30:02.116,,2147483647,850594,False,nan
6601,994198,1611895694,MERV - XMEV - GGAL - 24hs,6830.0,2025-05-09 16:29:55,142,2025-05-09 16:30:04.930,6820.0,12,6810.0,20766,6800.0,95,6790.0,1737,6780.0,18270,6830.0,10887,6840.0,15805,6850.0,7683,6860.0,5001,6870.0,10850,2025-05-09 16:30:04.868,,2147483647,850594,False,nan
6602,994360,1611895890,MERV - XMEV - GGAL - 24hs,6830.0,2025-05-09 16:29:55,142,2025-05-09 16:30:07.415,6820.0,12,6810.0,20766,6800.0,95,6790.0,1737,6780.0,18270,6830.0,8887,6840.0,17805,6850.0,7683,6860.0,5001,6870.0,10850,2025-05-09 16:30:07.351,,2147483647,850594,False,nan
6603,994539,1611896105,MERV - XMEV - GGAL - 24hs,6820.0,2025-05-09 16:30:09,8,2025-05-09 16:30:09.443,6820.0,12,6810.0,20766,6800.0,95,6790.0,1737,6780.0,18270,6830.0,8887,6840.0,17805,6850.0,7683,6860.0,5001,6870.0,10850,2025-05-09 16:30:09.369,,2147483647,850594,True,bid
6604,994593,1611896181,MERV - XMEV - GGAL - 24hs,6810.0,2025-05-09 16:30:09,8,2025-05-09 16:30:09.924,6820.0,12,6810.0,20766,6800.0,95,6790.0,1737,6780.0,18270,6830.0,8887,6840.0,17805,6850.0,7683,6860.0,5001,6870.0,10850,2025-05-09 16:30:09.869,,2147483647,850594,False,nan
6605,994649,1611896261,MERV - XMEV - GGAL - 24hs,6810.0,2025-05-09 16:30:09,8,2025-05-09 16:30:10.425,6810.0,20758,6800.0,95,6790.0,1737,6780.0,18270,6770.0,2346,6830.0,8887,6840.0,17805,6850.0,7683,6860.0,5001,6870.0,10850,2025-05-09 16:30:10.369,,2147483647,850614,False,nan
6606,994685,1611896308,MERV - XMEV - GGAL - 24hs,6810.0,2025-05-09 16:30:09,8,2025-05-09 16:30:10.925,6810.0,20833,6800.0,95,6790.0,1737,6780.0,18263,6770.0,2346,6830.0,8888,6840.0,17805,6850.0,7683,6860.0,5000,6870.0,10850,2025-05-09 16:30:10.868,,2147483647,850614,False,nan
6607,994960,1611896643,MERV - XMEV - GGAL - 24hs,6810.0,2025-05-09 16:30:09,8,2025-05-09 16:30:15.356,6810.0,20906,6800.0,95,6790.0,1737,6780.0,18263,6770.0,2346,6830.0,8888,6840.0,17805,6850.0,7683,6860.0,5000,6870.0,10853,2025-05-09 16:30:15.248,,2147483647,850614,False,nan
6608,995105,1611896829,MERV - XMEV - GGAL - 24hs,6830.0,2025-05-09 16:30:16,5,2025-05-09 16:30:16.450,6810.0,20906,6800.0,95,6790.0,1737,6780.0,18263,6770.0,2346,6830.0,8888,6840.0,17805,6850.0,7683,6860.0,5000,6870.0,10853,2025-05-09 16:30:16.393,,2147483647,850614,True,offer
6609,995146,1611896883,MERV - XMEV - GGAL - 24hs,6830.0,2025-05-09 16:30:16,5,2025-05-09 16:30:16.994,6810.0,20906,6800.0,95,6790.0,1737,6780.0,18263,6770.0,2346,6830.0,8883,6840.0,17805,6850.0,7683,6860.0,5000,6870.0,10853,2025-05-09 16:30:16.936,,2147483647,850614,False,nan
6610,995179,1611896922,MERV - XMEV - GGAL - 24hs,6830.0,2025-05-09 16:30:16,5,2025-05-09 16:30:17.499,6810.0,20906,6800.0,95,6790.0,1737,6780.0,18263,6770.0,2346,6830.0,8883,6840.0,17805,6850.0,7683,6860.0,5000,6870.0,10853,2025-05-09 16:30:17.443,,2147483647,850619,False,nan
6611,995221,1611896976,MERV - XMEV - GGAL - 24hs,6810.0,2025-05-09 16:30:17,941,2025-05-09 16:30:17.992,6810.0,20906,6800.0,95,6790.0,1737,6780.0,18263,6770.0,2346,6830.0,8883,6840.0,17805,6850.0,7683,6860.0,5000,6870.0,10853,2025-05-09 16:30:17.937,,2147483647,850619,True,bid
6612,995253,1611897026,MERV - XMEV - GGAL - 24hs,6810.0,2025-05-09 16:30:17,941,2025-05-09 16:30:18.547,6820.0,500,6810.0,19890,6800.0,95,6790.0,1737,6780.0,18270,6830.0,8882,6840.0,17805,6850.0,7683,6860.0,5000,6870.0,10854,2025-05-09 16:30:18.491,,2147483647,850619,False,nan
6613,995298,1611897082,MERV - XMEV - GGAL - 24hs,6820.0,2025-05-09 16:30:18,234,2025-05-09 16:30:19.044,6820.0,500,6810.0,19890,6800.0,95,6790.0,1737,6780.0,18270,6830.0,8882,6840.0,17805,6850.0,7683,6860.0,5000,6870.0,10854,2025-05-09 16:30:18.986,,2147483647,851807,True,bid
6614,995339,1611897130,MERV - XMEV - GGAL - 24hs,6820.0,2025-05-09 16:30:18,234,2025-05-09 16:30:19.555,6820.0,19,6810.0,19890,6800.0,95,6790.0,1737,6780.0,18270,6830.0,8882,6840.0,17805,6850.0,7683,6860.0,5000,6870.0,10854,2025-05-09 16:30:19.491,,2147483647,852041,False,nan
6615,995675,1611897563,MERV - XMEV - GGAL - 24hs,6820.0,2025-05-09 16:30:18,234,2025-05-09 16:30:23.826,6820.0,19,6810.0,19955,6800.0,95,6790.0,237,6780.0,18270,6830.0,8882,6840.0,17805,6850.0,7683,6860.0,5000,6870.0,10854,2025-05-09 16:30:23.768,,2147483647,852041,False,nan
6616,996118,1611898102,MERV - XMEV - GGAL - 24hs,6820.0,2025-05-09 16:30:18,234,2025-05-09 16:30:30.378,6820.0,19,6810.0,19955,6800.0,95,6790.0,237,6780.0,18270,6830.0,8882,6840.0,17805,6850.0,7683,6860.0,5013,6870.0,10854,2025-05-09 16:30:30.322,,2147483647,852041,False,nan
6617,996240,1611898260,MERV - XMEV - GGAL - 24hs,6820.0,2025-05-09 16:30:31,19,2025-05-09 16:30:31.834,6820.0,19,6810.0,19955,6800.0,95,6790.0,237,6780.0,18270,6830.0,8882,6840.0,17805,6850.0,7683,6860.0,5013,6870.0,10854,2025-05-09 16:30:31.763,,2147483647,852041,True,bid
6618,996316,1611898362,MERV - XMEV - GGAL - 24hs,6820.0,2025-05-09 16:30:31,19,2025-05-09 16:30:32.458,6810.0,19955,6800.0,101,6790.0,237,6780.0,18270,6770.0,2346,6820.0,981,6830.0,8882,6840.0,17805,6850.0,7683,6860.0,5013,2025-05-09 16:30:32.400,,2147483647,852041,False,nan
6619,996352,1611898415,MERV - XMEV - GGAL - 24hs,6820.0,2025-05-09 16:30:31,19,2025-05-09 16:30:32.958,6810.0,19955,6800.0,101,6790.0,237,6780.0,18270,6770.0,2346,6820.0,981,6830.0,8882,6840.0,17805,6850.0,7683,6860.0,5013,2025-05-09 16:30:32.900,,2147483647,852060,False,nan
6620,996617,1611898763,MERV - XMEV - GGAL - 24hs,6820.0,2025-05-09 16:30:31,19,2025-05-09 16:30:35.640,6810.0,19955,6800.0,101,6790.0,1237,6780.0,17270,6770.0,2346,6820.0,981,6830.0,8882,6840.0,17805,6850.0,7683,6860.0,5013,2025-05-09 16:30:35.585,,2147483647,852060,False,nan
6621,996665,1611898824,MERV - XMEV - GGAL - 24hs,6820.0,2025-05-09 16:30:31,19,2025-05-09 16:30:36.547,6810.0,19955,6800.0,101,6790.0,1237,6780.0,17270,6770.0,2346,6820.0,981,6830.0,8882,6840.0,5805,6850.0,19683,6860.0,5013,2025-05-09 16:30:36.492,,2147483647,852060,False,nan
6622,996724,1611898902,MERV - XMEV - GGAL - 24hs,6820.0,2025-05-09 16:30:31,19,2025-05-09 16:30:37.355,6810.0,19955,6800.0,101,6790.0,1237,6780.0,17370,6770.0,2346,6820.0,981,6830.0,9461,6840.0,5805,6850.0,19683,6860.0,5013,2025-05-09 16:30:37.299,,2147483647,852060,False,nan
6623,996942,1611899190,MERV - XMEV - GGAL - 24hs,6820.0,2025-05-09 16:30:31,19,2025-05-09 16:30:39.188,6810.0,19955,6800.0,101,6790.0,16237,6780.0,2370,6770.0,2346,6820.0,981,6830.0,9461,6840.0,5805,6850.0,19683,6860.0,5013,2025-05-09 16:30:38.822,,2147483647,852060,False,nan
6624,997020,1611899298,MERV - XMEV - GGAL - 24hs,6820.0,2025-05-09 16:30:31,19,2025-05-09 16:30:39.589,6810.0,19955,6800.0,101,6790.0,1237,6780.0,17370,6770.0,2346,6820.0,981,6830.0,9461,6840.0,5805,6850.0,19683,6860.0,5013,2025-05-09 16:30:39.531,,2147483647,852060,False,nan
6625,997705,1611900217,MERV - XMEV - GGAL - 24hs,6820.0,2025-05-09 16:30:31,19,2025-05-09 16:30:47.023,6810.0,19955,6800.0,101,6790.0,1237,6780.0,17370,6770.0,2446,6820.0,981,6830.0,9461,6840.0,5805,6850.0,19683,6860.0,5013,2025-05-09 16:30:46.966,,2147483647,852060,False,nan
6626,997778,1611900320,MERV - XMEV - GGAL - 24hs,6820.0,2025-05-09 16:30:31,19,2025-05-09 16:30:48.205,6810.0,19955,6800.0,101,6790.0,16237,6780.0,2370,6770.0,2446,6820.0,981,6830.0,9461,6840.0,5805,6850.0,19683,6860.0,5013,2025-05-09 16:30:48.150,,2147483647,852060,False,nan
6627,998044,1611900677,MERV - XMEV - GGAL - 24hs,6820.0,2025-05-09 16:30:51,981,2025-05-09 16:30:51.800,6810.0,19955,6800.0,101,6790.0,16237,6780.0,2370,6770.0,2446,6820.0,981,6830.0,9461,6840.0,5805,6850.0,19683,6860.0,5013,2025-05-09 16:30:51.600,,2147483647,852060,True,offer
6628,998173,1611900828,MERV - XMEV - GGAL - 24hs,6820.0,2025-05-09 16:30:51,981,2025-05-09 16:30:52.268,6810.0,19955,6800.0,101,6790.0,16237,6780.0,2370,6770.0,2446,6830.0,9461,6840.0,5805,6850.0,19683,6860.0,5013,6870.0,10855,2025-05-09 16:30:52.080,,2147483647,852060,False,nan
6629,998330,1611901026,MERV - XMEV - GGAL - 24hs,6820.0,2025-05-09 16:30:51,981,2025-05-09 16:30:52.871,6810.0,20030,6800.0,101,6790.0,16237,6780.0,2363,6770.0,2446,6830.0,9462,6840.0,5805,6850.0,19683,6860.0,5013,6870.0,10854,2025-05-09 16:30:52.580,,2147483647,853041,False,nan
6630,998490,1611901224,MERV - XMEV - GGAL - 24hs,6820.0,2025-05-09 16:30:51,981,2025-05-09 16:30:53.919,6810.0,20030,6800.0,101,6790.0,16237,6780.0,2363,6770.0,2446,6830.0,9462,6840.0,5805,6850.0,19683,6860.0,5375,6870.0,10854,2025-05-09 16:30:53.854,,2147483647,853041,False,nan
6631,999087,1611901977,MERV - XMEV - GGAL - 24hs,6820.0,2025-05-09 16:30:51,981,2025-05-09 16:30:58.444,6810.0,19955,6800.0,101,6790.0,16237,6780.0,2363,6770.0,2453,6820.0,1000,6830.0,9461,6840.0,5805,6850.0,19683,6860.0,5376,2025-05-09 16:30:58.384,,2147483647,853041,False,nan
6632,999251,1611902198,MERV - XMEV - GGAL - 24hs,6820.0,2025-05-09 16:31:00,1000,2025-05-09 16:31:00.634,6810.0,19955,6800.0,101,6790.0,16237,6780.0,2363,6770.0,2453,6820.0,1000,6830.0,9461,6840.0,5805,6850.0,19683,6860.0,5376,2025-05-09 16:31:00.573,,2147483647,853041,True,offer
6633,999305,1611902273,MERV - XMEV - GGAL - 24hs,6820.0,2025-05-09 16:31:00,1000,2025-05-09 16:31:01.439,6810.0,20030,6800.0,101,6790.0,16237,6780.0,2363,6770.0,2446,6830.0,9462,6840.0,5805,6850.0,19683,6860.0,5375,6870.0,10854,2025-05-09 16:31:01.236,,2147483647,853041,False,nan
6634,999370,1611902357,MERV - XMEV - GGAL - 24hs,6830.0,2025-05-09 16:31:01,58,2025-05-09 16:31:01.790,6810.0,20030,6800.0,101,6790.0,16237,6780.0,2363,6770.0,2446,6830.0,9462,6840.0,5805,6850.0,19683,6860.0,5375,6870.0,10854,2025-05-09 16:31:01.736,,2147483647,854041,True,offer
6635,999413,1611902414,MERV - XMEV - GGAL - 24hs,6830.0,2025-05-09 16:31:01,58,2025-05-09 16:31:02.290,6810.0,20030,6800.0,101,6790.0,16237,6780.0,2363,6770.0,2446,6830.0,9404,6840.0,5805,6850.0,19683,6860.0,5375,6870.0,10854,2025-05-09 16:31:02.236,,2147483647,854099,False,nan
6636,999579,1611902645,MERV - XMEV - GGAL - 24hs,6830.0,2025-05-09 16:31:01,58,2025-05-09 16:31:03.830,6810.0,20030,6800.0,101,6790.0,16237,6780.0,2363,6770.0,2446,6830.0,9404,6840.0,7805,6850.0,17683,6860.0,5375,6870.0,10854,2025-05-09 16:31:03.772,,2147483647,854099,False,nan
6637,999655,1611902779,MERV - XMEV - GGAL - 24hs,6830.0,2025-05-09 16:31:01,58,2025-05-09 16:31:04.789,6810.0,20030,6800.0,101,6790.0,16237,6780.0,2363,6770.0,2446,6830.0,9404,6840.0,5805,6850.0,19683,6860.0,5375,6870.0,10854,2025-05-09 16:31:04.732,,2147483647,854099,False,nan
6638,999865,1611903049,MERV - XMEV - GGAL - 24hs,6830.0,2025-05-09 16:31:01,58,2025-05-09 16:31:07.161,6820.0,1000,6810.0,19955,6800.0,101,6790.0,16237,6780.0,2370,6830.0,9403,6840.0,5805,6850.0,19683,6860.0,5375,6870.0,10855,2025-05-09 16:31:07.107,,2147483647,854099,False,nan
6639,999952,1611903171,MERV - XMEV - GGAL - 24hs,6830.0,2025-05-09 16:31:01,58,2025-05-09 16:31:08.101,6820.0,1500,6810.0,19955,6800.0,101,6790.0,16237,6780.0,2370,6830.0,9403,6840.0,5805,6850.0,19683,6860.0,5375,6870.0,10856,2025-05-09 16:31:08.040,,2147483647,854099,False,nan
6640,1000155,1611903445,MERV - XMEV - GGAL - 24hs,6830.0,2025-05-09 16:31:01,58,2025-05-09 16:31:11.148,6820.0,1500,6810.0,19955,6800.0,101,6790.0,16237,6780.0,2370,6830.0,11403,6840.0,5805,6850.0,19683,6860.0,5375,6870.0,10856,2025-05-09 16:31:11.093,,2147483647,854099,False,nan
6641,1000560,1611904032,MERV - XMEV - GGAL - 24hs,6830.0,2025-05-09 16:31:01,58,2025-05-09 16:31:16.114,6820.0,1500,6810.0,19955,6800.0,101,6790.0,16237,6780.0,2370,6830.0,11403,6840.0,5805,6850.0,19683,6860.0,5375,6870.0,10857,2025-05-09 16:31:16.061,,2147483647,854099,False,nan
6642,1000845,1611904455,MERV - XMEV - GGAL - 24hs,6820.0,2025-05-09 16:31:19,6,2025-05-09 16:31:19.363,6820.0,1500,6810.0,19955,6800.0,101,6790.0,16237,6780.0,2370,6830.0,11403,6840.0,5805,6850.0,19683,6860.0,5375,6870.0,10857,2025-05-09 16:31:19.282,,2147483647,854099,True,bid
6643,1000917,1611904567,MERV - XMEV - GGAL - 24hs,6820.0,2025-05-09 16:31:19,6,2025-05-09 16:31:19.842,6820.0,1744,6810.0,19955,6800.0,101,6790.0,16237,6780.0,2370,6830.0,11403,6840.0,5805,6850.0,19683,6860.0,5375,6870.0,10857,2025-05-09 16:31:19.786,,2147483647,854099,False,nan
6644,1000975,1611904642,MERV - XMEV - GGAL - 24hs,6820.0,2025-05-09 16:31:19,6,2025-05-09 16:31:20.336,6820.0,1744,6810.0,19955,6800.0,101,6790.0,16237,6780.0,2370,6830.0,11403,6840.0,5805,6850.0,19683,6860.0,5375,6870.0,10857,2025-05-09 16:31:20.283,,2147483647,854105,False,nan
6645,1001126,1611904860,MERV - XMEV - GGAL - 24hs,6820.0,2025-05-09 16:31:19,6,2025-05-09 16:31:22.152,6820.0,1750,6810.0,19955,6800.0,101,6790.0,16237,6780.0,2370,6830.0,11403,6840.0,5805,6850.0,19683,6860.0,5375,6870.0,10857,2025-05-09 16:31:22.040,,2147483647,854105,False,nan
6646,1002334,1611906620,MERV - XMEV - GGAL - 24hs,6820.0,2025-05-09 16:31:31,185,2025-05-09 16:31:31.676,6820.0,1750,6810.0,19955,6800.0,101,6790.0,16237,6780.0,2370,6830.0,11403,6840.0,5805,6850.0,19683,6860.0,5375,6870.0,10857,2025-05-09 16:31:31.622,,2147483647,854105,True,bid
6647,1002412,1611906721,MERV - XMEV - GGAL - 24hs,6820.0,2025-05-09 16:31:31,185,2025-05-09 16:31:32.278,6820.0,1565,6810.0,19955,6800.0,101,6790.0,16237,6780.0,2370,6830.0,11403,6840.0,5805,6850.0,19683,6860.0,5375,6870.0,10857,2025-05-09 16:31:32.217,,2147483647,854105,False,nan
6648,1002476,1611906826,MERV - XMEV - GGAL - 24hs,6820.0,2025-05-09 16:31:31,185,2025-05-09 16:31:32.816,6820.0,1565,6810.0,19955,6800.0,101,6790.0,16237,6780.0,2370,6830.0,11403,6840.0,5805,6850.0,19683,6860.0,5375,6870.0,10857,2025-05-09 16:31:32.719,,2147483647,854290,False,nan
6649,1003007,1611907534,MERV - XMEV - GGAL - 24hs,6830.0,2025-05-09 16:31:38,1,2025-05-09 16:31:38.898,6820.0,1565,6810.0,19955,6800.0,101,6790.0,16237,6780.0,2370,6830.0,11403,6840.0,5805,6850.0,19683,6860.0,5375,6870.0,10857,2025-05-09 16:31:38.844,,2147483647,854290,True,offer
6650,1003075,1611907624,MERV - XMEV - GGAL - 24hs,6830.0,2025-05-09 16:31:38,1,2025-05-09 16:31:39.561,6820.0,1565,6810.0,19955,6800.0,101,6790.0,16237,6780.0,2370,6830.0,11402,6840.0,5805,6850.0,19683,6860.0,5375,6870.0,10857,2025-05-09 16:31:39.508,,2147483647,854290,False,nan
6651,1003107,1611907667,MERV - XMEV - GGAL - 24hs,6830.0,2025-05-09 16:31:38,1,2025-05-09 16:31:40.062,6820.0,1565,6810.0,19955,6800.0,101,6790.0,16237,6780.0,2370,6830.0,11402,6840.0,5805,6850.0,19683,6860.0,5375,6870.0,10857,2025-05-09 16:31:40.008,,2147483647,854291,False,nan
6652,1003324,1611907971,MERV - XMEV - GGAL - 24hs,6830.0,2025-05-09 16:31:38,1,2025-05-09 16:31:42.712,6820.0,1580,6810.0,19955,6800.0,101,6790.0,16237,6780.0,2370,6830.0,11402,6840.0,5805,6850.0,19683,6860.0,5375,6870.0,10857,2025-05-09 16:31:42.659,,2147483647,854291,False,nan
6653,1003885,1611908746,MERV - XMEV - GGAL - 24hs,6830.0,2025-05-09 16:31:38,1,2025-05-09 16:31:48.624,6820.0,1580,6810.0,19955,6800.0,101,6790.0,237,6780.0,18370,6830.0,11402,6840.0,17805,6850.0,7683,6860.0,5375,6870.0,10857,2025-05-09 16:31:48.572,,2147483647,854291,False,nan
6654,1004121,1611909053,MERV - XMEV - GGAL - 24hs,6830.0,2025-05-09 16:31:50,15,2025-05-09 16:31:50.201,6820.0,1580,6810.0,19955,6800.0,101,6790.0,237,6780.0,18370,6830.0,11402,6840.0,17805,6850.0,7683,6860.0,5375,6870.0,10857,2025-05-09 16:31:50.149,,2147483647,854291,True,offer
6655,1004162,1611909100,MERV - XMEV - GGAL - 24hs,6830.0,2025-05-09 16:31:50,15,2025-05-09 16:31:50.712,6820.0,1580,6810.0,19930,6800.0,101,6790.0,237,6780.0,18370,6830.0,11387,6840.0,17805,6850.0,7683,6860.0,5375,6870.0,10857,2025-05-09 16:31:50.649,,2147483647,854291,False,nan
6656,1004199,1611909144,MERV - XMEV - GGAL - 24hs,6830.0,2025-05-09 16:31:50,15,2025-05-09 16:31:51.205,6820.0,1580,6810.0,19930,6800.0,101,6790.0,237,6780.0,18370,6830.0,11387,6840.0,17805,6850.0,7683,6860.0,5375,6870.0,10857,2025-05-09 16:31:51.150,,2147483647,854306,False,nan
6657,1005040,1611910181,MERV - XMEV - GGAL - 24hs,6830.0,2025-05-09 16:31:50,15,2025-05-09 16:32:00.502,6820.0,1080,6810.0,19930,6800.0,101,6790.0,237,6780.0,18370,6830.0,11387,6840.0,17805,6850.0,7683,6860.0,5375,6870.0,10857,2025-05-09 16:32:00.449,,2147483647,854306,False,nan
6658,1005116,1611910278,MERV - XMEV - GGAL - 24hs,6830.0,2025-05-09 16:32:01,195,2025-05-09 16:32:01.338,6820.0,1080,6810.0,19930,6800.0,101,6790.0,237,6780.0,18370,6830.0,11387,6840.0,17805,6850.0,7683,6860.0,5375,6870.0,10857,2025-05-09 16:32:01.286,,2147483647,854306,True,offer
6659,1005224,1611910407,MERV - XMEV - GGAL - 24hs,6830.0,2025-05-09 16:32:01,195,2025-05-09 16:32:02.007,6820.0,1080,6810.0,19930,6800.0,101,6790.0,237,6780.0,18370,6830.0,11192,6840.0,17805,6850.0,7683,6860.0,5375,6870.0,10857,2025-05-09 16:32:01.955,,2147483647,854306,False,nan
6660,1005281,1611910479,MERV - XMEV - GGAL - 24hs,6830.0,2025-05-09 16:32:01,195,2025-05-09 16:32:02.509,6820.0,1080,6810.0,19930,6800.0,101,6790.0,237,6780.0,18370,6830.0,11192,6840.0,17805,6850.0,7683,6860.0,5375,6870.0,10857,2025-05-09 16:32:02.455,,2147483647,854501,False,nan
6661,1006091,1611911645,MERV - XMEV - GGAL - 24hs,6830.0,2025-05-09 16:32:10,2,2025-05-09 16:32:10.811,6820.0,1080,6810.0,19930,6800.0,101,6790.0,237,6780.0,18370,6830.0,11192,6840.0,17805,6850.0,7683,6860.0,5375,6870.0,10857,2025-05-09 16:32:10.759,,2147483647,854501,True,offer
6662,1006120,1611911694,MERV - XMEV - GGAL - 24hs,6830.0,2025-05-09 16:32:10,2,2025-05-09 16:32:11.326,6820.0,1080,6810.0,19930,6800.0,101,6790.0,237,6780.0,18370,6830.0,10790,6840.0,7805,6850.0,17683,6860.0,5375,6870.0,10857,2025-05-09 16:32:11.274,,2147483647,854501,False,nan
6663,1006189,1611911768,MERV - XMEV - GGAL - 24hs,6830.0,2025-05-09 16:32:10,2,2025-05-09 16:32:11.831,6820.0,1080,6810.0,19930,6800.0,101,6790.0,237,6780.0,18370,6830.0,10790,6840.0,7805,6850.0,17683,6860.0,5375,6870.0,10857,2025-05-09 16:32:11.776,,2147483647,854503,False,nan
6664,1006400,1611912038,MERV - XMEV - GGAL - 24hs,6830.0,2025-05-09 16:32:10,2,2025-05-09 16:32:13.914,6820.0,1105,6810.0,19930,6800.0,101,6790.0,237,6780.0,18370,6830.0,10790,6840.0,7805,6850.0,17683,6860.0,5375,6870.0,10857,2025-05-09 16:32:13.861,,2147483647,854503,False,nan
6665,1006653,1611912359,MERV - XMEV - GGAL - 24hs,6830.0,2025-05-09 16:32:10,2,2025-05-09 16:32:17.227,6820.0,1105,6810.0,19930,6800.0,101,6790.0,237,6780.0,18370,6830.0,10840,6840.0,7805,6850.0,17683,6860.0,5375,6870.0,10857,2025-05-09 16:32:17.174,,2147483647,854503,False,nan
6666,1006813,1611912593,MERV - XMEV - GGAL - 24hs,6830.0,2025-05-09 16:32:10,2,2025-05-09 16:32:18.985,6820.0,1105,6810.0,19930,6800.0,101,6790.0,237,6780.0,18370,6830.0,10840,6840.0,7805,6850.0,17683,6860.0,5375,6870.0,11257,2025-05-09 16:32:18.930,,2147483647,854503,False,nan
6667,1007057,1611912988,MERV - XMEV - GGAL - 24hs,6830.0,2025-05-09 16:32:10,2,2025-05-09 16:32:23.207,6820.0,1105,6810.0,19930,6800.0,101,6790.0,237,6780.0,18370,6830.0,10840,6840.0,7855,6850.0,17683,6860.0,5375,6870.0,11257,2025-05-09 16:32:23.155,,2147483647,854503,False,nan
6668,1008040,1611914324,MERV - XMEV - GGAL - 24hs,6830.0,2025-05-09 16:32:36,20,2025-05-09 16:32:36.612,6820.0,1105,6810.0,19930,6800.0,101,6790.0,237,6780.0,18370,6830.0,10840,6840.0,7855,6850.0,17683,6860.0,5375,6870.0,11257,2025-05-09 16:32:36.559,,2147483647,854503,True,offer
6669,1008098,1611914399,MERV - XMEV - GGAL - 24hs,6830.0,2025-05-09 16:32:36,20,2025-05-09 16:32:37.272,6820.0,1105,6810.0,19930,6800.0,101,6790.0,237,6780.0,18370,6830.0,10820,6840.0,7855,6850.0,17683,6860.0,5375,6870.0,11257,2025-05-09 16:32:37.221,,2147483647,854503,False,nan
6670,1008142,1611914458,MERV - XMEV - GGAL - 24hs,6830.0,2025-05-09 16:32:36,20,2025-05-09 16:32:37.772,6820.0,1105,6810.0,19930,6800.0,101,6790.0,237,6780.0,18370,6830.0,10820,6840.0,7855,6850.0,17683,6860.0,5375,6870.0,11257,2025-05-09 16:32:37.721,,2147483647,854523,False,nan
6671,1008595,1611915086,MERV - XMEV - GGAL - 24hs,6830.0,2025-05-09 16:32:42,43,2025-05-09 16:32:42.386,6820.0,1105,6810.0,19930,6800.0,101,6790.0,237,6780.0,18370,6830.0,10820,6840.0,7855,6850.0,17683,6860.0,5375,6870.0,11257,2025-05-09 16:32:42.331,,2147483647,854523,True,offer
6672,1008655,1611915164,MERV - XMEV - GGAL - 24hs,6830.0,2025-05-09 16:32:42,43,2025-05-09 16:32:42.919,6820.0,1105,6810.0,19930,6800.0,101,6790.0,237,6780.0,18370,6830.0,10777,6840.0,7855,6850.0,17683,6860.0,5375,6870.0,11257,2025-05-09 16:32:42.859,,2147483647,854523,False,nan
6673,1008713,1611915248,MERV - XMEV - GGAL - 24hs,6830.0,2025-05-09 16:32:42,43,2025-05-09 16:32:43.414,6820.0,1105,6810.0,19930,6800.0,101,6790.0,237,6780.0,18370,6830.0,10777,6840.0,7855,6850.0,17683,6860.0,5375,6870.0,11257,2025-05-09 16:32:43.359,,2147483647,854566,False,nan
6674,1008861,1611915431,MERV - XMEV - GGAL - 24hs,6830.0,2025-05-09 16:32:44,3,2025-05-09 16:32:44.671,6820.0,1105,6810.0,19930,6800.0,101,6790.0,237,6780.0,18370,6830.0,10777,6840.0,7855,6850.0,17683,6860.0,5375,6870.0,11257,2025-05-09 16:32:44.559,,2147483647,854566,True,offer
6675,1008906,1611915486,MERV - XMEV - GGAL - 24hs,6820.0,2025-05-09 16:32:44,191,2025-05-09 16:32:45.109,6820.0,1105,6810.0,19930,6800.0,101,6790.0,237,6780.0,18370,6830.0,10777,6840.0,7855,6850.0,17683,6860.0,5375,6870.0,11257,2025-05-09 16:32:45.059,,2147483647,854569,False,nan
6676,1008944,1611915533,MERV - XMEV - GGAL - 24hs,6820.0,2025-05-09 16:32:44,191,2025-05-09 16:32:45.609,6820.0,105,6810.0,19930,6800.0,101,6790.0,237,6780.0,18370,6830.0,10774,6840.0,7855,6850.0,17683,6860.0,5375,6870.0,11257,2025-05-09 16:32:45.559,,2147483647,855569,False,nan
6677,1009144,1611915818,MERV - XMEV - GGAL - 24hs,6820.0,2025-05-09 16:32:44,191,2025-05-09 16:32:48.164,6820.0,105,6810.0,19930,6800.0,101,6790.0,1237,6780.0,17370,6830.0,10774,6840.0,7855,6850.0,17683,6860.0,5375,6870.0,11257,2025-05-09 16:32:48.113,,2147483647,855569,False,nan
6678,1009213,1611915912,MERV - XMEV - GGAL - 24hs,6820.0,2025-05-09 16:32:48,12,2025-05-09 16:32:48.925,6820.0,105,6810.0,19930,6800.0,101,6790.0,1237,6780.0,17370,6830.0,10774,6840.0,7855,6850.0,17683,6860.0,5375,6870.0,11257,2025-05-09 16:32:48.875,,2147483647,855569,True,bid
6679,1009273,1611915993,MERV - XMEV - GGAL - 24hs,6820.0,2025-05-09 16:32:48,12,2025-05-09 16:32:49.584,6820.0,93,6810.0,19930,6800.0,101,6790.0,1237,6780.0,17370,6830.0,10774,6840.0,5855,6850.0,9683,6860.0,15375,6870.0,11257,2025-05-09 16:32:49.533,,2147483647,855569,False,nan
6680,1009340,1611916077,MERV - XMEV - GGAL - 24hs,6820.0,2025-05-09 16:32:49,25,2025-05-09 16:32:50.091,6820.0,93,6810.0,19930,6800.0,101,6790.0,1237,6780.0,17370,6830.0,10774,6840.0,5855,6850.0,9683,6860.0,15375,6870.0,11257,2025-05-09 16:32:50.033,,2147483647,855581,True,bid
6681,1009382,1611916125,MERV - XMEV - GGAL - 24hs,6820.0,2025-05-09 16:32:49,25,2025-05-09 16:32:50.585,6810.0,19930,6800.0,101,6790.0,1237,6780.0,17370,6770.0,2446,6820.0,7,6830.0,10774,6840.0,5855,6850.0,9683,6860.0,15375,2025-05-09 16:32:50.533,,2147483647,855674,False,nan
6682,1009541,1611916337,MERV - XMEV - GGAL - 24hs,6820.0,2025-05-09 16:32:49,25,2025-05-09 16:32:52.415,6810.0,19930,6800.0,101,6790.0,16237,6780.0,2370,6770.0,2446,6820.0,7,6830.0,10774,6840.0,5855,6850.0,9683,6860.0,15375,2025-05-09 16:32:52.363,,2147483647,855674,False,nan
6683,1009635,1611916456,MERV - XMEV - GGAL - 24hs,6820.0,2025-05-09 16:32:49,25,2025-05-09 16:32:53.652,6810.0,19930,6800.0,1101,6790.0,15237,6780.0,2370,6770.0,2446,6820.0,7,6830.0,10774,6840.0,5855,6850.0,9683,6860.0,15375,2025-05-09 16:32:53.602,,2147483647,855674,False,nan
6684,1009683,1611916516,MERV - XMEV - GGAL - 24hs,6810.0,2025-05-09 16:32:54,2,2025-05-09 16:32:54.386,6810.0,19930,6800.0,1101,6790.0,15237,6780.0,2370,6770.0,2446,6820.0,7,6830.0,10774,6840.0,5855,6850.0,9683,6860.0,15375,2025-05-09 16:32:54.323,,2147483647,855674,True,bid
6685,1009712,1611916557,MERV - XMEV - GGAL - 24hs,6810.0,2025-05-09 16:32:54,2,2025-05-09 16:32:54.906,6810.0,19928,6800.0,101,6790.0,16237,6780.0,2370,6770.0,2446,6820.0,7,6830.0,10774,6840.0,5855,6850.0,9683,6860.0,15375,2025-05-09 16:32:54.855,,2147483647,855674,False,nan
6686,1009752,1611916608,MERV - XMEV - GGAL - 24hs,6810.0,2025-05-09 16:32:54,2,2025-05-09 16:32:55.407,6810.0,19928,6800.0,101,6790.0,16237,6780.0,2370,6770.0,2446,6820.0,7,6830.0,10774,6840.0,5855,6850.0,9683,6860.0,15375,2025-05-09 16:32:55.356,,2147483647,855676,False,nan
6687,1009819,1611916704,MERV - XMEV - GGAL - 24hs,6820.0,2025-05-09 16:32:56,7,2025-05-09 16:32:56.329,6810.0,19928,6800.0,101,6790.0,16237,6780.0,2370,6770.0,2446,6820.0,7,6830.0,10774,6840.0,5855,6850.0,9683,6860.0,15375,2025-05-09 16:32:56.274,,2147483647,855676,True,offer
6688,1009883,1611916783,MERV - XMEV - GGAL - 24hs,6820.0,2025-05-09 16:32:56,7,2025-05-09 16:32:56.989,6820.0,243,6810.0,19928,6800.0,101,6790.0,16237,6780.0,2370,6830.0,10774,6840.0,5855,6850.0,9683,6860.0,15375,6870.0,11257,2025-05-09 16:32:56.937,,2147483647,855676,False,nan
6689,1009946,1611916860,MERV - XMEV - GGAL - 24hs,6820.0,2025-05-09 16:32:56,7,2025-05-09 16:32:57.488,6820.0,243,6810.0,19928,6800.0,101,6790.0,16237,6780.0,2370,6830.0,10774,6840.0,5855,6850.0,9683,6860.0,15375,6870.0,11257,2025-05-09 16:32:57.437,,2147483647,855683,False,nan
6690,1010031,1611916977,MERV - XMEV - GGAL - 24hs,6820.0,2025-05-09 16:32:56,7,2025-05-09 16:32:58.687,6820.0,243,6810.0,19928,6800.0,101,6790.0,16337,6780.0,2370,6830.0,10774,6840.0,5855,6850.0,9683,6860.0,15375,6870.0,11257,2025-05-09 16:32:58.637,,2147483647,855683,False,nan
6691,1010357,1611917398,MERV - XMEV - GGAL - 24hs,6830.0,2025-05-09 16:33:01,84,2025-05-09 16:33:01.684,6820.0,243,6810.0,19928,6800.0,101,6790.0,16337,6780.0,2370,6830.0,10774,6840.0,5855,6850.0,9683,6860.0,15375,6870.0,11257,2025-05-09 16:33:01.555,,2147483647,855683,True,offer
6692,1010417,1611917473,MERV - XMEV - GGAL - 24hs,6830.0,2025-05-09 16:33:01,84,2025-05-09 16:33:02.243,6820.0,1243,6810.0,19928,6800.0,101,6790.0,16337,6780.0,2370,6830.0,8690,6840.0,5855,6850.0,9683,6860.0,15375,6870.0,11257,2025-05-09 16:33:02.150,,2147483647,855683,False,nan
6693,1010451,1611917529,MERV - XMEV - GGAL - 24hs,6830.0,2025-05-09 16:33:01,84,2025-05-09 16:33:02.700,6820.0,1243,6810.0,19928,6800.0,101,6790.0,16337,6780.0,2370,6830.0,8690,6840.0,5855,6850.0,9683,6860.0,15375,6870.0,11257,2025-05-09 16:33:02.651,,2147483647,855767,False,nan
6694,1010761,1611917940,MERV - XMEV - GGAL - 24hs,6830.0,2025-05-09 16:33:01,84,2025-05-09 16:33:06.337,6820.0,1390,6810.0,19928,6800.0,101,6790.0,16337,6780.0,2370,6830.0,8690,6840.0,5855,6850.0,9683,6860.0,15375,6870.0,11257,2025-05-09 16:33:06.283,,2147483647,855767,False,nan
6695,1010856,1611918078,MERV - XMEV - GGAL - 24hs,6830.0,2025-05-09 16:33:07,4,2025-05-09 16:33:07.401,6820.0,1390,6810.0,19928,6800.0,101,6790.0,16337,6780.0,2370,6830.0,8690,6840.0,5855,6850.0,9683,6860.0,15375,6870.0,11257,2025-05-09 16:33:07.351,,2147483647,855767,True,offer
6696,1010894,1611918127,MERV - XMEV - GGAL - 24hs,6830.0,2025-05-09 16:33:07,4,2025-05-09 16:33:08.028,6820.0,1390,6810.0,19928,6800.0,101,6790.0,16337,6780.0,2470,6830.0,8686,6840.0,5855,6850.0,9683,6860.0,15375,6870.0,11257,2025-05-09 16:33:07.973,,2147483647,855767,False,nan
6697,1010930,1611918175,MERV - XMEV - GGAL - 24hs,6830.0,2025-05-09 16:33:07,4,2025-05-09 16:33:08.523,6820.0,1390,6810.0,19928,6800.0,101,6790.0,16337,6780.0,2470,6830.0,8686,6840.0,5855,6850.0,9683,6860.0,15375,6870.0,11257,2025-05-09 16:33:08.473,,2147483647,855771,False,nan
6698,1011813,1611919297,MERV - XMEV - GGAL - 24hs,6830.0,2025-05-09 16:33:07,4,2025-05-09 16:33:18.326,6820.0,1390,6810.0,19928,6800.0,101,6790.0,16337,6780.0,2470,6830.0,8686,6840.0,5855,6850.0,9683,6860.0,15375,6870.0,12257,2025-05-09 16:33:18.277,,2147483647,855771,False,nan
6699,1012028,1611919580,MERV - XMEV - GGAL - 24hs,6830.0,2025-05-09 16:33:07,4,2025-05-09 16:33:20.799,6820.0,1390,6810.0,19928,6800.0,15101,6790.0,1337,6780.0,2470,6830.0,8686,6840.0,5855,6850.0,9683,6860.0,15375,6870.0,12257,2025-05-09 16:33:20.736,,2147483647,855771,False,nan
6700,1012216,1611919828,MERV - XMEV - GGAL - 24hs,6830.0,2025-05-09 16:33:07,4,2025-05-09 16:33:23.068,6820.0,1390,6810.0,19928,6800.0,15101,6790.0,1337,6780.0,2470,6830.0,9186,6840.0,5855,6850.0,9683,6860.0,15375,6870.0,12257,2025-05-09 16:33:23.014,,2147483647,855771,False,nan
6701,1012339,1611920017,MERV - XMEV - GGAL - 24hs,6830.0,2025-05-09 16:33:23,6,2025-05-09 16:33:23.743,6820.0,1390,6810.0,19928,6800.0,15101,6790.0,1337,6780.0,2470,6830.0,9186,6840.0,5855,6850.0,9683,6860.0,15375,6870.0,12257,2025-05-09 16:33:23.519,,2147483647,855771,True,offer
6702,1012427,1611920161,MERV - XMEV - GGAL - 24hs,6830.0,2025-05-09 16:33:23,6,2025-05-09 16:33:24.179,6820.0,1390,6810.0,19953,6800.0,15101,6790.0,1337,6780.0,2470,6830.0,9180,6840.0,5855,6850.0,9683,6860.0,15375,6870.0,12257,2025-05-09 16:33:24.015,,2147483647,855777,False,nan
6703,1013265,1611921339,MERV - XMEV - GGAL - 24hs,6830.0,2025-05-09 16:33:30,4,2025-05-09 16:33:30.315,6820.0,1390,6810.0,19953,6800.0,15101,6790.0,1337,6780.0,2470,6830.0,9180,6840.0,5855,6850.0,9683,6860.0,15375,6870.0,12257,2025-05-09 16:33:30.260,,2147483647,855777,True,offer
6704,1013325,1611921422,MERV - XMEV - GGAL - 24hs,6830.0,2025-05-09 16:33:30,4,2025-05-09 16:33:30.991,6820.0,1390,6810.0,19953,6800.0,101,6790.0,16337,6780.0,2470,6830.0,9176,6840.0,5855,6850.0,19683,6860.0,5375,6870.0,12257,2025-05-09 16:33:30.929,,2147483647,855777,False,nan
6705,1013382,1611921496,MERV - XMEV - GGAL - 24hs,6830.0,2025-05-09 16:33:30,4,2025-05-09 16:33:31.482,6820.0,1390,6810.0,19953,6800.0,101,6790.0,16337,6780.0,2470,6830.0,9176,6840.0,5855,6850.0,19683,6860.0,5375,6870.0,12257,2025-05-09 16:33:31.430,,2147483647,855781,False,nan
6706,1013431,1611921560,MERV - XMEV - GGAL - 24hs,6830.0,2025-05-09 16:33:30,4,2025-05-09 16:33:31.979,6820.0,1390,6810.0,19953,6800.0,101,6790.0,15337,6780.0,3470,6830.0,9176,6840.0,5855,6850.0,19683,6860.0,5375,6870.0,12257,2025-05-09 16:33:31.930,,2147483647,855781,False,nan
6707,1013497,1611921638,MERV - XMEV - GGAL - 24hs,6830.0,2025-05-09 16:33:32,412,2025-05-09 16:33:32.481,6820.0,1390,6810.0,19953,6800.0,101,6790.0,15337,6780.0,3470,6830.0,9176,6840.0,5855,6850.0,19683,6860.0,5375,6870.0,12257,2025-05-09 16:33:32.430,,2147483647,855781,True,offer
6708,1013543,1611921693,MERV - XMEV - GGAL - 24hs,6830.0,2025-05-09 16:33:32,412,2025-05-09 16:33:32.980,6820.0,1390,6810.0,19953,6800.0,101,6790.0,15337,6780.0,3470,6830.0,2176,6840.0,5855,6850.0,19683,6860.0,5375,6870.0,12257,2025-05-09 16:33:32.930,,2147483647,865781,False,nan
6709,1013894,1611922147,MERV - XMEV - GGAL - 24hs,6830.0,2025-05-09 16:33:32,412,2025-05-09 16:33:37.314,6820.0,1390,6810.0,19953,6800.0,101,6790.0,15337,6780.0,3470,6830.0,2176,6840.0,7855,6850.0,17683,6860.0,5375,6870.0,12257,2025-05-09 16:33:37.264,,2147483647,865781,False,nan
6710,1014079,1611922391,MERV - XMEV - GGAL - 24hs,6820.0,2025-05-09 16:33:40,243,2025-05-09 16:33:40.212,6820.0,1390,6810.0,19953,6800.0,101,6790.0,15337,6780.0,3470,6830.0,2176,6840.0,7855,6850.0,17683,6860.0,5375,6870.0,12257,2025-05-09 16:33:40.162,,2147483647,865781,True,bid
6711,1014120,1611922452,MERV - XMEV - GGAL - 24hs,6820.0,2025-05-09 16:33:40,270,2025-05-09 16:33:40.713,6820.0,1390,6810.0,19953,6800.0,101,6790.0,15337,6780.0,3470,6830.0,2176,6840.0,7855,6850.0,17683,6860.0,5375,6870.0,12257,2025-05-09 16:33:40.662,,2147483647,865781,False,nan
6712,1014151,1611922494,MERV - XMEV - GGAL - 24hs,6820.0,2025-05-09 16:33:40,270,2025-05-09 16:33:41.216,6820.0,877,6810.0,19953,6800.0,101,6790.0,15337,6780.0,3470,6830.0,2176,6840.0,7855,6850.0,17683,6860.0,5375,6870.0,12257,2025-05-09 16:33:41.166,,2147483647,866294,False,nan
6713,1014672,1611923193,MERV - XMEV - GGAL - 24hs,6830.0,2025-05-09 16:33:46,41,2025-05-09 16:33:46.255,6820.0,877,6810.0,19953,6800.0,101,6790.0,15337,6780.0,3470,6830.0,2176,6840.0,7855,6850.0,17683,6860.0,5375,6870.0,12257,2025-05-09 16:33:46.198,,2147483647,866294,True,offer
6714,1014716,1611923252,MERV - XMEV - GGAL - 24hs,6830.0,2025-05-09 16:33:46,41,2025-05-09 16:33:46.863,6820.0,877,6810.0,19953,6800.0,101,6790.0,15337,6780.0,3470,6830.0,2135,6840.0,7855,6850.0,17683,6860.0,5375,6870.0,12257,2025-05-09 16:33:46.814,,2147483647,866294,False,nan
6715,1014750,1611923299,MERV - XMEV - GGAL - 24hs,6830.0,2025-05-09 16:33:46,41,2025-05-09 16:33:47.365,6820.0,877,6810.0,19953,6800.0,101,6790.0,15337,6780.0,3470,6830.0,2135,6840.0,7855,6850.0,17683,6860.0,5375,6870.0,12257,2025-05-09 16:33:47.315,,2147483647,866335,False,nan
6716,1014820,1611923391,MERV - XMEV - GGAL - 24hs,6830.0,2025-05-09 16:33:46,41,2025-05-09 16:33:48.466,6820.0,877,6810.0,19953,6800.0,101,6790.0,15337,6780.0,3470,6830.0,2135,6840.0,7855,6850.0,17683,6860.0,5375,6870.0,11857,2025-05-09 16:33:48.417,,2147483647,866335,False,nan
6717,1014912,1611923499,MERV - XMEV - GGAL - 24hs,6830.0,2025-05-09 16:33:46,41,2025-05-09 16:33:49.542,6820.0,877,6810.0,19953,6800.0,101,6790.0,15337,6780.0,3470,6830.0,2135,6840.0,5855,6850.0,19683,6860.0,5375,6870.0,11857,2025-05-09 16:33:49.479,,2147483647,866335,False,nan
6718,1014992,1611923603,MERV - XMEV - GGAL - 24hs,6830.0,2025-05-09 16:33:46,41,2025-05-09 16:33:50.619,6820.0,877,6810.0,19953,6800.0,101,6790.0,15337,6780.0,3470,6830.0,2135,6840.0,7855,6850.0,17683,6860.0,5375,6870.0,11857,2025-05-09 16:33:50.563,,2147483647,866335,False,nan
6719,1015234,1611923962,MERV - XMEV - GGAL - 24hs,6830.0,2025-05-09 16:33:53,218,2025-05-09 16:33:53.237,6820.0,877,6810.0,19953,6800.0,101,6790.0,15337,6780.0,3470,6830.0,2135,6840.0,7855,6850.0,17683,6860.0,5375,6870.0,11857,2025-05-09 16:33:53.188,,2147483647,866335,True,offer
6720,1015267,1611924006,MERV - XMEV - GGAL - 24hs,6820.0,2025-05-09 16:33:53,125,2025-05-09 16:33:53.736,6820.0,877,6810.0,19953,6800.0,101,6790.0,15337,6780.0,3470,6830.0,2135,6840.0,7855,6850.0,17683,6860.0,5375,6870.0,11857,2025-05-09 16:33:53.688,,2147483647,866553,False,nan
6721,1015352,1611924104,MERV - XMEV - GGAL - 24hs,6820.0,2025-05-09 16:33:53,125,2025-05-09 16:33:54.248,6820.0,22,6810.0,19953,6800.0,101,6790.0,15337,6780.0,3470,6830.0,1917,6840.0,5855,6850.0,19683,6860.0,5375,6870.0,11857,2025-05-09 16:33:54.188,,2147483647,867408,False,nan
6722,1015459,1611924252,MERV - XMEV - GGAL - 24hs,6820.0,2025-05-09 16:33:53,125,2025-05-09 16:33:55.407,6820.0,22,6810.0,19953,6800.0,101,6790.0,15337,6780.0,3470,6830.0,1917,6840.0,6255,6850.0,19683,6860.0,5375,6870.0,11857,2025-05-09 16:33:55.358,,2147483647,867408,False,nan
6723,1015501,1611924308,MERV - XMEV - GGAL - 24hs,6830.0,2025-05-09 16:33:55,71,2025-05-09 16:33:55.909,6820.0,22,6810.0,19953,6800.0,101,6790.0,15337,6780.0,3470,6830.0,1917,6840.0,6255,6850.0,19683,6860.0,5375,6870.0,11857,2025-05-09 16:33:55.858,,2147483647,867408,True,offer
6724,1015553,1611924369,MERV - XMEV - GGAL - 24hs,6830.0,2025-05-09 16:33:55,71,2025-05-09 16:33:56.411,6820.0,22,6810.0,19953,6800.0,101,6790.0,15337,6780.0,3470,6830.0,1017,6840.0,6255,6850.0,19683,6860.0,5375,6870.0,11857,2025-05-09 16:33:56.359,,2147483647,868308,False,nan
6725,1015587,1611924413,MERV - XMEV - GGAL - 24hs,6830.0,2025-05-09 16:33:55,71,2025-05-09 16:33:56.920,6820.0,22,6810.0,19953,6800.0,101,6790.0,16337,6780.0,2470,6830.0,1017,6840.0,6255,6850.0,19683,6860.0,5375,6870.0,11857,2025-05-09 16:33:56.859,,2147483647,868308,False,nan
6726,1015675,1611924522,MERV - XMEV - GGAL - 24hs,6830.0,2025-05-09 16:33:55,71,2025-05-09 16:33:57.562,6820.0,22,6810.0,19953,6800.0,101,6790.0,16337,6780.0,2470,6830.0,1017,6840.0,6255,6850.0,9683,6860.0,15375,6870.0,11857,2025-05-09 16:33:57.514,,2147483647,868308,False,nan
6727,1015872,1611924782,MERV - XMEV - GGAL - 24hs,6830.0,2025-05-09 16:33:55,71,2025-05-09 16:34:00.108,6820.0,22,6810.0,19953,6800.0,101,6790.0,16337,6780.0,2470,6830.0,3017,6840.0,6255,6850.0,9683,6860.0,15375,6870.0,11857,2025-05-09 16:34:00.059,,2147483647,868308,False,nan
6728,1016096,1611925071,MERV - XMEV - GGAL - 24hs,6830.0,2025-05-09 16:33:55,71,2025-05-09 16:34:01.639,6820.0,22,6810.0,19953,6800.0,101,6790.0,16337,6780.0,2470,6830.0,3017,6840.0,7255,6850.0,7683,6860.0,17375,6870.0,11857,2025-05-09 16:34:01.587,,2147483647,868308,False,nan
6729,1016193,1611925185,MERV - XMEV - GGAL - 24hs,6830.0,2025-05-09 16:33:55,71,2025-05-09 16:34:02.663,6820.0,22,6810.0,19953,6800.0,101,6790.0,16337,6780.0,2570,6830.0,3017,6840.0,7255,6850.0,7683,6860.0,17375,6870.0,11857,2025-05-09 16:34:02.614,,2147483647,868308,False,nan
6730,1016331,1611925368,MERV - XMEV - GGAL - 24hs,6830.0,2025-05-09 16:33:55,71,2025-05-09 16:34:03.954,6820.0,22,6810.0,19953,6800.0,101,6790.0,16337,6780.0,2570,6830.0,8017,6840.0,7255,6850.0,7683,6860.0,17375,6870.0,11857,2025-05-09 16:34:03.904,,2147483647,868308,False,nan
6731,1016370,1611925418,MERV - XMEV - GGAL - 24hs,6820.0,2025-05-09 16:34:04,3,2025-05-09 16:34:04.836,6820.0,22,6810.0,19953,6800.0,101,6790.0,16337,6780.0,2570,6830.0,8017,6840.0,7255,6850.0,7683,6860.0,17375,6870.0,11857,2025-05-09 16:34:04.771,,2147483647,868308,True,bid
6732,1016413,1611925470,MERV - XMEV - GGAL - 24hs,6820.0,2025-05-09 16:34:04,3,2025-05-09 16:34:04.991,6820.0,19,6810.0,19953,6800.0,101,6790.0,16337,6780.0,2570,6830.0,8017,6840.0,7255,6850.0,7683,6860.0,17375,6870.0,11857,2025-05-09 16:34:04.922,,2147483647,868308,False,nan
6733,1016481,1611925558,MERV - XMEV - GGAL - 24hs,6820.0,2025-05-09 16:34:04,3,2025-05-09 16:34:05.480,6820.0,19,6810.0,19953,6800.0,101,6790.0,16337,6780.0,2570,6830.0,8017,6840.0,7255,6850.0,7683,6860.0,17375,6870.0,11857,2025-05-09 16:34:05.422,,2147483647,868311,False,nan
6734,1016524,1611925615,MERV - XMEV - GGAL - 24hs,6820.0,2025-05-09 16:34:04,3,2025-05-09 16:34:05.971,6820.0,19,6810.0,19953,6800.0,101,6790.0,16337,6780.0,2570,6830.0,8117,6840.0,7255,6850.0,7683,6860.0,17375,6870.0,11857,2025-05-09 16:34:05.922,,2147483647,868311,False,nan
6735,1016786,1611925950,MERV - XMEV - GGAL - 24hs,6830.0,2025-05-09 16:34:08,243,2025-05-09 16:34:08.242,6820.0,19,6810.0,19953,6800.0,101,6790.0,16337,6780.0,2570,6830.0,8117,6840.0,7255,6850.0,7683,6860.0,17375,6870.0,11857,2025-05-09 16:34:08.193,,2147483647,868311,True,offer
6736,1016849,1611926036,MERV - XMEV - GGAL - 24hs,6830.0,2025-05-09 16:34:08,243,2025-05-09 16:34:08.766,6820.0,38,6810.0,19953,6800.0,101,6790.0,16337,6780.0,2570,6830.0,7874,6840.0,7255,6850.0,7683,6860.0,17375,6870.0,11857,2025-05-09 16:34:08.693,,2147483647,868311,False,nan
6737,1016905,1611926109,MERV - XMEV - GGAL - 24hs,6830.0,2025-05-09 16:34:08,243,2025-05-09 16:34:09.243,6820.0,38,6810.0,19953,6800.0,101,6790.0,16337,6780.0,2570,6830.0,7874,6840.0,7255,6850.0,7683,6860.0,17375,6870.0,11857,2025-05-09 16:34:09.193,,2147483647,868554,False,nan
6738,1017183,1611926499,MERV - XMEV - GGAL - 24hs,6830.0,2025-05-09 16:34:08,243,2025-05-09 16:34:12.721,6820.0,38,6810.0,19953,6800.0,101,6790.0,16337,6780.0,2570,6830.0,7874,6840.0,8255,6850.0,7683,6860.0,17375,6870.0,10857,2025-05-09 16:34:12.672,,2147483647,868554,False,nan
6739,1017346,1611926693,MERV - XMEV - GGAL - 24hs,6830.0,2025-05-09 16:34:08,243,2025-05-09 16:34:13.780,6820.0,38,6810.0,19953,6800.0,16101,6790.0,337,6780.0,2570,6830.0,7874,6840.0,7255,6850.0,8683,6860.0,17375,6870.0,10857,2025-05-09 16:34:13.725,,2147483647,868554,False,nan
6740,1017391,1611926755,MERV - XMEV - GGAL - 24hs,6830.0,2025-05-09 16:34:14,12,2025-05-09 16:34:14.284,6820.0,38,6810.0,19953,6800.0,16101,6790.0,337,6780.0,2570,6830.0,7874,6840.0,7255,6850.0,8683,6860.0,17375,6870.0,10857,2025-05-09 16:34:14.227,,2147483647,868554,True,offer
6741,1017477,1611926934,MERV - XMEV - GGAL - 24hs,6830.0,2025-05-09 16:34:14,12,2025-05-09 16:34:14.893,6820.0,38,6810.0,19953,6800.0,16101,6790.0,337,6780.0,2570,6830.0,7862,6840.0,7255,6850.0,8683,6860.0,17375,6870.0,10857,2025-05-09 16:34:14.841,,2147483647,868554,False,nan
6742,1017532,1611927002,MERV - XMEV - GGAL - 24hs,6830.0,2025-05-09 16:34:14,12,2025-05-09 16:34:15.399,6820.0,38,6810.0,19953,6800.0,16101,6790.0,337,6780.0,2570,6830.0,7862,6840.0,7255,6850.0,8683,6860.0,17375,6870.0,10857,2025-05-09 16:34:15.346,,2147483647,868566,False,nan
6743,1017715,1611927290,MERV - XMEV - GGAL - 24hs,6830.0,2025-05-09 16:34:17,2,2025-05-09 16:34:17.907,6820.0,38,6810.0,19953,6800.0,16101,6790.0,337,6780.0,2570,6830.0,7862,6840.0,7255,6850.0,8683,6860.0,17375,6870.0,10857,2025-05-09 16:34:17.858,,2147483647,868566,True,offer
6744,1017769,1611927363,MERV - XMEV - GGAL - 24hs,6830.0,2025-05-09 16:34:17,2,2025-05-09 16:34:18.405,6820.0,38,6810.0,19953,6800.0,16101,6790.0,337,6780.0,2570,6830.0,7860,6840.0,7255,6850.0,8683,6860.0,17375,6870.0,10857,2025-05-09 16:34:18.354,,2147483647,868566,False,nan
6745,1017807,1611927410,MERV - XMEV - GGAL - 24hs,6830.0,2025-05-09 16:34:17,2,2025-05-09 16:34:18.902,6820.0,38,6810.0,19953,6800.0,16101,6790.0,337,6780.0,2570,6830.0,7860,6840.0,7255,6850.0,8683,6860.0,17375,6870.0,10857,2025-05-09 16:34:18.854,,2147483647,868568,False,nan
6746,1019156,1611929283,MERV - XMEV - GGAL - 24hs,6830.0,2025-05-09 16:34:17,2,2025-05-09 16:34:36.569,6820.0,38,6810.0,19953,6800.0,101,6790.0,16337,6780.0,2570,6830.0,7860,6840.0,7255,6850.0,8683,6860.0,17375,6870.0,10857,2025-05-09 16:34:36.515,,2147483647,868568,False,nan
6747,1019403,1611929638,MERV - XMEV - GGAL - 24hs,6830.0,2025-05-09 16:34:17,2,2025-05-09 16:34:38.947,6820.0,48,6810.0,19953,6800.0,101,6790.0,16337,6780.0,2570,6830.0,7860,6840.0,7255,6850.0,8683,6860.0,17375,6870.0,10857,2025-05-09 16:34:38.835,,2147483647,868568,False,nan
6748,1020318,1611930973,MERV - XMEV - GGAL - 24hs,6830.0,2025-05-09 16:34:50,8,2025-05-09 16:34:50.179,6820.0,48,6810.0,19953,6800.0,101,6790.0,16337,6780.0,2570,6830.0,7860,6840.0,7255,6850.0,8683,6860.0,17375,6870.0,10857,2025-05-09 16:34:50.130,,2147483647,868568,True,offer
6749,1020370,1611931052,MERV - XMEV - GGAL - 24hs,6830.0,2025-05-09 16:34:50,8,2025-05-09 16:34:50.850,6820.0,48,6810.0,19953,6800.0,101,6790.0,16337,6780.0,2570,6830.0,7852,6840.0,7255,6850.0,8683,6860.0,17375,6870.0,10857,2025-05-09 16:34:50.791,,2147483647,868568,False,nan
6750,1020405,1611931094,MERV - XMEV - GGAL - 24hs,6830.0,2025-05-09 16:34:50,8,2025-05-09 16:34:51.337,6820.0,48,6810.0,19953,6800.0,101,6790.0,16337,6780.0,2570,6830.0,7852,6840.0,7255,6850.0,8683,6860.0,17375,6870.0,10857,2025-05-09 16:34:51.291,,2147483647,868576,False,nan
6751,1020960,1611931815,MERV - XMEV - GGAL - 24hs,6830.0,2025-05-09 16:34:50,8,2025-05-09 16:34:57.008,6820.0,48,6810.0,20645,6800.0,101,6790.0,16337,6780.0,2570,6830.0,7852,6840.0,7255,6850.0,8683,6860.0,17375,6870.0,10857,2025-05-09 16:34:56.961,,2147483647,868576,False,nan
6752,1021027,1611931904,MERV - XMEV - GGAL - 24hs,6830.0,2025-05-09 16:34:57,1,2025-05-09 16:34:57.646,6820.0,48,6810.0,20645,6800.0,101,6790.0,16337,6780.0,2570,6830.0,7852,6840.0,7255,6850.0,8683,6860.0,17375,6870.0,10857,2025-05-09 16:34:57.598,,2147483647,868576,True,offer
6753,1021123,1611932025,MERV - XMEV - GGAL - 24hs,6830.0,2025-05-09 16:34:57,1,2025-05-09 16:34:58.344,6820.0,48,6810.0,20645,6800.0,101,6790.0,16337,6780.0,2570,6830.0,7852,6840.0,7255,6850.0,8683,6860.0,17375,6870.0,10857,2025-05-09 16:34:58.288,,2147483647,868577,False,nan
6754,1021191,1611932160,MERV - XMEV - GGAL - 24hs,6830.0,2025-05-09 16:34:57,1,2025-05-09 16:34:58.834,6820.0,48,6810.0,20645,6800.0,101,6790.0,16337,6780.0,2570,6830.0,7851,6840.0,7255,6850.0,8683,6860.0,17375,6870.0,10857,2025-05-09 16:34:58.787,,2147483647,868577,False,nan
6755,1021793,1611932974,MERV - XMEV - GGAL - 24hs,6830.0,2025-05-09 16:35:03,3,2025-05-09 16:35:03.551,6820.0,48,6810.0,20645,6800.0,101,6790.0,16337,6780.0,2570,6830.0,7851,6840.0,7255,6850.0,8683,6860.0,17375,6870.0,10857,2025-05-09 16:35:03.505,,2147483647,868577,True,offer
6756,1021840,1611933037,MERV - XMEV - GGAL - 24hs,6820.0,2025-05-09 16:35:04,19,2025-05-09 16:35:04.123,6820.0,48,6810.0,20645,6800.0,101,6790.0,16337,6780.0,2570,6830.0,7851,6840.0,7255,6850.0,8683,6860.0,17375,6870.0,10857,2025-05-09 16:35:04.071,,2147483647,868580,True,bid
6757,1021892,1611933102,MERV - XMEV - GGAL - 24hs,6820.0,2025-05-09 16:35:04,10,2025-05-09 16:35:04.617,6810.0,20645,6800.0,101,6790.0,16337,6780.0,2570,6770.0,2546,6820.0,452,6830.0,7848,6840.0,7255,6850.0,8683,6860.0,17375,2025-05-09 16:35:04.566,,2147483647,868628,False,nan
6758,1022002,1611933238,MERV - XMEV - GGAL - 24hs,6820.0,2025-05-09 16:35:04,10,2025-05-09 16:35:05.664,6810.0,20645,6800.0,16101,6790.0,337,6780.0,2570,6770.0,2546,6820.0,452,6830.0,7848,6840.0,7255,6850.0,8683,6860.0,17375,2025-05-09 16:35:05.617,,2147483647,868628,False,nan
6759,1022583,1611934016,MERV - XMEV - GGAL - 24hs,6810.0,2025-05-09 16:35:11,1,2025-05-09 16:35:11.281,6810.0,20645,6800.0,16101,6790.0,337,6780.0,2570,6770.0,2546,6820.0,452,6830.0,7848,6840.0,7255,6850.0,8683,6860.0,17375,2025-05-09 16:35:11.235,,2147483647,868628,True,bid
6760,1022642,1611934091,MERV - XMEV - GGAL - 24hs,6820.0,2025-05-09 16:35:11,50,2025-05-09 16:35:11.831,6810.0,20645,6800.0,16101,6790.0,337,6780.0,2570,6770.0,2546,6820.0,452,6830.0,7848,6840.0,7255,6850.0,8683,6860.0,17375,2025-05-09 16:35:11.764,,2147483647,868629,False,nan
6761,1022695,1611934160,MERV - XMEV - GGAL - 24hs,6820.0,2025-05-09 16:35:11,50,2025-05-09 16:35:12.309,6810.0,20644,6800.0,16101,6790.0,337,6780.0,2570,6770.0,2546,6820.0,402,6830.0,7848,6840.0,7255,6850.0,8683,6860.0,17375,2025-05-09 16:35:12.263,,2147483647,868679,False,nan
6762,1022852,1611934357,MERV - XMEV - GGAL - 24hs,6820.0,2025-05-09 16:35:14,9,2025-05-09 16:35:14.262,6810.0,20644,6800.0,16101,6790.0,337,6780.0,2570,6770.0,2546,6820.0,402,6830.0,7848,6840.0,7255,6850.0,8683,6860.0,17375,2025-05-09 16:35:14.208,,2147483647,868679,True,offer
6763,1022891,1611934404,MERV - XMEV - GGAL - 24hs,6820.0,2025-05-09 16:35:14,9,2025-05-09 16:35:14.754,6810.0,20644,6800.0,16101,6790.0,337,6780.0,2570,6770.0,2546,6820.0,393,6830.0,7848,6840.0,7255,6850.0,8683,6860.0,17375,2025-05-09 16:35:14.708,,2147483647,868679,False,nan
6764,1022930,1611934453,MERV - XMEV - GGAL - 24hs,6820.0,2025-05-09 16:35:14,9,2025-05-09 16:35:15.255,6810.0,20644,6800.0,16101,6790.0,337,6780.0,2570,6770.0,2546,6820.0,393,6830.0,7848,6840.0,7255,6850.0,8683,6860.0,17375,2025-05-09 16:35:15.208,,2147483647,868688,False,nan
6765,1023137,1611934713,MERV - XMEV - GGAL - 24hs,6820.0,2025-05-09 16:35:14,9,2025-05-09 16:35:17.495,6810.0,20906,6800.0,16101,6790.0,337,6780.0,2570,6770.0,2546,6820.0,393,6830.0,7848,6840.0,7255,6850.0,8683,6860.0,17375,2025-05-09 16:35:17.449,,2147483647,868688,False,nan
6766,1023170,1611934752,MERV - XMEV - GGAL - 24hs,6820.0,2025-05-09 16:35:17,100,2025-05-09 16:35:17.996,6810.0,20906,6800.0,16101,6790.0,337,6780.0,2570,6770.0,2546,6820.0,393,6830.0,7848,6840.0,7255,6850.0,8683,6860.0,17375,2025-05-09 16:35:17.950,,2147483647,868705,True,offer
6767,1023216,1611934810,MERV - XMEV - GGAL - 24hs,6820.0,2025-05-09 16:35:17,100,2025-05-09 16:35:18.529,6810.0,20542,6800.0,16101,6790.0,337,6780.0,2570,6770.0,2546,6820.0,293,6830.0,7848,6840.0,7255,6850.0,8683,6860.0,17375,2025-05-09 16:35:18.483,,2147483647,868705,False,nan
6768,1023261,1611934871,MERV - XMEV - GGAL - 24hs,6820.0,2025-05-09 16:35:17,100,2025-05-09 16:35:19.494,6810.0,20542,6800.0,16101,6790.0,337,6780.0,2570,6770.0,2546,6820.0,293,6830.0,7848,6840.0,7255,6850.0,8683,6860.0,17375,2025-05-09 16:35:19.440,,2147483647,868805,False,nan
6769,1023381,1611935042,MERV - XMEV - GGAL - 24hs,6820.0,2025-05-09 16:35:17,100,2025-05-09 16:35:20.704,6810.0,20542,6800.0,101,6790.0,16337,6780.0,2570,6770.0,2546,6820.0,293,6830.0,7848,6840.0,7255,6850.0,8683,6860.0,17375,2025-05-09 16:35:20.644,,2147483647,868805,False,nan
6770,1023498,1611935190,MERV - XMEV - GGAL - 24hs,6820.0,2025-05-09 16:35:17,100,2025-05-09 16:35:22.068,6810.0,20542,6800.0,101,6790.0,16337,6780.0,2570,6770.0,2546,6820.0,293,6830.0,2848,6840.0,7255,6850.0,8683,6860.0,17375,2025-05-09 16:35:22.022,,2147483647,868805,False,nan
6771,1023654,1611935384,MERV - XMEV - GGAL - 24hs,6820.0,2025-05-09 16:35:23,10,2025-05-09 16:35:23.983,6810.0,20542,6800.0,101,6790.0,16337,6780.0,2570,6770.0,2546,6820.0,293,6830.0,2848,6840.0,7255,6850.0,8683,6860.0,17375,2025-05-09 16:35:23.936,,2147483647,868805,True,offer
6772,1023735,1611935487,MERV - XMEV - GGAL - 24hs,6820.0,2025-05-09 16:35:23,10,2025-05-09 16:35:24.658,6810.0,20542,6800.0,15101,6790.0,1337,6780.0,2570,6770.0,2546,6820.0,283,6830.0,2848,6840.0,7255,6850.0,8683,6860.0,17375,2025-05-09 16:35:24.600,,2147483647,868805,False,nan
6773,1023795,1611935567,MERV - XMEV - GGAL - 24hs,6820.0,2025-05-09 16:35:23,10,2025-05-09 16:35:25.148,6810.0,20542,6800.0,15101,6790.0,1337,6780.0,2570,6770.0,2546,6820.0,283,6830.0,2848,6840.0,7255,6850.0,8683,6860.0,17375,2025-05-09 16:35:25.101,,2147483647,868815,False,nan
6774,1024075,1611935934,MERV - XMEV - GGAL - 24hs,6820.0,2025-05-09 16:35:28,283,2025-05-09 16:35:28.440,6810.0,20542,6800.0,15101,6790.0,1337,6780.0,2570,6770.0,2546,6820.0,283,6830.0,2848,6840.0,7255,6850.0,8683,6860.0,17375,2025-05-09 16:35:28.393,,2147483647,868815,True,offer
6775,1024112,1611935994,MERV - XMEV - GGAL - 24hs,6820.0,2025-05-09 16:35:28,283,2025-05-09 16:35:29.110,6820.0,7050,6810.0,13492,6800.0,15101,6790.0,1337,6780.0,2570,6830.0,2848,6840.0,7255,6850.0,8683,6860.0,17375,6870.0,10857,2025-05-09 16:35:29.064,,2147483647,868815,False,nan
6776,1024182,1611936100,MERV - XMEV - GGAL - 24hs,6820.0,2025-05-09 16:35:28,283,2025-05-09 16:35:29.620,6820.0,7050,6810.0,13492,6800.0,15101,6790.0,1337,6780.0,2570,6830.0,2848,6840.0,7255,6850.0,8683,6860.0,17375,6870.0,10857,2025-05-09 16:35:29.565,,2147483647,869098,False,nan
6777,1024326,1611936294,MERV - XMEV - GGAL - 24hs,6820.0,2025-05-09 16:35:28,283,2025-05-09 16:35:30.543,6820.0,7050,6810.0,13492,6800.0,15101,6790.0,1337,6780.0,2570,6830.0,3848,6840.0,6255,6850.0,8683,6860.0,17375,6870.0,10857,2025-05-09 16:35:30.436,,2147483647,869098,False,nan
6778,1024610,1611936659,MERV - XMEV - GGAL - 24hs,6820.0,2025-05-09 16:35:28,283,2025-05-09 16:35:31.680,6820.0,7050,6810.0,13839,6800.0,15101,6790.0,1337,6780.0,2570,6830.0,3848,6840.0,6255,6850.0,8683,6860.0,17375,6870.0,10857,2025-05-09 16:35:31.322,,2147483647,869098,False,nan
6779,1024704,1611936784,MERV - XMEV - GGAL - 24hs,6820.0,2025-05-09 16:35:28,283,2025-05-09 16:35:32.120,6820.0,7050,6810.0,13492,6800.0,15101,6790.0,1337,6780.0,2570,6830.0,3848,6840.0,6255,6850.0,8683,6860.0,17375,6870.0,10857,2025-05-09 16:35:32.074,,2147483647,869098,False,nan
6780,1024830,1611936942,MERV - XMEV - GGAL - 24hs,6820.0,2025-05-09 16:35:28,283,2025-05-09 16:35:33.686,6820.0,7077,6810.0,13839,6800.0,15101,6790.0,1337,6780.0,2570,6830.0,3848,6840.0,6255,6850.0,8683,6860.0,17375,6870.0,10857,2025-05-09 16:35:33.641,,2147483647,869098,False,nan
6781,1024973,1611937128,MERV - XMEV - GGAL - 24hs,6820.0,2025-05-09 16:35:35,131,2025-05-09 16:35:35.455,6820.0,7077,6810.0,13839,6800.0,15101,6790.0,1337,6780.0,2570,6830.0,3848,6840.0,6255,6850.0,8683,6860.0,17375,6870.0,10857,2025-05-09 16:35:35.408,,2147483647,869098,True,bid
6782,1025021,1611937210,MERV - XMEV - GGAL - 24hs,6820.0,2025-05-09 16:35:35,131,2025-05-09 16:35:35.967,6820.0,6946,6810.0,14532,6800.0,15101,6790.0,1337,6780.0,2570,6830.0,3848,6840.0,6255,6850.0,8683,6860.0,17375,6870.0,10857,2025-05-09 16:35:35.915,,2147483647,869098,False,nan
6783,1025072,1611937280,MERV - XMEV - GGAL - 24hs,6820.0,2025-05-09 16:35:35,131,2025-05-09 16:35:36.460,6820.0,6946,6810.0,14532,6800.0,15101,6790.0,1337,6780.0,2570,6830.0,3848,6840.0,6255,6850.0,8683,6860.0,17375,6870.0,10857,2025-05-09 16:35:36.415,,2147483647,869229,False,nan
6784,1025116,1611937334,MERV - XMEV - GGAL - 24hs,6820.0,2025-05-09 16:35:35,131,2025-05-09 16:35:36.961,6820.0,6946,6810.0,14879,6800.0,15101,6790.0,1337,6780.0,2570,6830.0,3848,6840.0,6255,6850.0,8683,6860.0,17375,6870.0,10857,2025-05-09 16:35:36.915,,2147483647,869229,False,nan
6785,1025221,1611937476,MERV - XMEV - GGAL - 24hs,6820.0,2025-05-09 16:35:35,131,2025-05-09 16:35:37.988,6820.0,6946,6810.0,14879,6800.0,15101,6790.0,1229,6780.0,2570,6830.0,2848,6840.0,7255,6850.0,8683,6860.0,17375,6870.0,10857,2025-05-09 16:35:37.942,,2147483647,869229,False,nan
6786,1025286,1611937553,MERV - XMEV - GGAL - 24hs,6820.0,2025-05-09 16:35:38,5000,2025-05-09 16:35:38.488,6820.0,6946,6810.0,14879,6800.0,15101,6790.0,1229,6780.0,2570,6830.0,2848,6840.0,7255,6850.0,8683,6860.0,17375,6870.0,10857,2025-05-09 16:35:38.442,,2147483647,869229,True,bid
6787,1025344,1611937630,MERV - XMEV - GGAL - 24hs,6820.0,2025-05-09 16:35:38,5000,2025-05-09 16:35:39.033,6820.0,1946,6810.0,14879,6800.0,15101,6790.0,1229,6780.0,2570,6830.0,2848,6840.0,7255,6850.0,8683,6860.0,17375,6870.0,10857,2025-05-09 16:35:38.985,,2147483647,869229,False,nan
6788,1025396,1611937691,MERV - XMEV - GGAL - 24hs,6820.0,2025-05-09 16:35:38,5000,2025-05-09 16:35:39.531,6820.0,1946,6810.0,14879,6800.0,15101,6790.0,1229,6780.0,2570,6830.0,2848,6840.0,7255,6850.0,8683,6860.0,17375,6870.0,10857,2025-05-09 16:35:39.485,,2147483647,874229,False,nan
6789,1025466,1611937784,MERV - XMEV - GGAL - 24hs,6820.0,2025-05-09 16:35:38,5000,2025-05-09 16:35:40.438,6820.0,1946,6810.0,14858,6800.0,15101,6790.0,1229,6780.0,2570,6830.0,2848,6840.0,7255,6850.0,8683,6860.0,17375,6870.0,10857,2025-05-09 16:35:40.393,,2147483647,874229,False,nan
6790,1025606,1611937989,MERV - XMEV - GGAL - 24hs,6820.0,2025-05-09 16:35:38,5000,2025-05-09 16:35:41.647,6820.0,1946,6810.0,14858,6800.0,15101,6790.0,229,6780.0,2570,6830.0,2848,6840.0,7255,6850.0,8683,6860.0,17375,6870.0,10857,2025-05-09 16:35:41.558,,2147483647,874229,False,nan
6791,1025672,1611938082,MERV - XMEV - GGAL - 24hs,6820.0,2025-05-09 16:35:38,5000,2025-05-09 16:35:42.328,6820.0,1946,6810.0,14879,6800.0,15101,6790.0,1229,6780.0,2570,6830.0,2848,6840.0,7255,6850.0,8683,6860.0,17375,6870.0,10857,2025-05-09 16:35:42.255,,2147483647,874229,False,nan
6792,1025876,1611938324,MERV - XMEV - GGAL - 24hs,6820.0,2025-05-09 16:35:38,5000,2025-05-09 16:35:43.875,6820.0,1946,6810.0,14879,6800.0,101,6790.0,16229,6780.0,2570,6830.0,2848,6840.0,17255,6850.0,8683,6860.0,5375,6870.0,10857,2025-05-09 16:35:43.829,,2147483647,874229,False,nan
6793,1025960,1611938435,MERV - XMEV - GGAL - 24hs,6820.0,2025-05-09 16:35:38,5000,2025-05-09 16:35:44.648,6820.0,1946,6810.0,15226,6800.0,101,6790.0,229,6780.0,18570,6830.0,2848,6840.0,17255,6850.0,8683,6860.0,5375,6870.0,10857,2025-05-09 16:35:44.602,,2147483647,874229,False,nan
6794,1026061,1611938562,MERV - XMEV - GGAL - 24hs,6830.0,2025-05-09 16:35:45,29,2025-05-09 16:35:45.314,6820.0,1946,6810.0,15226,6800.0,101,6790.0,229,6780.0,18570,6830.0,2848,6840.0,17255,6850.0,8683,6860.0,5375,6870.0,10857,2025-05-09 16:35:45.263,,2147483647,874229,True,offer
6795,1026101,1611938609,MERV - XMEV - GGAL - 24hs,6830.0,2025-05-09 16:35:45,29,2025-05-09 16:35:45.820,6820.0,1946,6810.0,14879,6800.0,101,6790.0,229,6780.0,18570,6830.0,2819,6840.0,19255,6850.0,8683,6860.0,5375,6870.0,10857,2025-05-09 16:35:45.763,,2147483647,874229,False,nan
6796,1026152,1611938691,MERV - XMEV - GGAL - 24hs,6830.0,2025-05-09 16:35:45,29,2025-05-09 16:35:46.314,6820.0,1946,6810.0,14879,6800.0,101,6790.0,229,6780.0,18570,6830.0,2819,6840.0,19255,6850.0,8683,6860.0,5375,6870.0,10857,2025-05-09 16:35:46.263,,2147483647,874258,False,nan
6797,1026345,1611938949,MERV - XMEV - GGAL - 24hs,6830.0,2025-05-09 16:35:45,29,2025-05-09 16:35:48.315,6820.0,1946,6810.0,14879,6800.0,114,6790.0,229,6780.0,18570,6830.0,2819,6840.0,19255,6850.0,8683,6860.0,5375,6870.0,10857,2025-05-09 16:35:48.269,,2147483647,874258,False,nan
6798,1026390,1611939009,MERV - XMEV - GGAL - 24hs,6830.0,2025-05-09 16:35:45,29,2025-05-09 16:35:49.200,6820.0,1946,6810.0,14879,6800.0,114,6790.0,15229,6780.0,3570,6830.0,2819,6840.0,19255,6850.0,8683,6860.0,5375,6870.0,10857,2025-05-09 16:35:49.154,,2147483647,874258,False,nan
6799,1026561,1611939219,MERV - XMEV - GGAL - 24hs,6830.0,2025-05-09 16:35:50,14,2025-05-09 16:35:51.100,6820.0,1946,6810.0,14879,6800.0,114,6790.0,15229,6780.0,3570,6830.0,2819,6840.0,19255,6850.0,8683,6860.0,5375,6870.0,10857,2025-05-09 16:35:51.020,,2147483647,874258,True,offer
6800,1026672,1611939342,MERV - XMEV - GGAL - 24hs,6830.0,2025-05-09 16:35:50,14,2025-05-09 16:35:51.734,6820.0,1946,6810.0,14879,6800.0,114,6790.0,15229,6780.0,3570,6830.0,2805,6840.0,19255,6850.0,8683,6860.0,5375,6870.0,10857,2025-05-09 16:35:51.683,,2147483647,874258,False,nan
6801,1026705,1611939389,MERV - XMEV - GGAL - 24hs,6830.0,2025-05-09 16:35:50,14,2025-05-09 16:35:52.230,6820.0,1946,6810.0,14879,6800.0,114,6790.0,15229,6780.0,3570,6830.0,2805,6840.0,19255,6850.0,8683,6860.0,5375,6870.0,10857,2025-05-09 16:35:52.184,,2147483647,874272,False,nan
6802,1026939,1611939676,MERV - XMEV - GGAL - 24hs,6820.0,2025-05-09 16:35:53,1919,2025-05-09 16:35:53.939,6820.0,1946,6810.0,14879,6800.0,114,6790.0,15229,6780.0,3570,6830.0,2805,6840.0,19255,6850.0,8683,6860.0,5375,6870.0,10857,2025-05-09 16:35:53.892,,2147483647,874272,True,bid
6803,1027046,1611939797,MERV - XMEV - GGAL - 24hs,6820.0,2025-05-09 16:35:53,54,2025-05-09 16:35:54.751,6820.0,1946,6810.0,14879,6800.0,114,6790.0,15229,6780.0,3570,6830.0,2805,6840.0,19255,6850.0,8683,6860.0,5375,6870.0,10857,2025-05-09 16:35:54.594,,2147483647,874272,False,nan
6804,1027106,1611939869,MERV - XMEV - GGAL - 24hs,6820.0,2025-05-09 16:35:53,54,2025-05-09 16:35:55.188,6820.0,5113,6810.0,14879,6800.0,114,6790.0,15229,6780.0,3570,6830.0,805,6840.0,19255,6850.0,8683,6860.0,5375,6870.0,10857,2025-05-09 16:35:55.092,,2147483647,876272,False,nan
6805,1027236,1611940011,MERV - XMEV - GGAL - 24hs,6820.0,2025-05-09 16:35:53,54,2025-05-09 16:35:55.868,6820.0,13613,6810.0,7929,6800.0,114,6790.0,15324,6780.0,3570,6830.0,805,6840.0,19255,6850.0,8683,6860.0,5375,6870.0,10857,2025-05-09 16:35:55.816,,2147483647,876272,False,nan
6806,1027307,1611940098,MERV - XMEV - GGAL - 24hs,6820.0,2025-05-09 16:35:53,54,2025-05-09 16:35:56.923,6820.0,13613,6810.0,7929,6800.0,114,6790.0,15324,6780.0,3570,6830.0,1305,6840.0,19255,6850.0,8683,6860.0,5375,6870.0,10857,2025-05-09 16:35:56.723,,2147483647,876272,False,nan
6807,1027375,1611940194,MERV - XMEV - GGAL - 24hs,6820.0,2025-05-09 16:35:53,54,2025-05-09 16:35:57.724,6820.0,13613,6810.0,7929,6800.0,114,6790.0,324,6780.0,18570,6830.0,1305,6840.0,19255,6850.0,8683,6860.0,5375,6870.0,10857,2025-05-09 16:35:57.672,,2147483647,876272,False,nan
6808,1027671,1611940601,MERV - XMEV - GGAL - 24hs,6820.0,2025-05-09 16:36:01,1867,2025-05-09 16:36:01.756,6820.0,13613,6810.0,7929,6800.0,114,6790.0,324,6780.0,18570,6830.0,1305,6840.0,19255,6850.0,8683,6860.0,5375,6870.0,10857,2025-05-09 16:36:01.712,,2147483647,876272,True,bid
6809,1027757,1611940710,MERV - XMEV - GGAL - 24hs,6820.0,2025-05-09 16:36:01,1867,2025-05-09 16:36:02.257,6820.0,11746,6810.0,7929,6800.0,114,6790.0,324,6780.0,18570,6830.0,1305,6840.0,19255,6850.0,8983,6860.0,5375,6870.0,10857,2025-05-09 16:36:02.211,,2147483647,876272,False,nan
6810,1027795,1611940753,MERV - XMEV - GGAL - 24hs,6820.0,2025-05-09 16:36:01,1867,2025-05-09 16:36:02.756,6820.0,11746,6810.0,7929,6800.0,114,6790.0,324,6780.0,18570,6830.0,1305,6840.0,19255,6850.0,8983,6860.0,5375,6870.0,10857,2025-05-09 16:36:02.712,,2147483647,878139,False,nan
6811,1028221,1611941298,MERV - XMEV - GGAL - 24hs,6820.0,2025-05-09 16:36:01,1867,2025-05-09 16:36:07.792,6820.0,11746,6810.0,7929,6800.0,114,6790.0,15324,6780.0,3570,6830.0,1305,6840.0,19255,6850.0,8983,6860.0,5375,6870.0,10857,2025-05-09 16:36:07.745,,2147483647,878139,False,nan
6812,1028448,1611941574,MERV - XMEV - GGAL - 24hs,6820.0,2025-05-09 16:36:01,1867,2025-05-09 16:36:09.698,6820.0,11746,6810.0,7236,6800.0,114,6790.0,15324,6780.0,3570,6830.0,1305,6840.0,19255,6850.0,8983,6860.0,5375,6870.0,10857,2025-05-09 16:36:09.653,,2147483647,878139,False,nan
6813,1028492,1611941636,MERV - XMEV - GGAL - 24hs,6820.0,2025-05-09 16:36:01,1867,2025-05-09 16:36:10.465,6820.0,11746,6810.0,6889,6800.0,114,6790.0,15324,6780.0,3570,6830.0,1305,6840.0,19255,6850.0,8983,6860.0,5375,6870.0,10857,2025-05-09 16:36:10.420,,2147483647,878139,False,nan
6814,1028567,1611941744,MERV - XMEV - GGAL - 24hs,6820.0,2025-05-09 16:36:01,1867,2025-05-09 16:36:11.692,6820.0,11746,6810.0,6889,6800.0,114,6790.0,324,6780.0,18570,6830.0,1305,6840.0,19255,6850.0,8983,6860.0,5375,6870.0,10857,2025-05-09 16:36:11.645,,2147483647,878139,False,nan
6815,1028644,1611941845,MERV - XMEV - GGAL - 24hs,6820.0,2025-05-09 16:36:01,1867,2025-05-09 16:36:12.476,6820.0,11746,6810.0,9145,6800.0,114,6790.0,324,6780.0,18570,6830.0,1305,6840.0,19255,6850.0,8983,6860.0,5375,6870.0,10857,2025-05-09 16:36:12.430,,2147483647,878139,False,nan
6816,1028704,1611941966,MERV - XMEV - GGAL - 24hs,6830.0,2025-05-09 16:36:12,10,2025-05-09 16:36:13.031,6820.0,11746,6810.0,9145,6800.0,114,6790.0,324,6780.0,18570,6830.0,1305,6840.0,19255,6850.0,8983,6860.0,5375,6870.0,10857,2025-05-09 16:36:12.986,,2147483647,878139,True,offer
6817,1028729,1611942000,MERV - XMEV - GGAL - 24hs,6830.0,2025-05-09 16:36:12,10,2025-05-09 16:36:13.532,6820.0,11746,6810.0,9491,6800.0,114,6790.0,324,6780.0,18570,6830.0,1295,6840.0,19255,6850.0,8983,6860.0,5375,6870.0,10857,2025-05-09 16:36:13.486,,2147483647,878139,False,nan
6818,1028769,1611942054,MERV - XMEV - GGAL - 24hs,6830.0,2025-05-09 16:36:12,10,2025-05-09 16:36:14.030,6820.0,11746,6810.0,9491,6800.0,114,6790.0,324,6780.0,18570,6830.0,1295,6840.0,19255,6850.0,8983,6860.0,5375,6870.0,10857,2025-05-09 16:36:13.986,,2147483647,878149,False,nan
6819,1028899,1611942213,MERV - XMEV - GGAL - 24hs,6830.0,2025-05-09 16:36:12,10,2025-05-09 16:36:15.263,6820.0,11746,6810.0,9145,6800.0,114,6790.0,324,6780.0,18570,6830.0,1295,6840.0,19255,6850.0,8983,6860.0,5375,6870.0,10857,2025-05-09 16:36:15.205,,2147483647,878149,False,nan
6820,1028952,1611942288,MERV - XMEV - GGAL - 24hs,6830.0,2025-05-09 16:36:16,45,2025-05-09 16:36:16.171,6820.0,11746,6810.0,9145,6800.0,114,6790.0,324,6780.0,18570,6830.0,1295,6840.0,19255,6850.0,8983,6860.0,5375,6870.0,10857,2025-05-09 16:36:16.126,,2147483647,878149,True,offer
6821,1028984,1611942332,MERV - XMEV - GGAL - 24hs,6820.0,2025-05-09 16:36:16,500,2025-05-09 16:36:16.670,6820.0,11746,6810.0,9145,6800.0,114,6790.0,324,6780.0,18570,6830.0,1295,6840.0,19255,6850.0,8983,6860.0,5375,6870.0,10857,2025-05-09 16:36:16.626,,2147483647,878194,False,nan
6822,1029012,1611942367,MERV - XMEV - GGAL - 24hs,6820.0,2025-05-09 16:36:16,500,2025-05-09 16:36:17.172,6820.0,11246,6810.0,9145,6800.0,114,6790.0,324,6780.0,18570,6830.0,1250,6840.0,19255,6850.0,8983,6860.0,5375,6870.0,10857,2025-05-09 16:36:17.126,,2147483647,878694,False,nan
6823,1029139,1611942534,MERV - XMEV - GGAL - 24hs,6820.0,2025-05-09 16:36:18,1296,2025-05-09 16:36:18.964,6820.0,11246,6810.0,9145,6800.0,114,6790.0,324,6780.0,18570,6830.0,1250,6840.0,19255,6850.0,8983,6860.0,5375,6870.0,10857,2025-05-09 16:36:18.871,,2147483647,878694,True,bid
6824,1029237,1611942665,MERV - XMEV - GGAL - 24hs,6820.0,2025-05-09 16:36:18,1296,2025-05-09 16:36:19.367,6820.0,9950,6810.0,9838,6800.0,114,6790.0,324,6780.0,18570,6830.0,1250,6840.0,19255,6850.0,8983,6860.0,5375,6870.0,10857,2025-05-09 16:36:19.214,,2147483647,878694,False,nan
6825,1029302,1611942736,MERV - XMEV - GGAL - 24hs,6820.0,2025-05-09 16:36:18,1296,2025-05-09 16:36:19.759,6820.0,9950,6810.0,9838,6800.0,114,6790.0,324,6780.0,18570,6830.0,1250,6840.0,19255,6850.0,8983,6860.0,5375,6870.0,10857,2025-05-09 16:36:19.714,,2147483647,879990,False,nan
6826,1029838,1611943424,MERV - XMEV - GGAL - 24hs,6830.0,2025-05-09 16:36:24,15,2025-05-09 16:36:24.170,6820.0,9950,6810.0,9838,6800.0,114,6790.0,324,6780.0,18570,6830.0,1250,6840.0,19255,6850.0,8983,6860.0,5375,6870.0,10857,2025-05-09 16:36:24.116,,2147483647,879990,True,offer
6827,1029902,1611943522,MERV - XMEV - GGAL - 24hs,6830.0,2025-05-09 16:36:24,15,2025-05-09 16:36:24.679,6820.0,9950,6810.0,9145,6800.0,114,6790.0,324,6780.0,18570,6830.0,1235,6840.0,19255,6850.0,8983,6860.0,5375,6870.0,10857,2025-05-09 16:36:24.616,,2147483647,879990,False,nan
6828,1029991,1611943641,MERV - XMEV - GGAL - 24hs,6830.0,2025-05-09 16:36:24,15,2025-05-09 16:36:25.171,6820.0,9950,6810.0,9145,6800.0,114,6790.0,324,6780.0,18570,6830.0,1235,6840.0,19255,6850.0,8983,6860.0,5375,6870.0,10857,2025-05-09 16:36:25.116,,2147483647,880005,False,nan
6829,1030117,1611943794,MERV - XMEV - GGAL - 24hs,6820.0,2025-05-09 16:36:26,215,2025-05-09 16:36:26.866,6820.0,9950,6810.0,9145,6800.0,114,6790.0,324,6780.0,18570,6830.0,1235,6840.0,19255,6850.0,8983,6860.0,5375,6870.0,10857,2025-05-09 16:36:26.822,,2147483647,880005,True,bid
6830,1030191,1611943899,MERV - XMEV - GGAL - 24hs,6820.0,2025-05-09 16:36:26,215,2025-05-09 16:36:27.595,6820.0,9735,6810.0,9145,6800.0,114,6790.0,324,6780.0,18570,6830.0,1235,6840.0,19255,6850.0,8983,6860.0,5375,6870.0,10857,2025-05-09 16:36:27.546,,2147483647,880005,False,nan
6831,1030233,1611943960,MERV - XMEV - GGAL - 24hs,6820.0,2025-05-09 16:36:26,215,2025-05-09 16:36:28.092,6820.0,9735,6810.0,9145,6800.0,114,6790.0,324,6780.0,18570,6830.0,1235,6840.0,19255,6850.0,8983,6860.0,5375,6870.0,10857,2025-05-09 16:36:28.046,,2147483647,880220,False,nan
6832,1030364,1611944154,MERV - XMEV - GGAL - 24hs,6820.0,2025-05-09 16:36:29,214,2025-05-09 16:36:29.838,6820.0,9735,6810.0,9145,6800.0,114,6790.0,324,6780.0,18570,6830.0,1235,6840.0,19255,6850.0,8983,6860.0,5375,6870.0,10857,2025-05-09 16:36:29.760,,2147483647,880220,True,bid
6833,1030417,1611944231,MERV - XMEV - GGAL - 24hs,6820.0,2025-05-09 16:36:29,214,2025-05-09 16:36:30.381,6820.0,9521,6810.0,9145,6800.0,114,6790.0,324,6780.0,18570,6830.0,1235,6840.0,19255,6850.0,8983,6860.0,5375,6870.0,10857,2025-05-09 16:36:30.337,,2147483647,880220,False,nan
6834,1030466,1611944293,MERV - XMEV - GGAL - 24hs,6820.0,2025-05-09 16:36:29,214,2025-05-09 16:36:30.887,6820.0,9521,6810.0,9145,6800.0,114,6790.0,324,6780.0,18570,6830.0,1235,6840.0,19255,6850.0,8983,6860.0,5375,6870.0,10857,2025-05-09 16:36:30.837,,2147483647,880434,False,nan
6835,1030662,1611944601,MERV - XMEV - GGAL - 24hs,6820.0,2025-05-09 16:36:29,214,2025-05-09 16:36:32.650,6820.0,9521,6810.0,8798,6800.0,114,6790.0,324,6780.0,18570,6830.0,1235,6840.0,19255,6850.0,8983,6860.0,5375,6870.0,10857,2025-05-09 16:36:32.333,,2147483647,880434,False,nan
6836,1030981,1611945042,MERV - XMEV - GGAL - 24hs,6820.0,2025-05-09 16:36:29,214,2025-05-09 16:36:34.760,6820.0,9521,6810.0,9491,6800.0,114,6790.0,324,6780.0,18570,6830.0,1235,6840.0,19255,6850.0,8983,6860.0,5375,6870.0,10857,2025-05-09 16:36:34.488,,2147483647,880434,False,nan
6837,1031126,1611945252,MERV - XMEV - GGAL - 24hs,6820.0,2025-05-09 16:36:29,214,2025-05-09 16:36:36.092,6820.0,9521,6810.0,10185,6800.0,114,6790.0,324,6780.0,18570,6830.0,1235,6840.0,19255,6850.0,8983,6860.0,5375,6870.0,10857,2025-05-09 16:36:36.019,,2147483647,880434,False,nan
6838,1031185,1611945351,MERV - XMEV - GGAL - 24hs,6820.0,2025-05-09 16:36:29,214,2025-05-09 16:36:36.855,6820.0,9521,6810.0,10186,6800.0,114,6790.0,324,6780.0,18570,6830.0,1235,6840.0,19255,6850.0,8983,6860.0,5375,6870.0,10857,2025-05-09 16:36:36.786,,2147483647,880434,False,nan
6839,1031242,1611945451,MERV - XMEV - GGAL - 24hs,6820.0,2025-05-09 16:36:29,214,2025-05-09 16:36:37.551,6820.0,9521,6810.0,10533,6800.0,114,6790.0,324,6780.0,18570,6830.0,1235,6840.0,19255,6850.0,8983,6860.0,5375,6870.0,10857,2025-05-09 16:36:37.476,,2147483647,880434,False,nan
6840,1031303,1611945545,MERV - XMEV - GGAL - 24hs,6820.0,2025-05-09 16:36:29,214,2025-05-09 16:36:38.294,6820.0,9521,6810.0,10186,6800.0,114,6790.0,15324,6780.0,3570,6830.0,1235,6840.0,19255,6850.0,8983,6860.0,5375,6870.0,10857,2025-05-09 16:36:38.251,,2147483647,880434,False,nan
6841,1031378,1611945633,MERV - XMEV - GGAL - 24hs,6820.0,2025-05-09 16:36:29,214,2025-05-09 16:36:39.076,6820.0,9521,6810.0,10533,6800.0,114,6790.0,15324,6780.0,3570,6830.0,1135,6840.0,19255,6850.0,8983,6860.0,5375,6870.0,10857,2025-05-09 16:36:39.030,,2147483647,880434,False,nan
6842,1031538,1611945856,MERV - XMEV - GGAL - 24hs,6820.0,2025-05-09 16:36:40,1021,2025-05-09 16:36:40.547,6820.0,9521,6810.0,10533,6800.0,114,6790.0,15324,6780.0,3570,6830.0,1135,6840.0,19255,6850.0,8983,6860.0,5375,6870.0,10857,2025-05-09 16:36:40.495,,2147483647,880434,True,bid
6843,1031642,1611946078,MERV - XMEV - GGAL - 24hs,6820.0,2025-05-09 16:36:40,979,2025-05-09 16:36:41.235,6820.0,9521,6810.0,10533,6800.0,114,6790.0,15324,6780.0,3570,6830.0,1135,6840.0,19255,6850.0,8983,6860.0,5375,6870.0,10857,2025-05-09 16:36:41.002,,2147483647,880434,False,nan
6844,1031686,1611946192,MERV - XMEV - GGAL - 24hs,6820.0,2025-05-09 16:36:40,979,2025-05-09 16:36:41.580,6820.0,7521,6810.0,12266,6800.0,114,6790.0,15324,6780.0,3570,6830.0,1135,6840.0,19255,6850.0,8983,6860.0,5375,6870.0,10857,2025-05-09 16:36:41.501,,2147483647,882434,False,nan
6845,1031779,1611946387,MERV - XMEV - GGAL - 24hs,6820.0,2025-05-09 16:36:40,979,2025-05-09 16:36:43.021,6820.0,7521,6810.0,12266,6800.0,114,6790.0,324,6780.0,18570,6830.0,1135,6840.0,19255,6850.0,8983,6860.0,5375,6870.0,10857,2025-05-09 16:36:42.974,,2147483647,882434,False,nan
6846,1032103,1611946790,MERV - XMEV - GGAL - 24hs,6820.0,2025-05-09 16:36:45,37,2025-05-09 16:36:45.240,6820.0,7521,6810.0,12266,6800.0,114,6790.0,324,6780.0,18570,6830.0,1135,6840.0,19255,6850.0,8983,6860.0,5375,6870.0,10857,2025-05-09 16:36:45.163,,2147483647,882434,True,bid
6847,1032221,1611946928,MERV - XMEV - GGAL - 24hs,6820.0,2025-05-09 16:36:45,37,2025-05-09 16:36:45.862,6820.0,7484,6810.0,10533,6800.0,114,6790.0,324,6780.0,18570,6830.0,1135,6840.0,19255,6850.0,8983,6860.0,5375,6870.0,10857,2025-05-09 16:36:45.812,,2147483647,882434,False,nan
6848,1032287,1611947028,MERV - XMEV - GGAL - 24hs,6820.0,2025-05-09 16:36:45,37,2025-05-09 16:36:46.839,6820.0,7484,6810.0,10533,6800.0,114,6790.0,324,6780.0,18570,6830.0,1135,6840.0,19255,6850.0,8983,6860.0,5375,6870.0,10857,2025-05-09 16:36:46.703,,2147483647,882471,False,nan
6849,1032646,1611947570,MERV - XMEV - GGAL - 24hs,6820.0,2025-05-09 16:36:45,37,2025-05-09 16:36:50.120,6820.0,7484,6810.0,12266,6800.0,114,6790.0,324,6780.0,18570,6830.0,1135,6840.0,19255,6850.0,8983,6860.0,5375,6870.0,10857,2025-05-09 16:36:50.016,,2147483647,882471,False,nan
6850,1032858,1611947888,MERV - XMEV - GGAL - 24hs,6820.0,2025-05-09 16:36:45,37,2025-05-09 16:36:52.203,6820.0,7484,6810.0,12266,6800.0,114,6790.0,16324,6780.0,2570,6830.0,1135,6840.0,19255,6850.0,8983,6860.0,5375,6870.0,10857,2025-05-09 16:36:52.160,,2147483647,882471,False,nan
6851,1032933,1611947992,MERV - XMEV - GGAL - 24hs,6820.0,2025-05-09 16:36:45,37,2025-05-09 16:36:53.005,6820.0,7484,6810.0,11920,6800.0,114,6790.0,16324,6780.0,2570,6830.0,1135,6840.0,19255,6850.0,8983,6860.0,5375,6870.0,10857,2025-05-09 16:36:52.962,,2147483647,882471,False,nan
6852,1033119,1611948218,MERV - XMEV - GGAL - 24hs,6820.0,2025-05-09 16:36:54,100,2025-05-09 16:36:54.694,6820.0,7484,6810.0,11920,6800.0,114,6790.0,16324,6780.0,2570,6830.0,1135,6840.0,19255,6850.0,8983,6860.0,5375,6870.0,10857,2025-05-09 16:36:54.650,,2147483647,882471,True,bid
6853,1033185,1611948336,MERV - XMEV - GGAL - 24hs,6820.0,2025-05-09 16:36:54,100,2025-05-09 16:36:55.446,6820.0,7384,6810.0,11920,6800.0,114,6790.0,16324,6780.0,2570,6830.0,1135,6840.0,19255,6850.0,8983,6860.0,5375,6870.0,10857,2025-05-09 16:36:55.403,,2147483647,882471,False,nan
6854,1033238,1611948411,MERV - XMEV - GGAL - 24hs,6820.0,2025-05-09 16:36:54,100,2025-05-09 16:36:55.947,6820.0,7384,6810.0,11920,6800.0,114,6790.0,16324,6780.0,2570,6830.0,1135,6840.0,19255,6850.0,8983,6860.0,5375,6870.0,10857,2025-05-09 16:36:55.903,,2147483647,882571,False,nan
6855,1033470,1611948695,MERV - XMEV - GGAL - 24hs,6820.0,2025-05-09 16:36:54,100,2025-05-09 16:36:58.786,6820.0,7384,6810.0,11920,6800.0,114,6790.0,16324,6780.0,2570,6830.0,635,6840.0,19255,6850.0,8983,6860.0,5375,6870.0,10857,2025-05-09 16:36:58.741,,2147483647,882571,False,nan
6856,1033642,1611948947,MERV - XMEV - GGAL - 24hs,6830.0,2025-05-09 16:37:00,1,2025-05-09 16:37:00.654,6820.0,7384,6810.0,11920,6800.0,114,6790.0,16324,6780.0,2570,6830.0,635,6840.0,19255,6850.0,8983,6860.0,5375,6870.0,10857,2025-05-09 16:37:00.611,,2147483647,882571,True,offer
6857,1033700,1611949035,MERV - XMEV - GGAL - 24hs,6830.0,2025-05-09 16:37:00,1,2025-05-09 16:37:01.179,6820.0,7384,6810.0,11920,6800.0,114,6790.0,16324,6780.0,2570,6830.0,634,6840.0,7255,6850.0,20983,6860.0,5375,6870.0,10857,2025-05-09 16:37:01.110,,2147483647,882571,False,nan
6858,1033751,1611949135,MERV - XMEV - GGAL - 24hs,6820.0,2025-05-09 16:37:01,37,2025-05-09 16:37:01.659,6820.0,7384,6810.0,11920,6800.0,114,6790.0,16324,6780.0,2570,6830.0,634,6840.0,7255,6850.0,20983,6860.0,5375,6870.0,10857,2025-05-09 16:37:01.611,,2147483647,882609,True,bid
6859,1033804,1611949235,MERV - XMEV - GGAL - 24hs,6820.0,2025-05-09 16:37:01,37,2025-05-09 16:37:02.158,6820.0,7347,6810.0,11920,6800.0,114,6790.0,16324,6780.0,2570,6830.0,634,6840.0,7255,6850.0,20983,6860.0,5375,6870.0,10857,2025-05-09 16:37:02.110,,2147483647,882609,False,nan
6860,1034037,1611949566,MERV - XMEV - GGAL - 24hs,6820.0,2025-05-09 16:37:01,37,2025-05-09 16:37:04.455,6820.0,7445,6810.0,11920,6800.0,114,6790.0,16324,6780.0,2570,6830.0,634,6840.0,7255,6850.0,21233,6860.0,5375,6870.0,10857,2025-05-09 16:37:04.329,,2147483647,882609,False,nan
6861,1034102,1611949650,MERV - XMEV - GGAL - 24hs,6820.0,2025-05-09 16:37:01,37,2025-05-09 16:37:04.999,6820.0,7450,6810.0,11920,6800.0,114,6790.0,16324,6780.0,2570,6830.0,634,6840.0,7255,6850.0,21233,6860.0,5375,6870.0,10857,2025-05-09 16:37:04.953,,2147483647,882609,False,nan
6862,1034257,1611949840,MERV - XMEV - GGAL - 24hs,6830.0,2025-05-09 16:37:06,634,2025-05-09 16:37:07.045,6820.0,7450,6810.0,11920,6800.0,114,6790.0,16324,6780.0,2570,6830.0,634,6840.0,7255,6850.0,21233,6860.0,5375,6870.0,10857,2025-05-09 16:37:06.997,,2147483647,882609,True,offer
6863,1034369,1611949979,MERV - XMEV - GGAL - 24hs,6830.0,2025-05-09 16:37:06,634,2025-05-09 16:37:07.715,6820.0,7450,6810.0,6545,6800.0,114,6790.0,16324,6780.0,2570,6840.0,7255,6850.0,21233,6860.0,5375,6870.0,10857,6880.0,10406,2025-05-09 16:37:07.524,,2147483647,882609,False,nan
6864,1034427,1611950058,MERV - XMEV - GGAL - 24hs,6830.0,2025-05-09 16:37:06,634,2025-05-09 16:37:08.066,6820.0,7450,6810.0,6545,6800.0,114,6790.0,16324,6780.0,2570,6840.0,7255,6850.0,21233,6860.0,5375,6870.0,10857,6880.0,10406,2025-05-09 16:37:08.022,,2147483647,883243,False,nan
6865,1034521,1611950167,MERV - XMEV - GGAL - 24hs,6820.0,2025-05-09 16:37:08,13,2025-05-09 16:37:08.566,6820.0,7437,6810.0,6617,6800.0,114,6790.0,16324,6780.0,2570,6840.0,7255,6850.0,21233,6860.0,5375,6870.0,10857,6880.0,10406,2025-05-09 16:37:08.522,,2147483647,883243,True,bid
6866,1034571,1611950225,MERV - XMEV - GGAL - 24hs,6820.0,2025-05-09 16:37:08,13,2025-05-09 16:37:09.311,6820.0,7437,6810.0,6617,6800.0,114,6790.0,16324,6780.0,2570,6840.0,7255,6850.0,21233,6860.0,5375,6870.0,10857,6880.0,10406,2025-05-09 16:37:09.145,,2147483647,883881,False,nan
6867,1034672,1611950393,MERV - XMEV - GGAL - 24hs,6820.0,2025-05-09 16:37:08,13,2025-05-09 16:37:09.814,6820.0,7512,6810.0,6617,6800.0,114,6790.0,16324,6780.0,2563,6840.0,7256,6850.0,21233,6860.0,5375,6870.0,10856,6880.0,10406,2025-05-09 16:37:09.729,,2147483647,883881,False,nan
6868,1034812,1611950588,MERV - XMEV - GGAL - 24hs,6820.0,2025-05-09 16:37:08,13,2025-05-09 16:37:11.042,6830.0,100,6820.0,7437,6810.0,6617,6800.0,114,6790.0,16331,6840.0,7255,6850.0,21233,6860.0,5375,6870.0,10856,6880.0,10407,2025-05-09 16:37:10.994,,2147483647,883881,False,nan
6869,1034850,1611950637,MERV - XMEV - GGAL - 24hs,6830.0,2025-05-09 16:37:11,54,2025-05-09 16:37:11.538,6830.0,100,6820.0,7437,6810.0,6617,6800.0,114,6790.0,16331,6840.0,7255,6850.0,21233,6860.0,5375,6870.0,10856,6880.0,10407,2025-05-09 16:37:11.493,,2147483647,883881,True,bid
6870,1034902,1611950729,MERV - XMEV - GGAL - 24hs,6830.0,2025-05-09 16:37:11,54,2025-05-09 16:37:12.039,6830.0,46,6820.0,7437,6810.0,6617,6800.0,114,6790.0,16331,6840.0,7255,6850.0,21233,6860.0,5375,6870.0,10856,6880.0,10407,2025-05-09 16:37:11.994,,2147483647,883935,False,nan
6871,1035179,1611951130,MERV - XMEV - GGAL - 24hs,6830.0,2025-05-09 16:37:11,54,2025-05-09 16:37:15.086,6830.0,46,6820.0,22437,6810.0,7617,6800.0,114,6790.0,331,6840.0,7255,6850.0,9233,6860.0,5375,6870.0,22856,6880.0,10407,2025-05-09 16:37:15.042,,2147483647,883935,False,nan
6872,1035283,1611951287,MERV - XMEV - GGAL - 24hs,6830.0,2025-05-09 16:37:11,54,2025-05-09 16:37:15.843,6830.0,3829,6820.0,22437,6810.0,7617,6800.0,114,6790.0,331,6840.0,7255,6850.0,9233,6860.0,5375,6870.0,12856,6880.0,20407,2025-05-09 16:37:15.801,,2147483647,883935,False,nan
6873,1035381,1611951420,MERV - XMEV - GGAL - 24hs,6830.0,2025-05-09 16:37:11,54,2025-05-09 16:37:16.820,6830.0,2269,6820.0,22437,6810.0,7617,6800.0,214,6790.0,331,6840.0,7255,6850.0,9233,6860.0,5375,6870.0,12856,6880.0,20407,2025-05-09 16:37:16.775,,2147483647,883935,False,nan
6874,1035451,1611951533,MERV - XMEV - GGAL - 24hs,6830.0,2025-05-09 16:37:11,54,2025-05-09 16:37:17.590,6830.0,2792,6820.0,22437,6810.0,7617,6800.0,214,6790.0,331,6840.0,7255,6850.0,9233,6860.0,5375,6870.0,12856,6880.0,20407,2025-05-09 16:37:17.544,,2147483647,883935,False,nan
6875,1035533,1611951656,MERV - XMEV - GGAL - 24hs,6830.0,2025-05-09 16:37:18,46,2025-05-09 16:37:18.275,6830.0,2792,6820.0,22437,6810.0,7617,6800.0,214,6790.0,331,6840.0,7255,6850.0,9233,6860.0,5375,6870.0,12856,6880.0,20407,2025-05-09 16:37:18.221,,2147483647,883935,True,bid
6876,1035570,1611951701,MERV - XMEV - GGAL - 24hs,6830.0,2025-05-09 16:37:18,109,2025-05-09 16:37:18.772,6820.0,29487,6810.0,7617,6800.0,214,6790.0,331,6780.0,2563,6840.0,7255,6850.0,9233,6860.0,5375,6870.0,12856,6880.0,20407,2025-05-09 16:37:18.721,,2147483647,883935,False,nan
6877,1035618,1611951766,MERV - XMEV - GGAL - 24hs,6830.0,2025-05-09 16:37:18,109,2025-05-09 16:37:19.268,6830.0,555,6820.0,30487,6810.0,6617,6800.0,214,6790.0,331,6840.0,7255,6850.0,9233,6860.0,5375,6870.0,12856,6880.0,20407,2025-05-09 16:37:19.221,,2147483647,884233,False,nan
6878,1035739,1611951927,MERV - XMEV - GGAL - 24hs,6830.0,2025-05-09 16:37:18,109,2025-05-09 16:37:20.435,6830.0,1039,6820.0,30487,6810.0,6617,6800.0,214,6790.0,331,6840.0,7255,6850.0,9233,6860.0,5375,6870.0,22856,6880.0,10407,2025-05-09 16:37:20.387,,2147483647,884233,False,nan
6879,1035814,1611952030,MERV - XMEV - GGAL - 24hs,6840.0,2025-05-09 16:37:21,100,2025-05-09 16:37:21.181,6830.0,1039,6820.0,30487,6810.0,6617,6800.0,214,6790.0,331,6840.0,7255,6850.0,9233,6860.0,5375,6870.0,22856,6880.0,10407,2025-05-09 16:37:21.138,,2147483647,884233,True,offer
6880,1035886,1611952146,MERV - XMEV - GGAL - 24hs,6840.0,2025-05-09 16:37:21,295,2025-05-09 16:37:21.683,6830.0,3644,6820.0,30487,6810.0,6617,6800.0,214,6790.0,331,6840.0,2255,6850.0,9233,6860.0,5375,6870.0,22856,6880.0,10407,2025-05-09 16:37:21.640,,2147483647,884233,False,nan
6881,1035958,1611952236,MERV - XMEV - GGAL - 24hs,6840.0,2025-05-09 16:37:21,295,2025-05-09 16:37:22.181,6830.0,3644,6820.0,30487,6810.0,6617,6800.0,214,6790.0,331,6840.0,2255,6850.0,9233,6860.0,5375,6870.0,22856,6880.0,10407,2025-05-09 16:37:22.139,,2147483647,889233,False,nan
6882,1035988,1611952280,MERV - XMEV - GGAL - 24hs,6840.0,2025-05-09 16:37:21,295,2025-05-09 16:37:22.709,6830.0,5003,6820.0,30487,6810.0,6617,6800.0,214,6790.0,431,6840.0,2255,6850.0,9233,6860.0,5375,6870.0,22856,6880.0,10407,2025-05-09 16:37:22.639,,2147483647,889233,False,nan
6883,1036039,1611952345,MERV - XMEV - GGAL - 24hs,6840.0,2025-05-09 16:37:21,295,2025-05-09 16:37:23.239,6830.0,5401,6820.0,29487,6810.0,7617,6800.0,214,6790.0,431,6840.0,2255,6850.0,9233,6860.0,5375,6870.0,22856,6880.0,10407,2025-05-09 16:37:23.193,,2147483647,889233,False,nan
6884,1036110,1611952436,MERV - XMEV - GGAL - 24hs,6840.0,2025-05-09 16:37:23,14,2025-05-09 16:37:23.739,6830.0,5401,6820.0,29487,6810.0,7617,6800.0,214,6790.0,431,6840.0,2255,6850.0,9233,6860.0,5375,6870.0,22856,6880.0,10407,2025-05-09 16:37:23.693,,2147483647,889233,True,offer
6885,1036153,1611952509,MERV - XMEV - GGAL - 24hs,6840.0,2025-05-09 16:37:23,14,2025-05-09 16:37:24.236,6830.0,5401,6820.0,14487,6810.0,22617,6800.0,214,6790.0,431,6840.0,2241,6850.0,9233,6860.0,5375,6870.0,10856,6880.0,22407,2025-05-09 16:37:24.193,,2147483647,889233,False,nan
6886,1036212,1611952585,MERV - XMEV - GGAL - 24hs,6840.0,2025-05-09 16:37:23,14,2025-05-09 16:37:24.737,6830.0,5401,6820.0,14487,6810.0,22617,6800.0,214,6790.0,431,6840.0,2241,6850.0,9233,6860.0,5375,6870.0,10856,6880.0,22407,2025-05-09 16:37:24.694,,2147483647,889247,False,nan
6887,1036294,1611952695,MERV - XMEV - GGAL - 24hs,6840.0,2025-05-09 16:37:24,573,2025-05-09 16:37:25.604,6830.0,5401,6820.0,14487,6810.0,22617,6800.0,214,6790.0,431,6840.0,2241,6850.0,9233,6860.0,5375,6870.0,10856,6880.0,22407,2025-05-09 16:37:25.453,,2147483647,889247,True,offer
6888,1036366,1611952797,MERV - XMEV - GGAL - 24hs,6840.0,2025-05-09 16:37:25,1000,2025-05-09 16:37:25.912,6830.0,51,6820.0,14487,6810.0,22617,6800.0,214,6790.0,431,6840.0,1668,6850.0,9233,6860.0,5375,6870.0,10856,6880.0,22407,2025-05-09 16:37:25.693,,2147483647,890393,True,offer
6889,1036421,1611952865,MERV - XMEV - GGAL - 24hs,6840.0,2025-05-09 16:37:25,1000,2025-05-09 16:37:26.570,6840.0,293,6830.0,51,6820.0,14482,6810.0,22617,6800.0,214,6850.0,9233,6860.0,5375,6870.0,10856,6880.0,22407,6890.0,2927,2025-05-09 16:37:26.527,,2147483647,890393,False,nan
6890,1036487,1611952961,MERV - XMEV - GGAL - 24hs,6840.0,2025-05-09 16:37:26,99,2025-05-09 16:37:27.074,6830.0,51,6820.0,14482,6810.0,22617,6800.0,214,6790.0,431,6840.0,443,6850.0,9233,6860.0,5375,6870.0,10856,6880.0,22407,2025-05-09 16:37:27.028,,2147483647,892248,True,bid
6891,1036752,1611953385,MERV - XMEV - GGAL - 24hs,6840.0,2025-05-09 16:37:30,1,2025-05-09 16:37:30.109,6830.0,51,6820.0,14482,6810.0,22617,6800.0,214,6790.0,431,6840.0,443,6850.0,9233,6860.0,5375,6870.0,10856,6880.0,22407,2025-05-09 16:37:30.063,,2147483647,892248,True,offer
6892,1036809,1611953476,MERV - XMEV - GGAL - 24hs,6840.0,2025-05-09 16:37:30,442,2025-05-09 16:37:30.607,6830.0,51,6820.0,14482,6810.0,22617,6800.0,214,6790.0,431,6840.0,443,6850.0,9233,6860.0,5375,6870.0,10856,6880.0,22407,2025-05-09 16:37:30.564,,2147483647,892691,False,nan
6893,1036940,1611953646,MERV - XMEV - GGAL - 24hs,6840.0,2025-05-09 16:37:30,58,2025-05-09 16:37:31.139,6830.0,101,6820.0,14482,6810.0,7617,6800.0,15214,6790.0,431,6840.0,58,6850.0,9233,6860.0,5375,6870.0,10856,6880.0,22407,2025-05-09 16:37:31.063,,2147483647,893133,False,nan
6894,1037013,1611953764,MERV - XMEV - GGAL - 24hs,6840.0,2025-05-09 16:37:30,58,2025-05-09 16:37:31.764,6830.0,101,6820.0,14482,6810.0,7617,6800.0,15214,6790.0,431,6850.0,9233,6860.0,5375,6870.0,10856,6880.0,22407,6890.0,2927,2025-05-09 16:37:31.670,,2147483647,893133,False,nan
6895,1037088,1611953868,MERV - XMEV - GGAL - 24hs,6840.0,2025-05-09 16:37:30,58,2025-05-09 16:37:32.232,6830.0,101,6820.0,14482,6810.0,7617,6800.0,15214,6790.0,431,6850.0,9233,6860.0,5375,6870.0,10856,6880.0,22407,6890.0,2927,2025-05-09 16:37:32.170,,2147483647,893191,False,nan
6896,1037167,1611953968,MERV - XMEV - GGAL - 24hs,6840.0,2025-05-09 16:37:30,58,2025-05-09 16:37:32.799,6840.0,500,6830.0,101,6820.0,14482,6810.0,7617,6800.0,15221,6850.0,9233,6860.0,5375,6870.0,10856,6880.0,22406,6890.0,2928,2025-05-09 16:37:32.739,,2147483647,893191,False,nan
6897,1037224,1611954055,MERV - XMEV - GGAL - 24hs,6840.0,2025-05-09 16:37:32,422,2025-05-09 16:37:33.285,6840.0,500,6830.0,101,6820.0,14482,6810.0,7617,6800.0,15221,6850.0,9233,6860.0,5375,6870.0,10856,6880.0,22406,6890.0,2928,2025-05-09 16:37:33.243,,2147483647,893269,True,bid
6898,1037272,1611954123,MERV - XMEV - GGAL - 24hs,6840.0,2025-05-09 16:37:32,422,2025-05-09 16:37:33.784,6830.0,101,6820.0,14482,6810.0,7617,6800.0,15221,6790.0,424,6840.0,120,6850.0,9233,6860.0,5375,6870.0,10856,6880.0,22406,2025-05-09 16:37:33.742,,2147483647,893691,False,nan
6899,1037824,1611954872,MERV - XMEV - GGAL - 24hs,6840.0,2025-05-09 16:37:32,422,2025-05-09 16:37:37.743,6830.0,3101,6820.0,14482,6810.0,7617,6800.0,15221,6790.0,424,6840.0,120,6850.0,9233,6860.0,5375,6870.0,10856,6880.0,22406,2025-05-09 16:37:37.049,,2147483647,893691,False,nan
6900,1037879,1611954953,MERV - XMEV - GGAL - 24hs,6840.0,2025-05-09 16:37:37,3,2025-05-09 16:37:37.988,6830.0,3101,6820.0,14482,6810.0,7617,6800.0,15221,6790.0,424,6840.0,182,6850.0,9233,6860.0,5375,6870.0,12056,6880.0,22406,2025-05-09 16:37:37.521,,2147483647,893691,True,offer
6901,1037926,1611955009,MERV - XMEV - GGAL - 24hs,6840.0,2025-05-09 16:37:37,3,2025-05-09 16:37:38.160,6830.0,3101,6820.0,14482,6810.0,7617,6800.0,15221,6790.0,424,6840.0,179,6850.0,9233,6860.0,5375,6870.0,12056,6880.0,22406,2025-05-09 16:37:38.049,,2147483647,893691,False,nan
6902,1038008,1611955110,MERV - XMEV - GGAL - 24hs,6840.0,2025-05-09 16:37:37,3,2025-05-09 16:37:38.594,6830.0,3101,6820.0,14482,6810.0,7617,6800.0,15221,6790.0,424,6840.0,179,6850.0,9233,6860.0,5375,6870.0,12056,6880.0,22406,2025-05-09 16:37:38.549,,2147483647,893694,False,nan
6903,1038048,1611955159,MERV - XMEV - GGAL - 24hs,6840.0,2025-05-09 16:37:37,3,2025-05-09 16:37:39.095,6830.0,4106,6820.0,14482,6810.0,7617,6800.0,15221,6790.0,424,6840.0,179,6850.0,9233,6860.0,5375,6870.0,12056,6880.0,22406,2025-05-09 16:37:39.050,,2147483647,893694,False,nan
6904,1038456,1611955729,MERV - XMEV - GGAL - 24hs,6840.0,2025-05-09 16:37:37,3,2025-05-09 16:37:41.352,6830.0,4106,6820.0,14482,6810.0,6617,6800.0,16221,6790.0,424,6840.0,179,6850.0,9233,6860.0,5375,6870.0,12056,6880.0,22406,2025-05-09 16:37:41.256,,2147483647,893694,False,nan
6905,1038608,1611956044,MERV - XMEV - GGAL - 24hs,6840.0,2025-05-09 16:37:37,3,2025-05-09 16:37:42.747,6830.0,5106,6820.0,14482,6810.0,21617,6800.0,1221,6790.0,424,6840.0,179,6850.0,9233,6860.0,5375,6870.0,14056,6880.0,20406,2025-05-09 16:37:42.473,,2147483647,893694,False,nan
6906,1039004,1611956596,MERV - XMEV - GGAL - 24hs,6840.0,2025-05-09 16:37:45,1,2025-05-09 16:37:45.662,6830.0,5106,6820.0,14482,6810.0,21617,6800.0,1221,6790.0,424,6840.0,179,6850.0,9233,6860.0,5375,6870.0,14056,6880.0,20406,2025-05-09 16:37:45.621,,2147483647,893694,True,offer
6907,1039094,1611956720,MERV - XMEV - GGAL - 24hs,6840.0,2025-05-09 16:37:45,1,2025-05-09 16:37:46.347,6830.0,5106,6820.0,14482,6810.0,21617,6800.0,1221,6790.0,424,6840.0,178,6850.0,9233,6860.0,5375,6870.0,14056,6880.0,20406,2025-05-09 16:37:46.293,,2147483647,893694,False,nan
6908,1039175,1611956815,MERV - XMEV - GGAL - 24hs,6840.0,2025-05-09 16:37:45,1,2025-05-09 16:37:46.838,6830.0,5106,6820.0,14482,6810.0,21617,6800.0,1221,6790.0,424,6840.0,178,6850.0,9233,6860.0,5375,6870.0,14056,6880.0,20406,2025-05-09 16:37:46.794,,2147483647,893695,False,nan
6909,1039371,1611957072,MERV - XMEV - GGAL - 24hs,6840.0,2025-05-09 16:37:48,73,2025-05-09 16:37:48.160,6830.0,5106,6820.0,14482,6810.0,21617,6800.0,1221,6790.0,424,6840.0,178,6850.0,9233,6860.0,5375,6870.0,14056,6880.0,20406,2025-05-09 16:37:48.117,,2147483647,893695,True,offer
6910,1039446,1611957162,MERV - XMEV - GGAL - 24hs,6840.0,2025-05-09 16:37:48,15,2025-05-09 16:37:48.676,6830.0,5106,6820.0,14482,6810.0,21617,6800.0,1221,6790.0,424,6840.0,178,6850.0,9233,6860.0,5375,6870.0,14056,6880.0,20406,2025-05-09 16:37:48.616,,2147483647,893695,False,nan
6911,1039504,1611957243,MERV - XMEV - GGAL - 24hs,6840.0,2025-05-09 16:37:49,27,2025-05-09 16:37:49.158,6840.0,807,6830.0,5106,6820.0,14482,6810.0,21617,6800.0,1221,6850.0,9233,6860.0,5375,6870.0,14056,6880.0,20406,6890.0,2928,2025-05-09 16:37:49.116,,2147483647,893888,True,offer
6912,1039608,1611957377,MERV - XMEV - GGAL - 24hs,6840.0,2025-05-09 16:37:49,27,2025-05-09 16:37:49.734,6840.0,32,6830.0,5106,6820.0,14482,6810.0,21617,6800.0,1221,6850.0,9233,6860.0,5375,6870.0,14056,6880.0,20406,6890.0,2928,2025-05-09 16:37:49.622,,2147483647,893888,False,nan
6913,1039673,1611957498,MERV - XMEV - GGAL - 24hs,6840.0,2025-05-09 16:37:49,32,2025-05-09 16:37:50.158,6840.0,32,6830.0,5106,6820.0,14482,6810.0,21617,6800.0,1221,6850.0,9233,6860.0,5375,6870.0,14056,6880.0,20406,6890.0,2928,2025-05-09 16:37:50.116,,2147483647,894695,False,nan
6914,1039737,1611957620,MERV - XMEV - GGAL - 24hs,6840.0,2025-05-09 16:37:49,32,2025-05-09 16:37:50.750,6830.0,5106,6820.0,14482,6810.0,21782,6800.0,1221,6790.0,424,6840.0,30,6850.0,9233,6860.0,5375,6870.0,14056,6880.0,20406,2025-05-09 16:37:50.616,,2147483647,894695,False,nan
6915,1039800,1611957762,MERV - XMEV - GGAL - 24hs,6840.0,2025-05-09 16:37:51,30,2025-05-09 16:37:51.188,6830.0,5106,6820.0,14482,6810.0,21782,6800.0,1221,6790.0,424,6840.0,30,6850.0,9233,6860.0,5375,6870.0,14056,6880.0,20406,2025-05-09 16:37:51.117,,2147483647,894695,True,offer
6916,1039872,1611957858,MERV - XMEV - GGAL - 24hs,6840.0,2025-05-09 16:37:51,30,2025-05-09 16:37:51.763,6830.0,5106,6820.0,14482,6810.0,21782,6800.0,1221,6790.0,424,6850.0,9233,6860.0,5375,6870.0,14056,6880.0,20406,6890.0,2928,2025-05-09 16:37:51.721,,2147483647,894695,False,nan
6917,1039923,1611957922,MERV - XMEV - GGAL - 24hs,6840.0,2025-05-09 16:37:51,30,2025-05-09 16:37:52.265,6830.0,5106,6820.0,14482,6810.0,21782,6800.0,1221,6790.0,424,6850.0,9233,6860.0,5375,6870.0,14056,6880.0,20406,6890.0,2928,2025-05-09 16:37:52.222,,2147483647,894725,False,nan
6918,1039961,1611957967,MERV - XMEV - GGAL - 24hs,6840.0,2025-05-09 16:37:51,30,2025-05-09 16:37:52.764,6830.0,5181,6820.0,14647,6810.0,21617,6800.0,1214,6790.0,424,6850.0,9234,6860.0,5375,6870.0,14056,6880.0,20406,6890.0,2927,2025-05-09 16:37:52.721,,2147483647,894725,False,nan
6919,1040005,1611958026,MERV - XMEV - GGAL - 24hs,6850.0,2025-05-09 16:37:53,44,2025-05-09 16:37:53.282,6830.0,5181,6820.0,14647,6810.0,21617,6800.0,1214,6790.0,424,6850.0,9234,6860.0,5375,6870.0,14056,6880.0,20406,6890.0,2927,2025-05-09 16:37:53.240,,2147483647,894725,True,offer
6920,1040056,1611958092,MERV - XMEV - GGAL - 24hs,6850.0,2025-05-09 16:37:53,44,2025-05-09 16:37:53.791,6830.0,5181,6820.0,14647,6810.0,21617,6800.0,1214,6790.0,424,6850.0,9190,6860.0,5375,6870.0,14056,6880.0,20406,6890.0,2927,2025-05-09 16:37:53.745,,2147483647,894725,False,nan
6921,1040101,1611958157,MERV - XMEV - GGAL - 24hs,6850.0,2025-05-09 16:37:53,44,2025-05-09 16:37:54.295,6830.0,5181,6820.0,14647,6810.0,21617,6800.0,1214,6790.0,424,6850.0,9190,6860.0,5375,6870.0,14056,6880.0,20406,6890.0,2927,2025-05-09 16:37:54.246,,2147483647,894769,False,nan
6922,1040380,1611958516,MERV - XMEV - GGAL - 24hs,6850.0,2025-05-09 16:37:53,44,2025-05-09 16:37:58.008,6830.0,5181,6820.0,14647,6810.0,21617,6800.0,1214,6790.0,524,6850.0,9190,6860.0,5375,6870.0,14056,6880.0,20406,6890.0,2927,2025-05-09 16:37:57.957,,2147483647,894769,False,nan
6923,1040484,1611958651,MERV - XMEV - GGAL - 24hs,6850.0,2025-05-09 16:37:53,44,2025-05-09 16:37:59.236,6830.0,5181,6820.0,14482,6810.0,21617,6800.0,1214,6790.0,524,6850.0,9190,6860.0,5375,6870.0,14056,6880.0,20406,6890.0,2927,2025-05-09 16:37:59.189,,2147483647,894769,False,nan
6924,1041061,1611959449,MERV - XMEV - GGAL - 24hs,6850.0,2025-05-09 16:37:53,44,2025-05-09 16:38:05.850,6830.0,6181,6820.0,14482,6810.0,21617,6800.0,1214,6790.0,524,6850.0,9190,6860.0,5375,6870.0,14056,6880.0,20406,6890.0,2927,2025-05-09 16:38:05.809,,2147483647,894769,False,nan
6925,1041145,1611959554,MERV - XMEV - GGAL - 24hs,6850.0,2025-05-09 16:38:05,100,2025-05-09 16:38:06.420,6830.0,6181,6820.0,14482,6810.0,21617,6800.0,1214,6790.0,524,6850.0,9190,6860.0,5375,6870.0,14056,6880.0,20406,6890.0,2927,2025-05-09 16:38:06.309,,2147483647,894769,True,offer
6926,1041307,1611959767,MERV - XMEV - GGAL - 24hs,6850.0,2025-05-09 16:38:05,100,2025-05-09 16:38:07.079,6830.0,6181,6820.0,14482,6810.0,21617,6800.0,1214,6790.0,524,6850.0,9090,6860.0,5375,6870.0,14056,6880.0,20406,6890.0,2927,2025-05-09 16:38:06.809,,2147483647,894869,False,nan
6927,1041347,1611959819,MERV - XMEV - GGAL - 24hs,6830.0,2025-05-09 16:38:06,446,2025-05-09 16:38:07.352,6830.0,6181,6820.0,14482,6810.0,21617,6800.0,1214,6790.0,524,6850.0,9090,6860.0,5375,6870.0,14056,6880.0,20406,6890.0,2927,2025-05-09 16:38:07.310,,2147483647,894869,True,bid
6928,1041385,1611959868,MERV - XMEV - GGAL - 24hs,6830.0,2025-05-09 16:38:06,446,2025-05-09 16:38:07.850,6830.0,5634,6820.0,14482,6810.0,21617,6800.0,1214,6790.0,524,6850.0,9090,6860.0,5375,6870.0,12698,6880.0,20406,6890.0,4285,2025-05-09 16:38:07.809,,2147483647,895416,False,nan
6929,1041452,1611959953,MERV - XMEV - GGAL - 24hs,6830.0,2025-05-09 16:38:06,446,2025-05-09 16:38:08.812,6830.0,5634,6820.0,14482,6810.0,21617,6800.0,1214,6790.0,524,6850.0,9090,6860.0,5013,6870.0,12698,6880.0,20406,6890.0,4285,2025-05-09 16:38:08.771,,2147483647,895416,False,nan
6930,1041743,1611960323,MERV - XMEV - GGAL - 24hs,6830.0,2025-05-09 16:38:06,446,2025-05-09 16:38:11.237,6840.0,207,6830.0,5559,6820.0,14482,6810.0,21617,6800.0,1221,6850.0,9089,6860.0,5013,6870.0,12698,6880.0,20406,6890.0,4586,2025-05-09 16:38:10.967,,2147483647,895416,False,nan
6931,1041788,1611960376,MERV - XMEV - GGAL - 24hs,6840.0,2025-05-09 16:38:11,20,2025-05-09 16:38:11.508,6840.0,207,6830.0,5559,6820.0,14482,6810.0,21617,6800.0,1221,6850.0,9089,6860.0,5013,6870.0,12698,6880.0,20406,6890.0,4586,2025-05-09 16:38:11.467,,2147483647,895603,True,bid
6932,1041837,1611960447,MERV - XMEV - GGAL - 24hs,6840.0,2025-05-09 16:38:11,20,2025-05-09 16:38:12.019,6830.0,5559,6820.0,14482,6810.0,21617,6800.0,1221,6790.0,524,6840.0,139,6850.0,9089,6860.0,5013,6870.0,12698,6880.0,20406,2025-05-09 16:38:11.967,,2147483647,895623,False,nan
6933,1041884,1611960513,MERV - XMEV - GGAL - 24hs,6840.0,2025-05-09 16:38:12,5,2025-05-09 16:38:12.509,6830.0,5559,6820.0,14482,6810.0,21617,6800.0,1221,6790.0,524,6840.0,139,6850.0,9089,6860.0,5013,6870.0,12698,6880.0,20406,2025-05-09 16:38:12.468,,2147483647,895623,True,offer
6934,1041917,1611960557,MERV - XMEV - GGAL - 24hs,6840.0,2025-05-09 16:38:12,5,2025-05-09 16:38:13.010,6830.0,5559,6820.0,14482,6810.0,21617,6800.0,1221,6790.0,524,6840.0,321,6850.0,9089,6860.0,5013,6870.0,12698,6880.0,20406,2025-05-09 16:38:12.968,,2147483647,895623,False,nan
6935,1041957,1611960607,MERV - XMEV - GGAL - 24hs,6840.0,2025-05-09 16:38:12,5,2025-05-09 16:38:13.515,6830.0,5559,6820.0,14482,6810.0,21617,6800.0,1221,6790.0,524,6840.0,321,6850.0,9089,6860.0,5013,6870.0,12698,6880.0,20406,2025-05-09 16:38:13.467,,2147483647,895628,False,nan
6936,1042648,1611961568,MERV - XMEV - GGAL - 24hs,6840.0,2025-05-09 16:38:20,8,2025-05-09 16:38:20.752,6830.0,5559,6820.0,14482,6810.0,21617,6800.0,1221,6790.0,524,6840.0,321,6850.0,9089,6860.0,5013,6870.0,12698,6880.0,20406,2025-05-09 16:38:20.597,,2147483647,895628,True,offer
6937,1042746,1611961712,MERV - XMEV - GGAL - 24hs,6840.0,2025-05-09 16:38:20,8,2025-05-09 16:38:21.347,6830.0,5559,6820.0,14482,6810.0,21617,6800.0,1221,6790.0,524,6840.0,313,6850.0,9089,6860.0,5013,6870.0,12698,6880.0,20406,2025-05-09 16:38:21.295,,2147483647,895628,False,nan
6938,1042819,1611961817,MERV - XMEV - GGAL - 24hs,6840.0,2025-05-09 16:38:20,8,2025-05-09 16:38:21.839,6830.0,5559,6820.0,14482,6810.0,21617,6800.0,1221,6790.0,524,6840.0,313,6850.0,9089,6860.0,5013,6870.0,12698,6880.0,20406,2025-05-09 16:38:21.796,,2147483647,895636,False,nan
6939,1043149,1611962283,MERV - XMEV - GGAL - 24hs,6840.0,2025-05-09 16:38:24,32,2025-05-09 16:38:24.682,6830.0,5559,6820.0,14482,6810.0,21617,6800.0,1221,6790.0,524,6840.0,313,6850.0,9089,6860.0,5013,6870.0,12698,6880.0,20406,2025-05-09 16:38:24.634,,2147483647,895636,True,offer
6940,1043217,1611962378,MERV - XMEV - GGAL - 24hs,6840.0,2025-05-09 16:38:25,187,2025-05-09 16:38:25.175,6830.0,5559,6820.0,14482,6810.0,21617,6800.0,1221,6790.0,524,6840.0,313,6850.0,9089,6860.0,5013,6870.0,12698,6880.0,20406,2025-05-09 16:38:25.134,,2147483647,895668,True,offer
6941,1043279,1611962478,MERV - XMEV - GGAL - 24hs,6840.0,2025-05-09 16:38:25,187,2025-05-09 16:38:25.678,6840.0,16,6830.0,5559,6820.0,14482,6810.0,21617,6800.0,1221,6850.0,9089,6860.0,5013,6870.0,12698,6880.0,20406,6890.0,4586,2025-05-09 16:38:25.634,,2147483647,895949,False,nan
6942,1043329,1611962542,MERV - XMEV - GGAL - 24hs,6840.0,2025-05-09 16:38:25,187,2025-05-09 16:38:26.247,6840.0,16,6830.0,5559,6820.0,14482,6810.0,21617,6800.0,1221,6850.0,9089,6860.0,5013,6870.0,12998,6880.0,20406,6890.0,4586,2025-05-09 16:38:26.206,,2147483647,895949,False,nan
6943,1043668,1611963076,MERV - XMEV - GGAL - 24hs,6850.0,2025-05-09 16:38:30,5,2025-05-09 16:38:30.604,6840.0,16,6830.0,5559,6820.0,14482,6810.0,21617,6800.0,1221,6850.0,9089,6860.0,5013,6870.0,12998,6880.0,20406,6890.0,4586,2025-05-09 16:38:30.562,,2147483647,895949,True,offer
6944,1043721,1611963140,MERV - XMEV - GGAL - 24hs,6850.0,2025-05-09 16:38:30,5,2025-05-09 16:38:31.268,6840.0,16,6830.0,5559,6820.0,14482,6810.0,21617,6800.0,1221,6850.0,9084,6860.0,5013,6870.0,12998,6880.0,20406,6890.0,4586,2025-05-09 16:38:31.226,,2147483647,895949,False,nan
6945,1043799,1611963265,MERV - XMEV - GGAL - 24hs,6850.0,2025-05-09 16:38:30,5,2025-05-09 16:38:31.772,6840.0,16,6830.0,5559,6820.0,14482,6810.0,21617,6800.0,1221,6850.0,9084,6860.0,5013,6870.0,12998,6880.0,20406,6890.0,4586,2025-05-09 16:38:31.727,,2147483647,895954,False,nan
6946,1044093,1611963671,MERV - XMEV - GGAL - 24hs,6840.0,2025-05-09 16:38:34,1,2025-05-09 16:38:34.946,6840.0,16,6830.0,5559,6820.0,14482,6810.0,21617,6800.0,1221,6850.0,9084,6860.0,5013,6870.0,12998,6880.0,20406,6890.0,4586,2025-05-09 16:38:34.905,,2147483647,895954,True,bid
6947,1044182,1611963789,MERV - XMEV - GGAL - 24hs,6840.0,2025-05-09 16:38:34,1,2025-05-09 16:38:35.624,6840.0,15,6830.0,5559,6820.0,14482,6810.0,21617,6800.0,1221,6850.0,9084,6860.0,5013,6870.0,12998,6880.0,20406,6890.0,4586,2025-05-09 16:38:35.568,,2147483647,895954,False,nan
6948,1044221,1611963849,MERV - XMEV - GGAL - 24hs,6840.0,2025-05-09 16:38:34,1,2025-05-09 16:38:36.109,6840.0,15,6830.0,5559,6820.0,14482,6810.0,21617,6800.0,1221,6850.0,9084,6860.0,5013,6870.0,12998,6880.0,20406,6890.0,4586,2025-05-09 16:38:36.069,,2147483647,895955,False,nan
6949,1044369,1611964031,MERV - XMEV - GGAL - 24hs,6850.0,2025-05-09 16:38:37,152,2025-05-09 16:38:37.531,6840.0,15,6830.0,5559,6820.0,14482,6810.0,21617,6800.0,1221,6850.0,9084,6860.0,5013,6870.0,12998,6880.0,20406,6890.0,4586,2025-05-09 16:38:37.491,,2147483647,895955,True,offer
6950,1044405,1611964085,MERV - XMEV - GGAL - 24hs,6840.0,2025-05-09 16:38:37,15,2025-05-09 16:38:38.028,6840.0,15,6830.0,5559,6820.0,14482,6810.0,21617,6800.0,1221,6850.0,9084,6860.0,5013,6870.0,12998,6880.0,20406,6890.0,4586,2025-05-09 16:38:37.984,,2147483647,895955,False,nan
6951,1044450,1611964152,MERV - XMEV - GGAL - 24hs,6840.0,2025-05-09 16:38:37,15,2025-05-09 16:38:38.531,6830.0,5559,6820.0,14482,6810.0,21617,6800.0,1221,6790.0,524,6840.0,13,6850.0,8932,6860.0,5013,6870.0,12998,6880.0,20406,2025-05-09 16:38:38.484,,2147483647,896122,False,nan
6952,1044938,1611964794,MERV - XMEV - GGAL - 24hs,6840.0,2025-05-09 16:38:37,15,2025-05-09 16:38:43.546,6830.0,5559,6820.0,14482,6810.0,21617,6800.0,1221,6790.0,524,6840.0,13,6850.0,8932,6860.0,5513,6870.0,12998,6880.0,20406,2025-05-09 16:38:43.506,,2147483647,896122,False,nan
6953,1045180,1611965108,MERV - XMEV - GGAL - 24hs,6840.0,2025-05-09 16:38:45,3,2025-05-09 16:38:45.416,6830.0,5559,6820.0,14482,6810.0,21617,6800.0,1221,6790.0,524,6840.0,13,6850.0,8932,6860.0,5513,6870.0,12998,6880.0,20406,2025-05-09 16:38:45.128,,2147483647,896122,True,offer
6954,1045243,1611965190,MERV - XMEV - GGAL - 24hs,6840.0,2025-05-09 16:38:45,3,2025-05-09 16:38:45.835,6830.0,5559,6820.0,14482,6810.0,21617,6800.0,1221,6790.0,524,6840.0,10,6850.0,8932,6860.0,5513,6870.0,12998,6880.0,20406,2025-05-09 16:38:45.795,,2147483647,896122,False,nan
6955,1045312,1611965276,MERV - XMEV - GGAL - 24hs,6840.0,2025-05-09 16:38:45,3,2025-05-09 16:38:46.339,6830.0,5559,6820.0,14482,6810.0,21617,6800.0,1221,6790.0,524,6840.0,10,6850.0,8932,6860.0,5513,6870.0,12998,6880.0,20406,2025-05-09 16:38:46.295,,2147483647,896125,False,nan
6956,1045432,1611965480,MERV - XMEV - GGAL - 24hs,6840.0,2025-05-09 16:38:47,8,2025-05-09 16:38:47.914,6830.0,5559,6820.0,14482,6810.0,21617,6800.0,1221,6790.0,524,6840.0,10,6850.0,8932,6860.0,5513,6870.0,12998,6880.0,20406,2025-05-09 16:38:47.869,,2147483647,896125,True,offer
6957,1045491,1611965559,MERV - XMEV - GGAL - 24hs,6850.0,2025-05-09 16:38:47,18,2025-05-09 16:38:48.417,6830.0,5559,6820.0,14482,6810.0,21617,6800.0,1221,6790.0,524,6840.0,10,6850.0,8932,6860.0,5513,6870.0,12998,6880.0,20406,2025-05-09 16:38:48.369,,2147483647,896133,False,nan
6958,1045532,1611965614,MERV - XMEV - GGAL - 24hs,6850.0,2025-05-09 16:38:47,18,2025-05-09 16:38:48.909,6830.0,9102,6820.0,14482,6810.0,21617,6800.0,1214,6790.0,524,6850.0,8915,6860.0,5513,6870.0,12998,6880.0,20406,6890.0,5585,2025-05-09 16:38:48.869,,2147483647,896153,False,nan
6959,1045637,1611965785,MERV - XMEV - GGAL - 24hs,6850.0,2025-05-09 16:38:47,18,2025-05-09 16:38:50.563,6830.0,9449,6820.0,14482,6810.0,21617,6800.0,1214,6790.0,524,6850.0,8915,6860.0,5513,6870.0,12998,6880.0,20406,6890.0,5585,2025-05-09 16:38:50.523,,2147483647,896153,False,nan
6960,1045852,1611966114,MERV - XMEV - GGAL - 24hs,6850.0,2025-05-09 16:38:47,18,2025-05-09 16:38:53.632,6830.0,9102,6820.0,14482,6810.0,21617,6800.0,1214,6790.0,524,6850.0,8915,6860.0,5513,6870.0,12998,6880.0,20406,6890.0,5585,2025-05-09 16:38:53.581,,2147483647,896153,False,nan
6961,1046238,1611966676,MERV - XMEV - GGAL - 24hs,6850.0,2025-05-09 16:38:47,18,2025-05-09 16:38:58.368,6830.0,9102,6820.0,14482,6810.0,21617,6800.0,1214,6790.0,524,6850.0,9389,6860.0,5513,6870.0,12998,6880.0,20406,6890.0,5585,2025-05-09 16:38:58.327,,2147483647,896153,False,nan
6962,1046339,1611966824,MERV - XMEV - GGAL - 24hs,6850.0,2025-05-09 16:38:47,18,2025-05-09 16:39:00.071,6830.0,8811,6820.0,29482,6810.0,7617,6800.0,214,6790.0,524,6850.0,9389,6860.0,5513,6870.0,12999,6880.0,20406,6890.0,5585,2025-05-09 16:39:00.030,,2147483647,896153,False,nan
6963,1046422,1611966921,MERV - XMEV - GGAL - 24hs,6850.0,2025-05-09 16:39:00,34,2025-05-09 16:39:00.843,6830.0,8811,6820.0,29482,6810.0,7617,6800.0,214,6790.0,524,6850.0,9389,6860.0,5513,6870.0,12999,6880.0,20406,6890.0,5585,2025-05-09 16:39:00.802,,2147483647,896153,True,offer
6964,1046537,1611967061,MERV - XMEV - GGAL - 24hs,6850.0,2025-05-09 16:39:00,34,2025-05-09 16:39:01.593,6830.0,8811,6820.0,29482,6810.0,7617,6800.0,214,6790.0,524,6850.0,9355,6860.0,5513,6870.0,12999,6880.0,20406,6890.0,5585,2025-05-09 16:39:01.467,,2147483647,896153,False,nan
6965,1046641,1611967188,MERV - XMEV - GGAL - 24hs,6850.0,2025-05-09 16:39:00,34,2025-05-09 16:39:02.027,6830.0,8811,6820.0,29482,6810.0,7617,6800.0,214,6790.0,524,6850.0,9355,6860.0,5513,6870.0,12999,6880.0,20406,6890.0,5585,2025-05-09 16:39:01.966,,2147483647,896187,False,nan
6966,1046711,1611967274,MERV - XMEV - GGAL - 24hs,6850.0,2025-05-09 16:39:00,34,2025-05-09 16:39:02.627,6830.0,9102,6820.0,29482,6810.0,7617,6800.0,214,6790.0,524,6850.0,9355,6860.0,5513,6870.0,12999,6880.0,20406,6890.0,5585,2025-05-09 16:39:02.587,,2147483647,896187,False,nan
6967,1047058,1611967805,MERV - XMEV - GGAL - 24hs,6850.0,2025-05-09 16:39:05,3,2025-05-09 16:39:05.670,6830.0,9102,6820.0,29482,6810.0,7617,6800.0,214,6790.0,524,6850.0,9355,6860.0,5513,6870.0,12999,6880.0,20406,6890.0,5585,2025-05-09 16:39:05.629,,2147483647,896187,True,offer
6968,1047103,1611967872,MERV - XMEV - GGAL - 24hs,6850.0,2025-05-09 16:39:05,8,2025-05-09 16:39:06.171,6830.0,9102,6820.0,29482,6810.0,7617,6800.0,214,6790.0,524,6850.0,9355,6860.0,5513,6870.0,12999,6880.0,20406,6890.0,5585,2025-05-09 16:39:06.130,,2147483647,896190,False,nan
6969,1047137,1611967913,MERV - XMEV - GGAL - 24hs,6850.0,2025-05-09 16:39:05,8,2025-05-09 16:39:06.669,6830.0,9102,6820.0,29482,6810.0,7617,6800.0,214,6790.0,524,6850.0,9344,6860.0,5513,6870.0,12999,6880.0,20406,6890.0,5585,2025-05-09 16:39:06.630,,2147483647,896198,False,nan
6970,1047183,1611967973,MERV - XMEV - GGAL - 24hs,6850.0,2025-05-09 16:39:05,8,2025-05-09 16:39:07.292,6830.0,9102,6820.0,29482,6810.0,7617,6800.0,214,6790.0,524,6850.0,9344,6860.0,5513,6870.0,12999,6880.0,20407,6890.0,5585,2025-05-09 16:39:07.252,,2147483647,896198,False,nan
6971,1047304,1611968131,MERV - XMEV - GGAL - 24hs,6850.0,2025-05-09 16:39:05,8,2025-05-09 16:39:08.871,6830.0,9449,6820.0,29482,6810.0,7617,6800.0,214,6790.0,524,6850.0,9344,6860.0,5513,6870.0,13043,6880.0,20407,6890.0,5585,2025-05-09 16:39:08.830,,2147483647,896198,False,nan
6972,1047761,1611968740,MERV - XMEV - GGAL - 24hs,6850.0,2025-05-09 16:39:05,8,2025-05-09 16:39:13.026,6830.0,9449,6820.0,29482,6810.0,7617,6800.0,214,6790.0,524,6850.0,9314,6860.0,5513,6870.0,13073,6880.0,20407,6890.0,5585,2025-05-09 16:39:12.983,,2147483647,896198,False,nan
6973,1047953,1611968980,MERV - XMEV - GGAL - 24hs,6830.0,2025-05-09 16:39:14,21,2025-05-09 16:39:14.683,6830.0,9449,6820.0,29482,6810.0,7617,6800.0,214,6790.0,524,6850.0,9314,6860.0,5513,6870.0,13073,6880.0,20407,6890.0,5585,2025-05-09 16:39:14.632,,2147483647,896198,True,bid
6974,1048020,1611969077,MERV - XMEV - GGAL - 24hs,6830.0,2025-05-09 16:39:14,21,2025-05-09 16:39:15.348,6830.0,9428,6820.0,29482,6810.0,7617,6800.0,214,6790.0,524,6850.0,9314,6860.0,5513,6870.0,13073,6880.0,20407,6890.0,5585,2025-05-09 16:39:15.306,,2147483647,896198,False,nan
6975,1048092,1611969177,MERV - XMEV - GGAL - 24hs,6830.0,2025-05-09 16:39:14,21,2025-05-09 16:39:15.844,6830.0,9428,6820.0,29482,6810.0,7617,6800.0,214,6790.0,524,6850.0,9314,6860.0,5513,6870.0,13073,6880.0,20407,6890.0,5585,2025-05-09 16:39:15.805,,2147483647,896219,False,nan
6976,1048249,1611969397,MERV - XMEV - GGAL - 24hs,6830.0,2025-05-09 16:39:14,21,2025-05-09 16:39:18.170,6840.0,144,6830.0,5538,6820.0,29482,6810.0,7617,6800.0,221,6850.0,9313,6860.0,7513,6870.0,13073,6880.0,20407,6890.0,5586,2025-05-09 16:39:18.129,,2147483647,896219,False,nan
6977,1048302,1611969465,MERV - XMEV - GGAL - 24hs,6840.0,2025-05-09 16:39:18,125,2025-05-09 16:39:18.669,6840.0,144,6830.0,5538,6820.0,29482,6810.0,7617,6800.0,221,6850.0,9313,6860.0,7513,6870.0,13073,6880.0,20407,6890.0,5586,2025-05-09 16:39:18.629,,2147483647,896219,True,bid
6978,1048344,1611969512,MERV - XMEV - GGAL - 24hs,6840.0,2025-05-09 16:39:18,19,2025-05-09 16:39:19.172,6830.0,5538,6820.0,29482,6810.0,7617,6800.0,221,6790.0,524,6850.0,9313,6860.0,7513,6870.0,13073,6880.0,20407,6890.0,5586,2025-05-09 16:39:19.129,,2147483647,896344,False,nan
6979,1048465,1611969675,MERV - XMEV - GGAL - 24hs,6840.0,2025-05-09 16:39:18,19,2025-05-09 16:39:19.760,6830.0,5575,6820.0,29482,6810.0,7617,6800.0,214,6790.0,524,6840.0,106,6850.0,9313,6860.0,7513,6870.0,13073,6880.0,20407,2025-05-09 16:39:19.715,,2147483647,896344,False,nan
6980,1048518,1611969736,MERV - XMEV - GGAL - 24hs,6840.0,2025-05-09 16:39:19,87,2025-05-09 16:39:20.254,6830.0,5575,6820.0,29482,6810.0,7617,6800.0,214,6790.0,524,6840.0,106,6850.0,9313,6860.0,7513,6870.0,13073,6880.0,20407,2025-05-09 16:39:20.215,,2147483647,896382,True,offer
6981,1048571,1611969814,MERV - XMEV - GGAL - 24hs,6850.0,2025-05-09 16:39:20,20,2025-05-09 16:39:20.754,6840.0,116,6830.0,5575,6820.0,29482,6810.0,7617,6800.0,214,6850.0,9293,6860.0,7513,6870.0,13073,6880.0,20407,6890.0,5586,2025-05-09 16:39:20.715,,2147483647,896489,True,offer
6982,1048610,1611969866,MERV - XMEV - GGAL - 24hs,6840.0,2025-05-09 16:39:20,50,2025-05-09 16:39:21.255,6840.0,116,6830.0,5575,6820.0,29482,6810.0,7617,6800.0,214,6850.0,9293,6860.0,7513,6870.0,13073,6880.0,20407,6890.0,5586,2025-05-09 16:39:21.215,,2147483647,896489,False,nan
6983,1048665,1611969960,MERV - XMEV - GGAL - 24hs,6840.0,2025-05-09 16:39:21,5,2025-05-09 16:39:21.756,6830.0,5538,6820.0,30482,6810.0,6617,6800.0,214,6790.0,527,6840.0,8,6850.0,9293,6860.0,7513,6870.0,13073,6880.0,20407,2025-05-09 16:39:21.715,,2147483647,896605,True,bid
6984,1048765,1611970109,MERV - XMEV - GGAL - 24hs,6840.0,2025-05-09 16:39:21,3,2025-05-09 16:39:22.279,6830.0,5538,6820.0,30482,6810.0,6617,6800.0,214,6790.0,527,6840.0,8,6850.0,9293,6860.0,7513,6870.0,13073,6880.0,20407,2025-05-09 16:39:22.215,,2147483647,896610,False,nan
6985,1048828,1611970190,MERV - XMEV - GGAL - 24hs,6840.0,2025-05-09 16:39:22,683,2025-05-09 16:39:22.754,6840.0,695,6830.0,5538,6820.0,30482,6810.0,6617,6800.0,214,6850.0,9293,6860.0,7513,6870.0,13073,6880.0,20407,6890.0,5586,2025-05-09 16:39:22.715,,2147483647,896613,True,offer
6986,1048873,1611970258,MERV - XMEV - GGAL - 24hs,6840.0,2025-05-09 16:39:22,683,2025-05-09 16:39:23.291,6830.0,5575,6820.0,30482,6810.0,6617,6800.0,214,6790.0,524,6840.0,125,6850.0,9293,6860.0,7513,6870.0,13073,6880.0,20407,2025-05-09 16:39:23.251,,2147483647,896613,False,nan
6987,1048915,1611970321,MERV - XMEV - GGAL - 24hs,6840.0,2025-05-09 16:39:23,125,2025-05-09 16:39:24.290,6830.0,5575,6820.0,30482,6810.0,6617,6800.0,214,6790.0,524,6840.0,125,6850.0,9293,6860.0,7513,6870.0,13073,6880.0,20407,2025-05-09 16:39:24.238,,2147483647,897299,True,offer
6988,1048977,1611970389,MERV - XMEV - GGAL - 24hs,6840.0,2025-05-09 16:39:23,4,2025-05-09 16:39:24.496,6840.0,270,6830.0,5538,6820.0,30482,6810.0,6617,6800.0,214,6850.0,9293,6860.0,7513,6870.0,13073,6880.0,20407,6890.0,5586,2025-05-09 16:39:24.338,,2147483647,897428,False,nan
6989,1049043,1611970497,MERV - XMEV - GGAL - 24hs,6840.0,2025-05-09 16:39:23,4,2025-05-09 16:39:25.059,6840.0,1309,6830.0,5538,6820.0,30482,6810.0,6617,6800.0,214,6850.0,9293,6860.0,7513,6870.0,13073,6880.0,20407,6890.0,5586,2025-05-09 16:39:25.017,,2147483647,897428,False,nan
6990,1049110,1611970592,MERV - XMEV - GGAL - 24hs,6840.0,2025-05-09 16:39:23,4,2025-05-09 16:39:25.880,6840.0,1408,6830.0,5538,6820.0,30482,6810.0,6617,6800.0,214,6850.0,9293,6860.0,7513,6870.0,13073,6880.0,20407,6890.0,5586,2025-05-09 16:39:25.840,,2147483647,897428,False,nan
6991,1049204,1611970723,MERV - XMEV - GGAL - 24hs,6840.0,2025-05-09 16:39:23,4,2025-05-09 16:39:27.144,6840.0,615,6830.0,5538,6820.0,30482,6810.0,6617,6800.0,214,6850.0,9293,6860.0,7513,6870.0,13073,6880.0,20407,6890.0,5586,2025-05-09 16:39:27.104,,2147483647,897428,False,nan
6992,1049281,1611970827,MERV - XMEV - GGAL - 24hs,6840.0,2025-05-09 16:39:23,4,2025-05-09 16:39:27.903,6840.0,1309,6830.0,5538,6820.0,30482,6810.0,6617,6800.0,214,6850.0,9293,6860.0,7513,6870.0,13073,6880.0,20407,6890.0,5586,2025-05-09 16:39:27.863,,2147483647,897428,False,nan
6993,1049458,1611971046,MERV - XMEV - GGAL - 24hs,6840.0,2025-05-09 16:39:23,4,2025-05-09 16:39:30.414,6840.0,1309,6830.0,5553,6820.0,30482,6810.0,6617,6800.0,214,6850.0,9293,6860.0,7513,6870.0,13073,6880.0,20407,6890.0,5586,2025-05-09 16:39:30.355,,2147483647,897428,False,nan
6994,1049746,1611971426,MERV - XMEV - GGAL - 24hs,6840.0,2025-05-09 16:39:23,4,2025-05-09 16:39:32.859,6840.0,1309,6830.0,4553,6820.0,30482,6810.0,6617,6800.0,214,6850.0,9293,6860.0,7513,6870.0,13073,6880.0,20407,6890.0,5586,2025-05-09 16:39:32.574,,2147483647,897428,False,nan
6995,1050230,1611972148,MERV - XMEV - GGAL - 24hs,6850.0,2025-05-09 16:39:35,12,2025-05-09 16:39:36.079,6840.0,1309,6830.0,4553,6820.0,30482,6810.0,6617,6800.0,214,6850.0,9293,6860.0,7513,6870.0,13073,6880.0,20407,6890.0,5586,2025-05-09 16:39:35.910,,2147483647,897428,True,offer
6996,1050391,1611972427,MERV - XMEV - GGAL - 24hs,6850.0,2025-05-09 16:39:35,12,2025-05-09 16:39:36.935,6840.0,1309,6830.0,4553,6820.0,30482,6810.0,6617,6800.0,214,6850.0,9281,6860.0,7513,6870.0,13073,6880.0,20407,6890.0,5586,2025-05-09 16:39:36.589,,2147483647,897428,False,nan
6997,1050444,1611972523,MERV - XMEV - GGAL - 24hs,6850.0,2025-05-09 16:39:35,12,2025-05-09 16:39:37.232,6840.0,1309,6830.0,4553,6820.0,30482,6810.0,6617,6800.0,214,6850.0,9281,6860.0,7513,6870.0,13073,6880.0,20407,6890.0,5586,2025-05-09 16:39:37.088,,2147483647,897440,False,nan
6998,1050481,1611972587,MERV - XMEV - GGAL - 24hs,6850.0,2025-05-09 16:39:35,12,2025-05-09 16:39:37.628,6840.0,1309,6830.0,4553,6820.0,30482,6810.0,6177,6800.0,214,6850.0,9281,6860.0,7513,6870.0,13073,6880.0,20407,6890.0,5586,2025-05-09 16:39:37.589,,2147483647,897440,False,nan
6999,1050923,1611973193,MERV - XMEV - GGAL - 24hs,6850.0,2025-05-09 16:39:35,12,2025-05-09 16:39:40.432,6840.0,270,6830.0,4553,6820.0,30490,6810.0,6177,6800.0,214,6850.0,9281,6860.0,7513,6870.0,13073,6880.0,20407,6890.0,5586,2025-05-09 16:39:40.394,,2147483647,897440,False,nan
7000,1051060,1611973360,MERV - XMEV - GGAL - 24hs,6850.0,2025-05-09 16:39:35,12,2025-05-09 16:39:41.328,6840.0,270,6830.0,4935,6820.0,30482,6810.0,6177,6800.0,214,6850.0,9281,6860.0,7513,6870.0,13073,6880.0,20407,6890.0,5586,2025-05-09 16:39:41.261,,2147483647,897440,False,nan
7001,1051142,1611973472,MERV - XMEV - GGAL - 24hs,6850.0,2025-05-09 16:39:35,12,2025-05-09 16:39:42.377,6840.0,270,6830.0,4935,6820.0,30482,6810.0,6177,6800.0,214,6850.0,9281,6860.0,7513,6870.0,13029,6880.0,20407,6890.0,5586,2025-05-09 16:39:42.337,,2147483647,897440,False,nan
7002,1051228,1611973580,MERV - XMEV - GGAL - 24hs,6850.0,2025-05-09 16:39:43,10,2025-05-09 16:39:43.511,6840.0,270,6830.0,4935,6820.0,30482,6810.0,6177,6800.0,214,6850.0,9281,6860.0,7513,6870.0,13029,6880.0,20407,6890.0,5586,2025-05-09 16:39:43.472,,2147483647,897440,True,offer
7003,1051308,1611973687,MERV - XMEV - GGAL - 24hs,6850.0,2025-05-09 16:39:43,10,2025-05-09 16:39:44.177,6840.0,270,6830.0,4935,6820.0,30482,6810.0,6177,6800.0,214,6850.0,9271,6860.0,7513,6870.0,13029,6880.0,20407,6890.0,5586,2025-05-09 16:39:44.136,,2147483647,897440,False,nan
7004,1051375,1611973785,MERV - XMEV - GGAL - 24hs,6850.0,2025-05-09 16:39:43,10,2025-05-09 16:39:44.684,6840.0,270,6830.0,4935,6820.0,30482,6810.0,6177,6800.0,214,6850.0,9271,6860.0,7513,6870.0,13029,6880.0,20407,6890.0,5586,2025-05-09 16:39:44.636,,2147483647,897450,False,nan
7005,1051420,1611973849,MERV - XMEV - GGAL - 24hs,6850.0,2025-05-09 16:39:43,10,2025-05-09 16:39:45.175,6840.0,270,6830.0,4898,6820.0,30482,6810.0,6177,6800.0,214,6850.0,8971,6860.0,7513,6870.0,13029,6880.0,20407,6890.0,5586,2025-05-09 16:39:45.136,,2147483647,897450,False,nan
7006,1051563,1611974033,MERV - XMEV - GGAL - 24hs,6850.0,2025-05-09 16:39:43,10,2025-05-09 16:39:46.514,6840.0,270,6830.0,5185,6820.0,30482,6810.0,6177,6800.0,214,6850.0,8971,6860.0,7513,6870.0,13029,6880.0,20407,6890.0,5586,2025-05-09 16:39:46.446,,2147483647,897450,False,nan
7007,1051739,1611974269,MERV - XMEV - GGAL - 24hs,6850.0,2025-05-09 16:39:48,1,2025-05-09 16:39:48.769,6840.0,270,6830.0,5185,6820.0,30482,6810.0,6177,6800.0,214,6850.0,8971,6860.0,7513,6870.0,13029,6880.0,20407,6890.0,5586,2025-05-09 16:39:48.730,,2147483647,897450,True,offer
7008,1051763,1611974306,MERV - XMEV - GGAL - 24hs,6850.0,2025-05-09 16:39:48,1,2025-05-09 16:39:49.270,6840.0,270,6830.0,5185,6820.0,30482,6810.0,6177,6800.0,214,6850.0,8970,6860.0,7513,6870.0,12829,6880.0,20407,6890.0,5586,2025-05-09 16:39:49.230,,2147483647,897450,False,nan
7009,1051800,1611974346,MERV - XMEV - GGAL - 24hs,6850.0,2025-05-09 16:39:48,1,2025-05-09 16:39:49.771,6840.0,270,6830.0,5185,6820.0,30482,6810.0,6177,6800.0,214,6850.0,8970,6860.0,7513,6870.0,12829,6880.0,20407,6890.0,5586,2025-05-09 16:39:49.730,,2147483647,897451,False,nan
7010,1051872,1611974442,MERV - XMEV - GGAL - 24hs,6850.0,2025-05-09 16:39:50,101,2025-05-09 16:39:50.877,6840.0,270,6830.0,5185,6820.0,30482,6810.0,6177,6800.0,214,6850.0,8970,6860.0,7513,6870.0,12829,6880.0,20407,6890.0,5586,2025-05-09 16:39:50.838,,2147483647,897451,True,offer
7011,1051904,1611974484,MERV - XMEV - GGAL - 24hs,6850.0,2025-05-09 16:39:50,980,2025-05-09 16:39:51.379,6840.0,270,6830.0,5185,6820.0,30482,6810.0,6177,6800.0,214,6850.0,8970,6860.0,7513,6870.0,12829,6880.0,20407,6890.0,5586,2025-05-09 16:39:51.338,,2147483647,897451,False,nan
7012,1051939,1611974524,MERV - XMEV - GGAL - 24hs,6850.0,2025-05-09 16:39:50,980,2025-05-09 16:39:51.879,6840.0,270,6830.0,5185,6820.0,30482,6810.0,6177,6800.0,214,6850.0,3970,6860.0,7513,6870.0,12829,6880.0,20407,6890.0,5586,2025-05-09 16:39:51.840,,2147483647,902451,False,nan
7013,1052228,1611974884,MERV - XMEV - GGAL - 24hs,6850.0,2025-05-09 16:39:50,980,2025-05-09 16:39:54.839,6840.0,270,6830.0,5184,6820.0,30482,6810.0,6177,6800.0,214,6850.0,3970,6860.0,7513,6870.0,12829,6880.0,20407,6890.0,5586,2025-05-09 16:39:54.786,,2147483647,902451,False,nan
7014,1052284,1611974954,MERV - XMEV - GGAL - 24hs,6850.0,2025-05-09 16:39:50,980,2025-05-09 16:39:55.491,6840.0,5270,6830.0,20184,6820.0,15482,6810.0,6177,6800.0,214,6850.0,3970,6860.0,7513,6870.0,12829,6880.0,20407,6890.0,5586,2025-05-09 16:39:55.449,,2147483647,902451,False,nan
7015,1052334,1611975019,MERV - XMEV - GGAL - 24hs,6850.0,2025-05-09 16:39:55,646,2025-05-09 16:39:56.003,6840.0,5270,6830.0,20184,6820.0,15482,6810.0,6177,6800.0,214,6850.0,3970,6860.0,7513,6870.0,12829,6880.0,20407,6890.0,5586,2025-05-09 16:39:55.963,,2147483647,902451,True,offer
7016,1052384,1611975075,MERV - XMEV - GGAL - 24hs,6850.0,2025-05-09 16:39:55,354,2025-05-09 16:39:56.502,6840.0,6270,6830.0,20184,6820.0,15482,6810.0,6177,6800.0,214,6850.0,2970,6860.0,7513,6870.0,12829,6880.0,20407,6890.0,5586,2025-05-09 16:39:56.464,,2147483647,902451,False,nan
7017,1052418,1611975127,MERV - XMEV - GGAL - 24hs,6850.0,2025-05-09 16:39:55,354,2025-05-09 16:39:57.002,6840.0,6270,6830.0,20184,6820.0,15482,6810.0,6177,6800.0,214,6850.0,2970,6860.0,7513,6870.0,12829,6880.0,20407,6890.0,5586,2025-05-09 16:39:56.963,,2147483647,903451,False,nan
7018,1052694,1611975567,MERV - XMEV - GGAL - 24hs,6850.0,2025-05-09 16:39:55,354,2025-05-09 16:39:59.232,6840.0,6270,6830.0,20185,6820.0,15482,6810.0,6177,6800.0,214,6850.0,2970,6860.0,7513,6870.0,12829,6880.0,20407,6890.0,5586,2025-05-09 16:39:59.188,,2147483647,903451,False,nan
7019,1052757,1611975644,MERV - XMEV - GGAL - 24hs,6850.0,2025-05-09 16:39:55,354,2025-05-09 16:40:00.084,6840.0,6270,6830.0,20185,6820.0,15482,6810.0,6177,6800.0,214,6850.0,2970,6860.0,7413,6870.0,12829,6880.0,20407,6890.0,5586,2025-05-09 16:40:00.045,,2147483647,903451,False,nan
7020,1053081,1611976069,MERV - XMEV - GGAL - 24hs,6850.0,2025-05-09 16:40:03,25,2025-05-09 16:40:03.817,6840.0,6270,6830.0,20185,6820.0,15482,6810.0,6177,6800.0,214,6850.0,2970,6860.0,7413,6870.0,12829,6880.0,20407,6890.0,5586,2025-05-09 16:40:03.770,,2147483647,903451,True,offer
7021,1053138,1611976138,MERV - XMEV - GGAL - 24hs,6850.0,2025-05-09 16:40:03,25,2025-05-09 16:40:04.475,6840.0,6270,6830.0,20185,6820.0,15482,6810.0,6177,6800.0,214,6850.0,2945,6860.0,7413,6870.0,12829,6880.0,20407,6890.0,5586,2025-05-09 16:40:04.433,,2147483647,903451,False,nan
7022,1053187,1611976202,MERV - XMEV - GGAL - 24hs,6850.0,2025-05-09 16:40:03,25,2025-05-09 16:40:04.972,6840.0,6270,6830.0,20185,6820.0,15482,6810.0,6177,6800.0,214,6850.0,2945,6860.0,7413,6870.0,12829,6880.0,20407,6890.0,5586,2025-05-09 16:40:04.933,,2147483647,903476,False,nan
7023,1053681,1611976855,MERV - XMEV - GGAL - 24hs,6850.0,2025-05-09 16:40:03,25,2025-05-09 16:40:09.007,6840.0,6270,6830.0,20185,6820.0,15482,6810.0,6177,6800.0,214,6850.0,2945,6860.0,9413,6870.0,12829,6880.0,20407,6890.0,5586,2025-05-09 16:40:08.895,,2147483647,903476,False,nan
7024,1053892,1611977116,MERV - XMEV - GGAL - 24hs,6850.0,2025-05-09 16:40:03,25,2025-05-09 16:40:10.591,6840.0,6270,6830.0,19185,6820.0,15482,6810.0,6177,6800.0,214,6850.0,2945,6860.0,9413,6870.0,12829,6880.0,20407,6890.0,5586,2025-05-09 16:40:10.512,,2147483647,903476,False,nan
7025,1053960,1611977192,MERV - XMEV - GGAL - 24hs,6850.0,2025-05-09 16:40:10,1,2025-05-09 16:40:11.058,6840.0,6270,6830.0,19185,6820.0,15482,6810.0,6177,6800.0,214,6850.0,2945,6860.0,9413,6870.0,12829,6880.0,20407,6890.0,5586,2025-05-09 16:40:11.012,,2147483647,903476,True,offer
7026,1054046,1611977301,MERV - XMEV - GGAL - 24hs,6850.0,2025-05-09 16:40:10,1,2025-05-09 16:40:11.658,6840.0,6270,6830.0,19185,6820.0,15482,6810.0,6177,6800.0,214,6850.0,2944,6860.0,9413,6870.0,12829,6880.0,20407,6890.0,5586,2025-05-09 16:40:11.617,,2147483647,903476,False,nan
7027,1054108,1611977415,MERV - XMEV - GGAL - 24hs,6850.0,2025-05-09 16:40:10,1,2025-05-09 16:40:12.159,6840.0,6270,6830.0,19185,6820.0,15482,6810.0,6177,6800.0,214,6850.0,2944,6860.0,9413,6870.0,12829,6880.0,20407,6890.0,5586,2025-05-09 16:40:12.117,,2147483647,903477,False,nan
7028,1054165,1611977506,MERV - XMEV - GGAL - 24hs,6850.0,2025-05-09 16:40:10,1,2025-05-09 16:40:12.658,6840.0,6270,6830.0,19185,6820.0,15482,6810.0,6152,6800.0,214,6850.0,2944,6860.0,9413,6870.0,12829,6880.0,20407,6890.0,5586,2025-05-09 16:40:12.617,,2147483647,903477,False,nan
7029,1054258,1611977665,MERV - XMEV - GGAL - 24hs,6850.0,2025-05-09 16:40:10,1,2025-05-09 16:40:13.514,6840.0,6270,6830.0,19185,6820.0,15482,6810.0,617,6800.0,214,6850.0,2944,6860.0,9413,6870.0,12829,6880.0,20407,6890.0,5586,2025-05-09 16:40:13.468,,2147483647,903477,False,nan
7030,1054542,1611978031,MERV - XMEV - GGAL - 24hs,6850.0,2025-05-09 16:40:14,120,2025-05-09 16:40:14.867,6840.0,6270,6830.0,19185,6820.0,15482,6810.0,617,6800.0,214,6850.0,2944,6860.0,9413,6870.0,12829,6880.0,20407,6890.0,5586,2025-05-09 16:40:14.790,,2147483647,903477,True,offer
7031,1054604,1611978119,MERV - XMEV - GGAL - 24hs,6850.0,2025-05-09 16:40:14,565,2025-05-09 16:40:15.335,6840.0,6270,6830.0,19185,6820.0,15482,6810.0,617,6800.0,214,6850.0,2944,6860.0,9413,6870.0,12829,6880.0,20407,6890.0,5586,2025-05-09 16:40:15.291,,2147483647,903477,False,nan
7032,1054698,1611978232,MERV - XMEV - GGAL - 24hs,6850.0,2025-05-09 16:40:14,565,2025-05-09 16:40:15.890,6840.0,6270,6830.0,19185,6820.0,15482,6810.0,617,6800.0,214,6850.0,2259,6860.0,9413,6870.0,12829,6880.0,20407,6890.0,5586,2025-05-09 16:40:15.790,,2147483647,904162,False,nan
7033,1054773,1611978348,MERV - XMEV - GGAL - 24hs,6850.0,2025-05-09 16:40:14,565,2025-05-09 16:40:16.575,6840.0,6270,6830.0,19185,6820.0,15482,6810.0,617,6800.0,214,6850.0,2259,6860.0,9413,6870.0,12829,6880.0,20407,6890.0,5591,2025-05-09 16:40:16.509,,2147483647,904162,False,nan
7034,1055090,1611978811,MERV - XMEV - GGAL - 24hs,6850.0,2025-05-09 16:40:14,565,2025-05-09 16:40:19.548,6840.0,6270,6830.0,19185,6820.0,15482,6810.0,617,6800.0,214,6850.0,2259,6860.0,9413,6870.0,10829,6880.0,22407,6890.0,5591,2025-05-09 16:40:19.503,,2147483647,904162,False,nan
7035,1056024,1611980091,MERV - XMEV - GGAL - 24hs,6850.0,2025-05-09 16:40:14,565,2025-05-09 16:40:26.490,6840.0,6270,6830.0,20185,6820.0,14482,6810.0,617,6800.0,214,6850.0,2259,6860.0,9413,6870.0,10829,6880.0,22407,6890.0,5591,2025-05-09 16:40:26.426,,2147483647,904162,False,nan
7036,1056232,1611980374,MERV - XMEV - GGAL - 24hs,6850.0,2025-05-09 16:40:29,435,2025-05-09 16:40:29.112,6840.0,6270,6830.0,20185,6820.0,14482,6810.0,617,6800.0,214,6850.0,2259,6860.0,9413,6870.0,10829,6880.0,22407,6890.0,5591,2025-05-09 16:40:29.070,,2147483647,904162,True,offer
7037,1056266,1611980417,MERV - XMEV - GGAL - 24hs,6850.0,2025-05-09 16:40:29,77,2025-05-09 16:40:29.617,6840.0,6270,6830.0,20185,6820.0,14482,6810.0,617,6800.0,214,6850.0,2259,6860.0,9413,6870.0,10829,6880.0,22407,6890.0,5591,2025-05-09 16:40:29.570,,2147483647,904162,False,nan
7038,1056328,1611980502,MERV - XMEV - GGAL - 24hs,6850.0,2025-05-09 16:40:29,77,2025-05-09 16:40:30.127,6840.0,6270,6830.0,20185,6820.0,14482,6810.0,617,6800.0,214,6850.0,397,6860.0,9413,6870.0,10829,6880.0,22407,6890.0,5591,2025-05-09 16:40:30.071,,2147483647,906024,False,nan
7039,1056405,1611980591,MERV - XMEV - GGAL - 24hs,6850.0,2025-05-09 16:40:29,77,2025-05-09 16:40:30.847,6840.0,6270,6830.0,20185,6820.0,14482,6810.0,617,6800.0,5514,6850.0,397,6860.0,9413,6870.0,10829,6880.0,22407,6890.0,5591,2025-05-09 16:40:30.800,,2147483647,906024,False,nan
7040,1056527,1611980747,MERV - XMEV - GGAL - 24hs,6850.0,2025-05-09 16:40:29,77,2025-05-09 16:40:31.883,6840.0,6270,6830.0,20532,6820.0,14482,6810.0,617,6800.0,514,6850.0,407,6860.0,9413,6870.0,10829,6880.0,22407,6890.0,5591,2025-05-09 16:40:31.798,,2147483647,906024,False,nan
7041,1056643,1611980916,MERV - XMEV - GGAL - 24hs,6850.0,2025-05-09 16:40:29,77,2025-05-09 16:40:32.658,6840.0,6270,6830.0,20185,6820.0,14482,6810.0,617,6800.0,514,6850.0,407,6860.0,9413,6870.0,10829,6880.0,22407,6890.0,5591,2025-05-09 16:40:32.613,,2147483647,906024,False,nan
7042,1057125,1611981547,MERV - XMEV - GGAL - 24hs,6850.0,2025-05-09 16:40:29,77,2025-05-09 16:40:36.330,6840.0,6270,6830.0,20148,6820.0,14482,6810.0,617,6800.0,514,6850.0,407,6860.0,9413,6870.0,10829,6880.0,22407,6890.0,5591,2025-05-09 16:40:36.289,,2147483647,906024,False,nan
7043,1057408,1611981989,MERV - XMEV - GGAL - 24hs,6850.0,2025-05-09 16:40:38,310,2025-05-09 16:40:38.938,6840.0,6270,6830.0,20148,6820.0,14482,6810.0,617,6800.0,514,6850.0,407,6860.0,9413,6870.0,10829,6880.0,22407,6890.0,5591,2025-05-09 16:40:38.896,,2147483647,906024,True,offer
7044,1057564,1611982188,MERV - XMEV - GGAL - 24hs,6850.0,2025-05-09 16:40:38,310,2025-05-09 16:40:39.566,6840.0,6270,6830.0,20148,6820.0,14482,6810.0,617,6800.0,514,6850.0,97,6860.0,9413,6870.0,10829,6880.0,22407,6890.0,5591,2025-05-09 16:40:39.486,,2147483647,906024,False,nan
7045,1057641,1611982283,MERV - XMEV - GGAL - 24hs,6850.0,2025-05-09 16:40:38,310,2025-05-09 16:40:40.029,6840.0,6270,6830.0,20148,6820.0,14482,6810.0,617,6800.0,514,6850.0,97,6860.0,9413,6870.0,10829,6880.0,22407,6890.0,5591,2025-05-09 16:40:39.986,,2147483647,906334,False,nan
7046,1057989,1611982767,MERV - XMEV - GGAL - 24hs,6850.0,2025-05-09 16:40:38,310,2025-05-09 16:40:42.120,6840.0,6270,6830.0,20148,6820.0,14482,6810.0,1617,6800.0,514,6850.0,97,6860.0,9413,6870.0,10829,6880.0,22407,6890.0,5591,2025-05-09 16:40:42.078,,2147483647,906334,False,nan
7047,1058238,1611983103,MERV - XMEV - GGAL - 24hs,6850.0,2025-05-09 16:40:38,310,2025-05-09 16:40:44.034,6840.0,21270,6830.0,5148,6820.0,14482,6810.0,1617,6800.0,514,6850.0,97,6860.0,9413,6870.0,10829,6880.0,22407,6890.0,5591,2025-05-09 16:40:43.966,,2147483647,906334,False,nan
7048,1058775,1611983797,MERV - XMEV - GGAL - 24hs,6850.0,2025-05-09 16:40:46,87,2025-05-09 16:40:46.642,6840.0,21270,6830.0,5148,6820.0,14482,6810.0,1617,6800.0,514,6850.0,97,6860.0,9413,6870.0,10829,6880.0,22407,6890.0,5591,2025-05-09 16:40:46.587,,2147483647,906334,True,offer
7049,1058842,1611983883,MERV - XMEV - GGAL - 24hs,6850.0,2025-05-09 16:40:46,10,2025-05-09 16:40:47.146,6840.0,21270,6830.0,5148,6820.0,14482,6810.0,1617,6800.0,514,6850.0,97,6860.0,9413,6870.0,10829,6880.0,22407,6890.0,5591,2025-05-09 16:40:47.104,,2147483647,906334,False,nan
7050,1058917,1611984010,MERV - XMEV - GGAL - 24hs,6850.0,2025-05-09 16:40:47,178,2025-05-09 16:40:47.656,6850.0,303,6840.0,21270,6830.0,5148,6820.0,14482,6810.0,1617,6860.0,9413,6870.0,10829,6880.0,22407,6890.0,5591,6900.0,13726,2025-05-09 16:40:47.606,,2147483647,906431,True,offer
7051,1058990,1611984104,MERV - XMEV - GGAL - 24hs,6850.0,2025-05-09 16:40:47,178,2025-05-09 16:40:48.264,6850.0,303,6840.0,21270,6830.0,5148,6820.0,14482,6810.0,1617,6860.0,9413,6870.0,10829,6880.0,22407,6890.0,5591,6900.0,13726,2025-05-09 16:40:48.220,,2147483647,906734,False,nan
7052,1059134,1611984297,MERV - XMEV - GGAL - 24hs,6850.0,2025-05-09 16:40:47,178,2025-05-09 16:40:48.896,6840.0,21270,6830.0,5148,6820.0,14482,6810.0,1617,6800.0,514,6850.0,121,6860.0,9413,6870.0,10829,6880.0,22407,6890.0,5591,2025-05-09 16:40:48.730,,2147483647,906734,False,nan
7053,1061428,1611987318,MERV - XMEV - GGAL - 24hs,6850.0,2025-05-09 16:41:01,72,2025-05-09 16:41:02.008,6840.0,21270,6830.0,5148,6820.0,14482,6810.0,1617,6800.0,514,6850.0,121,6860.0,9413,6870.0,10829,6880.0,22407,6890.0,5591,2025-05-09 16:41:01.965,,2147483647,906734,True,offer
7054,1061479,1611987390,MERV - XMEV - GGAL - 24hs,6850.0,2025-05-09 16:41:01,72,2025-05-09 16:41:02.506,6840.0,21270,6830.0,5148,6820.0,14482,6810.0,1617,6800.0,514,6850.0,49,6860.0,9313,6870.0,10829,6880.0,22407,6890.0,5591,2025-05-09 16:41:02.465,,2147483647,906734,False,nan
7055,1061565,1611987503,MERV - XMEV - GGAL - 24hs,6850.0,2025-05-09 16:41:02,49,2025-05-09 16:41:03.010,6840.0,21270,6830.0,5148,6820.0,14482,6810.0,1617,6800.0,514,6850.0,49,6860.0,9313,6870.0,10829,6880.0,22407,6890.0,5591,2025-05-09 16:41:02.966,,2147483647,906855,True,offer
7056,1061650,1611987615,MERV - XMEV - GGAL - 24hs,6850.0,2025-05-09 16:41:02,49,2025-05-09 16:41:03.552,6850.0,72,6840.0,21270,6830.0,5148,6820.0,14482,6810.0,1617,6860.0,9313,6870.0,10829,6880.0,22407,6890.0,5591,6900.0,14026,2025-05-09 16:41:03.466,,2147483647,906855,False,nan
7057,1061925,1611987964,MERV - XMEV - GGAL - 24hs,6850.0,2025-05-09 16:41:03,8,2025-05-09 16:41:04.630,6850.0,72,6840.0,21270,6830.0,5148,6820.0,14482,6810.0,1617,6860.0,9313,6870.0,10829,6880.0,22407,6890.0,5591,6900.0,14026,2025-05-09 16:41:04.036,,2147483647,906919,True,bid
7058,1062010,1611988075,MERV - XMEV - GGAL - 24hs,6850.0,2025-05-09 16:41:03,8,2025-05-09 16:41:04.983,6840.0,21270,6830.0,5148,6820.0,14482,6810.0,1617,6800.0,514,6850.0,56,6860.0,9313,6870.0,10829,6880.0,22407,6890.0,5591,2025-05-09 16:41:04.522,,2147483647,906927,False,nan
7059,1062268,1611988433,MERV - XMEV - GGAL - 24hs,6850.0,2025-05-09 16:41:06,20,2025-05-09 16:41:06.355,6840.0,21270,6830.0,5148,6820.0,14482,6810.0,1617,6800.0,514,6850.0,56,6860.0,9313,6870.0,10829,6880.0,22407,6890.0,5591,2025-05-09 16:41:06.190,,2147483647,906927,True,offer
7060,1062365,1611988579,MERV - XMEV - GGAL - 24hs,6850.0,2025-05-09 16:41:06,20,2025-05-09 16:41:07.151,6840.0,21270,6830.0,5148,6820.0,14482,6810.0,1617,6800.0,514,6850.0,36,6860.0,9313,6870.0,10829,6880.0,22407,6890.0,5591,2025-05-09 16:41:06.905,,2147483647,906927,False,nan
7061,1062413,1611988641,MERV - XMEV - GGAL - 24hs,6850.0,2025-05-09 16:41:06,20,2025-05-09 16:41:07.371,6840.0,21270,6830.0,5148,6820.0,14482,6810.0,1617,6800.0,514,6850.0,36,6860.0,9313,6870.0,10829,6880.0,22407,6890.0,5591,2025-05-09 16:41:07.329,,2147483647,906947,False,nan
7062,1062765,1611989166,MERV - XMEV - GGAL - 24hs,6850.0,2025-05-09 16:41:06,20,2025-05-09 16:41:10.480,6840.0,21270,6830.0,5148,6820.0,14482,6810.0,1617,6800.0,514,6850.0,36,6860.0,9313,6870.0,10729,6880.0,22407,6890.0,5591,2025-05-09 16:41:10.427,,2147483647,906947,False,nan
7063,1062844,1611989297,MERV - XMEV - GGAL - 24hs,6850.0,2025-05-09 16:41:11,10,2025-05-09 16:41:11.187,6840.0,21270,6830.0,5148,6820.0,14482,6810.0,1617,6800.0,514,6850.0,36,6860.0,9313,6870.0,10729,6880.0,22407,6890.0,5591,2025-05-09 16:41:11.142,,2147483647,906947,True,offer
7064,1062898,1611989383,MERV - XMEV - GGAL - 24hs,6850.0,2025-05-09 16:41:11,10,2025-05-09 16:41:11.818,6840.0,21270,6830.0,5148,6820.0,14482,6810.0,1617,6800.0,514,6850.0,26,6860.0,9313,6870.0,10729,6880.0,22407,6890.0,5591,2025-05-09 16:41:11.756,,2147483647,906947,False,nan
7065,1062973,1611989489,MERV - XMEV - GGAL - 24hs,6850.0,2025-05-09 16:41:11,10,2025-05-09 16:41:12.300,6840.0,21270,6830.0,5148,6820.0,14482,6810.0,1617,6800.0,514,6850.0,26,6860.0,9313,6870.0,10729,6880.0,22407,6890.0,5591,2025-05-09 16:41:12.253,,2147483647,906957,False,nan
7066,1063320,1611989957,MERV - XMEV - GGAL - 24hs,6850.0,2025-05-09 16:41:11,10,2025-05-09 16:41:15.279,6840.0,21270,6830.0,4148,6820.0,14482,6810.0,1617,6800.0,514,6850.0,26,6860.0,9313,6870.0,10729,6880.0,22407,6890.0,5591,2025-05-09 16:41:15.234,,2147483647,906957,False,nan
7067,1063800,1611990582,MERV - XMEV - GGAL - 24hs,6850.0,2025-05-09 16:41:11,10,2025-05-09 16:41:19.208,6840.0,21345,6830.0,4148,6820.0,14482,6810.0,1617,6800.0,514,6860.0,9340,6870.0,10729,6880.0,22507,6890.0,5590,6900.0,14026,2025-05-09 16:41:19.166,,2147483647,906957,False,nan
7068,1064252,1611991145,MERV - XMEV - GGAL - 24hs,6850.0,2025-05-09 16:41:11,10,2025-05-09 16:41:22.944,6850.0,26,6840.0,21270,6830.0,4148,6820.0,14482,6810.0,1624,6860.0,10139,6870.0,10729,6880.0,22507,6890.0,5590,6900.0,14027,2025-05-09 16:41:22.381,,2147483647,906957,False,nan
7069,1064403,1611991330,MERV - XMEV - GGAL - 24hs,6850.0,2025-05-09 16:41:11,10,2025-05-09 16:41:23.860,6850.0,26,6840.0,6270,6830.0,19148,6820.0,14482,6810.0,1624,6860.0,10126,6870.0,10722,6880.0,22506,6890.0,5590,6900.0,14027,2025-05-09 16:41:23.817,,2147483647,906957,False,nan
7070,1064474,1611991421,MERV - XMEV - GGAL - 24hs,6850.0,2025-05-09 16:41:11,10,2025-05-09 16:41:24.708,6850.0,26,6840.0,6270,6830.0,19148,6820.0,14482,6810.0,1624,6860.0,10126,6870.0,10722,6880.0,22506,6890.0,5590,6900.0,12987,2025-05-09 16:41:24.652,,2147483647,906957,False,nan
7071,1064663,1611991671,MERV - XMEV - GGAL - 24hs,6850.0,2025-05-09 16:41:11,10,2025-05-09 16:41:26.329,6850.0,45,6840.0,6270,6830.0,19148,6820.0,14482,6810.0,1624,6860.0,10126,6870.0,10722,6880.0,22506,6890.0,5590,6900.0,12987,2025-05-09 16:41:26.282,,2147483647,906957,False,nan
7072,1065006,1611992113,MERV - XMEV - GGAL - 24hs,6850.0,2025-05-09 16:41:11,10,2025-05-09 16:41:28.905,6850.0,45,6840.0,6270,6830.0,19148,6820.0,14482,6810.0,1624,6860.0,10126,6870.0,10622,6880.0,20506,6890.0,7590,6900.0,12987,2025-05-09 16:41:28.833,,2147483647,906957,False,nan
7073,1065637,1611992954,MERV - XMEV - GGAL - 24hs,6850.0,2025-05-09 16:41:11,10,2025-05-09 16:41:33.172,6850.0,45,6840.0,6270,6830.0,19148,6820.0,14482,6810.0,1624,6860.0,10126,6870.0,10722,6880.0,20506,6890.0,7590,6900.0,12987,2025-05-09 16:41:33.122,,2147483647,906957,False,nan
7074,1065716,1611993079,MERV - XMEV - GGAL - 24hs,6840.0,2025-05-09 16:41:33,55,2025-05-09 16:41:33.665,6850.0,45,6840.0,6270,6830.0,19148,6820.0,14482,6810.0,1624,6860.0,10126,6870.0,10722,6880.0,20506,6890.0,7590,6900.0,12987,2025-05-09 16:41:33.622,,2147483647,906957,True,bid
7075,1065834,1611993232,MERV - XMEV - GGAL - 24hs,6840.0,2025-05-09 16:41:33,55,2025-05-09 16:41:34.304,6840.0,6290,6830.0,19148,6820.0,14482,6810.0,1617,6800.0,514,6860.0,10127,6870.0,10722,6880.0,20506,6890.0,9590,6900.0,12986,2025-05-09 16:41:34.131,,2147483647,907057,False,nan
7076,1066037,1611993496,MERV - XMEV - GGAL - 24hs,6840.0,2025-05-09 16:41:33,55,2025-05-09 16:41:35.712,6840.0,6631,6830.0,18803,6820.0,14482,6810.0,1617,6800.0,514,6860.0,10127,6870.0,10722,6880.0,20506,6890.0,9590,6900.0,12986,2025-05-09 16:41:35.660,,2147483647,907057,False,nan
7077,1066151,1611993647,MERV - XMEV - GGAL - 24hs,6840.0,2025-05-09 16:41:33,55,2025-05-09 16:41:36.941,6840.0,6982,6830.0,18803,6820.0,14482,6810.0,1617,6800.0,514,6860.0,10127,6870.0,10722,6880.0,20506,6890.0,9590,6900.0,12986,2025-05-09 16:41:36.897,,2147483647,907057,False,nan
7078,1066367,1611993930,MERV - XMEV - GGAL - 24hs,6840.0,2025-05-09 16:41:33,55,2025-05-09 16:41:38.551,6840.0,7676,6830.0,18803,6820.0,14482,6810.0,1617,6800.0,514,6860.0,10127,6870.0,10722,6880.0,20506,6890.0,9590,6900.0,12986,2025-05-09 16:41:38.404,,2147483647,907057,False,nan
7079,1066490,1611994096,MERV - XMEV - GGAL - 24hs,6840.0,2025-05-09 16:41:39,46,2025-05-09 16:41:39.561,6840.0,7676,6830.0,18803,6820.0,14482,6810.0,1617,6800.0,514,6860.0,10127,6870.0,10722,6880.0,20506,6890.0,9590,6900.0,12986,2025-05-09 16:41:39.518,,2147483647,907057,True,bid
7080,1066554,1611994180,MERV - XMEV - GGAL - 24hs,6840.0,2025-05-09 16:41:40,22,2025-05-09 16:41:40.122,6840.0,7676,6830.0,18803,6820.0,14482,6810.0,1617,6800.0,514,6860.0,10127,6870.0,10722,6880.0,20506,6890.0,9590,6900.0,12986,2025-05-09 16:41:40.067,,2147483647,907103,True,bid
7081,1066595,1611994227,MERV - XMEV - GGAL - 24hs,6840.0,2025-05-09 16:41:40,22,2025-05-09 16:41:40.611,6840.0,7608,6830.0,18803,6820.0,14482,6810.0,1617,6800.0,514,6860.0,10127,6870.0,10722,6880.0,20506,6890.0,9590,6900.0,12986,2025-05-09 16:41:40.567,,2147483647,907125,False,nan
7082,1066710,1611994374,MERV - XMEV - GGAL - 24hs,6840.0,2025-05-09 16:41:40,22,2025-05-09 16:41:41.691,6840.0,7533,6830.0,18803,6820.0,14482,6810.0,1617,6800.0,521,6850.0,800,6860.0,9326,6870.0,10722,6880.0,20506,6890.0,9591,2025-05-09 16:41:41.648,,2147483647,907125,False,nan
7083,1066764,1611994454,MERV - XMEV - GGAL - 24hs,6850.0,2025-05-09 16:41:41,8,2025-05-09 16:41:42.193,6840.0,7533,6830.0,18803,6820.0,14482,6810.0,1617,6800.0,521,6850.0,800,6860.0,9326,6870.0,10722,6880.0,20506,6890.0,9591,2025-05-09 16:41:42.150,,2147483647,907136,True,offer
7084,1066820,1611994525,MERV - XMEV - GGAL - 24hs,6850.0,2025-05-09 16:41:41,8,2025-05-09 16:41:42.699,6840.0,7533,6830.0,18803,6820.0,14482,6810.0,1617,6800.0,521,6850.0,781,6860.0,9326,6870.0,10722,6880.0,20506,6890.0,9591,2025-05-09 16:41:42.648,,2147483647,907144,False,nan
7085,1066984,1611994714,MERV - XMEV - GGAL - 24hs,6850.0,2025-05-09 16:41:41,8,2025-05-09 16:41:44.455,6840.0,7533,6830.0,18803,6820.0,14482,6810.0,1617,6800.0,521,6850.0,781,6860.0,9326,6870.0,10722,6880.0,10506,6890.0,19591,2025-05-09 16:41:44.175,,2147483647,907144,False,nan
7086,1067126,1611994898,MERV - XMEV - GGAL - 24hs,6850.0,2025-05-09 16:41:44,685,2025-05-09 16:41:45.098,6840.0,7533,6830.0,18803,6820.0,14482,6810.0,1617,6800.0,521,6850.0,781,6860.0,9326,6870.0,10722,6880.0,10506,6890.0,19591,2025-05-09 16:41:44.971,,2147483647,907144,True,offer
7087,1067184,1611994974,MERV - XMEV - GGAL - 24hs,6850.0,2025-05-09 16:41:44,685,2025-05-09 16:41:45.635,6840.0,7533,6830.0,18803,6820.0,14482,6810.0,1617,6800.0,521,6850.0,96,6860.0,9326,6870.0,10722,6880.0,10506,6890.0,19591,2025-05-09 16:41:45.590,,2147483647,907144,False,nan
7088,1067264,1611995122,MERV - XMEV - GGAL - 24hs,6850.0,2025-05-09 16:41:45,82,2025-05-09 16:41:46.260,6840.0,7533,6830.0,18803,6820.0,14482,6810.0,1617,6800.0,521,6850.0,96,6860.0,9326,6870.0,10722,6880.0,10506,6890.0,19591,2025-05-09 16:41:46.091,,2147483647,907829,True,offer
7089,1067305,1611995190,MERV - XMEV - GGAL - 24hs,6850.0,2025-05-09 16:41:46,14,2025-05-09 16:41:46.634,6840.0,7533,6830.0,18803,6820.0,14482,6810.0,1617,6800.0,521,6850.0,14,6860.0,9326,6870.0,10722,6880.0,10506,6890.0,19591,2025-05-09 16:41:46.589,,2147483647,907911,True,offer
7090,1067379,1611995294,MERV - XMEV - GGAL - 24hs,6850.0,2025-05-09 16:41:46,14,2025-05-09 16:41:47.138,6850.0,68,6840.0,7533,6830.0,18803,6820.0,14482,6810.0,1617,6860.0,9326,6870.0,10722,6880.0,10506,6890.0,19591,6900.0,12986,2025-05-09 16:41:47.095,,2147483647,907925,False,nan
7091,1067477,1611995432,MERV - XMEV - GGAL - 24hs,6850.0,2025-05-09 16:41:46,14,2025-05-09 16:41:48.325,6850.0,68,6840.0,7542,6830.0,18803,6820.0,14482,6810.0,1617,6860.0,9326,6870.0,10722,6880.0,10506,6890.0,19591,6900.0,12986,2025-05-09 16:41:48.278,,2147483647,907925,False,nan
7092,1067531,1611995499,MERV - XMEV - GGAL - 24hs,6850.0,2025-05-09 16:41:48,30,2025-05-09 16:41:49.038,6850.0,68,6840.0,7542,6830.0,18803,6820.0,14482,6810.0,1617,6860.0,9326,6870.0,10722,6880.0,10506,6890.0,19591,6900.0,12986,2025-05-09 16:41:48.993,,2147483647,907925,True,bid
7093,1067570,1611995546,MERV - XMEV - GGAL - 24hs,6850.0,2025-05-09 16:41:48,30,2025-05-09 16:41:49.698,6850.0,38,6840.0,7542,6830.0,18803,6820.0,14482,6810.0,1617,6860.0,9326,6870.0,10722,6880.0,10506,6890.0,19591,6900.0,12986,2025-05-09 16:41:49.655,,2147483647,907925,False,nan
7094,1067616,1611995618,MERV - XMEV - GGAL - 24hs,6850.0,2025-05-09 16:41:48,30,2025-05-09 16:41:50.223,6850.0,38,6840.0,7542,6830.0,18803,6820.0,14482,6810.0,1617,6860.0,9326,6870.0,10722,6880.0,10506,6890.0,19591,6900.0,12986,2025-05-09 16:41:50.160,,2147483647,907955,False,nan
7095,1067657,1611995673,MERV - XMEV - GGAL - 24hs,6850.0,2025-05-09 16:41:48,30,2025-05-09 16:41:50.703,6850.0,38,6840.0,7542,6830.0,2803,6820.0,30482,6810.0,1617,6860.0,9326,6870.0,10722,6880.0,10506,6890.0,19591,6900.0,12986,2025-05-09 16:41:50.655,,2147483647,907955,False,nan
7096,1067944,1611996080,MERV - XMEV - GGAL - 24hs,6850.0,2025-05-09 16:41:48,30,2025-05-09 16:41:53.553,6850.0,38,6840.0,7542,6830.0,2803,6820.0,30482,6810.0,2117,6860.0,9326,6870.0,10722,6880.0,10506,6890.0,19591,6900.0,12986,2025-05-09 16:41:53.510,,2147483647,907955,False,nan
7097,1068561,1611996908,MERV - XMEV - GGAL - 24hs,6850.0,2025-05-09 16:41:48,30,2025-05-09 16:41:59.531,6850.0,308,6840.0,7272,6830.0,2803,6820.0,30482,6810.0,2117,6860.0,9326,6870.0,10722,6880.0,10506,6890.0,19591,6900.0,12986,2025-05-09 16:41:59.488,,2147483647,907955,False,nan
7098,1069356,1611998004,MERV - XMEV - GGAL - 24hs,6850.0,2025-05-09 16:41:48,30,2025-05-09 16:42:07.792,6850.0,408,6840.0,7272,6830.0,2803,6820.0,30482,6810.0,2117,6860.0,9326,6870.0,10722,6880.0,10506,6890.0,19591,6900.0,12986,2025-05-09 16:42:07.744,,2147483647,907955,False,nan
7099,1069433,1611998115,MERV - XMEV - GGAL - 24hs,6850.0,2025-05-09 16:41:48,30,2025-05-09 16:42:08.674,6850.0,408,6840.0,7272,6830.0,18803,6820.0,14482,6810.0,2117,6860.0,9326,6870.0,10722,6880.0,10506,6890.0,19591,6900.0,12986,2025-05-09 16:42:08.626,,2147483647,907955,False,nan
7100,1069631,1611998365,MERV - XMEV - GGAL - 24hs,6850.0,2025-05-09 16:41:48,30,2025-05-09 16:42:11.386,6850.0,408,6840.0,7272,6830.0,2803,6820.0,30482,6810.0,2117,6860.0,9326,6870.0,10722,6880.0,10506,6890.0,19591,6900.0,12986,2025-05-09 16:42:11.343,,2147483647,907955,False,nan
7101,1069667,1611998410,MERV - XMEV - GGAL - 24hs,6850.0,2025-05-09 16:42:11,1,2025-05-09 16:42:11.892,6850.0,408,6840.0,7272,6830.0,2803,6820.0,30482,6810.0,2117,6860.0,9326,6870.0,10722,6880.0,10506,6890.0,19591,6900.0,12986,2025-05-09 16:42:11.844,,2147483647,907955,True,bid
7102,1069713,1611998470,MERV - XMEV - GGAL - 24hs,6850.0,2025-05-09 16:42:11,1,2025-05-09 16:42:12.511,6850.0,407,6840.0,7272,6830.0,2803,6820.0,30482,6810.0,2117,6860.0,9326,6870.0,10722,6880.0,10506,6890.0,19591,6900.0,12986,2025-05-09 16:42:12.463,,2147483647,907955,False,nan
7103,1069765,1611998536,MERV - XMEV - GGAL - 24hs,6850.0,2025-05-09 16:42:11,1,2025-05-09 16:42:13.009,6850.0,407,6840.0,7272,6830.0,2803,6820.0,30482,6810.0,2117,6860.0,9326,6870.0,10722,6880.0,10506,6890.0,19591,6900.0,12986,2025-05-09 16:42:12.963,,2147483647,907956,False,nan
7104,1069836,1611998629,MERV - XMEV - GGAL - 24hs,6850.0,2025-05-09 16:42:11,1,2025-05-09 16:42:13.610,6850.0,407,6840.0,7619,6830.0,2803,6820.0,30482,6810.0,2117,6860.0,9326,6870.0,10722,6880.0,10506,6890.0,19591,6900.0,12986,2025-05-09 16:42:13.566,,2147483647,907956,False,nan
7105,1069926,1611998749,MERV - XMEV - GGAL - 24hs,6850.0,2025-05-09 16:42:11,1,2025-05-09 16:42:14.741,6850.0,723,6840.0,5886,6830.0,2803,6820.0,30482,6810.0,2117,6860.0,9326,6870.0,10722,6880.0,10506,6890.0,19591,6900.0,12986,2025-05-09 16:42:14.696,,2147483647,907956,False,nan
7106,1069986,1611998843,MERV - XMEV - GGAL - 24hs,6850.0,2025-05-09 16:42:11,1,2025-05-09 16:42:15.643,6850.0,752,6840.0,5886,6830.0,2803,6820.0,30482,6810.0,2117,6860.0,9326,6870.0,10722,6880.0,10506,6890.0,19591,6900.0,12986,2025-05-09 16:42:15.597,,2147483647,907956,False,nan
7107,1070140,1611999044,MERV - XMEV - GGAL - 24hs,6850.0,2025-05-09 16:42:11,1,2025-05-09 16:42:17.388,6850.0,740,6840.0,5886,6830.0,2803,6820.0,30482,6810.0,2117,6860.0,9326,6870.0,10722,6880.0,10506,6890.0,19591,6900.0,12986,2025-05-09 16:42:17.338,,2147483647,907956,False,nan
7108,1070194,1611999121,MERV - XMEV - GGAL - 24hs,6850.0,2025-05-09 16:42:17,39,2025-05-09 16:42:17.923,6850.0,740,6840.0,5886,6830.0,2803,6820.0,30482,6810.0,2117,6860.0,9326,6870.0,10722,6880.0,10506,6890.0,19591,6900.0,12986,2025-05-09 16:42:17.842,,2147483647,907956,True,bid
7109,1070265,1611999230,MERV - XMEV - GGAL - 24hs,6850.0,2025-05-09 16:42:17,39,2025-05-09 16:42:18.389,6850.0,701,6840.0,5886,6830.0,18803,6820.0,14482,6810.0,2117,6860.0,9326,6870.0,10722,6880.0,10506,6890.0,19591,6900.0,12986,2025-05-09 16:42:18.345,,2147483647,907956,False,nan
7110,1070352,1611999355,MERV - XMEV - GGAL - 24hs,6850.0,2025-05-09 16:42:17,39,2025-05-09 16:42:18.972,6850.0,713,6840.0,5886,6830.0,18803,6820.0,14482,6810.0,2117,6860.0,9326,6870.0,10722,6880.0,10506,6890.0,19591,6900.0,12986,2025-05-09 16:42:18.848,,2147483647,907995,False,nan
7111,1070979,1612000180,MERV - XMEV - GGAL - 24hs,6850.0,2025-05-09 16:42:17,39,2025-05-09 16:42:23.934,6850.0,675,6840.0,5886,6830.0,18803,6820.0,14482,6810.0,2117,6860.0,9326,6870.0,10722,6880.0,10506,6890.0,19591,6900.0,12986,2025-05-09 16:42:23.847,,2147483647,907995,False,nan
7112,1071067,1612000294,MERV - XMEV - GGAL - 24hs,6850.0,2025-05-09 16:42:17,39,2025-05-09 16:42:24.611,6850.0,713,6840.0,5886,6830.0,18803,6820.0,14482,6810.0,2117,6860.0,9326,6870.0,10722,6880.0,10506,6890.0,19591,6900.0,12986,2025-05-09 16:42:24.557,,2147483647,907995,False,nan
7113,1071731,1612001168,MERV - XMEV - GGAL - 24hs,6850.0,2025-05-09 16:42:17,39,2025-05-09 16:42:30.017,6850.0,713,6840.0,5886,6830.0,17803,6820.0,14482,6810.0,2117,6860.0,9326,6870.0,10722,6880.0,10506,6890.0,19591,6900.0,12986,2025-05-09 16:42:29.962,,2147483647,907995,False,nan
7114,1072139,1612001721,MERV - XMEV - GGAL - 24hs,6850.0,2025-05-09 16:42:17,39,2025-05-09 16:42:32.300,6850.0,713,6840.0,5886,6830.0,17803,6820.0,14482,6810.0,2117,6860.0,9326,6870.0,10722,6880.0,10506,6890.0,17591,6900.0,12986,2025-05-09 16:42:31.731,,2147483647,907995,False,nan
7115,1072212,1612001826,MERV - XMEV - GGAL - 24hs,6850.0,2025-05-09 16:42:32,100,2025-05-09 16:42:32.639,6850.0,713,6840.0,5886,6830.0,17803,6820.0,14482,6810.0,2117,6860.0,9326,6870.0,10722,6880.0,10506,6890.0,17591,6900.0,12986,2025-05-09 16:42:32.535,,2147483647,907995,True,bid
7116,1072243,1612001867,MERV - XMEV - GGAL - 24hs,6850.0,2025-05-09 16:42:32,38,2025-05-09 16:42:33.086,6850.0,713,6840.0,5886,6830.0,17803,6820.0,14482,6810.0,2117,6860.0,9326,6870.0,10722,6880.0,10506,6890.0,17591,6900.0,12986,2025-05-09 16:42:33.039,,2147483647,907995,False,nan
7117,1072275,1612001923,MERV - XMEV - GGAL - 24hs,6850.0,2025-05-09 16:42:33,347,2025-05-09 16:42:33.583,6840.0,5886,6830.0,17803,6820.0,14482,6810.0,2117,6800.0,1121,6850.0,22373,6860.0,9326,6870.0,10722,6880.0,10506,6890.0,17591,2025-05-09 16:42:33.535,,2147483647,909574,True,bid
7118,1072351,1612002024,MERV - XMEV - GGAL - 24hs,6850.0,2025-05-09 16:42:33,347,2025-05-09 16:42:34.216,6840.0,5886,6830.0,17803,6820.0,14482,6810.0,2117,6800.0,1121,6850.0,22373,6860.0,9326,6870.0,10722,6880.0,10506,6890.0,17591,2025-05-09 16:42:34.150,,2147483647,909921,False,nan
7119,1072399,1612002094,MERV - XMEV - GGAL - 24hs,6850.0,2025-05-09 16:42:34,349,2025-05-09 16:42:34.695,6840.0,5886,6830.0,17803,6820.0,14482,6810.0,2117,6800.0,1121,6850.0,21160,6860.0,9326,6870.0,10722,6880.0,10506,6890.0,17591,2025-05-09 16:42:34.650,,2147483647,909922,True,offer
7120,1072444,1612002158,MERV - XMEV - GGAL - 24hs,6850.0,2025-05-09 16:42:34,349,2025-05-09 16:42:35.195,6840.0,5886,6830.0,17803,6820.0,14482,6810.0,2117,6800.0,1121,6850.0,20810,6860.0,9326,6870.0,10722,6880.0,10506,6890.0,17591,2025-05-09 16:42:35.150,,2147483647,910271,False,nan
7121,1072502,1612002243,MERV - XMEV - GGAL - 24hs,6850.0,2025-05-09 16:42:34,349,2025-05-09 16:42:35.796,6840.0,5886,6830.0,17803,6820.0,14582,6810.0,2117,6800.0,1121,6850.0,20810,6860.0,9326,6870.0,10722,6880.0,10506,6890.0,17591,2025-05-09 16:42:35.741,,2147483647,910271,False,nan
7122,1072924,1612002849,MERV - XMEV - GGAL - 24hs,6850.0,2025-05-09 16:42:38,9,2025-05-09 16:42:38.917,6840.0,5886,6830.0,17803,6820.0,14582,6810.0,2117,6800.0,1121,6850.0,20810,6860.0,9326,6870.0,10722,6880.0,10506,6890.0,17591,2025-05-09 16:42:38.869,,2147483647,910271,True,offer
7123,1072978,1612002911,MERV - XMEV - GGAL - 24hs,6850.0,2025-05-09 16:42:38,9,2025-05-09 16:42:39.535,6840.0,5886,6830.0,17803,6820.0,14582,6810.0,2117,6800.0,1121,6850.0,20827,6860.0,9300,6870.0,10722,6880.0,10506,6890.0,17591,2025-05-09 16:42:39.485,,2147483647,910271,False,nan
7124,1073038,1612002992,MERV - XMEV - GGAL - 24hs,6850.0,2025-05-09 16:42:38,9,2025-05-09 16:42:40.033,6840.0,5886,6830.0,17803,6820.0,14582,6810.0,2117,6800.0,1121,6850.0,20827,6860.0,9300,6870.0,10722,6880.0,10506,6890.0,17591,2025-05-09 16:42:39.985,,2147483647,910280,False,nan
7125,1073081,1612003041,MERV - XMEV - GGAL - 24hs,6850.0,2025-05-09 16:42:40,21,2025-05-09 16:42:40.535,6840.0,5886,6830.0,17803,6820.0,14582,6810.0,2117,6800.0,1121,6850.0,20827,6860.0,9300,6870.0,10722,6880.0,10506,6890.0,17591,2025-05-09 16:42:40.485,,2147483647,910280,True,offer
7126,1073171,1612003149,MERV - XMEV - GGAL - 24hs,6850.0,2025-05-09 16:42:40,21,2025-05-09 16:42:41.033,6840.0,5886,6830.0,17803,6820.0,14582,6810.0,2117,6800.0,1121,6850.0,20806,6860.0,9300,6870.0,10722,6880.0,10506,6890.0,17591,2025-05-09 16:42:40.986,,2147483647,910301,False,nan
7127,1073230,1612003220,MERV - XMEV - GGAL - 24hs,6850.0,2025-05-09 16:42:40,21,2025-05-09 16:42:41.616,6840.0,5886,6830.0,17803,6820.0,14582,6810.0,2117,6800.0,1181,6850.0,20806,6860.0,9300,6870.0,10722,6880.0,10506,6890.0,17591,2025-05-09 16:42:41.570,,2147483647,910301,False,nan
7128,1073834,1612004008,MERV - XMEV - GGAL - 24hs,6850.0,2025-05-09 16:42:48,20780,2025-05-09 16:42:48.251,6840.0,5886,6830.0,17803,6820.0,14582,6810.0,2117,6800.0,1181,6850.0,20806,6860.0,9300,6870.0,10722,6880.0,10506,6890.0,17591,2025-05-09 16:42:48.205,,2147483647,910301,True,offer
7129,1073875,1612004059,MERV - XMEV - GGAL - 24hs,6850.0,2025-05-09 16:42:48,20780,2025-05-09 16:42:48.916,6840.0,5886,6830.0,17803,6820.0,14582,6810.0,2117,6800.0,1181,6850.0,26,6860.0,9300,6870.0,10722,6880.0,10506,6890.0,17591,2025-05-09 16:42:48.870,,2147483647,910301,False,nan
7130,1073909,1612004102,MERV - XMEV - GGAL - 24hs,6850.0,2025-05-09 16:42:48,20780,2025-05-09 16:42:49.417,6840.0,5886,6830.0,17803,6820.0,14582,6810.0,2117,6800.0,1181,6850.0,26,6860.0,9300,6870.0,10722,6880.0,10506,6890.0,17591,2025-05-09 16:42:49.371,,2147483647,931081,False,nan
7131,1074188,1612004490,MERV - XMEV - GGAL - 24hs,6850.0,2025-05-09 16:42:48,20780,2025-05-09 16:42:52.490,6840.0,5886,6830.0,17803,6820.0,14582,6810.0,2117,6800.0,1181,6850.0,26,6860.0,9313,6870.0,10722,6880.0,10506,6890.0,17591,2025-05-09 16:42:52.444,,2147483647,931081,False,nan
7132,1074252,1612004573,MERV - XMEV - GGAL - 24hs,6850.0,2025-05-09 16:42:48,20780,2025-05-09 16:42:53.358,6840.0,5886,6830.0,17803,6820.0,14582,6810.0,2117,6800.0,1171,6850.0,26,6860.0,9313,6870.0,10722,6880.0,10506,6890.0,17591,2025-05-09 16:42:53.311,,2147483647,931081,False,nan
7133,1074475,1612004889,MERV - XMEV - GGAL - 24hs,6850.0,2025-05-09 16:42:55,24,2025-05-09 16:42:55.538,6840.0,5886,6830.0,17803,6820.0,14582,6810.0,2117,6800.0,1171,6850.0,26,6860.0,9313,6870.0,10722,6880.0,10506,6890.0,17591,2025-05-09 16:42:55.490,,2147483647,931081,True,offer
7134,1074565,1612005007,MERV - XMEV - GGAL - 24hs,6850.0,2025-05-09 16:42:55,24,2025-05-09 16:42:56.204,6840.0,5886,6830.0,17803,6820.0,14582,6810.0,2117,6800.0,1171,6850.0,2,6860.0,9313,6870.0,10722,6880.0,10506,6890.0,17591,2025-05-09 16:42:56.156,,2147483647,931081,False,nan
7135,1074621,1612005087,MERV - XMEV - GGAL - 24hs,6850.0,2025-05-09 16:42:55,24,2025-05-09 16:42:56.703,6840.0,5886,6830.0,17803,6820.0,14582,6810.0,2117,6800.0,1171,6850.0,2,6860.0,9313,6870.0,10722,6880.0,10506,6890.0,17591,2025-05-09 16:42:56.657,,2147483647,931105,False,nan
7136,1074708,1612005208,MERV - XMEV - GGAL - 24hs,6850.0,2025-05-09 16:42:55,24,2025-05-09 16:42:57.206,6840.0,6960,6830.0,17553,6820.0,14582,6810.0,2117,6800.0,1171,6850.0,2,6860.0,9313,6870.0,10722,6880.0,10506,6890.0,17591,2025-05-09 16:42:57.157,,2147483647,931105,False,nan
7137,1075032,1612005650,MERV - XMEV - GGAL - 24hs,6850.0,2025-05-09 16:42:55,24,2025-05-09 16:42:59.306,6840.0,7035,6830.0,17553,6820.0,14582,6810.0,2117,6800.0,1164,6860.0,9316,6870.0,10722,6880.0,10506,6890.0,17590,6900.0,12986,2025-05-09 16:42:59.183,,2147483647,931105,False,nan
7138,1075192,1612005870,MERV - XMEV - GGAL - 24hs,6850.0,2025-05-09 16:42:55,24,2025-05-09 16:43:00.170,6850.0,692,6840.0,5886,6830.0,17553,6820.0,14582,6810.0,2124,6860.0,9315,6870.0,10722,6880.0,10506,6890.0,17590,6900.0,13487,2025-05-09 16:42:59.986,,2147483647,931105,False,nan
7139,1075505,1612006310,MERV - XMEV - GGAL - 24hs,6850.0,2025-05-09 16:42:55,24,2025-05-09 16:43:02.499,6850.0,692,6840.0,5886,6830.0,17553,6820.0,14582,6810.0,2124,6860.0,9315,6870.0,10727,6880.0,10506,6890.0,17590,6900.0,13487,2025-05-09 16:43:02.441,,2147483647,931105,False,nan
7140,1075680,1612006544,MERV - XMEV - GGAL - 24hs,6850.0,2025-05-09 16:42:55,24,2025-05-09 16:43:03.961,6850.0,692,6840.0,5886,6830.0,17553,6820.0,14582,6810.0,2124,6860.0,9615,6870.0,10727,6880.0,10206,6890.0,17590,6900.0,13487,2025-05-09 16:43:03.914,,2147483647,931105,False,nan
7141,1075793,1612006706,MERV - XMEV - GGAL - 24hs,6850.0,2025-05-09 16:42:55,24,2025-05-09 16:43:05.330,6850.0,2080,6840.0,5886,6830.0,17553,6820.0,14582,6810.0,2124,6860.0,9615,6870.0,10727,6880.0,10206,6890.0,17590,6900.0,13487,2025-05-09 16:43:05.284,,2147483647,931105,False,nan
7142,1076165,1612007187,MERV - XMEV - GGAL - 24hs,6850.0,2025-05-09 16:42:55,24,2025-05-09 16:43:09.783,6850.0,2080,6840.0,5886,6830.0,17553,6820.0,14582,6810.0,2124,6860.0,9615,6870.0,10727,6880.0,10206,6890.0,17593,6900.0,13487,2025-05-09 16:43:09.733,,2147483647,931105,False,nan
7143,1076702,1612007855,MERV - XMEV - GGAL - 24hs,6850.0,2025-05-09 16:42:55,24,2025-05-09 16:43:12.974,6850.0,1733,6840.0,5886,6830.0,17553,6820.0,14582,6810.0,2124,6860.0,9615,6870.0,10727,6880.0,10206,6890.0,17593,6900.0,13487,2025-05-09 16:43:12.826,,2147483647,931105,False,nan
7144,1076888,1612008085,MERV - XMEV - GGAL - 24hs,6860.0,2025-05-09 16:43:13,100,2025-05-09 16:43:14.188,6850.0,1733,6840.0,5886,6830.0,17553,6820.0,14582,6810.0,2124,6860.0,9615,6870.0,10727,6880.0,10206,6890.0,17593,6900.0,13487,2025-05-09 16:43:14.054,,2147483647,931105,True,offer
7145,1077068,1612008336,MERV - XMEV - GGAL - 24hs,6860.0,2025-05-09 16:43:13,1532,2025-05-09 16:43:14.978,6850.0,1733,6840.0,5886,6830.0,17553,6820.0,14582,6810.0,2124,6860.0,9615,6870.0,10727,6880.0,10206,6890.0,17593,6900.0,13487,2025-05-09 16:43:14.547,,2147483647,931105,False,nan
7146,1077136,1612008427,MERV - XMEV - GGAL - 24hs,6860.0,2025-05-09 16:43:14,1168,2025-05-09 16:43:15.583,6840.0,5961,6830.0,17553,6820.0,14582,6810.0,2117,6800.0,1164,6860.0,7884,6870.0,10727,6880.0,10206,6890.0,17593,6900.0,13486,2025-05-09 16:43:15.525,,2147483647,932838,True,offer
7147,1077196,1612008499,MERV - XMEV - GGAL - 24hs,6860.0,2025-05-09 16:43:14,1168,2025-05-09 16:43:15.803,6840.0,5961,6830.0,17553,6820.0,14582,6810.0,2117,6800.0,1164,6860.0,6148,6870.0,10727,6880.0,10206,6890.0,17593,6900.0,13486,2025-05-09 16:43:15.625,,2147483647,934573,False,nan
7148,1077253,1612008573,MERV - XMEV - GGAL - 24hs,6860.0,2025-05-09 16:43:14,1168,2025-05-09 16:43:16.323,6850.0,692,6840.0,5886,6830.0,17553,6820.0,14582,6810.0,2124,6860.0,6147,6870.0,10727,6880.0,10206,6890.0,17593,6900.0,13487,2025-05-09 16:43:16.275,,2147483647,934573,False,nan
7149,1077716,1612009198,MERV - XMEV - GGAL - 24hs,6860.0,2025-05-09 16:43:20,1,2025-05-09 16:43:20.784,6850.0,692,6840.0,5886,6830.0,17553,6820.0,14582,6810.0,2124,6860.0,6147,6870.0,10727,6880.0,10206,6890.0,17593,6900.0,13487,2025-05-09 16:43:20.727,,2147483647,934573,True,offer
7150,1077765,1612009279,MERV - XMEV - GGAL - 24hs,6860.0,2025-05-09 16:43:20,1,2025-05-09 16:43:21.445,6850.0,692,6840.0,5886,6830.0,17553,6820.0,14582,6810.0,2124,6860.0,6146,6870.0,10727,6880.0,10206,6890.0,17593,6900.0,13487,2025-05-09 16:43:21.395,,2147483647,934573,False,nan
7151,1077805,1612009332,MERV - XMEV - GGAL - 24hs,6860.0,2025-05-09 16:43:20,1,2025-05-09 16:43:21.943,6850.0,692,6840.0,5886,6830.0,17553,6820.0,14582,6810.0,2124,6860.0,6146,6870.0,10727,6880.0,10206,6890.0,17593,6900.0,13487,2025-05-09 16:43:21.895,,2147483647,934574,False,nan
7152,1078255,1612009945,MERV - XMEV - GGAL - 24hs,6860.0,2025-05-09 16:43:20,1,2025-05-09 16:43:26.720,6850.0,691,6840.0,5886,6830.0,17553,6820.0,14582,6810.0,2124,6860.0,6146,6870.0,10727,6880.0,10206,6890.0,17593,6900.0,13487,2025-05-09 16:43:26.555,,2147483647,934574,False,nan
7153,1078475,1612010238,MERV - XMEV - GGAL - 24hs,6860.0,2025-05-09 16:43:20,1,2025-05-09 16:43:28.751,6850.0,692,6840.0,5886,6830.0,17553,6820.0,14582,6810.0,2124,6860.0,6146,6870.0,10727,6880.0,10206,6890.0,17593,6900.0,13487,2025-05-09 16:43:28.701,,2147483647,934574,False,nan
7154,1081057,1612013706,MERV - XMEV - GGAL - 24hs,6850.0,2025-05-09 16:43:45,200,2025-05-09 16:43:45.218,6850.0,692,6840.0,5886,6830.0,17553,6820.0,14582,6810.0,2124,6860.0,6146,6870.0,10727,6880.0,10206,6890.0,17593,6900.0,13487,2025-05-09 16:43:45.169,,2147483647,934574,True,bid
7155,1081227,1612013962,MERV - XMEV - GGAL - 24hs,6850.0,2025-05-09 16:43:45,200,2025-05-09 16:43:46.591,6850.0,692,6840.0,5886,6830.0,17553,6820.0,14582,6810.0,2124,6860.0,6146,6870.0,10727,6880.0,10206,6890.0,17593,6900.0,13487,2025-05-09 16:43:45.986,,2147483647,934774,False,nan
7156,1081334,1612014093,MERV - XMEV - GGAL - 24hs,6850.0,2025-05-09 16:43:45,200,2025-05-09 16:43:46.987,6850.0,196,6840.0,5886,6830.0,17553,6820.0,14582,6810.0,2124,6860.0,6146,6870.0,10727,6880.0,10206,6890.0,17393,6900.0,13487,2025-05-09 16:43:46.424,,2147483647,934774,False,nan
7157,1081453,1612014256,MERV - XMEV - GGAL - 24hs,6850.0,2025-05-09 16:43:45,200,2025-05-09 16:43:47.502,6850.0,692,6840.0,5886,6830.0,17553,6820.0,14582,6810.0,2124,6860.0,6146,6870.0,10727,6880.0,10206,6890.0,17393,6900.0,13487,2025-05-09 16:43:46.929,,2147483647,934774,False,nan
7158,1082041,1612015043,MERV - XMEV - GGAL - 24hs,6860.0,2025-05-09 16:43:51,1331,2025-05-09 16:43:51.933,6850.0,692,6840.0,5886,6830.0,17553,6820.0,14582,6810.0,2124,6860.0,6146,6870.0,10727,6880.0,10206,6890.0,17393,6900.0,13487,2025-05-09 16:43:51.881,,2147483647,934774,True,offer
7159,1082106,1612015150,MERV - XMEV - GGAL - 24hs,6860.0,2025-05-09 16:43:51,2,2025-05-09 16:43:52.447,6860.0,3854,6850.0,688,6840.0,5886,6830.0,17553,6820.0,14582,6870.0,10727,6880.0,10206,6890.0,17393,6900.0,13487,6910.0,350,2025-05-09 16:43:52.381,,2147483647,934774,False,nan
7160,1082174,1612015246,MERV - XMEV - GGAL - 24hs,6860.0,2025-05-09 16:43:52,45,2025-05-09 16:43:52.944,6860.0,3854,6850.0,688,6840.0,5886,6830.0,17553,6820.0,14582,6870.0,10727,6880.0,10206,6890.0,17393,6900.0,13487,6910.0,350,2025-05-09 16:43:52.882,,2147483647,943721,True,bid
7161,1082236,1612015330,MERV - XMEV - GGAL - 24hs,6860.0,2025-05-09 16:43:52,412,2025-05-09 16:43:53.431,6860.0,908,6850.0,688,6840.0,5886,6830.0,17553,6820.0,14582,6870.0,10727,6880.0,10206,6890.0,17393,6900.0,13787,6910.0,350,2025-05-09 16:43:53.381,,2147483647,944774,False,nan
7162,1082325,1612015439,MERV - XMEV - GGAL - 24hs,6860.0,2025-05-09 16:43:52,412,2025-05-09 16:43:53.948,6850.0,688,6840.0,5886,6830.0,17553,6820.0,14582,6810.0,2124,6860.0,128,6870.0,10727,6880.0,10206,6890.0,17393,6900.0,13787,2025-05-09 16:43:53.882,,2147483647,944774,False,nan
7163,1082559,1612015753,MERV - XMEV - GGAL - 24hs,6860.0,2025-05-09 16:43:52,412,2025-05-09 16:43:55.300,6850.0,688,6840.0,20886,6830.0,2553,6820.0,14582,6810.0,2124,6860.0,128,6870.0,10727,6880.0,10206,6890.0,17393,6900.0,13787,2025-05-09 16:43:55.211,,2147483647,944774,False,nan
7164,1083069,1612016437,MERV - XMEV - GGAL - 24hs,6860.0,2025-05-09 16:43:52,412,2025-05-09 16:43:57.676,6850.0,692,6840.0,20886,6830.0,2553,6820.0,14582,6810.0,2124,6860.0,128,6870.0,10727,6880.0,10206,6890.0,17393,6900.0,13787,2025-05-09 16:43:57.608,,2147483647,944774,False,nan
7165,1084019,1612017715,MERV - XMEV - GGAL - 24hs,6860.0,2025-05-09 16:44:03,128,2025-05-09 16:44:03.592,6850.0,692,6840.0,20886,6830.0,2553,6820.0,14582,6810.0,2124,6860.0,128,6870.0,10727,6880.0,10206,6890.0,17393,6900.0,13787,2025-05-09 16:44:03.537,,2147483647,944774,True,offer
7166,1084072,1612017797,MERV - XMEV - GGAL - 24hs,6860.0,2025-05-09 16:44:03,128,2025-05-09 16:44:04.104,6860.0,117,6850.0,692,6840.0,20886,6830.0,2553,6820.0,14582,6870.0,10727,6880.0,10209,6890.0,17393,6900.0,13787,6910.0,350,2025-05-09 16:44:04.037,,2147483647,944774,False,nan
7167,1084136,1612017884,MERV - XMEV - GGAL - 24hs,6860.0,2025-05-09 16:44:03,128,2025-05-09 16:44:04.590,6860.0,117,6850.0,692,6840.0,20886,6830.0,2553,6820.0,14582,6870.0,10727,6880.0,10209,6890.0,17393,6900.0,13787,6910.0,350,2025-05-09 16:44:04.538,,2147483647,944902,False,nan
7168,1084646,1612018553,MERV - XMEV - GGAL - 24hs,6860.0,2025-05-09 16:44:03,128,2025-05-09 16:44:06.940,6860.0,245,6850.0,692,6840.0,20886,6830.0,2553,6820.0,14582,6870.0,10727,6880.0,10209,6890.0,17393,6900.0,13787,6910.0,350,2025-05-09 16:44:06.746,,2147483647,944902,False,nan
7169,1086518,1612021087,MERV - XMEV - GGAL - 24hs,6860.0,2025-05-09 16:44:03,128,2025-05-09 16:44:17.723,6860.0,287,6850.0,2692,6840.0,20886,6830.0,2553,6820.0,14582,6870.0,11727,6880.0,10209,6890.0,17393,6900.0,13787,6910.0,350,2025-05-09 16:44:17.645,,2147483647,944902,False,nan
7170,1086877,1612021594,MERV - XMEV - GGAL - 24hs,6860.0,2025-05-09 16:44:03,128,2025-05-09 16:44:19.795,6860.0,397,6850.0,2692,6840.0,20886,6830.0,2553,6820.0,14582,6870.0,11727,6880.0,10209,6890.0,17393,6900.0,13787,6910.0,350,2025-05-09 16:44:19.729,,2147483647,944902,False,nan
7171,1087063,1612021882,MERV - XMEV - GGAL - 24hs,6860.0,2025-05-09 16:44:21,38,2025-05-09 16:44:21.731,6860.0,397,6850.0,2692,6840.0,20886,6830.0,2553,6820.0,14582,6870.0,11727,6880.0,10209,6890.0,17393,6900.0,13787,6910.0,350,2025-05-09 16:44:21.676,,2147483647,944902,True,bid
7172,1087151,1612021993,MERV - XMEV - GGAL - 24hs,6860.0,2025-05-09 16:44:21,38,2025-05-09 16:44:22.395,6860.0,359,6850.0,2692,6840.0,20886,6830.0,2553,6820.0,14582,6870.0,11727,6880.0,10209,6890.0,17393,6900.0,13787,6910.0,350,2025-05-09 16:44:22.339,,2147483647,944902,False,nan
7173,1087194,1612022045,MERV - XMEV - GGAL - 24hs,6860.0,2025-05-09 16:44:21,38,2025-05-09 16:44:22.895,6860.0,359,6850.0,2692,6840.0,20886,6830.0,2553,6820.0,14582,6870.0,11727,6880.0,10209,6890.0,17393,6900.0,13787,6910.0,350,2025-05-09 16:44:22.840,,2147483647,944940,False,nan
7174,1087387,1612022269,MERV - XMEV - GGAL - 24hs,6860.0,2025-05-09 16:44:21,38,2025-05-09 16:44:23.608,6860.0,359,6850.0,3039,6840.0,20886,6830.0,2553,6820.0,14582,6870.0,11727,6880.0,10209,6890.0,17393,6900.0,13787,6910.0,350,2025-05-09 16:44:23.339,,2147483647,944940,False,nan
7175,1087735,1612022755,MERV - XMEV - GGAL - 24hs,6860.0,2025-05-09 16:44:21,38,2025-05-09 16:44:26.348,6860.0,359,6850.0,3386,6840.0,20886,6830.0,2553,6820.0,14582,6870.0,11727,6880.0,10209,6890.0,17393,6900.0,13787,6910.0,350,2025-05-09 16:44:25.982,,2147483647,944940,False,nan
7176,1087876,1612022931,MERV - XMEV - GGAL - 24hs,6870.0,2025-05-09 16:44:26,404,2025-05-09 16:44:26.895,6860.0,359,6850.0,3386,6840.0,20886,6830.0,2553,6820.0,14582,6870.0,11727,6880.0,10209,6890.0,17393,6900.0,13787,6910.0,350,2025-05-09 16:44:26.483,,2147483647,944940,True,offer
7177,1087921,1612022993,MERV - XMEV - GGAL - 24hs,6870.0,2025-05-09 16:44:26,404,2025-05-09 16:44:27.091,6860.0,359,6850.0,3039,6840.0,20886,6830.0,2553,6820.0,14582,6870.0,11323,6880.0,10209,6890.0,17393,6900.0,13787,6910.0,350,2025-05-09 16:44:26.983,,2147483647,945344,False,nan
7178,1088366,1612023593,MERV - XMEV - GGAL - 24hs,6870.0,2025-05-09 16:44:31,743,2025-05-09 16:44:31.555,6860.0,359,6850.0,3039,6840.0,20886,6830.0,2553,6820.0,14582,6870.0,11323,6880.0,10209,6890.0,17393,6900.0,13787,6910.0,350,2025-05-09 16:44:31.499,,2147483647,945344,True,offer
7179,1088455,1612023694,MERV - XMEV - GGAL - 24hs,6870.0,2025-05-09 16:44:31,76,2025-05-09 16:44:32.084,6860.0,359,6850.0,3039,6840.0,20886,6830.0,2553,6820.0,14582,6870.0,11323,6880.0,10209,6890.0,17393,6900.0,13787,6910.0,350,2025-05-09 16:44:31.999,,2147483647,945344,False,nan
7180,1088584,1612023878,MERV - XMEV - GGAL - 24hs,6870.0,2025-05-09 16:44:31,76,2025-05-09 16:44:32.650,6860.0,359,6850.0,4080,6840.0,20886,6830.0,2553,6820.0,14582,6870.0,10059,6880.0,10209,6890.0,17393,6900.0,13787,6910.0,350,2025-05-09 16:44:32.499,,2147483647,946608,False,nan
7181,1089056,1612024506,MERV - XMEV - GGAL - 24hs,6860.0,2025-05-09 16:44:35,79,2025-05-09 16:44:35.804,6860.0,359,6850.0,4080,6840.0,20886,6830.0,2553,6820.0,14582,6870.0,10059,6880.0,10209,6890.0,17393,6900.0,13787,6910.0,350,2025-05-09 16:44:35.747,,2147483647,946608,True,bid
7182,1089109,1612024569,MERV - XMEV - GGAL - 24hs,6860.0,2025-05-09 16:44:35,11,2025-05-09 16:44:36.302,6860.0,359,6850.0,4080,6840.0,20886,6830.0,2553,6820.0,14582,6870.0,10059,6880.0,10209,6890.0,17393,6900.0,13787,6910.0,350,2025-05-09 16:44:36.246,,2147483647,946608,False,nan
7183,1089214,1612024693,MERV - XMEV - GGAL - 24hs,6860.0,2025-05-09 16:44:35,11,2025-05-09 16:44:36.852,6860.0,269,6850.0,4080,6840.0,20886,6830.0,2553,6820.0,14582,6870.0,10059,6880.0,10209,6890.0,17393,6900.0,13787,6910.0,350,2025-05-09 16:44:36.747,,2147483647,946698,False,nan
7184,1089321,1612024850,MERV - XMEV - GGAL - 24hs,6860.0,2025-05-09 16:44:35,11,2025-05-09 16:44:37.490,6860.0,269,6850.0,3039,6840.0,20886,6830.0,2553,6820.0,14582,6870.0,10059,6880.0,10209,6890.0,17393,6900.0,13787,6910.0,350,2025-05-09 16:44:37.426,,2147483647,946698,False,nan
7185,1089480,1612025053,MERV - XMEV - GGAL - 24hs,6860.0,2025-05-09 16:44:35,11,2025-05-09 16:44:38.731,6860.0,269,6850.0,3386,6840.0,20886,6830.0,2553,6820.0,14654,6870.0,10059,6880.0,10209,6890.0,17393,6900.0,13787,6910.0,350,2025-05-09 16:44:38.666,,2147483647,946698,False,nan
7186,1089545,1612025162,MERV - XMEV - GGAL - 24hs,6860.0,2025-05-09 16:44:35,11,2025-05-09 16:44:39.614,6860.0,269,6850.0,3760,6840.0,20886,6830.0,2553,6820.0,14654,6870.0,10059,6880.0,10209,6890.0,17393,6900.0,13787,6910.0,350,2025-05-09 16:44:39.544,,2147483647,946698,False,nan
7187,1089804,1612025535,MERV - XMEV - GGAL - 24hs,6860.0,2025-05-09 16:44:35,11,2025-05-09 16:44:42.259,6860.0,269,6850.0,3760,6840.0,5886,6830.0,17553,6820.0,14654,6870.0,10059,6880.0,10209,6890.0,17393,6900.0,13787,6910.0,350,2025-05-09 16:44:42.203,,2147483647,946698,False,nan
7188,1089930,1612025701,MERV - XMEV - GGAL - 24hs,6860.0,2025-05-09 16:44:35,11,2025-05-09 16:44:43.123,6860.0,269,6850.0,2719,6840.0,5886,6830.0,17553,6820.0,14654,6870.0,10059,6880.0,10209,6890.0,17393,6900.0,13787,6910.0,350,2025-05-09 16:44:43.010,,2147483647,946698,False,nan
7189,1090233,1612026126,MERV - XMEV - GGAL - 24hs,6860.0,2025-05-09 16:44:46,117,2025-05-09 16:44:46.320,6860.0,269,6850.0,2719,6840.0,5886,6830.0,17553,6820.0,14654,6870.0,10059,6880.0,10209,6890.0,17393,6900.0,13787,6910.0,350,2025-05-09 16:44:46.264,,2147483647,946698,True,bid
7190,1090304,1612026212,MERV - XMEV - GGAL - 24hs,6850.0,2025-05-09 16:44:46,931,2025-05-09 16:44:46.820,6860.0,269,6850.0,2719,6840.0,5886,6830.0,17553,6820.0,14654,6870.0,10059,6880.0,10209,6890.0,17393,6900.0,13787,6910.0,350,2025-05-09 16:44:46.764,,2147483647,946698,False,nan
7191,1090346,1612026264,MERV - XMEV - GGAL - 24hs,6850.0,2025-05-09 16:44:46,931,2025-05-09 16:44:47.320,6850.0,1788,6840.0,5886,6830.0,17553,6820.0,14654,6810.0,2059,6870.0,10059,6880.0,10209,6890.0,17393,6900.0,13787,6910.0,350,2025-05-09 16:44:47.264,,2147483647,947898,False,nan
7192,1090392,1612026328,MERV - XMEV - GGAL - 24hs,6850.0,2025-05-09 16:44:46,931,2025-05-09 16:44:47.820,6850.0,1863,6840.0,5886,6830.0,17553,6820.0,14654,6810.0,2052,6870.0,10060,6880.0,10209,6890.0,17393,6900.0,13786,6910.0,350,2025-05-09 16:44:47.764,,2147483647,947898,False,nan
7193,1091361,1612027665,MERV - XMEV - GGAL - 24hs,6870.0,2025-05-09 16:44:57,10,2025-05-09 16:44:57.683,6850.0,1863,6840.0,5886,6830.0,17553,6820.0,14654,6810.0,2052,6870.0,10060,6880.0,10209,6890.0,17393,6900.0,13786,6910.0,350,2025-05-09 16:44:57.619,,2147483647,947898,True,offer
7194,1091441,1612027788,MERV - XMEV - GGAL - 24hs,6870.0,2025-05-09 16:44:57,10,2025-05-09 16:44:58.344,6850.0,1863,6840.0,5886,6830.0,17553,6820.0,14654,6810.0,2052,6870.0,10050,6880.0,10209,6890.0,17393,6900.0,13786,6910.0,350,2025-05-09 16:44:58.284,,2147483647,947898,False,nan
7195,1091491,1612027856,MERV - XMEV - GGAL - 24hs,6870.0,2025-05-09 16:44:57,10,2025-05-09 16:44:59.159,6850.0,1863,6840.0,5886,6830.0,17553,6820.0,14654,6810.0,2052,6870.0,10050,6880.0,10209,6890.0,17393,6900.0,13786,6910.0,350,2025-05-09 16:44:59.021,,2147483647,947908,False,nan
7196,1091546,1612027929,MERV - XMEV - GGAL - 24hs,6870.0,2025-05-09 16:44:58,1,2025-05-09 16:44:59.382,6850.0,1863,6840.0,5886,6830.0,17553,6820.0,14654,6810.0,2052,6870.0,10050,6880.0,10209,6890.0,17393,6900.0,13786,6910.0,350,2025-05-09 16:44:59.285,,2147483647,947908,True,offer
7197,1091608,1612028014,MERV - XMEV - GGAL - 24hs,6870.0,2025-05-09 16:44:58,1,2025-05-09 16:44:59.842,6850.0,1863,6840.0,5886,6830.0,17553,6820.0,14654,6810.0,2052,6870.0,10049,6880.0,10209,6890.0,17393,6900.0,13786,6910.0,350,2025-05-09 16:44:59.784,,2147483647,947909,False,nan
7198,1092281,1612028855,MERV - XMEV - GGAL - 24hs,6870.0,2025-05-09 16:44:58,1,2025-05-09 16:45:04.988,6850.0,1863,6840.0,20886,6830.0,2553,6820.0,14654,6810.0,2052,6870.0,10049,6880.0,10209,6890.0,17393,6900.0,13786,6910.0,350,2025-05-09 16:45:04.903,,2147483647,947909,False,nan
7199,1092593,1612029310,MERV - XMEV - GGAL - 24hs,6870.0,2025-05-09 16:44:58,1,2025-05-09 16:45:07.860,6850.0,1788,6840.0,20886,6830.0,2553,6820.0,14654,6810.0,2059,6860.0,1900,6870.0,10048,6880.0,10209,6890.0,17393,6900.0,13787,2025-05-09 16:45:07.798,,2147483647,947909,False,nan
7200,1092826,1612029643,MERV - XMEV - GGAL - 24hs,6860.0,2025-05-09 16:45:09,121,2025-05-09 16:45:10.265,6850.0,1788,6840.0,20886,6830.0,2553,6820.0,14654,6810.0,2059,6860.0,1900,6870.0,10048,6880.0,10209,6890.0,17393,6900.0,13787,2025-05-09 16:45:10.084,,2147483647,947909,True,offer
7201,1093143,1612030044,MERV - XMEV - GGAL - 24hs,6860.0,2025-05-09 16:45:09,121,2025-05-09 16:45:11.500,6850.0,1788,6840.0,20886,6830.0,2553,6820.0,14618,6810.0,2059,6860.0,1779,6870.0,10048,6880.0,10209,6890.0,17393,6900.0,13787,2025-05-09 16:45:10.873,,2147483647,947909,False,nan
7202,1093210,1612030123,MERV - XMEV - GGAL - 24hs,6860.0,2025-05-09 16:45:09,121,2025-05-09 16:45:11.763,6850.0,1788,6840.0,20886,6830.0,2553,6820.0,14618,6810.0,2059,6860.0,1779,6870.0,10048,6880.0,10209,6890.0,17393,6900.0,13787,2025-05-09 16:45:11.374,,2147483647,948030,False,nan
7203,1093284,1612030215,MERV - XMEV - GGAL - 24hs,6860.0,2025-05-09 16:45:09,121,2025-05-09 16:45:12.039,6850.0,1788,6840.0,20886,6830.0,2553,6820.0,14618,6810.0,2059,6860.0,1779,6870.0,10048,6880.0,10209,6890.0,7393,6900.0,23787,2025-05-09 16:45:11.873,,2147483647,948030,False,nan
7204,1093343,1612030292,MERV - XMEV - GGAL - 24hs,6850.0,2025-05-09 16:45:12,2,2025-05-09 16:45:12.840,6850.0,1788,6840.0,20886,6830.0,2553,6820.0,14618,6810.0,2059,6860.0,1779,6870.0,10048,6880.0,10209,6890.0,7393,6900.0,23787,2025-05-09 16:45:12.783,,2147483647,948030,True,bid
7205,1093382,1612030346,MERV - XMEV - GGAL - 24hs,6860.0,2025-05-09 16:45:13,600,2025-05-09 16:45:13.347,6850.0,1788,6840.0,20886,6830.0,2553,6820.0,14618,6810.0,2059,6860.0,1779,6870.0,10048,6880.0,10209,6890.0,7393,6900.0,23787,2025-05-09 16:45:13.283,,2147483647,948032,True,offer
7206,1093428,1612030410,MERV - XMEV - GGAL - 24hs,6860.0,2025-05-09 16:45:13,600,2025-05-09 16:45:13.842,6850.0,2441,6840.0,20886,6830.0,2553,6820.0,14618,6810.0,2059,6860.0,1179,6870.0,10048,6880.0,10209,6890.0,7393,6900.0,23787,2025-05-09 16:45:13.781,,2147483647,948632,False,nan
7207,1093739,1612030813,MERV - XMEV - GGAL - 24hs,6860.0,2025-05-09 16:45:13,600,2025-05-09 16:45:16.134,6850.0,3135,6840.0,20886,6830.0,2553,6820.0,14618,6810.0,2059,6860.0,1179,6870.0,10048,6880.0,10209,6890.0,7393,6900.0,23787,2025-05-09 16:45:15.927,,2147483647,948632,False,nan
7208,1094183,1612031485,MERV - XMEV - GGAL - 24hs,6860.0,2025-05-09 16:45:20,64,2025-05-09 16:45:20.268,6850.0,3135,6840.0,20886,6830.0,2553,6820.0,14618,6810.0,2059,6860.0,1179,6870.0,10048,6880.0,10209,6890.0,7393,6900.0,23787,2025-05-09 16:45:20.212,,2147483647,948632,True,offer
7209,1094251,1612031568,MERV - XMEV - GGAL - 24hs,6860.0,2025-05-09 16:45:20,64,2025-05-09 16:45:20.969,6850.0,3135,6840.0,20886,6830.0,2553,6820.0,14618,6810.0,2059,6860.0,1115,6870.0,10048,6880.0,10209,6890.0,7393,6900.0,23787,2025-05-09 16:45:20.888,,2147483647,948632,False,nan
7210,1094346,1612031674,MERV - XMEV - GGAL - 24hs,6860.0,2025-05-09 16:45:20,64,2025-05-09 16:45:21.435,6850.0,3135,6840.0,20886,6830.0,2553,6820.0,14618,6810.0,2059,6860.0,1115,6870.0,10048,6880.0,10209,6890.0,7393,6900.0,23787,2025-05-09 16:45:21.379,,2147483647,948696,False,nan
7211,1094435,1612031776,MERV - XMEV - GGAL - 24hs,6850.0,2025-05-09 16:45:22,946,2025-05-09 16:45:22.426,6850.0,3135,6840.0,20886,6830.0,2553,6820.0,14618,6810.0,2059,6860.0,1115,6870.0,10048,6880.0,10209,6890.0,7393,6900.0,23787,2025-05-09 16:45:22.366,,2147483647,948696,True,bid
7212,1094501,1612031858,MERV - XMEV - GGAL - 24hs,6850.0,2025-05-09 16:45:22,946,2025-05-09 16:45:23.091,6850.0,2189,6840.0,20886,6830.0,2553,6820.0,14618,6810.0,2059,6860.0,1115,6870.0,10048,6880.0,10209,6890.0,7393,6900.0,23787,2025-05-09 16:45:23.030,,2147483647,948696,False,nan
7213,1094546,1612031915,MERV - XMEV - GGAL - 24hs,6850.0,2025-05-09 16:45:22,946,2025-05-09 16:45:23.588,6850.0,2189,6840.0,20886,6830.0,2553,6820.0,14618,6810.0,2059,6860.0,1115,6870.0,10048,6880.0,10209,6890.0,7393,6900.0,23787,2025-05-09 16:45:23.530,,2147483647,949642,False,nan
7214,1094785,1612032231,MERV - XMEV - GGAL - 24hs,6850.0,2025-05-09 16:45:22,946,2025-05-09 16:45:26.143,6850.0,1842,6840.0,20886,6830.0,2553,6820.0,14618,6810.0,2059,6860.0,1115,6870.0,10048,6880.0,10209,6890.0,7393,6900.0,23787,2025-05-09 16:45:25.955,,2147483647,949642,False,nan
7215,1094887,1612032363,MERV - XMEV - GGAL - 24hs,6850.0,2025-05-09 16:45:22,946,2025-05-09 16:45:27.085,6850.0,1842,6840.0,19886,6830.0,2553,6820.0,14618,6810.0,2059,6860.0,1115,6870.0,10048,6880.0,10209,6890.0,7393,6900.0,23787,2025-05-09 16:45:27.028,,2147483647,949642,False,nan
7216,1095149,1612032703,MERV - XMEV - GGAL - 24hs,6850.0,2025-05-09 16:45:22,946,2025-05-09 16:45:28.588,6850.0,3376,6840.0,19886,6830.0,2553,6820.0,14618,6810.0,2059,6860.0,1115,6870.0,10048,6880.0,10209,6890.0,7393,6900.0,23787,2025-05-09 16:45:28.510,,2147483647,949642,False,nan
7217,1095463,1612033174,MERV - XMEV - GGAL - 24hs,6850.0,2025-05-09 16:45:22,946,2025-05-09 16:45:32.800,6850.0,3723,6840.0,4886,6830.0,17553,6820.0,14618,6810.0,2059,6860.0,1115,6870.0,10048,6880.0,10209,6890.0,7393,6900.0,23787,2025-05-09 16:45:32.735,,2147483647,949642,False,nan
7218,1095680,1612033468,MERV - XMEV - GGAL - 24hs,6860.0,2025-05-09 16:45:33,500,2025-05-09 16:45:34.086,6850.0,3723,6840.0,4886,6830.0,17553,6820.0,14618,6810.0,2059,6860.0,1115,6870.0,10048,6880.0,10209,6890.0,7393,6900.0,23787,2025-05-09 16:45:34.028,,2147483647,949642,True,offer
7219,1095782,1612033602,MERV - XMEV - GGAL - 24hs,6860.0,2025-05-09 16:45:33,500,2025-05-09 16:45:34.744,6850.0,3723,6840.0,4886,6830.0,17553,6820.0,14618,6810.0,2059,6860.0,615,6870.0,10048,6880.0,10209,6890.0,7393,6900.0,23787,2025-05-09 16:45:34.688,,2147483647,949642,False,nan
7220,1095823,1612033654,MERV - XMEV - GGAL - 24hs,6860.0,2025-05-09 16:45:33,500,2025-05-09 16:45:35.247,6850.0,3723,6840.0,4886,6830.0,17553,6820.0,14618,6810.0,2059,6860.0,615,6870.0,10048,6880.0,10209,6890.0,7393,6900.0,23787,2025-05-09 16:45:35.187,,2147483647,950142,False,nan
7221,1096009,1612033894,MERV - XMEV - GGAL - 24hs,6850.0,2025-05-09 16:45:37,15,2025-05-09 16:45:37.391,6850.0,3723,6840.0,4886,6830.0,17553,6820.0,14618,6810.0,2059,6860.0,615,6870.0,10048,6880.0,10209,6890.0,7393,6900.0,23787,2025-05-09 16:45:37.330,,2147483647,950142,True,bid
7222,1096077,1612033998,MERV - XMEV - GGAL - 24hs,6850.0,2025-05-09 16:45:37,15,2025-05-09 16:45:38.060,6850.0,3708,6840.0,4886,6830.0,17553,6820.0,14618,6810.0,2059,6860.0,615,6870.0,10048,6880.0,10209,6890.0,7393,6900.0,23787,2025-05-09 16:45:37.994,,2147483647,950142,False,nan
7223,1096130,1612034082,MERV - XMEV - GGAL - 24hs,6850.0,2025-05-09 16:45:37,15,2025-05-09 16:45:38.563,6850.0,3708,6840.0,4886,6830.0,17553,6820.0,14618,6810.0,2059,6860.0,615,6870.0,10048,6880.0,10209,6890.0,7393,6900.0,23787,2025-05-09 16:45:38.495,,2147483647,950157,False,nan
7224,1096201,1612034182,MERV - XMEV - GGAL - 24hs,6860.0,2025-05-09 16:45:39,1,2025-05-09 16:45:39.433,6850.0,3708,6840.0,4886,6830.0,17553,6820.0,14618,6810.0,2059,6860.0,615,6870.0,10048,6880.0,10209,6890.0,7393,6900.0,23787,2025-05-09 16:45:39.375,,2147483647,950157,True,offer
7225,1096241,1612034233,MERV - XMEV - GGAL - 24hs,6860.0,2025-05-09 16:45:39,1,2025-05-09 16:45:39.931,6850.0,3708,6840.0,4886,6830.0,17553,6820.0,14618,6810.0,2059,6860.0,614,6870.0,10048,6880.0,10209,6890.0,7393,6900.0,23787,2025-05-09 16:45:39.874,,2147483647,950157,False,nan
7226,1096278,1612034279,MERV - XMEV - GGAL - 24hs,6860.0,2025-05-09 16:45:39,1,2025-05-09 16:45:40.432,6850.0,3708,6840.0,4886,6830.0,17553,6820.0,14618,6810.0,2059,6860.0,614,6870.0,10048,6880.0,10209,6890.0,7393,6900.0,23787,2025-05-09 16:45:40.375,,2147483647,950158,False,nan
7227,1096338,1612034359,MERV - XMEV - GGAL - 24hs,6860.0,2025-05-09 16:45:40,62,2025-05-09 16:45:40.934,6850.0,3708,6840.0,4886,6830.0,17553,6820.0,14618,6810.0,2059,6860.0,552,6870.0,10048,6880.0,10209,6890.0,7393,6900.0,23787,2025-05-09 16:45:40.876,,2147483647,950158,True,offer
7228,1096459,1612034507,MERV - XMEV - GGAL - 24hs,6860.0,2025-05-09 16:45:40,62,2025-05-09 16:45:41.558,6850.0,3708,6840.0,4886,6830.0,17553,6820.0,15618,6810.0,2059,6860.0,552,6870.0,10048,6880.0,10209,6890.0,7393,6900.0,23787,2025-05-09 16:45:41.376,,2147483647,950220,False,nan
7229,1096691,1612034840,MERV - XMEV - GGAL - 24hs,6860.0,2025-05-09 16:45:40,62,2025-05-09 16:45:42.579,6850.0,788,6840.0,5059,6830.0,17553,6820.0,15618,6810.0,2059,6860.0,552,6870.0,10048,6880.0,10209,6890.0,7393,6900.0,23787,2025-05-09 16:45:42.006,,2147483647,950220,False,nan
7230,1096792,1612034977,MERV - XMEV - GGAL - 24hs,6860.0,2025-05-09 16:45:40,62,2025-05-09 16:45:43.002,6850.0,788,6840.0,5059,6830.0,17553,6820.0,15618,6810.0,2059,6860.0,3552,6870.0,10048,6880.0,10209,6890.0,7393,6900.0,23787,2025-05-09 16:45:42.722,,2147483647,950220,False,nan
7231,1096872,1612035083,MERV - XMEV - GGAL - 24hs,6860.0,2025-05-09 16:45:40,62,2025-05-09 16:45:43.574,6850.0,788,6840.0,5059,6830.0,17553,6820.0,15618,6810.0,2059,6860.0,3552,6870.0,10048,6880.0,10209,6890.0,7393,6900.0,25787,2025-05-09 16:45:43.513,,2147483647,950220,False,nan
7232,1096954,1612035206,MERV - XMEV - GGAL - 24hs,6850.0,2025-05-09 16:45:44,106,2025-05-09 16:45:44.368,6850.0,788,6840.0,5059,6830.0,17553,6820.0,15618,6810.0,2059,6860.0,3552,6870.0,10048,6880.0,10209,6890.0,7393,6900.0,25787,2025-05-09 16:45:44.299,,2147483647,950220,True,bid
7233,1096995,1612035267,MERV - XMEV - GGAL - 24hs,6850.0,2025-05-09 16:45:44,515,2025-05-09 16:45:44.859,6850.0,788,6840.0,5059,6830.0,17553,6820.0,15618,6810.0,2059,6860.0,3552,6870.0,10048,6880.0,10209,6890.0,7393,6900.0,25787,2025-05-09 16:45:44.801,,2147483647,950220,False,nan
7234,1097103,1612035386,MERV - XMEV - GGAL - 24hs,6850.0,2025-05-09 16:45:44,515,2025-05-09 16:45:45.740,6850.0,140,6840.0,5059,6830.0,17553,6820.0,15618,6810.0,2059,6860.0,4752,6870.0,8848,6880.0,10209,6890.0,7393,6900.0,25787,2025-05-09 16:45:45.643,,2147483647,950868,False,nan
7235,1097283,1612035628,MERV - XMEV - GGAL - 24hs,6860.0,2025-05-09 16:45:45,162,2025-05-09 16:45:46.499,6850.0,140,6840.0,5059,6830.0,17553,6820.0,15618,6810.0,2059,6860.0,4752,6870.0,8848,6880.0,10209,6890.0,7393,6900.0,25787,2025-05-09 16:45:46.138,,2147483647,950868,True,offer
7236,1097373,1612035748,MERV - XMEV - GGAL - 24hs,6860.0,2025-05-09 16:45:45,162,2025-05-09 16:45:46.860,6850.0,140,6840.0,5059,6830.0,17553,6820.0,15618,6810.0,2059,6860.0,4752,6870.0,8848,6880.0,10209,6890.0,7393,6900.0,25787,2025-05-09 16:45:46.638,,2147483647,951030,False,nan
7237,1097418,1612035807,MERV - XMEV - GGAL - 24hs,6860.0,2025-05-09 16:45:45,162,2025-05-09 16:45:47.224,6850.0,140,6840.0,5059,6830.0,17553,6820.0,15618,6810.0,2059,6860.0,4590,6870.0,8848,6880.0,10209,6890.0,7393,6900.0,25787,2025-05-09 16:45:47.142,,2147483647,951030,False,nan
7238,1098782,1612037590,MERV - XMEV - GGAL - 24hs,6860.0,2025-05-09 16:45:45,162,2025-05-09 16:45:58.116,6850.0,140,6840.0,5059,6830.0,2553,6820.0,30618,6810.0,2059,6860.0,4590,6870.0,8848,6880.0,10209,6890.0,19393,6900.0,13787,2025-05-09 16:45:58.054,,2147483647,951030,False,nan
7239,1099345,1612038314,MERV - XMEV - GGAL - 24hs,6860.0,2025-05-09 16:45:45,162,2025-05-09 16:46:02.018,6850.0,140,6840.0,5059,6830.0,2553,6820.0,30618,6810.0,2059,6860.0,5590,6870.0,8861,6880.0,12209,6890.0,17393,6900.0,13787,2025-05-09 16:46:01.961,,2147483647,951030,False,nan
7240,1099843,1612038942,MERV - XMEV - GGAL - 24hs,6860.0,2025-05-09 16:46:06,390,2025-05-09 16:46:06.173,6850.0,140,6840.0,5059,6830.0,2553,6820.0,30618,6810.0,2059,6860.0,5590,6870.0,8861,6880.0,12209,6890.0,17393,6900.0,13787,2025-05-09 16:46:06.114,,2147483647,951030,True,offer
7241,1099883,1612038991,MERV - XMEV - GGAL - 24hs,6860.0,2025-05-09 16:46:06,366,2025-05-09 16:46:06.672,6850.0,140,6840.0,5059,6830.0,2553,6820.0,30618,6810.0,2059,6860.0,5590,6870.0,8861,6880.0,12209,6890.0,17393,6900.0,13787,2025-05-09 16:46:06.614,,2147483647,951030,False,nan
7242,1099932,1612039054,MERV - XMEV - GGAL - 24hs,6860.0,2025-05-09 16:46:06,366,2025-05-09 16:46:07.173,6850.0,140,6840.0,5050,6830.0,2553,6820.0,30618,6810.0,2059,6860.0,634,6870.0,8861,6880.0,12209,6890.0,17393,6900.0,13787,2025-05-09 16:46:07.114,,2147483647,955986,False,nan
7243,1100700,1612040058,MERV - XMEV - GGAL - 24hs,6860.0,2025-05-09 16:46:14,1,2025-05-09 16:46:15.032,6850.0,140,6840.0,5050,6830.0,2553,6820.0,30618,6810.0,2059,6860.0,634,6870.0,8861,6880.0,12209,6890.0,17393,6900.0,13787,2025-05-09 16:46:14.971,,2147483647,955986,True,offer
7244,1100791,1612040188,MERV - XMEV - GGAL - 24hs,6850.0,2025-05-09 16:46:14,140,2025-05-09 16:46:15.534,6850.0,140,6840.0,5050,6830.0,2553,6820.0,30618,6810.0,2059,6860.0,634,6870.0,8861,6880.0,12209,6890.0,17393,6900.0,13787,2025-05-09 16:46:15.472,,2147483647,955987,False,nan
7245,1100852,1612040260,MERV - XMEV - GGAL - 24hs,6850.0,2025-05-09 16:46:14,140,2025-05-09 16:46:16.034,6840.0,5125,6830.0,2553,6820.0,30618,6810.0,1052,6800.0,1104,6860.0,634,6870.0,8861,6880.0,12209,6890.0,17393,6900.0,13786,2025-05-09 16:46:15.972,,2147483647,956127,False,nan
7246,1101303,1612040820,MERV - XMEV - GGAL - 24hs,6850.0,2025-05-09 16:46:14,140,2025-05-09 16:46:20.177,6850.0,64,6840.0,4886,6830.0,5553,6820.0,30618,6810.0,1059,6860.0,633,6870.0,8861,6880.0,12209,6890.0,17393,6900.0,13787,2025-05-09 16:46:20.119,,2147483647,956127,False,nan
7247,1101386,1612040925,MERV - XMEV - GGAL - 24hs,6850.0,2025-05-09 16:46:14,140,2025-05-09 16:46:21.026,6850.0,71,6840.0,4886,6830.0,5553,6820.0,30618,6810.0,1059,6860.0,633,6870.0,8861,6880.0,12209,6890.0,17393,6900.0,13787,2025-05-09 16:46:20.965,,2147483647,956127,False,nan
7248,1101545,1612041133,MERV - XMEV - GGAL - 24hs,6850.0,2025-05-09 16:46:14,140,2025-05-09 16:46:23.120,6850.0,71,6840.0,4886,6830.0,5553,6820.0,30618,6810.0,1059,6860.0,1633,6870.0,8861,6880.0,12209,6890.0,17393,6900.0,13787,2025-05-09 16:46:23.049,,2147483647,956127,False,nan
7249,1101628,1612041236,MERV - XMEV - GGAL - 24hs,6850.0,2025-05-09 16:46:14,140,2025-05-09 16:46:23.855,6850.0,71,6840.0,4886,6830.0,5553,6820.0,30618,6810.0,1064,6860.0,1633,6870.0,8861,6880.0,12209,6890.0,17393,6900.0,13787,2025-05-09 16:46:23.796,,2147483647,956127,False,nan
7250,1102265,1612042025,MERV - XMEV - GGAL - 24hs,6850.0,2025-05-09 16:46:14,140,2025-05-09 16:46:30.661,6850.0,71,6840.0,4886,6830.0,5553,6820.0,30618,6810.0,1064,6860.0,2133,6870.0,3948,6880.0,12709,6890.0,17393,6900.0,13287,2025-05-09 16:46:30.588,,2147483647,956127,False,nan
7251,1102540,1612042359,MERV - XMEV - GGAL - 24hs,6860.0,2025-05-09 16:46:34,1,2025-05-09 16:46:34.223,6850.0,71,6840.0,4886,6830.0,5553,6820.0,30618,6810.0,1064,6860.0,2133,6870.0,3948,6880.0,12709,6890.0,17393,6900.0,13287,2025-05-09 16:46:34.160,,2147483647,956127,True,offer
7252,1102614,1612042450,MERV - XMEV - GGAL - 24hs,6860.0,2025-05-09 16:46:34,1,2025-05-09 16:46:34.723,6850.0,71,6840.0,4886,6830.0,5553,6820.0,30618,6810.0,1064,6860.0,2132,6870.0,3948,6880.0,12709,6890.0,17393,6900.0,13287,2025-05-09 16:46:34.664,,2147483647,956127,False,nan
7253,1102680,1612042548,MERV - XMEV - GGAL - 24hs,6860.0,2025-05-09 16:46:34,1,2025-05-09 16:46:35.271,6850.0,71,6840.0,4886,6830.0,5553,6820.0,30618,6810.0,1064,6860.0,2132,6870.0,3948,6880.0,12709,6890.0,17393,6900.0,13287,2025-05-09 16:46:35.159,,2147483647,956128,False,nan
7254,1103188,1612043165,MERV - XMEV - GGAL - 24hs,6860.0,2025-05-09 16:46:34,1,2025-05-09 16:46:37.668,6850.0,71,6840.0,4886,6830.0,5553,6820.0,30618,6810.0,1064,6860.0,2132,6870.0,3948,6880.0,12709,6890.0,17393,6900.0,13787,2025-05-09 16:46:37.602,,2147483647,956128,False,nan
7255,1103321,1612043330,MERV - XMEV - GGAL - 24hs,6860.0,2025-05-09 16:46:34,1,2025-05-09 16:46:38.404,6850.0,51,6840.0,4886,6830.0,5553,6820.0,30618,6810.0,1064,6860.0,2132,6870.0,3948,6880.0,12709,6890.0,17393,6900.0,13787,2025-05-09 16:46:38.345,,2147483647,956128,False,nan
7256,1103406,1612043450,MERV - XMEV - GGAL - 24hs,6860.0,2025-05-09 16:46:38,2,2025-05-09 16:46:39.183,6850.0,51,6840.0,4886,6830.0,5553,6820.0,30618,6810.0,1064,6860.0,2132,6870.0,3948,6880.0,12709,6890.0,17393,6900.0,13787,2025-05-09 16:46:39.047,,2147483647,956128,True,offer
7257,1103453,1612043508,MERV - XMEV - GGAL - 24hs,6860.0,2025-05-09 16:46:38,2,2025-05-09 16:46:39.605,6850.0,51,6840.0,4886,6830.0,5553,6820.0,30618,6810.0,1064,6860.0,2130,6870.0,3948,6880.0,12709,6890.0,17393,6900.0,13787,2025-05-09 16:46:39.546,,2147483647,956128,False,nan
7258,1103564,1612043653,MERV - XMEV - GGAL - 24hs,6860.0,2025-05-09 16:46:38,2,2025-05-09 16:46:40.120,6850.0,51,6840.0,4886,6830.0,5553,6820.0,30618,6810.0,1064,6860.0,2130,6870.0,3948,6880.0,12709,6890.0,17393,6900.0,13787,2025-05-09 16:46:40.046,,2147483647,956130,False,nan
7259,1104043,1612044346,MERV - XMEV - GGAL - 24hs,6860.0,2025-05-09 16:46:38,2,2025-05-09 16:46:44.407,6850.0,51,6840.0,4886,6830.0,5553,6820.0,30618,6810.0,1064,6860.0,3130,6870.0,3948,6880.0,12709,6890.0,17393,6900.0,13787,2025-05-09 16:46:44.348,,2147483647,956130,False,nan
7260,1104449,1612044872,MERV - XMEV - GGAL - 24hs,6860.0,2025-05-09 16:46:38,2,2025-05-09 16:46:48.102,6850.0,51,6840.0,4886,6830.0,5553,6820.0,30618,6810.0,1064,6860.0,3130,6870.0,3948,6880.0,10709,6890.0,19393,6900.0,13787,2025-05-09 16:46:48.033,,2147483647,956130,False,nan
7261,1104969,1612045549,MERV - XMEV - GGAL - 24hs,6860.0,2025-05-09 16:46:38,2,2025-05-09 16:46:52.675,6850.0,51,6840.0,4886,6830.0,5553,6820.0,30618,6810.0,1064,6860.0,3130,6870.0,5948,6880.0,10709,6890.0,19393,6900.0,13787,2025-05-09 16:46:52.612,,2147483647,956130,False,nan
7262,1105063,1612045681,MERV - XMEV - GGAL - 24hs,6860.0,2025-05-09 16:46:38,2,2025-05-09 16:46:53.715,6850.0,33,6840.0,4886,6830.0,5553,6820.0,30618,6810.0,1064,6860.0,3130,6870.0,5948,6880.0,10709,6890.0,19393,6900.0,13787,2025-05-09 16:46:53.655,,2147483647,956130,False,nan
7263,1105325,1612046036,MERV - XMEV - GGAL - 24hs,6860.0,2025-05-09 16:46:38,2,2025-05-09 16:46:56.751,6850.0,33,6840.0,4886,6830.0,5553,6820.0,30618,6810.0,1064,6860.0,3130,6870.0,5948,6880.0,12709,6890.0,17393,6900.0,13787,2025-05-09 16:46:56.691,,2147483647,956130,False,nan
7264,1105377,1612046105,MERV - XMEV - GGAL - 24hs,6850.0,2025-05-09 16:46:56,1,2025-05-09 16:46:57.266,6850.0,33,6840.0,4886,6830.0,5553,6820.0,30618,6810.0,1064,6860.0,3130,6870.0,5948,6880.0,12709,6890.0,17393,6900.0,13787,2025-05-09 16:46:57.191,,2147483647,956163,True,bid
7265,1105429,1612046171,MERV - XMEV - GGAL - 24hs,6850.0,2025-05-09 16:46:56,1,2025-05-09 16:46:57.751,6840.0,4886,6830.0,5553,6820.0,14618,6810.0,17064,6800.0,1104,6850.0,37,6860.0,3130,6870.0,5948,6880.0,22709,6890.0,7393,2025-05-09 16:46:57.691,,2147483647,956164,False,nan
7266,1105483,1612046245,MERV - XMEV - GGAL - 24hs,6850.0,2025-05-09 16:46:57,1,2025-05-09 16:46:58.274,6840.0,4886,6830.0,5553,6820.0,14618,6810.0,17064,6800.0,1104,6850.0,37,6860.0,3130,6870.0,5948,6880.0,22709,6890.0,7393,2025-05-09 16:46:58.191,,2147483647,956164,True,offer
7267,1105563,1612046348,MERV - XMEV - GGAL - 24hs,6850.0,2025-05-09 16:46:57,1,2025-05-09 16:46:58.766,6840.0,4886,6830.0,5553,6820.0,14618,6810.0,17064,6800.0,1104,6850.0,144,6860.0,3130,6870.0,5948,6880.0,22709,6890.0,7393,2025-05-09 16:46:58.692,,2147483647,956165,False,nan
7268,1105703,1612046553,MERV - XMEV - GGAL - 24hs,6850.0,2025-05-09 16:46:57,1,2025-05-09 16:47:00.111,6840.0,4886,6830.0,5553,6820.0,14582,6810.0,17186,6800.0,1104,6850.0,144,6860.0,3130,6870.0,5948,6880.0,22709,6890.0,7393,2025-05-09 16:46:59.988,,2147483647,956165,False,nan
7269,1106533,1612047612,MERV - XMEV - GGAL - 24hs,6850.0,2025-05-09 16:47:07,3,2025-05-09 16:47:07.459,6840.0,4886,6830.0,5553,6820.0,14582,6810.0,17186,6800.0,1104,6850.0,144,6860.0,3130,6870.0,5948,6880.0,22709,6890.0,7393,2025-05-09 16:47:07.400,,2147483647,956165,True,offer
7270,1106643,1612047747,MERV - XMEV - GGAL - 24hs,6850.0,2025-05-09 16:47:07,3,2025-05-09 16:47:08.040,6840.0,4886,6830.0,5553,6820.0,14582,6810.0,17186,6800.0,1104,6850.0,141,6860.0,3130,6870.0,5948,6880.0,22709,6890.0,7393,2025-05-09 16:47:07.971,,2147483647,956165,False,nan
7271,1106703,1612047818,MERV - XMEV - GGAL - 24hs,6850.0,2025-05-09 16:47:07,3,2025-05-09 16:47:08.531,6840.0,4886,6830.0,5553,6820.0,14582,6810.0,17186,6800.0,1104,6850.0,141,6860.0,3130,6870.0,5948,6880.0,22709,6890.0,7393,2025-05-09 16:47:08.471,,2147483647,956168,False,nan
7272,1106842,1612048025,MERV - XMEV - GGAL - 24hs,6850.0,2025-05-09 16:47:09,33,2025-05-09 16:47:09.840,6840.0,4886,6830.0,5553,6820.0,14582,6810.0,17186,6800.0,1104,6850.0,141,6860.0,3130,6870.0,5948,6880.0,22709,6890.0,7393,2025-05-09 16:47:09.712,,2147483647,956168,True,offer
7273,1106891,1612048091,MERV - XMEV - GGAL - 24hs,6850.0,2025-05-09 16:47:09,23,2025-05-09 16:47:10.271,6840.0,4886,6830.0,5553,6820.0,14582,6810.0,17186,6800.0,1104,6850.0,141,6860.0,3130,6870.0,5948,6880.0,22709,6890.0,7393,2025-05-09 16:47:10.212,,2147483647,956168,False,nan
7274,1106939,1612048149,MERV - XMEV - GGAL - 24hs,6840.0,2025-05-09 16:47:10,500,2025-05-09 16:47:10.772,6840.0,4886,6830.0,5553,6820.0,14582,6810.0,17186,6800.0,1104,6850.0,85,6860.0,3130,6870.0,5948,6880.0,22709,6890.0,7393,2025-05-09 16:47:10.712,,2147483647,956224,True,bid
7275,1106999,1612048217,MERV - XMEV - GGAL - 24hs,6840.0,2025-05-09 16:47:10,500,2025-05-09 16:47:11.537,6840.0,4386,6830.0,5553,6820.0,14582,6810.0,17186,6800.0,1104,6850.0,85,6860.0,3130,6870.0,5948,6880.0,22709,6890.0,7393,2025-05-09 16:47:11.315,,2147483647,956724,False,nan
7276,1107499,1612048843,MERV - XMEV - GGAL - 24hs,6840.0,2025-05-09 16:47:10,500,2025-05-09 16:47:15.558,6840.0,4386,6830.0,5553,6820.0,14582,6810.0,17186,6800.0,1104,6850.0,585,6860.0,3130,6870.0,5948,6880.0,22209,6890.0,7393,2025-05-09 16:47:15.496,,2147483647,956724,False,nan
7277,1107627,1612049009,MERV - XMEV - GGAL - 24hs,6850.0,2025-05-09 16:47:16,21,2025-05-09 16:47:16.557,6840.0,4386,6830.0,5553,6820.0,14582,6810.0,17186,6800.0,1104,6850.0,585,6860.0,3130,6870.0,5948,6880.0,22209,6890.0,7393,2025-05-09 16:47:16.495,,2147483647,956724,True,offer
7278,1107705,1612049103,MERV - XMEV - GGAL - 24hs,6850.0,2025-05-09 16:47:16,21,2025-05-09 16:47:17.051,6840.0,4386,6830.0,5553,6820.0,14582,6810.0,17186,6800.0,1104,6850.0,564,6860.0,3130,6870.0,5948,6880.0,22209,6890.0,7393,2025-05-09 16:47:16.990,,2147483647,956724,False,nan
7279,1107772,1612049185,MERV - XMEV - GGAL - 24hs,6850.0,2025-05-09 16:47:16,21,2025-05-09 16:47:17.552,6840.0,4386,6830.0,5553,6820.0,14582,6810.0,17186,6800.0,1104,6850.0,564,6860.0,3130,6870.0,5948,6880.0,22209,6890.0,7393,2025-05-09 16:47:17.491,,2147483647,956745,False,nan
7280,1107839,1612049272,MERV - XMEV - GGAL - 24hs,6850.0,2025-05-09 16:47:18,12,2025-05-09 16:47:18.149,6840.0,4386,6830.0,5553,6820.0,14582,6810.0,17186,6800.0,1104,6850.0,564,6860.0,3130,6870.0,5948,6880.0,22209,6890.0,7393,2025-05-09 16:47:18.089,,2147483647,956745,True,offer
7281,1107933,1612049385,MERV - XMEV - GGAL - 24hs,6850.0,2025-05-09 16:47:18,12,2025-05-09 16:47:18.814,6840.0,4386,6830.0,5553,6820.0,14582,6810.0,17186,6800.0,1104,6850.0,552,6860.0,3130,6870.0,5948,6880.0,22209,6890.0,7393,2025-05-09 16:47:18.754,,2147483647,956745,False,nan
7282,1108009,1612049483,MERV - XMEV - GGAL - 24hs,6850.0,2025-05-09 16:47:18,12,2025-05-09 16:47:19.316,6840.0,4386,6830.0,5553,6820.0,14582,6810.0,17186,6800.0,1104,6850.0,552,6860.0,3130,6870.0,5948,6880.0,22209,6890.0,7393,2025-05-09 16:47:19.254,,2147483647,956757,False,nan
7283,1108229,1612049765,MERV - XMEV - GGAL - 24hs,6850.0,2025-05-09 16:47:18,12,2025-05-09 16:47:21.099,6840.0,9,6830.0,5553,6820.0,14582,6810.0,17186,6800.0,1104,6850.0,552,6860.0,3130,6870.0,5948,6880.0,22209,6890.0,7393,2025-05-09 16:47:21.038,,2147483647,956757,False,nan
7284,1108568,1612050245,MERV - XMEV - GGAL - 24hs,6850.0,2025-05-09 16:47:18,12,2025-05-09 16:47:24.728,6840.0,9,6830.0,5560,6820.0,14582,6810.0,17186,6800.0,1104,6850.0,552,6860.0,3130,6870.0,5948,6880.0,22209,6890.0,7393,2025-05-09 16:47:24.666,,2147483647,956757,False,nan
7285,1108718,1612050430,MERV - XMEV - GGAL - 24hs,6850.0,2025-05-09 16:47:18,12,2025-05-09 16:47:26.265,6840.0,9,6830.0,5560,6820.0,14582,6810.0,17186,6800.0,1098,6850.0,1182,6860.0,2500,6870.0,5948,6880.0,22209,6890.0,7393,2025-05-09 16:47:26.205,,2147483647,956757,False,nan
7286,1108947,1612050722,MERV - XMEV - GGAL - 24hs,6850.0,2025-05-09 16:47:18,12,2025-05-09 16:47:28.837,6840.0,9,6830.0,5560,6820.0,14582,6810.0,17186,6800.0,1098,6850.0,1182,6860.0,3500,6870.0,5948,6880.0,22209,6890.0,7393,2025-05-09 16:47:28.777,,2147483647,956757,False,nan
7287,1109497,1612051447,MERV - XMEV - GGAL - 24hs,6850.0,2025-05-09 16:47:33,52,2025-05-09 16:47:33.667,6840.0,9,6830.0,5560,6820.0,14582,6810.0,17186,6800.0,1098,6850.0,1182,6860.0,3500,6870.0,5948,6880.0,22209,6890.0,7393,2025-05-09 16:47:33.607,,2147483647,956757,True,offer
7288,1109561,1612051533,MERV - XMEV - GGAL - 24hs,6850.0,2025-05-09 16:47:33,37,2025-05-09 16:47:34.167,6840.0,9,6830.0,5560,6820.0,14582,6810.0,17186,6800.0,1098,6850.0,1182,6860.0,3500,6870.0,5948,6880.0,22209,6890.0,7393,2025-05-09 16:47:34.107,,2147483647,956920,False,nan
7289,1109605,1612051587,MERV - XMEV - GGAL - 24hs,6850.0,2025-05-09 16:47:33,37,2025-05-09 16:47:34.667,6840.0,9,6830.0,5560,6820.0,14582,6810.0,17186,6800.0,1098,6850.0,982,6860.0,3500,6870.0,5948,6880.0,22209,6890.0,7393,2025-05-09 16:47:34.608,,2147483647,956957,False,nan
7290,1110516,1612052679,MERV - XMEV - GGAL - 24hs,6850.0,2025-05-09 16:47:41,22,2025-05-09 16:47:41.135,6840.0,9,6830.0,5560,6820.0,14582,6810.0,17186,6800.0,1098,6850.0,982,6860.0,3500,6870.0,5948,6880.0,22209,6890.0,7393,2025-05-09 16:47:41.074,,2147483647,956957,True,offer
7291,1110594,1612052778,MERV - XMEV - GGAL - 24hs,6850.0,2025-05-09 16:47:41,17,2025-05-09 16:47:41.636,6840.0,9,6830.0,5560,6820.0,14582,6810.0,17186,6800.0,1098,6850.0,982,6860.0,3500,6870.0,5948,6880.0,22209,6890.0,7393,2025-05-09 16:47:41.575,,2147483647,956979,False,nan
7292,1110664,1612052872,MERV - XMEV - GGAL - 24hs,6850.0,2025-05-09 16:47:41,630,2025-05-09 16:47:42.135,6840.0,9,6830.0,5560,6820.0,14582,6810.0,17186,6800.0,1098,6850.0,943,6860.0,3500,6870.0,5948,6880.0,22209,6890.0,7393,2025-05-09 16:47:42.074,,2147483647,956996,False,nan
7293,1110760,1612052980,MERV - XMEV - GGAL - 24hs,6860.0,2025-05-09 16:47:42,52,2025-05-09 16:47:42.648,6850.0,1957,6840.0,509,6830.0,5560,6820.0,14582,6810.0,17186,6860.0,3448,6870.0,5948,6880.0,22209,6890.0,7393,6900.0,13787,2025-05-09 16:47:42.574,,2147483647,957991,True,offer
7294,1110860,1612053096,MERV - XMEV - GGAL - 24hs,6860.0,2025-05-09 16:47:42,51,2025-05-09 16:47:43.138,6850.0,1957,6840.0,509,6830.0,5560,6820.0,14582,6810.0,17186,6860.0,3448,6870.0,5948,6880.0,22209,6890.0,7393,6900.0,13787,2025-05-09 16:47:43.074,,2147483647,957991,False,nan
7295,1110963,1612053217,MERV - XMEV - GGAL - 24hs,6860.0,2025-05-09 16:47:42,51,2025-05-09 16:47:43.654,6850.0,2007,6840.0,509,6830.0,5560,6820.0,14582,6810.0,17186,6860.0,3397,6870.0,5948,6880.0,22209,6890.0,7393,6900.0,13787,2025-05-09 16:47:43.574,,2147483647,958042,False,nan
7296,1111193,1612053488,MERV - XMEV - GGAL - 24hs,6860.0,2025-05-09 16:47:42,51,2025-05-09 16:47:45.171,6850.0,2007,6840.0,509,6830.0,5560,6820.0,14618,6810.0,17064,6860.0,3397,6870.0,5948,6880.0,22209,6890.0,7393,6900.0,13787,2025-05-09 16:47:45.109,,2147483647,958042,False,nan
7297,1111820,1612054251,MERV - XMEV - GGAL - 24hs,6860.0,2025-05-09 16:47:42,51,2025-05-09 16:47:50.956,6850.0,2007,6840.0,509,6830.0,5560,6820.0,14618,6810.0,17064,6860.0,3397,6870.0,6148,6880.0,22209,6890.0,7393,6900.0,13787,2025-05-09 16:47:50.886,,2147483647,958042,False,nan
7298,1112263,1612054805,MERV - XMEV - GGAL - 24hs,6860.0,2025-05-09 16:47:53,1,2025-05-09 16:47:53.919,6850.0,2007,6840.0,509,6830.0,5560,6820.0,14618,6810.0,17064,6860.0,3397,6870.0,6148,6880.0,22209,6890.0,7393,6900.0,13787,2025-05-09 16:47:53.686,,2147483647,958042,True,offer
7299,1112313,1612054873,MERV - XMEV - GGAL - 24hs,6860.0,2025-05-09 16:47:53,1,2025-05-09 16:47:54.247,6850.0,5427,6840.0,509,6830.0,5560,6820.0,14618,6810.0,17064,6860.0,3396,6870.0,6148,6880.0,22209,6890.0,7393,6900.0,13787,2025-05-09 16:47:54.181,,2147483647,958042,False,nan
7300,1112374,1612054950,MERV - XMEV - GGAL - 24hs,6860.0,2025-05-09 16:47:53,1,2025-05-09 16:47:54.742,6850.0,5427,6840.0,509,6830.0,5560,6820.0,14618,6810.0,17064,6860.0,3396,6870.0,6148,6880.0,22209,6890.0,7393,6900.0,13787,2025-05-09 16:47:54.681,,2147483647,958043,False,nan
7301,1112613,1612055283,MERV - XMEV - GGAL - 24hs,6860.0,2025-05-09 16:47:53,1,2025-05-09 16:47:57.108,6850.0,5427,6840.0,509,6830.0,5560,6820.0,14582,6810.0,17186,6860.0,3396,6870.0,6148,6880.0,22209,6890.0,7393,6900.0,13787,2025-05-09 16:47:57.046,,2147483647,958043,False,nan
7302,1113065,1612055909,MERV - XMEV - GGAL - 24hs,6860.0,2025-05-09 16:48:01,1,2025-05-09 16:48:01.159,6850.0,5427,6840.0,509,6830.0,5560,6820.0,14582,6810.0,17186,6860.0,3396,6870.0,6148,6880.0,22209,6890.0,7393,6900.0,13787,2025-05-09 16:48:01.095,,2147483647,958043,True,offer
7303,1113131,1612055989,MERV - XMEV - GGAL - 24hs,6860.0,2025-05-09 16:48:01,1,2025-05-09 16:48:01.656,6850.0,5427,6840.0,509,6830.0,5560,6820.0,14618,6810.0,17064,6860.0,3395,6870.0,6148,6880.0,22209,6890.0,7393,6900.0,13787,2025-05-09 16:48:01.595,,2147483647,958043,False,nan
7304,1113202,1612056083,MERV - XMEV - GGAL - 24hs,6850.0,2025-05-09 16:48:01,6,2025-05-09 16:48:02.158,6850.0,5427,6840.0,509,6830.0,5560,6820.0,14618,6810.0,17064,6860.0,3395,6870.0,6148,6880.0,22209,6890.0,7393,6900.0,13787,2025-05-09 16:48:02.095,,2147483647,958187,False,nan
7305,1113250,1612056144,MERV - XMEV - GGAL - 24hs,6850.0,2025-05-09 16:48:01,6,2025-05-09 16:48:02.658,6850.0,5421,6840.0,509,6830.0,5560,6820.0,14618,6810.0,17064,6860.0,3252,6870.0,6148,6880.0,22209,6890.0,7393,6900.0,13787,2025-05-09 16:48:02.595,,2147483647,958193,False,nan
7306,1113457,1612056424,MERV - XMEV - GGAL - 24hs,6850.0,2025-05-09 16:48:01,6,2025-05-09 16:48:04.672,6850.0,5421,6840.0,509,6830.0,5648,6820.0,14618,6810.0,17064,6860.0,3252,6870.0,6148,6880.0,22209,6890.0,7393,6900.0,13787,2025-05-09 16:48:04.608,,2147483647,958193,False,nan
7307,1113615,1612056669,MERV - XMEV - GGAL - 24hs,6850.0,2025-05-09 16:48:06,1,2025-05-09 16:48:06.141,6850.0,5421,6840.0,509,6830.0,5648,6820.0,14618,6810.0,17064,6860.0,3252,6870.0,6148,6880.0,22209,6890.0,7393,6900.0,13787,2025-05-09 16:48:06.080,,2147483647,958193,True,bid
7308,1113685,1612056754,MERV - XMEV - GGAL - 24hs,6850.0,2025-05-09 16:48:06,1,2025-05-09 16:48:06.813,6850.0,5419,6840.0,509,6830.0,5648,6820.0,14618,6810.0,17064,6860.0,3252,6870.0,18148,6880.0,10209,6890.0,7393,6900.0,13787,2025-05-09 16:48:06.753,,2147483647,958193,False,nan
7309,1113817,1612056916,MERV - XMEV - GGAL - 24hs,6850.0,2025-05-09 16:48:06,1,2025-05-09 16:48:07.408,6850.0,5419,6840.0,509,6830.0,5648,6820.0,14618,6810.0,17064,6860.0,3252,6870.0,18148,6880.0,10209,6890.0,7393,6900.0,13787,2025-05-09 16:48:07.254,,2147483647,958194,False,nan
7310,1113861,1612056974,MERV - XMEV - GGAL - 24hs,6850.0,2025-05-09 16:48:06,1,2025-05-09 16:48:07.821,6850.0,5419,6840.0,509,6830.0,5648,6820.0,14618,6810.0,1064,6860.0,3252,6870.0,18148,6880.0,10209,6890.0,7393,6900.0,13787,2025-05-09 16:48:07.753,,2147483647,958194,False,nan
7311,1114464,1612057776,MERV - XMEV - GGAL - 24hs,6850.0,2025-05-09 16:48:14,1950,2025-05-09 16:48:14.302,6850.0,5419,6840.0,509,6830.0,5648,6820.0,14618,6810.0,1064,6860.0,3252,6870.0,18148,6880.0,10209,6890.0,7393,6900.0,13787,2025-05-09 16:48:14.242,,2147483647,958194,True,bid
7312,1114491,1612057813,MERV - XMEV - GGAL - 24hs,6850.0,2025-05-09 16:48:14,500,2025-05-09 16:48:14.802,6840.0,509,6830.0,5648,6820.0,14618,6810.0,1064,6800.0,17098,6860.0,3252,6870.0,18148,6880.0,10209,6890.0,7393,6900.0,13787,2025-05-09 16:48:14.742,,2147483647,958194,False,nan
7313,1114555,1612057894,MERV - XMEV - GGAL - 24hs,6850.0,2025-05-09 16:48:14,500,2025-05-09 16:48:15.308,6850.0,2920,6840.0,509,6830.0,5676,6820.0,14618,6810.0,1064,6860.0,3252,6870.0,18148,6880.0,10209,6890.0,7393,6900.0,13787,2025-05-09 16:48:15.242,,2147483647,960694,False,nan
7314,1114665,1612058055,MERV - XMEV - GGAL - 24hs,6850.0,2025-05-09 16:48:14,500,2025-05-09 16:48:16.349,6850.0,2920,6840.0,509,6830.0,5588,6820.0,14618,6810.0,1064,6860.0,3252,6870.0,18148,6880.0,10209,6890.0,7393,6900.0,13787,2025-05-09 16:48:16.289,,2147483647,960694,False,nan
7315,1115284,1612058883,MERV - XMEV - GGAL - 24hs,6850.0,2025-05-09 16:48:20,300,2025-05-09 16:48:20.625,6850.0,2920,6840.0,509,6830.0,5588,6820.0,14618,6810.0,1064,6860.0,3252,6870.0,18148,6880.0,10209,6890.0,7393,6900.0,13787,2025-05-09 16:48:20.548,,2147483647,960694,True,bid
7316,1115348,1612058984,MERV - XMEV - GGAL - 24hs,6850.0,2025-05-09 16:48:20,300,2025-05-09 16:48:21.272,6840.0,584,6830.0,5588,6820.0,14618,6810.0,1057,6800.0,2098,6860.0,3253,6870.0,18148,6880.0,10209,6890.0,7393,6900.0,13786,2025-05-09 16:48:21.211,,2147483647,960694,False,nan
7317,1115392,1612059049,MERV - XMEV - GGAL - 24hs,6850.0,2025-05-09 16:48:20,300,2025-05-09 16:48:21.776,6840.0,584,6830.0,5588,6820.0,14618,6810.0,1057,6800.0,2098,6860.0,3253,6870.0,18148,6880.0,10209,6890.0,7393,6900.0,13786,2025-05-09 16:48:21.711,,2147483647,960994,False,nan
7318,1115436,1612059104,MERV - XMEV - GGAL - 24hs,6850.0,2025-05-09 16:48:20,300,2025-05-09 16:48:22.272,6850.0,2871,6840.0,509,6830.0,5588,6820.0,14618,6810.0,1064,6860.0,3252,6870.0,18148,6880.0,10209,6890.0,7393,6900.0,13787,2025-05-09 16:48:22.212,,2147483647,960994,False,nan
7319,1115511,1612059209,MERV - XMEV - GGAL - 24hs,6850.0,2025-05-09 16:48:22,4,2025-05-09 16:48:22.910,6850.0,2871,6840.0,509,6830.0,5588,6820.0,14618,6810.0,1064,6860.0,3252,6870.0,18148,6880.0,10209,6890.0,7393,6900.0,13787,2025-05-09 16:48:22.849,,2147483647,960994,True,bid
7320,1115604,1612059350,MERV - XMEV - GGAL - 24hs,6850.0,2025-05-09 16:48:22,4,2025-05-09 16:48:23.574,6850.0,2867,6840.0,509,6830.0,5588,6820.0,14618,6810.0,1064,6860.0,3252,6870.0,18148,6880.0,10209,6890.0,7393,6900.0,13787,2025-05-09 16:48:23.514,,2147483647,960994,False,nan
7321,1115641,1612059397,MERV - XMEV - GGAL - 24hs,6850.0,2025-05-09 16:48:22,4,2025-05-09 16:48:24.075,6850.0,2867,6840.0,509,6830.0,5588,6820.0,14618,6810.0,1064,6860.0,3252,6870.0,18148,6880.0,10209,6890.0,7393,6900.0,13787,2025-05-09 16:48:24.014,,2147483647,960998,False,nan
7322,1115698,1612059488,MERV - XMEV - GGAL - 24hs,6850.0,2025-05-09 16:48:22,4,2025-05-09 16:48:24.616,6850.0,2867,6840.0,509,6830.0,5588,6820.0,14618,6810.0,1064,6860.0,3252,6870.0,18148,6880.0,10209,6890.0,7493,6900.0,13787,2025-05-09 16:48:24.514,,2147483647,960998,False,nan
7323,1115799,1612059633,MERV - XMEV - GGAL - 24hs,6850.0,2025-05-09 16:48:22,4,2025-05-09 16:48:25.246,6850.0,2867,6840.0,509,6830.0,5588,6820.0,14618,6810.0,1064,6860.0,4252,6870.0,18148,6880.0,10209,6890.0,7493,6900.0,13787,2025-05-09 16:48:25.180,,2147483647,960998,False,nan
7324,1115871,1612059725,MERV - XMEV - GGAL - 24hs,6850.0,2025-05-09 16:48:22,4,2025-05-09 16:48:26.192,6850.0,2867,6840.0,509,6830.0,5588,6820.0,14582,6810.0,1186,6860.0,6752,6870.0,18148,6880.0,10209,6890.0,7493,6900.0,13787,2025-05-09 16:48:26.130,,2147483647,960998,False,nan
7325,1116083,1612059993,MERV - XMEV - GGAL - 24hs,6850.0,2025-05-09 16:48:22,4,2025-05-09 16:48:28.344,6850.0,2867,6840.0,509,6830.0,5588,6820.0,14618,6810.0,1064,6860.0,6752,6870.0,18148,6880.0,10209,6890.0,7493,6900.0,13787,2025-05-09 16:48:28.282,,2147483647,960998,False,nan
7326,1116194,1612060139,MERV - XMEV - GGAL - 24hs,6850.0,2025-05-09 16:48:30,246,2025-05-09 16:48:30.226,6850.0,2867,6840.0,509,6830.0,5588,6820.0,14618,6810.0,1064,6860.0,6752,6870.0,18148,6880.0,10209,6890.0,7493,6900.0,13787,2025-05-09 16:48:30.165,,2147483647,960998,True,bid
7327,1116228,1612060178,MERV - XMEV - GGAL - 24hs,6850.0,2025-05-09 16:48:30,511,2025-05-09 16:48:30.729,6850.0,2867,6840.0,509,6830.0,5588,6820.0,14618,6810.0,1064,6860.0,6752,6870.0,18148,6880.0,10209,6890.0,7493,6900.0,13787,2025-05-09 16:48:30.665,,2147483647,960998,False,nan
7328,1116296,1612060262,MERV - XMEV - GGAL - 24hs,6850.0,2025-05-09 16:48:30,511,2025-05-09 16:48:31.229,6840.0,584,6830.0,5588,6820.0,14582,6810.0,1179,6800.0,2098,6860.0,6753,6870.0,18148,6880.0,10209,6890.0,7493,6900.0,13786,2025-05-09 16:48:31.164,,2147483647,961755,False,nan
7329,1116335,1612060318,MERV - XMEV - GGAL - 24hs,6850.0,2025-05-09 16:48:30,511,2025-05-09 16:48:31.764,6850.0,2621,6840.0,509,6830.0,5588,6820.0,14582,6810.0,1186,6860.0,6752,6870.0,18148,6880.0,10209,6890.0,7493,6900.0,13787,2025-05-09 16:48:31.694,,2147483647,961755,False,nan
7330,1116421,1612060425,MERV - XMEV - GGAL - 24hs,6850.0,2025-05-09 16:48:30,511,2025-05-09 16:48:32.552,6850.0,2110,6840.0,509,6830.0,5588,6820.0,14582,6810.0,1186,6860.0,6752,6870.0,18148,6880.0,10209,6890.0,7493,6900.0,13787,2025-05-09 16:48:32.488,,2147483647,961755,False,nan
7331,1116496,1612060518,MERV - XMEV - GGAL - 24hs,6850.0,2025-05-09 16:48:30,511,2025-05-09 16:48:33.284,6850.0,2110,6840.0,509,6830.0,5588,6820.0,14618,6810.0,1064,6860.0,6752,6870.0,18148,6880.0,10209,6890.0,7493,6900.0,13787,2025-05-09 16:48:33.223,,2147483647,961755,False,nan
7332,1116730,1612060836,MERV - XMEV - GGAL - 24hs,6850.0,2025-05-09 16:48:30,511,2025-05-09 16:48:35.309,6850.0,2110,6840.0,509,6830.0,5588,6820.0,14582,6810.0,1186,6860.0,6752,6870.0,18148,6880.0,10209,6890.0,7493,6900.0,13787,2025-05-09 16:48:35.241,,2147483647,961755,False,nan
7333,1117270,1612061506,MERV - XMEV - GGAL - 24hs,6850.0,2025-05-09 16:48:38,300,2025-05-09 16:48:38.283,6850.0,2110,6840.0,509,6830.0,5588,6820.0,14582,6810.0,1186,6860.0,6752,6870.0,18148,6880.0,10209,6890.0,7493,6900.0,13787,2025-05-09 16:48:38.206,,2147483647,961755,True,bid
7334,1117333,1612061594,MERV - XMEV - GGAL - 24hs,6850.0,2025-05-09 16:48:38,300,2025-05-09 16:48:38.941,6840.0,509,6830.0,5588,6820.0,14582,6810.0,1186,6800.0,2098,6860.0,6752,6870.0,18148,6880.0,10209,6890.0,7493,6900.0,13787,2025-05-09 16:48:38.881,,2147483647,961755,False,nan
7335,1117418,1612061715,MERV - XMEV - GGAL - 24hs,6850.0,2025-05-09 16:48:38,300,2025-05-09 16:48:39.478,6840.0,509,6830.0,5588,6820.0,14582,6810.0,1186,6800.0,2098,6860.0,6752,6870.0,18148,6880.0,10209,6890.0,7493,6900.0,13787,2025-05-09 16:48:39.380,,2147483647,962055,False,nan
7336,1117517,1612061848,MERV - XMEV - GGAL - 24hs,6850.0,2025-05-09 16:48:38,300,2025-05-09 16:48:39.940,6850.0,2110,6840.0,509,6830.0,5588,6820.0,14582,6810.0,1186,6860.0,6753,6870.0,18148,6880.0,10209,6890.0,7493,6900.0,13786,2025-05-09 16:48:39.880,,2147483647,962055,False,nan
7337,1117589,1612061964,MERV - XMEV - GGAL - 24hs,6850.0,2025-05-09 16:48:38,300,2025-05-09 16:48:40.654,6850.0,1810,6840.0,509,6830.0,5588,6820.0,14582,6810.0,1186,6860.0,6752,6870.0,18148,6880.0,10209,6890.0,7493,6900.0,13787,2025-05-09 16:48:40.573,,2147483647,962055,False,nan
7338,1117831,1612062293,MERV - XMEV - GGAL - 24hs,6860.0,2025-05-09 16:48:42,10,2025-05-09 16:48:42.864,6850.0,1810,6840.0,509,6830.0,5588,6820.0,14582,6810.0,1186,6860.0,6752,6870.0,18148,6880.0,10209,6890.0,7493,6900.0,13787,2025-05-09 16:48:42.800,,2147483647,962055,True,offer
7339,1117935,1612062426,MERV - XMEV - GGAL - 24hs,6860.0,2025-05-09 16:48:42,10,2025-05-09 16:48:43.632,6850.0,1810,6840.0,509,6830.0,5588,6820.0,14582,6810.0,1186,6860.0,6742,6870.0,18148,6880.0,10209,6890.0,7493,6900.0,13787,2025-05-09 16:48:43.521,,2147483647,962055,False,nan
7340,1118022,1612062530,MERV - XMEV - GGAL - 24hs,6860.0,2025-05-09 16:48:42,10,2025-05-09 16:48:44.079,6850.0,1810,6840.0,509,6830.0,5588,6820.0,14582,6810.0,1186,6860.0,6742,6870.0,18148,6880.0,10209,6890.0,7493,6900.0,13787,2025-05-09 16:48:44.015,,2147483647,962065,False,nan
7341,1118098,1612062625,MERV - XMEV - GGAL - 24hs,6860.0,2025-05-09 16:48:42,10,2025-05-09 16:48:44.579,6850.0,1810,6840.0,509,6830.0,5588,6820.0,14618,6810.0,1064,6860.0,6742,6870.0,18148,6880.0,10209,6890.0,7493,6900.0,13787,2025-05-09 16:48:44.515,,2147483647,962065,False,nan
7342,1118356,1612062942,MERV - XMEV - GGAL - 24hs,6860.0,2025-05-09 16:48:45,20,2025-05-09 16:48:45.904,6850.0,1810,6840.0,509,6830.0,5588,6820.0,14618,6810.0,1064,6860.0,6742,6870.0,18148,6880.0,10209,6890.0,7493,6900.0,13787,2025-05-09 16:48:45.838,,2147483647,962065,True,offer
7343,1118435,1612063043,MERV - XMEV - GGAL - 24hs,6860.0,2025-05-09 16:48:45,20,2025-05-09 16:48:46.412,6850.0,1810,6840.0,509,6830.0,5588,6820.0,14582,6810.0,1186,6860.0,6722,6870.0,18148,6880.0,10209,6890.0,7493,6900.0,13787,2025-05-09 16:48:46.340,,2147483647,962065,False,nan
7344,1118491,1612063123,MERV - XMEV - GGAL - 24hs,6860.0,2025-05-09 16:48:45,20,2025-05-09 16:48:46.899,6850.0,1810,6840.0,509,6830.0,5588,6820.0,14582,6810.0,1186,6860.0,6722,6870.0,18148,6880.0,10209,6890.0,7493,6900.0,13787,2025-05-09 16:48:46.838,,2147483647,962085,False,nan
7345,1118941,1612063690,MERV - XMEV - GGAL - 24hs,6860.0,2025-05-09 16:48:45,20,2025-05-09 16:48:51.483,6850.0,1810,6840.0,509,6830.0,5588,6820.0,14582,6810.0,2186,6860.0,6722,6870.0,18148,6880.0,10209,6890.0,7493,6900.0,13787,2025-05-09 16:48:51.423,,2147483647,962085,False,nan
7346,1119694,1612064626,MERV - XMEV - GGAL - 24hs,6860.0,2025-05-09 16:48:45,20,2025-05-09 16:48:56.492,6850.0,1825,6840.0,509,6830.0,5588,6820.0,14582,6810.0,2186,6860.0,6722,6870.0,18148,6880.0,10209,6890.0,7493,6900.0,13787,2025-05-09 16:48:56.428,,2147483647,962085,False,nan
7347,1119826,1612064790,MERV - XMEV - GGAL - 24hs,6860.0,2025-05-09 16:48:45,20,2025-05-09 16:48:57.415,6850.0,1825,6840.0,509,6830.0,5588,6820.0,14618,6810.0,2064,6860.0,6722,6870.0,18148,6880.0,10209,6890.0,7493,6900.0,13787,2025-05-09 16:48:57.308,,2147483647,962085,False,nan
7348,1119897,1612064889,MERV - XMEV - GGAL - 24hs,6850.0,2025-05-09 16:48:57,310,2025-05-09 16:48:57.886,6850.0,1825,6840.0,509,6830.0,5588,6820.0,14618,6810.0,2064,6860.0,6722,6870.0,18148,6880.0,10209,6890.0,7493,6900.0,13787,2025-05-09 16:48:57.809,,2147483647,962085,True,bid
7349,1119977,1612064993,MERV - XMEV - GGAL - 24hs,6850.0,2025-05-09 16:48:57,310,2025-05-09 16:48:58.369,6850.0,1515,6840.0,509,6830.0,5588,6820.0,14618,6810.0,2064,6860.0,6722,6870.0,18148,6880.0,10209,6890.0,7493,6900.0,13787,2025-05-09 16:48:58.309,,2147483647,962395,False,nan
7350,1120101,1612065140,MERV - XMEV - GGAL - 24hs,6850.0,2025-05-09 16:48:57,310,2025-05-09 16:48:59.323,6850.0,1515,6840.0,509,6830.0,5588,6820.0,14582,6810.0,1186,6860.0,18722,6870.0,6148,6880.0,10209,6890.0,7493,6900.0,13787,2025-05-09 16:48:59.254,,2147483647,962395,False,nan
7351,1120187,1612065247,MERV - XMEV - GGAL - 24hs,6850.0,2025-05-09 16:48:59,15,2025-05-09 16:48:59.827,6850.0,1515,6840.0,509,6830.0,5588,6820.0,14582,6810.0,1186,6860.0,18722,6870.0,6148,6880.0,10209,6890.0,7493,6900.0,13787,2025-05-09 16:48:59.755,,2147483647,962395,True,bid
7352,1120231,1612065305,MERV - XMEV - GGAL - 24hs,6850.0,2025-05-09 16:48:59,15,2025-05-09 16:49:00.327,6840.0,650,6830.0,5588,6820.0,14582,6810.0,1186,6800.0,2098,6850.0,174,6860.0,18722,6870.0,6148,6880.0,10209,6890.0,7493,2025-05-09 16:49:00.254,,2147483647,962395,False,nan
7353,1120280,1612065363,MERV - XMEV - GGAL - 24hs,6850.0,2025-05-09 16:48:59,15,2025-05-09 16:49:00.820,6840.0,650,6830.0,5588,6820.0,14582,6810.0,1186,6800.0,2098,6850.0,174,6860.0,18722,6870.0,6148,6880.0,10209,6890.0,7493,2025-05-09 16:49:00.756,,2147483647,962410,False,nan
7354,1120352,1612065441,MERV - XMEV - GGAL - 24hs,6850.0,2025-05-09 16:48:59,15,2025-05-09 16:49:01.322,6840.0,509,6830.0,6163,6820.0,14582,6810.0,1186,6800.0,2098,6850.0,1532,6860.0,18722,6870.0,6148,6880.0,10209,6890.0,6135,2025-05-09 16:49:01.256,,2147483647,962410,False,nan
7355,1120478,1612065598,MERV - XMEV - GGAL - 24hs,6850.0,2025-05-09 16:49:02,1,2025-05-09 16:49:02.287,6840.0,509,6830.0,6163,6820.0,14582,6810.0,1186,6800.0,2098,6850.0,1532,6860.0,18722,6870.0,6148,6880.0,10209,6890.0,6135,2025-05-09 16:49:02.225,,2147483647,962410,True,offer
7356,1120531,1612065665,MERV - XMEV - GGAL - 24hs,6850.0,2025-05-09 16:49:02,1,2025-05-09 16:49:02.791,6840.0,509,6830.0,6163,6820.0,14582,6810.0,1186,6800.0,2098,6850.0,4531,6860.0,18722,6870.0,6148,6880.0,10209,6890.0,6135,2025-05-09 16:49:02.724,,2147483647,962410,False,nan
7357,1120564,1612065705,MERV - XMEV - GGAL - 24hs,6850.0,2025-05-09 16:49:02,1,2025-05-09 16:49:03.291,6840.0,509,6830.0,6163,6820.0,14582,6810.0,1186,6800.0,2098,6850.0,4531,6860.0,18722,6870.0,6148,6880.0,10209,6890.0,6135,2025-05-09 16:49:03.224,,2147483647,962411,False,nan
7358,1121720,1612067216,MERV - XMEV - GGAL - 24hs,6850.0,2025-05-09 16:49:02,1,2025-05-09 16:49:11.612,6840.0,509,6830.0,6163,6820.0,14582,6810.0,1186,6800.0,2098,6850.0,5531,6860.0,17722,6870.0,6148,6880.0,10209,6890.0,6135,2025-05-09 16:49:11.523,,2147483647,962411,False,nan
7359,1121811,1612067327,MERV - XMEV - GGAL - 24hs,6850.0,2025-05-09 16:49:02,1,2025-05-09 16:49:12.406,6840.0,509,6830.0,6163,6820.0,14582,6810.0,1186,6800.0,2098,6850.0,5531,6860.0,17722,6870.0,6198,6880.0,10209,6890.0,6135,2025-05-09 16:49:12.345,,2147483647,962411,False,nan
7360,1121863,1612067397,MERV - XMEV - GGAL - 24hs,6850.0,2025-05-09 16:49:12,122,2025-05-09 16:49:12.910,6840.0,509,6830.0,6163,6820.0,14582,6810.0,1186,6800.0,2098,6850.0,5531,6860.0,17722,6870.0,6198,6880.0,10209,6890.0,6135,2025-05-09 16:49:12.846,,2147483647,962411,True,offer
7361,1121920,1612067464,MERV - XMEV - GGAL - 24hs,6850.0,2025-05-09 16:49:12,122,2025-05-09 16:49:13.407,6840.0,509,6830.0,6163,6820.0,14582,6810.0,1186,6800.0,2098,6850.0,5236,6860.0,17722,6870.0,6198,6880.0,10209,6890.0,6135,2025-05-09 16:49:13.345,,2147483647,962706,False,nan
7362,1121971,1612067544,MERV - XMEV - GGAL - 24hs,6850.0,2025-05-09 16:49:13,22,2025-05-09 16:49:13.909,6840.0,509,6830.0,6163,6820.0,14582,6810.0,1186,6800.0,2098,6850.0,5236,6860.0,17722,6870.0,6198,6880.0,10209,6890.0,6135,2025-05-09 16:49:13.845,,2147483647,962706,True,offer
7363,1121997,1612067580,MERV - XMEV - GGAL - 24hs,6850.0,2025-05-09 16:49:13,22,2025-05-09 16:49:14.521,6840.0,509,6830.0,6163,6820.0,14582,6810.0,1186,6800.0,2098,6850.0,5214,6860.0,17722,6870.0,6198,6880.0,10209,6890.0,6130,2025-05-09 16:49:14.454,,2147483647,962706,False,nan
7364,1122034,1612067633,MERV - XMEV - GGAL - 24hs,6850.0,2025-05-09 16:49:13,22,2025-05-09 16:49:15.016,6840.0,509,6830.0,6163,6820.0,14582,6810.0,1186,6800.0,2098,6850.0,5214,6860.0,17722,6870.0,6198,6880.0,10209,6890.0,6130,2025-05-09 16:49:14.955,,2147483647,962728,False,nan
7365,1122064,1612067672,MERV - XMEV - GGAL - 24hs,6850.0,2025-05-09 16:49:13,22,2025-05-09 16:49:15.517,6840.0,509,6830.0,10163,6820.0,14618,6810.0,1064,6800.0,2098,6850.0,5214,6860.0,17722,6870.0,6198,6880.0,10209,6890.0,6130,2025-05-09 16:49:15.455,,2147483647,962728,False,nan
7366,1122122,1612067757,MERV - XMEV - GGAL - 24hs,6850.0,2025-05-09 16:49:15,34,2025-05-09 16:49:16.016,6840.0,509,6830.0,10163,6820.0,14618,6810.0,1064,6800.0,2098,6850.0,5214,6860.0,17722,6870.0,6198,6880.0,10209,6890.0,6130,2025-05-09 16:49:15.955,,2147483647,962728,True,offer
7367,1122166,1612067813,MERV - XMEV - GGAL - 24hs,6850.0,2025-05-09 16:49:15,34,2025-05-09 16:49:16.515,6840.0,509,6830.0,10163,6820.0,14618,6810.0,1064,6800.0,2098,6850.0,3966,6860.0,17722,6870.0,6198,6880.0,10209,6890.0,6130,2025-05-09 16:49:16.455,,2147483647,963976,False,nan
7368,1122229,1612067906,MERV - XMEV - GGAL - 24hs,6840.0,2025-05-09 16:49:16,3,2025-05-09 16:49:17.017,6840.0,509,6830.0,10163,6820.0,14618,6810.0,1064,6800.0,2098,6850.0,3966,6860.0,17722,6870.0,6198,6880.0,10209,6890.0,6130,2025-05-09 16:49:16.955,,2147483647,963976,True,bid
7369,1122273,1612067960,MERV - XMEV - GGAL - 24hs,6840.0,2025-05-09 16:49:16,3,2025-05-09 16:49:17.560,6840.0,506,6830.0,10163,6820.0,14582,6810.0,1136,6800.0,2098,6850.0,3966,6860.0,17722,6870.0,6198,6880.0,10209,6890.0,6130,2025-05-09 16:49:17.493,,2147483647,963976,False,nan
7370,1122324,1612068019,MERV - XMEV - GGAL - 24hs,6840.0,2025-05-09 16:49:16,3,2025-05-09 16:49:18.058,6840.0,506,6830.0,10163,6820.0,14582,6810.0,1136,6800.0,2098,6850.0,3966,6860.0,17722,6870.0,6198,6880.0,10209,6890.0,6130,2025-05-09 16:49:17.994,,2147483647,963979,False,nan
7371,1122545,1612068307,MERV - XMEV - GGAL - 24hs,6840.0,2025-05-09 16:49:16,3,2025-05-09 16:49:20.540,6840.0,506,6830.0,10163,6820.0,14582,6810.0,1136,6800.0,2098,6850.0,3966,6860.0,17722,6870.0,6198,6880.0,10259,6890.0,6130,2025-05-09 16:49:20.461,,2147483647,963979,False,nan
7372,1123039,1612068943,MERV - XMEV - GGAL - 24hs,6840.0,2025-05-09 16:49:16,3,2025-05-09 16:49:25.395,6840.0,506,6830.0,10163,6820.0,14582,6810.0,1136,6800.0,2098,6850.0,5566,6860.0,17722,6870.0,6198,6880.0,10259,6890.0,6130,2025-05-09 16:49:25.316,,2147483647,963979,False,nan
7373,1123174,1612069118,MERV - XMEV - GGAL - 24hs,6840.0,2025-05-09 16:49:16,3,2025-05-09 16:49:26.507,6840.0,506,6830.0,10263,6820.0,14582,6810.0,2494,6800.0,2098,6850.0,5566,6860.0,17722,6870.0,6198,6880.0,10259,6890.0,6130,2025-05-09 16:49:26.447,,2147483647,963979,False,nan
7374,1123305,1612069283,MERV - XMEV - GGAL - 24hs,6840.0,2025-05-09 16:49:16,3,2025-05-09 16:49:27.538,6840.0,506,6830.0,10263,6820.0,14582,6810.0,3494,6800.0,16098,6850.0,5566,6860.0,17722,6870.0,6198,6880.0,10259,6890.0,6130,2025-05-09 16:49:27.476,,2147483647,963979,False,nan
7375,1123435,1612069461,MERV - XMEV - GGAL - 24hs,6840.0,2025-05-09 16:49:16,3,2025-05-09 16:49:28.918,6840.0,506,6830.0,10263,6820.0,14582,6810.0,2494,6800.0,2098,6850.0,5566,6860.0,17722,6870.0,6198,6880.0,10259,6890.0,6130,2025-05-09 16:49:28.851,,2147483647,963979,False,nan
7376,1123844,1612069975,MERV - XMEV - GGAL - 24hs,6850.0,2025-05-09 16:49:31,2,2025-05-09 16:49:31.911,6840.0,506,6830.0,10263,6820.0,14582,6810.0,2494,6800.0,2098,6850.0,5566,6860.0,17722,6870.0,6198,6880.0,10259,6890.0,6130,2025-05-09 16:49:31.850,,2147483647,963979,True,offer
7377,1123951,1612070116,MERV - XMEV - GGAL - 24hs,6850.0,2025-05-09 16:49:31,2,2025-05-09 16:49:32.663,6840.0,506,6830.0,10263,6820.0,14582,6810.0,2494,6800.0,2098,6850.0,5564,6860.0,17722,6870.0,6198,6880.0,10259,6890.0,6130,2025-05-09 16:49:32.513,,2147483647,963979,False,nan
7378,1124004,1612070181,MERV - XMEV - GGAL - 24hs,6850.0,2025-05-09 16:49:31,2,2025-05-09 16:49:33.073,6840.0,506,6830.0,10263,6820.0,14582,6810.0,2494,6800.0,2098,6850.0,5564,6860.0,17722,6870.0,6198,6880.0,10259,6890.0,6130,2025-05-09 16:49:33.013,,2147483647,963981,False,nan
7379,1124282,1612070535,MERV - XMEV - GGAL - 24hs,6850.0,2025-05-09 16:49:31,2,2025-05-09 16:49:35.592,6840.0,506,6830.0,10263,6820.0,14582,6810.0,3494,6800.0,16098,6850.0,5564,6860.0,17722,6870.0,6198,6880.0,10259,6890.0,6130,2025-05-09 16:49:35.527,,2147483647,963981,False,nan
7380,1124725,1612071082,MERV - XMEV - GGAL - 24hs,6850.0,2025-05-09 16:49:31,2,2025-05-09 16:49:38.941,6840.0,506,6830.0,10263,6820.0,14582,6810.0,2136,6800.0,16098,6850.0,5564,6860.0,17722,6870.0,6198,6880.0,10259,6890.0,6130,2025-05-09 16:49:38.879,,2147483647,963981,False,nan
7381,1124790,1612071173,MERV - XMEV - GGAL - 24hs,6840.0,2025-05-09 16:49:39,5,2025-05-09 16:49:39.444,6840.0,506,6830.0,10263,6820.0,14582,6810.0,2136,6800.0,16098,6850.0,5564,6860.0,17722,6870.0,6198,6880.0,10259,6890.0,6130,2025-05-09 16:49:39.380,,2147483647,963981,True,bid
7382,1124825,1612071213,MERV - XMEV - GGAL - 24hs,6840.0,2025-05-09 16:49:39,5,2025-05-09 16:49:39.944,6840.0,4501,6830.0,6263,6820.0,14582,6810.0,2136,6800.0,16098,6850.0,5564,6860.0,17722,6870.0,6198,6880.0,10259,6890.0,6130,2025-05-09 16:49:39.879,,2147483647,963986,False,nan
7383,1125032,1612071465,MERV - XMEV - GGAL - 24hs,6840.0,2025-05-09 16:49:39,5,2025-05-09 16:49:41.710,6840.0,4501,6830.0,6263,6820.0,14582,6810.0,2136,6800.0,16098,6850.0,5564,6860.0,17722,6870.0,6198,6880.0,10259,6890.0,6180,2025-05-09 16:49:41.649,,2147483647,963986,False,nan
7384,1125781,1612072446,MERV - XMEV - GGAL - 24hs,6840.0,2025-05-09 16:49:39,5,2025-05-09 16:49:48.498,6840.0,4501,6830.0,6263,6820.0,14582,6810.0,2136,6800.0,16098,6850.0,5864,6860.0,17722,6870.0,6198,6880.0,10259,6890.0,6180,2025-05-09 16:49:48.436,,2147483647,963986,False,nan
7385,1125976,1612072704,MERV - XMEV - GGAL - 24hs,6840.0,2025-05-09 16:49:39,5,2025-05-09 16:49:49.911,6840.0,4501,6830.0,6235,6820.0,14582,6810.0,2136,6800.0,16098,6850.0,5864,6860.0,17722,6870.0,6198,6880.0,10259,6890.0,6180,2025-05-09 16:49:49.844,,2147483647,963986,False,nan
7386,1126044,1612072780,MERV - XMEV - GGAL - 24hs,6850.0,2025-05-09 16:49:50,16,2025-05-09 16:49:50.406,6840.0,4501,6830.0,6235,6820.0,14582,6810.0,2136,6800.0,16098,6850.0,5864,6860.0,17722,6870.0,6198,6880.0,10259,6890.0,6180,2025-05-09 16:49:50.343,,2147483647,963986,True,offer
7387,1126124,1612072894,MERV - XMEV - GGAL - 24hs,6850.0,2025-05-09 16:49:50,16,2025-05-09 16:49:51.010,6840.0,4501,6830.0,6235,6820.0,14582,6810.0,2136,6800.0,16098,6850.0,5848,6860.0,17722,6870.0,6198,6880.0,10259,6890.0,6180,2025-05-09 16:49:50.949,,2147483647,963986,False,nan
7388,1126188,1612072975,MERV - XMEV - GGAL - 24hs,6850.0,2025-05-09 16:49:50,16,2025-05-09 16:49:51.519,6840.0,4501,6830.0,6235,6820.0,14582,6810.0,2136,6800.0,16098,6850.0,5848,6860.0,17722,6870.0,6198,6880.0,10259,6890.0,6180,2025-05-09 16:49:51.449,,2147483647,964002,False,nan
7389,1127381,1612074561,MERV - XMEV - GGAL - 24hs,6850.0,2025-05-09 16:49:50,16,2025-05-09 16:50:01.283,6840.0,4501,6830.0,6323,6820.0,14582,6810.0,2136,6800.0,16098,6850.0,5848,6860.0,17722,6870.0,6198,6880.0,10259,6890.0,6180,2025-05-09 16:50:01.222,,2147483647,964002,False,nan
7390,1127627,1612074920,MERV - XMEV - GGAL - 24hs,6840.0,2025-05-09 16:50:04,1,2025-05-09 16:50:04.105,6840.0,4501,6830.0,6323,6820.0,14582,6810.0,2136,6800.0,16098,6850.0,5848,6860.0,17722,6870.0,6198,6880.0,10259,6890.0,6180,2025-05-09 16:50:04.041,,2147483647,964002,True,bid
7391,1127769,1612075097,MERV - XMEV - GGAL - 24hs,6840.0,2025-05-09 16:50:04,311,2025-05-09 16:50:04.719,6840.0,4189,6830.0,6323,6820.0,14582,6810.0,2136,6800.0,16098,6850.0,5848,6860.0,17722,6870.0,6198,6880.0,10259,6890.0,6180,2025-05-09 16:50:04.540,,2147483647,964002,False,nan
7392,1127982,1612075377,MERV - XMEV - GGAL - 24hs,6840.0,2025-05-09 16:50:04,311,2025-05-09 16:50:05.654,6840.0,4189,6830.0,6323,6820.0,14582,6810.0,2136,6800.0,16098,6850.0,5848,6860.0,17722,6870.0,6198,6880.0,10259,6890.0,6180,2025-05-09 16:50:05.041,,2147483647,964314,False,nan
7393,1128622,1612076201,MERV - XMEV - GGAL - 24hs,6840.0,2025-05-09 16:50:04,311,2025-05-09 16:50:09.926,6840.0,4189,6830.0,6323,6820.0,14582,6810.0,2136,6800.0,16126,6850.0,5848,6860.0,17722,6870.0,6198,6880.0,10259,6890.0,6180,2025-05-09 16:50:09.784,,2147483647,964314,False,nan
7394,1129219,1612076994,MERV - XMEV - GGAL - 24hs,6850.0,2025-05-09 16:50:14,6,2025-05-09 16:50:15.016,6840.0,4189,6830.0,6323,6820.0,14582,6810.0,2136,6800.0,16126,6850.0,5848,6860.0,17722,6870.0,6198,6880.0,10259,6890.0,6180,2025-05-09 16:50:14.953,,2147483647,964314,True,offer
7395,1129363,1612077176,MERV - XMEV - GGAL - 24hs,6850.0,2025-05-09 16:50:14,6,2025-05-09 16:50:15.756,6840.0,4189,6830.0,6323,6820.0,14582,6810.0,2136,6800.0,16126,6850.0,5842,6860.0,17722,6870.0,6198,6880.0,10259,6890.0,6180,2025-05-09 16:50:15.622,,2147483647,964314,False,nan
7396,1129408,1612077236,MERV - XMEV - GGAL - 24hs,6850.0,2025-05-09 16:50:14,6,2025-05-09 16:50:16.184,6840.0,4189,6830.0,6323,6820.0,14582,6810.0,2136,6800.0,16126,6850.0,5842,6860.0,17722,6870.0,6198,6880.0,10259,6890.0,6180,2025-05-09 16:50:16.122,,2147483647,964320,False,nan
7397,1129531,1612077391,MERV - XMEV - GGAL - 24hs,6850.0,2025-05-09 16:50:14,6,2025-05-09 16:50:17.545,6840.0,4189,6830.0,6323,6820.0,14582,6810.0,2136,6800.0,16126,6850.0,5842,6860.0,17722,6870.0,6193,6880.0,10256,6890.0,6177,2025-05-09 16:50:17.479,,2147483647,964320,False,nan
7398,1129629,1612077521,MERV - XMEV - GGAL - 24hs,6850.0,2025-05-09 16:50:14,6,2025-05-09 16:50:18.740,6840.0,4239,6830.0,6323,6820.0,14582,6810.0,2136,6800.0,16126,6850.0,5842,6860.0,17722,6870.0,6193,6880.0,10256,6890.0,6177,2025-05-09 16:50:18.678,,2147483647,964320,False,nan
7399,1129745,1612077670,MERV - XMEV - GGAL - 24hs,6850.0,2025-05-09 16:50:14,6,2025-05-09 16:50:20.294,6840.0,4239,6830.0,6323,6820.0,14582,6810.0,1136,6800.0,2126,6850.0,5842,6860.0,17722,6870.0,6193,6880.0,10256,6890.0,6177,2025-05-09 16:50:20.231,,2147483647,964320,False,nan
7400,1130304,1612078367,MERV - XMEV - GGAL - 24hs,6840.0,2025-05-09 16:50:25,15,2025-05-09 16:50:25.631,6840.0,4239,6830.0,6323,6820.0,14582,6810.0,1136,6800.0,2126,6850.0,5842,6860.0,17722,6870.0,6193,6880.0,10256,6890.0,6177,2025-05-09 16:50:25.569,,2147483647,964320,True,bid
7401,1130371,1612078450,MERV - XMEV - GGAL - 24hs,6840.0,2025-05-09 16:50:25,15,2025-05-09 16:50:26.135,6840.0,4224,6830.0,6323,6820.0,14582,6810.0,1136,6800.0,2126,6850.0,5842,6860.0,17722,6870.0,6193,6880.0,10256,6890.0,6177,2025-05-09 16:50:26.069,,2147483647,964320,False,nan
7402,1130421,1612078507,MERV - XMEV - GGAL - 24hs,6840.0,2025-05-09 16:50:25,15,2025-05-09 16:50:26.635,6840.0,4224,6830.0,6323,6820.0,14582,6810.0,1136,6800.0,2126,6850.0,5842,6860.0,17722,6870.0,6193,6880.0,10256,6890.0,6177,2025-05-09 16:50:26.569,,2147483647,964335,False,nan
7403,1130761,1612078923,MERV - XMEV - GGAL - 24hs,6840.0,2025-05-09 16:50:25,15,2025-05-09 16:50:29.543,6840.0,4224,6830.0,6323,6820.0,14582,6810.0,1136,6800.0,2126,6850.0,6262,6860.0,17722,6870.0,6193,6880.0,10256,6890.0,6177,2025-05-09 16:50:29.479,,2147483647,964335,False,nan
7404,1130802,1612078982,MERV - XMEV - GGAL - 24hs,6840.0,2025-05-09 16:50:25,15,2025-05-09 16:50:30.287,6840.0,4224,6830.0,6323,6820.0,14582,6810.0,1136,6800.0,2126,6850.0,6984,6860.0,17000,6870.0,6193,6880.0,10256,6890.0,6177,2025-05-09 16:50:30.222,,2147483647,964335,False,nan
7405,1130894,1612079096,MERV - XMEV - GGAL - 24hs,6840.0,2025-05-09 16:50:30,125,2025-05-09 16:50:30.804,6840.0,4224,6830.0,6323,6820.0,14582,6810.0,1136,6800.0,2126,6850.0,6984,6860.0,17000,6870.0,6193,6880.0,10256,6890.0,6177,2025-05-09 16:50:30.722,,2147483647,965001,True,bid
7406,1130951,1612079175,MERV - XMEV - GGAL - 24hs,6840.0,2025-05-09 16:50:30,125,2025-05-09 16:50:31.283,6840.0,3433,6830.0,6323,6820.0,14582,6810.0,1136,6800.0,2126,6850.0,6984,6860.0,17000,6870.0,6193,6880.0,10256,6890.0,6177,2025-05-09 16:50:31.221,,2147483647,965126,False,nan
7407,1131009,1612079240,MERV - XMEV - GGAL - 24hs,6840.0,2025-05-09 16:50:31,121,2025-05-09 16:50:31.785,6840.0,3433,6830.0,6323,6820.0,14582,6810.0,1136,6800.0,2126,6850.0,6984,6860.0,17000,6870.0,6193,6880.0,10256,6890.0,6177,2025-05-09 16:50:31.722,,2147483647,965126,True,bid
7408,1131101,1612079350,MERV - XMEV - GGAL - 24hs,6840.0,2025-05-09 16:50:31,121,2025-05-09 16:50:32.283,6840.0,3312,6830.0,6323,6820.0,14582,6810.0,1136,6800.0,2714,6850.0,6984,6860.0,7000,6870.0,16193,6880.0,10256,6890.0,6177,2025-05-09 16:50:32.221,,2147483647,965247,False,nan
7409,1131227,1612079511,MERV - XMEV - GGAL - 24hs,6840.0,2025-05-09 16:50:31,121,2025-05-09 16:50:33.306,6840.0,3312,6830.0,6323,6820.0,14582,6810.0,1064,6800.0,2714,6850.0,7984,6860.0,6000,6870.0,16193,6880.0,10256,6890.0,6177,2025-05-09 16:50:33.242,,2147483647,965247,False,nan
7410,1131446,1612079787,MERV - XMEV - GGAL - 24hs,6840.0,2025-05-09 16:50:35,3262,2025-05-09 16:50:35.802,6840.0,3312,6830.0,6323,6820.0,14582,6810.0,1064,6800.0,2714,6850.0,7984,6860.0,6000,6870.0,16193,6880.0,10256,6890.0,6177,2025-05-09 16:50:35.739,,2147483647,965247,True,bid
7411,1131492,1612079842,MERV - XMEV - GGAL - 24hs,6840.0,2025-05-09 16:50:35,3262,2025-05-09 16:50:36.322,6840.0,150,6830.0,6323,6820.0,14582,6810.0,1064,6800.0,2126,6850.0,7984,6860.0,6000,6870.0,16193,6880.0,10256,6890.0,6177,2025-05-09 16:50:36.254,,2147483647,965247,False,nan
7412,1131544,1612079911,MERV - XMEV - GGAL - 24hs,6840.0,2025-05-09 16:50:36,62,2025-05-09 16:50:36.816,6840.0,150,6830.0,6323,6820.0,14582,6810.0,1064,6800.0,2126,6850.0,7984,6860.0,6000,6870.0,16193,6880.0,10256,6890.0,6177,2025-05-09 16:50:36.754,,2147483647,968509,True,bid
7413,1131603,1612079994,MERV - XMEV - GGAL - 24hs,6840.0,2025-05-09 16:50:36,3,2025-05-09 16:50:37.319,6840.0,35,6830.0,6323,6820.0,14582,6810.0,1064,6800.0,2126,6850.0,7984,6860.0,6000,6870.0,16193,6880.0,10256,6890.0,6177,2025-05-09 16:50:37.254,,2147483647,968621,False,nan
7414,1131643,1612080045,MERV - XMEV - GGAL - 24hs,6840.0,2025-05-09 16:50:36,3,2025-05-09 16:50:37.818,6840.0,35,6830.0,6323,6820.0,14582,6810.0,1064,6800.0,2126,6850.0,7984,6860.0,6000,6870.0,16193,6880.0,10256,6890.0,6177,2025-05-09 16:50:37.754,,2147483647,968624,False,nan
7415,1131844,1612080325,MERV - XMEV - GGAL - 24hs,6840.0,2025-05-09 16:50:36,3,2025-05-09 16:50:40.155,6840.0,35,6830.0,6323,6820.0,14582,6810.0,1064,6800.0,2126,6850.0,7984,6860.0,16000,6870.0,6193,6880.0,10256,6890.0,6177,2025-05-09 16:50:39.950,,2147483647,968624,False,nan
7416,1132058,1612080603,MERV - XMEV - GGAL - 24hs,6840.0,2025-05-09 16:50:42,35,2025-05-09 16:50:42.201,6840.0,35,6830.0,6323,6820.0,14582,6810.0,1064,6800.0,2126,6850.0,7984,6860.0,16000,6870.0,6193,6880.0,10256,6890.0,6177,2025-05-09 16:50:42.136,,2147483647,968624,True,bid
7417,1132097,1612080663,MERV - XMEV - GGAL - 24hs,6830.0,2025-05-09 16:50:42,257,2025-05-09 16:50:42.707,6840.0,35,6830.0,6323,6820.0,14582,6810.0,1064,6800.0,2126,6850.0,7984,6860.0,16000,6870.0,6193,6880.0,10256,6890.0,6177,2025-05-09 16:50:42.642,,2147483647,968624,False,nan
7418,1132156,1612080739,MERV - XMEV - GGAL - 24hs,6830.0,2025-05-09 16:50:42,257,2025-05-09 16:50:43.201,6830.0,6141,6820.0,14582,6810.0,1057,6800.0,2126,6790.0,20871,6850.0,7985,6860.0,16000,6870.0,6193,6880.0,10256,6890.0,6177,2025-05-09 16:50:43.136,,2147483647,968916,False,nan
7419,1132583,1612081331,MERV - XMEV - GGAL - 24hs,6850.0,2025-05-09 16:50:46,3,2025-05-09 16:50:46.897,6830.0,6141,6820.0,14582,6810.0,1057,6800.0,2126,6790.0,20871,6850.0,7985,6860.0,16000,6870.0,6193,6880.0,10256,6890.0,6177,2025-05-09 16:50:46.836,,2147483647,968916,True,offer
7420,1132661,1612081446,MERV - XMEV - GGAL - 24hs,6850.0,2025-05-09 16:50:46,3,2025-05-09 16:50:47.596,6830.0,6141,6820.0,14582,6810.0,1057,6800.0,2126,6790.0,20871,6850.0,7982,6860.0,16000,6870.0,6193,6880.0,10256,6890.0,6177,2025-05-09 16:50:47.501,,2147483647,968916,False,nan
7421,1132713,1612081508,MERV - XMEV - GGAL - 24hs,6850.0,2025-05-09 16:50:46,3,2025-05-09 16:50:48.067,6830.0,6141,6820.0,14582,6810.0,1057,6800.0,2126,6790.0,20871,6850.0,7982,6860.0,16000,6870.0,6193,6880.0,10256,6890.0,6177,2025-05-09 16:50:48.001,,2147483647,968919,False,nan
7422,1132961,1612081839,MERV - XMEV - GGAL - 24hs,6850.0,2025-05-09 16:50:46,3,2025-05-09 16:50:50.167,6830.0,6141,6820.0,14582,6810.0,1057,6800.0,2126,6790.0,20871,6850.0,7982,6860.0,16000,6870.0,6193,6880.0,10256,6890.0,6277,2025-05-09 16:50:50.104,,2147483647,968919,False,nan
7423,1133397,1612082425,MERV - XMEV - GGAL - 24hs,6850.0,2025-05-09 16:50:54,2,2025-05-09 16:50:54.883,6830.0,6141,6820.0,14582,6810.0,1057,6800.0,2126,6790.0,20871,6850.0,7982,6860.0,16000,6870.0,6193,6880.0,10256,6890.0,6277,2025-05-09 16:50:54.820,,2147483647,968919,True,offer
7424,1133451,1612082490,MERV - XMEV - GGAL - 24hs,6850.0,2025-05-09 16:50:54,2,2025-05-09 16:50:55.984,6830.0,6141,6820.0,14582,6810.0,1057,6800.0,2126,6790.0,20871,6850.0,7980,6860.0,16000,6870.0,6193,6880.0,10256,6890.0,6277,2025-05-09 16:50:55.888,,2147483647,968919,False,nan
7425,1133493,1612082545,MERV - XMEV - GGAL - 24hs,6850.0,2025-05-09 16:50:54,2,2025-05-09 16:50:56.163,6830.0,6141,6820.0,14582,6810.0,1057,6800.0,2126,6790.0,20871,6850.0,7980,6860.0,16000,6870.0,6193,6880.0,10256,6890.0,6277,2025-05-09 16:50:55.996,,2147483647,968921,False,nan
7426,1133804,1612082953,MERV - XMEV - GGAL - 24hs,6850.0,2025-05-09 16:50:58,2,2025-05-09 16:50:58.980,6830.0,6141,6820.0,14582,6810.0,1057,6800.0,2126,6790.0,20871,6850.0,7980,6860.0,16000,6870.0,6193,6880.0,10256,6890.0,6277,2025-05-09 16:50:58.916,,2147483647,968921,True,offer
7427,1133834,1612082990,MERV - XMEV - GGAL - 24hs,6850.0,2025-05-09 16:50:58,2,2025-05-09 16:50:59.479,6830.0,6141,6820.0,14582,6810.0,1057,6800.0,2126,6790.0,20871,6850.0,8018,6860.0,16000,6870.0,6193,6880.0,10256,6890.0,6277,2025-05-09 16:50:59.416,,2147483647,968921,False,nan
7428,1133861,1612083027,MERV - XMEV - GGAL - 24hs,6850.0,2025-05-09 16:50:58,2,2025-05-09 16:50:59.980,6830.0,6141,6820.0,14582,6810.0,1057,6800.0,2126,6790.0,20871,6850.0,8018,6860.0,16000,6870.0,6193,6880.0,10256,6890.0,6277,2025-05-09 16:50:59.916,,2147483647,968923,False,nan
7429,1133881,1612083053,MERV - XMEV - GGAL - 24hs,6850.0,2025-05-09 16:51:00,2,2025-05-09 16:51:00.479,6830.0,6141,6820.0,14582,6810.0,1057,6800.0,2126,6790.0,20871,6850.0,8018,6860.0,16000,6870.0,6193,6880.0,10256,6890.0,6277,2025-05-09 16:51:00.416,,2147483647,968923,True,offer
7430,1133920,1612083104,MERV - XMEV - GGAL - 24hs,6850.0,2025-05-09 16:51:00,2,2025-05-09 16:51:01.023,6830.0,6141,6820.0,14582,6810.0,1057,6800.0,2126,6790.0,20871,6850.0,8016,6860.0,16000,6870.0,6193,6880.0,10256,6890.0,6277,2025-05-09 16:51:00.960,,2147483647,968923,False,nan
7431,1133958,1612083149,MERV - XMEV - GGAL - 24hs,6850.0,2025-05-09 16:51:00,2,2025-05-09 16:51:01.518,6830.0,6141,6820.0,14582,6810.0,1057,6800.0,2126,6790.0,20871,6850.0,8016,6860.0,16000,6870.0,6193,6880.0,10256,6890.0,6277,2025-05-09 16:51:01.455,,2147483647,968925,False,nan
7432,1134318,1612083598,MERV - XMEV - GGAL - 24hs,6830.0,2025-05-09 16:51:03,91,2025-05-09 16:51:03.962,6830.0,6141,6820.0,14582,6810.0,1057,6800.0,2126,6790.0,20871,6850.0,8016,6860.0,16000,6870.0,6193,6880.0,10256,6890.0,6277,2025-05-09 16:51:03.899,,2147483647,968925,True,bid
7433,1134418,1612083724,MERV - XMEV - GGAL - 24hs,6830.0,2025-05-09 16:51:03,91,2025-05-09 16:51:04.461,6830.0,6050,6820.0,14582,6810.0,1057,6800.0,2126,6790.0,20871,6850.0,8046,6860.0,16000,6870.0,6163,6880.0,10256,6890.0,6277,2025-05-09 16:51:04.398,,2147483647,968925,False,nan
7434,1134474,1612083785,MERV - XMEV - GGAL - 24hs,6830.0,2025-05-09 16:51:03,91,2025-05-09 16:51:04.961,6830.0,6050,6820.0,14582,6810.0,1057,6800.0,2126,6790.0,20871,6850.0,8046,6860.0,16000,6870.0,6163,6880.0,10256,6890.0,6277,2025-05-09 16:51:04.899,,2147483647,969016,False,nan
7435,1134549,1612083865,MERV - XMEV - GGAL - 24hs,6830.0,2025-05-09 16:51:03,91,2025-05-09 16:51:05.479,6830.0,6050,6820.0,14582,6810.0,1057,6800.0,2126,6790.0,20871,6850.0,8046,6860.0,6000,6870.0,16163,6880.0,10256,6890.0,6277,2025-05-09 16:51:05.399,,2147483647,969016,False,nan
7436,1134888,1612084342,MERV - XMEV - GGAL - 24hs,6830.0,2025-05-09 16:51:03,91,2025-05-09 16:51:08.452,6830.0,6046,6820.0,14582,6810.0,1057,6800.0,2126,6790.0,20871,6850.0,8046,6860.0,6000,6870.0,16163,6880.0,10256,6890.0,6277,2025-05-09 16:51:08.388,,2147483647,969016,False,nan
7437,1134960,1612084434,MERV - XMEV - GGAL - 24hs,6830.0,2025-05-09 16:51:08,39,2025-05-09 16:51:08.962,6830.0,6046,6820.0,14582,6810.0,1057,6800.0,2126,6790.0,20871,6850.0,8046,6860.0,6000,6870.0,16163,6880.0,10256,6890.0,6277,2025-05-09 16:51:08.900,,2147483647,969016,True,bid
7438,1135021,1612084511,MERV - XMEV - GGAL - 24hs,6850.0,2025-05-09 16:51:08,1000,2025-05-09 16:51:09.461,6830.0,6046,6820.0,14582,6810.0,1057,6800.0,2126,6790.0,20871,6850.0,8046,6860.0,6000,6870.0,16163,6880.0,10256,6890.0,6277,2025-05-09 16:51:09.399,,2147483647,969055,False,nan
7439,1135076,1612084585,MERV - XMEV - GGAL - 24hs,6850.0,2025-05-09 16:51:08,1000,2025-05-09 16:51:09.962,6830.0,6007,6820.0,14582,6810.0,1057,6800.0,2126,6790.0,20871,6850.0,7046,6860.0,6000,6870.0,16163,6880.0,10256,6890.0,6277,2025-05-09 16:51:09.900,,2147483647,970055,False,nan
7440,1135201,1612084748,MERV - XMEV - GGAL - 24hs,6850.0,2025-05-09 16:51:08,1000,2025-05-09 16:51:11.573,6830.0,6003,6820.0,14582,6810.0,1057,6800.0,2126,6790.0,20871,6850.0,7046,6860.0,6000,6870.0,16163,6880.0,10256,6890.0,6277,2025-05-09 16:51:11.511,,2147483647,970055,False,nan
7441,1135283,1612084852,MERV - XMEV - GGAL - 24hs,6850.0,2025-05-09 16:51:08,1000,2025-05-09 16:51:12.725,6840.0,500,6830.0,5928,6820.0,14582,6810.0,1057,6800.0,2574,6850.0,7045,6860.0,6000,6870.0,16163,6880.0,10256,6890.0,6278,2025-05-09 16:51:12.664,,2147483647,970055,False,nan
7442,1135365,1612084951,MERV - XMEV - GGAL - 24hs,6840.0,2025-05-09 16:51:12,125,2025-05-09 16:51:13.292,6840.0,500,6830.0,5928,6820.0,14582,6810.0,1057,6800.0,2574,6850.0,7045,6860.0,6000,6870.0,16163,6880.0,10256,6890.0,6278,2025-05-09 16:51:13.164,,2147483647,970055,True,bid
7443,1135407,1612085011,MERV - XMEV - GGAL - 24hs,6840.0,2025-05-09 16:51:12,125,2025-05-09 16:51:13.730,6840.0,375,6830.0,5928,6820.0,14582,6810.0,1057,6800.0,2574,6850.0,7045,6860.0,6000,6870.0,16163,6880.0,10256,6890.0,6278,2025-05-09 16:51:13.669,,2147483647,970180,False,nan
7444,1135486,1612085110,MERV - XMEV - GGAL - 24hs,6840.0,2025-05-09 16:51:12,125,2025-05-09 16:51:14.623,6840.0,375,6830.0,5928,6820.0,14582,6810.0,1057,6800.0,2427,6850.0,7045,6860.0,6000,6870.0,16163,6880.0,10256,6890.0,6278,2025-05-09 16:51:14.556,,2147483647,970180,False,nan
7445,1135822,1612085560,MERV - XMEV - GGAL - 24hs,6840.0,2025-05-09 16:51:18,19,2025-05-09 16:51:19.021,6840.0,375,6830.0,5928,6820.0,14582,6810.0,1057,6800.0,2427,6850.0,7045,6860.0,6000,6870.0,16163,6880.0,10256,6890.0,6278,2025-05-09 16:51:18.958,,2147483647,970180,True,bid
7446,1135912,1612085662,MERV - XMEV - GGAL - 24hs,6840.0,2025-05-09 16:51:18,19,2025-05-09 16:51:19.691,6840.0,356,6830.0,5928,6820.0,14582,6810.0,1057,6800.0,2033,6850.0,7045,6860.0,6000,6870.0,16163,6880.0,10256,6890.0,6278,2025-05-09 16:51:19.626,,2147483647,970180,False,nan
7447,1135953,1612085711,MERV - XMEV - GGAL - 24hs,6840.0,2025-05-09 16:51:18,19,2025-05-09 16:51:20.194,6840.0,356,6830.0,5928,6820.0,14582,6810.0,1057,6800.0,2033,6850.0,7045,6860.0,6000,6870.0,16163,6880.0,10256,6890.0,6278,2025-05-09 16:51:20.127,,2147483647,970199,False,nan
7448,1135979,1612085747,MERV - XMEV - GGAL - 24hs,6840.0,2025-05-09 16:51:18,19,2025-05-09 16:51:20.714,6840.0,356,6830.0,5928,6820.0,14582,6810.0,1057,6800.0,2327,6850.0,7045,6860.0,6000,6870.0,16163,6880.0,10256,6890.0,6278,2025-05-09 16:51:20.652,,2147483647,970199,False,nan
7449,1136119,1612085933,MERV - XMEV - GGAL - 24hs,6850.0,2025-05-09 16:51:22,14,2025-05-09 16:51:22.465,6840.0,356,6830.0,5928,6820.0,14582,6810.0,1057,6800.0,2327,6850.0,7045,6860.0,6000,6870.0,16163,6880.0,10256,6890.0,6278,2025-05-09 16:51:22.403,,2147483647,970199,True,offer
7450,1136158,1612085988,MERV - XMEV - GGAL - 24hs,6850.0,2025-05-09 16:51:22,14,2025-05-09 16:51:23.130,6840.0,356,6830.0,5928,6820.0,14582,6810.0,1057,6800.0,2327,6850.0,7031,6860.0,6000,6870.0,16163,6880.0,10256,6890.0,6278,2025-05-09 16:51:23.069,,2147483647,970199,False,nan
7451,1136190,1612086026,MERV - XMEV - GGAL - 24hs,6850.0,2025-05-09 16:51:22,14,2025-05-09 16:51:23.640,6840.0,356,6830.0,5928,6820.0,14582,6810.0,1057,6800.0,2327,6850.0,7031,6860.0,6000,6870.0,16163,6880.0,10256,6890.0,6278,2025-05-09 16:51:23.579,,2147483647,970213,False,nan
7452,1136556,1612086492,MERV - XMEV - GGAL - 24hs,6850.0,2025-05-09 16:51:22,14,2025-05-09 16:51:28.591,6840.0,356,6830.0,5924,6820.0,14582,6810.0,1057,6800.0,2327,6850.0,7031,6860.0,6000,6870.0,16163,6880.0,10256,6890.0,6278,2025-05-09 16:51:28.522,,2147483647,970213,False,nan
7453,1136848,1612086865,MERV - XMEV - GGAL - 24hs,6850.0,2025-05-09 16:51:32,1,2025-05-09 16:51:32.678,6840.0,356,6830.0,5924,6820.0,14582,6810.0,1057,6800.0,2327,6850.0,7031,6860.0,6000,6870.0,16163,6880.0,10256,6890.0,6278,2025-05-09 16:51:32.616,,2147483647,970213,True,offer
7454,1136894,1612086929,MERV - XMEV - GGAL - 24hs,6850.0,2025-05-09 16:51:32,1,2025-05-09 16:51:33.530,6840.0,356,6830.0,5924,6820.0,14582,6810.0,1057,6800.0,2327,6850.0,6030,6860.0,7000,6870.0,16163,6880.0,10256,6890.0,6640,2025-05-09 16:51:33.380,,2147483647,970213,False,nan
7455,1136930,1612086977,MERV - XMEV - GGAL - 24hs,6840.0,2025-05-09 16:51:33,356,2025-05-09 16:51:33.861,6840.0,356,6830.0,5924,6820.0,14582,6810.0,1057,6800.0,2327,6850.0,6030,6860.0,7000,6870.0,16163,6880.0,10256,6890.0,6640,2025-05-09 16:51:33.799,,2147483647,970214,True,bid
7456,1136994,1612087061,MERV - XMEV - GGAL - 24hs,6840.0,2025-05-09 16:51:33,356,2025-05-09 16:51:34.379,6830.0,5924,6820.0,14582,6810.0,1057,6800.0,2033,6790.0,20723,6840.0,4417,6850.0,6030,6860.0,7000,6870.0,16163,6880.0,10256,2025-05-09 16:51:34.299,,2147483647,970570,False,nan
7457,1138771,1612089376,MERV - XMEV - GGAL - 24hs,6840.0,2025-05-09 16:51:33,356,2025-05-09 16:51:54.855,6830.0,5924,6820.0,14582,6810.0,1057,6800.0,2033,6790.0,20282,6840.0,4417,6850.0,6030,6860.0,7000,6870.0,16163,6880.0,10256,2025-05-09 16:51:54.487,,2147483647,970570,False,nan
7458,1138952,1612089601,MERV - XMEV - GGAL - 24hs,6840.0,2025-05-09 16:51:33,356,2025-05-09 16:51:55.712,6830.0,5924,6820.0,14582,6810.0,1057,6800.0,2033,6790.0,20723,6840.0,4417,6850.0,6030,6860.0,7000,6870.0,16163,6880.0,10256,2025-05-09 16:51:55.635,,2147483647,970570,False,nan
7459,1139026,1612089698,MERV - XMEV - GGAL - 24hs,6840.0,2025-05-09 16:51:33,356,2025-05-09 16:51:56.424,6830.0,5924,6820.0,14582,6810.0,2139,6800.0,2033,6790.0,20723,6840.0,4417,6850.0,6030,6860.0,7000,6870.0,16163,6880.0,10256,2025-05-09 16:51:56.356,,2147483647,970570,False,nan
7460,1139131,1612089842,MERV - XMEV - GGAL - 24hs,6840.0,2025-05-09 16:51:57,1,2025-05-09 16:51:57.386,6830.0,5924,6820.0,14582,6810.0,2139,6800.0,2033,6790.0,20723,6840.0,4417,6850.0,6030,6860.0,7000,6870.0,16163,6880.0,10256,2025-05-09 16:51:57.270,,2147483647,970570,True,offer
7461,1139164,1612089889,MERV - XMEV - GGAL - 24hs,6840.0,2025-05-09 16:51:57,1,2025-05-09 16:51:57.985,6830.0,5924,6820.0,14582,6810.0,2139,6800.0,2033,6790.0,20723,6840.0,4416,6850.0,6030,6860.0,7000,6870.0,16163,6880.0,10256,2025-05-09 16:51:57.922,,2147483647,970570,False,nan
7462,1139182,1612089913,MERV - XMEV - GGAL - 24hs,6840.0,2025-05-09 16:51:57,1,2025-05-09 16:51:58.484,6830.0,5924,6820.0,14582,6810.0,2139,6800.0,2033,6790.0,20723,6840.0,4416,6850.0,6030,6860.0,7000,6870.0,16163,6880.0,10256,2025-05-09 16:51:58.423,,2147483647,970571,False,nan
7463,1139591,1612090446,MERV - XMEV - GGAL - 24hs,6840.0,2025-05-09 16:51:57,1,2025-05-09 16:52:03.449,6830.0,5924,6820.0,14582,6810.0,2139,6800.0,1033,6790.0,6282,6840.0,6416,6850.0,14112,6860.0,5000,6870.0,6163,6880.0,10256,2025-05-09 16:52:03.386,,2147483647,970571,False,nan
7464,1139652,1612090524,MERV - XMEV - GGAL - 24hs,6830.0,2025-05-09 16:52:03,901,2025-05-09 16:52:04.030,6830.0,5924,6820.0,14582,6810.0,2139,6800.0,1033,6790.0,6282,6840.0,6416,6850.0,14112,6860.0,5000,6870.0,6163,6880.0,10256,2025-05-09 16:52:03.964,,2147483647,970571,True,bid
7465,1139725,1612090642,MERV - XMEV - GGAL - 24hs,6830.0,2025-05-09 16:52:03,901,2025-05-09 16:52:04.556,6830.0,5023,6820.0,14582,6810.0,2139,6800.0,1033,6790.0,6282,6840.0,6416,6850.0,14112,6860.0,5000,6870.0,6163,6880.0,10256,2025-05-09 16:52:04.464,,2147483647,970571,False,nan
7466,1139783,1612090721,MERV - XMEV - GGAL - 24hs,6830.0,2025-05-09 16:52:03,901,2025-05-09 16:52:05.027,6830.0,5023,6820.0,14582,6810.0,2139,6800.0,1033,6790.0,6282,6840.0,6416,6850.0,14112,6860.0,5000,6870.0,6163,6880.0,10256,2025-05-09 16:52:04.964,,2147483647,971472,False,nan
7467,1139935,1612090909,MERV - XMEV - GGAL - 24hs,6840.0,2025-05-09 16:52:06,14,2025-05-09 16:52:06.325,6830.0,5023,6820.0,14582,6810.0,2139,6800.0,1033,6790.0,6282,6840.0,6416,6850.0,14112,6860.0,5000,6870.0,6163,6880.0,10256,2025-05-09 16:52:06.257,,2147483647,971472,True,offer
7468,1140001,1612090991,MERV - XMEV - GGAL - 24hs,6840.0,2025-05-09 16:52:06,14,2025-05-09 16:52:06.993,6830.0,5023,6820.0,14582,6810.0,2139,6800.0,1033,6790.0,6282,6840.0,6402,6850.0,14112,6860.0,5000,6870.0,6163,6880.0,10256,2025-05-09 16:52:06.926,,2147483647,971472,False,nan
7469,1140046,1612091047,MERV - XMEV - GGAL - 24hs,6840.0,2025-05-09 16:52:06,14,2025-05-09 16:52:07.488,6830.0,5023,6820.0,14582,6810.0,2139,6800.0,1033,6790.0,6282,6840.0,6402,6850.0,14112,6860.0,5000,6870.0,6163,6880.0,10256,2025-05-09 16:52:07.426,,2147483647,971486,False,nan
7470,1140548,1612091713,MERV - XMEV - GGAL - 24hs,6840.0,2025-05-09 16:52:06,14,2025-05-09 16:52:11.798,6830.0,5023,6820.0,14582,6810.0,2139,6800.0,1033,6790.0,6282,6840.0,6402,6850.0,14112,6860.0,5000,6870.0,6163,6880.0,10424,2025-05-09 16:52:11.716,,2147483647,971486,False,nan
7471,1140887,1612092156,MERV - XMEV - GGAL - 24hs,6840.0,2025-05-09 16:52:06,14,2025-05-09 16:52:14.268,6830.0,5023,6820.0,14582,6810.0,2139,6800.0,1033,6790.0,6723,6840.0,6402,6850.0,14112,6860.0,5000,6870.0,6163,6880.0,10424,2025-05-09 16:52:14.206,,2147483647,971486,False,nan
7472,1140976,1612092261,MERV - XMEV - GGAL - 24hs,6840.0,2025-05-09 16:52:14,12,2025-05-09 16:52:14.790,6830.0,5023,6820.0,14582,6810.0,2139,6800.0,1033,6790.0,6723,6840.0,6402,6850.0,14112,6860.0,5000,6870.0,6163,6880.0,10424,2025-05-09 16:52:14.708,,2147483647,971486,True,offer
7473,1141070,1612092389,MERV - XMEV - GGAL - 24hs,6840.0,2025-05-09 16:52:14,12,2025-05-09 16:52:15.280,6830.0,5023,6820.0,14582,6810.0,2139,6800.0,1033,6790.0,5282,6840.0,6390,6850.0,14112,6860.0,5000,6870.0,6163,6880.0,10424,2025-05-09 16:52:15.209,,2147483647,971498,False,nan
7474,1141152,1612092496,MERV - XMEV - GGAL - 24hs,6840.0,2025-05-09 16:52:14,12,2025-05-09 16:52:15.791,6830.0,5023,6820.0,14582,6810.0,2139,6800.0,1033,6790.0,5723,6840.0,6390,6850.0,14112,6860.0,5000,6870.0,6163,6880.0,10424,2025-05-09 16:52:15.726,,2147483647,971498,False,nan
7475,1141433,1612092930,MERV - XMEV - GGAL - 24hs,6840.0,2025-05-09 16:52:14,12,2025-05-09 16:52:17.559,6830.0,5123,6820.0,14582,6810.0,2139,6800.0,1033,6790.0,5282,6840.0,6390,6850.0,14112,6860.0,5000,6870.0,6163,6880.0,10424,2025-05-09 16:52:17.407,,2147483647,971498,False,nan
7476,1141607,1612093164,MERV - XMEV - GGAL - 24hs,6840.0,2025-05-09 16:52:14,12,2025-05-09 16:52:18.436,6830.0,5123,6820.0,14582,6810.0,2139,6800.0,1033,6790.0,5723,6840.0,6390,6850.0,14112,6860.0,5000,6870.0,6163,6880.0,10424,2025-05-09 16:52:18.362,,2147483647,971498,False,nan
7477,1142001,1612093660,MERV - XMEV - GGAL - 24hs,6840.0,2025-05-09 16:52:14,12,2025-05-09 16:52:20.070,6830.0,5123,6820.0,14582,6810.0,2139,6800.0,1033,6790.0,5282,6840.0,6390,6850.0,14112,6860.0,5000,6870.0,6163,6880.0,10424,2025-05-09 16:52:19.986,,2147483647,971498,False,nan
7478,1142284,1612094068,MERV - XMEV - GGAL - 24hs,6830.0,2025-05-09 16:52:20,1245,2025-05-09 16:52:21.302,6830.0,5123,6820.0,14582,6810.0,2139,6800.0,1033,6790.0,5282,6840.0,6390,6850.0,14112,6860.0,5000,6870.0,6163,6880.0,10424,2025-05-09 16:52:20.875,,2147483647,971498,True,bid
7479,1142337,1612094141,MERV - XMEV - GGAL - 24hs,6830.0,2025-05-09 16:52:20,3000,2025-05-09 16:52:21.528,6830.0,858,6820.0,14582,6810.0,2139,6800.0,1474,6790.0,5282,6840.0,6390,6850.0,14112,6860.0,5000,6870.0,6163,6880.0,10424,2025-05-09 16:52:21.376,,2147483647,971498,False,nan
7480,1142407,1612094243,MERV - XMEV - GGAL - 24hs,6830.0,2025-05-09 16:52:20,3000,2025-05-09 16:52:21.955,6830.0,858,6820.0,14582,6810.0,2139,6800.0,1474,6790.0,5282,6840.0,6390,6850.0,14112,6860.0,5000,6870.0,6163,6880.0,10424,2025-05-09 16:52:21.876,,2147483647,975763,False,nan
7481,1142457,1612094322,MERV - XMEV - GGAL - 24hs,6830.0,2025-05-09 16:52:20,3000,2025-05-09 16:52:22.437,6830.0,858,6820.0,14582,6810.0,2139,6800.0,1033,6790.0,5282,6840.0,6390,6850.0,14112,6860.0,5000,6870.0,6163,6880.0,10424,2025-05-09 16:52:22.375,,2147483647,975763,False,nan
7482,1142659,1612094588,MERV - XMEV - GGAL - 24hs,6830.0,2025-05-09 16:52:20,3000,2025-05-09 16:52:24.271,6830.0,858,6820.0,14582,6810.0,2139,6800.0,1033,6790.0,5723,6840.0,6390,6850.0,14112,6860.0,5000,6870.0,6163,6880.0,10424,2025-05-09 16:52:24.210,,2147483647,975763,False,nan
7483,1142932,1612094969,MERV - XMEV - GGAL - 24hs,6830.0,2025-05-09 16:52:20,3000,2025-05-09 16:52:26.877,6830.0,773,6820.0,14582,6810.0,2139,6800.0,1033,6790.0,5723,6840.0,6390,6850.0,14112,6860.0,5000,6870.0,6163,6880.0,10424,2025-05-09 16:52:26.815,,2147483647,975763,False,nan
7484,1143103,1612095209,MERV - XMEV - GGAL - 24hs,6830.0,2025-05-09 16:52:20,3000,2025-05-09 16:52:28.424,6830.0,773,6820.0,14582,6810.0,2139,6800.0,1033,6790.0,5723,6840.0,6400,6850.0,14112,6860.0,5000,6870.0,6163,6880.0,10424,2025-05-09 16:52:28.340,,2147483647,975763,False,nan
7485,1143256,1612095401,MERV - XMEV - GGAL - 24hs,6830.0,2025-05-09 16:52:20,3000,2025-05-09 16:52:29.507,6830.0,773,6820.0,14582,6810.0,2139,6800.0,1033,6790.0,5282,6840.0,6400,6850.0,14112,6860.0,5000,6870.0,6163,6880.0,10424,2025-05-09 16:52:29.424,,2147483647,975763,False,nan
7486,1143336,1612095518,MERV - XMEV - GGAL - 24hs,6830.0,2025-05-09 16:52:29,127,2025-05-09 16:52:29.991,6830.0,773,6820.0,14582,6810.0,2139,6800.0,1033,6790.0,5282,6840.0,6400,6850.0,14112,6860.0,5000,6870.0,6163,6880.0,10424,2025-05-09 16:52:29.925,,2147483647,975763,True,bid
7487,1143435,1612095668,MERV - XMEV - GGAL - 24hs,6830.0,2025-05-09 16:52:29,127,2025-05-09 16:52:30.574,6830.0,639,6820.0,14582,6810.0,2139,6800.0,1033,6790.0,5282,6840.0,6400,6850.0,14112,6860.0,5000,6870.0,6163,6880.0,10424,2025-05-09 16:52:30.425,,2147483647,975897,False,nan
7488,1143589,1612095874,MERV - XMEV - GGAL - 24hs,6830.0,2025-05-09 16:52:31,3,2025-05-09 16:52:31.791,6830.0,639,6820.0,14582,6810.0,2139,6800.0,1033,6790.0,5282,6840.0,6400,6850.0,14112,6860.0,5000,6870.0,6163,6880.0,10424,2025-05-09 16:52:31.689,,2147483647,975897,True,bid
7489,1143689,1612096002,MERV - XMEV - GGAL - 24hs,6830.0,2025-05-09 16:52:31,3,2025-05-09 16:52:32.425,6830.0,636,6820.0,14582,6810.0,2139,6800.0,1033,6790.0,5282,6840.0,6400,6850.0,14112,6860.0,5000,6870.0,6163,6880.0,10424,2025-05-09 16:52:32.363,,2147483647,975897,False,nan
7490,1143754,1612096090,MERV - XMEV - GGAL - 24hs,6830.0,2025-05-09 16:52:31,3,2025-05-09 16:52:32.930,6830.0,636,6820.0,14582,6810.0,2139,6800.0,1033,6790.0,5282,6840.0,6400,6850.0,14112,6860.0,5000,6870.0,6163,6880.0,10424,2025-05-09 16:52:32.864,,2147483647,975900,False,nan
7491,1144033,1612096454,MERV - XMEV - GGAL - 24hs,6840.0,2025-05-09 16:52:34,730,2025-05-09 16:52:35.023,6830.0,636,6820.0,14582,6810.0,2139,6800.0,1033,6790.0,5282,6840.0,6400,6850.0,14112,6860.0,5000,6870.0,6163,6880.0,10424,2025-05-09 16:52:34.961,,2147483647,975900,True,offer
7492,1144100,1612096535,MERV - XMEV - GGAL - 24hs,6840.0,2025-05-09 16:52:34,730,2025-05-09 16:52:35.699,6830.0,636,6820.0,14582,6810.0,2139,6800.0,1033,6790.0,5282,6840.0,5670,6850.0,14112,6860.0,5000,6870.0,6163,6880.0,10424,2025-05-09 16:52:35.627,,2147483647,975900,False,nan
7493,1144145,1612096597,MERV - XMEV - GGAL - 24hs,6840.0,2025-05-09 16:52:34,730,2025-05-09 16:52:36.199,6830.0,636,6820.0,14582,6810.0,2139,6800.0,1033,6790.0,5282,6840.0,5670,6850.0,14112,6860.0,5000,6870.0,6163,6880.0,10424,2025-05-09 16:52:36.127,,2147483647,976630,False,nan
7494,1144234,1612096738,MERV - XMEV - GGAL - 24hs,6840.0,2025-05-09 16:52:34,730,2025-05-09 16:52:37.344,6830.0,1136,6820.0,14582,6810.0,2139,6800.0,1033,6790.0,5282,6840.0,5670,6850.0,14112,6860.0,5000,6870.0,6163,6880.0,10424,2025-05-09 16:52:37.281,,2147483647,976630,False,nan
7495,1144302,1612096839,MERV - XMEV - GGAL - 24hs,6830.0,2025-05-09 16:52:37,33,2025-05-09 16:52:38.083,6830.0,1136,6820.0,14582,6810.0,2139,6800.0,1033,6790.0,5282,6840.0,5670,6850.0,14112,6860.0,5000,6870.0,6163,6880.0,10424,2025-05-09 16:52:38.020,,2147483647,976630,True,bid
7496,1144366,1612096939,MERV - XMEV - GGAL - 24hs,6830.0,2025-05-09 16:52:37,33,2025-05-09 16:52:38.584,6830.0,1103,6820.0,14582,6810.0,2139,6800.0,1033,6790.0,5282,6840.0,5670,6850.0,14112,6860.0,5000,6870.0,6163,6880.0,10424,2025-05-09 16:52:38.521,,2147483647,976630,False,nan
7497,1144451,1612097042,MERV - XMEV - GGAL - 24hs,6830.0,2025-05-09 16:52:37,33,2025-05-09 16:52:39.095,6830.0,1103,6820.0,14582,6810.0,2139,6800.0,1033,6790.0,5282,6840.0,5670,6850.0,14112,6860.0,5000,6870.0,6163,6880.0,10424,2025-05-09 16:52:39.021,,2147483647,976663,False,nan
7498,1144759,1612097486,MERV - XMEV - GGAL - 24hs,6840.0,2025-05-09 16:52:43,4,2025-05-09 16:52:43.222,6830.0,1103,6820.0,14582,6810.0,2139,6800.0,1033,6790.0,5282,6840.0,5670,6850.0,14112,6860.0,5000,6870.0,6163,6880.0,10424,2025-05-09 16:52:43.159,,2147483647,976663,True,offer
7499,1144824,1612097567,MERV - XMEV - GGAL - 24hs,6840.0,2025-05-09 16:52:43,4,2025-05-09 16:52:43.895,6830.0,1103,6820.0,14582,6810.0,2139,6800.0,1033,6790.0,5429,6840.0,5666,6850.0,14112,6860.0,5000,6870.0,6163,6880.0,10424,2025-05-09 16:52:43.823,,2147483647,976663,False,nan
7500,1144893,1612097666,MERV - XMEV - GGAL - 24hs,6840.0,2025-05-09 16:52:43,4,2025-05-09 16:52:44.388,6830.0,1103,6820.0,14582,6810.0,2139,6800.0,1033,6790.0,5429,6840.0,5666,6850.0,14112,6860.0,5000,6870.0,6163,6880.0,10424,2025-05-09 16:52:44.323,,2147483647,976667,False,nan
7501,1145129,1612097965,MERV - XMEV - GGAL - 24hs,6840.0,2025-05-09 16:52:43,4,2025-05-09 16:52:46.534,6830.0,1103,6820.0,14582,6810.0,2139,6800.0,1033,6790.0,5282,6840.0,5666,6850.0,14112,6860.0,5000,6870.0,6163,6880.0,10424,2025-05-09 16:52:46.427,,2147483647,976667,False,nan
7502,1145210,1612098073,MERV - XMEV - GGAL - 24hs,6840.0,2025-05-09 16:52:43,4,2025-05-09 16:52:47.421,6830.0,1103,6820.0,14582,6810.0,2139,6800.0,1033,6790.0,5429,6840.0,5666,6850.0,14112,6860.0,5000,6870.0,6163,6880.0,10424,2025-05-09 16:52:47.346,,2147483647,976667,False,nan
7503,1145485,1612098450,MERV - XMEV - GGAL - 24hs,6830.0,2025-05-09 16:52:49,64,2025-05-09 16:52:49.913,6830.0,1103,6820.0,14582,6810.0,2139,6800.0,1033,6790.0,5429,6840.0,5666,6850.0,14112,6860.0,5000,6870.0,6163,6880.0,10424,2025-05-09 16:52:49.610,,2147483647,976667,True,bid
7504,1145570,1612098550,MERV - XMEV - GGAL - 24hs,6830.0,2025-05-09 16:52:49,161,2025-05-09 16:52:50.220,6830.0,1103,6820.0,14582,6810.0,2139,6800.0,1033,6790.0,5429,6840.0,5666,6850.0,14112,6860.0,5000,6870.0,6163,6880.0,10424,2025-05-09 16:52:49.927,,2147483647,976667,False,nan
7505,1145633,1612098646,MERV - XMEV - GGAL - 24hs,6830.0,2025-05-09 16:52:49,161,2025-05-09 16:52:50.539,6830.0,340,6820.0,14582,6810.0,2139,6800.0,1033,6790.0,5429,6840.0,5666,6850.0,14112,6860.0,5000,6870.0,6163,6880.0,10424,2025-05-09 16:52:50.420,,2147483647,977431,False,nan
7506,1145669,1612098707,MERV - XMEV - GGAL - 24hs,6830.0,2025-05-09 16:52:49,161,2025-05-09 16:52:51.000,6830.0,435,6820.0,14582,6810.0,2139,6800.0,1033,6790.0,5429,6840.0,5666,6850.0,14112,6860.0,5000,6870.0,6163,6880.0,10424,2025-05-09 16:52:50.920,,2147483647,977431,False,nan
7507,1145740,1612098800,MERV - XMEV - GGAL - 24hs,6830.0,2025-05-09 16:52:49,161,2025-05-09 16:52:51.499,6830.0,435,6820.0,14582,6810.0,2139,6800.0,1033,6790.0,5429,6840.0,10666,6850.0,14112,6860.0,5000,6870.0,6163,6880.0,10424,2025-05-09 16:52:51.421,,2147483647,977431,False,nan
7508,1145780,1612098874,MERV - XMEV - GGAL - 24hs,6840.0,2025-05-09 16:52:51,10,2025-05-09 16:52:51.991,6830.0,435,6820.0,14582,6810.0,2139,6800.0,1033,6790.0,5429,6840.0,10666,6850.0,14112,6860.0,5000,6870.0,6163,6880.0,10424,2025-05-09 16:52:51.921,,2147483647,977431,True,offer
7509,1145824,1612098934,MERV - XMEV - GGAL - 24hs,6840.0,2025-05-09 16:52:51,10,2025-05-09 16:52:52.484,6830.0,435,6820.0,14582,6810.0,2139,6800.0,1033,6790.0,5429,6840.0,10656,6850.0,14112,6860.0,5000,6870.0,6163,6880.0,10424,2025-05-09 16:52:52.420,,2147483647,977441,False,nan
7510,1146146,1612099365,MERV - XMEV - GGAL - 24hs,6840.0,2025-05-09 16:52:55,8,2025-05-09 16:52:55.519,6830.0,435,6820.0,14582,6810.0,2139,6800.0,1033,6790.0,5429,6840.0,10656,6850.0,14112,6860.0,5000,6870.0,6163,6880.0,10424,2025-05-09 16:52:55.455,,2147483647,977441,True,offer
7511,1146215,1612099453,MERV - XMEV - GGAL - 24hs,6840.0,2025-05-09 16:52:55,8,2025-05-09 16:52:56.199,6830.0,435,6820.0,14582,6810.0,2139,6800.0,1033,6790.0,5429,6840.0,10648,6850.0,14112,6860.0,5000,6870.0,6163,6880.0,10424,2025-05-09 16:52:56.127,,2147483647,977441,False,nan
7512,1146263,1612099512,MERV - XMEV - GGAL - 24hs,6840.0,2025-05-09 16:52:55,8,2025-05-09 16:52:56.693,6830.0,435,6820.0,14582,6810.0,2139,6800.0,1033,6790.0,5429,6840.0,10648,6850.0,14112,6860.0,5000,6870.0,6163,6880.0,10424,2025-05-09 16:52:56.627,,2147483647,977449,False,nan
7513,1146606,1612099953,MERV - XMEV - GGAL - 24hs,6840.0,2025-05-09 16:52:55,8,2025-05-09 16:53:00.254,6830.0,435,6820.0,14582,6810.0,2139,6800.0,1033,6790.0,5429,6840.0,10648,6850.0,14112,6860.0,4000,6870.0,6163,6880.0,10424,2025-05-09 16:53:00.192,,2147483647,977449,False,nan
7514,1146755,1612100143,MERV - XMEV - GGAL - 24hs,6840.0,2025-05-09 16:52:55,8,2025-05-09 16:53:01.872,6830.0,435,6820.0,14582,6810.0,2139,6800.0,1033,6790.0,5282,6840.0,10648,6850.0,14112,6860.0,4000,6870.0,6163,6880.0,10424,2025-05-09 16:53:01.809,,2147483647,977449,False,nan
7515,1146934,1612100391,MERV - XMEV - GGAL - 24hs,6830.0,2025-05-09 16:53:03,339,2025-05-09 16:53:03.736,6830.0,435,6820.0,14582,6810.0,2139,6800.0,1033,6790.0,5282,6840.0,10648,6850.0,14112,6860.0,4000,6870.0,6163,6880.0,10424,2025-05-09 16:53:03.669,,2147483647,977449,True,bid
7516,1146974,1612100438,MERV - XMEV - GGAL - 24hs,6830.0,2025-05-09 16:53:03,96,2025-05-09 16:53:04.232,6830.0,435,6820.0,14582,6810.0,2139,6800.0,1033,6790.0,5282,6840.0,10648,6850.0,14112,6860.0,4000,6870.0,6163,6880.0,10424,2025-05-09 16:53:04.169,,2147483647,977449,False,nan
7517,1147016,1612100489,MERV - XMEV - GGAL - 24hs,6830.0,2025-05-09 16:53:04,303,2025-05-09 16:53:04.734,6820.0,14582,6810.0,2139,6800.0,1033,6790.0,5282,6780.0,3663,6830.0,693,6840.0,10648,6850.0,14112,6860.0,4000,6870.0,6163,2025-05-09 16:53:04.670,,2147483647,977884,True,bid
7518,1147047,1612100534,MERV - XMEV - GGAL - 24hs,6840.0,2025-05-09 16:53:05,28,2025-05-09 16:53:05.234,6830.0,394,6820.0,14582,6810.0,2139,6800.0,1026,6790.0,5282,6840.0,10620,6850.0,14112,6860.0,4000,6870.0,6163,6880.0,10424,2025-05-09 16:53:05.169,,2147483647,978577,True,offer
7519,1147089,1612100585,MERV - XMEV - GGAL - 24hs,6840.0,2025-05-09 16:53:05,28,2025-05-09 16:53:05.733,6830.0,394,6820.0,14582,6810.0,2139,6800.0,1026,6790.0,5282,6840.0,10620,6850.0,14112,6860.0,4000,6870.0,6163,6880.0,10424,2025-05-09 16:53:05.670,,2147483647,978605,False,nan
7520,1147277,1612100839,MERV - XMEV - GGAL - 24hs,6840.0,2025-05-09 16:53:05,28,2025-05-09 16:53:08.568,6830.0,394,6820.0,14582,6810.0,2139,6800.0,1026,6790.0,5576,6840.0,10720,6850.0,14112,6860.0,4000,6870.0,6163,6880.0,10424,2025-05-09 16:53:08.499,,2147483647,978605,False,nan
7521,1148255,1612102054,MERV - XMEV - GGAL - 24hs,6840.0,2025-05-09 16:53:05,28,2025-05-09 16:53:16.154,6830.0,394,6820.0,14582,6810.0,2139,6800.0,1026,6790.0,5282,6840.0,10720,6850.0,14112,6860.0,4000,6870.0,6163,6880.0,10424,2025-05-09 16:53:16.091,,2147483647,978605,False,nan
7522,1148309,1612102137,MERV - XMEV - GGAL - 24hs,6840.0,2025-05-09 16:53:16,15,2025-05-09 16:53:16.654,6830.0,394,6820.0,14582,6810.0,2139,6800.0,1026,6790.0,5282,6840.0,10720,6850.0,14112,6860.0,4000,6870.0,6163,6880.0,10424,2025-05-09 16:53:16.591,,2147483647,978605,True,offer
7523,1148351,1612102202,MERV - XMEV - GGAL - 24hs,6840.0,2025-05-09 16:53:17,50,2025-05-09 16:53:17.156,6830.0,394,6820.0,14582,6810.0,2139,6800.0,1026,6790.0,5282,6840.0,10705,6850.0,14112,6860.0,4000,6870.0,6163,6880.0,10424,2025-05-09 16:53:17.091,,2147483647,978620,True,offer
7524,1148402,1612102266,MERV - XMEV - GGAL - 24hs,6840.0,2025-05-09 16:53:17,50,2025-05-09 16:53:17.818,6830.0,394,6820.0,14582,6810.0,2139,6800.0,1026,6790.0,5282,6840.0,10655,6850.0,14112,6860.0,4000,6870.0,6163,6880.0,10424,2025-05-09 16:53:17.754,,2147483647,978620,False,nan
7525,1148443,1612102315,MERV - XMEV - GGAL - 24hs,6840.0,2025-05-09 16:53:17,4,2025-05-09 16:53:18.323,6830.0,394,6820.0,14582,6810.0,2139,6800.0,1026,6790.0,5282,6840.0,10655,6850.0,14112,6860.0,4000,6870.0,6163,6880.0,10424,2025-05-09 16:53:18.259,,2147483647,978670,False,nan
7526,1148483,1612102361,MERV - XMEV - GGAL - 24hs,6840.0,2025-05-09 16:53:17,4,2025-05-09 16:53:18.816,6830.0,394,6820.0,14582,6810.0,2139,6800.0,1026,6790.0,5282,6840.0,10651,6850.0,14112,6860.0,4000,6870.0,6163,6880.0,10424,2025-05-09 16:53:18.754,,2147483647,978674,False,nan
7527,1148593,1612102494,MERV - XMEV - GGAL - 24hs,6830.0,2025-05-09 16:53:20,10,2025-05-09 16:53:20.149,6830.0,394,6820.0,14582,6810.0,2139,6800.0,1026,6790.0,5282,6840.0,10651,6850.0,14112,6860.0,4000,6870.0,6163,6880.0,10424,2025-05-09 16:53:20.087,,2147483647,978674,True,bid
7528,1148646,1612102557,MERV - XMEV - GGAL - 24hs,6830.0,2025-05-09 16:53:20,10,2025-05-09 16:53:20.815,6830.0,384,6820.0,14582,6810.0,2139,6800.0,1026,6790.0,5576,6840.0,10651,6850.0,14112,6860.0,4000,6870.0,6163,6880.0,10424,2025-05-09 16:53:20.753,,2147483647,978674,False,nan
7529,1148697,1612102619,MERV - XMEV - GGAL - 24hs,6830.0,2025-05-09 16:53:20,10,2025-05-09 16:53:21.322,6830.0,384,6820.0,14582,6810.0,2139,6800.0,1026,6790.0,5576,6840.0,10651,6850.0,14112,6860.0,4000,6870.0,6163,6880.0,10424,2025-05-09 16:53:21.253,,2147483647,978684,False,nan
7530,1148771,1612102716,MERV - XMEV - GGAL - 24hs,6830.0,2025-05-09 16:53:20,10,2025-05-09 16:53:22.227,6830.0,384,6820.0,14582,6810.0,2139,6800.0,1026,6790.0,5282,6840.0,10651,6850.0,14112,6860.0,4000,6870.0,6163,6880.0,10424,2025-05-09 16:53:22.165,,2147483647,978684,False,nan
7531,1148867,1612102832,MERV - XMEV - GGAL - 24hs,6830.0,2025-05-09 16:53:23,1,2025-05-09 16:53:23.215,6830.0,384,6820.0,14582,6810.0,2139,6800.0,1026,6790.0,5282,6840.0,10651,6850.0,14112,6860.0,4000,6870.0,6163,6880.0,10424,2025-05-09 16:53:23.153,,2147483647,978684,True,bid
7532,1148902,1612102875,MERV - XMEV - GGAL - 24hs,6830.0,2025-05-09 16:53:23,1,2025-05-09 16:53:23.883,6820.0,14582,6810.0,2139,6800.0,1026,6790.0,5282,6780.0,18964,6840.0,10651,6850.0,14112,6860.0,4000,6870.0,6163,6880.0,10424,2025-05-09 16:53:23.819,,2147483647,978684,False,nan
7533,1148962,1612102948,MERV - XMEV - GGAL - 24hs,6830.0,2025-05-09 16:53:23,1,2025-05-09 16:53:24.386,6820.0,14582,6810.0,2139,6800.0,1026,6790.0,5282,6780.0,18964,6840.0,10651,6850.0,14112,6860.0,4000,6870.0,6163,6880.0,10424,2025-05-09 16:53:24.317,,2147483647,978685,False,nan
7534,1149006,1612103004,MERV - XMEV - GGAL - 24hs,6830.0,2025-05-09 16:53:23,1,2025-05-09 16:53:24.887,6830.0,420,6820.0,14582,6810.0,2139,6800.0,1026,6790.0,5282,6840.0,10651,6850.0,14112,6860.0,4000,6870.0,6163,6880.0,10424,2025-05-09 16:53:24.823,,2147483647,978685,False,nan
7535,1149227,1612103339,MERV - XMEV - GGAL - 24hs,6830.0,2025-05-09 16:53:23,1,2025-05-09 16:53:26.131,6830.0,420,6820.0,14582,6810.0,2139,6800.0,1026,6790.0,5282,6840.0,10651,6850.0,14112,6860.0,4014,6870.0,6163,6880.0,10424,2025-05-09 16:53:25.960,,2147483647,978685,False,nan
7536,1149379,1612103550,MERV - XMEV - GGAL - 24hs,6830.0,2025-05-09 16:53:23,1,2025-05-09 16:53:27.110,6830.0,420,6820.0,14582,6810.0,2139,6800.0,1026,6790.0,5576,6840.0,10651,6850.0,14112,6860.0,4014,6870.0,6163,6880.0,10424,2025-05-09 16:53:27.047,,2147483647,978685,False,nan
7537,1149747,1612104160,MERV - XMEV - GGAL - 24hs,6830.0,2025-05-09 16:53:23,1,2025-05-09 16:53:31.920,6830.0,420,6820.0,14582,6810.0,2139,6800.0,1026,6790.0,5282,6840.0,10651,6850.0,14112,6860.0,4014,6870.0,6163,6880.0,10424,2025-05-09 16:53:31.858,,2147483647,978685,False,nan
7538,1150086,1612104575,MERV - XMEV - GGAL - 24hs,6840.0,2025-05-09 16:53:34,2,2025-05-09 16:53:35.064,6830.0,420,6820.0,14582,6810.0,2139,6800.0,1026,6790.0,5282,6840.0,10651,6850.0,14112,6860.0,4014,6870.0,6163,6880.0,10424,2025-05-09 16:53:34.999,,2147483647,978685,True,offer
7539,1150142,1612104644,MERV - XMEV - GGAL - 24hs,6830.0,2025-05-09 16:53:35,9,2025-05-09 16:53:35.732,6830.0,420,6820.0,14582,6810.0,2139,6800.0,1026,6790.0,5282,6840.0,10651,6850.0,14112,6860.0,4014,6870.0,6163,6880.0,10424,2025-05-09 16:53:35.668,,2147483647,978687,True,bid
7540,1150175,1612104687,MERV - XMEV - GGAL - 24hs,6830.0,2025-05-09 16:53:35,52,2025-05-09 16:53:36.234,6830.0,420,6820.0,14582,6810.0,2139,6800.0,1026,6790.0,5282,6840.0,10649,6850.0,14112,6860.0,4014,6870.0,6163,6880.0,10424,2025-05-09 16:53:36.169,,2147483647,978687,False,nan
7541,1150205,1612104726,MERV - XMEV - GGAL - 24hs,6830.0,2025-05-09 16:53:35,52,2025-05-09 16:53:36.733,6830.0,322,6820.0,14582,6810.0,2139,6800.0,1026,6790.0,5282,6840.0,10649,6850.0,14112,6860.0,4014,6870.0,6163,6880.0,10424,2025-05-09 16:53:36.668,,2147483647,978785,False,nan
7542,1150831,1612105620,MERV - XMEV - GGAL - 24hs,6830.0,2025-05-09 16:53:35,52,2025-05-09 16:53:44.420,6830.0,322,6820.0,14582,6810.0,2139,6800.0,1026,6790.0,5429,6840.0,10649,6850.0,14112,6860.0,4014,6870.0,6163,6880.0,10424,2025-05-09 16:53:44.352,,2147483647,978785,False,nan
7543,1150994,1612105850,MERV - XMEV - GGAL - 24hs,6830.0,2025-05-09 16:53:35,52,2025-05-09 16:53:45.443,6830.0,322,6820.0,14582,6810.0,2139,6800.0,1026,6790.0,5282,6840.0,10649,6850.0,14112,6860.0,4014,6870.0,6163,6880.0,10424,2025-05-09 16:53:45.358,,2147483647,978785,False,nan
7544,1151193,1612106101,MERV - XMEV - GGAL - 24hs,6830.0,2025-05-09 16:53:35,52,2025-05-09 16:53:47.396,6830.0,322,6820.0,14582,6810.0,2139,6800.0,1026,6790.0,5429,6840.0,10649,6850.0,14112,6860.0,4014,6870.0,6163,6880.0,10424,2025-05-09 16:53:47.334,,2147483647,978785,False,nan
7545,1151249,1612106180,MERV - XMEV - GGAL - 24hs,6840.0,2025-05-09 16:53:47,76,2025-05-09 16:53:47.897,6830.0,322,6820.0,14582,6810.0,2139,6800.0,1026,6790.0,5429,6840.0,10649,6850.0,14112,6860.0,4014,6870.0,6163,6880.0,10424,2025-05-09 16:53:47.834,,2147483647,978785,True,offer
7546,1151297,1612106247,MERV - XMEV - GGAL - 24hs,6830.0,2025-05-09 16:53:47,36,2025-05-09 16:53:48.398,6830.0,76,6820.0,14582,6810.0,2139,6800.0,1026,6790.0,5282,6840.0,10573,6850.0,14112,6860.0,4014,6870.0,6163,6880.0,10424,2025-05-09 16:53:48.335,,2147483647,978861,False,nan
7547,1151341,1612106298,MERV - XMEV - GGAL - 24hs,6830.0,2025-05-09 16:53:47,36,2025-05-09 16:53:48.898,6830.0,76,6820.0,14582,6810.0,2139,6800.0,1026,6790.0,5282,6840.0,10573,6850.0,14112,6860.0,4014,6870.0,6163,6880.0,10424,2025-05-09 16:53:48.835,,2147483647,979107,False,nan
7548,1151408,1612106381,MERV - XMEV - GGAL - 24hs,6840.0,2025-05-09 16:53:49,2,2025-05-09 16:53:49.831,6830.0,76,6820.0,14582,6810.0,2139,6800.0,1026,6790.0,5282,6840.0,10573,6850.0,14112,6860.0,4014,6870.0,6163,6880.0,10424,2025-05-09 16:53:49.767,,2147483647,979107,True,offer
7549,1151444,1612106431,MERV - XMEV - GGAL - 24hs,6840.0,2025-05-09 16:53:49,2,2025-05-09 16:53:50.494,6830.0,76,6820.0,14582,6810.0,2139,6800.0,1026,6790.0,5282,6840.0,10571,6850.0,14112,6860.0,4014,6870.0,6163,6880.0,10424,2025-05-09 16:53:50.432,,2147483647,979107,False,nan
7550,1151476,1612106474,MERV - XMEV - GGAL - 24hs,6840.0,2025-05-09 16:53:49,2,2025-05-09 16:53:51.000,6830.0,76,6820.0,14582,6810.0,2139,6800.0,1026,6790.0,5282,6840.0,10571,6850.0,14112,6860.0,4014,6870.0,6163,6880.0,10424,2025-05-09 16:53:50.932,,2147483647,979109,False,nan
7551,1151812,1612106916,MERV - XMEV - GGAL - 24hs,6830.0,2025-05-09 16:53:54,15,2025-05-09 16:53:54.254,6830.0,76,6820.0,14582,6810.0,2139,6800.0,1026,6790.0,5282,6840.0,10571,6850.0,14112,6860.0,4014,6870.0,6163,6880.0,10424,2025-05-09 16:53:54.188,,2147483647,979109,True,bid
7552,1151846,1612106959,MERV - XMEV - GGAL - 24hs,6830.0,2025-05-09 16:53:54,15,2025-05-09 16:53:54.760,6830.0,161,6820.0,14582,6810.0,2139,6800.0,1026,6790.0,5282,6840.0,10571,6850.0,14112,6860.0,4014,6870.0,6163,6880.0,10424,2025-05-09 16:53:54.686,,2147483647,979109,False,nan
7553,1151906,1612107037,MERV - XMEV - GGAL - 24hs,6830.0,2025-05-09 16:53:54,15,2025-05-09 16:53:55.251,6830.0,161,6820.0,14582,6810.0,2139,6800.0,1026,6790.0,5282,6840.0,10571,6850.0,14112,6860.0,4014,6870.0,6163,6880.0,10424,2025-05-09 16:53:55.188,,2147483647,979124,False,nan
7554,1152245,1612107475,MERV - XMEV - GGAL - 24hs,6830.0,2025-05-09 16:53:59,38,2025-05-09 16:53:59.386,6830.0,161,6820.0,14582,6810.0,2139,6800.0,1026,6790.0,5282,6840.0,10571,6850.0,14112,6860.0,4014,6870.0,6163,6880.0,10424,2025-05-09 16:53:59.324,,2147483647,979124,True,bid
7555,1152297,1612107543,MERV - XMEV - GGAL - 24hs,6830.0,2025-05-09 16:53:59,100,2025-05-09 16:53:59.890,6830.0,161,6820.0,14582,6810.0,2139,6800.0,1026,6790.0,5282,6840.0,10571,6850.0,14112,6860.0,4014,6870.0,6163,6880.0,10424,2025-05-09 16:53:59.823,,2147483647,979124,False,nan
7556,1152334,1612107596,MERV - XMEV - GGAL - 24hs,6820.0,2025-05-09 16:53:59,2,2025-05-09 16:54:00.389,6820.0,14582,6810.0,2139,6800.0,1026,6790.0,5282,6780.0,19316,6830.0,661,6840.0,10571,6850.0,14112,6860.0,4014,6870.0,6163,2025-05-09 16:54:00.323,,2147483647,979287,False,nan
7557,1152374,1612107649,MERV - XMEV - GGAL - 24hs,6820.0,2025-05-09 16:53:59,2,2025-05-09 16:54:00.889,6820.0,14580,6810.0,2139,6800.0,1026,6790.0,5282,6780.0,19316,6830.0,661,6840.0,10571,6850.0,14112,6860.0,4014,6870.0,6163,2025-05-09 16:54:00.823,,2147483647,979287,False,nan
7558,1152650,1612108016,MERV - XMEV - GGAL - 24hs,6820.0,2025-05-09 16:54:04,264,2025-05-09 16:54:04.248,6820.0,14580,6810.0,2139,6800.0,1026,6790.0,5282,6780.0,19316,6830.0,661,6840.0,10571,6850.0,14112,6860.0,4014,6870.0,6163,2025-05-09 16:54:04.185,,2147483647,979287,True,bid
7559,1152698,1612108096,MERV - XMEV - GGAL - 24hs,6820.0,2025-05-09 16:54:04,264,2025-05-09 16:54:04.915,6820.0,14316,6810.0,2139,6800.0,1026,6790.0,5282,6780.0,19316,6830.0,661,6840.0,10571,6850.0,14112,6860.0,4014,6870.0,6163,2025-05-09 16:54:04.850,,2147483647,979287,False,nan
7560,1152738,1612108157,MERV - XMEV - GGAL - 24hs,6820.0,2025-05-09 16:54:04,264,2025-05-09 16:54:05.415,6820.0,14316,6810.0,2139,6800.0,1026,6790.0,5282,6780.0,19316,6830.0,661,6840.0,10571,6850.0,14112,6860.0,4014,6870.0,6163,2025-05-09 16:54:05.350,,2147483647,979551,False,nan
7561,1152818,1612108272,MERV - XMEV - GGAL - 24hs,6820.0,2025-05-09 16:54:04,264,2025-05-09 16:54:06.836,6820.0,14316,6810.0,2139,6800.0,1026,6790.0,5282,6780.0,18579,6830.0,661,6840.0,10571,6850.0,14112,6860.0,4014,6870.0,6163,2025-05-09 16:54:06.732,,2147483647,979551,False,nan
7562,1152911,1612108402,MERV - XMEV - GGAL - 24hs,6820.0,2025-05-09 16:54:08,1,2025-05-09 16:54:08.132,6820.0,14316,6810.0,2139,6800.0,1026,6790.0,5282,6780.0,18579,6830.0,661,6840.0,10571,6850.0,14112,6860.0,4014,6870.0,6163,2025-05-09 16:54:08.067,,2147483647,979551,True,bid
7563,1153099,1612108625,MERV - XMEV - GGAL - 24hs,6820.0,2025-05-09 16:54:08,1,2025-05-09 16:54:08.956,6820.0,14315,6810.0,2139,6800.0,1026,6790.0,5282,6780.0,18579,6830.0,661,6840.0,10571,6850.0,14112,6860.0,4014,6870.0,6163,2025-05-09 16:54:08.568,,2147483647,979551,False,nan
7564,1153340,1612108958,MERV - XMEV - GGAL - 24hs,6820.0,2025-05-09 16:54:08,1,2025-05-09 16:54:09.984,6820.0,14315,6810.0,2139,6800.0,1026,6790.0,5282,6780.0,18579,6830.0,661,6840.0,10571,6850.0,14112,6860.0,4014,6870.0,6163,2025-05-09 16:54:09.069,,2147483647,979552,False,nan
7565,1153436,1612109084,MERV - XMEV - GGAL - 24hs,6830.0,2025-05-09 16:54:10,2,2025-05-09 16:54:10.380,6820.0,14315,6810.0,2139,6800.0,1026,6790.0,5282,6780.0,18579,6830.0,661,6840.0,10571,6850.0,14112,6860.0,4014,6870.0,6163,2025-05-09 16:54:10.042,,2147483647,979552,True,offer
7566,1153501,1612109172,MERV - XMEV - GGAL - 24hs,6830.0,2025-05-09 16:54:10,2,2025-05-09 16:54:10.790,6820.0,14315,6810.0,2139,6800.0,1026,6790.0,5282,6780.0,18579,6830.0,661,6840.0,10571,6850.0,14112,6860.0,4014,6870.0,6163,2025-05-09 16:54:10.725,,2147483647,979554,False,nan
7567,1153580,1612109272,MERV - XMEV - GGAL - 24hs,6830.0,2025-05-09 16:54:10,2,2025-05-09 16:54:11.287,6820.0,14315,6810.0,2139,6800.0,1026,6790.0,5282,6780.0,18579,6830.0,659,6840.0,10571,6850.0,14112,6860.0,4014,6870.0,6163,2025-05-09 16:54:11.224,,2147483647,979554,False,nan
7568,1154044,1612109898,MERV - XMEV - GGAL - 24hs,6830.0,2025-05-09 16:54:14,27,2025-05-09 16:54:14.359,6820.0,14315,6810.0,2139,6800.0,1026,6790.0,5282,6780.0,18579,6830.0,659,6840.0,10571,6850.0,14112,6860.0,4014,6870.0,6163,2025-05-09 16:54:14.294,,2147483647,979554,True,offer
7569,1154089,1612109970,MERV - XMEV - GGAL - 24hs,6830.0,2025-05-09 16:54:14,27,2025-05-09 16:54:14.858,6820.0,14815,6810.0,2139,6800.0,1026,6790.0,5282,6780.0,18579,6830.0,632,6840.0,10571,6850.0,14112,6860.0,4014,6870.0,6163,2025-05-09 16:54:14.794,,2147483647,979554,False,nan
7570,1154149,1612110041,MERV - XMEV - GGAL - 24hs,6830.0,2025-05-09 16:54:14,27,2025-05-09 16:54:15.359,6820.0,14815,6810.0,2139,6800.0,1026,6790.0,5282,6780.0,18579,6830.0,632,6840.0,10571,6850.0,14112,6860.0,4014,6870.0,6163,2025-05-09 16:54:15.294,,2147483647,979581,False,nan
7571,1154258,1612110181,MERV - XMEV - GGAL - 24hs,6830.0,2025-05-09 16:54:14,27,2025-05-09 16:54:16.349,6820.0,14817,6810.0,2139,6800.0,1026,6790.0,5282,6780.0,18579,6830.0,632,6840.0,10571,6850.0,14112,6860.0,4014,6870.0,6163,2025-05-09 16:54:16.284,,2147483647,979581,False,nan
7572,1154762,1612110848,MERV - XMEV - GGAL - 24hs,6830.0,2025-05-09 16:54:14,27,2025-05-09 16:54:21.462,6820.0,14817,6810.0,2139,6800.0,1026,6790.0,6282,6780.0,17579,6830.0,632,6840.0,10571,6850.0,14112,6860.0,4014,6870.0,6263,2025-05-09 16:54:21.398,,2147483647,979581,False,nan
7573,1154860,1612110972,MERV - XMEV - GGAL - 24hs,6830.0,2025-05-09 16:54:14,27,2025-05-09 16:54:22.305,6820.0,14817,6810.0,2139,6800.0,1026,6790.0,6282,6780.0,17579,6830.0,632,6840.0,8571,6850.0,16112,6860.0,4014,6870.0,6263,2025-05-09 16:54:22.235,,2147483647,979581,False,nan
7574,1155110,1612111300,MERV - XMEV - GGAL - 24hs,6830.0,2025-05-09 16:54:14,27,2025-05-09 16:54:25.058,6820.0,14817,6810.0,2139,6800.0,1076,6790.0,6282,6780.0,17579,6830.0,632,6840.0,8571,6850.0,16112,6860.0,4014,6870.0,6263,2025-05-09 16:54:24.994,,2147483647,979581,False,nan
7575,1155339,1612111586,MERV - XMEV - GGAL - 24hs,6830.0,2025-05-09 16:54:28,90,2025-05-09 16:54:28.100,6820.0,14817,6810.0,2139,6800.0,1076,6790.0,6282,6780.0,17579,6830.0,632,6840.0,8571,6850.0,16112,6860.0,4014,6870.0,6263,2025-05-09 16:54:28.031,,2147483647,979581,True,offer
7576,1155389,1612111660,MERV - XMEV - GGAL - 24hs,6830.0,2025-05-09 16:54:28,90,2025-05-09 16:54:28.759,6820.0,14817,6810.0,2139,6800.0,1076,6790.0,6282,6780.0,17579,6830.0,542,6840.0,8571,6850.0,16112,6860.0,4014,6870.0,6263,2025-05-09 16:54:28.697,,2147483647,979581,False,nan
7577,1155425,1612111708,MERV - XMEV - GGAL - 24hs,6830.0,2025-05-09 16:54:28,90,2025-05-09 16:54:29.259,6820.0,14817,6810.0,2139,6800.0,1076,6790.0,6282,6780.0,17579,6830.0,542,6840.0,8571,6850.0,16112,6860.0,4014,6870.0,6263,2025-05-09 16:54:29.196,,2147483647,979671,False,nan
7578,1155482,1612111775,MERV - XMEV - GGAL - 24hs,6830.0,2025-05-09 16:54:28,90,2025-05-09 16:54:29.760,6820.0,14817,6810.0,2139,6800.0,1076,6790.0,6282,6780.0,17579,6830.0,842,6840.0,8571,6850.0,15812,6860.0,4014,6870.0,6263,2025-05-09 16:54:29.696,,2147483647,979671,False,nan
7579,1155699,1612112043,MERV - XMEV - GGAL - 24hs,6830.0,2025-05-09 16:54:28,90,2025-05-09 16:54:31.615,6820.0,14817,6810.0,2139,6800.0,2076,6790.0,20282,6780.0,2579,6830.0,842,6840.0,8571,6850.0,5812,6860.0,14014,6870.0,6263,2025-05-09 16:54:31.543,,2147483647,979671,False,nan
7580,1155986,1612112462,MERV - XMEV - GGAL - 24hs,6830.0,2025-05-09 16:54:28,90,2025-05-09 16:54:34.573,6820.0,14817,6810.0,2139,6800.0,1076,6790.0,6282,6780.0,17579,6830.0,842,6840.0,8571,6850.0,5812,6860.0,14014,6870.0,6263,2025-05-09 16:54:34.509,,2147483647,979671,False,nan
7581,1156013,1612112498,MERV - XMEV - GGAL - 24hs,6830.0,2025-05-09 16:54:34,277,2025-05-09 16:54:35.072,6820.0,14817,6810.0,2139,6800.0,1076,6790.0,6282,6780.0,17579,6830.0,842,6840.0,8571,6850.0,5812,6860.0,14014,6870.0,6263,2025-05-09 16:54:35.010,,2147483647,979671,True,offer
7582,1156058,1612112583,MERV - XMEV - GGAL - 24hs,6830.0,2025-05-09 16:54:34,277,2025-05-09 16:54:35.659,6820.0,14817,6810.0,2139,6800.0,1076,6790.0,6282,6780.0,17579,6830.0,23,6840.0,8571,6850.0,5812,6860.0,14014,6870.0,6263,2025-05-09 16:54:35.590,,2147483647,979671,False,nan
7583,1156155,1612112717,MERV - XMEV - GGAL - 24hs,6830.0,2025-05-09 16:54:35,23,2025-05-09 16:54:36.728,6820.0,14817,6810.0,2139,6800.0,1076,6790.0,6282,6780.0,17579,6830.0,23,6840.0,8571,6850.0,5812,6860.0,14014,6870.0,6263,2025-05-09 16:54:36.655,,2147483647,980490,True,offer
7584,1156257,1612112838,MERV - XMEV - GGAL - 24hs,6830.0,2025-05-09 16:54:35,23,2025-05-09 16:54:37.107,6830.0,89,6820.0,14817,6810.0,2139,6800.0,1076,6790.0,6282,6840.0,8571,6850.0,5812,6860.0,14014,6870.0,6263,6880.0,10524,2025-05-09 16:54:36.755,,2147483647,980513,False,nan
7585,1156414,1612113029,MERV - XMEV - GGAL - 24hs,6830.0,2025-05-09 16:54:35,23,2025-05-09 16:54:37.862,6830.0,1171,6820.0,14817,6810.0,1057,6800.0,1076,6790.0,6282,6840.0,8571,6850.0,5812,6860.0,14014,6870.0,6263,6880.0,10524,2025-05-09 16:54:37.792,,2147483647,980513,False,nan
7586,1156957,1612113664,MERV - XMEV - GGAL - 24hs,6830.0,2025-05-09 16:54:35,23,2025-05-09 16:54:43.172,6830.0,1171,6820.0,14817,6810.0,1057,6800.0,2126,6790.0,20282,6840.0,8571,6850.0,5812,6860.0,14014,6870.0,6263,6880.0,10524,2025-05-09 16:54:43.099,,2147483647,980513,False,nan
7587,1157099,1612113839,MERV - XMEV - GGAL - 24hs,6830.0,2025-05-09 16:54:35,23,2025-05-09 16:54:45.394,6830.0,1271,6820.0,14817,6810.0,1057,6800.0,2126,6790.0,20282,6840.0,8571,6850.0,5812,6860.0,14014,6870.0,6263,6880.0,10524,2025-05-09 16:54:45.323,,2147483647,980513,False,nan
7588,1157942,1612115043,MERV - XMEV - GGAL - 24hs,6830.0,2025-05-09 16:54:35,23,2025-05-09 16:54:55.562,6830.0,1271,6820.0,14817,6810.0,1057,6800.0,2126,6790.0,20282,6840.0,8571,6850.0,5812,6860.0,13014,6870.0,6263,6880.0,10524,2025-05-09 16:54:55.499,,2147483647,980513,False,nan
7589,1158062,1612115199,MERV - XMEV - GGAL - 24hs,6830.0,2025-05-09 16:54:35,23,2025-05-09 16:54:56.932,6830.0,1271,6820.0,14817,6810.0,1057,6800.0,2126,6790.0,20282,6840.0,8571,6850.0,5090,6860.0,13014,6870.0,6263,6880.0,10524,2025-05-09 16:54:56.868,,2147483647,980513,False,nan
7590,1158248,1612115419,MERV - XMEV - GGAL - 24hs,6830.0,2025-05-09 16:54:59,4,2025-05-09 16:54:59.288,6830.0,1271,6820.0,14817,6810.0,1057,6800.0,2126,6790.0,20282,6840.0,8571,6850.0,5090,6860.0,13014,6870.0,6263,6880.0,10524,2025-05-09 16:54:59.223,,2147483647,980513,True,bid
7591,1158289,1612115473,MERV - XMEV - GGAL - 24hs,6830.0,2025-05-09 16:54:59,4,2025-05-09 16:54:59.982,6830.0,1767,6820.0,14817,6810.0,1057,6800.0,2126,6790.0,20282,6840.0,8571,6850.0,5090,6860.0,13014,6870.0,6263,6880.0,10524,2025-05-09 16:54:59.808,,2147483647,980513,False,nan
7592,1158328,1612115543,MERV - XMEV - GGAL - 24hs,6830.0,2025-05-09 16:54:59,4,2025-05-09 16:55:00.286,6830.0,1767,6820.0,14817,6810.0,1057,6800.0,2126,6790.0,20282,6840.0,8571,6850.0,5090,6860.0,13014,6870.0,6263,6880.0,10524,2025-05-09 16:55:00.223,,2147483647,980517,False,nan
7593,1158481,1612115723,MERV - XMEV - GGAL - 24hs,6830.0,2025-05-09 16:54:59,4,2025-05-09 16:55:01.935,6830.0,1767,6820.0,15546,6810.0,1057,6800.0,2126,6790.0,20282,6840.0,8571,6850.0,5090,6860.0,13014,6870.0,6263,6880.0,10524,2025-05-09 16:55:01.871,,2147483647,980517,False,nan
7594,1158539,1612115813,MERV - XMEV - GGAL - 24hs,6830.0,2025-05-09 16:55:02,388,2025-05-09 16:55:02.753,6830.0,1767,6820.0,15546,6810.0,1057,6800.0,2126,6790.0,20282,6840.0,8571,6850.0,5090,6860.0,13014,6870.0,6263,6880.0,10524,2025-05-09 16:55:02.689,,2147483647,980517,True,bid
7595,1158589,1612115878,MERV - XMEV - GGAL - 24hs,6830.0,2025-05-09 16:55:02,388,2025-05-09 16:55:03.360,6830.0,1379,6820.0,15892,6810.0,1057,6800.0,2126,6790.0,20282,6840.0,8571,6850.0,5090,6860.0,13014,6870.0,6263,6880.0,10524,2025-05-09 16:55:03.297,,2147483647,980517,False,nan
7596,1158637,1612115930,MERV - XMEV - GGAL - 24hs,6830.0,2025-05-09 16:55:02,388,2025-05-09 16:55:03.864,6830.0,1379,6820.0,15892,6810.0,1057,6800.0,2126,6790.0,20282,6840.0,8571,6850.0,5090,6860.0,13014,6870.0,6263,6880.0,10524,2025-05-09 16:55:03.796,,2147483647,980905,False,nan
7597,1158710,1612116019,MERV - XMEV - GGAL - 24hs,6830.0,2025-05-09 16:55:02,388,2025-05-09 16:55:04.781,6830.0,1379,6820.0,15892,6810.0,1057,6800.0,2126,6790.0,20282,6840.0,3571,6850.0,5090,6860.0,13014,6870.0,6263,6880.0,10524,2025-05-09 16:55:04.714,,2147483647,980905,False,nan
7598,1158963,1612116374,MERV - XMEV - GGAL - 24hs,6840.0,2025-05-09 16:55:07,1,2025-05-09 16:55:07.326,6830.0,1379,6820.0,15892,6810.0,1057,6800.0,2126,6790.0,20282,6840.0,3571,6850.0,5090,6860.0,13014,6870.0,6263,6880.0,10524,2025-05-09 16:55:07.257,,2147483647,980905,True,offer
7599,1159007,1612116430,MERV - XMEV - GGAL - 24hs,6840.0,2025-05-09 16:55:07,1,2025-05-09 16:55:07.944,6830.0,1724,6820.0,14817,6810.0,1057,6800.0,2126,6790.0,20282,6840.0,3570,6850.0,5090,6860.0,13014,6870.0,6263,6880.0,10524,2025-05-09 16:55:07.880,,2147483647,980905,False,nan
7600,1159054,1612116491,MERV - XMEV - GGAL - 24hs,6840.0,2025-05-09 16:55:07,1,2025-05-09 16:55:08.443,6830.0,1724,6820.0,14817,6810.0,1057,6800.0,2126,6790.0,20282,6840.0,3570,6850.0,5090,6860.0,13014,6870.0,6263,6880.0,10524,2025-05-09 16:55:08.381,,2147483647,980906,False,nan
7601,1159103,1612116545,MERV - XMEV - GGAL - 24hs,6840.0,2025-05-09 16:55:07,1,2025-05-09 16:55:08.944,6830.0,1379,6820.0,16932,6810.0,1057,6800.0,17126,6790.0,5282,6840.0,3570,6850.0,5090,6860.0,13014,6870.0,6263,6880.0,10524,2025-05-09 16:55:08.881,,2147483647,980906,False,nan
7602,1159191,1612116652,MERV - XMEV - GGAL - 24hs,6840.0,2025-05-09 16:55:07,1,2025-05-09 16:55:09.491,6830.0,1379,6820.0,15892,6810.0,1057,6800.0,17126,6790.0,5282,6840.0,3570,6850.0,5090,6860.0,13014,6870.0,6263,6880.0,10524,2025-05-09 16:55:09.424,,2147483647,980906,False,nan
7603,1159653,1612117189,MERV - XMEV - GGAL - 24hs,6840.0,2025-05-09 16:55:14,2,2025-05-09 16:55:14.199,6830.0,1379,6820.0,15892,6810.0,1057,6800.0,17126,6790.0,5282,6840.0,3570,6850.0,5090,6860.0,13014,6870.0,6263,6880.0,10524,2025-05-09 16:55:14.136,,2147483647,980906,True,offer
7604,1159717,1612117264,MERV - XMEV - GGAL - 24hs,6840.0,2025-05-09 16:55:14,2,2025-05-09 16:55:14.720,6830.0,1379,6820.0,15892,6810.0,1057,6800.0,17126,6790.0,5282,6840.0,3568,6850.0,5090,6860.0,13014,6870.0,6263,6880.0,10524,2025-05-09 16:55:14.644,,2147483647,980906,False,nan
7605,1159779,1612117338,MERV - XMEV - GGAL - 24hs,6840.0,2025-05-09 16:55:14,2,2025-05-09 16:55:15.208,6830.0,1379,6820.0,15892,6810.0,1057,6800.0,17126,6790.0,5282,6840.0,3568,6850.0,5090,6860.0,13014,6870.0,6263,6880.0,10524,2025-05-09 16:55:15.142,,2147483647,980908,False,nan
7606,1160152,1612117855,MERV - XMEV - GGAL - 24hs,6840.0,2025-05-09 16:55:14,2,2025-05-09 16:55:19.741,6830.0,1379,6820.0,17772,6810.0,1057,6800.0,17126,6790.0,5282,6840.0,3568,6850.0,5090,6860.0,13014,6870.0,6263,6880.0,10524,2025-05-09 16:55:19.668,,2147483647,980908,False,nan
7607,1160248,1612117976,MERV - XMEV - GGAL - 24hs,6840.0,2025-05-09 16:55:14,2,2025-05-09 16:55:20.923,6830.0,1379,6820.0,18119,6810.0,1057,6800.0,17126,6790.0,5282,6840.0,3568,6850.0,5090,6860.0,13014,6870.0,6263,6880.0,10524,2025-05-09 16:55:20.860,,2147483647,980908,False,nan
7608,1160669,1612118575,MERV - XMEV - GGAL - 24hs,6840.0,2025-05-09 16:55:14,2,2025-05-09 16:55:25.326,6830.0,1379,6820.0,18119,6810.0,1057,6800.0,17126,6790.0,5282,6840.0,3568,6850.0,5290,6860.0,13014,6870.0,6263,6880.0,10524,2025-05-09 16:55:25.259,,2147483647,980908,False,nan
7609,1160933,1612118925,MERV - XMEV - GGAL - 24hs,6840.0,2025-05-09 16:55:14,2,2025-05-09 16:55:28.447,6830.0,1379,6820.0,18465,6810.0,1057,6800.0,17126,6790.0,5282,6840.0,3568,6850.0,5290,6860.0,13014,6870.0,6263,6880.0,10524,2025-05-09 16:55:28.380,,2147483647,980908,False,nan
7610,1160979,1612118988,MERV - XMEV - GGAL - 24hs,6840.0,2025-05-09 16:55:14,2,2025-05-09 16:55:29.224,6830.0,1379,6820.0,18119,6810.0,1057,6800.0,17126,6790.0,5282,6840.0,3568,6850.0,5290,6860.0,13014,6870.0,6263,6880.0,10524,2025-05-09 16:55:29.160,,2147483647,980908,False,nan
7611,1161287,1612119379,MERV - XMEV - GGAL - 24hs,6840.0,2025-05-09 16:55:14,2,2025-05-09 16:55:32.775,6830.0,1379,6820.0,18119,6810.0,1057,6800.0,2126,6790.0,20282,6840.0,3568,6850.0,5290,6860.0,13014,6870.0,6263,6880.0,10524,2025-05-09 16:55:32.704,,2147483647,980908,False,nan
7612,1161355,1612119472,MERV - XMEV - GGAL - 24hs,6840.0,2025-05-09 16:55:14,2,2025-05-09 16:55:33.441,6830.0,1379,6820.0,17772,6810.0,1057,6800.0,2226,6790.0,20282,6840.0,3568,6850.0,5290,6860.0,13014,6870.0,6263,6880.0,10524,2025-05-09 16:55:33.378,,2147483647,980908,False,nan
7613,1161753,1612120008,MERV - XMEV - GGAL - 24hs,6840.0,2025-05-09 16:55:14,2,2025-05-09 16:55:38.888,6830.0,1379,6820.0,17772,6810.0,1057,6800.0,2226,6790.0,20382,6840.0,3568,6850.0,5290,6860.0,13014,6870.0,6263,6880.0,10524,2025-05-09 16:55:38.822,,2147483647,980908,False,nan
7614,1161866,1612120165,MERV - XMEV - GGAL - 24hs,6840.0,2025-05-09 16:55:14,2,2025-05-09 16:55:40.508,6830.0,1379,6820.0,17772,6810.0,1057,6800.0,1226,6790.0,21382,6840.0,3568,6850.0,5290,6860.0,13014,6870.0,6263,6880.0,10524,2025-05-09 16:55:40.445,,2147483647,980908,False,nan
7615,1161926,1612120259,MERV - XMEV - GGAL - 24hs,6840.0,2025-05-09 16:55:14,2,2025-05-09 16:55:41.572,6830.0,1379,6820.0,15546,6810.0,1057,6800.0,1226,6790.0,21382,6840.0,3568,6850.0,5290,6860.0,13014,6870.0,6263,6880.0,10524,2025-05-09 16:55:41.509,,2147483647,980908,False,nan
7616,1161990,1612120342,MERV - XMEV - GGAL - 24hs,6840.0,2025-05-09 16:55:42,292,2025-05-09 16:55:42.413,6830.0,1379,6820.0,15546,6810.0,1057,6800.0,1226,6790.0,21382,6840.0,3568,6850.0,5290,6860.0,13014,6870.0,6263,6880.0,10524,2025-05-09 16:55:42.349,,2147483647,980908,True,offer
7617,1162050,1612120430,MERV - XMEV - GGAL - 24hs,6840.0,2025-05-09 16:55:42,292,2025-05-09 16:55:42.955,6830.0,1379,6820.0,16239,6810.0,1057,6800.0,1226,6790.0,21382,6840.0,3276,6850.0,5290,6860.0,13014,6870.0,6263,6880.0,10524,2025-05-09 16:55:42.850,,2147483647,980908,False,nan
7618,1162107,1612120502,MERV - XMEV - GGAL - 24hs,6840.0,2025-05-09 16:55:42,292,2025-05-09 16:55:43.783,6830.0,1379,6820.0,16239,6810.0,1057,6800.0,1226,6790.0,21382,6840.0,3276,6850.0,5290,6860.0,13014,6870.0,6263,6880.0,10524,2025-05-09 16:55:43.603,,2147483647,981200,False,nan
7619,1162183,1612120611,MERV - XMEV - GGAL - 24hs,6840.0,2025-05-09 16:55:42,292,2025-05-09 16:55:44.166,6830.0,1379,6820.0,15892,6810.0,1057,6800.0,1226,6790.0,21382,6840.0,3276,6850.0,5290,6860.0,13014,6870.0,6263,6880.0,10524,2025-05-09 16:55:44.099,,2147483647,981200,False,nan
7620,1162367,1612120850,MERV - XMEV - GGAL - 24hs,6840.0,2025-05-09 16:55:42,292,2025-05-09 16:55:45.624,6830.0,1379,6820.0,15892,6810.0,1057,6800.0,2226,6790.0,20382,6840.0,3276,6850.0,5290,6860.0,13014,6870.0,6263,6880.0,10524,2025-05-09 16:55:45.560,,2147483647,981200,False,nan
7621,1162445,1612120965,MERV - XMEV - GGAL - 24hs,6840.0,2025-05-09 16:55:42,292,2025-05-09 16:55:46.311,6830.0,1379,6820.0,16239,6810.0,1057,6800.0,2226,6790.0,20382,6840.0,3276,6850.0,5290,6860.0,13014,6870.0,6263,6880.0,10524,2025-05-09 16:55:46.226,,2147483647,981200,False,nan
7622,1163193,1612121887,MERV - XMEV - GGAL - 24hs,6840.0,2025-05-09 16:55:42,292,2025-05-09 16:55:53.321,6830.0,1379,6820.0,16586,6810.0,1057,6800.0,2226,6790.0,20382,6840.0,3276,6850.0,5290,6860.0,13014,6870.0,6263,6880.0,10524,2025-05-09 16:55:53.254,,2147483647,981200,False,nan
7623,1163257,1612121974,MERV - XMEV - GGAL - 24hs,6840.0,2025-05-09 16:55:42,292,2025-05-09 16:55:54.063,6830.0,1409,6820.0,16586,6810.0,1057,6800.0,2226,6790.0,20382,6840.0,3276,6850.0,5290,6860.0,13014,6870.0,6263,6880.0,10524,2025-05-09 16:55:53.989,,2147483647,981200,False,nan
7624,1163373,1612122122,MERV - XMEV - GGAL - 24hs,6840.0,2025-05-09 16:55:55,1,2025-05-09 16:55:55.413,6830.0,1409,6820.0,16586,6810.0,1057,6800.0,2226,6790.0,20382,6840.0,3276,6850.0,5290,6860.0,13014,6870.0,6263,6880.0,10524,2025-05-09 16:55:55.349,,2147483647,981200,True,offer
7625,1163400,1612122162,MERV - XMEV - GGAL - 24hs,6840.0,2025-05-09 16:55:55,121,2025-05-09 16:55:55.914,6830.0,1409,6820.0,16586,6810.0,1057,6800.0,2226,6790.0,20382,6840.0,3276,6850.0,5290,6860.0,13014,6870.0,6263,6880.0,10524,2025-05-09 16:55:55.849,,2147483647,981201,False,nan
7626,1163441,1612122208,MERV - XMEV - GGAL - 24hs,6840.0,2025-05-09 16:55:55,121,2025-05-09 16:55:56.424,6830.0,1409,6820.0,16586,6810.0,1057,6800.0,2226,6790.0,20382,6840.0,3154,6850.0,5290,6860.0,13014,6870.0,6263,6880.0,10524,2025-05-09 16:55:56.351,,2147483647,981322,False,nan
7627,1163708,1612122555,MERV - XMEV - GGAL - 24hs,6840.0,2025-05-09 16:55:55,121,2025-05-09 16:55:59.622,6830.0,2259,6820.0,16586,6810.0,1057,6800.0,2226,6790.0,20382,6840.0,3154,6850.0,5290,6860.0,13014,6870.0,6263,6880.0,10524,2025-05-09 16:55:59.555,,2147483647,981322,False,nan
7628,1164687,1612123793,MERV - XMEV - GGAL - 24hs,6840.0,2025-05-09 16:55:55,121,2025-05-09 16:56:09.873,6830.0,2259,6820.0,16239,6810.0,1057,6800.0,2226,6790.0,20382,6840.0,3154,6850.0,5290,6860.0,13014,6870.0,6263,6880.0,10524,2025-05-09 16:56:09.807,,2147483647,981322,False,nan
7629,1164827,1612123972,MERV - XMEV - GGAL - 24hs,6840.0,2025-05-09 16:56:10,500,2025-05-09 16:56:10.914,6830.0,2259,6820.0,16239,6810.0,1057,6800.0,2226,6790.0,20382,6840.0,3154,6850.0,5290,6860.0,13014,6870.0,6263,6880.0,10524,2025-05-09 16:56:10.839,,2147483647,981322,True,offer
7630,1164873,1612124033,MERV - XMEV - GGAL - 24hs,6840.0,2025-05-09 16:56:10,500,2025-05-09 16:56:11.575,6830.0,2259,6820.0,16239,6810.0,1057,6800.0,2226,6790.0,20382,6840.0,3154,6850.0,5290,6860.0,13014,6870.0,6263,6880.0,10524,2025-05-09 16:56:11.510,,2147483647,981822,False,nan
7631,1164926,1612124095,MERV - XMEV - GGAL - 24hs,6840.0,2025-05-09 16:56:10,500,2025-05-09 16:56:12.076,6830.0,2259,6820.0,16239,6810.0,1057,6800.0,2226,6790.0,20382,6840.0,2654,6850.0,5290,6860.0,13014,6870.0,6263,6880.0,10524,2025-05-09 16:56:12.010,,2147483647,981822,False,nan
7632,1164961,1612124140,MERV - XMEV - GGAL - 24hs,6840.0,2025-05-09 16:56:12,28,2025-05-09 16:56:12.574,6830.0,2259,6820.0,16239,6810.0,1057,6800.0,2226,6790.0,20382,6840.0,2654,6850.0,5290,6860.0,13014,6870.0,6263,6880.0,10524,2025-05-09 16:56:12.510,,2147483647,981822,True,offer
7633,1165006,1612124196,MERV - XMEV - GGAL - 24hs,6840.0,2025-05-09 16:56:12,28,2025-05-09 16:56:13.148,6830.0,2259,6820.0,16239,6810.0,1057,6800.0,2226,6790.0,20382,6840.0,2654,6850.0,5290,6860.0,13014,6870.0,6263,6880.0,10524,2025-05-09 16:56:13.084,,2147483647,981850,False,nan
7634,1165058,1612124264,MERV - XMEV - GGAL - 24hs,6840.0,2025-05-09 16:56:12,28,2025-05-09 16:56:13.647,6830.0,2259,6820.0,16586,6810.0,1057,6800.0,2226,6790.0,20382,6840.0,2626,6850.0,5290,6860.0,13014,6870.0,6263,6880.0,10524,2025-05-09 16:56:13.584,,2147483647,981850,False,nan
7635,1165118,1612124342,MERV - XMEV - GGAL - 24hs,6840.0,2025-05-09 16:56:12,28,2025-05-09 16:56:14.528,6830.0,2259,6820.0,16586,6810.0,1057,6800.0,17226,6790.0,5382,6840.0,2626,6850.0,5290,6860.0,13014,6870.0,6263,6880.0,10524,2025-05-09 16:56:14.464,,2147483647,981850,False,nan
7636,1165332,1612124631,MERV - XMEV - GGAL - 24hs,6830.0,2025-05-09 16:56:17,10,2025-05-09 16:56:17.505,6830.0,2259,6820.0,16586,6810.0,1057,6800.0,17226,6790.0,5382,6840.0,2626,6850.0,5290,6860.0,13014,6870.0,6263,6880.0,10524,2025-05-09 16:56:17.440,,2147483647,981850,True,bid
7637,1165369,1612124690,MERV - XMEV - GGAL - 24hs,6830.0,2025-05-09 16:56:17,10,2025-05-09 16:56:18.012,6830.0,2249,6820.0,16586,6810.0,1057,6800.0,17226,6790.0,5382,6840.0,2626,6850.0,5290,6860.0,13014,6870.0,6263,6880.0,10524,2025-05-09 16:56:17.941,,2147483647,981850,False,nan
7638,1165434,1612124766,MERV - XMEV - GGAL - 24hs,6830.0,2025-05-09 16:56:17,10,2025-05-09 16:56:18.511,6830.0,2249,6820.0,16586,6810.0,1057,6800.0,17226,6790.0,5382,6840.0,2626,6850.0,5290,6860.0,13014,6870.0,6263,6880.0,10524,2025-05-09 16:56:18.443,,2147483647,981860,False,nan
7639,1165688,1612125078,MERV - XMEV - GGAL - 24hs,6840.0,2025-05-09 16:56:21,14,2025-05-09 16:56:21.174,6830.0,2249,6820.0,16586,6810.0,1057,6800.0,17226,6790.0,5382,6840.0,2626,6850.0,5290,6860.0,13014,6870.0,6263,6880.0,10524,2025-05-09 16:56:21.104,,2147483647,981860,True,offer
7640,1165771,1612125181,MERV - XMEV - GGAL - 24hs,6840.0,2025-05-09 16:56:21,14,2025-05-09 16:56:21.898,6830.0,2249,6820.0,16586,6810.0,1057,6800.0,17226,6790.0,5382,6840.0,2612,6850.0,5290,6860.0,13014,6870.0,6263,6880.0,10524,2025-05-09 16:56:21.791,,2147483647,981860,False,nan
7641,1165827,1612125255,MERV - XMEV - GGAL - 24hs,6840.0,2025-05-09 16:56:21,14,2025-05-09 16:56:22.351,6830.0,2249,6820.0,16586,6810.0,1057,6800.0,17226,6790.0,5382,6840.0,2612,6850.0,5290,6860.0,13014,6870.0,6263,6880.0,10524,2025-05-09 16:56:22.287,,2147483647,981874,False,nan
7642,1167216,1612126986,MERV - XMEV - GGAL - 24hs,6840.0,2025-05-09 16:56:36,100,2025-05-09 16:56:36.820,6830.0,2249,6820.0,16586,6810.0,1057,6800.0,17226,6790.0,5382,6840.0,2612,6850.0,5290,6860.0,13014,6870.0,6263,6880.0,10524,2025-05-09 16:56:36.756,,2147483647,981874,True,offer
7643,1167318,1612127122,MERV - XMEV - GGAL - 24hs,6840.0,2025-05-09 16:56:36,100,2025-05-09 16:56:37.599,6830.0,2249,6820.0,16239,6810.0,1057,6800.0,17226,6790.0,5382,6840.0,2512,6850.0,5290,6860.0,13014,6870.0,6263,6880.0,10524,2025-05-09 16:56:37.424,,2147483647,981874,False,nan
7644,1167351,1612127164,MERV - XMEV - GGAL - 24hs,6840.0,2025-05-09 16:56:36,100,2025-05-09 16:56:37.988,6830.0,2249,6820.0,16239,6810.0,1057,6800.0,17226,6790.0,5382,6840.0,2512,6850.0,5290,6860.0,13014,6870.0,6263,6880.0,10524,2025-05-09 16:56:37.924,,2147483647,981974,False,nan
7645,1167505,1612127351,MERV - XMEV - GGAL - 24hs,6840.0,2025-05-09 16:56:36,100,2025-05-09 16:56:38.791,6830.0,2249,6820.0,14817,6810.0,2801,6800.0,17226,6790.0,5382,6840.0,2512,6850.0,5290,6860.0,13014,6870.0,6263,6880.0,10524,2025-05-09 16:56:38.521,,2147483647,981974,False,nan
7646,1167937,1612127898,MERV - XMEV - GGAL - 24hs,6840.0,2025-05-09 16:56:44,100,2025-05-09 16:56:44.204,6830.0,2249,6820.0,14817,6810.0,2801,6800.0,17226,6790.0,5382,6840.0,2512,6850.0,5290,6860.0,13014,6870.0,6263,6880.0,10524,2025-05-09 16:56:44.139,,2147483647,981974,True,offer
7647,1167993,1612127964,MERV - XMEV - GGAL - 24hs,6840.0,2025-05-09 16:56:44,100,2025-05-09 16:56:44.874,6830.0,2249,6820.0,14817,6810.0,2801,6800.0,17226,6790.0,5382,6840.0,2412,6850.0,5290,6860.0,13014,6870.0,6263,6880.0,10524,2025-05-09 16:56:44.808,,2147483647,981974,False,nan
7648,1168031,1612128055,MERV - XMEV - GGAL - 24hs,6840.0,2025-05-09 16:56:44,100,2025-05-09 16:56:45.376,6830.0,2249,6820.0,14817,6810.0,2801,6800.0,17226,6790.0,5382,6840.0,2412,6850.0,5290,6860.0,13014,6870.0,6263,6880.0,10524,2025-05-09 16:56:45.307,,2147483647,982074,False,nan
7649,1168164,1612128258,MERV - XMEV - GGAL - 24hs,6840.0,2025-05-09 16:56:44,100,2025-05-09 16:56:46.897,6830.0,2249,6820.0,15198,6810.0,1057,6800.0,17226,6790.0,5971,6840.0,2412,6850.0,5290,6860.0,13014,6870.0,6263,6880.0,10524,2025-05-09 16:56:46.829,,2147483647,982074,False,nan
7650,1168371,1612128535,MERV - XMEV - GGAL - 24hs,6840.0,2025-05-09 16:56:44,100,2025-05-09 16:56:47.920,6830.0,2249,6820.0,15545,6810.0,1057,6800.0,17226,6790.0,5971,6840.0,2412,6850.0,5290,6860.0,13014,6870.0,6263,6880.0,10524,2025-05-09 16:56:47.855,,2147483647,982074,False,nan
7651,1168519,1612128718,MERV - XMEV - GGAL - 24hs,6830.0,2025-05-09 16:56:49,9,2025-05-09 16:56:49.988,6830.0,2249,6820.0,15545,6810.0,1057,6800.0,17226,6790.0,5971,6840.0,2412,6850.0,5290,6860.0,13014,6870.0,6263,6880.0,10524,2025-05-09 16:56:49.919,,2147483647,982074,True,bid
7652,1168579,1612128791,MERV - XMEV - GGAL - 24hs,6830.0,2025-05-09 16:56:49,9,2025-05-09 16:56:50.486,6830.0,2240,6820.0,15545,6810.0,1057,6800.0,17226,6790.0,5971,6840.0,2412,6850.0,5290,6860.0,13014,6870.0,6263,6880.0,10524,2025-05-09 16:56:50.418,,2147483647,982074,False,nan
7653,1168607,1612128827,MERV - XMEV - GGAL - 24hs,6830.0,2025-05-09 16:56:49,9,2025-05-09 16:56:50.987,6830.0,2240,6820.0,15545,6810.0,1057,6800.0,17226,6790.0,5971,6840.0,2412,6850.0,5290,6860.0,13014,6870.0,6263,6880.0,10524,2025-05-09 16:56:50.919,,2147483647,982083,False,nan
7654,1169058,1612129416,MERV - XMEV - GGAL - 24hs,6840.0,2025-05-09 16:56:56,250,2025-05-09 16:56:56.969,6830.0,2240,6820.0,15545,6810.0,1057,6800.0,17226,6790.0,5971,6840.0,2412,6850.0,5290,6860.0,13014,6870.0,6263,6880.0,10524,2025-05-09 16:56:56.905,,2147483647,982083,True,offer
7655,1169133,1612129507,MERV - XMEV - GGAL - 24hs,6840.0,2025-05-09 16:56:56,250,2025-05-09 16:56:57.634,6830.0,2240,6820.0,15545,6810.0,1057,6800.0,17226,6790.0,5971,6840.0,2162,6850.0,5290,6860.0,13014,6870.0,6263,6880.0,10524,2025-05-09 16:56:57.571,,2147483647,982083,False,nan
7656,1169167,1612129545,MERV - XMEV - GGAL - 24hs,6840.0,2025-05-09 16:56:56,250,2025-05-09 16:56:58.138,6830.0,2240,6820.0,15545,6810.0,1057,6800.0,17226,6790.0,5971,6840.0,2162,6850.0,5290,6860.0,13014,6870.0,6263,6880.0,10524,2025-05-09 16:56:58.071,,2147483647,982333,False,nan
7657,1169303,1612129714,MERV - XMEV - GGAL - 24hs,6840.0,2025-05-09 16:56:59,30,2025-05-09 16:56:59.782,6830.0,2240,6820.0,15545,6810.0,1057,6800.0,17226,6790.0,5971,6840.0,2162,6850.0,5290,6860.0,13014,6870.0,6263,6880.0,10524,2025-05-09 16:56:59.718,,2147483647,982333,True,offer
7658,1169348,1612129769,MERV - XMEV - GGAL - 24hs,6840.0,2025-05-09 16:56:59,30,2025-05-09 16:57:00.360,6830.0,2585,6820.0,14817,6810.0,1057,6800.0,17226,6790.0,5971,6840.0,2132,6850.0,5290,6860.0,13014,6870.0,6263,6880.0,10524,2025-05-09 16:57:00.294,,2147483647,982333,False,nan
7659,1169382,1612129813,MERV - XMEV - GGAL - 24hs,6840.0,2025-05-09 16:56:59,30,2025-05-09 16:57:00.861,6830.0,2585,6820.0,14817,6810.0,1057,6800.0,17226,6790.0,5971,6840.0,2132,6850.0,5290,6860.0,13014,6870.0,6263,6880.0,10524,2025-05-09 16:57:00.794,,2147483647,982363,False,nan
7660,1169875,1612130441,MERV - XMEV - GGAL - 24hs,6840.0,2025-05-09 16:56:59,30,2025-05-09 16:57:06.545,6830.0,2240,6820.0,15545,6810.0,1057,6800.0,17226,6790.0,5971,6840.0,2132,6850.0,5290,6860.0,13014,6870.0,6263,6880.0,10524,2025-05-09 16:57:06.478,,2147483647,982363,False,nan
7661,1169952,1612130545,MERV - XMEV - GGAL - 24hs,6840.0,2025-05-09 16:56:59,30,2025-05-09 16:57:07.803,6830.0,2240,6820.0,15891,6810.0,1057,6800.0,17226,6790.0,5971,6840.0,2132,6850.0,5290,6860.0,13014,6870.0,6263,6880.0,10524,2025-05-09 16:57:07.736,,2147483647,982363,False,nan
7662,1170005,1612130608,MERV - XMEV - GGAL - 24hs,6840.0,2025-05-09 16:56:59,30,2025-05-09 16:57:08.782,6830.0,2240,6820.0,15545,6810.0,1057,6800.0,17226,6790.0,5971,6840.0,2132,6850.0,5290,6860.0,13014,6870.0,6263,6880.0,10524,2025-05-09 16:57:08.714,,2147483647,982363,False,nan
7663,1170057,1612130673,MERV - XMEV - GGAL - 24hs,6840.0,2025-05-09 16:56:59,30,2025-05-09 16:57:09.571,6830.0,2240,6820.0,15198,6810.0,1057,6800.0,17226,6790.0,5971,6840.0,2132,6850.0,5290,6860.0,13014,6870.0,6263,6880.0,10524,2025-05-09 16:57:09.508,,2147483647,982363,False,nan
7664,1170144,1612130783,MERV - XMEV - GGAL - 24hs,6840.0,2025-05-09 16:56:59,30,2025-05-09 16:57:10.363,6830.0,2240,6820.0,16238,6810.0,1057,6800.0,17226,6790.0,5971,6840.0,2132,6850.0,5290,6860.0,13014,6870.0,6263,6880.0,10524,2025-05-09 16:57:10.216,,2147483647,982363,False,nan
7665,1170365,1612131076,MERV - XMEV - GGAL - 24hs,6840.0,2025-05-09 16:56:59,30,2025-05-09 16:57:13.536,6830.0,2240,6820.0,15545,6810.0,1057,6800.0,17226,6790.0,5971,6840.0,2132,6850.0,5290,6860.0,13014,6870.0,6263,6880.0,10524,2025-05-09 16:57:13.471,,2147483647,982363,False,nan
7666,1170619,1612131454,MERV - XMEV - GGAL - 24hs,6840.0,2025-05-09 16:56:59,30,2025-05-09 16:57:16.572,6830.0,2240,6820.0,15509,6810.0,1057,6800.0,2226,6790.0,20971,6840.0,2132,6850.0,5290,6860.0,13014,6870.0,6263,6880.0,10524,2025-05-09 16:57:16.507,,2147483647,982363,False,nan
7667,1170789,1612131678,MERV - XMEV - GGAL - 24hs,6840.0,2025-05-09 16:56:59,30,2025-05-09 16:57:17.426,6830.0,2240,6820.0,16202,6810.0,1057,6800.0,2226,6790.0,20971,6840.0,2132,6850.0,5290,6860.0,13014,6870.0,6263,6880.0,10524,2025-05-09 16:57:17.323,,2147483647,982363,False,nan
7668,1170858,1612131775,MERV - XMEV - GGAL - 24hs,6840.0,2025-05-09 16:57:17,148,2025-05-09 16:57:17.936,6830.0,2240,6820.0,16202,6810.0,1057,6800.0,2226,6790.0,20971,6840.0,2132,6850.0,5290,6860.0,13014,6870.0,6263,6880.0,10524,2025-05-09 16:57:17.823,,2147483647,982363,True,offer
7669,1170942,1612131890,MERV - XMEV - GGAL - 24hs,6840.0,2025-05-09 16:57:17,148,2025-05-09 16:57:18.834,6830.0,2240,6820.0,16202,6810.0,1057,6800.0,2226,6790.0,20382,6840.0,1984,6850.0,5290,6860.0,13014,6870.0,6263,6880.0,10524,2025-05-09 16:57:18.678,,2147483647,982511,False,nan
7670,1171119,1612132133,MERV - XMEV - GGAL - 24hs,6840.0,2025-05-09 16:57:17,148,2025-05-09 16:57:20.240,6830.0,2240,6820.0,15855,6810.0,1057,6800.0,2226,6790.0,20382,6840.0,1984,6850.0,5290,6860.0,13014,6870.0,6263,6880.0,10524,2025-05-09 16:57:20.173,,2147483647,982511,False,nan
7671,1171199,1612132243,MERV - XMEV - GGAL - 24hs,6840.0,2025-05-09 16:57:17,148,2025-05-09 16:57:21.074,6830.0,2240,6820.0,16202,6810.0,1057,6800.0,2226,6790.0,20382,6840.0,1984,6850.0,5290,6860.0,13014,6870.0,6263,6880.0,10524,2025-05-09 16:57:21.007,,2147483647,982511,False,nan
7672,1171295,1612132375,MERV - XMEV - GGAL - 24hs,6840.0,2025-05-09 16:57:22,52,2025-05-09 16:57:22.222,6830.0,2240,6820.0,16202,6810.0,1057,6800.0,2226,6790.0,20382,6840.0,1984,6850.0,5290,6860.0,13014,6870.0,6263,6880.0,10524,2025-05-09 16:57:22.158,,2147483647,982511,True,offer
7673,1171347,1612132437,MERV - XMEV - GGAL - 24hs,6840.0,2025-05-09 16:57:22,52,2025-05-09 16:57:22.907,6830.0,2240,6820.0,16202,6810.0,1057,6800.0,2226,6790.0,20382,6840.0,1932,6850.0,5290,6860.0,13014,6870.0,6263,6880.0,10524,2025-05-09 16:57:22.834,,2147483647,982511,False,nan
7674,1171398,1612132506,MERV - XMEV - GGAL - 24hs,6840.0,2025-05-09 16:57:22,52,2025-05-09 16:57:23.397,6830.0,2240,6820.0,16202,6810.0,1057,6800.0,2226,6790.0,20382,6840.0,1932,6850.0,5290,6860.0,13014,6870.0,6263,6880.0,10524,2025-05-09 16:57:23.333,,2147483647,982563,False,nan
7675,1171427,1612132549,MERV - XMEV - GGAL - 24hs,6840.0,2025-05-09 16:57:22,52,2025-05-09 16:57:23.896,6830.0,2240,6820.0,15855,6810.0,1057,6800.0,2226,6790.0,20382,6840.0,1932,6850.0,5290,6860.0,13014,6870.0,6263,6880.0,10524,2025-05-09 16:57:23.833,,2147483647,982563,False,nan
7676,1171496,1612132623,MERV - XMEV - GGAL - 24hs,6840.0,2025-05-09 16:57:22,52,2025-05-09 16:57:24.554,6830.0,2240,6820.0,16202,6810.0,1057,6800.0,2226,6790.0,20382,6840.0,1932,6850.0,5290,6860.0,13014,6870.0,6263,6880.0,10524,2025-05-09 16:57:24.490,,2147483647,982563,False,nan
7677,1171733,1612132914,MERV - XMEV - GGAL - 24hs,6840.0,2025-05-09 16:57:22,52,2025-05-09 16:57:26.710,6830.0,2240,6820.0,16202,6810.0,1057,6800.0,2226,6790.0,20382,6840.0,1932,6850.0,15290,6860.0,3014,6870.0,6263,6880.0,10524,2025-05-09 16:57:26.642,,2147483647,982563,False,nan
7678,1172302,1612133652,MERV - XMEV - GGAL - 24hs,6840.0,2025-05-09 16:57:32,57,2025-05-09 16:57:32.479,6830.0,2240,6820.0,16202,6810.0,1057,6800.0,2226,6790.0,20382,6840.0,1932,6850.0,15290,6860.0,3014,6870.0,6263,6880.0,10524,2025-05-09 16:57:32.406,,2147483647,982563,True,offer
7679,1172407,1612133779,MERV - XMEV - GGAL - 24hs,6840.0,2025-05-09 16:57:32,57,2025-05-09 16:57:33.145,6830.0,2240,6820.0,16202,6810.0,1057,6800.0,2226,6790.0,20382,6840.0,1932,6850.0,15290,6860.0,3014,6870.0,6263,6880.0,10524,2025-05-09 16:57:33.079,,2147483647,982620,False,nan
7680,1172508,1612133914,MERV - XMEV - GGAL - 24hs,6840.0,2025-05-09 16:57:32,57,2025-05-09 16:57:33.644,6830.0,2240,6820.0,16202,6810.0,1057,6800.0,2226,6790.0,20382,6840.0,1875,6850.0,15290,6860.0,3014,6870.0,6263,6880.0,10524,2025-05-09 16:57:33.571,,2147483647,982620,False,nan
7681,1172726,1612134186,MERV - XMEV - GGAL - 24hs,6840.0,2025-05-09 16:57:32,57,2025-05-09 16:57:34.544,6830.0,2240,6820.0,15509,6810.0,1057,6800.0,2226,6790.0,20382,6840.0,1875,6850.0,15290,6860.0,3014,6870.0,6263,6880.0,10524,2025-05-09 16:57:34.350,,2147483647,982620,False,nan
7682,1172870,1612134382,MERV - XMEV - GGAL - 24hs,6840.0,2025-05-09 16:57:32,57,2025-05-09 16:57:35.742,6830.0,2250,6820.0,15509,6810.0,1057,6800.0,2226,6790.0,20382,6840.0,1875,6850.0,15290,6860.0,3014,6870.0,6263,6880.0,10524,2025-05-09 16:57:35.678,,2147483647,982620,False,nan
7683,1173483,1612135135,MERV - XMEV - GGAL - 24hs,6840.0,2025-05-09 16:57:32,57,2025-05-09 16:57:40.299,6830.0,2250,6820.0,15509,6810.0,1057,6800.0,1226,6790.0,5382,6840.0,1875,6850.0,15290,6860.0,3014,6870.0,6263,6880.0,10524,2025-05-09 16:57:40.220,,2147483647,982620,False,nan
7684,1174103,1612135933,MERV - XMEV - GGAL - 24hs,6840.0,2025-05-09 16:57:32,57,2025-05-09 16:57:46.797,6830.0,2250,6820.0,15509,6810.0,1057,6800.0,1226,6790.0,5382,6840.0,3875,6850.0,15290,6860.0,3014,6870.0,6263,6880.0,10524,2025-05-09 16:57:46.732,,2147483647,982620,False,nan
7685,1174425,1612136356,MERV - XMEV - GGAL - 24hs,6840.0,2025-05-09 16:57:32,57,2025-05-09 16:57:49.576,6830.0,2250,6820.0,14817,6810.0,1067,6800.0,1226,6790.0,5382,6840.0,3875,6850.0,15290,6860.0,3014,6870.0,6263,6880.0,10524,2025-05-09 16:57:49.506,,2147483647,982620,False,nan
7686,1175131,1612137274,MERV - XMEV - GGAL - 24hs,6840.0,2025-05-09 16:57:57,1,2025-05-09 16:57:57.560,6830.0,2250,6820.0,14817,6810.0,1067,6800.0,1226,6790.0,5382,6840.0,3875,6850.0,15290,6860.0,3014,6870.0,6263,6880.0,10524,2025-05-09 16:57:57.495,,2147483647,982620,True,offer
7687,1175215,1612137372,MERV - XMEV - GGAL - 24hs,6840.0,2025-05-09 16:57:57,1,2025-05-09 16:57:58.223,6830.0,2250,6820.0,14817,6810.0,1067,6800.0,1226,6790.0,5382,6840.0,3874,6850.0,15290,6860.0,3014,6870.0,6263,6880.0,10524,2025-05-09 16:57:58.156,,2147483647,982620,False,nan
7688,1175271,1612137438,MERV - XMEV - GGAL - 24hs,6840.0,2025-05-09 16:57:57,1,2025-05-09 16:57:58.721,6830.0,2250,6820.0,14817,6810.0,1067,6800.0,1226,6790.0,5382,6840.0,3874,6850.0,15290,6860.0,3014,6870.0,6263,6880.0,10524,2025-05-09 16:57:58.656,,2147483647,982621,False,nan
7689,1175356,1612137538,MERV - XMEV - GGAL - 24hs,6840.0,2025-05-09 16:57:59,31,2025-05-09 16:57:59.446,6830.0,2250,6820.0,14817,6810.0,1067,6800.0,1226,6790.0,5382,6840.0,3874,6850.0,15290,6860.0,3014,6870.0,6263,6880.0,10524,2025-05-09 16:57:59.381,,2147483647,982621,True,offer
7690,1175410,1612137602,MERV - XMEV - GGAL - 24hs,6840.0,2025-05-09 16:57:59,31,2025-05-09 16:58:00.115,6830.0,2250,6820.0,14817,6810.0,1067,6800.0,1226,6790.0,5382,6840.0,3843,6850.0,15290,6860.0,3014,6870.0,6263,6880.0,10524,2025-05-09 16:58:00.050,,2147483647,982621,False,nan
7691,1175458,1612137661,MERV - XMEV - GGAL - 24hs,6840.0,2025-05-09 16:58:00,10,2025-05-09 16:58:00.615,6830.0,2250,6820.0,14817,6810.0,1067,6800.0,1226,6790.0,5382,6840.0,3843,6850.0,15290,6860.0,3014,6870.0,6263,6880.0,10524,2025-05-09 16:58:00.549,,2147483647,982652,True,offer
7692,1175514,1612137739,MERV - XMEV - GGAL - 24hs,6840.0,2025-05-09 16:58:00,10,2025-05-09 16:58:01.540,6830.0,2250,6820.0,14817,6810.0,1103,6800.0,1226,6790.0,5382,6840.0,1833,6850.0,15290,6860.0,3014,6870.0,6263,6880.0,10524,2025-05-09 16:58:01.391,,2147483647,982652,False,nan
7693,1175607,1612137851,MERV - XMEV - GGAL - 24hs,6840.0,2025-05-09 16:58:00,10,2025-05-09 16:58:01.859,6830.0,2250,6820.0,14817,6810.0,1103,6800.0,1226,6790.0,5382,6840.0,1833,6850.0,15290,6860.0,3014,6870.0,6263,6880.0,10524,2025-05-09 16:58:01.550,,2147483647,982662,False,nan
7694,1176997,1612139703,MERV - XMEV - GGAL - 24hs,6840.0,2025-05-09 16:58:00,10,2025-05-09 16:58:17.195,6830.0,2250,6820.0,14817,6810.0,1103,6800.0,1226,6790.0,5382,6840.0,1833,6850.0,15315,6860.0,3014,6870.0,6263,6880.0,10524,2025-05-09 16:58:17.131,,2147483647,982662,False,nan
7695,1177272,1612140057,MERV - XMEV - GGAL - 24hs,6840.0,2025-05-09 16:58:19,2,2025-05-09 16:58:19.911,6830.0,2250,6820.0,14817,6810.0,1103,6800.0,1226,6790.0,5382,6840.0,1833,6850.0,15315,6860.0,3014,6870.0,6263,6880.0,10524,2025-05-09 16:58:19.836,,2147483647,982662,True,offer
7696,1177324,1612140129,MERV - XMEV - GGAL - 24hs,6840.0,2025-05-09 16:58:19,2,2025-05-09 16:58:20.566,6830.0,2250,6820.0,14817,6810.0,1102,6800.0,1226,6790.0,5382,6840.0,1831,6850.0,15315,6860.0,3014,6870.0,6263,6880.0,10524,2025-05-09 16:58:20.500,,2147483647,982662,False,nan
7697,1177370,1612140194,MERV - XMEV - GGAL - 24hs,6840.0,2025-05-09 16:58:19,2,2025-05-09 16:58:21.067,6830.0,2250,6820.0,14817,6810.0,1102,6800.0,1226,6790.0,5382,6840.0,1831,6850.0,15315,6860.0,3014,6870.0,6263,6880.0,10524,2025-05-09 16:58:21.001,,2147483647,982664,False,nan
7698,1178179,1612141257,MERV - XMEV - GGAL - 24hs,6840.0,2025-05-09 16:58:29,2,2025-05-09 16:58:29.775,6830.0,2250,6820.0,14817,6810.0,1102,6800.0,1226,6790.0,5382,6840.0,1831,6850.0,15315,6860.0,3014,6870.0,6263,6880.0,10524,2025-05-09 16:58:29.704,,2147483647,982664,True,offer
7699,1178235,1612141324,MERV - XMEV - GGAL - 24hs,6840.0,2025-05-09 16:58:29,2,2025-05-09 16:58:30.432,6830.0,2250,6820.0,14817,6810.0,1102,6800.0,1226,6790.0,5382,6840.0,1829,6850.0,15315,6860.0,3014,6870.0,6263,6880.0,10524,2025-05-09 16:58:30.366,,2147483647,982664,False,nan
7700,1178287,1612141392,MERV - XMEV - GGAL - 24hs,6840.0,2025-05-09 16:58:30,8,2025-05-09 16:58:30.932,6830.0,2250,6820.0,14817,6810.0,1102,6800.0,1226,6790.0,5382,6840.0,1829,6850.0,15315,6860.0,3014,6870.0,6263,6880.0,10524,2025-05-09 16:58:30.866,,2147483647,982666,True,offer
7701,1178368,1612141499,MERV - XMEV - GGAL - 24hs,6840.0,2025-05-09 16:58:30,8,2025-05-09 16:58:31.515,6830.0,2250,6820.0,14817,6810.0,1102,6800.0,1226,6790.0,5382,6840.0,1820,6850.0,15315,6860.0,3014,6870.0,6263,6880.0,10524,2025-05-09 16:58:31.446,,2147483647,982666,False,nan
7702,1178403,1612141545,MERV - XMEV - GGAL - 24hs,6840.0,2025-05-09 16:58:30,8,2025-05-09 16:58:32.014,6830.0,2250,6820.0,14817,6810.0,1102,6800.0,1226,6790.0,5382,6840.0,1820,6850.0,15315,6860.0,3014,6870.0,6263,6880.0,10524,2025-05-09 16:58:31.946,,2147483647,982675,False,nan
7703,1178689,1612141910,MERV - XMEV - GGAL - 24hs,6830.0,2025-05-09 16:58:35,4,2025-05-09 16:58:36.086,6830.0,2250,6820.0,14817,6810.0,1102,6800.0,1226,6790.0,5382,6840.0,1820,6850.0,15315,6860.0,3014,6870.0,6263,6880.0,10524,2025-05-09 16:58:36.020,,2147483647,982675,True,bid
7704,1178727,1612141954,MERV - XMEV - GGAL - 24hs,6830.0,2025-05-09 16:58:35,4,2025-05-09 16:58:36.754,6830.0,2246,6820.0,14817,6810.0,1102,6800.0,1226,6790.0,5382,6840.0,1820,6850.0,15315,6860.0,3014,6870.0,6263,6880.0,10524,2025-05-09 16:58:36.689,,2147483647,982675,False,nan
7705,1178755,1612141988,MERV - XMEV - GGAL - 24hs,6830.0,2025-05-09 16:58:35,4,2025-05-09 16:58:37.259,6830.0,2246,6820.0,14817,6810.0,1102,6800.0,1226,6790.0,5382,6840.0,1820,6850.0,15315,6860.0,3014,6870.0,6263,6880.0,10524,2025-05-09 16:58:37.189,,2147483647,982679,False,nan
7706,1179127,1612142499,MERV - XMEV - GGAL - 24hs,6840.0,2025-05-09 16:58:40,10,2025-05-09 16:58:41.042,6830.0,2246,6820.0,14817,6810.0,1102,6800.0,1226,6790.0,5382,6840.0,1820,6850.0,15315,6860.0,3014,6870.0,6263,6880.0,10524,2025-05-09 16:58:40.977,,2147483647,982679,True,offer
7707,1179159,1612142536,MERV - XMEV - GGAL - 24hs,6830.0,2025-05-09 16:58:41,17,2025-05-09 16:58:41.536,6830.0,2246,6820.0,14817,6810.0,1102,6800.0,1226,6790.0,5382,6840.0,1820,6850.0,15315,6860.0,3014,6870.0,6263,6880.0,10524,2025-05-09 16:58:41.471,,2147483647,982689,True,bid
7708,1179197,1612142585,MERV - XMEV - GGAL - 24hs,6830.0,2025-05-09 16:58:41,17,2025-05-09 16:58:42.035,6830.0,2229,6820.0,14817,6810.0,1102,6800.0,1226,6790.0,5382,6840.0,1810,6850.0,15315,6860.0,3014,6870.0,6263,6880.0,10524,2025-05-09 16:58:41.971,,2147483647,982706,False,nan
7709,1179342,1612142790,MERV - XMEV - GGAL - 24hs,6830.0,2025-05-09 16:58:41,17,2025-05-09 16:58:43.755,6830.0,2229,6820.0,14817,6810.0,1102,6800.0,1226,6790.0,5382,6840.0,1810,6850.0,15315,6860.0,3039,6870.0,6263,6880.0,10524,2025-05-09 16:58:43.691,,2147483647,982706,False,nan
7710,1179774,1612143324,MERV - XMEV - GGAL - 24hs,6830.0,2025-05-09 16:58:47,2,2025-05-09 16:58:47.683,6830.0,2229,6820.0,14817,6810.0,1102,6800.0,1226,6790.0,5382,6840.0,1810,6850.0,15315,6860.0,3039,6870.0,6263,6880.0,10524,2025-05-09 16:58:47.617,,2147483647,982706,True,bid
7711,1179814,1612143370,MERV - XMEV - GGAL - 24hs,6830.0,2025-05-09 16:58:47,2,2025-05-09 16:58:48.190,6830.0,2227,6820.0,14817,6810.0,1102,6800.0,1226,6790.0,5382,6840.0,1810,6850.0,15835,6860.0,3039,6870.0,6263,6880.0,10524,2025-05-09 16:58:48.118,,2147483647,982706,False,nan
7712,1179864,1612143429,MERV - XMEV - GGAL - 24hs,6830.0,2025-05-09 16:58:47,2,2025-05-09 16:58:48.681,6830.0,2227,6820.0,14817,6810.0,1102,6800.0,1226,6790.0,5382,6840.0,1810,6850.0,15835,6860.0,3039,6870.0,6263,6880.0,10524,2025-05-09 16:58:48.617,,2147483647,982708,False,nan
7713,1180208,1612143855,MERV - XMEV - GGAL - 24hs,6830.0,2025-05-09 16:58:51,648,2025-05-09 16:58:51.423,6830.0,2227,6820.0,14817,6810.0,1102,6800.0,1226,6790.0,5382,6840.0,1810,6850.0,15835,6860.0,3039,6870.0,6263,6880.0,10524,2025-05-09 16:58:51.356,,2147483647,982708,True,bid
7714,1180258,1612143918,MERV - XMEV - GGAL - 24hs,6830.0,2025-05-09 16:58:51,252,2025-05-09 16:58:51.934,6830.0,1227,6820.0,14817,6810.0,1102,6800.0,1226,6790.0,5382,6840.0,1810,6850.0,15835,6860.0,3039,6870.0,6263,6880.0,10524,2025-05-09 16:58:51.859,,2147483647,982708,False,nan
7715,1180325,1612143997,MERV - XMEV - GGAL - 24hs,6830.0,2025-05-09 16:58:51,252,2025-05-09 16:58:52.426,6830.0,1227,6820.0,14817,6810.0,1102,6800.0,1226,6790.0,5382,6840.0,1810,6850.0,15835,6860.0,3039,6870.0,6263,6880.0,10524,2025-05-09 16:58:52.357,,2147483647,983708,False,nan
7716,1180685,1612144455,MERV - XMEV - GGAL - 24hs,6840.0,2025-05-09 16:58:56,6,2025-05-09 16:58:56.431,6830.0,1227,6820.0,14817,6810.0,1102,6800.0,1226,6790.0,5382,6840.0,1810,6850.0,15835,6860.0,3039,6870.0,6263,6880.0,10524,2025-05-09 16:58:56.365,,2147483647,983708,True,offer
7717,1180722,1612144498,MERV - XMEV - GGAL - 24hs,6830.0,2025-05-09 16:58:56,722,2025-05-09 16:58:56.930,6830.0,1227,6820.0,14817,6810.0,1102,6800.0,1226,6790.0,5382,6840.0,1810,6850.0,15835,6860.0,3039,6870.0,6263,6880.0,10524,2025-05-09 16:58:56.865,,2147483647,983714,False,nan
7718,1180763,1612144546,MERV - XMEV - GGAL - 24hs,6830.0,2025-05-09 16:58:56,722,2025-05-09 16:58:57.436,6830.0,227,6820.0,14817,6810.0,1102,6800.0,1226,6790.0,5382,6840.0,1804,6850.0,15835,6860.0,3039,6870.0,6263,6880.0,10524,2025-05-09 16:58:57.371,,2147483647,984714,False,nan
7719,1180821,1612144613,MERV - XMEV - GGAL - 24hs,6830.0,2025-05-09 16:58:56,722,2025-05-09 16:58:58.073,6830.0,227,6820.0,14817,6810.0,1102,6800.0,1226,6790.0,5382,6840.0,1804,6850.0,15835,6860.0,3039,6870.0,6313,6880.0,10524,2025-05-09 16:58:58.007,,2147483647,984714,False,nan
7720,1181284,1612145200,MERV - XMEV - GGAL - 24hs,6840.0,2025-05-09 16:59:02,28,2025-05-09 16:59:02.473,6830.0,227,6820.0,14817,6810.0,1102,6800.0,1226,6790.0,5382,6840.0,1804,6850.0,15835,6860.0,3039,6870.0,6313,6880.0,10524,2025-05-09 16:59:02.409,,2147483647,984714,True,offer
7721,1181314,1612145234,MERV - XMEV - GGAL - 24hs,6840.0,2025-05-09 16:59:02,28,2025-05-09 16:59:02.973,6830.0,227,6820.0,14817,6810.0,1102,6800.0,11226,6790.0,5382,6840.0,1776,6850.0,15835,6860.0,3039,6870.0,6313,6880.0,10524,2025-05-09 16:59:02.909,,2147483647,984714,False,nan
7722,1181350,1612145277,MERV - XMEV - GGAL - 24hs,6840.0,2025-05-09 16:59:02,28,2025-05-09 16:59:03.482,6830.0,227,6820.0,14817,6810.0,1102,6800.0,11226,6790.0,5382,6840.0,1776,6850.0,15835,6860.0,3039,6870.0,6313,6880.0,10524,2025-05-09 16:59:03.409,,2147483647,984742,False,nan
7723,1181798,1612145819,MERV - XMEV - GGAL - 24hs,6830.0,2025-05-09 16:59:07,1,2025-05-09 16:59:08.328,6830.0,227,6820.0,14817,6810.0,1102,6800.0,11226,6790.0,5382,6840.0,1776,6850.0,15835,6860.0,3039,6870.0,6313,6880.0,10524,2025-05-09 16:59:08.175,,2147483647,984742,True,bid
7724,1181862,1612145901,MERV - XMEV - GGAL - 24hs,6830.0,2025-05-09 16:59:08,230,2025-05-09 16:59:08.747,6820.0,14817,6810.0,1102,6800.0,11226,6790.0,5382,6780.0,4612,6830.0,2544,6840.0,1776,6850.0,15835,6860.0,3039,6870.0,6313,2025-05-09 16:59:08.675,,2147483647,985199,True,bid
7725,1181899,1612145952,MERV - XMEV - GGAL - 24hs,6830.0,2025-05-09 16:59:08,931,2025-05-09 16:59:09.240,6820.0,14817,6810.0,1102,6800.0,11226,6790.0,5382,6780.0,4612,6830.0,2544,6840.0,1776,6850.0,15835,6860.0,3039,6870.0,6313,2025-05-09 16:59:09.175,,2147483647,985199,False,nan
7726,1181967,1612146036,MERV - XMEV - GGAL - 24hs,6830.0,2025-05-09 16:59:08,931,2025-05-09 16:59:09.740,6820.0,14817,6810.0,1102,6800.0,11226,6790.0,5382,6780.0,4612,6830.0,1613,6840.0,1776,6850.0,15835,6860.0,3039,6870.0,6313,2025-05-09 16:59:09.675,,2147483647,986130,False,nan
7727,1182040,1612146134,MERV - XMEV - GGAL - 24hs,6830.0,2025-05-09 16:59:08,931,2025-05-09 16:59:10.239,6820.0,14817,6810.0,1102,6800.0,11226,6790.0,5382,6780.0,4579,6830.0,1613,6840.0,1776,6850.0,15835,6860.0,3039,6870.0,6313,2025-05-09 16:59:10.175,,2147483647,986130,False,nan
7728,1182461,1612146720,MERV - XMEV - GGAL - 24hs,6830.0,2025-05-09 16:59:08,931,2025-05-09 16:59:15.307,6820.0,14817,6810.0,1102,6800.0,11226,6790.0,5382,6780.0,4622,6830.0,1613,6840.0,1776,6850.0,15835,6860.0,3039,6870.0,6313,2025-05-09 16:59:15.238,,2147483647,986130,False,nan
7729,1182808,1612147166,MERV - XMEV - GGAL - 24hs,6830.0,2025-05-09 16:59:08,931,2025-05-09 16:59:19.038,6820.0,14817,6810.0,1102,6800.0,11226,6790.0,5382,6780.0,4622,6830.0,1613,6840.0,1776,6850.0,15835,6860.0,3139,6870.0,6313,2025-05-09 16:59:18.974,,2147483647,986130,False,nan
7730,1182864,1612147241,MERV - XMEV - GGAL - 24hs,6820.0,2025-05-09 16:59:19,129,2025-05-09 16:59:19.586,6820.0,14817,6810.0,1102,6800.0,11226,6790.0,5382,6780.0,4622,6830.0,1613,6840.0,1776,6850.0,15835,6860.0,3139,6870.0,6313,2025-05-09 16:59:19.474,,2147483647,986130,True,bid
7731,1182887,1612147281,MERV - XMEV - GGAL - 24hs,6820.0,2025-05-09 16:59:19,129,2025-05-09 16:59:20.046,6820.0,14688,6810.0,1102,6800.0,11226,6790.0,5382,6780.0,4622,6830.0,1613,6840.0,1776,6850.0,15835,6860.0,3139,6870.0,6313,2025-05-09 16:59:19.979,,2147483647,986130,False,nan
7732,1182910,1612147317,MERV - XMEV - GGAL - 24hs,6820.0,2025-05-09 16:59:19,129,2025-05-09 16:59:20.541,6820.0,14688,6810.0,1102,6800.0,11226,6790.0,5382,6780.0,4622,6830.0,1613,6840.0,1776,6850.0,15835,6860.0,3139,6870.0,6313,2025-05-09 16:59:20.474,,2147483647,986259,False,nan
7733,1182962,1612147397,MERV - XMEV - GGAL - 24hs,6820.0,2025-05-09 16:59:19,129,2025-05-09 16:59:21.636,6820.0,14688,6810.0,1102,6800.0,11226,6790.0,5382,6780.0,4622,6830.0,1613,6840.0,1776,6850.0,15835,6860.0,3139,6870.0,6338,2025-05-09 16:59:21.572,,2147483647,986259,False,nan
7734,1183156,1612147644,MERV - XMEV - GGAL - 24hs,6830.0,2025-05-09 16:59:23,492,2025-05-09 16:59:23.887,6820.0,14688,6810.0,1102,6800.0,11226,6790.0,5382,6780.0,4622,6830.0,1613,6840.0,1776,6850.0,15835,6860.0,3139,6870.0,6338,2025-05-09 16:59:23.814,,2147483647,986259,True,offer
7735,1183240,1612147757,MERV - XMEV - GGAL - 24hs,6830.0,2025-05-09 16:59:23,492,2025-05-09 16:59:24.821,6820.0,14688,6810.0,1102,6800.0,11226,6790.0,5382,6780.0,4622,6830.0,1121,6840.0,1776,6850.0,15835,6860.0,3139,6870.0,6338,2025-05-09 16:59:24.753,,2147483647,986259,False,nan
7736,1183294,1612147820,MERV - XMEV - GGAL - 24hs,6830.0,2025-05-09 16:59:23,492,2025-05-09 16:59:25.339,6820.0,14688,6810.0,1102,6800.0,11226,6790.0,5382,6780.0,4622,6830.0,1121,6840.0,1776,6850.0,15835,6860.0,3139,6870.0,6338,2025-05-09 16:59:25.254,,2147483647,986751,False,nan
7737,1183364,1612147898,MERV - XMEV - GGAL - 24hs,6830.0,2025-05-09 16:59:25,100,2025-05-09 16:59:25.822,6820.0,14688,6810.0,1102,6800.0,11226,6790.0,5382,6780.0,4622,6830.0,1121,6840.0,1776,6850.0,15835,6860.0,3139,6870.0,6338,2025-05-09 16:59:25.754,,2147483647,986751,True,offer
7738,1183417,1612147958,MERV - XMEV - GGAL - 24hs,6830.0,2025-05-09 16:59:25,100,2025-05-09 16:59:26.385,6820.0,14688,6810.0,1102,6800.0,11226,6790.0,5382,6780.0,4622,6830.0,1021,6840.0,1776,6850.0,15835,6860.0,3139,6870.0,6338,2025-05-09 16:59:26.321,,2147483647,986751,False,nan
7739,1183448,1612147998,MERV - XMEV - GGAL - 24hs,6830.0,2025-05-09 16:59:25,100,2025-05-09 16:59:26.886,6820.0,14688,6810.0,1102,6800.0,11226,6790.0,5382,6780.0,4622,6830.0,1021,6840.0,1776,6850.0,15835,6860.0,3139,6870.0,6338,2025-05-09 16:59:26.821,,2147483647,986851,False,nan
7740,1183699,1612148358,MERV - XMEV - GGAL - 24hs,6830.0,2025-05-09 16:59:25,100,2025-05-09 16:59:30.871,6820.0,14688,6810.0,1102,6800.0,11226,6790.0,5382,6780.0,4622,6830.0,1021,6840.0,2076,6850.0,15835,6860.0,3139,6870.0,6338,2025-05-09 16:59:30.807,,2147483647,986851,False,nan
7741,1183888,1612148593,MERV - XMEV - GGAL - 24hs,6830.0,2025-05-09 16:59:33,9,2025-05-09 16:59:33.765,6820.0,14688,6810.0,1102,6800.0,11226,6790.0,5382,6780.0,4622,6830.0,1021,6840.0,2076,6850.0,15835,6860.0,3139,6870.0,6338,2025-05-09 16:59:33.700,,2147483647,986851,True,offer
7742,1183948,1612148668,MERV - XMEV - GGAL - 24hs,6830.0,2025-05-09 16:59:33,9,2025-05-09 16:59:34.431,6820.0,14688,6810.0,1102,6800.0,11226,6790.0,5382,6780.0,4622,6830.0,1012,6840.0,2076,6850.0,15835,6860.0,3139,6870.0,6338,2025-05-09 16:59:34.365,,2147483647,986851,False,nan
7743,1183979,1612148711,MERV - XMEV - GGAL - 24hs,6830.0,2025-05-09 16:59:33,9,2025-05-09 16:59:34.932,6820.0,14688,6810.0,1102,6800.0,11226,6790.0,5382,6780.0,4622,6830.0,1012,6840.0,2076,6850.0,15835,6860.0,3139,6870.0,6338,2025-05-09 16:59:34.865,,2147483647,986860,False,nan
7744,1184123,1612148921,MERV - XMEV - GGAL - 24hs,6830.0,2025-05-09 16:59:33,9,2025-05-09 16:59:36.632,6820.0,14688,6810.0,1102,6800.0,11226,6790.0,5382,6780.0,4622,6830.0,3512,6840.0,2076,6850.0,15835,6860.0,3139,6870.0,6338,2025-05-09 16:59:36.562,,2147483647,986860,False,nan
7745,1184518,1612149430,MERV - XMEV - GGAL - 24hs,6830.0,2025-05-09 16:59:42,1012,2025-05-09 16:59:42.220,6820.0,14688,6810.0,1102,6800.0,11226,6790.0,5382,6780.0,4622,6830.0,3512,6840.0,2076,6850.0,15835,6860.0,3139,6870.0,6338,2025-05-09 16:59:42.155,,2147483647,986860,True,offer
7746,1184556,1612149475,MERV - XMEV - GGAL - 24hs,6830.0,2025-05-09 16:59:42,2500,2025-05-09 16:59:42.721,6820.0,14688,6810.0,1102,6800.0,11226,6790.0,5382,6780.0,4622,6830.0,3512,6840.0,2076,6850.0,15835,6860.0,3139,6870.0,6338,2025-05-09 16:59:42.655,,2147483647,986860,False,nan
7747,1184593,1612149524,MERV - XMEV - GGAL - 24hs,6830.0,2025-05-09 16:59:42,2500,2025-05-09 16:59:43.219,6820.0,14688,6810.0,1102,6800.0,11226,6790.0,5382,6780.0,4622,6830.0,2500,6840.0,2076,6850.0,15835,6860.0,3139,6870.0,6338,2025-05-09 16:59:43.155,,2147483647,990372,False,nan
7748,1184669,1612149624,MERV - XMEV - GGAL - 24hs,6830.0,2025-05-09 16:59:42,2500,2025-05-09 16:59:44.388,6820.0,14724,6810.0,1102,6800.0,11226,6790.0,5382,6780.0,4622,6830.0,2500,6840.0,2076,6850.0,15835,6860.0,3139,6870.0,6338,2025-05-09 16:59:44.218,,2147483647,990372,False,nan
7749,1184773,1612149765,MERV - XMEV - GGAL - 24hs,6830.0,2025-05-09 16:59:42,2500,2025-05-09 16:59:45.868,6820.0,14724,6810.0,1102,6800.0,11226,6790.0,5382,6780.0,4622,6830.0,2500,6840.0,2076,6850.0,15835,6860.0,3139,6870.0,6438,2025-05-09 16:59:45.793,,2147483647,990372,False,nan
7750,1184900,1612149925,MERV - XMEV - GGAL - 24hs,6830.0,2025-05-09 16:59:47,8,2025-05-09 16:59:47.686,6820.0,14724,6810.0,1102,6800.0,11226,6790.0,5382,6780.0,4622,6830.0,2500,6840.0,2076,6850.0,15835,6860.0,3139,6870.0,6438,2025-05-09 16:59:47.620,,2147483647,990372,True,offer
7751,1184956,1612149994,MERV - XMEV - GGAL - 24hs,6830.0,2025-05-09 16:59:47,8,2025-05-09 16:59:48.350,6820.0,14724,6810.0,1102,6800.0,11226,6790.0,5382,6780.0,4622,6830.0,2492,6840.0,2076,6850.0,15835,6860.0,3139,6870.0,6438,2025-05-09 16:59:48.284,,2147483647,990372,False,nan
7752,1185002,1612150047,MERV - XMEV - GGAL - 24hs,6830.0,2025-05-09 16:59:48,3,2025-05-09 16:59:48.851,6820.0,14724,6810.0,1102,6800.0,11226,6790.0,5382,6780.0,4622,6830.0,2492,6840.0,2076,6850.0,15835,6860.0,3139,6870.0,6438,2025-05-09 16:59:48.785,,2147483647,992880,True,offer
7753,1185065,1612150125,MERV - XMEV - GGAL - 24hs,6830.0,2025-05-09 16:59:48,3,2025-05-09 16:59:49.351,6820.0,14724,6810.0,1102,6800.0,11226,6790.0,5382,6780.0,4622,6830.0,2497,6840.0,2076,6850.0,15835,6860.0,3139,6870.0,6438,2025-05-09 16:59:49.285,,2147483647,992883,False,nan
7754,1185300,1612150433,MERV - XMEV - GGAL - 24hs,6830.0,2025-05-09 16:59:48,3,2025-05-09 16:59:52.336,6820.0,14724,6810.0,1102,6800.0,11226,6790.0,1932,6780.0,4622,6830.0,2497,6840.0,2076,6850.0,15835,6860.0,3139,6870.0,6438,2025-05-09 16:59:52.270,,2147483647,992883,False,nan
7755,1185474,1612150658,MERV - XMEV - GGAL - 24hs,6830.0,2025-05-09 16:59:54,372,2025-05-09 16:59:54.666,6820.0,14724,6810.0,1102,6800.0,11226,6790.0,1932,6780.0,4622,6830.0,2497,6840.0,2076,6850.0,15835,6860.0,3139,6870.0,6438,2025-05-09 16:59:54.599,,2147483647,992883,True,offer
7756,1185516,1612150729,MERV - XMEV - GGAL - 24hs,6830.0,2025-05-09 16:59:54,40,2025-05-09 16:59:55.180,6820.0,14724,6810.0,1102,6800.0,11226,6790.0,1932,6780.0,4622,6830.0,2497,6840.0,2076,6850.0,15835,6860.0,3139,6870.0,6438,2025-05-09 16:59:55.099,,2147483647,993255,False,nan
7757,1185560,1612150790,MERV - XMEV - GGAL - 24hs,6830.0,2025-05-09 16:59:54,40,2025-05-09 16:59:55.665,6820.0,14724,6810.0,1102,6800.0,11226,6790.0,1932,6780.0,4622,6830.0,2085,6840.0,2076,6850.0,15835,6860.0,3139,6870.0,6438,2025-05-09 16:59:55.600,,2147483647,993295,False,nan
7758,1186013,1612151411,MERV - XMEV - GGAL - 24hs,6830.0,2025-05-09 17:00:01,6,2025-05-09 17:00:02.076,6820.0,14724,6810.0,1102,6800.0,11226,6790.0,1932,6780.0,4622,6830.0,2085,6840.0,2076,6850.0,15835,6860.0,3139,6870.0,6438,2025-05-09 17:00:01.969,,2147483647,993295,True,offer
7759,1186108,1612151526,MERV - XMEV - GGAL - 24hs,6830.0,2025-05-09 17:00:01,6,2025-05-09 17:00:02.815,6820.0,14724,6810.0,1102,6800.0,11226,6790.0,1932,6780.0,4622,6830.0,2079,6840.0,2076,6850.0,15835,6860.0,3139,6870.0,6438,2025-05-09 17:00:02.636,,2147483647,993295,False,nan
7760,1186166,1612151593,MERV - XMEV - GGAL - 24hs,6830.0,2025-05-09 17:00:01,6,2025-05-09 17:00:03.206,6820.0,14724,6810.0,1102,6800.0,11226,6790.0,1932,6780.0,4622,6830.0,2079,6840.0,2076,6850.0,15835,6860.0,3139,6870.0,6438,2025-05-09 17:00:03.131,,2147483647,993301,False,nan
7761,1186333,1612151784,MERV - XMEV - GGAL - 24hs,6830.0,2025-05-09 17:00:01,6,2025-05-09 17:00:04.830,6820.0,14724,6810.0,1102,6800.0,11226,6790.0,1932,6780.0,4622,6830.0,2079,6840.0,2076,6850.0,15835,6860.0,4639,6870.0,6438,2025-05-09 17:00:04.763,,2147483647,993301,False,nan
7762,1186453,1612151930,MERV - XMEV - GGAL - 24hs,6830.0,2025-05-09 17:00:01,6,2025-05-09 17:00:06.632,6820.0,14729,6810.0,1102,6800.0,11226,6790.0,1932,6780.0,4622,6830.0,2079,6840.0,2076,6850.0,15835,6860.0,4639,6870.0,6438,2025-05-09 17:00:06.523,,2147483647,993301,False,nan
7763,1186722,1612152312,MERV - XMEV - GGAL - 24hs,6830.0,2025-05-09 17:00:08,739,2025-05-09 17:00:08.818,6820.0,14729,6810.0,1102,6800.0,11226,6790.0,1932,6780.0,4622,6830.0,2079,6840.0,2076,6850.0,15835,6860.0,4639,6870.0,6438,2025-05-09 17:00:08.745,,2147483647,993301,True,offer
7764,1186904,1612152523,MERV - XMEV - GGAL - 24hs,6830.0,2025-05-09 17:00:08,739,2025-05-09 17:00:09.468,6820.0,14729,6810.0,1102,6800.0,11226,6790.0,1932,6780.0,4622,6830.0,1340,6840.0,2076,6850.0,15835,6860.0,4639,6870.0,6438,2025-05-09 17:00:09.249,,2147483647,993301,False,nan
7765,1187073,1612152811,MERV - XMEV - GGAL - 24hs,6830.0,2025-05-09 17:00:08,739,2025-05-09 17:00:10.346,6820.0,14729,6810.0,1102,6800.0,11226,6790.0,1932,6780.0,4622,6830.0,1340,6840.0,2076,6850.0,15835,6860.0,4639,6870.0,6438,2025-05-09 17:00:09.749,,2147483647,994040,False,nan
7766,1187280,1612153123,MERV - XMEV - GGAL - 24hs,6830.0,2025-05-09 17:00:08,739,2025-05-09 17:00:12.039,6820.0,14729,6810.0,1102,6800.0,11226,6790.0,1932,6780.0,4589,6830.0,1340,6840.0,2076,6850.0,15835,6860.0,4639,6870.0,6438,2025-05-09 17:00:11.974,,2147483647,994040,False,nan
7767,1187515,1612153460,MERV - XMEV - GGAL - 24hs,6830.0,2025-05-09 17:00:15,57,2025-05-09 17:00:15.415,6820.0,14729,6810.0,1102,6800.0,11226,6790.0,1932,6780.0,4589,6830.0,1340,6840.0,2076,6850.0,15835,6860.0,4639,6870.0,6438,2025-05-09 17:00:15.341,,2147483647,994040,True,offer
7768,1187588,1612153570,MERV - XMEV - GGAL - 24hs,6830.0,2025-05-09 17:00:15,57,2025-05-09 17:00:16.071,6820.0,14729,6810.0,802,6800.0,11226,6790.0,1932,6780.0,4589,6830.0,1283,6840.0,2076,6850.0,15835,6860.0,4639,6870.0,6438,2025-05-09 17:00:15.991,,2147483647,994040,False,nan
7769,1187670,1612153676,MERV - XMEV - GGAL - 24hs,6830.0,2025-05-09 17:00:15,57,2025-05-09 17:00:16.559,6820.0,14729,6810.0,802,6800.0,11226,6790.0,1932,6780.0,4589,6830.0,1283,6840.0,2076,6850.0,15835,6860.0,4639,6870.0,6438,2025-05-09 17:00:16.491,,2147483647,994097,False,nan
7770,1187907,1612153997,MERV - XMEV - GGAL - 24hs,6830.0,2025-05-09 17:00:18,250,2025-05-09 17:00:18.541,6820.0,14729,6810.0,802,6800.0,11226,6790.0,1932,6780.0,4589,6830.0,1283,6840.0,2076,6850.0,15835,6860.0,4639,6870.0,6438,2025-05-09 17:00:18.476,,2147483647,994097,True,offer
7771,1187965,1612154083,MERV - XMEV - GGAL - 24hs,6830.0,2025-05-09 17:00:18,250,2025-05-09 17:00:19.209,6820.0,14729,6810.0,802,6800.0,11226,6790.0,1932,6780.0,4589,6830.0,1033,6840.0,2076,6850.0,15835,6860.0,4639,6870.0,6438,2025-05-09 17:00:19.143,,2147483647,994097,False,nan
7772,1188020,1612154172,MERV - XMEV - GGAL - 24hs,6830.0,2025-05-09 17:00:18,250,2025-05-09 17:00:19.712,6820.0,14729,6810.0,802,6800.0,11226,6790.0,1932,6780.0,4589,6830.0,1033,6840.0,2076,6850.0,15835,6860.0,4639,6870.0,6438,2025-05-09 17:00:19.643,,2147483647,994347,False,nan
7773,1191529,1612158597,MERV - XMEV - GGAL - 24hs,6830.0,2025-05-09 17:00:18,250,2025-05-09 17:00:51.069,6820.0,14729,6810.0,801,6800.0,11226,6790.0,1932,6780.0,4589,6830.0,1033,6840.0,2076,6850.0,15835,6860.0,4639,6870.0,6438,2025-05-09 17:00:51.003,,2147483647,994347,False,nan
7774,1191848,1612158975,MERV - XMEV - GGAL - 24hs,6830.0,2025-05-09 17:00:18,250,2025-05-09 17:00:53.886,6820.0,14729,6810.0,801,6800.0,11226,6790.0,1932,6780.0,4589,6830.0,1033,6840.0,2076,6850.0,5835,6860.0,14639,6870.0,6438,2025-05-09 17:00:53.789,,2147483647,994347,False,nan
7775,1191909,1612159044,MERV - XMEV - GGAL - 24hs,6820.0,2025-05-09 17:00:54,148,2025-05-09 17:00:54.419,6820.0,14729,6810.0,801,6800.0,11226,6790.0,1932,6780.0,4589,6830.0,1033,6840.0,2076,6850.0,5835,6860.0,14639,6870.0,6438,2025-05-09 17:00:54.351,,2147483647,994347,True,bid
7776,1191962,1612159108,MERV - XMEV - GGAL - 24hs,6820.0,2025-05-09 17:00:54,148,2025-05-09 17:00:55.082,6820.0,14581,6810.0,801,6800.0,11226,6790.0,1932,6780.0,4589,6830.0,1033,6840.0,2076,6850.0,5835,6860.0,14639,6870.0,6438,2025-05-09 17:00:55.017,,2147483647,994347,False,nan
7777,1191988,1612159139,MERV - XMEV - GGAL - 24hs,6820.0,2025-05-09 17:00:54,148,2025-05-09 17:00:55.583,6820.0,14581,6810.0,801,6800.0,11226,6790.0,1932,6780.0,4589,6830.0,1033,6840.0,2076,6850.0,5835,6860.0,14639,6870.0,6438,2025-05-09 17:00:55.517,,2147483647,994495,False,nan
7778,1192368,1612159588,MERV - XMEV - GGAL - 24hs,6830.0,2025-05-09 17:00:57,1,2025-05-09 17:00:57.859,6820.0,14581,6810.0,801,6800.0,11226,6790.0,1932,6780.0,4589,6830.0,1033,6840.0,2076,6850.0,5835,6860.0,14639,6870.0,6438,2025-05-09 17:00:57.792,,2147483647,994495,True,offer
7779,1192505,1612159748,MERV - XMEV - GGAL - 24hs,6830.0,2025-05-09 17:00:57,1,2025-05-09 17:00:58.588,6820.0,14581,6810.0,801,6800.0,11226,6790.0,1932,6780.0,4589,6830.0,1032,6840.0,2076,6850.0,5835,6860.0,14639,6870.0,6438,2025-05-09 17:00:58.461,,2147483647,994495,False,nan
7780,1192533,1612159800,MERV - XMEV - GGAL - 24hs,6830.0,2025-05-09 17:00:57,1,2025-05-09 17:00:59.027,6820.0,14581,6810.0,801,6800.0,11226,6790.0,1932,6780.0,4589,6830.0,1032,6840.0,2076,6850.0,5835,6860.0,14639,6870.0,6438,2025-05-09 17:00:58.961,,2147483647,994496,False,nan
7781,1192671,1612159975,MERV - XMEV - GGAL - 24hs,6830.0,2025-05-09 17:01:00,1000,2025-05-09 17:01:00.172,6820.0,14581,6810.0,801,6800.0,11226,6790.0,1932,6780.0,4589,6830.0,1032,6840.0,2076,6850.0,5835,6860.0,14639,6870.0,6438,2025-05-09 17:01:00.104,,2147483647,994496,True,offer
7782,1192727,1612160060,MERV - XMEV - GGAL - 24hs,6830.0,2025-05-09 17:01:00,1000,2025-05-09 17:01:00.700,6820.0,14581,6810.0,801,6800.0,11226,6790.0,1932,6780.0,4589,6830.0,32,6840.0,2076,6850.0,5835,6860.0,14639,6870.0,6438,2025-05-09 17:01:00.603,,2147483647,994496,False,nan
7783,1192758,1612160098,MERV - XMEV - GGAL - 24hs,6830.0,2025-05-09 17:01:00,1000,2025-05-09 17:01:01.169,6820.0,14581,6810.0,801,6800.0,11226,6790.0,1932,6780.0,4589,6830.0,32,6840.0,2076,6850.0,5835,6860.0,14639,6870.0,6438,2025-05-09 17:01:01.103,,2147483647,995496,False,nan
7784,1193196,1612160632,MERV - XMEV - GGAL - 24hs,6820.0,2025-05-09 17:01:04,140,2025-05-09 17:01:04.656,6820.0,14581,6810.0,801,6800.0,11226,6790.0,1932,6780.0,4589,6830.0,32,6840.0,2076,6850.0,5835,6860.0,14639,6870.0,6438,2025-05-09 17:01:04.591,,2147483647,995496,True,bid
7785,1193260,1612160712,MERV - XMEV - GGAL - 24hs,6820.0,2025-05-09 17:01:04,140,2025-05-09 17:01:05.325,6820.0,14786,6810.0,757,6800.0,11226,6790.0,1932,6780.0,4589,6830.0,32,6840.0,2076,6850.0,5835,6860.0,14639,6870.0,6438,2025-05-09 17:01:05.259,,2147483647,995496,False,nan
7786,1193353,1612160821,MERV - XMEV - GGAL - 24hs,6820.0,2025-05-09 17:01:04,140,2025-05-09 17:01:05.835,6820.0,14786,6810.0,757,6800.0,11226,6790.0,1932,6780.0,4589,6830.0,32,6840.0,2076,6850.0,5835,6860.0,14639,6870.0,6438,2025-05-09 17:01:05.759,,2147483647,995636,False,nan
7787,1193510,1612161018,MERV - XMEV - GGAL - 24hs,6820.0,2025-05-09 17:01:06,1,2025-05-09 17:01:07.123,6820.0,14786,6810.0,757,6800.0,11226,6790.0,1932,6780.0,4589,6830.0,32,6840.0,2076,6850.0,5835,6860.0,14639,6870.0,6438,2025-05-09 17:01:06.892,,2147483647,995636,True,bid
7788,1193587,1612161111,MERV - XMEV - GGAL - 24hs,6820.0,2025-05-09 17:01:06,1,2025-05-09 17:01:07.508,6820.0,14785,6810.0,757,6800.0,11226,6790.0,1932,6780.0,4589,6830.0,32,6840.0,2076,6850.0,5835,6860.0,14639,6870.0,6438,2025-05-09 17:01:07.396,,2147483647,995636,False,nan
7789,1193641,1612161177,MERV - XMEV - GGAL - 24hs,6820.0,2025-05-09 17:01:06,1,2025-05-09 17:01:07.961,6820.0,14785,6810.0,757,6800.0,11226,6790.0,1932,6780.0,4589,6830.0,32,6840.0,2076,6850.0,5835,6860.0,14639,6870.0,6438,2025-05-09 17:01:07.896,,2147483647,995637,False,nan
7790,1193742,1612161296,MERV - XMEV - GGAL - 24hs,6830.0,2025-05-09 17:01:08,32,2025-05-09 17:01:09.262,6820.0,14785,6810.0,757,6800.0,11226,6790.0,1932,6780.0,4589,6830.0,32,6840.0,2076,6850.0,5835,6860.0,14639,6870.0,6438,2025-05-09 17:01:09.196,,2147483647,995637,True,offer
7791,1193843,1612161420,MERV - XMEV - GGAL - 24hs,6830.0,2025-05-09 17:01:08,32,2025-05-09 17:01:10.104,6820.0,14785,6810.0,757,6800.0,11226,6790.0,1932,6780.0,4589,6830.0,2500,6840.0,2076,6850.0,5835,6860.0,14639,6870.0,6438,2025-05-09 17:01:10.002,,2147483647,995637,False,nan
7792,1193902,1612161489,MERV - XMEV - GGAL - 24hs,6830.0,2025-05-09 17:01:08,32,2025-05-09 17:01:10.573,6820.0,14785,6810.0,757,6800.0,11226,6790.0,1932,6780.0,4589,6830.0,2500,6840.0,2076,6850.0,5835,6860.0,14639,6870.0,6438,2025-05-09 17:01:10.503,,2147483647,995669,False,nan
7793,1194016,1612161636,MERV - XMEV - GGAL - 24hs,6830.0,2025-05-09 17:01:08,32,2025-05-09 17:01:11.422,6820.0,14440,6810.0,801,6800.0,11226,6790.0,1932,6780.0,4589,6830.0,2500,6840.0,2076,6850.0,5835,6860.0,14639,6870.0,6438,2025-05-09 17:01:11.312,,2147483647,995669,False,nan
7794,1194056,1612161680,MERV - XMEV - GGAL - 24hs,6830.0,2025-05-09 17:01:11,460,2025-05-09 17:01:11.878,6820.0,14440,6810.0,801,6800.0,11226,6790.0,1932,6780.0,4589,6830.0,2500,6840.0,2076,6850.0,5835,6860.0,14639,6870.0,6438,2025-05-09 17:01:11.813,,2147483647,995669,True,offer
7795,1194086,1612161713,MERV - XMEV - GGAL - 24hs,6830.0,2025-05-09 17:01:11,460,2025-05-09 17:01:12.378,6820.0,14440,6810.0,801,6800.0,11226,6790.0,1932,6780.0,4589,6830.0,2040,6840.0,2076,6850.0,5835,6860.0,14639,6870.0,6438,2025-05-09 17:01:12.313,,2147483647,996129,False,nan
7796,1194182,1612161836,MERV - XMEV - GGAL - 24hs,6830.0,2025-05-09 17:01:11,460,2025-05-09 17:01:13.412,6820.0,14440,6810.0,1051,6800.0,11226,6790.0,1932,6780.0,4589,6830.0,2040,6840.0,2076,6850.0,5835,6860.0,14639,6870.0,6438,2025-05-09 17:01:13.335,,2147483647,996129,False,nan
7797,1195542,1612163561,MERV - XMEV - GGAL - 24hs,6830.0,2025-05-09 17:01:11,460,2025-05-09 17:01:24.199,6820.0,14440,6810.0,1051,6800.0,11226,6790.0,2932,6780.0,3589,6830.0,2040,6840.0,2076,6850.0,5835,6860.0,14639,6870.0,6438,2025-05-09 17:01:24.132,,2147483647,996129,False,nan
7798,1195614,1612163649,MERV - XMEV - GGAL - 24hs,6830.0,2025-05-09 17:01:24,1,2025-05-09 17:01:24.906,6820.0,14440,6810.0,1051,6800.0,11226,6790.0,2932,6780.0,3589,6830.0,2040,6840.0,2076,6850.0,5835,6860.0,14639,6870.0,6438,2025-05-09 17:01:24.841,,2147483647,996129,True,offer
7799,1195648,1612163692,MERV - XMEV - GGAL - 24hs,6830.0,2025-05-09 17:01:24,2961,2025-05-09 17:01:25.407,6820.0,14440,6810.0,1051,6800.0,11226,6790.0,2932,6780.0,3589,6830.0,2040,6840.0,2076,6850.0,5835,6860.0,14639,6870.0,6438,2025-05-09 17:01:25.341,,2147483647,996130,False,nan
7800,1195694,1612163747,MERV - XMEV - GGAL - 24hs,6830.0,2025-05-09 17:01:24,2961,2025-05-09 17:01:25.906,6820.0,14440,6810.0,1051,6800.0,11226,6790.0,2932,6780.0,3589,6830.0,2500,6840.0,2076,6850.0,5835,6860.0,14639,6870.0,6439,2025-05-09 17:01:25.841,,2147483647,1001130,False,nan
7801,1195988,1612164105,MERV - XMEV - GGAL - 24hs,6830.0,2025-05-09 17:01:24,2961,2025-05-09 17:01:27.919,6820.0,14440,6810.0,1051,6800.0,11326,6790.0,2932,6780.0,3589,6830.0,2500,6840.0,2076,6850.0,5835,6860.0,14639,6870.0,6439,2025-05-09 17:01:27.531,,2147483647,1001130,False,nan
7802,1196248,1612164466,MERV - XMEV - GGAL - 24hs,6830.0,2025-05-09 17:01:24,2961,2025-05-09 17:01:29.485,6820.0,14440,6810.0,745,6800.0,12378,6790.0,2932,6780.0,3589,6830.0,2500,6840.0,2076,6850.0,5835,6860.0,14639,6870.0,6439,2025-05-09 17:01:29.419,,2147483647,1001130,False,nan
7803,1196339,1612164572,MERV - XMEV - GGAL - 24hs,6830.0,2025-05-09 17:01:24,2961,2025-05-09 17:01:30.341,6820.0,14440,6810.0,745,6800.0,12413,6790.0,2932,6780.0,3589,6830.0,2500,6840.0,2076,6850.0,5835,6860.0,14639,6870.0,6439,2025-05-09 17:01:30.276,,2147483647,1001130,False,nan
7804,1196417,1612164673,MERV - XMEV - GGAL - 24hs,6830.0,2025-05-09 17:01:30,300,2025-05-09 17:01:31.003,6820.0,14440,6810.0,745,6800.0,12413,6790.0,2932,6780.0,3589,6830.0,2500,6840.0,2076,6850.0,5835,6860.0,14639,6870.0,6439,2025-05-09 17:01:30.930,,2147483647,1001130,True,offer
7805,1196474,1612164747,MERV - XMEV - GGAL - 24hs,6830.0,2025-05-09 17:01:30,300,2025-05-09 17:01:31.711,6820.0,14440,6810.0,745,6800.0,12413,6790.0,2932,6780.0,3589,6830.0,2500,6840.0,2076,6850.0,5835,6860.0,14639,6870.0,6439,2025-05-09 17:01:31.640,,2147483647,1001430,False,nan
7806,1196556,1612164855,MERV - XMEV - GGAL - 24hs,6830.0,2025-05-09 17:01:30,300,2025-05-09 17:01:32.236,6820.0,14440,6810.0,745,6800.0,12413,6790.0,2932,6780.0,3589,6830.0,2200,6840.0,2076,6850.0,5835,6860.0,14639,6870.0,6439,2025-05-09 17:01:32.140,,2147483647,1001430,False,nan
7807,1196635,1612164958,MERV - XMEV - GGAL - 24hs,6830.0,2025-05-09 17:01:30,300,2025-05-09 17:01:33.099,6820.0,14785,6810.0,745,6800.0,11326,6790.0,2932,6780.0,3589,6830.0,2200,6840.0,2076,6850.0,5835,6860.0,14639,6870.0,6439,2025-05-09 17:01:33.034,,2147483647,1001430,False,nan
7808,1196734,1612165088,MERV - XMEV - GGAL - 24hs,6830.0,2025-05-09 17:01:30,300,2025-05-09 17:01:34.446,6820.0,18251,6810.0,745,6800.0,11326,6790.0,2932,6780.0,18589,6830.0,2200,6840.0,2076,6850.0,5835,6860.0,14639,6870.0,6439,2025-05-09 17:01:34.380,,2147483647,1001430,False,nan
7809,1197092,1612165563,MERV - XMEV - GGAL - 24hs,6830.0,2025-05-09 17:01:30,300,2025-05-09 17:01:37.456,6820.0,14440,6810.0,1090,6800.0,11326,6790.0,2932,6780.0,18589,6830.0,2200,6840.0,2076,6850.0,3835,6860.0,16639,6870.0,6439,2025-05-09 17:01:36.950,,2147483647,1001430,False,nan
7810,1197844,1612166479,MERV - XMEV - GGAL - 24hs,6830.0,2025-05-09 17:01:30,300,2025-05-09 17:01:41.199,6820.0,14440,6810.0,745,6800.0,20882,6790.0,2932,6780.0,18589,6830.0,2200,6840.0,2076,6850.0,3835,6860.0,16639,6870.0,6439,2025-05-09 17:01:40.535,,2147483647,1001430,False,nan
7811,1198351,1612167137,MERV - XMEV - GGAL - 24hs,6830.0,2025-05-09 17:01:41,4,2025-05-09 17:01:43.163,6820.0,14440,6810.0,745,6800.0,20882,6790.0,2932,6780.0,18589,6830.0,2200,6840.0,2076,6850.0,3835,6860.0,16639,6870.0,6439,2025-05-09 17:01:41.923,,2147483647,1001430,True,offer
7812,1198450,1612167250,MERV - XMEV - GGAL - 24hs,6830.0,2025-05-09 17:01:41,4,2025-05-09 17:01:43.507,6820.0,18251,6810.0,745,6800.0,11326,6790.0,2932,6780.0,18589,6830.0,2196,6840.0,2076,6850.0,3835,6860.0,16639,6870.0,6439,2025-05-09 17:01:42.422,,2147483647,1001430,False,nan
7813,1198516,1612167345,MERV - XMEV - GGAL - 24hs,6830.0,2025-05-09 17:01:41,4,2025-05-09 17:01:43.810,6820.0,18251,6810.0,745,6800.0,11326,6790.0,2932,6780.0,18589,6830.0,2196,6840.0,2076,6850.0,3835,6860.0,16639,6870.0,6439,2025-05-09 17:01:42.921,,2147483647,1001434,False,nan
7814,1200289,1612169648,MERV - XMEV - GGAL - 24hs,6830.0,2025-05-09 17:01:54,100,2025-05-09 17:01:54.217,6820.0,18251,6810.0,745,6800.0,11326,6790.0,2932,6780.0,18589,6830.0,2196,6840.0,2076,6850.0,3835,6860.0,16639,6870.0,6439,2025-05-09 17:01:54.150,,2147483647,1001434,True,offer
7815,1200340,1612169711,MERV - XMEV - GGAL - 24hs,6830.0,2025-05-09 17:01:54,100,2025-05-09 17:01:54.716,6820.0,18251,6810.0,745,6800.0,11326,6790.0,17932,6780.0,3589,6830.0,2096,6840.0,2076,6850.0,3835,6860.0,16639,6870.0,6439,2025-05-09 17:01:54.650,,2147483647,1001434,False,nan
7816,1200379,1612169761,MERV - XMEV - GGAL - 24hs,6830.0,2025-05-09 17:01:54,100,2025-05-09 17:01:55.215,6820.0,18251,6810.0,745,6800.0,11326,6790.0,17932,6780.0,3589,6830.0,2096,6840.0,2076,6850.0,3835,6860.0,16639,6870.0,6439,2025-05-09 17:01:55.150,,2147483647,1001534,False,nan
7817,1200753,1612170237,MERV - XMEV - GGAL - 24hs,6830.0,2025-05-09 17:01:54,100,2025-05-09 17:01:57.732,6820.0,18851,6810.0,745,6800.0,11326,6790.0,17932,6780.0,3589,6830.0,2096,6840.0,2076,6850.0,3835,6860.0,6639,6870.0,16439,2025-05-09 17:01:57.616,,2147483647,1001534,False,nan
7818,1201652,1612171367,MERV - XMEV - GGAL - 24hs,6820.0,2025-05-09 17:01:59,6,2025-05-09 17:02:01.319,6820.0,18851,6810.0,745,6800.0,11326,6790.0,17932,6780.0,3589,6830.0,2096,6840.0,2076,6850.0,3835,6860.0,6639,6870.0,16439,2025-05-09 17:02:00.582,,2147483647,1001534,True,bid
7819,1201885,1612171636,MERV - XMEV - GGAL - 24hs,6820.0,2025-05-09 17:01:59,6,2025-05-09 17:02:02.146,6820.0,18845,6810.0,745,6800.0,11326,6790.0,17932,6780.0,3589,6830.0,2096,6840.0,2076,6850.0,3835,6860.0,6639,6870.0,16439,2025-05-09 17:02:01.124,,2147483647,1001534,False,nan
7820,1202061,1612171876,MERV - XMEV - GGAL - 24hs,6820.0,2025-05-09 17:01:59,6,2025-05-09 17:02:02.872,6820.0,18845,6810.0,745,6800.0,11326,6790.0,17932,6780.0,3589,6830.0,2096,6840.0,2076,6850.0,3835,6860.0,6639,6870.0,16439,2025-05-09 17:02:01.586,,2147483647,1001540,False,nan
7821,1202602,1612172609,MERV - XMEV - GGAL - 24hs,6820.0,2025-05-09 17:01:59,6,2025-05-09 17:02:05.091,6820.0,18945,6810.0,745,6800.0,11326,6790.0,17932,6780.0,3589,6830.0,2096,6840.0,2076,6850.0,3835,6860.0,6639,6870.0,16439,2025-05-09 17:02:04.932,,2147483647,1001540,False,nan
7822,1202670,1612172692,MERV - XMEV - GGAL - 24hs,6830.0,2025-05-09 17:02:05,1,2025-05-09 17:02:05.751,6820.0,18945,6810.0,745,6800.0,11326,6790.0,17932,6780.0,3589,6830.0,2096,6840.0,2076,6850.0,3835,6860.0,6639,6870.0,16439,2025-05-09 17:02:05.671,,2147483647,1001540,True,offer
7823,1202762,1612172816,MERV - XMEV - GGAL - 24hs,6830.0,2025-05-09 17:02:05,1,2025-05-09 17:02:06.247,6820.0,22759,6810.0,745,6800.0,11326,6790.0,17932,6780.0,3589,6830.0,2095,6840.0,2076,6850.0,3835,6860.0,6639,6870.0,16439,2025-05-09 17:02:06.181,,2147483647,1001540,False,nan
7824,1202828,1612172908,MERV - XMEV - GGAL - 24hs,6830.0,2025-05-09 17:02:05,1,2025-05-09 17:02:06.764,6820.0,22759,6810.0,745,6800.0,11326,6790.0,17932,6780.0,3589,6830.0,2095,6840.0,2076,6850.0,3835,6860.0,6639,6870.0,16439,2025-05-09 17:02:06.682,,2147483647,1001541,False,nan
7825,1204010,1612174425,MERV - XMEV - GGAL - 24hs,6830.0,2025-05-09 17:02:12,10,2025-05-09 17:02:12.616,6820.0,22759,6810.0,745,6800.0,11326,6790.0,17932,6780.0,3589,6830.0,2095,6840.0,2076,6850.0,3835,6860.0,6639,6870.0,16439,2025-05-09 17:02:12.385,,2147483647,1001541,True,offer
7826,1204076,1612174499,MERV - XMEV - GGAL - 24hs,6830.0,2025-05-09 17:02:12,10,2025-05-09 17:02:13.036,6820.0,23105,6810.0,745,6800.0,11326,6790.0,17932,6780.0,3589,6830.0,2085,6840.0,2076,6850.0,3835,6860.0,6639,6870.0,16439,2025-05-09 17:02:12.966,,2147483647,1001541,False,nan
7827,1204164,1612174611,MERV - XMEV - GGAL - 24hs,6830.0,2025-05-09 17:02:12,10,2025-05-09 17:02:13.552,6820.0,23105,6810.0,745,6800.0,11326,6790.0,17932,6780.0,3589,6830.0,2085,6840.0,2076,6850.0,3835,6860.0,6639,6870.0,16439,2025-05-09 17:02:13.468,,2147483647,1001551,False,nan
7828,1204457,1612174954,MERV - XMEV - GGAL - 24hs,6830.0,2025-05-09 17:02:12,10,2025-05-09 17:02:14.796,6820.0,18945,6810.0,1479,6800.0,11326,6790.0,17932,6780.0,3589,6830.0,2085,6840.0,2076,6850.0,3835,6860.0,6639,6870.0,16439,2025-05-09 17:02:14.298,,2147483647,1001551,False,nan
7829,1204789,1612175360,MERV - XMEV - GGAL - 24hs,6830.0,2025-05-09 17:02:12,10,2025-05-09 17:02:16.046,6820.0,18945,6810.0,1479,6800.0,11326,6790.0,17932,6780.0,3579,6830.0,2085,6840.0,2076,6850.0,3835,6860.0,6639,6870.0,16439,2025-05-09 17:02:15.273,,2147483647,1001551,False,nan
7830,1204893,1612175485,MERV - XMEV - GGAL - 24hs,6830.0,2025-05-09 17:02:14,1,2025-05-09 17:02:16.423,6820.0,18945,6810.0,845,6800.0,11326,6790.0,17932,6780.0,3579,6830.0,2084,6840.0,2076,6850.0,3835,6860.0,6639,6870.0,16439,2025-05-09 17:02:15.774,,2147483647,1001552,True,offer
7831,1205308,1612175970,MERV - XMEV - GGAL - 24hs,6830.0,2025-05-09 17:02:17,2084,2025-05-09 17:02:18.051,6820.0,18945,6810.0,845,6800.0,11326,6790.0,17932,6780.0,3579,6830.0,2084,6840.0,2076,6850.0,3835,6860.0,6639,6870.0,16439,2025-05-09 17:02:17.983,,2147483647,1001552,True,offer
7832,1205380,1612176048,MERV - XMEV - GGAL - 24hs,6830.0,2025-05-09 17:02:17,2916,2025-05-09 17:02:18.560,6820.0,18945,6810.0,845,6800.0,11326,6790.0,17932,6780.0,3579,6830.0,2084,6840.0,2076,6850.0,3835,6860.0,6639,6870.0,16439,2025-05-09 17:02:18.484,,2147483647,1001552,False,nan
7833,1205458,1612176158,MERV - XMEV - GGAL - 24hs,6830.0,2025-05-09 17:02:17,2916,2025-05-09 17:02:19.049,6820.0,18945,6810.0,845,6800.0,11326,6790.0,17932,6780.0,3579,6830.0,2500,6840.0,2076,6850.0,3835,6860.0,6639,6870.0,16439,2025-05-09 17:02:18.983,,2147483647,1006552,False,nan
7834,1206736,1612177771,MERV - XMEV - GGAL - 24hs,6830.0,2025-05-09 17:02:17,2916,2025-05-09 17:02:25.155,6820.0,15134,6810.0,845,6800.0,13113,6790.0,17932,6780.0,3579,6830.0,2500,6840.0,2076,6850.0,3835,6860.0,6639,6870.0,16439,2025-05-09 17:02:24.434,,2147483647,1006552,False,nan
7835,1206946,1612178033,MERV - XMEV - GGAL - 24hs,6830.0,2025-05-09 17:02:17,2916,2025-05-09 17:02:25.938,6820.0,15134,6810.0,845,6800.0,11337,6790.0,17932,6780.0,3579,6830.0,2500,6840.0,2076,6850.0,3835,6860.0,6639,6870.0,16439,2025-05-09 17:02:24.932,,2147483647,1006552,False,nan
7836,1207082,1612178198,MERV - XMEV - GGAL - 24hs,6830.0,2025-05-09 17:02:17,2916,2025-05-09 17:02:26.436,6820.0,15134,6810.0,845,6800.0,12031,6790.0,17932,6780.0,3579,6830.0,2500,6840.0,2076,6850.0,3835,6860.0,6639,6870.0,16439,2025-05-09 17:02:25.437,,2147483647,1006552,False,nan
7837,1207164,1612178307,MERV - XMEV - GGAL - 24hs,6830.0,2025-05-09 17:02:25,2500,2025-05-09 17:02:26.771,6820.0,15134,6810.0,845,6800.0,12067,6790.0,17932,6780.0,3579,6830.0,2500,6840.0,2076,6850.0,3835,6860.0,6639,6870.0,16439,2025-05-09 17:02:25.933,,2147483647,1006552,True,offer
7838,1207239,1612178419,MERV - XMEV - GGAL - 24hs,6830.0,2025-05-09 17:02:25,2500,2025-05-09 17:02:27.119,6820.0,15134,6810.0,845,6800.0,12031,6790.0,17932,6780.0,3579,6830.0,2500,6840.0,2076,6850.0,3835,6860.0,4639,6870.0,16439,2025-05-09 17:02:26.719,,2147483647,1009052,False,nan
7839,1207426,1612178654,MERV - XMEV - GGAL - 24hs,6830.0,2025-05-09 17:02:25,2500,2025-05-09 17:02:27.839,6820.0,15134,6810.0,845,6800.0,27684,6790.0,1932,6780.0,3579,6830.0,2500,6840.0,2076,6850.0,3835,6860.0,4639,6870.0,16439,2025-05-09 17:02:27.162,,2147483647,1009052,False,nan
7840,1207857,1612179222,MERV - XMEV - GGAL - 24hs,6830.0,2025-05-09 17:02:25,2500,2025-05-09 17:02:29.572,6820.0,15134,6810.0,1226,6800.0,27326,6790.0,1932,6780.0,3579,6830.0,2500,6840.0,2076,6850.0,3835,6860.0,4639,6870.0,16439,2025-05-09 17:02:28.571,,2147483647,1009052,False,nan
7841,1207937,1612179329,MERV - XMEV - GGAL - 24hs,6830.0,2025-05-09 17:02:25,2500,2025-05-09 17:02:29.888,6820.0,15134,6810.0,2226,6800.0,26326,6790.0,1932,6780.0,3579,6830.0,2500,6840.0,2076,6850.0,3835,6860.0,4639,6870.0,16439,2025-05-09 17:02:29.141,,2147483647,1009052,False,nan
7842,1209168,1612180929,MERV - XMEV - GGAL - 24hs,6830.0,2025-05-09 17:02:34,2500,2025-05-09 17:02:34.767,6820.0,15134,6810.0,2226,6800.0,26326,6790.0,1932,6780.0,3579,6830.0,2500,6840.0,2076,6850.0,3835,6860.0,4639,6870.0,16439,2025-05-09 17:02:34.318,,2147483647,1009052,True,offer
7843,1209284,1612181070,MERV - XMEV - GGAL - 24hs,6830.0,2025-05-09 17:02:34,7500,2025-05-09 17:02:35.196,6820.0,15134,6810.0,2226,6800.0,26326,6790.0,1932,6780.0,3579,6830.0,2500,6840.0,2076,6850.0,3835,6860.0,4639,6870.0,16439,2025-05-09 17:02:34.818,,2147483647,1009052,False,nan
7844,1209330,1612181131,MERV - XMEV - GGAL - 24hs,6830.0,2025-05-09 17:02:34,2500,2025-05-09 17:02:35.389,6820.0,15134,6810.0,2226,6800.0,26326,6790.0,1932,6780.0,3579,6830.0,2500,6840.0,2076,6850.0,3835,6860.0,4639,6870.0,16439,2025-05-09 17:02:35.319,,2147483647,1021552,False,nan
7845,1209408,1612181227,MERV - XMEV - GGAL - 24hs,6830.0,2025-05-09 17:02:35,4,2025-05-09 17:02:35.895,6820.0,15134,6810.0,2226,6800.0,26326,6790.0,1932,6780.0,3579,6830.0,2500,6840.0,2076,6850.0,3835,6860.0,4639,6870.0,16439,2025-05-09 17:02:35.819,,2147483647,1021552,True,offer
7846,1209557,1612181425,MERV - XMEV - GGAL - 24hs,6830.0,2025-05-09 17:02:35,4,2025-05-09 17:02:36.535,6820.0,15134,6810.0,2960,6800.0,11326,6790.0,16932,6780.0,3579,6830.0,2496,6840.0,2076,6850.0,3835,6860.0,4639,6870.0,16439,2025-05-09 17:02:36.328,,2147483647,1021556,False,nan
7847,1209788,1612181708,MERV - XMEV - GGAL - 24hs,6830.0,2025-05-09 17:02:35,4,2025-05-09 17:02:37.468,6820.0,15134,6810.0,2960,6800.0,11326,6790.0,16932,6780.0,3579,6830.0,2496,6840.0,2076,6850.0,3835,6860.0,4639,6870.0,6439,2025-05-09 17:02:37.387,,2147483647,1021556,False,nan
7848,1209973,1612181946,MERV - XMEV - GGAL - 24hs,6830.0,2025-05-09 17:02:35,4,2025-05-09 17:02:38.247,6820.0,15134,6810.0,2226,6800.0,11326,6790.0,16932,6780.0,3579,6830.0,2496,6840.0,2076,6850.0,3835,6860.0,4639,6870.0,6439,2025-05-09 17:02:38.059,,2147483647,1021556,False,nan
7849,1210232,1612182292,MERV - XMEV - GGAL - 24hs,6830.0,2025-05-09 17:02:38,1,2025-05-09 17:02:39.295,6820.0,15134,6810.0,2226,6800.0,11326,6790.0,16932,6780.0,3579,6830.0,2496,6840.0,2076,6850.0,3835,6860.0,4639,6870.0,6439,2025-05-09 17:02:38.857,,2147483647,1021556,True,offer
7850,1210290,1612182360,MERV - XMEV - GGAL - 24hs,6830.0,2025-05-09 17:02:38,1,2025-05-09 17:02:39.579,6820.0,15134,6810.0,2226,6800.0,11326,6790.0,16932,6780.0,3579,6830.0,2495,6840.0,2076,6850.0,3835,6860.0,4639,6870.0,6439,2025-05-09 17:02:39.512,,2147483647,1021556,False,nan
7851,1210356,1612182437,MERV - XMEV - GGAL - 24hs,6820.0,2025-05-09 17:02:39,325,2025-05-09 17:02:40.096,6820.0,15134,6810.0,2226,6800.0,11326,6790.0,16932,6780.0,3579,6830.0,2495,6840.0,2076,6850.0,3835,6860.0,4639,6870.0,6439,2025-05-09 17:02:40.016,,2147483647,1021557,True,bid
7852,1210556,1612182720,MERV - XMEV - GGAL - 24hs,6820.0,2025-05-09 17:02:39,325,2025-05-09 17:02:40.959,6820.0,14809,6810.0,2226,6800.0,11326,6790.0,16932,6780.0,3579,6830.0,2495,6840.0,2076,6850.0,3835,6860.0,4639,6870.0,6439,2025-05-09 17:02:40.627,,2147483647,1021557,False,nan
7853,1210604,1612182781,MERV - XMEV - GGAL - 24hs,6820.0,2025-05-09 17:02:39,325,2025-05-09 17:02:41.195,6820.0,14809,6810.0,2226,6800.0,11326,6790.0,16932,6780.0,3579,6830.0,2495,6840.0,2076,6850.0,3835,6860.0,4639,6870.0,6439,2025-05-09 17:02:41.128,,2147483647,1021882,False,nan
7854,1210774,1612182996,MERV - XMEV - GGAL - 24hs,6830.0,2025-05-09 17:02:42,500,2025-05-09 17:02:42.684,6820.0,14809,6810.0,2226,6800.0,11326,6790.0,16932,6780.0,3579,6830.0,2495,6840.0,2076,6850.0,3835,6860.0,4639,6870.0,6439,2025-05-09 17:02:42.427,,2147483647,1021882,True,offer
7855,1210871,1612183139,MERV - XMEV - GGAL - 24hs,6830.0,2025-05-09 17:02:42,500,2025-05-09 17:02:43.200,6820.0,14809,6810.0,2226,6800.0,11326,6790.0,16932,6780.0,3579,6830.0,2495,6840.0,2076,6850.0,3835,6860.0,4639,6870.0,6439,2025-05-09 17:02:43.134,,2147483647,1022382,False,nan
7856,1210957,1612183241,MERV - XMEV - GGAL - 24hs,6830.0,2025-05-09 17:02:43,1,2025-05-09 17:02:43.701,6820.0,14809,6810.0,2226,6800.0,11326,6790.0,16932,6780.0,3579,6830.0,1995,6840.0,2076,6850.0,3835,6860.0,4639,6870.0,6439,2025-05-09 17:02:43.634,,2147483647,1022382,True,offer
7857,1211077,1612183387,MERV - XMEV - GGAL - 24hs,6830.0,2025-05-09 17:02:43,1,2025-05-09 17:02:44.359,6820.0,14809,6810.0,2226,6800.0,11326,6790.0,16932,6780.0,3579,6830.0,1994,6840.0,2076,6850.0,3835,6860.0,4639,6870.0,6439,2025-05-09 17:02:44.289,,2147483647,1022382,False,nan
7858,1211133,1612183465,MERV - XMEV - GGAL - 24hs,6830.0,2025-05-09 17:02:43,1,2025-05-09 17:02:44.860,6820.0,14809,6810.0,2226,6800.0,11326,6790.0,16932,6780.0,3579,6830.0,1994,6840.0,2076,6850.0,3835,6860.0,4639,6870.0,6439,2025-05-09 17:02:44.789,,2147483647,1022383,False,nan
7859,1211189,1612183543,MERV - XMEV - GGAL - 24hs,6820.0,2025-05-09 17:02:44,5,2025-05-09 17:02:45.360,6820.0,14809,6810.0,2226,6800.0,11326,6790.0,16932,6780.0,3579,6830.0,1994,6840.0,2076,6850.0,3835,6860.0,4639,6870.0,6439,2025-05-09 17:02:45.288,,2147483647,1022383,True,bid
7860,1211280,1612183676,MERV - XMEV - GGAL - 24hs,6820.0,2025-05-09 17:02:44,5,2025-05-09 17:02:45.936,6820.0,14804,6810.0,2226,6800.0,11326,6790.0,16932,6780.0,3579,6830.0,1994,6840.0,2076,6850.0,3835,6860.0,4639,6870.0,6439,2025-05-09 17:02:45.789,,2147483647,1022388,False,nan
7861,1212684,1612185566,MERV - XMEV - GGAL - 24hs,6820.0,2025-05-09 17:02:44,5,2025-05-09 17:02:56.090,6820.0,14804,6810.0,1226,6800.0,12326,6790.0,16932,6780.0,3579,6830.0,1994,6840.0,2076,6850.0,3835,6860.0,4639,6870.0,18439,2025-05-09 17:02:56.024,,2147483647,1022388,False,nan
7862,1214184,1612187643,MERV - XMEV - GGAL - 24hs,6820.0,2025-05-09 17:02:44,5,2025-05-09 17:03:07.446,6820.0,14804,6810.0,1226,6800.0,27326,6790.0,1932,6780.0,3579,6830.0,1994,6840.0,2076,6850.0,3835,6860.0,4639,6870.0,18439,2025-05-09 17:03:07.379,,2147483647,1022388,False,nan
7863,1215075,1612188789,MERV - XMEV - GGAL - 24hs,6820.0,2025-05-09 17:02:44,5,2025-05-09 17:03:13.836,6820.0,14804,6810.0,1573,6800.0,27326,6790.0,1932,6780.0,3579,6830.0,1994,6840.0,2076,6850.0,3835,6860.0,4639,6870.0,18439,2025-05-09 17:03:13.134,,2147483647,1022388,False,nan
7864,1215238,1612188996,MERV - XMEV - GGAL - 24hs,6820.0,2025-05-09 17:02:44,5,2025-05-09 17:03:14.545,6820.0,14804,6810.0,1573,6800.0,27344,6790.0,1932,6780.0,3579,6830.0,1994,6840.0,2076,6850.0,3835,6860.0,4639,6870.0,18439,2025-05-09 17:03:14.478,,2147483647,1022388,False,nan
7865,1215490,1612189316,MERV - XMEV - GGAL - 24hs,6820.0,2025-05-09 17:02:44,5,2025-05-09 17:03:16.788,6820.0,14804,6810.0,1554,6800.0,27344,6790.0,1932,6780.0,3579,6830.0,1994,6840.0,2076,6850.0,3835,6860.0,4639,6870.0,18439,2025-05-09 17:03:16.721,,2147483647,1022388,False,nan
7866,1215678,1612189571,MERV - XMEV - GGAL - 24hs,6820.0,2025-05-09 17:02:44,5,2025-05-09 17:03:18.875,6820.0,14805,6810.0,1573,6800.0,27344,6790.0,1932,6780.0,3579,6830.0,1994,6840.0,2076,6850.0,3835,6860.0,4639,6870.0,18439,2025-05-09 17:03:18.517,,2147483647,1022388,False,nan
7867,1216017,1612190090,MERV - XMEV - GGAL - 24hs,6830.0,2025-05-09 17:03:22,2,2025-05-09 17:03:22.582,6820.0,14805,6810.0,1573,6800.0,27344,6790.0,1932,6780.0,3579,6830.0,1994,6840.0,2076,6850.0,3835,6860.0,4639,6870.0,18439,2025-05-09 17:03:22.516,,2147483647,1022388,True,offer
7868,1216066,1612190148,MERV - XMEV - GGAL - 24hs,6830.0,2025-05-09 17:03:22,2,2025-05-09 17:03:23.247,6820.0,14805,6810.0,1573,6800.0,27344,6790.0,1932,6780.0,3579,6830.0,1992,6840.0,2076,6850.0,3835,6860.0,4639,6870.0,18439,2025-05-09 17:03:23.181,,2147483647,1022388,False,nan
7869,1216118,1612190223,MERV - XMEV - GGAL - 24hs,6830.0,2025-05-09 17:03:22,2,2025-05-09 17:03:23.748,6820.0,14805,6810.0,1573,6800.0,27344,6790.0,1932,6780.0,3579,6830.0,1992,6840.0,2076,6850.0,3835,6860.0,4639,6870.0,18439,2025-05-09 17:03:23.682,,2147483647,1022390,False,nan
7870,1216235,1612190374,MERV - XMEV - GGAL - 24hs,6830.0,2025-05-09 17:03:22,2,2025-05-09 17:03:24.993,6820.0,15005,6810.0,1573,6800.0,27344,6790.0,1932,6780.0,3579,6830.0,1992,6840.0,2076,6850.0,3835,6860.0,4639,6870.0,18439,2025-05-09 17:03:24.925,,2147483647,1022390,False,nan
7871,1216539,1612190849,MERV - XMEV - GGAL - 24hs,6830.0,2025-05-09 17:03:22,2,2025-05-09 17:03:27.683,6820.0,15005,6810.0,1226,6800.0,27344,6790.0,1932,6780.0,3579,6830.0,1992,6840.0,2076,6850.0,3835,6860.0,4639,6870.0,18439,2025-05-09 17:03:27.612,,2147483647,1022390,False,nan
7872,1216649,1612191025,MERV - XMEV - GGAL - 24hs,6830.0,2025-05-09 17:03:22,2,2025-05-09 17:03:28.544,6820.0,15005,6810.0,1573,6800.0,27344,6790.0,1932,6780.0,3579,6830.0,1992,6840.0,2076,6850.0,3835,6860.0,4639,6870.0,18439,2025-05-09 17:03:28.477,,2147483647,1022390,False,nan
7873,1216999,1612191453,MERV - XMEV - GGAL - 24hs,6830.0,2025-05-09 17:03:22,2,2025-05-09 17:03:30.816,6820.0,15005,6810.0,1226,6800.0,27344,6790.0,1932,6780.0,3579,6830.0,1992,6840.0,2076,6850.0,3835,6860.0,4639,6870.0,18439,2025-05-09 17:03:30.578,,2147483647,1022390,False,nan
7874,1217069,1612191534,MERV - XMEV - GGAL - 24hs,6830.0,2025-05-09 17:03:31,500,2025-05-09 17:03:31.338,6820.0,15005,6810.0,1226,6800.0,27344,6790.0,1932,6780.0,3579,6830.0,1992,6840.0,2076,6850.0,3835,6860.0,4639,6870.0,18439,2025-05-09 17:03:31.269,,2147483647,1022390,True,offer
7875,1217122,1612191602,MERV - XMEV - GGAL - 24hs,6830.0,2025-05-09 17:03:31,500,2025-05-09 17:03:31.835,6820.0,15005,6810.0,1226,6800.0,27344,6790.0,1932,6780.0,3579,6830.0,1492,6840.0,2076,6850.0,3835,6860.0,4639,6870.0,18439,2025-05-09 17:03:31.769,,2147483647,1022390,False,nan
7876,1217184,1612191684,MERV - XMEV - GGAL - 24hs,6830.0,2025-05-09 17:03:31,500,2025-05-09 17:03:32.336,6820.0,15005,6810.0,1573,6800.0,27344,6790.0,1932,6780.0,3579,6830.0,1492,6840.0,2076,6850.0,3835,6860.0,4639,6870.0,18439,2025-05-09 17:03:32.269,,2147483647,1022890,False,nan
7877,1217307,1612191853,MERV - XMEV - GGAL - 24hs,6830.0,2025-05-09 17:03:31,500,2025-05-09 17:03:33.471,6820.0,15005,6810.0,1226,6800.0,27344,6790.0,1932,6780.0,3579,6830.0,1492,6840.0,2076,6850.0,3835,6860.0,4639,6870.0,18439,2025-05-09 17:03:33.397,,2147483647,1022890,False,nan
7878,1217399,1612191974,MERV - XMEV - GGAL - 24hs,6830.0,2025-05-09 17:03:31,500,2025-05-09 17:03:34.224,6820.0,15005,6810.0,1573,6800.0,27344,6790.0,1932,6780.0,3579,6830.0,1492,6840.0,2076,6850.0,3835,6860.0,4639,6870.0,18439,2025-05-09 17:03:34.158,,2147483647,1022890,False,nan
7879,1217495,1612192097,MERV - XMEV - GGAL - 24hs,6830.0,2025-05-09 17:03:35,4,2025-05-09 17:03:35.156,6820.0,15005,6810.0,1573,6800.0,27344,6790.0,1932,6780.0,3579,6830.0,1492,6840.0,2076,6850.0,3835,6860.0,4639,6870.0,18439,2025-05-09 17:03:35.089,,2147483647,1022890,True,offer
7880,1217546,1612192171,MERV - XMEV - GGAL - 24hs,6830.0,2025-05-09 17:03:35,4,2025-05-09 17:03:35.754,6820.0,15005,6810.0,1226,6800.0,27344,6790.0,1932,6780.0,3579,6830.0,1488,6840.0,2076,6850.0,3835,6860.0,4639,6870.0,18439,2025-05-09 17:03:35.686,,2147483647,1022890,False,nan
7881,1217617,1612192283,MERV - XMEV - GGAL - 24hs,6830.0,2025-05-09 17:03:35,4,2025-05-09 17:03:36.308,6820.0,15005,6810.0,1226,6800.0,27344,6790.0,1932,6780.0,3579,6830.0,1488,6840.0,2076,6850.0,3835,6860.0,4639,6870.0,18439,2025-05-09 17:03:36.186,,2147483647,1022894,False,nan
7882,1217652,1612192327,MERV - XMEV - GGAL - 24hs,6830.0,2025-05-09 17:03:35,4,2025-05-09 17:03:36.872,6820.0,15005,6810.0,1573,6800.0,27344,6790.0,1932,6780.0,3579,6830.0,1488,6840.0,2076,6850.0,3835,6860.0,4639,6870.0,18439,2025-05-09 17:03:36.802,,2147483647,1022894,False,nan
7883,1217780,1612192501,MERV - XMEV - GGAL - 24hs,6830.0,2025-05-09 17:03:35,4,2025-05-09 17:03:38.481,6820.0,15005,6810.0,1226,6800.0,27344,6790.0,1932,6780.0,3579,6830.0,1488,6840.0,2076,6850.0,3835,6860.0,4639,6870.0,18439,2025-05-09 17:03:38.415,,2147483647,1022894,False,nan
7884,1217913,1612192693,MERV - XMEV - GGAL - 24hs,6830.0,2025-05-09 17:03:39,8,2025-05-09 17:03:39.923,6820.0,15005,6810.0,1226,6800.0,27344,6790.0,1932,6780.0,3579,6830.0,1488,6840.0,2076,6850.0,3835,6860.0,4639,6870.0,18439,2025-05-09 17:03:39.841,,2147483647,1022894,True,offer
7885,1218026,1612192830,MERV - XMEV - GGAL - 24hs,6830.0,2025-05-09 17:03:39,8,2025-05-09 17:03:40.539,6820.0,15005,6810.0,2307,6800.0,27344,6790.0,1932,6780.0,3579,6830.0,1480,6840.0,2076,6850.0,3835,6860.0,4639,6870.0,18439,2025-05-09 17:03:40.472,,2147483647,1022894,False,nan
7886,1218113,1612192944,MERV - XMEV - GGAL - 24hs,6830.0,2025-05-09 17:03:39,8,2025-05-09 17:03:41.083,6820.0,15005,6810.0,2307,6800.0,27344,6790.0,1932,6780.0,3579,6830.0,1480,6840.0,2076,6850.0,3835,6860.0,4639,6870.0,18439,2025-05-09 17:03:40.973,,2147483647,1022902,False,nan
7887,1218175,1612193031,MERV - XMEV - GGAL - 24hs,6830.0,2025-05-09 17:03:39,8,2025-05-09 17:03:41.639,6820.0,15005,6810.0,1573,6800.0,27344,6790.0,1932,6780.0,3579,6830.0,1480,6840.0,2076,6850.0,3835,6860.0,4639,6870.0,18439,2025-05-09 17:03:41.569,,2147483647,1022902,False,nan
7888,1218581,1612193551,MERV - XMEV - GGAL - 24hs,6830.0,2025-05-09 17:03:45,100,2025-05-09 17:03:45.252,6820.0,15005,6810.0,1573,6800.0,27344,6790.0,1932,6780.0,3579,6830.0,1480,6840.0,2076,6850.0,3835,6860.0,4639,6870.0,18439,2025-05-09 17:03:45.185,,2147483647,1022902,True,offer
7889,1218688,1612193690,MERV - XMEV - GGAL - 24hs,6830.0,2025-05-09 17:03:45,100,2025-05-09 17:03:45.885,6820.0,15005,6810.0,1573,6800.0,27344,6790.0,1932,6780.0,3579,6830.0,1380,6840.0,2076,6850.0,3835,6860.0,4639,6870.0,18439,2025-05-09 17:03:45.784,,2147483647,1022902,False,nan
7890,1218764,1612193788,MERV - XMEV - GGAL - 24hs,6830.0,2025-05-09 17:03:45,100,2025-05-09 17:03:46.354,6820.0,15005,6810.0,1573,6800.0,27344,6790.0,1932,6780.0,3579,6830.0,1380,6840.0,2076,6850.0,3835,6860.0,4639,6870.0,18439,2025-05-09 17:03:46.284,,2147483647,1023002,False,nan
7891,1219538,1612194830,MERV - XMEV - GGAL - 24hs,6830.0,2025-05-09 17:03:54,9,2025-05-09 17:03:55.061,6820.0,15005,6810.0,1573,6800.0,27344,6790.0,1932,6780.0,3579,6830.0,1380,6840.0,2076,6850.0,3835,6860.0,4639,6870.0,18439,2025-05-09 17:03:54.994,,2147483647,1023002,True,offer
7892,1219590,1612194909,MERV - XMEV - GGAL - 24hs,6830.0,2025-05-09 17:03:54,9,2025-05-09 17:03:55.737,6820.0,15005,6810.0,1226,6800.0,27344,6790.0,1932,6780.0,3579,6830.0,1371,6840.0,2076,6850.0,3835,6860.0,4639,6870.0,18439,2025-05-09 17:03:55.670,,2147483647,1023002,False,nan
7893,1219632,1612194968,MERV - XMEV - GGAL - 24hs,6830.0,2025-05-09 17:03:54,9,2025-05-09 17:03:56.228,6820.0,15005,6810.0,1226,6800.0,27344,6790.0,1932,6780.0,3579,6830.0,1371,6840.0,2076,6850.0,3835,6860.0,4639,6870.0,18439,2025-05-09 17:03:56.162,,2147483647,1023011,False,nan
7894,1219920,1612195321,MERV - XMEV - GGAL - 24hs,6830.0,2025-05-09 17:03:54,9,2025-05-09 17:03:58.557,6820.0,15005,6810.0,1579,6800.0,27355,6790.0,1932,6780.0,3579,6830.0,1371,6840.0,2076,6850.0,3835,6860.0,4639,6870.0,18439,2025-05-09 17:03:58.488,,2147483647,1023011,False,nan
7895,1220067,1612195532,MERV - XMEV - GGAL - 24hs,6830.0,2025-05-09 17:03:54,9,2025-05-09 17:04:00.067,6820.0,15005,6810.0,1579,6800.0,27391,6790.0,1932,6780.0,3579,6830.0,1371,6840.0,2076,6850.0,3835,6860.0,4639,6870.0,18439,2025-05-09 17:03:59.963,,2147483647,1023011,False,nan
7896,1220235,1612195770,MERV - XMEV - GGAL - 24hs,6830.0,2025-05-09 17:03:54,9,2025-05-09 17:04:01.626,6820.0,15005,6810.0,845,6800.0,28126,6790.0,1932,6780.0,3579,6830.0,1371,6840.0,2076,6850.0,3835,6860.0,4639,6870.0,18439,2025-05-09 17:04:01.559,,2147483647,1023011,False,nan
7897,1220321,1612195892,MERV - XMEV - GGAL - 24hs,6830.0,2025-05-09 17:03:54,9,2025-05-09 17:04:02.487,6820.0,15005,6810.0,845,6800.0,28090,6790.0,1932,6780.0,3579,6830.0,1371,6840.0,2076,6850.0,3835,6860.0,4639,6870.0,18439,2025-05-09 17:04:02.421,,2147483647,1023011,False,nan
7898,1220716,1612196445,MERV - XMEV - GGAL - 24hs,6830.0,2025-05-09 17:04:06,248,2025-05-09 17:04:06.291,6820.0,15005,6810.0,845,6800.0,28090,6790.0,1932,6780.0,3579,6830.0,1371,6840.0,2076,6850.0,3835,6860.0,4639,6870.0,18439,2025-05-09 17:04:06.221,,2147483647,1023011,True,offer
7899,1220757,1612196495,MERV - XMEV - GGAL - 24hs,6830.0,2025-05-09 17:04:06,248,2025-05-09 17:04:06.954,6820.0,15005,6810.0,845,6800.0,28090,6790.0,1932,6780.0,3579,6830.0,1123,6840.0,2076,6850.0,3835,6860.0,4639,6870.0,18439,2025-05-09 17:04:06.888,,2147483647,1023011,False,nan
7900,1220818,1612196571,MERV - XMEV - GGAL - 24hs,6830.0,2025-05-09 17:04:06,248,2025-05-09 17:04:07.455,6820.0,15005,6810.0,845,6800.0,28090,6790.0,1932,6780.0,3579,6830.0,1123,6840.0,2076,6850.0,3835,6860.0,4639,6870.0,18439,2025-05-09 17:04:07.384,,2147483647,1023259,False,nan
7901,1220931,1612196729,MERV - XMEV - GGAL - 24hs,6830.0,2025-05-09 17:04:06,248,2025-05-09 17:04:08.497,6820.0,15005,6810.0,845,6800.0,28126,6790.0,1932,6780.0,3579,6830.0,1123,6840.0,2076,6850.0,3835,6860.0,4639,6870.0,18439,2025-05-09 17:04:08.419,,2147483647,1023259,False,nan
7902,1221178,1612197029,MERV - XMEV - GGAL - 24hs,6830.0,2025-05-09 17:04:06,248,2025-05-09 17:04:10.295,6820.0,15005,6810.0,845,6800.0,27391,6790.0,2668,6780.0,3579,6830.0,1123,6840.0,2076,6850.0,3835,6860.0,4639,6870.0,18439,2025-05-09 17:04:10.229,,2147483647,1023259,False,nan
7903,1221531,1612197496,MERV - XMEV - GGAL - 24hs,6830.0,2025-05-09 17:04:12,45,2025-05-09 17:04:12.576,6820.0,15005,6810.0,845,6800.0,27391,6790.0,2668,6780.0,3579,6830.0,1123,6840.0,2076,6850.0,3835,6860.0,4639,6870.0,18439,2025-05-09 17:04:12.498,,2147483647,1023259,True,offer
7904,1221623,1612197617,MERV - XMEV - GGAL - 24hs,6830.0,2025-05-09 17:04:12,45,2025-05-09 17:04:13.224,6820.0,15005,6810.0,845,6800.0,27391,6790.0,2668,6780.0,3579,6830.0,1078,6840.0,2076,6850.0,3835,6860.0,4639,6870.0,18439,2025-05-09 17:04:13.158,,2147483647,1023259,False,nan
7905,1221671,1612197674,MERV - XMEV - GGAL - 24hs,6830.0,2025-05-09 17:04:12,45,2025-05-09 17:04:13.725,6820.0,15005,6810.0,845,6800.0,27391,6790.0,2668,6780.0,3579,6830.0,1078,6840.0,2076,6850.0,3835,6860.0,4639,6870.0,18439,2025-05-09 17:04:13.658,,2147483647,1023304,False,nan
7906,1221720,1612197746,MERV - XMEV - GGAL - 24hs,6830.0,2025-05-09 17:04:12,45,2025-05-09 17:04:14.224,6820.0,15005,6810.0,845,6800.0,27355,6790.0,2668,6780.0,3579,6830.0,1078,6840.0,2076,6850.0,3835,6860.0,4639,6870.0,18439,2025-05-09 17:04:14.158,,2147483647,1023304,False,nan
7907,1221985,1612198081,MERV - XMEV - GGAL - 24hs,6830.0,2025-05-09 17:04:15,100,2025-05-09 17:04:15.778,6820.0,15005,6810.0,845,6800.0,27355,6790.0,2668,6780.0,3579,6830.0,1078,6840.0,2076,6850.0,3835,6860.0,4639,6870.0,18439,2025-05-09 17:04:15.555,,2147483647,1023304,True,offer
7908,1222097,1612198217,MERV - XMEV - GGAL - 24hs,6830.0,2025-05-09 17:04:15,100,2025-05-09 17:04:16.307,6820.0,15005,6810.0,845,6800.0,27355,6790.0,2668,6780.0,3579,6830.0,1078,6840.0,2076,6850.0,3835,6860.0,4639,6870.0,18439,2025-05-09 17:04:16.238,,2147483647,1023404,False,nan
7909,1222158,1612198304,MERV - XMEV - GGAL - 24hs,6830.0,2025-05-09 17:04:15,100,2025-05-09 17:04:16.812,6820.0,15005,6810.0,845,6800.0,27391,6790.0,2668,6780.0,3579,6830.0,978,6840.0,2076,6850.0,3835,6860.0,4639,6870.0,18439,2025-05-09 17:04:16.740,,2147483647,1023404,False,nan
7910,1222256,1612198430,MERV - XMEV - GGAL - 24hs,6830.0,2025-05-09 17:04:15,100,2025-05-09 17:04:17.611,6820.0,15005,6810.0,845,6800.0,27355,6790.0,2668,6780.0,3579,6830.0,978,6840.0,2076,6850.0,3835,6860.0,4639,6870.0,18439,2025-05-09 17:04:17.531,,2147483647,1023404,False,nan
7911,1222552,1612198818,MERV - XMEV - GGAL - 24hs,6830.0,2025-05-09 17:04:19,27,2025-05-09 17:04:19.170,6820.0,15005,6810.0,845,6800.0,27355,6790.0,2668,6780.0,3579,6830.0,978,6840.0,2076,6850.0,3835,6860.0,4639,6870.0,18439,2025-05-09 17:04:19.096,,2147483647,1023404,True,offer
7912,1222632,1612198927,MERV - XMEV - GGAL - 24hs,6830.0,2025-05-09 17:04:19,27,2025-05-09 17:04:19.663,6820.0,15005,6810.0,845,6800.0,27355,6790.0,2668,6780.0,3579,6830.0,951,6840.0,2076,6850.0,3835,6860.0,4639,6870.0,18439,2025-05-09 17:04:19.596,,2147483647,1023404,False,nan
7913,1222696,1612199004,MERV - XMEV - GGAL - 24hs,6830.0,2025-05-09 17:04:19,27,2025-05-09 17:04:20.164,6820.0,15005,6810.0,845,6800.0,27355,6790.0,2668,6780.0,3579,6830.0,951,6840.0,2076,6850.0,3835,6860.0,4639,6870.0,18439,2025-05-09 17:04:20.096,,2147483647,1023431,False,nan
7914,1222762,1612199097,MERV - XMEV - GGAL - 24hs,6830.0,2025-05-09 17:04:19,27,2025-05-09 17:04:20.819,6820.0,15005,6810.0,845,6800.0,27391,6790.0,2668,6780.0,3579,6830.0,951,6840.0,2076,6850.0,3835,6860.0,4639,6870.0,18439,2025-05-09 17:04:20.749,,2147483647,1023431,False,nan
7915,1223100,1612199521,MERV - XMEV - GGAL - 24hs,6830.0,2025-05-09 17:04:19,27,2025-05-09 17:04:22.844,6820.0,15005,6810.0,845,6800.0,27355,6790.0,2668,6780.0,3579,6830.0,951,6840.0,2076,6850.0,3835,6860.0,4639,6870.0,18439,2025-05-09 17:04:22.476,,2147483647,1023431,False,nan
7916,1223246,1612199694,MERV - XMEV - GGAL - 24hs,6830.0,2025-05-09 17:04:23,31,2025-05-09 17:04:23.423,6820.0,15005,6810.0,845,6800.0,27355,6790.0,2668,6780.0,3579,6830.0,951,6840.0,2076,6850.0,3835,6860.0,4639,6870.0,18439,2025-05-09 17:04:23.278,,2147483647,1023431,True,offer
7917,1223348,1612199825,MERV - XMEV - GGAL - 24hs,6830.0,2025-05-09 17:04:23,31,2025-05-09 17:04:24.003,6820.0,15005,6810.0,845,6800.0,27391,6790.0,2668,6780.0,3579,6830.0,920,6840.0,2076,6850.0,3835,6860.0,4639,6870.0,18439,2025-05-09 17:04:23.936,,2147483647,1023431,False,nan
7918,1223394,1612199901,MERV - XMEV - GGAL - 24hs,6830.0,2025-05-09 17:04:23,31,2025-05-09 17:04:24.505,6820.0,15005,6810.0,845,6800.0,27391,6790.0,2668,6780.0,3579,6830.0,920,6840.0,2076,6850.0,3835,6860.0,4639,6870.0,18439,2025-05-09 17:04:24.437,,2147483647,1023462,False,nan
7919,1223520,1612200053,MERV - XMEV - GGAL - 24hs,6830.0,2025-05-09 17:04:23,31,2025-05-09 17:04:25.495,6820.0,15005,6810.0,845,6800.0,27355,6790.0,2668,6780.0,3579,6830.0,920,6840.0,2076,6850.0,3835,6860.0,4639,6870.0,18439,2025-05-09 17:04:25.424,,2147483647,1023462,False,nan
7920,1223714,1612200303,MERV - XMEV - GGAL - 24hs,6820.0,2025-05-09 17:04:26,420,2025-05-09 17:04:27.019,6820.0,15005,6810.0,845,6800.0,27355,6790.0,2668,6780.0,3579,6830.0,920,6840.0,2076,6850.0,3835,6860.0,4639,6870.0,18439,2025-05-09 17:04:26.951,,2147483647,1023462,True,bid
7921,1223767,1612200363,MERV - XMEV - GGAL - 24hs,6830.0,2025-05-09 17:04:27,100,2025-05-09 17:04:27.577,6820.0,15005,6810.0,845,6800.0,27355,6790.0,2668,6780.0,3579,6830.0,920,6840.0,2076,6850.0,3835,6860.0,4639,6870.0,18439,2025-05-09 17:04:27.511,,2147483647,1023882,True,offer
7922,1223813,1612200420,MERV - XMEV - GGAL - 24hs,6830.0,2025-05-09 17:04:27,100,2025-05-09 17:04:28.095,6820.0,14585,6810.0,845,6800.0,27355,6790.0,2668,6780.0,3579,6830.0,820,6840.0,2076,6850.0,3415,6860.0,4639,6870.0,18439,2025-05-09 17:04:28.010,,2147483647,1023982,False,nan
7923,1224041,1612200693,MERV - XMEV - GGAL - 24hs,6830.0,2025-05-09 17:04:27,100,2025-05-09 17:04:29.567,6820.0,14585,6810.0,845,6800.0,27391,6790.0,2668,6780.0,3579,6830.0,820,6840.0,2076,6850.0,3415,6860.0,4639,6870.0,18439,2025-05-09 17:04:29.382,,2147483647,1023982,False,nan
7924,1224449,1612201212,MERV - XMEV - GGAL - 24hs,6830.0,2025-05-09 17:04:27,100,2025-05-09 17:04:31.333,6820.0,14585,6810.0,845,6800.0,27391,6790.0,2668,6780.0,3579,6830.0,820,6840.0,2076,6850.0,3415,6860.0,6639,6870.0,16439,2025-05-09 17:04:31.264,,2147483647,1023982,False,nan
7925,1224733,1612201556,MERV - XMEV - GGAL - 24hs,6830.0,2025-05-09 17:04:33,820,2025-05-09 17:04:33.132,6820.0,14585,6810.0,845,6800.0,27391,6790.0,2668,6780.0,3579,6830.0,820,6840.0,2076,6850.0,3415,6860.0,6639,6870.0,16439,2025-05-09 17:04:33.065,,2147483647,1023982,True,offer
7926,1224787,1612201641,MERV - XMEV - GGAL - 24hs,6830.0,2025-05-09 17:04:33,820,2025-05-09 17:04:33.791,6820.0,14585,6810.0,845,6800.0,27355,6790.0,2668,6780.0,3579,6830.0,2500,6840.0,2076,6850.0,3415,6860.0,6639,6870.0,16439,2025-05-09 17:04:33.720,,2147483647,1023982,False,nan
7927,1224843,1612201703,MERV - XMEV - GGAL - 24hs,6830.0,2025-05-09 17:04:33,100,2025-05-09 17:04:34.288,6820.0,14585,6810.0,845,6800.0,27355,6790.0,2668,6780.0,3579,6830.0,2500,6840.0,2076,6850.0,3415,6860.0,6639,6870.0,16439,2025-05-09 17:04:34.221,,2147483647,1024802,False,nan
7928,1224892,1612201764,MERV - XMEV - GGAL - 24hs,6830.0,2025-05-09 17:04:33,100,2025-05-09 17:04:34.791,6820.0,14585,6810.0,845,6800.0,27355,6790.0,2668,6780.0,3579,6830.0,2400,6840.0,2076,6850.0,3415,6860.0,6639,6870.0,16439,2025-05-09 17:04:34.721,,2147483647,1024902,False,nan
7929,1224945,1612201823,MERV - XMEV - GGAL - 24hs,6830.0,2025-05-09 17:04:33,100,2025-05-09 17:04:35.287,6820.0,14585,6810.0,845,6800.0,27391,6790.0,2668,6780.0,3579,6830.0,2400,6840.0,2076,6850.0,3415,6860.0,6639,6870.0,16439,2025-05-09 17:04:35.221,,2147483647,1024902,False,nan
7930,1225224,1612202160,MERV - XMEV - GGAL - 24hs,6830.0,2025-05-09 17:04:33,100,2025-05-09 17:04:36.455,6820.0,14585,6810.0,845,6800.0,27355,6790.0,2668,6780.0,3579,6830.0,2400,6840.0,2076,6850.0,3415,6860.0,6639,6870.0,16439,2025-05-09 17:04:35.982,,2147483647,1024902,False,nan
7931,1225516,1612202486,MERV - XMEV - GGAL - 24hs,6830.0,2025-05-09 17:04:33,100,2025-05-09 17:04:38.301,6820.0,14585,6810.0,845,6800.0,27391,6790.0,2668,6780.0,3579,6830.0,2400,6840.0,2076,6850.0,3415,6860.0,16639,6870.0,6439,2025-05-09 17:04:38.234,,2147483647,1024902,False,nan
7932,1225654,1612202655,MERV - XMEV - GGAL - 24hs,6830.0,2025-05-09 17:04:33,100,2025-05-09 17:04:39.228,6820.0,14585,6810.0,845,6800.0,27373,6790.0,2668,6780.0,3579,6830.0,2400,6840.0,2076,6850.0,3415,6860.0,16639,6870.0,6439,2025-05-09 17:04:39.160,,2147483647,1024902,False,nan
7933,1225790,1612202829,MERV - XMEV - GGAL - 24hs,6830.0,2025-05-09 17:04:40,7,2025-05-09 17:04:40.342,6820.0,14585,6810.0,845,6800.0,27373,6790.0,2668,6780.0,3579,6830.0,2400,6840.0,2076,6850.0,3415,6860.0,16639,6870.0,6439,2025-05-09 17:04:40.275,,2147483647,1024902,True,offer
7934,1225819,1612202866,MERV - XMEV - GGAL - 24hs,6830.0,2025-05-09 17:04:40,46,2025-05-09 17:04:40.843,6820.0,14585,6810.0,845,6800.0,27373,6790.0,2668,6780.0,3579,6830.0,2400,6840.0,2076,6850.0,3415,6860.0,16639,6870.0,6439,2025-05-09 17:04:40.775,,2147483647,1024909,False,nan
7935,1225858,1612202929,MERV - XMEV - GGAL - 24hs,6830.0,2025-05-09 17:04:40,46,2025-05-09 17:04:41.346,6820.0,14585,6810.0,845,6800.0,27373,6790.0,2668,6780.0,3579,6830.0,2347,6840.0,2076,6850.0,3415,6860.0,16639,6870.0,6439,2025-05-09 17:04:41.276,,2147483647,1024955,False,nan
7936,1225900,1612202985,MERV - XMEV - GGAL - 24hs,6830.0,2025-05-09 17:04:40,46,2025-05-09 17:04:41.974,6820.0,14585,6810.0,845,6800.0,27337,6790.0,2668,6780.0,3579,6830.0,2347,6840.0,2076,6850.0,3415,6860.0,16639,6870.0,6439,2025-05-09 17:04:41.907,,2147483647,1024955,False,nan
7937,1226063,1612203206,MERV - XMEV - GGAL - 24hs,6830.0,2025-05-09 17:04:40,46,2025-05-09 17:04:43.607,6820.0,14585,6810.0,1919,6800.0,27326,6790.0,2668,6780.0,3579,6830.0,2347,6840.0,2076,6850.0,3415,6860.0,16639,6870.0,6439,2025-05-09 17:04:43.539,,2147483647,1024955,False,nan
7938,1226113,1612203273,MERV - XMEV - GGAL - 24hs,6830.0,2025-05-09 17:04:40,46,2025-05-09 17:04:44.380,6820.0,14585,6810.0,2230,6800.0,27326,6790.0,2668,6780.0,3579,6830.0,2347,6840.0,2076,6850.0,3415,6860.0,16639,6870.0,6439,2025-05-09 17:04:44.308,,2147483647,1024955,False,nan
7939,1226240,1612203415,MERV - XMEV - GGAL - 24hs,6830.0,2025-05-09 17:04:40,46,2025-05-09 17:04:45.084,6820.0,14585,6810.0,2266,6800.0,27326,6790.0,2668,6780.0,3579,6830.0,2347,6840.0,2076,6850.0,3415,6860.0,16639,6870.0,6539,2025-05-09 17:04:45.016,,2147483647,1024955,False,nan
7940,1226605,1612203973,MERV - XMEV - GGAL - 24hs,6830.0,2025-05-09 17:04:40,46,2025-05-09 17:04:49.071,6820.0,14585,6810.0,1919,6800.0,27326,6790.0,2668,6780.0,3579,6830.0,2347,6840.0,2076,6850.0,3415,6860.0,16639,6870.0,6539,2025-05-09 17:04:49.004,,2147483647,1024955,False,nan
7941,1226964,1612204449,MERV - XMEV - GGAL - 24hs,6830.0,2025-05-09 17:04:40,46,2025-05-09 17:04:52.855,6820.0,14585,6810.0,1919,6800.0,27326,6790.0,2668,6780.0,3579,6830.0,2347,6840.0,2076,6850.0,3415,6860.0,16739,6870.0,6539,2025-05-09 17:04:52.787,,2147483647,1024955,False,nan
7942,1227098,1612204624,MERV - XMEV - GGAL - 24hs,6830.0,2025-05-09 17:04:40,46,2025-05-09 17:04:54.607,6820.0,14585,6810.0,1573,6800.0,27326,6790.0,2668,6780.0,3579,6830.0,2347,6840.0,2076,6850.0,3415,6860.0,16739,6870.0,6539,2025-05-09 17:04:54.540,,2147483647,1024955,False,nan
7943,1227153,1612204690,MERV - XMEV - GGAL - 24hs,6830.0,2025-05-09 17:04:40,46,2025-05-09 17:04:55.324,6820.0,14585,6810.0,1226,6800.0,27328,6790.0,2668,6780.0,3579,6830.0,2347,6840.0,2076,6850.0,3415,6860.0,16739,6870.0,6539,2025-05-09 17:04:55.257,,2147483647,1024955,False,nan
7944,1227186,1612204734,MERV - XMEV - GGAL - 24hs,6830.0,2025-05-09 17:04:40,46,2025-05-09 17:04:56.010,6820.0,14585,6810.0,1573,6800.0,27328,6790.0,2668,6780.0,3579,6830.0,2347,6840.0,2076,6850.0,3415,6860.0,16739,6870.0,6539,2025-05-09 17:04:55.944,,2147483647,1024955,False,nan
7945,1227835,1612205541,MERV - XMEV - GGAL - 24hs,6830.0,2025-05-09 17:04:40,46,2025-05-09 17:05:01.825,6820.0,14585,6810.0,1573,6800.0,27328,6790.0,2668,6780.0,3579,6830.0,2347,6840.0,2076,6850.0,3415,6860.0,14739,6870.0,8539,2025-05-09 17:05:01.758,,2147483647,1024955,False,nan
7946,1227960,1612205689,MERV - XMEV - GGAL - 24hs,6830.0,2025-05-09 17:05:03,3,2025-05-09 17:05:03.176,6820.0,14585,6810.0,1573,6800.0,27328,6790.0,2668,6780.0,3579,6830.0,2347,6840.0,2076,6850.0,3415,6860.0,14739,6870.0,8539,2025-05-09 17:05:03.091,,2147483647,1024955,True,offer
7947,1228005,1612205752,MERV - XMEV - GGAL - 24hs,6830.0,2025-05-09 17:05:03,3,2025-05-09 17:05:03.810,6820.0,14585,6810.0,1573,6800.0,27328,6790.0,2668,6780.0,3579,6830.0,2344,6840.0,2076,6850.0,3415,6860.0,14739,6870.0,8539,2025-05-09 17:05:03.741,,2147483647,1024955,False,nan
7948,1228035,1612205789,MERV - XMEV - GGAL - 24hs,6830.0,2025-05-09 17:05:03,3,2025-05-09 17:05:04.304,6820.0,14585,6810.0,1573,6800.0,27328,6790.0,2668,6780.0,3579,6830.0,2344,6840.0,2076,6850.0,3415,6860.0,14739,6870.0,8539,2025-05-09 17:05:04.236,,2147483647,1024958,False,nan
7949,1228429,1612206282,MERV - XMEV - GGAL - 24hs,6830.0,2025-05-09 17:05:03,3,2025-05-09 17:05:08.598,6820.0,19935,6810.0,1573,6800.0,27328,6790.0,2668,6780.0,3579,6830.0,2344,6840.0,2076,6850.0,3415,6860.0,14739,6870.0,8539,2025-05-09 17:05:08.531,,2147483647,1024958,False,nan
7950,1228486,1612206356,MERV - XMEV - GGAL - 24hs,6820.0,2025-05-09 17:05:09,74,2025-05-09 17:05:09.226,6820.0,19935,6810.0,1573,6800.0,27328,6790.0,2668,6780.0,3579,6830.0,2344,6840.0,2076,6850.0,3415,6860.0,14739,6870.0,8539,2025-05-09 17:05:09.160,,2147483647,1024958,True,bid
7951,1228608,1612206494,MERV - XMEV - GGAL - 24hs,6820.0,2025-05-09 17:05:09,74,2025-05-09 17:05:09.832,6820.0,19861,6810.0,1573,6800.0,27328,6790.0,2668,6780.0,3579,6830.0,2344,6840.0,2076,6850.0,3415,6860.0,4739,6870.0,18539,2025-05-09 17:05:09.660,,2147483647,1024958,False,nan
7952,1228662,1612206556,MERV - XMEV - GGAL - 24hs,6820.0,2025-05-09 17:05:09,74,2025-05-09 17:05:10.228,6820.0,19861,6810.0,1573,6800.0,27328,6790.0,2668,6780.0,3579,6830.0,2344,6840.0,2076,6850.0,3415,6860.0,4739,6870.0,18539,2025-05-09 17:05:10.160,,2147483647,1025032,False,nan
7953,1228933,1612206906,MERV - XMEV - GGAL - 24hs,6820.0,2025-05-09 17:05:09,74,2025-05-09 17:05:12.379,6820.0,19861,6810.0,1573,6800.0,28080,6790.0,1932,6780.0,3579,6830.0,2344,6840.0,2076,6850.0,3415,6860.0,4739,6870.0,18539,2025-05-09 17:05:12.171,,2147483647,1025032,False,nan
7954,1229280,1612207368,MERV - XMEV - GGAL - 24hs,6820.0,2025-05-09 17:05:09,74,2025-05-09 17:05:15.864,6820.0,19861,6810.0,1919,6800.0,28080,6790.0,1932,6780.0,3579,6830.0,2344,6840.0,2076,6850.0,3415,6860.0,4739,6870.0,18539,2025-05-09 17:05:15.797,,2147483647,1025032,False,nan
7955,1229371,1612207484,MERV - XMEV - GGAL - 24hs,6820.0,2025-05-09 17:05:09,74,2025-05-09 17:05:16.790,6820.0,19861,6810.0,1573,6800.0,28080,6790.0,1932,6780.0,3579,6830.0,2344,6840.0,2076,6850.0,3415,6860.0,4739,6870.0,18539,2025-05-09 17:05:16.689,,2147483647,1025032,False,nan
7956,1229636,1612207787,MERV - XMEV - GGAL - 24hs,6830.0,2025-05-09 17:05:18,5,2025-05-09 17:05:18.496,6820.0,19861,6810.0,1573,6800.0,28080,6790.0,1932,6780.0,3579,6830.0,2344,6840.0,2076,6850.0,3415,6860.0,4739,6870.0,18539,2025-05-09 17:05:18.423,,2147483647,1025032,True,offer
7957,1229724,1612207882,MERV - XMEV - GGAL - 24hs,6830.0,2025-05-09 17:05:18,143,2025-05-09 17:05:18.992,6820.0,19861,6810.0,1573,6800.0,28080,6790.0,1932,6780.0,3579,6830.0,2344,6840.0,2076,6850.0,3415,6860.0,4739,6870.0,18539,2025-05-09 17:05:18.923,,2147483647,1025037,False,nan
7958,1229782,1612207952,MERV - XMEV - GGAL - 24hs,6830.0,2025-05-09 17:05:18,143,2025-05-09 17:05:19.494,6820.0,19861,6810.0,1573,6800.0,28080,6790.0,1932,6780.0,3579,6830.0,2196,6840.0,2076,6850.0,3415,6860.0,4739,6870.0,18539,2025-05-09 17:05:19.423,,2147483647,1025180,False,nan
7959,1230107,1612208349,MERV - XMEV - GGAL - 24hs,6830.0,2025-05-09 17:05:22,50,2025-05-09 17:05:22.940,6820.0,19861,6810.0,1573,6800.0,28080,6790.0,1932,6780.0,3579,6830.0,2196,6840.0,2076,6850.0,3415,6860.0,4739,6870.0,18539,2025-05-09 17:05:22.780,,2147483647,1025180,True,offer
7960,1230223,1612208487,MERV - XMEV - GGAL - 24hs,6830.0,2025-05-09 17:05:22,50,2025-05-09 17:05:23.663,6820.0,19861,6810.0,1573,6800.0,28080,6790.0,1932,6780.0,3579,6830.0,2146,6840.0,2076,6850.0,3415,6860.0,4739,6870.0,18539,2025-05-09 17:05:23.507,,2147483647,1025230,False,nan
7961,1230613,1612209006,MERV - XMEV - GGAL - 24hs,6830.0,2025-05-09 17:05:22,50,2025-05-09 17:05:25.875,6820.0,19861,6810.0,2573,6800.0,27080,6790.0,1932,6780.0,3579,6830.0,2146,6840.0,2076,6850.0,3415,6860.0,4739,6870.0,18539,2025-05-09 17:05:25.794,,2147483647,1025230,False,nan
7962,1231390,1612209948,MERV - XMEV - GGAL - 24hs,6830.0,2025-05-09 17:05:22,50,2025-05-09 17:05:30.696,6820.0,20095,6810.0,2573,6800.0,27080,6790.0,1932,6780.0,3579,6830.0,2146,6840.0,2076,6850.0,3415,6860.0,4739,6870.0,18539,2025-05-09 17:05:30.627,,2147483647,1025230,False,nan
7963,1231814,1612210482,MERV - XMEV - GGAL - 24hs,6830.0,2025-05-09 17:05:35,4,2025-05-09 17:05:35.939,6820.0,20095,6810.0,2573,6800.0,27080,6790.0,1932,6780.0,3579,6830.0,2146,6840.0,2076,6850.0,3415,6860.0,4739,6870.0,18539,2025-05-09 17:05:35.833,,2147483647,1025230,True,offer
7964,1231897,1612210589,MERV - XMEV - GGAL - 24hs,6830.0,2025-05-09 17:05:35,4,2025-05-09 17:05:36.627,6820.0,20095,6810.0,2573,6800.0,27080,6790.0,1932,6780.0,3579,6830.0,2142,6840.0,2076,6850.0,3415,6860.0,4739,6870.0,18539,2025-05-09 17:05:36.507,,2147483647,1025230,False,nan
7965,1231944,1612210650,MERV - XMEV - GGAL - 24hs,6830.0,2025-05-09 17:05:35,4,2025-05-09 17:05:37.080,6820.0,20095,6810.0,2573,6800.0,27080,6790.0,1932,6780.0,3579,6830.0,2142,6840.0,2076,6850.0,3415,6860.0,4739,6870.0,18539,2025-05-09 17:05:37.003,,2147483647,1025234,False,nan
7966,1233882,1612213155,MERV - XMEV - GGAL - 24hs,6830.0,2025-05-09 17:05:35,4,2025-05-09 17:05:56.136,6820.0,20095,6810.0,2573,6800.0,26345,6790.0,2668,6780.0,3579,6830.0,2142,6840.0,2076,6850.0,3415,6860.0,4739,6870.0,18539,2025-05-09 17:05:56.065,,2147483647,1025234,False,nan
7967,1233953,1612213247,MERV - XMEV - GGAL - 24hs,6830.0,2025-05-09 17:05:56,100,2025-05-09 17:05:56.682,6820.0,20095,6810.0,2573,6800.0,26345,6790.0,2668,6780.0,3579,6830.0,2142,6840.0,2076,6850.0,3415,6860.0,4739,6870.0,18539,2025-05-09 17:05:56.580,,2147483647,1025234,True,offer
7968,1234003,1612213304,MERV - XMEV - GGAL - 24hs,6830.0,2025-05-09 17:05:57,11,2025-05-09 17:05:57.172,6820.0,20095,6810.0,2573,6800.0,26345,6790.0,2668,6780.0,3579,6830.0,2142,6840.0,2076,6850.0,3415,6860.0,4739,6870.0,18539,2025-05-09 17:05:57.080,,2147483647,1025334,True,offer
7969,1234039,1612213350,MERV - XMEV - GGAL - 24hs,6830.0,2025-05-09 17:05:57,11,2025-05-09 17:05:57.652,6820.0,20095,6810.0,2573,6800.0,27080,6790.0,1932,6780.0,3579,6830.0,2031,6840.0,2076,6850.0,3415,6860.0,4739,6870.0,18539,2025-05-09 17:05:57.580,,2147483647,1025345,False,nan
7970,1234246,1612213608,MERV - XMEV - GGAL - 24hs,6830.0,2025-05-09 17:05:57,11,2025-05-09 17:06:00.357,6820.0,20095,6810.0,2573,6800.0,26345,6790.0,2668,6780.0,3579,6830.0,2031,6840.0,2076,6850.0,3415,6860.0,14739,6870.0,8539,2025-05-09 17:06:00.286,,2147483647,1025345,False,nan
7971,1234604,1612214058,MERV - XMEV - GGAL - 24hs,6830.0,2025-05-09 17:05:57,11,2025-05-09 17:06:02.491,6820.0,20095,6810.0,2573,6800.0,27080,6790.0,1932,6780.0,3579,6830.0,2031,6840.0,2076,6850.0,3415,6860.0,14739,6870.0,8539,2025-05-09 17:06:02.416,,2147483647,1025345,False,nan
7972,1234781,1612214273,MERV - XMEV - GGAL - 24hs,6830.0,2025-05-09 17:05:57,11,2025-05-09 17:06:03.576,6820.0,20095,6810.0,2572,6800.0,27080,6790.0,1932,6780.0,3579,6830.0,2031,6840.0,2076,6850.0,3415,6860.0,14739,6870.0,8539,2025-05-09 17:06:03.508,,2147483647,1025345,False,nan
7973,1235192,1612214771,MERV - XMEV - GGAL - 24hs,6830.0,2025-05-09 17:05:57,11,2025-05-09 17:06:06.451,6820.0,20095,6810.0,2572,6800.0,26345,6790.0,2668,6780.0,3579,6830.0,2031,6840.0,2076,6850.0,3415,6860.0,14739,6870.0,8539,2025-05-09 17:06:06.375,,2147483647,1025345,False,nan
7974,1235322,1612214929,MERV - XMEV - GGAL - 24hs,6830.0,2025-05-09 17:05:57,11,2025-05-09 17:06:07.704,6820.0,20095,6810.0,2572,6800.0,26345,6790.0,2668,6780.0,3679,6830.0,2031,6840.0,2076,6850.0,3415,6860.0,14739,6870.0,8539,2025-05-09 17:06:07.637,,2147483647,1025345,False,nan
7975,1235793,1612215545,MERV - XMEV - GGAL - 24hs,6830.0,2025-05-09 17:06:12,4,2025-05-09 17:06:12.501,6820.0,20095,6810.0,2572,6800.0,26345,6790.0,2668,6780.0,3679,6830.0,2031,6840.0,2076,6850.0,3415,6860.0,14739,6870.0,8539,2025-05-09 17:06:12.429,,2147483647,1025345,True,offer
7976,1235856,1612215618,MERV - XMEV - GGAL - 24hs,6830.0,2025-05-09 17:06:12,4,2025-05-09 17:06:13.162,6820.0,20095,6810.0,2572,6800.0,26345,6790.0,2668,6780.0,3679,6830.0,2027,6840.0,2076,6850.0,3415,6860.0,14739,6870.0,8539,2025-05-09 17:06:13.095,,2147483647,1025345,False,nan
7977,1235891,1612215663,MERV - XMEV - GGAL - 24hs,6830.0,2025-05-09 17:06:12,4,2025-05-09 17:06:13.662,6820.0,20095,6810.0,2572,6800.0,26345,6790.0,2668,6780.0,3679,6830.0,2027,6840.0,2076,6850.0,3415,6860.0,14739,6870.0,8539,2025-05-09 17:06:13.595,,2147483647,1025349,False,nan
7978,1235927,1612215713,MERV - XMEV - GGAL - 24hs,6830.0,2025-05-09 17:06:12,4,2025-05-09 17:06:14.527,6820.0,21095,6810.0,16572,6800.0,11345,6790.0,2668,6780.0,4679,6830.0,2027,6840.0,2076,6850.0,3415,6860.0,4739,6870.0,18539,2025-05-09 17:06:14.355,,2147483647,1025349,False,nan
7979,1236086,1612215919,MERV - XMEV - GGAL - 24hs,6830.0,2025-05-09 17:06:12,4,2025-05-09 17:06:15.800,6820.0,21095,6810.0,16572,6800.0,12080,6790.0,1932,6780.0,4679,6830.0,2027,6840.0,2076,6850.0,3415,6860.0,4739,6870.0,18539,2025-05-09 17:06:15.707,,2147483647,1025349,False,nan
7980,1236227,1612216106,MERV - XMEV - GGAL - 24hs,6830.0,2025-05-09 17:06:12,4,2025-05-09 17:06:16.754,6820.0,21095,6810.0,16572,6800.0,11345,6790.0,2668,6780.0,4679,6830.0,2027,6840.0,2076,6850.0,3415,6860.0,4739,6870.0,18539,2025-05-09 17:06:16.682,,2147483647,1025349,False,nan
7981,1236629,1612216606,MERV - XMEV - GGAL - 24hs,6830.0,2025-05-09 17:06:12,4,2025-05-09 17:06:18.835,6820.0,21095,6810.0,16572,6800.0,12080,6790.0,1932,6780.0,4679,6830.0,2027,6840.0,2076,6850.0,3415,6860.0,4739,6870.0,18539,2025-05-09 17:06:18.409,,2147483647,1025349,False,nan
7982,1236739,1612216753,MERV - XMEV - GGAL - 24hs,6830.0,2025-05-09 17:06:12,4,2025-05-09 17:06:19.433,6820.0,21095,6810.0,16918,6800.0,12080,6790.0,1932,6780.0,4679,6830.0,2027,6840.0,2076,6850.0,3415,6860.0,4739,6870.0,18539,2025-05-09 17:06:19.365,,2147483647,1025349,False,nan
7983,1236819,1612216846,MERV - XMEV - GGAL - 24hs,6830.0,2025-05-09 17:06:19,2027,2025-05-09 17:06:20.024,6820.0,21095,6810.0,16918,6800.0,12080,6790.0,1932,6780.0,4679,6830.0,2027,6840.0,2076,6850.0,3415,6860.0,4739,6870.0,18539,2025-05-09 17:06:19.954,,2147483647,1025349,True,offer
7984,1236847,1612216893,MERV - XMEV - GGAL - 24hs,6830.0,2025-05-09 17:06:19,2027,2025-05-09 17:06:20.523,6820.0,21095,6810.0,16918,6800.0,12080,6790.0,1932,6780.0,4679,6830.0,2506,6840.0,2076,6850.0,3415,6860.0,4739,6870.0,18539,2025-05-09 17:06:20.454,,2147483647,1025349,False,nan
7985,1236903,1612216967,MERV - XMEV - GGAL - 24hs,6830.0,2025-05-09 17:06:20,94,2025-05-09 17:06:21.048,6820.0,21095,6810.0,16918,6800.0,12080,6790.0,1932,6780.0,4679,6830.0,2506,6840.0,2076,6850.0,3415,6860.0,4739,6870.0,18539,2025-05-09 17:06:20.958,,2147483647,1027376,True,offer
7986,1236951,1612217036,MERV - XMEV - GGAL - 24hs,6830.0,2025-05-09 17:06:20,94,2025-05-09 17:06:21.548,6820.0,21095,6810.0,16918,6800.0,11345,6790.0,2668,6780.0,4679,6830.0,2406,6840.0,2076,6850.0,3415,6860.0,4739,6870.0,18539,2025-05-09 17:06:21.474,,2147483647,1027376,False,nan
7987,1237011,1612217112,MERV - XMEV - GGAL - 24hs,6830.0,2025-05-09 17:06:20,94,2025-05-09 17:06:22.048,6820.0,21095,6810.0,16918,6800.0,11345,6790.0,2668,6780.0,4679,6830.0,2406,6840.0,2076,6850.0,3415,6860.0,4739,6870.0,18539,2025-05-09 17:06:21.975,,2147483647,1027476,False,nan
7988,1237052,1612217164,MERV - XMEV - GGAL - 24hs,6830.0,2025-05-09 17:06:22,1666,2025-05-09 17:06:22.553,6820.0,21095,6810.0,16918,6800.0,11345,6790.0,2668,6780.0,4679,6830.0,2406,6840.0,2076,6850.0,3415,6860.0,4739,6870.0,18539,2025-05-09 17:06:22.475,,2147483647,1027476,True,offer
7989,1237113,1612217241,MERV - XMEV - GGAL - 24hs,6830.0,2025-05-09 17:06:22,1666,2025-05-09 17:06:23.204,6820.0,21095,6810.0,16918,6800.0,11345,6790.0,2668,6780.0,4679,6830.0,2406,6840.0,2076,6850.0,3415,6860.0,4739,6870.0,18539,2025-05-09 17:06:23.129,,2147483647,1031548,False,nan
7990,1237186,1612217336,MERV - XMEV - GGAL - 24hs,6830.0,2025-05-09 17:06:22,1666,2025-05-09 17:06:23.714,6820.0,21095,6810.0,16918,6800.0,11345,6790.0,2668,6780.0,4679,6830.0,2500,6840.0,2076,6850.0,3415,6860.0,4739,6870.0,18539,2025-05-09 17:06:23.629,,2147483647,1031548,False,nan
7991,1237233,1612217396,MERV - XMEV - GGAL - 24hs,6830.0,2025-05-09 17:06:24,2500,2025-05-09 17:06:24.250,6820.0,21095,6810.0,16918,6800.0,11345,6790.0,2668,6780.0,4679,6830.0,2500,6840.0,2076,6850.0,3415,6860.0,4739,6870.0,18539,2025-05-09 17:06:24.182,,2147483647,1031548,True,offer
7992,1237324,1612217504,MERV - XMEV - GGAL - 24hs,6830.0,2025-05-09 17:06:24,2500,2025-05-09 17:06:24.917,6820.0,21095,6810.0,16918,6800.0,11345,6790.0,2668,6780.0,4679,6830.0,2500,6840.0,2076,6850.0,3415,6860.0,4739,6870.0,16539,2025-05-09 17:06:24.849,,2147483647,1031548,False,nan
7993,1237383,1612217587,MERV - XMEV - GGAL - 24hs,6830.0,2025-05-09 17:06:24,2500,2025-05-09 17:06:25.417,6820.0,21095,6810.0,16918,6800.0,11345,6790.0,2668,6780.0,4679,6830.0,2500,6840.0,2076,6850.0,3415,6860.0,4739,6870.0,16539,2025-05-09 17:06:25.349,,2147483647,1034048,False,nan
7994,1237501,1612217724,MERV - XMEV - GGAL - 24hs,6830.0,2025-05-09 17:06:25,440,2025-05-09 17:06:25.918,6820.0,21095,6810.0,16918,6800.0,11345,6790.0,2668,6780.0,4679,6830.0,2500,6840.0,2076,6850.0,3415,6860.0,4739,6870.0,16539,2025-05-09 17:06:25.850,,2147483647,1034048,True,offer
7995,1237556,1612217789,MERV - XMEV - GGAL - 24hs,6830.0,2025-05-09 17:06:25,440,2025-05-09 17:06:26.417,6820.0,21095,6810.0,16918,6800.0,11345,6790.0,2668,6780.0,4679,6830.0,2612,6840.0,2076,6850.0,3415,6860.0,4739,6870.0,16539,2025-05-09 17:06:26.350,,2147483647,1034488,False,nan
7996,1237745,1612218035,MERV - XMEV - GGAL - 24hs,6830.0,2025-05-09 17:06:27,2027,2025-05-09 17:06:28.248,6820.0,21095,6810.0,16918,6800.0,11345,6790.0,2668,6780.0,4679,6830.0,2612,6840.0,2076,6850.0,3415,6860.0,4739,6870.0,16539,2025-05-09 17:06:28.128,,2147483647,1034488,True,offer
7997,1237791,1612218096,MERV - XMEV - GGAL - 24hs,6830.0,2025-05-09 17:06:27,2027,2025-05-09 17:06:28.448,6820.0,21096,6810.0,16918,6800.0,11345,6790.0,2668,6780.0,4679,6830.0,585,6840.0,2076,6850.0,3415,6860.0,4739,6870.0,16539,2025-05-09 17:06:28.230,,2147483647,1034488,False,nan
7998,1237819,1612218134,MERV - XMEV - GGAL - 24hs,6830.0,2025-05-09 17:06:27,2027,2025-05-09 17:06:28.750,6820.0,21096,6810.0,16918,6800.0,11345,6790.0,2668,6780.0,4679,6830.0,585,6840.0,2076,6850.0,3415,6860.0,4739,6870.0,16539,2025-05-09 17:06:28.683,,2147483647,1036515,False,nan
7999,1237918,1612218255,MERV - XMEV - GGAL - 24hs,6820.0,2025-05-09 17:06:29,439,2025-05-09 17:06:29.833,6820.0,21096,6810.0,16918,6800.0,11345,6790.0,2668,6780.0,4679,6830.0,585,6840.0,2076,6850.0,3415,6860.0,4739,6870.0,16539,2025-05-09 17:06:29.765,,2147483647,1036515,True,bid
8000,1238010,1612218370,MERV - XMEV - GGAL - 24hs,6820.0,2025-05-09 17:06:29,439,2025-05-09 17:06:30.515,6820.0,20657,6810.0,16918,6800.0,11345,6790.0,2668,6780.0,4679,6830.0,585,6840.0,2076,6850.0,3415,6860.0,4739,6870.0,16539,2025-05-09 17:06:30.430,,2147483647,1036515,False,nan
8001,1238151,1612218543,MERV - XMEV - GGAL - 24hs,6820.0,2025-05-09 17:06:29,439,2025-05-09 17:06:31.162,6820.0,20657,6810.0,16918,6800.0,11345,6790.0,2668,6780.0,4679,6830.0,585,6840.0,2076,6850.0,3415,6860.0,4739,6870.0,16539,2025-05-09 17:06:30.932,,2147483647,1036954,False,nan
8002,1238648,1612219213,MERV - XMEV - GGAL - 24hs,6820.0,2025-05-09 17:06:29,439,2025-05-09 17:06:33.746,6820.0,20657,6810.0,17958,6800.0,12080,6790.0,1932,6780.0,4679,6830.0,585,6840.0,2076,6850.0,3415,6860.0,4739,6870.0,16539,2025-05-09 17:06:33.660,,2147483647,1036954,False,nan
8003,1238772,1612219374,MERV - XMEV - GGAL - 24hs,6830.0,2025-05-09 17:06:33,101,2025-05-09 17:06:34.267,6820.0,20657,6810.0,17958,6800.0,12080,6790.0,1932,6780.0,4679,6830.0,585,6840.0,2076,6850.0,3415,6860.0,4739,6870.0,16539,2025-05-09 17:06:34.159,,2147483647,1036954,True,offer
8004,1238834,1612219451,MERV - XMEV - GGAL - 24hs,6830.0,2025-05-09 17:06:34,400,2025-05-09 17:06:34.729,6820.0,20657,6810.0,16918,6800.0,11345,6790.0,2668,6780.0,4679,6830.0,2951,6840.0,2076,6850.0,3415,6860.0,4739,6870.0,16539,2025-05-09 17:06:34.659,,2147483647,1037088,True,offer
8005,1238880,1612219503,MERV - XMEV - GGAL - 24hs,6830.0,2025-05-09 17:06:34,400,2025-05-09 17:06:35.237,6820.0,20657,6810.0,16918,6800.0,11345,6790.0,2668,6780.0,4679,6830.0,2551,6840.0,2076,6850.0,3415,6860.0,4739,6870.0,16539,2025-05-09 17:06:35.167,,2147483647,1037488,False,nan
8006,1239065,1612219741,MERV - XMEV - GGAL - 24hs,6830.0,2025-05-09 17:06:34,400,2025-05-09 17:06:37.274,6820.0,20657,6810.0,16918,6800.0,11345,6790.0,1932,6780.0,4679,6830.0,2551,6840.0,2076,6850.0,3415,6860.0,4739,6870.0,16539,2025-05-09 17:06:37.203,,2147483647,1037488,False,nan
8007,1239404,1612220146,MERV - XMEV - GGAL - 24hs,6830.0,2025-05-09 17:06:40,50,2025-05-09 17:06:40.174,6820.0,20657,6810.0,16918,6800.0,11345,6790.0,1932,6780.0,4679,6830.0,2551,6840.0,2076,6850.0,3415,6860.0,4739,6870.0,16539,2025-05-09 17:06:40.106,,2147483647,1037488,True,offer
8008,1239465,1612220227,MERV - XMEV - GGAL - 24hs,6830.0,2025-05-09 17:06:40,50,2025-05-09 17:06:40.847,6820.0,20157,6810.0,17918,6800.0,11345,6790.0,1932,6780.0,4679,6830.0,2501,6840.0,2076,6850.0,3415,6860.0,4739,6870.0,16539,2025-05-09 17:06:40.753,,2147483647,1037488,False,nan
8009,1239521,1612220291,MERV - XMEV - GGAL - 24hs,6830.0,2025-05-09 17:06:40,50,2025-05-09 17:06:41.322,6820.0,20157,6810.0,17918,6800.0,11345,6790.0,1932,6780.0,4679,6830.0,2501,6840.0,2076,6850.0,3415,6860.0,4739,6870.0,16539,2025-05-09 17:06:41.255,,2147483647,1037538,False,nan
8010,1239592,1612220381,MERV - XMEV - GGAL - 24hs,6830.0,2025-05-09 17:06:41,450,2025-05-09 17:06:41.835,6820.0,20157,6810.0,17918,6800.0,11345,6790.0,1932,6780.0,4679,6830.0,2501,6840.0,2076,6850.0,3415,6860.0,4739,6870.0,16539,2025-05-09 17:06:41.760,,2147483647,1037538,True,offer
8011,1239651,1612220464,MERV - XMEV - GGAL - 24hs,6830.0,2025-05-09 17:06:42,144,2025-05-09 17:06:42.332,6820.0,20157,6810.0,17918,6800.0,11345,6790.0,1932,6780.0,4679,6830.0,2500,6840.0,2076,6850.0,3415,6860.0,4739,6870.0,16539,2025-05-09 17:06:42.259,,2147483647,1040489,True,offer
8012,1239691,1612220515,MERV - XMEV - GGAL - 24hs,6830.0,2025-05-09 17:06:42,144,2025-05-09 17:06:42.865,6820.0,20157,6810.0,17918,6800.0,11345,6790.0,1932,6780.0,4679,6830.0,2356,6840.0,2076,6850.0,3415,6860.0,4739,6870.0,16539,2025-05-09 17:06:42.796,,2147483647,1040489,False,nan
8013,1239737,1612220576,MERV - XMEV - GGAL - 24hs,6830.0,2025-05-09 17:06:42,144,2025-05-09 17:06:43.660,6820.0,20157,6810.0,17918,6800.0,11345,6790.0,1932,6780.0,4679,6830.0,2356,6840.0,2076,6850.0,3415,6860.0,4739,6870.0,16539,2025-05-09 17:06:43.452,,2147483647,1040633,False,nan
8014,1240093,1612221008,MERV - XMEV - GGAL - 24hs,6830.0,2025-05-09 17:06:46,1000,2025-05-09 17:06:46.612,6820.0,20157,6810.0,17918,6800.0,11345,6790.0,1932,6780.0,4679,6830.0,2356,6840.0,2076,6850.0,3415,6860.0,4739,6870.0,16539,2025-05-09 17:06:46.543,,2147483647,1040633,True,offer
8015,1240171,1612221108,MERV - XMEV - GGAL - 24hs,6830.0,2025-05-09 17:06:46,1000,2025-05-09 17:06:47.275,6820.0,20157,6810.0,17918,6800.0,11345,6790.0,1932,6780.0,4679,6830.0,1356,6840.0,2076,6850.0,3415,6860.0,4739,6870.0,16539,2025-05-09 17:06:47.203,,2147483647,1040633,False,nan
8016,1240207,1612221152,MERV - XMEV - GGAL - 24hs,6830.0,2025-05-09 17:06:46,1000,2025-05-09 17:06:47.773,6820.0,20157,6810.0,17918,6800.0,11345,6790.0,1932,6780.0,4679,6830.0,1356,6840.0,2076,6850.0,3415,6860.0,4739,6870.0,16539,2025-05-09 17:06:47.704,,2147483647,1041633,False,nan
8017,1240458,1612221478,MERV - XMEV - GGAL - 24hs,6830.0,2025-05-09 17:06:46,1000,2025-05-09 17:06:50.804,6820.0,20177,6810.0,17918,6800.0,11345,6790.0,1932,6780.0,4679,6830.0,1356,6840.0,2076,6850.0,3415,6860.0,4739,6870.0,16539,2025-05-09 17:06:50.736,,2147483647,1041633,False,nan
8018,1240886,1612222011,MERV - XMEV - GGAL - 24hs,6830.0,2025-05-09 17:06:55,2,2025-05-09 17:06:55.467,6820.0,20177,6810.0,17918,6800.0,11345,6790.0,1932,6780.0,4679,6830.0,1356,6840.0,2076,6850.0,3415,6860.0,4739,6870.0,16539,2025-05-09 17:06:55.397,,2147483647,1041633,True,offer
8019,1240960,1612222098,MERV - XMEV - GGAL - 24hs,6830.0,2025-05-09 17:06:55,2,2025-05-09 17:06:55.968,6820.0,20177,6810.0,17918,6800.0,11345,6790.0,1932,6780.0,4679,6830.0,1354,6840.0,2076,6850.0,3415,6860.0,4739,6870.0,16539,2025-05-09 17:06:55.896,,2147483647,1041633,False,nan
8020,1241072,1612222237,MERV - XMEV - GGAL - 24hs,6830.0,2025-05-09 17:06:55,2,2025-05-09 17:06:56.466,6820.0,20177,6810.0,17918,6800.0,11345,6790.0,1932,6780.0,4679,6830.0,1354,6840.0,2076,6850.0,3415,6860.0,4739,6870.0,16539,2025-05-09 17:06:56.396,,2147483647,1041635,False,nan
8021,1241237,1612222439,MERV - XMEV - GGAL - 24hs,6830.0,2025-05-09 17:06:55,2,2025-05-09 17:06:57.697,6820.0,20177,6810.0,17918,6800.0,11345,6790.0,1932,6780.0,4679,6830.0,1354,6840.0,2076,6850.0,3415,6860.0,5739,6870.0,16539,2025-05-09 17:06:57.602,,2147483647,1041635,False,nan
8022,1241694,1612223060,MERV - XMEV - GGAL - 24hs,6830.0,2025-05-09 17:06:55,2,2025-05-09 17:07:02.752,6820.0,20177,6810.0,17918,6800.0,11345,6790.0,1932,6780.0,4679,6830.0,1354,6840.0,2076,6850.0,3415,6860.0,5739,6870.0,16939,2025-05-09 17:07:02.670,,2147483647,1041635,False,nan
8023,1241919,1612223360,MERV - XMEV - GGAL - 24hs,6830.0,2025-05-09 17:07:04,100,2025-05-09 17:07:04.828,6820.0,20177,6810.0,17918,6800.0,11345,6790.0,1932,6780.0,4679,6830.0,1354,6840.0,2076,6850.0,3415,6860.0,5739,6870.0,16939,2025-05-09 17:07:04.758,,2147483647,1041635,True,offer
8024,1242029,1612223514,MERV - XMEV - GGAL - 24hs,6830.0,2025-05-09 17:07:04,100,2025-05-09 17:07:05.603,6820.0,20177,6810.0,17918,6800.0,11345,6790.0,1932,6780.0,4679,6830.0,1354,6840.0,2076,6850.0,3415,6860.0,5739,6870.0,16939,2025-05-09 17:07:05.511,,2147483647,1041735,False,nan
8025,1242126,1612223627,MERV - XMEV - GGAL - 24hs,6830.0,2025-05-09 17:07:04,100,2025-05-09 17:07:06.079,6820.0,20177,6810.0,18265,6800.0,11345,6790.0,1932,6780.0,4679,6830.0,1254,6840.0,2076,6850.0,3415,6860.0,5739,6870.0,6939,2025-05-09 17:07:06.011,,2147483647,1041735,False,nan
8026,1242185,1612223701,MERV - XMEV - GGAL - 24hs,6830.0,2025-05-09 17:07:04,100,2025-05-09 17:07:06.806,6820.0,23642,6810.0,16845,6800.0,11345,6790.0,1932,6780.0,4679,6830.0,1254,6840.0,2076,6850.0,3415,6860.0,5739,6870.0,6939,2025-05-09 17:07:06.720,,2147483647,1041735,False,nan
8027,1242367,1612223928,MERV - XMEV - GGAL - 24hs,6830.0,2025-05-09 17:07:04,100,2025-05-09 17:07:08.067,6820.0,23988,6810.0,16845,6800.0,11345,6790.0,1932,6780.0,4679,6830.0,1254,6840.0,2076,6850.0,3415,6860.0,5739,6870.0,6939,2025-05-09 17:07:07.855,,2147483647,1041735,False,nan
8028,1242482,1612224060,MERV - XMEV - GGAL - 24hs,6830.0,2025-05-09 17:07:04,100,2025-05-09 17:07:08.594,6820.0,26215,6810.0,16845,6800.0,11345,6790.0,1932,6780.0,4679,6830.0,1254,6840.0,2076,6850.0,3415,6860.0,5739,6870.0,6939,2025-05-09 17:07:08.525,,2147483647,1041735,False,nan
8029,1242645,1612224276,MERV - XMEV - GGAL - 24hs,6830.0,2025-05-09 17:07:04,100,2025-05-09 17:07:10.427,6820.0,21909,6810.0,16845,6800.0,11345,6790.0,1932,6780.0,4679,6830.0,1254,6840.0,2076,6850.0,3415,6860.0,5739,6870.0,6939,2025-05-09 17:07:10.359,,2147483647,1041735,False,nan
8030,1242988,1612224713,MERV - XMEV - GGAL - 24hs,6830.0,2025-05-09 17:07:13,1254,2025-05-09 17:07:13.474,6820.0,21909,6810.0,16845,6800.0,11345,6790.0,1932,6780.0,4679,6830.0,1254,6840.0,2076,6850.0,3415,6860.0,5739,6870.0,6939,2025-05-09 17:07:13.405,,2147483647,1041735,True,offer
8031,1243027,1612224775,MERV - XMEV - GGAL - 24hs,6830.0,2025-05-09 17:07:13,1254,2025-05-09 17:07:14.054,6820.0,21909,6810.0,16845,6800.0,11345,6790.0,1932,6780.0,4679,6830.0,2500,6840.0,2076,6850.0,3415,6860.0,5739,6870.0,6939,2025-05-09 17:07:13.984,,2147483647,1041735,False,nan
8032,1243069,1612224828,MERV - XMEV - GGAL - 24hs,6830.0,2025-05-09 17:07:13,1254,2025-05-09 17:07:14.558,6820.0,21909,6810.0,16845,6800.0,11345,6790.0,1932,6780.0,4679,6830.0,2500,6840.0,2076,6850.0,3415,6860.0,5739,6870.0,6939,2025-05-09 17:07:14.484,,2147483647,1042989,False,nan
8033,1243276,1612225088,MERV - XMEV - GGAL - 24hs,6830.0,2025-05-09 17:07:13,1254,2025-05-09 17:07:16.301,6820.0,20522,6810.0,16845,6800.0,11345,6790.0,1932,6780.0,4679,6830.0,2500,6840.0,2076,6850.0,3415,6860.0,5739,6870.0,6939,2025-05-09 17:07:16.232,,2147483647,1042989,False,nan
8034,1243642,1612225596,MERV - XMEV - GGAL - 24hs,6830.0,2025-05-09 17:07:13,1254,2025-05-09 17:07:20.358,6820.0,20522,6810.0,16845,6800.0,11345,6790.0,1932,6780.0,4679,6830.0,2500,6840.0,2076,6850.0,3415,6860.0,5739,6870.0,8193,2025-05-09 17:07:20.289,,2147483647,1042989,False,nan
8035,1243940,1612226057,MERV - XMEV - GGAL - 24hs,6830.0,2025-05-09 17:07:13,1254,2025-05-09 17:07:23.628,6820.0,20622,6810.0,16845,6800.0,11345,6790.0,1932,6780.0,4679,6830.0,2500,6840.0,2076,6850.0,3415,6860.0,5739,6870.0,8193,2025-05-09 17:07:23.558,,2147483647,1042989,False,nan
8036,1244326,1612226540,MERV - XMEV - GGAL - 24hs,6830.0,2025-05-09 17:07:13,1254,2025-05-09 17:07:28.391,6820.0,20626,6810.0,16845,6800.0,11345,6790.0,1932,6780.0,4679,6830.0,2500,6840.0,2076,6850.0,3415,6860.0,5739,6870.0,8193,2025-05-09 17:07:28.318,,2147483647,1042989,False,nan
8037,1244519,1612226775,MERV - XMEV - GGAL - 24hs,6830.0,2025-05-09 17:07:13,1254,2025-05-09 17:07:30.332,6820.0,21602,6810.0,16845,6800.0,11345,6790.0,1932,6780.0,4679,6830.0,2500,6840.0,2076,6850.0,3415,6860.0,5739,6870.0,8193,2025-05-09 17:07:30.254,,2147483647,1042989,False,nan
8038,1244711,1612227041,MERV - XMEV - GGAL - 24hs,6830.0,2025-05-09 17:07:31,20,2025-05-09 17:07:32.286,6820.0,21602,6810.0,16845,6800.0,11345,6790.0,1932,6780.0,4679,6830.0,2500,6840.0,2076,6850.0,3415,6860.0,5739,6870.0,8193,2025-05-09 17:07:32.187,,2147483647,1042989,True,offer
8039,1244758,1612227103,MERV - XMEV - GGAL - 24hs,6830.0,2025-05-09 17:07:31,20,2025-05-09 17:07:32.763,6820.0,21949,6810.0,16845,6800.0,11345,6790.0,1932,6780.0,4679,6830.0,2480,6840.0,2076,6850.0,3415,6860.0,5739,6870.0,8193,2025-05-09 17:07:32.689,,2147483647,1043009,False,nan
8040,1244808,1612227162,MERV - XMEV - GGAL - 24hs,6830.0,2025-05-09 17:07:32,722,2025-05-09 17:07:33.280,6820.0,21949,6810.0,16845,6800.0,11345,6790.0,1932,6780.0,4679,6830.0,2480,6840.0,2076,6850.0,3415,6860.0,5739,6870.0,8193,2025-05-09 17:07:33.186,,2147483647,1043009,True,offer
8041,1244851,1612227221,MERV - XMEV - GGAL - 24hs,6830.0,2025-05-09 17:07:32,722,2025-05-09 17:07:33.754,6820.0,21949,6810.0,16845,6800.0,11345,6790.0,1932,6780.0,4679,6830.0,1758,6840.0,2076,6850.0,3415,6860.0,5739,6870.0,8193,2025-05-09 17:07:33.686,,2147483647,1043731,False,nan
8042,1245131,1612227585,MERV - XMEV - GGAL - 24hs,6830.0,2025-05-09 17:07:36,21,2025-05-09 17:07:36.707,6820.0,21949,6810.0,16845,6800.0,11345,6790.0,1932,6780.0,4679,6830.0,1758,6840.0,2076,6850.0,3415,6860.0,5739,6870.0,8193,2025-05-09 17:07:36.640,,2147483647,1043731,True,offer
8043,1245202,1612227674,MERV - XMEV - GGAL - 24hs,6830.0,2025-05-09 17:07:36,21,2025-05-09 17:07:37.374,6820.0,21949,6810.0,16845,6800.0,11345,6790.0,1932,6780.0,4679,6830.0,1737,6840.0,2076,6850.0,3415,6860.0,5739,6870.0,10193,2025-05-09 17:07:37.305,,2147483647,1043731,False,nan
8044,1245243,1612227723,MERV - XMEV - GGAL - 24hs,6830.0,2025-05-09 17:07:36,21,2025-05-09 17:07:37.873,6820.0,21949,6810.0,16845,6800.0,11345,6790.0,1932,6780.0,4679,6830.0,1737,6840.0,2076,6850.0,3415,6860.0,5739,6870.0,10193,2025-05-09 17:07:37.805,,2147483647,1043752,False,nan
8045,1245583,1612228215,MERV - XMEV - GGAL - 24hs,6830.0,2025-05-09 17:07:40,1737,2025-05-09 17:07:41.162,6820.0,21949,6810.0,16845,6800.0,11345,6790.0,1932,6780.0,4679,6830.0,1737,6840.0,2076,6850.0,3415,6860.0,5739,6870.0,10193,2025-05-09 17:07:40.945,,2147483647,1043752,True,offer
8046,1245645,1612228288,MERV - XMEV - GGAL - 24hs,6830.0,2025-05-09 17:07:40,763,2025-05-09 17:07:41.395,6820.0,21949,6810.0,16845,6800.0,11345,6790.0,1932,6780.0,4679,6830.0,2500,6840.0,2076,6850.0,3415,6860.0,5739,6870.0,10193,2025-05-09 17:07:41.327,,2147483647,1043752,False,nan
8047,1245701,1612228352,MERV - XMEV - GGAL - 24hs,6830.0,2025-05-09 17:07:40,763,2025-05-09 17:07:41.897,6820.0,21949,6810.0,16845,6800.0,11345,6790.0,1932,6780.0,4679,6830.0,2500,6840.0,2076,6850.0,3415,6860.0,5739,6870.0,10193,2025-05-09 17:07:41.827,,2147483647,1046252,False,nan
8048,1245878,1612228584,MERV - XMEV - GGAL - 24hs,6830.0,2025-05-09 17:07:43,35,2025-05-09 17:07:43.344,6820.0,21949,6810.0,16845,6800.0,11345,6790.0,1932,6780.0,4679,6830.0,2500,6840.0,2076,6850.0,3415,6860.0,5739,6870.0,10193,2025-05-09 17:07:43.273,,2147483647,1046252,True,offer
8049,1245976,1612228705,MERV - XMEV - GGAL - 24hs,6830.0,2025-05-09 17:07:43,35,2025-05-09 17:07:43.862,6820.0,21949,6810.0,16845,6800.0,11345,6790.0,1932,6780.0,4679,6830.0,2465,6840.0,2076,6850.0,3415,6860.0,5739,6870.0,10193,2025-05-09 17:07:43.773,,2147483647,1046252,False,nan
8050,1246022,1612228757,MERV - XMEV - GGAL - 24hs,6830.0,2025-05-09 17:07:43,35,2025-05-09 17:07:44.342,6820.0,21949,6810.0,16845,6800.0,11345,6790.0,1932,6780.0,4679,6830.0,2465,6840.0,2076,6850.0,3415,6860.0,5739,6870.0,10193,2025-05-09 17:07:44.273,,2147483647,1046287,False,nan
8051,1246172,1612228943,MERV - XMEV - GGAL - 24hs,6830.0,2025-05-09 17:07:43,35,2025-05-09 17:07:45.778,6820.0,22295,6810.0,16845,6800.0,11345,6790.0,1932,6780.0,4679,6830.0,2465,6840.0,2076,6850.0,3415,6860.0,5739,6870.0,10193,2025-05-09 17:07:45.699,,2147483647,1046287,False,nan
8052,1246422,1612229249,MERV - XMEV - GGAL - 24hs,6830.0,2025-05-09 17:07:43,35,2025-05-09 17:07:47.325,6820.0,22277,6810.0,16845,6800.0,11345,6790.0,1932,6780.0,4679,6830.0,2465,6840.0,2076,6850.0,3415,6860.0,5739,6870.0,20193,2025-05-09 17:07:47.256,,2147483647,1046287,False,nan
8053,1246816,1612229748,MERV - XMEV - GGAL - 24hs,6830.0,2025-05-09 17:07:51,1,2025-05-09 17:07:52.076,6820.0,22277,6810.0,16845,6800.0,11345,6790.0,1932,6780.0,4679,6830.0,2465,6840.0,2076,6850.0,3415,6860.0,5739,6870.0,20193,2025-05-09 17:07:52.006,,2147483647,1046287,True,offer
8054,1246859,1612229816,MERV - XMEV - GGAL - 24hs,6830.0,2025-05-09 17:07:51,1,2025-05-09 17:07:52.762,6820.0,22277,6810.0,16845,6800.0,11345,6790.0,1932,6780.0,4679,6830.0,2464,6840.0,2076,6850.0,3415,6860.0,5739,6870.0,20193,2025-05-09 17:07:52.688,,2147483647,1046287,False,nan
8055,1246899,1612229864,MERV - XMEV - GGAL - 24hs,6830.0,2025-05-09 17:07:51,1,2025-05-09 17:07:53.254,6820.0,22277,6810.0,16845,6800.0,11345,6790.0,1932,6780.0,4679,6830.0,2464,6840.0,2076,6850.0,3415,6860.0,5739,6870.0,20193,2025-05-09 17:07:53.182,,2147483647,1046288,False,nan
8056,1247130,1612230215,MERV - XMEV - GGAL - 24hs,6830.0,2025-05-09 17:07:54,3,2025-05-09 17:07:54.948,6820.0,22277,6810.0,16845,6800.0,11345,6790.0,1932,6780.0,4679,6830.0,2464,6840.0,2076,6850.0,3415,6860.0,5739,6870.0,20193,2025-05-09 17:07:54.762,,2147483647,1046288,True,offer
8057,1247176,1612230274,MERV - XMEV - GGAL - 24hs,6830.0,2025-05-09 17:07:54,3,2025-05-09 17:07:55.495,6820.0,22277,6810.0,16845,6800.0,11345,6790.0,1932,6780.0,4679,6830.0,2461,6840.0,2076,6850.0,3415,6860.0,5739,6870.0,20193,2025-05-09 17:07:55.426,,2147483647,1046288,False,nan
8058,1247210,1612230333,MERV - XMEV - GGAL - 24hs,6830.0,2025-05-09 17:07:54,3,2025-05-09 17:07:55.998,6820.0,22277,6810.0,16845,6800.0,11345,6790.0,1932,6780.0,4679,6830.0,2461,6840.0,2076,6850.0,3415,6860.0,5739,6870.0,20193,2025-05-09 17:07:55.926,,2147483647,1046291,False,nan
8059,1247336,1612230528,MERV - XMEV - GGAL - 24hs,6830.0,2025-05-09 17:07:57,29,2025-05-09 17:07:57.243,6820.0,22277,6810.0,16845,6800.0,11345,6790.0,1932,6780.0,4679,6830.0,2461,6840.0,2076,6850.0,3415,6860.0,5739,6870.0,20193,2025-05-09 17:07:57.172,,2147483647,1046291,True,offer
8060,1247441,1612230657,MERV - XMEV - GGAL - 24hs,6830.0,2025-05-09 17:07:57,29,2025-05-09 17:07:57.914,6820.0,22277,6810.0,16845,6800.0,11345,6790.0,1932,6780.0,4679,6830.0,2432,6840.0,2076,6850.0,3415,6860.0,5739,6870.0,20193,2025-05-09 17:07:57.841,,2147483647,1046291,False,nan
8061,1247486,1612230719,MERV - XMEV - GGAL - 24hs,6830.0,2025-05-09 17:07:58,68,2025-05-09 17:07:58.425,6820.0,22277,6810.0,16845,6800.0,11345,6790.0,1932,6780.0,4679,6830.0,2432,6840.0,2076,6850.0,3415,6860.0,5739,6870.0,20193,2025-05-09 17:07:58.347,,2147483647,1046320,True,offer
8062,1247572,1612230824,MERV - XMEV - GGAL - 24hs,6830.0,2025-05-09 17:07:58,68,2025-05-09 17:07:59.043,6820.0,22277,6810.0,16845,6800.0,11345,6790.0,1932,6780.0,4679,6830.0,2500,6840.0,2076,6850.0,3415,6860.0,5739,6870.0,20193,2025-05-09 17:07:58.974,,2147483647,1046320,False,nan
8063,1247626,1612230906,MERV - XMEV - GGAL - 24hs,6830.0,2025-05-09 17:07:58,68,2025-05-09 17:07:59.545,6820.0,22277,6810.0,16845,6800.0,11345,6790.0,1932,6780.0,4679,6830.0,2500,6840.0,2076,6850.0,3415,6860.0,5739,6870.0,20193,2025-05-09 17:07:59.476,,2147483647,1048820,False,nan
8064,1247727,1612231033,MERV - XMEV - GGAL - 24hs,6830.0,2025-05-09 17:07:58,68,2025-05-09 17:08:00.853,6820.0,22295,6810.0,16845,6800.0,11345,6790.0,1932,6780.0,4679,6830.0,2500,6840.0,2076,6850.0,3415,6860.0,5739,6870.0,20193,2025-05-09 17:08:00.783,,2147483647,1048820,False,nan
8065,1247761,1612231077,MERV - XMEV - GGAL - 24hs,6830.0,2025-05-09 17:08:01,25,2025-05-09 17:08:01.362,6820.0,22295,6810.0,16845,6800.0,11345,6790.0,1932,6780.0,4679,6830.0,2500,6840.0,2076,6850.0,3415,6860.0,5739,6870.0,20193,2025-05-09 17:08:01.288,,2147483647,1048820,True,offer
8066,1247808,1612231141,MERV - XMEV - GGAL - 24hs,6830.0,2025-05-09 17:08:01,25,2025-05-09 17:08:01.858,6820.0,22295,6810.0,16845,6800.0,11345,6790.0,1932,6780.0,4679,6830.0,2475,6840.0,2076,6850.0,3415,6860.0,5739,6870.0,20193,2025-05-09 17:08:01.788,,2147483647,1048845,False,nan
8067,1248134,1612231544,MERV - XMEV - GGAL - 24hs,6830.0,2025-05-09 17:08:01,25,2025-05-09 17:08:04.826,6820.0,21949,6810.0,16845,6800.0,11345,6790.0,1932,6780.0,4679,6830.0,2475,6840.0,2076,6850.0,3415,6860.0,5739,6870.0,20193,2025-05-09 17:08:04.757,,2147483647,1048845,False,nan
8068,1250304,1612234328,MERV - XMEV - GGAL - 24hs,6830.0,2025-05-09 17:08:01,25,2025-05-09 17:08:27.883,6820.0,21949,6810.0,845,6800.0,27345,6790.0,1932,6780.0,3679,6830.0,2475,6840.0,2076,6850.0,3415,6860.0,15739,6870.0,10193,2025-05-09 17:08:27.815,,2147483647,1048845,False,nan
8069,1250420,1612234466,MERV - XMEV - GGAL - 24hs,6830.0,2025-05-09 17:08:01,25,2025-05-09 17:08:28.708,6820.0,21949,6810.0,845,6800.0,27345,6790.0,1932,6780.0,3679,6830.0,2475,6840.0,2076,6850.0,3415,6860.0,17739,6870.0,8193,2025-05-09 17:08:28.640,,2147483647,1048845,False,nan
8070,1250480,1612234544,MERV - XMEV - GGAL - 24hs,6830.0,2025-05-09 17:08:01,25,2025-05-09 17:08:29.407,6820.0,21602,6810.0,845,6800.0,27345,6790.0,1932,6780.0,3679,6830.0,2475,6840.0,2076,6850.0,3415,6860.0,17739,6870.0,8193,2025-05-09 17:08:29.334,,2147483647,1048845,False,nan
8071,1250600,1612234687,MERV - XMEV - GGAL - 24hs,6830.0,2025-05-09 17:08:30,100,2025-05-09 17:08:30.753,6820.0,21602,6810.0,845,6800.0,27345,6790.0,1932,6780.0,3679,6830.0,2475,6840.0,2076,6850.0,3415,6860.0,17739,6870.0,8193,2025-05-09 17:08:30.681,,2147483647,1048845,True,offer
8072,1250658,1612234758,MERV - XMEV - GGAL - 24hs,6830.0,2025-05-09 17:08:30,100,2025-05-09 17:08:31.248,6820.0,21602,6810.0,845,6800.0,27345,6790.0,1932,6780.0,3679,6830.0,28475,6840.0,2076,6850.0,3415,6860.0,17739,6870.0,8193,2025-05-09 17:08:31.180,,2147483647,1048845,False,nan
8073,1250693,1612234798,MERV - XMEV - GGAL - 24hs,6830.0,2025-05-09 17:08:30,100,2025-05-09 17:08:31.752,6820.0,21602,6810.0,845,6800.0,27345,6790.0,1932,6780.0,3679,6830.0,28475,6840.0,2076,6850.0,3415,6860.0,17739,6870.0,8193,2025-05-09 17:08:31.680,,2147483647,1048945,False,nan
8074,1250756,1612234871,MERV - XMEV - GGAL - 24hs,6830.0,2025-05-09 17:08:30,100,2025-05-09 17:08:32.255,6820.0,21702,6810.0,845,6800.0,27345,6790.0,1932,6780.0,3679,6830.0,28475,6840.0,2076,6850.0,3415,6860.0,17739,6870.0,8193,2025-05-09 17:08:32.186,,2147483647,1048945,False,nan
8075,1251084,1612235377,MERV - XMEV - GGAL - 24hs,6830.0,2025-05-09 17:08:37,2375,2025-05-09 17:08:37.704,6820.0,21702,6810.0,845,6800.0,27345,6790.0,1932,6780.0,3679,6830.0,28475,6840.0,2076,6850.0,3415,6860.0,17739,6870.0,8193,2025-05-09 17:08:37.629,,2147483647,1048945,True,offer
8076,1251119,1612235433,MERV - XMEV - GGAL - 24hs,6830.0,2025-05-09 17:08:37,23725,2025-05-09 17:08:38.212,6820.0,21702,6810.0,845,6800.0,27345,6790.0,1932,6780.0,3679,6830.0,28475,6840.0,2076,6850.0,3415,6860.0,17739,6870.0,8193,2025-05-09 17:08:38.129,,2147483647,1048945,False,nan
8077,1251144,1612235465,MERV - XMEV - GGAL - 24hs,6830.0,2025-05-09 17:08:37,23725,2025-05-09 17:08:38.696,6820.0,21357,6810.0,1574,6800.0,27345,6790.0,1932,6780.0,3679,6830.0,4875,6840.0,2076,6850.0,3415,6860.0,17739,6870.0,8193,2025-05-09 17:08:38.628,,2147483647,1075045,False,nan
8078,1251946,1612236581,MERV - XMEV - GGAL - 24hs,6830.0,2025-05-09 17:08:37,23725,2025-05-09 17:08:47.767,6820.0,21357,6810.0,1227,6800.0,27345,6790.0,1932,6780.0,3679,6830.0,4875,6840.0,2076,6850.0,3415,6860.0,17739,6870.0,8193,2025-05-09 17:08:47.698,,2147483647,1075045,False,nan
8079,1252457,1612237248,MERV - XMEV - GGAL - 24hs,6830.0,2025-05-09 17:08:37,23725,2025-05-09 17:08:52.761,6820.0,21796,6810.0,1227,6800.0,27345,6790.0,1932,6780.0,3679,6830.0,4875,6840.0,2076,6850.0,3415,6860.0,17739,6870.0,8193,2025-05-09 17:08:52.693,,2147483647,1075045,False,nan
8080,1252679,1612237550,MERV - XMEV - GGAL - 24hs,6830.0,2025-05-09 17:08:54,7,2025-05-09 17:08:55.004,6820.0,21796,6810.0,1227,6800.0,27345,6790.0,1932,6780.0,3679,6830.0,4875,6840.0,2076,6850.0,3415,6860.0,17739,6870.0,8193,2025-05-09 17:08:54.936,,2147483647,1075045,True,offer
8081,1252753,1612237653,MERV - XMEV - GGAL - 24hs,6830.0,2025-05-09 17:08:54,7,2025-05-09 17:08:55.685,6820.0,21796,6810.0,1227,6800.0,27345,6790.0,1932,6780.0,3679,6830.0,4868,6840.0,2076,6850.0,3415,6860.0,17739,6870.0,8193,2025-05-09 17:08:55.600,,2147483647,1075045,False,nan
8082,1252820,1612237744,MERV - XMEV - GGAL - 24hs,6820.0,2025-05-09 17:08:56,2,2025-05-09 17:08:56.175,6820.0,21796,6810.0,1227,6800.0,27345,6790.0,1932,6780.0,3679,6830.0,4868,6840.0,2076,6850.0,3415,6860.0,17739,6870.0,8193,2025-05-09 17:08:56.100,,2147483647,1075052,True,bid
8083,1252871,1612237821,MERV - XMEV - GGAL - 24hs,6820.0,2025-05-09 17:08:56,2,2025-05-09 17:08:56.672,6820.0,21794,6810.0,1574,6800.0,17345,6790.0,1932,6780.0,3679,6830.0,4868,6840.0,2076,6850.0,3415,6860.0,17739,6870.0,8193,2025-05-09 17:08:56.600,,2147483647,1075052,False,nan
8084,1252920,1612237899,MERV - XMEV - GGAL - 24hs,6820.0,2025-05-09 17:08:56,2,2025-05-09 17:08:57.175,6820.0,21794,6810.0,1574,6800.0,17345,6790.0,1932,6780.0,3679,6830.0,4868,6840.0,2076,6850.0,3415,6860.0,17739,6870.0,8193,2025-05-09 17:08:57.100,,2147483647,1075054,False,nan
8085,1252966,1612237971,MERV - XMEV - GGAL - 24hs,6820.0,2025-05-09 17:08:56,2,2025-05-09 17:08:57.682,6820.0,21865,6810.0,1574,6800.0,17345,6790.0,1932,6780.0,3679,6830.0,4868,6840.0,2076,6850.0,3415,6860.0,17739,6870.0,8193,2025-05-09 17:08:57.600,,2147483647,1075054,False,nan
8086,1253331,1612238440,MERV - XMEV - GGAL - 24hs,6820.0,2025-05-09 17:08:56,2,2025-05-09 17:09:01.716,6820.0,21865,6810.0,1574,6800.0,16345,6790.0,1932,6780.0,3679,6830.0,4868,6840.0,2076,6850.0,3415,6860.0,17739,6870.0,8193,2025-05-09 17:09:01.638,,2147483647,1075054,False,nan
8087,1253441,1612238591,MERV - XMEV - GGAL - 24hs,6820.0,2025-05-09 17:08:56,2,2025-05-09 17:09:02.944,6820.0,21865,6810.0,1574,6800.0,17345,6790.0,1932,6780.0,3679,6830.0,4868,6840.0,2076,6850.0,3415,6860.0,17739,6870.0,8193,2025-05-09 17:09:02.867,,2147483647,1075054,False,nan
8088,1253495,1612238686,MERV - XMEV - GGAL - 24hs,6830.0,2025-05-09 17:09:03,43,2025-05-09 17:09:03.438,6820.0,21865,6810.0,1574,6800.0,17345,6790.0,1932,6780.0,3679,6830.0,4868,6840.0,2076,6850.0,3415,6860.0,17739,6870.0,8193,2025-05-09 17:09:03.368,,2147483647,1075054,True,offer
8089,1253533,1612238738,MERV - XMEV - GGAL - 24hs,6830.0,2025-05-09 17:09:03,43,2025-05-09 17:09:04.011,6820.0,21865,6810.0,1574,6800.0,17345,6790.0,1932,6780.0,3679,6830.0,4825,6840.0,2076,6850.0,3415,6860.0,15739,6870.0,8193,2025-05-09 17:09:03.942,,2147483647,1075054,False,nan
8090,1253575,1612238795,MERV - XMEV - GGAL - 24hs,6830.0,2025-05-09 17:09:03,43,2025-05-09 17:09:04.511,6820.0,21865,6810.0,1574,6800.0,17345,6790.0,1932,6780.0,3679,6830.0,4825,6840.0,2076,6850.0,3415,6860.0,15739,6870.0,8193,2025-05-09 17:09:04.442,,2147483647,1075097,False,nan
8091,1253724,1612238983,MERV - XMEV - GGAL - 24hs,6830.0,2025-05-09 17:09:03,43,2025-05-09 17:09:05.635,6820.0,37865,6810.0,1574,6800.0,1345,6790.0,1932,6780.0,3679,6830.0,4825,6840.0,2076,6850.0,3415,6860.0,5739,6870.0,20193,2025-05-09 17:09:05.566,,2147483647,1075097,False,nan
8092,1253932,1612239265,MERV - XMEV - GGAL - 24hs,6830.0,2025-05-09 17:09:03,43,2025-05-09 17:09:06.631,6820.0,37865,6810.0,6552,6800.0,1345,6790.0,1932,6780.0,3679,6830.0,4825,6840.0,2076,6850.0,3415,6860.0,5739,6870.0,8193,2025-05-09 17:09:06.324,,2147483647,1075097,False,nan
8093,1253991,1612239360,MERV - XMEV - GGAL - 24hs,6830.0,2025-05-09 17:09:06,865,2025-05-09 17:09:06.935,6820.0,37865,6810.0,6552,6800.0,1345,6790.0,1932,6780.0,3679,6830.0,4825,6840.0,2076,6850.0,3415,6860.0,5739,6870.0,8193,2025-05-09 17:09:06.834,,2147483647,1075097,True,offer
8094,1254155,1612239577,MERV - XMEV - GGAL - 24hs,6830.0,2025-05-09 17:09:06,865,2025-05-09 17:09:07.983,6820.0,37865,6810.0,845,6800.0,1345,6790.0,2932,6780.0,3679,6830.0,1188,6840.0,2076,6850.0,3415,6860.0,5739,6870.0,8193,2025-05-09 17:09:07.619,,2147483647,1080787,False,nan
8095,1254255,1612239713,MERV - XMEV - GGAL - 24hs,6830.0,2025-05-09 17:09:06,865,2025-05-09 17:09:08.398,6820.0,37865,6810.0,845,6800.0,1345,6790.0,2932,6780.0,3679,6830.0,1188,6840.0,2090,6850.0,3415,6860.0,5739,6870.0,8193,2025-05-09 17:09:08.063,,2147483647,1080787,False,nan
8096,1254318,1612239786,MERV - XMEV - GGAL - 24hs,6830.0,2025-05-09 17:09:08,1188,2025-05-09 17:09:08.633,6820.0,37865,6810.0,845,6800.0,1345,6790.0,2932,6780.0,3679,6830.0,1188,6840.0,2090,6850.0,3415,6860.0,5739,6870.0,8193,2025-05-09 17:09:08.564,,2147483647,1080787,True,offer
8097,1254401,1612239893,MERV - XMEV - GGAL - 24hs,6830.0,2025-05-09 17:09:08,1188,2025-05-09 17:09:09.144,6830.0,1186,6820.0,37865,6810.0,845,6800.0,1345,6790.0,2932,6840.0,2090,6850.0,3415,6860.0,5739,6870.0,8193,6880.0,10524,2025-05-09 17:09:09.067,,2147483647,1081975,False,nan
8098,1254504,1612240042,MERV - XMEV - GGAL - 24hs,6830.0,2025-05-09 17:09:08,1188,2025-05-09 17:09:09.680,6830.0,5674,6820.0,36865,6810.0,1845,6800.0,1345,6790.0,2932,6840.0,2090,6850.0,3415,6860.0,5739,6870.0,8193,6880.0,10524,2025-05-09 17:09:09.567,,2147483647,1081975,False,nan
8099,1254696,1612240302,MERV - XMEV - GGAL - 24hs,6830.0,2025-05-09 17:09:08,1188,2025-05-09 17:09:10.643,6830.0,5975,6820.0,36865,6810.0,1845,6800.0,1345,6790.0,2932,6840.0,2090,6850.0,3415,6860.0,5739,6870.0,8193,6880.0,10524,2025-05-09 17:09:10.569,,2147483647,1081975,False,nan
8100,1254762,1612240384,MERV - XMEV - GGAL - 24hs,6830.0,2025-05-09 17:09:08,1188,2025-05-09 17:09:11.317,6830.0,6110,6820.0,36865,6810.0,1845,6800.0,1345,6790.0,2932,6840.0,2090,6850.0,3415,6860.0,5739,6870.0,8193,6880.0,10524,2025-05-09 17:09:11.249,,2147483647,1081975,False,nan
8101,1254934,1612240606,MERV - XMEV - GGAL - 24hs,6830.0,2025-05-09 17:09:08,1188,2025-05-09 17:09:12.724,6830.0,6110,6820.0,37865,6810.0,845,6800.0,1345,6790.0,2932,6840.0,2090,6850.0,3415,6860.0,5739,6870.0,8193,6880.0,10524,2025-05-09 17:09:12.612,,2147483647,1081975,False,nan
8102,1255038,1612240729,MERV - XMEV - GGAL - 24hs,6840.0,2025-05-09 17:09:12,14,2025-05-09 17:09:13.234,6830.0,6110,6820.0,37865,6810.0,845,6800.0,1345,6790.0,2932,6840.0,2090,6850.0,3415,6860.0,5739,6870.0,8193,6880.0,10524,2025-05-09 17:09:13.113,,2147483647,1081975,True,offer
8103,1255369,1612241199,MERV - XMEV - GGAL - 24hs,6840.0,2025-05-09 17:09:12,14,2025-05-09 17:09:48.968,6840.0,410,6830.0,6110,6820.0,37865,6810.0,845,6800.0,1345,6850.0,3415,6860.0,5739,6870.0,8192,6880.0,10524,6890.0,24640,2025-05-09 17:09:48.888,,2147483647,1081975,False,nan
8104,1255377,1612241209,MERV - XMEV - GGAL - 24hs,6840.0,2025-05-09 17:09:12,14,2025-05-09 17:09:49.464,6840.0,410,6830.0,6110,6820.0,37865,6810.0,845,6800.0,1345,6850.0,3415,6860.0,5739,6870.0,8192,6880.0,10524,6890.0,24640,2025-05-09 17:09:49.389,,2147483647,1084065,False,nan
8105,1255493,1612241359,MERV - XMEV - GGAL - 24hs,6840.0,2025-05-09 17:09:13,200,2025-05-09 17:10:01.529,6840.0,410,6830.0,6110,6820.0,37865,6810.0,845,6800.0,1345,6850.0,3415,6860.0,5739,6870.0,8192,6880.0,10524,6890.0,24640,2025-05-09 17:10:01.461,,2147483647,1084065,True,bid
8106,1255502,1612241371,MERV - XMEV - GGAL - 24hs,6840.0,2025-05-09 17:09:13,200,2025-05-09 17:10:02.359,6840.0,410,6830.0,6110,6820.0,37865,6810.0,845,6800.0,1345,6850.0,3415,6860.0,5739,6870.0,8192,6880.0,10524,6890.0,24640,2025-05-09 17:10:02.290,,2147483647,1084065,False,nan
8107,1255504,1612241375,MERV - XMEV - GGAL - 24hs,6840.0,2025-05-09 17:09:13,10,2025-05-09 17:10:02.858,6840.0,410,6830.0,6110,6820.0,37865,6810.0,845,6800.0,1345,6850.0,3415,6860.0,5739,6870.0,8192,6880.0,10524,6890.0,24640,2025-05-09 17:10:02.790,,2147483647,1084065,False,nan
8108,1255678,1612241573,MERV - XMEV - GGAL - 24hs,6840.0,2025-05-09 17:09:13,10,2025-05-09 17:10:05.435,6840.0,410,6830.0,6110,6820.0,37865,6810.0,845,6800.0,1345,6850.0,3415,6860.0,5739,6870.0,8192,6880.0,10524,6890.0,24640,2025-05-09 17:10:05.145,,2147483647,1084475,False,nan
8109,1255964,1612241979,MERV - XMEV - GGAL - 24hs,6840.0,2025-05-09 17:09:16,1184,2025-05-09 17:10:06.695,6840.0,167,6830.0,6804,6820.0,37865,6810.0,845,6800.0,1345,6850.0,3415,6860.0,5739,6870.0,8192,6880.0,10524,6890.0,24640,2025-05-09 17:10:05.629,,2147483647,1086808,True,bid
8110,1256322,1612242441,MERV - XMEV - GGAL - 24hs,6840.0,2025-05-09 17:09:16,1184,2025-05-09 17:10:08.087,6840.0,167,6830.0,6457,6820.0,37865,6810.0,845,6800.0,1345,6850.0,3415,6860.0,5739,6870.0,8192,6880.0,10524,6890.0,24640,2025-05-09 17:10:06.246,,2147483647,1086808,False,nan
8111,1256738,1612243012,MERV - XMEV - GGAL - 24hs,6840.0,2025-05-09 17:09:16,1184,2025-05-09 17:10:09.903,6840.0,1353,6830.0,2600,6820.0,38557,6810.0,845,6800.0,1345,6850.0,3415,6860.0,5739,6870.0,8192,6880.0,10524,6890.0,24640,2025-05-09 17:10:07.293,,2147483647,1086808,False,nan
8112,1257102,1612243495,MERV - XMEV - GGAL - 24hs,6840.0,2025-05-09 17:09:16,1184,2025-05-09 17:10:11.413,6840.0,1353,6830.0,2700,6820.0,38556,6810.0,845,6800.0,1345,6850.0,3415,6860.0,5739,6870.0,8192,6880.0,10524,6890.0,24640,2025-05-09 17:10:07.572,,2147483647,1086808,False,nan
8113,1257472,1612244027,MERV - XMEV - GGAL - 24hs,6840.0,2025-05-09 17:09:16,1184,2025-05-09 17:10:13.071,6840.0,1353,6830.0,2700,6820.0,38903,6810.0,845,6800.0,1345,6850.0,3415,6860.0,5739,6870.0,8192,6880.0,10524,6890.0,24640,2025-05-09 17:10:07.920,,2147483647,1086808,False,nan
8114,1257837,1612244513,MERV - XMEV - GGAL - 24hs,6850.0,2025-05-09 17:09:51,12,2025-05-09 17:10:14.604,6840.0,1352,6830.0,2700,6820.0,39250,6810.0,845,6800.0,1345,6850.0,3403,6860.0,5739,6870.0,8192,6880.0,10524,6890.0,24640,2025-05-09 17:10:08.339,,2147483647,1086821,True,offer
8115,1258265,1612245088,MERV - XMEV - GGAL - 24hs,6850.0,2025-05-09 17:09:51,12,2025-05-09 17:10:16.399,6840.0,1352,6830.0,2700,6820.0,38557,6810.0,845,6800.0,1345,6850.0,3403,6860.0,5739,6870.0,8192,6880.0,10524,6890.0,24640,2025-05-09 17:10:09.283,,2147483647,1086821,False,nan
8116,1258566,1612245515,MERV - XMEV - GGAL - 24hs,6850.0,2025-05-09 17:10:00,45,2025-05-09 17:10:17.767,6840.0,1852,6830.0,2700,6820.0,39443,6810.0,845,6800.0,1345,6850.0,815,6860.0,6682,6870.0,8192,6880.0,10524,6890.0,24640,2025-05-09 17:10:09.484,,2147483647,1086866,True,offer
8117,1258715,1612245704,MERV - XMEV - GGAL - 24hs,6850.0,2025-05-09 17:10:00,45,2025-05-09 17:10:18.344,6840.0,1852,6830.0,2700,6820.0,39143,6810.0,845,6800.0,1345,6850.0,815,6860.0,6682,6870.0,8192,6880.0,10524,6890.0,24640,2025-05-09 17:10:09.920,,2147483647,1086866,False,nan
8118,1259077,1612246151,MERV - XMEV - GGAL - 24hs,6850.0,2025-05-09 17:10:00,45,2025-05-09 17:10:19.707,6840.0,1852,6830.0,2700,6820.0,39143,6810.0,840,6800.0,1345,6850.0,815,6860.0,6682,6870.0,8192,6880.0,10524,6890.0,24640,2025-05-09 17:10:13.379,,2147483647,1086866,False,nan
8119,1259699,1612246973,MERV - XMEV - GGAL - 24hs,6850.0,2025-05-09 17:10:00,45,2025-05-09 17:10:22.213,6840.0,1852,6830.0,2700,6820.0,39158,6810.0,840,6800.0,1345,6850.0,815,6860.0,6682,6870.0,8192,6880.0,10524,6890.0,24640,2025-05-09 17:10:19.819,,2147483647,1086866,False,nan
8120,1259944,1612247293,MERV - XMEV - GGAL - 24hs,6850.0,2025-05-09 17:10:00,45,2025-05-09 17:10:23.252,6840.0,1852,6830.0,2700,6820.0,39158,6810.0,840,6800.0,4345,6850.0,815,6860.0,6682,6870.0,8192,6880.0,10524,6890.0,24640,2025-05-09 17:10:22.464,,2147483647,1086866,False,nan
8121,1260043,1612247421,MERV - XMEV - GGAL - 24hs,6850.0,2025-05-09 17:10:00,45,2025-05-09 17:10:23.673,6840.0,1852,6830.0,2700,6820.0,41238,6810.0,840,6800.0,4345,6850.0,815,6860.0,6682,6870.0,8192,6880.0,10524,6890.0,24640,2025-05-09 17:10:23.182,,2147483647,1086866,False,nan
8122,1260308,1612247757,MERV - XMEV - GGAL - 24hs,6840.0,2025-05-09 17:10:25,166,2025-05-09 17:10:25.235,6840.0,1852,6830.0,2700,6820.0,41238,6810.0,840,6800.0,4345,6850.0,815,6860.0,6682,6870.0,8192,6880.0,10524,6890.0,24640,2025-05-09 17:10:25.146,,2147483647,1086866,True,bid
8123,1260371,1612247838,MERV - XMEV - GGAL - 24hs,6840.0,2025-05-09 17:10:25,126,2025-05-09 17:10:25.715,6840.0,1852,6830.0,2700,6820.0,41238,6810.0,840,6800.0,4345,6850.0,815,6860.0,6682,6870.0,8192,6880.0,10524,6890.0,24640,2025-05-09 17:10:25.646,,2147483647,1086866,False,nan
8124,1260449,1612247929,MERV - XMEV - GGAL - 24hs,6840.0,2025-05-09 17:10:25,126,2025-05-09 17:10:26.215,6840.0,1560,6830.0,2700,6820.0,41238,6810.0,840,6800.0,1345,6850.0,815,6860.0,6682,6870.0,8192,6880.0,10524,6890.0,24640,2025-05-09 17:10:26.146,,2147483647,1087158,False,nan
8125,1260812,1612248392,MERV - XMEV - GGAL - 24hs,6850.0,2025-05-09 17:10:29,40,2025-05-09 17:10:29.488,6840.0,1560,6830.0,2700,6820.0,41238,6810.0,840,6800.0,1345,6850.0,815,6860.0,6682,6870.0,8192,6880.0,10524,6890.0,24640,2025-05-09 17:10:29.419,,2147483647,1087158,True,offer
8126,1260871,1612248465,MERV - XMEV - GGAL - 24hs,6850.0,2025-05-09 17:10:29,2,2025-05-09 17:10:29.988,6840.0,1560,6830.0,2700,6820.0,41238,6810.0,840,6800.0,1345,6850.0,815,6860.0,6682,6870.0,8192,6880.0,10524,6890.0,24640,2025-05-09 17:10:29.919,,2147483647,1087158,False,nan
8127,1260928,1612248540,MERV - XMEV - GGAL - 24hs,6850.0,2025-05-09 17:10:29,2,2025-05-09 17:10:30.507,6840.0,1560,6830.0,2700,6820.0,41238,6810.0,840,6800.0,1345,6850.0,743,6860.0,6682,6870.0,8192,6880.0,10524,6890.0,24640,2025-05-09 17:10:30.419,,2147483647,1087230,False,nan
8128,1261071,1612248727,MERV - XMEV - GGAL - 24hs,6850.0,2025-05-09 17:10:29,2,2025-05-09 17:10:31.352,6840.0,1560,6830.0,2700,6820.0,39158,6810.0,840,6800.0,1345,6850.0,743,6860.0,6682,6870.0,8192,6880.0,10524,6890.0,24640,2025-05-09 17:10:31.247,,2147483647,1087230,False,nan
8129,1261226,1612248920,MERV - XMEV - GGAL - 24hs,6850.0,2025-05-09 17:10:29,2,2025-05-09 17:10:32.444,6840.0,1560,6830.0,3045,6820.0,37065,6810.0,840,6800.0,1345,6850.0,743,6860.0,6682,6870.0,8192,6880.0,10524,6890.0,24640,2025-05-09 17:10:32.319,,2147483647,1087230,False,nan
8130,1261610,1612249404,MERV - XMEV - GGAL - 24hs,6850.0,2025-05-09 17:10:29,2,2025-05-09 17:10:34.619,6840.0,1560,6830.0,3050,6820.0,37065,6810.0,840,6800.0,1345,6850.0,743,6860.0,6682,6870.0,8192,6880.0,10524,6890.0,24640,2025-05-09 17:10:34.547,,2147483647,1087230,False,nan
8131,1261848,1612249724,MERV - XMEV - GGAL - 24hs,6850.0,2025-05-09 17:10:29,2,2025-05-09 17:10:35.952,6840.0,1560,6830.0,4090,6820.0,37065,6810.0,840,6800.0,1345,6850.0,743,6860.0,6682,6870.0,8192,6880.0,10524,6890.0,24640,2025-05-09 17:10:35.882,,2147483647,1087230,False,nan
8132,1262035,1612249965,MERV - XMEV - GGAL - 24hs,6850.0,2025-05-09 17:10:29,2,2025-05-09 17:10:37.424,6840.0,2060,6830.0,4090,6820.0,37065,6810.0,840,6800.0,1345,6850.0,743,6860.0,6582,6870.0,8192,6880.0,10524,6890.0,24640,2025-05-09 17:10:37.349,,2147483647,1087230,False,nan
8133,1262457,1612250496,MERV - XMEV - GGAL - 24hs,6850.0,2025-05-09 17:10:29,2,2025-05-09 17:10:41.949,6840.0,2060,6830.0,4090,6820.0,37065,6810.0,840,6800.0,1345,6850.0,545,6860.0,6582,6870.0,8192,6880.0,10524,6890.0,24640,2025-05-09 17:10:41.877,,2147483647,1087230,False,nan
8134,1262812,1612250946,MERV - XMEV - GGAL - 24hs,6850.0,2025-05-09 17:10:29,2,2025-05-09 17:10:44.347,6840.0,2060,6830.0,4436,6820.0,37065,6810.0,840,6800.0,1345,6850.0,545,6860.0,6582,6870.0,8192,6880.0,10524,6890.0,24640,2025-05-09 17:10:44.063,,2147483647,1087230,False,nan
8135,1263184,1612251402,MERV - XMEV - GGAL - 24hs,6850.0,2025-05-09 17:10:29,2,2025-05-09 17:10:46.687,6840.0,2060,6830.0,4436,6820.0,37065,6810.0,840,6800.0,1345,6850.0,545,6860.0,6582,6870.0,8092,6880.0,10524,6890.0,24640,2025-05-09 17:10:46.606,,2147483647,1087230,False,nan
8136,1264282,1612252754,MERV - XMEV - GGAL - 24hs,6850.0,2025-05-09 17:10:51,2,2025-05-09 17:10:51.791,6840.0,2060,6830.0,4436,6820.0,37065,6810.0,840,6800.0,1345,6850.0,545,6860.0,6582,6870.0,8092,6880.0,10524,6890.0,24640,2025-05-09 17:10:51.717,,2147483647,1087230,True,offer
8137,1264367,1612252859,MERV - XMEV - GGAL - 24hs,6850.0,2025-05-09 17:10:51,2,2025-05-09 17:10:52.461,6840.0,2060,6830.0,4436,6820.0,37065,6810.0,840,6800.0,1345,6850.0,543,6860.0,6582,6870.0,8092,6880.0,10524,6890.0,24640,2025-05-09 17:10:52.392,,2147483647,1087230,False,nan
8138,1264417,1612252925,MERV - XMEV - GGAL - 24hs,6850.0,2025-05-09 17:10:51,2,2025-05-09 17:10:52.952,6840.0,2060,6830.0,4436,6820.0,37065,6810.0,840,6800.0,1345,6850.0,543,6860.0,6582,6870.0,8092,6880.0,10524,6890.0,24640,2025-05-09 17:10:52.882,,2147483647,1087232,False,nan
8139,1264612,1612253186,MERV - XMEV - GGAL - 24hs,6850.0,2025-05-09 17:10:51,2,2025-05-09 17:10:55.109,6840.0,2060,6830.0,4090,6820.0,37065,6810.0,840,6800.0,1345,6850.0,543,6860.0,6582,6870.0,8092,6880.0,10524,6890.0,24640,2025-05-09 17:10:55.040,,2147483647,1087232,False,nan
8140,1264820,1612253448,MERV - XMEV - GGAL - 24hs,6850.0,2025-05-09 17:10:51,2,2025-05-09 17:10:56.330,6840.0,2060,6830.0,19090,6820.0,22065,6810.0,840,6800.0,1345,6850.0,543,6860.0,6582,6870.0,8092,6880.0,10524,6890.0,24640,2025-05-09 17:10:56.205,,2147483647,1087232,False,nan
8141,1265729,1612254619,MERV - XMEV - GGAL - 24hs,6850.0,2025-05-09 17:10:51,2,2025-05-09 17:11:02.328,6840.0,2060,6830.0,18743,6820.0,22065,6810.0,840,6800.0,1345,6850.0,543,6860.0,6582,6870.0,8092,6880.0,10524,6890.0,24640,2025-05-09 17:11:01.831,,2147483647,1087232,False,nan
8142,1265853,1612254790,MERV - XMEV - GGAL - 24hs,6850.0,2025-05-09 17:11:02,23,2025-05-09 17:11:02.882,6840.0,2060,6830.0,18743,6820.0,22065,6810.0,840,6800.0,1345,6850.0,543,6860.0,6582,6870.0,8092,6880.0,10524,6890.0,24640,2025-05-09 17:11:02.813,,2147483647,1087232,True,offer
8143,1265905,1612254855,MERV - XMEV - GGAL - 24hs,6850.0,2025-05-09 17:11:02,477,2025-05-09 17:11:03.389,6840.0,2060,6830.0,18743,6820.0,22065,6810.0,840,6800.0,1345,6850.0,543,6860.0,6582,6870.0,8092,6880.0,10524,6890.0,24640,2025-05-09 17:11:03.317,,2147483647,1087232,False,nan
8144,1265952,1612254915,MERV - XMEV - GGAL - 24hs,6850.0,2025-05-09 17:11:02,477,2025-05-09 17:11:03.888,6840.0,2060,6830.0,18752,6820.0,22065,6810.0,840,6800.0,1345,6850.0,43,6860.0,6582,6870.0,8092,6880.0,10524,6890.0,24640,2025-05-09 17:11:03.816,,2147483647,1087732,False,nan
8145,1266038,1612255033,MERV - XMEV - GGAL - 24hs,6850.0,2025-05-09 17:11:04,43,2025-05-09 17:11:04.507,6840.0,2060,6830.0,18752,6820.0,22065,6810.0,840,6800.0,1345,6850.0,43,6860.0,6582,6870.0,8092,6880.0,10524,6890.0,24640,2025-05-09 17:11:04.437,,2147483647,1087732,True,offer
8146,1266089,1612255095,MERV - XMEV - GGAL - 24hs,6850.0,2025-05-09 17:11:04,67,2025-05-09 17:11:05.006,6850.0,457,6840.0,1560,6830.0,18752,6820.0,22065,6810.0,840,6860.0,6582,6870.0,8092,6880.0,10524,6890.0,24640,6900.0,14055,2025-05-09 17:11:04.936,,2147483647,1087775,False,nan
8147,1266143,1612255167,MERV - XMEV - GGAL - 24hs,6850.0,2025-05-09 17:11:04,67,2025-05-09 17:11:05.505,6840.0,1560,6830.0,18752,6820.0,22065,6810.0,840,6800.0,1345,6850.0,1097,6860.0,6582,6870.0,8092,6880.0,10524,6890.0,24640,2025-05-09 17:11:05.436,,2147483647,1088232,False,nan
8148,1267345,1612256765,MERV - XMEV - GGAL - 24hs,6850.0,2025-05-09 17:11:04,67,2025-05-09 17:11:14.088,6840.0,1560,6830.0,18752,6820.0,22065,6810.0,840,6800.0,1345,6850.0,1098,6860.0,6582,6870.0,8092,6880.0,10524,6890.0,24640,2025-05-09 17:11:14.004,,2147483647,1088232,False,nan
8149,1268023,1612257638,MERV - XMEV - GGAL - 24hs,6850.0,2025-05-09 17:11:04,67,2025-05-09 17:11:19.656,6840.0,1560,6830.0,19099,6820.0,22065,6810.0,840,6800.0,1345,6850.0,1098,6860.0,6582,6870.0,8092,6880.0,10524,6890.0,24640,2025-05-09 17:11:19.583,,2147483647,1088232,False,nan
8150,1268096,1612257731,MERV - XMEV - GGAL - 24hs,6850.0,2025-05-09 17:11:04,67,2025-05-09 17:11:20.444,6840.0,1560,6830.0,18059,6820.0,22065,6810.0,840,6800.0,1345,6850.0,1098,6860.0,6582,6870.0,8092,6880.0,10524,6890.0,24640,2025-05-09 17:11:20.370,,2147483647,1088232,False,nan
8151,1268192,1612257857,MERV - XMEV - GGAL - 24hs,6850.0,2025-05-09 17:11:04,67,2025-05-09 17:11:21.430,6840.0,1560,6830.0,18406,6820.0,22065,6810.0,840,6800.0,1345,6850.0,1098,6860.0,6582,6870.0,8092,6880.0,10524,6890.0,24640,2025-05-09 17:11:21.361,,2147483647,1088232,False,nan
8152,1268327,1612258021,MERV - XMEV - GGAL - 24hs,6850.0,2025-05-09 17:11:04,67,2025-05-09 17:11:22.319,6840.0,1560,6830.0,18059,6820.0,22065,6810.0,840,6800.0,1345,6850.0,1098,6860.0,6582,6870.0,8092,6880.0,10524,6890.0,24640,2025-05-09 17:11:22.203,,2147483647,1088232,False,nan
8153,1268485,1612258224,MERV - XMEV - GGAL - 24hs,6850.0,2025-05-09 17:11:04,67,2025-05-09 17:11:23.251,6840.0,1560,6830.0,18406,6820.0,22065,6810.0,840,6800.0,1345,6850.0,1098,6860.0,6582,6870.0,8092,6880.0,10524,6890.0,24640,2025-05-09 17:11:23.161,,2147483647,1088232,False,nan
8154,1268531,1612258285,MERV - XMEV - GGAL - 24hs,6850.0,2025-05-09 17:11:04,67,2025-05-09 17:11:23.932,6840.0,1560,6830.0,18059,6820.0,22065,6810.0,840,6800.0,1345,6850.0,1,6860.0,6582,6870.0,8092,6880.0,10524,6890.0,24640,2025-05-09 17:11:23.855,,2147483647,1088232,False,nan
8155,1268633,1612258416,MERV - XMEV - GGAL - 24hs,6850.0,2025-05-09 17:11:04,67,2025-05-09 17:11:24.670,6840.0,1560,6830.0,18059,6820.0,22065,6810.0,840,6800.0,1345,6850.0,1098,6860.0,6582,6870.0,8092,6880.0,10524,6890.0,24640,2025-05-09 17:11:24.533,,2147483647,1088232,False,nan
8156,1268739,1612258537,MERV - XMEV - GGAL - 24hs,6850.0,2025-05-09 17:11:25,4,2025-05-09 17:11:25.105,6840.0,1560,6830.0,18059,6820.0,22065,6810.0,840,6800.0,1345,6850.0,1098,6860.0,6582,6870.0,8092,6880.0,10524,6890.0,24640,2025-05-09 17:11:25.033,,2147483647,1088232,True,offer
8157,1268786,1612258590,MERV - XMEV - GGAL - 24hs,6850.0,2025-05-09 17:11:25,4,2025-05-09 17:11:25.602,6840.0,1810,6830.0,18059,6820.0,22065,6810.0,840,6800.0,1345,6850.0,1093,6860.0,6582,6870.0,8092,6880.0,10524,6890.0,24640,2025-05-09 17:11:25.533,,2147483647,1088232,False,nan
8158,1268834,1612258648,MERV - XMEV - GGAL - 24hs,6850.0,2025-05-09 17:11:25,4,2025-05-09 17:11:26.103,6840.0,1810,6830.0,18059,6820.0,22065,6810.0,840,6800.0,1345,6850.0,1093,6860.0,6582,6870.0,8092,6880.0,10524,6890.0,24640,2025-05-09 17:11:26.034,,2147483647,1088237,False,nan
8159,1269339,1612259305,MERV - XMEV - GGAL - 24hs,6850.0,2025-05-09 17:11:30,29,2025-05-09 17:11:30.822,6840.0,1810,6830.0,18059,6820.0,22065,6810.0,840,6800.0,1345,6850.0,1093,6860.0,6582,6870.0,8092,6880.0,10524,6890.0,24640,2025-05-09 17:11:30.753,,2147483647,1088237,True,offer
8160,1269413,1612259412,MERV - XMEV - GGAL - 24hs,6850.0,2025-05-09 17:11:30,29,2025-05-09 17:11:31.323,6840.0,1810,6830.0,18059,6820.0,22065,6810.0,840,6800.0,1345,6850.0,1064,6860.0,6582,6870.0,8092,6880.0,10524,6890.0,24640,2025-05-09 17:11:31.252,,2147483647,1088237,False,nan
8161,1269470,1612259484,MERV - XMEV - GGAL - 24hs,6850.0,2025-05-09 17:11:30,29,2025-05-09 17:11:31.831,6840.0,1810,6830.0,18059,6820.0,22065,6810.0,840,6800.0,1345,6850.0,1064,6860.0,6582,6870.0,8092,6880.0,10524,6890.0,24640,2025-05-09 17:11:31.753,,2147483647,1088266,False,nan
8162,1269507,1612259533,MERV - XMEV - GGAL - 24hs,6850.0,2025-05-09 17:11:31,2,2025-05-09 17:11:32.323,6840.0,1810,6830.0,18059,6820.0,22065,6810.0,840,6800.0,1345,6850.0,1064,6860.0,6582,6870.0,8092,6880.0,10524,6890.0,24640,2025-05-09 17:11:32.253,,2147483647,1088266,True,offer
8163,1269544,1612259591,MERV - XMEV - GGAL - 24hs,6850.0,2025-05-09 17:11:31,2,2025-05-09 17:11:32.823,6840.0,1810,6830.0,18059,6820.0,22065,6810.0,840,6800.0,1345,6850.0,1062,6860.0,6582,6870.0,8092,6880.0,10524,6890.0,24640,2025-05-09 17:11:32.753,,2147483647,1088268,False,nan
8164,1269560,1612259612,MERV - XMEV - GGAL - 24hs,6850.0,2025-05-09 17:11:32,10,2025-05-09 17:11:33.323,6840.0,1810,6830.0,18059,6820.0,22065,6810.0,840,6800.0,1345,6850.0,1062,6860.0,6582,6870.0,8092,6880.0,10524,6890.0,24640,2025-05-09 17:11:33.253,,2147483647,1088268,True,offer
8165,1269593,1612259648,MERV - XMEV - GGAL - 24hs,6850.0,2025-05-09 17:11:32,10,2025-05-09 17:11:33.823,6840.0,1810,6830.0,18059,6820.0,22065,6810.0,840,6800.0,1345,6850.0,1052,6860.0,6582,6870.0,8092,6880.0,10524,6890.0,24640,2025-05-09 17:11:33.753,,2147483647,1088278,False,nan
8166,1269808,1612259936,MERV - XMEV - GGAL - 24hs,6850.0,2025-05-09 17:11:32,10,2025-05-09 17:11:36.890,6840.0,1810,6830.0,18406,6820.0,22065,6810.0,840,6800.0,1345,6850.0,1052,6860.0,6582,6870.0,8092,6880.0,10524,6890.0,24640,2025-05-09 17:11:36.820,,2147483647,1088278,False,nan
8167,1269893,1612260038,MERV - XMEV - GGAL - 24hs,6840.0,2025-05-09 17:11:37,9,2025-05-09 17:11:37.399,6840.0,1810,6830.0,18406,6820.0,22065,6810.0,840,6800.0,1345,6850.0,1052,6860.0,6582,6870.0,8092,6880.0,10524,6890.0,24640,2025-05-09 17:11:37.321,,2147483647,1088278,True,bid
8168,1269939,1612260093,MERV - XMEV - GGAL - 24hs,6840.0,2025-05-09 17:11:37,9,2025-05-09 17:11:37.913,6840.0,1801,6830.0,18406,6820.0,21626,6810.0,840,6800.0,1345,6850.0,1052,6860.0,6582,6870.0,8092,6880.0,10524,6890.0,24640,2025-05-09 17:11:37.844,,2147483647,1088278,False,nan
8169,1269996,1612260162,MERV - XMEV - GGAL - 24hs,6840.0,2025-05-09 17:11:37,9,2025-05-09 17:11:38.418,6840.0,1801,6830.0,18406,6820.0,21626,6810.0,840,6800.0,1345,6850.0,1052,6860.0,6582,6870.0,8092,6880.0,10524,6890.0,24640,2025-05-09 17:11:38.344,,2147483647,1088287,False,nan
8170,1270031,1612260206,MERV - XMEV - GGAL - 24hs,6840.0,2025-05-09 17:11:37,9,2025-05-09 17:11:38.913,6840.0,1801,6830.0,18059,6820.0,21626,6810.0,840,6800.0,1345,6850.0,1052,6860.0,6582,6870.0,8092,6880.0,10524,6890.0,24640,2025-05-09 17:11:38.844,,2147483647,1088287,False,nan
8171,1270317,1612260573,MERV - XMEV - GGAL - 24hs,6840.0,2025-05-09 17:11:37,9,2025-05-09 17:11:41.106,6840.0,1801,6830.0,18406,6820.0,21626,6810.0,840,6800.0,1345,6850.0,1052,6860.0,6582,6870.0,8092,6880.0,10524,6890.0,24640,2025-05-09 17:11:41.037,,2147483647,1088287,False,nan
8172,1270666,1612261016,MERV - XMEV - GGAL - 24hs,6840.0,2025-05-09 17:11:37,9,2025-05-09 17:11:44.531,6840.0,1801,6830.0,18406,6820.0,21626,6810.0,840,6800.0,1345,6850.0,1052,6860.0,6582,6870.0,8092,6880.0,10524,6890.0,24642,2025-05-09 17:11:44.461,,2147483647,1088287,False,nan
8173,1270773,1612261143,MERV - XMEV - GGAL - 24hs,6850.0,2025-05-09 17:11:45,1,2025-05-09 17:11:45.688,6840.0,1801,6830.0,18406,6820.0,21626,6810.0,840,6800.0,1345,6850.0,1052,6860.0,6582,6870.0,8092,6880.0,10524,6890.0,24642,2025-05-09 17:11:45.611,,2147483647,1088287,True,offer
8174,1270828,1612261210,MERV - XMEV - GGAL - 24hs,6850.0,2025-05-09 17:11:45,1,2025-05-09 17:11:46.367,6840.0,1801,6830.0,18406,6820.0,21626,6810.0,840,6800.0,1345,6850.0,1051,6860.0,6582,6870.0,8092,6880.0,10524,6890.0,24642,2025-05-09 17:11:46.286,,2147483647,1088287,False,nan
8175,1270862,1612261254,MERV - XMEV - GGAL - 24hs,6850.0,2025-05-09 17:11:45,1,2025-05-09 17:11:46.855,6840.0,1801,6830.0,18406,6820.0,21626,6810.0,840,6800.0,1345,6850.0,1051,6860.0,6582,6870.0,8092,6880.0,10524,6890.0,24642,2025-05-09 17:11:46.786,,2147483647,1088288,False,nan
8176,1271446,1612262044,MERV - XMEV - GGAL - 24hs,6850.0,2025-05-09 17:11:45,1,2025-05-09 17:11:52.875,6840.0,1801,6830.0,18407,6820.0,21626,6810.0,840,6800.0,1345,6850.0,1051,6860.0,6582,6870.0,8092,6880.0,10524,6890.0,24642,2025-05-09 17:11:52.806,,2147483647,1088288,False,nan
8177,1271516,1612262132,MERV - XMEV - GGAL - 24hs,6850.0,2025-05-09 17:11:53,10,2025-05-09 17:11:53.416,6840.0,1801,6830.0,18407,6820.0,21626,6810.0,840,6800.0,1345,6850.0,1051,6860.0,6582,6870.0,8092,6880.0,10524,6890.0,24642,2025-05-09 17:11:53.321,,2147483647,1088288,True,offer
8178,1271579,1612262232,MERV - XMEV - GGAL - 24hs,6850.0,2025-05-09 17:11:53,10,2025-05-09 17:11:54.059,6840.0,1801,6830.0,18407,6820.0,21626,6810.0,840,6800.0,1345,6850.0,1041,6860.0,6582,6870.0,8092,6880.0,10524,6890.0,24642,2025-05-09 17:11:53.986,,2147483647,1088288,False,nan
8179,1271642,1612262333,MERV - XMEV - GGAL - 24hs,6850.0,2025-05-09 17:11:53,10,2025-05-09 17:11:54.584,6840.0,1801,6830.0,18407,6820.0,21626,6810.0,840,6800.0,1345,6850.0,1041,6860.0,6582,6870.0,8092,6880.0,10524,6890.0,24642,2025-05-09 17:11:54.487,,2147483647,1088298,False,nan
8180,1271767,1612262497,MERV - XMEV - GGAL - 24hs,6850.0,2025-05-09 17:11:53,10,2025-05-09 17:11:55.190,6840.0,1801,6830.0,18426,6820.0,21626,6810.0,840,6800.0,1345,6850.0,1041,6860.0,6582,6870.0,8092,6880.0,10524,6890.0,24642,2025-05-09 17:11:55.067,,2147483647,1088298,False,nan
8181,1272016,1612262811,MERV - XMEV - GGAL - 24hs,6850.0,2025-05-09 17:11:56,3,2025-05-09 17:11:56.734,6840.0,1801,6830.0,18426,6820.0,21626,6810.0,840,6800.0,1345,6850.0,1041,6860.0,6582,6870.0,8092,6880.0,10524,6890.0,24642,2025-05-09 17:11:56.665,,2147483647,1088298,True,offer
8182,1272102,1612262934,MERV - XMEV - GGAL - 24hs,6850.0,2025-05-09 17:11:56,3,2025-05-09 17:11:57.403,6840.0,1801,6830.0,18426,6820.0,21626,6810.0,840,6800.0,1345,6850.0,1038,6860.0,6582,6870.0,8092,6880.0,10524,6890.0,24642,2025-05-09 17:11:57.334,,2147483647,1088298,False,nan
8183,1272246,1612263097,MERV - XMEV - GGAL - 24hs,6840.0,2025-05-09 17:11:57,8,2025-05-09 17:11:58.020,6840.0,1801,6830.0,18426,6820.0,21626,6810.0,840,6800.0,1345,6850.0,1038,6860.0,6582,6870.0,8092,6880.0,10524,6890.0,24642,2025-05-09 17:11:57.837,,2147483647,1088301,True,bid
8184,1272288,1612263167,MERV - XMEV - GGAL - 24hs,6840.0,2025-05-09 17:11:57,8,2025-05-09 17:11:58.474,6840.0,1793,6830.0,18426,6820.0,21626,6810.0,840,6800.0,1345,6850.0,1038,6860.0,6582,6870.0,8092,6880.0,10524,6890.0,24642,2025-05-09 17:11:58.405,,2147483647,1088301,False,nan
8185,1272340,1612263231,MERV - XMEV - GGAL - 24hs,6840.0,2025-05-09 17:11:58,1186,2025-05-09 17:11:58.974,6840.0,1793,6830.0,18426,6820.0,21626,6810.0,840,6800.0,1345,6850.0,1038,6860.0,6582,6870.0,8092,6880.0,10524,6890.0,24642,2025-05-09 17:11:58.905,,2147483647,1088309,True,bid
8186,1272410,1612263336,MERV - XMEV - GGAL - 24hs,6840.0,2025-05-09 17:11:58,1186,2025-05-09 17:11:59.474,6830.0,18426,6820.0,21626,6810.0,840,6800.0,1345,6790.0,4932,6840.0,524,6850.0,1038,6860.0,6582,6870.0,8092,6880.0,10524,2025-05-09 17:11:59.405,,2147483647,1090102,False,nan
8187,1272474,1612263414,MERV - XMEV - GGAL - 24hs,6840.0,2025-05-09 17:11:58,1186,2025-05-09 17:12:00.334,6830.0,19426,6820.0,20626,6810.0,840,6800.0,1345,6790.0,4932,6840.0,524,6850.0,1038,6860.0,6582,6870.0,8092,6880.0,10524,2025-05-09 17:12:00.265,,2147483647,1090102,False,nan
8188,1272951,1612264036,MERV - XMEV - GGAL - 24hs,6840.0,2025-05-09 17:11:58,1186,2025-05-09 17:12:04.544,6830.0,19426,6820.0,20626,6810.0,840,6800.0,1345,6790.0,4932,6840.0,1562,6860.0,6582,6870.0,8092,6880.0,10524,6890.0,22642,2025-05-09 17:12:04.467,,2147483647,1090102,False,nan
8189,1273053,1612264172,MERV - XMEV - GGAL - 24hs,6840.0,2025-05-09 17:12:05,10,2025-05-09 17:12:05.651,6830.0,19426,6820.0,20626,6810.0,840,6800.0,1345,6790.0,4932,6840.0,1562,6860.0,6582,6870.0,8092,6880.0,10524,6890.0,22642,2025-05-09 17:12:05.582,,2147483647,1090102,True,offer
8190,1273104,1612264245,MERV - XMEV - GGAL - 24hs,6840.0,2025-05-09 17:12:05,10,2025-05-09 17:12:06.309,6830.0,19426,6820.0,20626,6810.0,840,6800.0,1345,6790.0,4932,6840.0,1552,6860.0,6582,6870.0,8092,6880.0,10524,6890.0,22642,2025-05-09 17:12:06.239,,2147483647,1090102,False,nan
8191,1273150,1612264310,MERV - XMEV - GGAL - 24hs,6840.0,2025-05-09 17:12:05,10,2025-05-09 17:12:06.808,6830.0,19426,6820.0,20626,6810.0,840,6800.0,1345,6790.0,4932,6840.0,1552,6860.0,6582,6870.0,8092,6880.0,10524,6890.0,22642,2025-05-09 17:12:06.739,,2147483647,1090112,False,nan
8192,1273448,1612264688,MERV - XMEV - GGAL - 24hs,6840.0,2025-05-09 17:12:05,10,2025-05-09 17:12:09.936,6830.0,19772,6820.0,20626,6810.0,840,6800.0,1345,6790.0,4932,6840.0,1552,6860.0,6582,6870.0,8092,6880.0,10524,6890.0,22642,2025-05-09 17:12:09.853,,2147483647,1090112,False,nan
8193,1273829,1612265219,MERV - XMEV - GGAL - 24hs,6840.0,2025-05-09 17:12:05,10,2025-05-09 17:12:14.071,6830.0,19426,6820.0,20626,6810.0,840,6800.0,1345,6790.0,4932,6840.0,1552,6860.0,6582,6870.0,8092,6880.0,10524,6890.0,22642,2025-05-09 17:12:13.913,,2147483647,1090112,False,nan
8194,1273865,1612265279,MERV - XMEV - GGAL - 24hs,6840.0,2025-05-09 17:12:11,365,2025-05-09 17:12:14.476,6830.0,19426,6820.0,20626,6810.0,840,6800.0,1345,6790.0,4932,6840.0,1552,6860.0,6582,6870.0,8092,6880.0,10524,6890.0,22642,2025-05-09 17:12:14.407,,2147483647,1090112,True,offer
8195,1273902,1612265325,MERV - XMEV - GGAL - 24hs,6840.0,2025-05-09 17:12:11,365,2025-05-09 17:12:15.200,6830.0,19426,6820.0,20626,6810.0,840,6800.0,1345,6790.0,4932,6840.0,1187,6860.0,6582,6870.0,8092,6880.0,10524,6890.0,22642,2025-05-09 17:12:15.124,,2147483647,1090112,False,nan
8196,1273984,1612265420,MERV - XMEV - GGAL - 24hs,6840.0,2025-05-09 17:12:12,144,2025-05-09 17:12:15.694,6830.0,19426,6820.0,20626,6810.0,840,6800.0,1345,6790.0,4932,6840.0,1043,6860.0,6582,6870.0,8092,6880.0,10524,6890.0,22642,2025-05-09 17:12:15.625,,2147483647,1090477,True,offer
8197,1274043,1612265491,MERV - XMEV - GGAL - 24hs,6840.0,2025-05-09 17:12:12,144,2025-05-09 17:12:16.197,6830.0,19426,6820.0,20626,6810.0,840,6800.0,1345,6790.0,4932,6840.0,1043,6860.0,6582,6870.0,8092,6880.0,10524,6890.0,22642,2025-05-09 17:12:16.127,,2147483647,1090621,False,nan
8198,1274455,1612265991,MERV - XMEV - GGAL - 24hs,6840.0,2025-05-09 17:12:12,144,2025-05-09 17:12:18.939,6830.0,20119,6820.0,20626,6810.0,1840,6800.0,1345,6790.0,6932,6840.0,1043,6860.0,6582,6870.0,8092,6880.0,10524,6890.0,22642,2025-05-09 17:12:18.862,,2147483647,1090621,False,nan
8199,1274623,1612266210,MERV - XMEV - GGAL - 24hs,6840.0,2025-05-09 17:12:12,144,2025-05-09 17:12:20.192,6830.0,20119,6820.0,20626,6810.0,840,6800.0,2345,6790.0,6932,6840.0,1043,6860.0,6582,6870.0,8092,6880.0,10524,6890.0,22642,2025-05-09 17:12:20.112,,2147483647,1090621,False,nan
8200,1274679,1612266280,MERV - XMEV - GGAL - 24hs,6840.0,2025-05-09 17:12:19,1,2025-05-09 17:12:20.718,6830.0,20119,6820.0,20626,6810.0,840,6800.0,2345,6790.0,6932,6840.0,1043,6860.0,6582,6870.0,8092,6880.0,10524,6890.0,22642,2025-05-09 17:12:20.621,,2147483647,1090621,True,offer
8201,1274748,1612266365,MERV - XMEV - GGAL - 24hs,6840.0,2025-05-09 17:12:19,1,2025-05-09 17:12:21.182,6830.0,20119,6820.0,20626,6810.0,840,6800.0,2345,6790.0,6932,6840.0,1042,6860.0,6582,6870.0,8092,6880.0,10524,6890.0,22642,2025-05-09 17:12:21.112,,2147483647,1090622,False,nan
8202,1274895,1612266543,MERV - XMEV - GGAL - 24hs,6840.0,2025-05-09 17:12:19,1,2025-05-09 17:12:22.867,6830.0,20119,6820.0,20666,6810.0,840,6800.0,2345,6790.0,6932,6840.0,1042,6860.0,6582,6870.0,8092,6880.0,10524,6890.0,22642,2025-05-09 17:12:22.796,,2147483647,1090622,False,nan
8203,1275166,1612266880,MERV - XMEV - GGAL - 24hs,6840.0,2025-05-09 17:12:19,1,2025-05-09 17:12:24.552,6830.0,19772,6820.0,20666,6810.0,840,6800.0,2345,6790.0,6932,6840.0,1042,6860.0,6582,6870.0,8092,6880.0,10524,6890.0,22642,2025-05-09 17:12:24.373,,2147483647,1090622,False,nan
8204,1275299,1612267051,MERV - XMEV - GGAL - 24hs,6840.0,2025-05-09 17:12:19,1,2025-05-09 17:12:25.206,6830.0,20119,6820.0,20666,6810.0,840,6800.0,2345,6790.0,6932,6840.0,1042,6860.0,6582,6870.0,8092,6880.0,10524,6890.0,22642,2025-05-09 17:12:25.136,,2147483647,1090622,False,nan
8205,1275836,1612267765,MERV - XMEV - GGAL - 24hs,6840.0,2025-05-09 17:12:30,4,2025-05-09 17:12:30.597,6830.0,20119,6820.0,20666,6810.0,840,6800.0,2345,6790.0,6932,6840.0,1042,6860.0,6582,6870.0,8092,6880.0,10524,6890.0,22642,2025-05-09 17:12:30.527,,2147483647,1090622,True,offer
8206,1275876,1612267814,MERV - XMEV - GGAL - 24hs,6830.0,2025-05-09 17:12:30,1,2025-05-09 17:12:31.102,6830.0,20119,6820.0,20666,6810.0,840,6800.0,2345,6790.0,6932,6840.0,1042,6860.0,6582,6870.0,8092,6880.0,10524,6890.0,22642,2025-05-09 17:12:31.027,,2147483647,1091220,False,nan
8207,1275943,1612267896,MERV - XMEV - GGAL - 24hs,6830.0,2025-05-09 17:12:30,1,2025-05-09 17:12:31.599,6830.0,20118,6820.0,20666,6810.0,840,6800.0,2345,6790.0,6932,6840.0,444,6860.0,6582,6870.0,8092,6880.0,10524,6890.0,22642,2025-05-09 17:12:31.527,,2147483647,1091221,False,nan
8208,1276057,1612268034,MERV - XMEV - GGAL - 24hs,6830.0,2025-05-09 17:12:30,1,2025-05-09 17:12:32.672,6830.0,20118,6820.0,20666,6810.0,840,6800.0,2345,6790.0,6932,6840.0,444,6860.0,6582,6870.0,8092,6880.0,10524,6890.0,12642,2025-05-09 17:12:32.600,,2147483647,1091221,False,nan
8209,1276102,1612268091,MERV - XMEV - GGAL - 24hs,6840.0,2025-05-09 17:12:33,214,2025-05-09 17:12:33.265,6830.0,20118,6820.0,20666,6810.0,840,6800.0,2345,6790.0,6932,6840.0,444,6860.0,6582,6870.0,8092,6880.0,10524,6890.0,12642,2025-05-09 17:12:33.194,,2147483647,1091221,True,offer
8210,1276144,1612268147,MERV - XMEV - GGAL - 24hs,6840.0,2025-05-09 17:12:33,214,2025-05-09 17:12:33.928,6830.0,20118,6820.0,20666,6810.0,840,6800.0,2345,6790.0,6932,6840.0,230,6860.0,6582,6870.0,8092,6880.0,10524,6890.0,12642,2025-05-09 17:12:33.858,,2147483647,1091221,False,nan
8211,1276173,1612268181,MERV - XMEV - GGAL - 24hs,6840.0,2025-05-09 17:12:33,214,2025-05-09 17:12:34.431,6830.0,20118,6820.0,20666,6810.0,840,6800.0,2345,6790.0,6932,6840.0,230,6860.0,6582,6870.0,8092,6880.0,10524,6890.0,12642,2025-05-09 17:12:34.358,,2147483647,1091435,False,nan
8212,1276204,1612268222,MERV - XMEV - GGAL - 24hs,6840.0,2025-05-09 17:12:34,44,2025-05-09 17:12:34.931,6830.0,20118,6820.0,20666,6810.0,840,6800.0,2345,6790.0,6932,6840.0,230,6860.0,6582,6870.0,8092,6880.0,10524,6890.0,12642,2025-05-09 17:12:34.860,,2147483647,1091435,True,offer
8213,1276248,1612268277,MERV - XMEV - GGAL - 24hs,6840.0,2025-05-09 17:12:34,44,2025-05-09 17:12:35.489,6840.0,214,6830.0,20118,6820.0,20666,6810.0,840,6800.0,2345,6860.0,6620,6870.0,8092,6880.0,10524,6890.0,12639,6900.0,26055,2025-05-09 17:12:35.418,,2147483647,1091435,False,nan
8214,1276282,1612268316,MERV - XMEV - GGAL - 24hs,6840.0,2025-05-09 17:12:34,44,2025-05-09 17:12:35.989,6840.0,214,6830.0,20118,6820.0,20666,6810.0,840,6800.0,2345,6860.0,6620,6870.0,8092,6880.0,10524,6890.0,12639,6900.0,26055,2025-05-09 17:12:35.919,,2147483647,1091665,False,nan
8215,1276348,1612268393,MERV - XMEV - GGAL - 24hs,6840.0,2025-05-09 17:12:34,44,2025-05-09 17:12:36.795,6840.0,214,6830.0,18736,6820.0,20666,6810.0,840,6800.0,2345,6860.0,6620,6870.0,8092,6880.0,10524,6890.0,12639,6900.0,26055,2025-05-09 17:12:36.725,,2147483647,1091665,False,nan
8216,1276538,1612268624,MERV - XMEV - GGAL - 24hs,6840.0,2025-05-09 17:12:34,44,2025-05-09 17:12:38.287,6840.0,764,6830.0,18736,6820.0,20666,6810.0,840,6800.0,2345,6860.0,6620,6870.0,8092,6880.0,10524,6890.0,12639,6900.0,26055,2025-05-09 17:12:37.822,,2147483647,1091665,False,nan
8217,1276616,1612268719,MERV - XMEV - GGAL - 24hs,6860.0,2025-05-09 17:12:38,45,2025-05-09 17:12:38.603,6840.0,764,6830.0,18736,6820.0,20666,6810.0,840,6800.0,2345,6860.0,6620,6870.0,8092,6880.0,10524,6890.0,12639,6900.0,26055,2025-05-09 17:12:38.130,,2147483647,1091665,True,offer
8218,1276679,1612268792,MERV - XMEV - GGAL - 24hs,6860.0,2025-05-09 17:12:38,45,2025-05-09 17:12:38.820,6840.0,764,6830.0,18736,6820.0,20666,6810.0,840,6800.0,2345,6860.0,6575,6870.0,8092,6880.0,10524,6890.0,12639,6900.0,26055,2025-05-09 17:12:38.706,,2147483647,1091665,False,nan
8219,1276716,1612268840,MERV - XMEV - GGAL - 24hs,6860.0,2025-05-09 17:12:38,45,2025-05-09 17:12:39.290,6840.0,764,6830.0,18736,6820.0,20666,6810.0,840,6800.0,2345,6860.0,6575,6870.0,8092,6880.0,10524,6890.0,12639,6900.0,26055,2025-05-09 17:12:39.207,,2147483647,1091710,False,nan
8220,1276902,1612269076,MERV - XMEV - GGAL - 24hs,6840.0,2025-05-09 17:12:41,1,2025-05-09 17:12:41.168,6840.0,764,6830.0,18736,6820.0,20666,6810.0,840,6800.0,2345,6860.0,6575,6870.0,8092,6880.0,10524,6890.0,12639,6900.0,26055,2025-05-09 17:12:41.096,,2147483647,1091710,True,bid
8221,1276934,1612269116,MERV - XMEV - GGAL - 24hs,6840.0,2025-05-09 17:12:41,1,2025-05-09 17:12:41.833,6840.0,763,6830.0,18736,6820.0,20666,6810.0,840,6800.0,2345,6860.0,6575,6870.0,8092,6880.0,10524,6890.0,12639,6900.0,26055,2025-05-09 17:12:41.762,,2147483647,1091710,False,nan
8222,1276964,1612269151,MERV - XMEV - GGAL - 24hs,6840.0,2025-05-09 17:12:41,1,2025-05-09 17:12:42.332,6840.0,763,6830.0,18736,6820.0,20666,6810.0,840,6800.0,2345,6860.0,6575,6870.0,8092,6880.0,10524,6890.0,12639,6900.0,26055,2025-05-09 17:12:42.263,,2147483647,1091711,False,nan
8223,1277047,1612269265,MERV - XMEV - GGAL - 24hs,6860.0,2025-05-09 17:12:43,28,2025-05-09 17:12:43.367,6840.0,763,6830.0,18736,6820.0,20666,6810.0,840,6800.0,2345,6860.0,6575,6870.0,8092,6880.0,10524,6890.0,12639,6900.0,26055,2025-05-09 17:12:43.290,,2147483647,1091711,True,offer
8224,1277107,1612269344,MERV - XMEV - GGAL - 24hs,6860.0,2025-05-09 17:12:43,28,2025-05-09 17:12:44.084,6840.0,763,6830.0,19083,6820.0,20666,6810.0,840,6800.0,2345,6860.0,6547,6870.0,8092,6880.0,10524,6890.0,12639,6900.0,26055,2025-05-09 17:12:44.014,,2147483647,1091711,False,nan
8225,1277195,1612269440,MERV - XMEV - GGAL - 24hs,6860.0,2025-05-09 17:12:43,28,2025-05-09 17:12:44.624,6840.0,763,6830.0,19083,6820.0,20666,6810.0,840,6800.0,2345,6860.0,6547,6870.0,8092,6880.0,10524,6890.0,12639,6900.0,26055,2025-05-09 17:12:44.514,,2147483647,1091739,False,nan
8226,1277711,1612270099,MERV - XMEV - GGAL - 24hs,6860.0,2025-05-09 17:12:43,28,2025-05-09 17:12:46.715,6840.0,763,6830.0,18736,6820.0,20666,6810.0,840,6800.0,2345,6860.0,6547,6870.0,8092,6880.0,10524,6890.0,12639,6900.0,26055,2025-05-09 17:12:46.576,,2147483647,1091739,False,nan
8227,1277818,1612270249,MERV - XMEV - GGAL - 24hs,6860.0,2025-05-09 17:12:43,28,2025-05-09 17:12:47.528,6840.0,15763,6830.0,3736,6820.0,20666,6810.0,840,6800.0,2345,6860.0,6547,6870.0,8092,6880.0,10524,6890.0,12639,6900.0,26055,2025-05-09 17:12:47.425,,2147483647,1091739,False,nan
8228,1278562,1612271269,MERV - XMEV - GGAL - 24hs,6860.0,2025-05-09 17:12:43,28,2025-05-09 17:12:53.446,6850.0,1000,6840.0,15763,6830.0,3736,6820.0,20666,6810.0,840,6860.0,6509,6870.0,8092,6880.0,10524,6890.0,12639,6900.0,26058,2025-05-09 17:12:53.376,,2147483647,1091739,False,nan
8229,1278622,1612271351,MERV - XMEV - GGAL - 24hs,6850.0,2025-05-09 17:12:53,693,2025-05-09 17:12:53.950,6850.0,1000,6840.0,15763,6830.0,3736,6820.0,20666,6810.0,840,6860.0,6509,6870.0,8092,6880.0,10524,6890.0,12639,6900.0,26058,2025-05-09 17:12:53.878,,2147483647,1091783,True,bid
8230,1278664,1612271399,MERV - XMEV - GGAL - 24hs,6850.0,2025-05-09 17:12:53,693,2025-05-09 17:12:54.459,6840.0,15763,6830.0,3736,6820.0,20666,6810.0,840,6800.0,2345,6850.0,901,6860.0,6509,6870.0,8092,6880.0,10524,6890.0,12639,2025-05-09 17:12:54.376,,2147483647,1092739,False,nan
8231,1278708,1612271459,MERV - XMEV - GGAL - 24hs,6850.0,2025-05-09 17:12:54,1,2025-05-09 17:12:55.439,6840.0,15763,6830.0,3736,6820.0,20666,6810.0,840,6800.0,2345,6850.0,901,6860.0,6509,6870.0,8092,6880.0,10524,6890.0,12639,2025-05-09 17:12:55.350,,2147483647,1092739,True,offer
8232,1278752,1612271514,MERV - XMEV - GGAL - 24hs,6850.0,2025-05-09 17:12:54,1,2025-05-09 17:12:55.602,6840.0,16201,6830.0,3736,6820.0,20666,6810.0,840,6800.0,2345,6850.0,900,6860.0,6509,6870.0,8092,6880.0,10524,6890.0,12639,2025-05-09 17:12:55.455,,2147483647,1092740,False,nan
8233,1278894,1612271673,MERV - XMEV - GGAL - 24hs,6840.0,2025-05-09 17:12:56,188,2025-05-09 17:12:56.910,6840.0,16201,6830.0,3736,6820.0,20666,6810.0,840,6800.0,2345,6850.0,900,6860.0,6509,6870.0,8092,6880.0,10524,6890.0,12639,2025-05-09 17:12:56.840,,2147483647,1092740,True,bid
8234,1278935,1612271717,MERV - XMEV - GGAL - 24hs,6840.0,2025-05-09 17:12:56,188,2025-05-09 17:12:57.561,6840.0,16013,6830.0,3736,6820.0,20666,6810.0,840,6800.0,2345,6850.0,900,6860.0,6509,6870.0,8092,6880.0,10524,6890.0,12639,2025-05-09 17:12:57.490,,2147483647,1092740,False,nan
8235,1278977,1612271777,MERV - XMEV - GGAL - 24hs,6840.0,2025-05-09 17:12:56,188,2025-05-09 17:12:58.060,6840.0,16013,6830.0,3736,6820.0,20666,6810.0,840,6800.0,2345,6850.0,900,6860.0,6509,6870.0,8092,6880.0,10524,6890.0,12639,2025-05-09 17:12:57.990,,2147483647,1092928,False,nan
8236,1279539,1612272470,MERV - XMEV - GGAL - 24hs,6840.0,2025-05-09 17:12:56,188,2025-05-09 17:13:04.327,6840.0,1013,6830.0,17736,6820.0,21666,6810.0,840,6800.0,2345,6850.0,900,6860.0,6509,6870.0,8092,6880.0,10524,6890.0,12639,2025-05-09 17:13:04.252,,2147483647,1092928,False,nan
8237,1279777,1612272765,MERV - XMEV - GGAL - 24hs,6850.0,2025-05-09 17:13:06,2,2025-05-09 17:13:07.066,6840.0,1013,6830.0,17736,6820.0,21666,6810.0,840,6800.0,2345,6850.0,900,6860.0,6509,6870.0,8092,6880.0,10524,6890.0,12639,2025-05-09 17:13:06.987,,2147483647,1092928,True,offer
8238,1279816,1612272813,MERV - XMEV - GGAL - 24hs,6850.0,2025-05-09 17:13:06,2,2025-05-09 17:13:07.566,6840.0,1013,6830.0,17736,6820.0,21666,6810.0,840,6800.0,2345,6850.0,898,6860.0,6509,6870.0,8092,6880.0,10524,6890.0,12639,2025-05-09 17:13:07.491,,2147483647,1092928,False,nan
8239,1279889,1612272901,MERV - XMEV - GGAL - 24hs,6850.0,2025-05-09 17:13:06,2,2025-05-09 17:13:08.107,6840.0,1013,6830.0,17736,6820.0,21666,6810.0,840,6800.0,2345,6850.0,898,6860.0,6509,6870.0,8092,6880.0,10524,6890.0,12639,2025-05-09 17:13:07.991,,2147483647,1092930,False,nan
8240,1280033,1612273083,MERV - XMEV - GGAL - 24hs,6850.0,2025-05-09 17:13:06,2,2025-05-09 17:13:08.830,6840.0,1013,6830.0,2736,6820.0,36666,6810.0,840,6800.0,1345,6850.0,898,6860.0,6509,6870.0,8092,6880.0,22524,6890.0,12639,2025-05-09 17:13:08.710,,2147483647,1092930,False,nan
8241,1280287,1612273419,MERV - XMEV - GGAL - 24hs,6850.0,2025-05-09 17:13:06,2,2025-05-09 17:13:10.563,6840.0,553,6830.0,2736,6820.0,36666,6810.0,840,6800.0,1345,6850.0,898,6860.0,6509,6870.0,8092,6880.0,22524,6890.0,12639,2025-05-09 17:13:10.490,,2147483647,1092930,False,nan
8242,1280394,1612273557,MERV - XMEV - GGAL - 24hs,6840.0,2025-05-09 17:13:12,3,2025-05-09 17:13:12.328,6840.0,553,6830.0,2736,6820.0,36666,6810.0,840,6800.0,1345,6850.0,898,6860.0,6509,6870.0,8092,6880.0,22524,6890.0,12639,2025-05-09 17:13:12.257,,2147483647,1092930,True,bid
8243,1280490,1612273679,MERV - XMEV - GGAL - 24hs,6840.0,2025-05-09 17:13:12,3,2025-05-09 17:13:12.998,6840.0,550,6830.0,2736,6820.0,36666,6810.0,840,6800.0,1345,6850.0,898,6860.0,6509,6870.0,8092,6880.0,22524,6890.0,12639,2025-05-09 17:13:12.924,,2147483647,1092930,False,nan
8244,1280520,1612273711,MERV - XMEV - GGAL - 24hs,6840.0,2025-05-09 17:13:12,3,2025-05-09 17:13:13.495,6840.0,550,6830.0,2736,6820.0,36666,6810.0,840,6800.0,1345,6850.0,898,6860.0,6509,6870.0,8092,6880.0,22524,6890.0,12639,2025-05-09 17:13:13.425,,2147483647,1092933,False,nan
8245,1280572,1612273782,MERV - XMEV - GGAL - 24hs,6840.0,2025-05-09 17:13:12,3,2025-05-09 17:13:13.996,6840.0,685,6830.0,2736,6820.0,36666,6810.0,840,6800.0,1345,6850.0,898,6860.0,6509,6870.0,8092,6880.0,22524,6890.0,12639,2025-05-09 17:13:13.924,,2147483647,1092933,False,nan
8246,1280799,1612274071,MERV - XMEV - GGAL - 24hs,6840.0,2025-05-09 17:13:12,3,2025-05-09 17:13:15.584,6840.0,685,6830.0,2736,6820.0,36666,6810.0,840,6800.0,1345,6850.0,898,6860.0,6509,6870.0,8692,6880.0,22524,6890.0,12639,2025-05-09 17:13:15.482,,2147483647,1092933,False,nan
8247,1280936,1612274265,MERV - XMEV - GGAL - 24hs,6840.0,2025-05-09 17:13:16,22,2025-05-09 17:13:17.018,6840.0,685,6830.0,2736,6820.0,36666,6810.0,840,6800.0,1345,6850.0,898,6860.0,6509,6870.0,8692,6880.0,22524,6890.0,12639,2025-05-09 17:13:16.947,,2147483647,1092933,True,bid
8248,1280983,1612274318,MERV - XMEV - GGAL - 24hs,6840.0,2025-05-09 17:13:16,298,2025-05-09 17:13:17.518,6840.0,685,6830.0,2736,6820.0,36666,6810.0,840,6800.0,1345,6850.0,898,6860.0,6509,6870.0,8692,6880.0,22524,6890.0,12639,2025-05-09 17:13:17.447,,2147483647,1092933,False,nan
8249,1281010,1612274372,MERV - XMEV - GGAL - 24hs,6840.0,2025-05-09 17:13:16,298,2025-05-09 17:13:18.018,6840.0,315,6830.0,2736,6820.0,36666,6810.0,840,6800.0,1345,6850.0,898,6860.0,6509,6870.0,8692,6880.0,22524,6890.0,12639,2025-05-09 17:13:17.947,,2147483647,1093303,False,nan
8250,1281156,1612274555,MERV - XMEV - GGAL - 24hs,6840.0,2025-05-09 17:13:16,298,2025-05-09 17:13:19.687,6840.0,415,6830.0,2736,6820.0,36666,6810.0,840,6800.0,1345,6850.0,898,6860.0,6509,6870.0,8692,6880.0,22524,6890.0,12639,2025-05-09 17:13:19.617,,2147483647,1093303,False,nan
8251,1281472,1612274936,MERV - XMEV - GGAL - 24hs,6840.0,2025-05-09 17:13:20,140,2025-05-09 17:13:21.054,6840.0,415,6830.0,2736,6820.0,36666,6810.0,840,6800.0,1345,6850.0,898,6860.0,6509,6870.0,8692,6880.0,22524,6890.0,12639,2025-05-09 17:13:20.938,,2147483647,1093303,True,bid
8252,1281584,1612275064,MERV - XMEV - GGAL - 24hs,6840.0,2025-05-09 17:13:20,95,2025-05-09 17:13:21.508,6840.0,5,6830.0,2717,6820.0,36666,6810.0,840,6800.0,1345,6850.0,898,6860.0,15400,6870.0,8692,6880.0,22524,6890.0,12639,2025-05-09 17:13:21.438,,2147483647,1093303,False,nan
8253,1281617,1612275105,MERV - XMEV - GGAL - 24hs,6840.0,2025-05-09 17:13:20,95,2025-05-09 17:13:22.008,6840.0,5,6830.0,2717,6820.0,36666,6810.0,840,6800.0,1345,6850.0,898,6860.0,15400,6870.0,8692,6880.0,22524,6890.0,12639,2025-05-09 17:13:21.938,,2147483647,1093713,False,nan
8254,1281697,1612275201,MERV - XMEV - GGAL - 24hs,6840.0,2025-05-09 17:13:22,5,2025-05-09 17:13:23.007,6840.0,5,6830.0,2717,6820.0,36666,6810.0,840,6800.0,1345,6850.0,898,6860.0,15400,6870.0,8692,6880.0,22524,6890.0,12639,2025-05-09 17:13:22.935,,2147483647,1093713,True,bid
8255,1281734,1612275249,MERV - XMEV - GGAL - 24hs,6840.0,2025-05-09 17:13:22,5,2025-05-09 17:13:23.678,6830.0,2755,6820.0,36666,6810.0,840,6800.0,1345,6790.0,1932,6850.0,936,6860.0,15400,6870.0,8692,6880.0,22524,6890.0,12639,2025-05-09 17:13:23.607,,2147483647,1093713,False,nan
8256,1281765,1612275286,MERV - XMEV - GGAL - 24hs,6840.0,2025-05-09 17:13:22,5,2025-05-09 17:13:24.177,6830.0,2755,6820.0,36666,6810.0,840,6800.0,1345,6790.0,1932,6850.0,936,6860.0,15400,6870.0,8692,6880.0,22524,6890.0,12639,2025-05-09 17:13:24.107,,2147483647,1093718,False,nan
8257,1281799,1612275330,MERV - XMEV - GGAL - 24hs,6840.0,2025-05-09 17:13:22,5,2025-05-09 17:13:24.974,6830.0,2717,6820.0,36666,6810.0,840,6800.0,1345,6790.0,1935,6840.0,21,6850.0,898,6860.0,15400,6870.0,8692,6880.0,22527,2025-05-09 17:13:24.803,,2147483647,1093718,False,nan
8258,1281839,1612275375,MERV - XMEV - GGAL - 24hs,6840.0,2025-05-09 17:13:22,5,2025-05-09 17:13:25.177,6830.0,3064,6820.0,36666,6810.0,840,6800.0,1345,6790.0,1935,6840.0,21,6850.0,898,6860.0,15400,6870.0,8692,6880.0,22527,2025-05-09 17:13:25.108,,2147483647,1093718,False,nan
8259,1281873,1612275415,MERV - XMEV - GGAL - 24hs,6840.0,2025-05-09 17:13:22,5,2025-05-09 17:13:25.838,6830.0,4452,6820.0,36666,6810.0,840,6800.0,1345,6790.0,1935,6840.0,21,6850.0,898,6860.0,15400,6870.0,8692,6880.0,22527,2025-05-09 17:13:25.768,,2147483647,1093718,False,nan
8260,1281951,1612275523,MERV - XMEV - GGAL - 24hs,6840.0,2025-05-09 17:13:22,5,2025-05-09 17:13:26.875,6830.0,4752,6820.0,36666,6810.0,840,6800.0,1345,6790.0,1935,6840.0,21,6850.0,898,6860.0,15400,6870.0,8692,6880.0,22527,2025-05-09 17:13:26.780,,2147483647,1093718,False,nan
8261,1282112,1612275735,MERV - XMEV - GGAL - 24hs,6840.0,2025-05-09 17:13:28,3,2025-05-09 17:13:28.596,6830.0,4752,6820.0,36666,6810.0,840,6800.0,1345,6790.0,1935,6840.0,21,6850.0,898,6860.0,15400,6870.0,8692,6880.0,22527,2025-05-09 17:13:28.526,,2147483647,1093718,True,offer
8262,1282159,1612275788,MERV - XMEV - GGAL - 24hs,6840.0,2025-05-09 17:13:28,3,2025-05-09 17:13:29.262,6830.0,4752,6820.0,36666,6810.0,840,6800.0,1345,6790.0,1935,6840.0,916,6860.0,15400,6870.0,8692,6880.0,22527,6890.0,12639,2025-05-09 17:13:29.190,,2147483647,1093718,False,nan
8263,1282188,1612275818,MERV - XMEV - GGAL - 24hs,6840.0,2025-05-09 17:13:28,3,2025-05-09 17:13:29.776,6830.0,4752,6820.0,36666,6810.0,840,6800.0,1345,6790.0,1935,6840.0,916,6860.0,15400,6870.0,8692,6880.0,22527,6890.0,12639,2025-05-09 17:13:29.694,,2147483647,1093721,False,nan
8264,1282395,1612276115,MERV - XMEV - GGAL - 24hs,6840.0,2025-05-09 17:13:28,3,2025-05-09 17:13:32.347,6830.0,3364,6820.0,36666,6810.0,840,6800.0,1345,6790.0,1935,6840.0,916,6860.0,15400,6870.0,8692,6880.0,22527,6890.0,12639,2025-05-09 17:13:32.276,,2147483647,1093721,False,nan
8265,1282462,1612276202,MERV - XMEV - GGAL - 24hs,6840.0,2025-05-09 17:13:28,3,2025-05-09 17:13:33.123,6830.0,3711,6820.0,36666,6810.0,840,6800.0,1345,6790.0,1935,6840.0,916,6860.0,15400,6870.0,8692,6880.0,22527,6890.0,12639,2025-05-09 17:13:33.052,,2147483647,1093721,False,nan
8266,1282498,1612276249,MERV - XMEV - GGAL - 24hs,6840.0,2025-05-09 17:13:33,18,2025-05-09 17:13:33.683,6830.0,3711,6820.0,36666,6810.0,840,6800.0,1345,6790.0,1935,6840.0,916,6860.0,15400,6870.0,8692,6880.0,22527,6890.0,12639,2025-05-09 17:13:33.613,,2147483647,1093721,True,offer
8267,1282541,1612276306,MERV - XMEV - GGAL - 24hs,6840.0,2025-05-09 17:13:33,82,2025-05-09 17:13:34.185,6830.0,3711,6820.0,36666,6810.0,840,6800.0,1345,6790.0,1935,6840.0,916,6860.0,15400,6870.0,8692,6880.0,22527,6890.0,12639,2025-05-09 17:13:34.113,,2147483647,1093721,False,nan
8268,1282573,1612276366,MERV - XMEV - GGAL - 24hs,6840.0,2025-05-09 17:13:33,82,2025-05-09 17:13:34.684,6830.0,3711,6820.0,36666,6810.0,840,6800.0,1345,6790.0,1935,6840.0,819,6860.0,15400,6870.0,8692,6880.0,22527,6890.0,12639,2025-05-09 17:13:34.613,,2147483647,1093821,False,nan
8269,1282644,1612276466,MERV - XMEV - GGAL - 24hs,6840.0,2025-05-09 17:13:33,82,2025-05-09 17:13:35.860,6830.0,4711,6820.0,36666,6810.0,840,6800.0,1345,6790.0,1935,6840.0,819,6860.0,15400,6870.0,8692,6880.0,22527,6890.0,12639,2025-05-09 17:13:35.781,,2147483647,1093821,False,nan
8270,1282792,1612276677,MERV - XMEV - GGAL - 24hs,6840.0,2025-05-09 17:13:37,1,2025-05-09 17:13:37.975,6830.0,4711,6820.0,36666,6810.0,840,6800.0,1345,6790.0,1935,6840.0,819,6860.0,15400,6870.0,8692,6880.0,22527,6890.0,12639,2025-05-09 17:13:37.901,,2147483647,1093821,True,offer
8271,1282894,1612276798,MERV - XMEV - GGAL - 24hs,6840.0,2025-05-09 17:13:37,1,2025-05-09 17:13:38.719,6830.0,5058,6820.0,36666,6810.0,840,6800.0,1345,6790.0,1935,6840.0,818,6860.0,15400,6870.0,8692,6880.0,22527,6890.0,12639,2025-05-09 17:13:38.573,,2147483647,1093821,False,nan
8272,1282952,1612276875,MERV - XMEV - GGAL - 24hs,6840.0,2025-05-09 17:13:37,1,2025-05-09 17:13:39.142,6830.0,5058,6820.0,36666,6810.0,840,6800.0,1345,6790.0,1935,6840.0,818,6860.0,15400,6870.0,8692,6880.0,22527,6890.0,12639,2025-05-09 17:13:39.073,,2147483647,1093822,False,nan
8273,1283693,1612277880,MERV - XMEV - GGAL - 24hs,6840.0,2025-05-09 17:13:37,1,2025-05-09 17:13:45.710,6830.0,20058,6820.0,21666,6810.0,840,6800.0,1345,6790.0,1935,6840.0,818,6860.0,15400,6870.0,8692,6880.0,22527,6890.0,12639,2025-05-09 17:13:45.641,,2147483647,1093822,False,nan
8274,1283785,1612277998,MERV - XMEV - GGAL - 24hs,6840.0,2025-05-09 17:13:37,1,2025-05-09 17:13:46.416,6830.0,20077,6820.0,21666,6810.0,840,6800.0,3345,6790.0,1935,6840.0,818,6860.0,15400,6870.0,8692,6880.0,20527,6890.0,12639,2025-05-09 17:13:46.336,,2147483647,1093822,False,nan
8275,1283852,1612278096,MERV - XMEV - GGAL - 24hs,6840.0,2025-05-09 17:13:37,1,2025-05-09 17:13:47.091,6830.0,20077,6820.0,21868,6810.0,840,6800.0,3345,6790.0,1935,6840.0,830,6860.0,15400,6870.0,8692,6880.0,10527,6890.0,12639,2025-05-09 17:13:47.018,,2147483647,1093822,False,nan
8276,1283909,1612278170,MERV - XMEV - GGAL - 24hs,6840.0,2025-05-09 17:13:37,1,2025-05-09 17:13:47.902,6830.0,20327,6820.0,21868,6810.0,840,6800.0,3345,6790.0,1935,6840.0,830,6860.0,15400,6870.0,8692,6880.0,10527,6890.0,12639,2025-05-09 17:13:47.830,,2147483647,1093822,False,nan
8277,1284163,1612278509,MERV - XMEV - GGAL - 24hs,6840.0,2025-05-09 17:13:37,1,2025-05-09 17:13:50.715,6830.0,20327,6820.0,21868,6810.0,840,6800.0,1345,6790.0,4935,6840.0,830,6860.0,15400,6870.0,8692,6880.0,10527,6890.0,12639,2025-05-09 17:13:50.640,,2147483647,1093822,False,nan
8278,1284257,1612278626,MERV - XMEV - GGAL - 24hs,6830.0,2025-05-09 17:13:51,40,2025-05-09 17:13:51.610,6830.0,20327,6820.0,21868,6810.0,840,6800.0,1345,6790.0,4935,6840.0,830,6860.0,15400,6870.0,8692,6880.0,10527,6890.0,12639,2025-05-09 17:13:51.539,,2147483647,1093822,True,bid
8279,1284330,1612278720,MERV - XMEV - GGAL - 24hs,6830.0,2025-05-09 17:13:51,40,2025-05-09 17:13:52.315,6830.0,20287,6820.0,21868,6810.0,840,6800.0,1345,6790.0,4935,6840.0,830,6860.0,15400,6870.0,8692,6880.0,10527,6890.0,12639,2025-05-09 17:13:52.232,,2147483647,1093822,False,nan
8280,1284410,1612278818,MERV - XMEV - GGAL - 24hs,6830.0,2025-05-09 17:13:51,40,2025-05-09 17:13:52.798,6830.0,20287,6820.0,21868,6810.0,840,6800.0,1345,6790.0,4935,6840.0,830,6860.0,15400,6870.0,8692,6880.0,10527,6890.0,12639,2025-05-09 17:13:52.728,,2147483647,1093862,False,nan
8281,1284899,1612279500,MERV - XMEV - GGAL - 24hs,6830.0,2025-05-09 17:13:51,40,2025-05-09 17:13:56.752,6830.0,20037,6820.0,21868,6810.0,840,6800.0,1345,6790.0,4935,6840.0,830,6860.0,15400,6870.0,8692,6880.0,10527,6890.0,12639,2025-05-09 17:13:56.682,,2147483647,1093862,False,nan
8282,1285142,1612279809,MERV - XMEV - GGAL - 24hs,6830.0,2025-05-09 17:13:58,150,2025-05-09 17:13:58.472,6830.0,20037,6820.0,21868,6810.0,840,6800.0,1345,6790.0,4935,6840.0,830,6860.0,15400,6870.0,8692,6880.0,10527,6890.0,12639,2025-05-09 17:13:58.303,,2147483647,1093862,True,bid
8283,1285258,1612279966,MERV - XMEV - GGAL - 24hs,6830.0,2025-05-09 17:13:58,150,2025-05-09 17:13:59.001,6830.0,19887,6820.0,21868,6810.0,840,6800.0,1345,6790.0,4935,6840.0,830,6860.0,15400,6870.0,8692,6880.0,10527,6890.0,12639,2025-05-09 17:13:58.930,,2147483647,1093862,False,nan
8284,1285302,1612280056,MERV - XMEV - GGAL - 24hs,6840.0,2025-05-09 17:13:59,14,2025-05-09 17:13:59.500,6830.0,19887,6820.0,21868,6810.0,840,6800.0,1345,6790.0,4935,6840.0,830,6860.0,15400,6870.0,8692,6880.0,10527,6890.0,12639,2025-05-09 17:13:59.430,,2147483647,1094012,True,offer
8285,1285353,1612280127,MERV - XMEV - GGAL - 24hs,6840.0,2025-05-09 17:13:59,14,2025-05-09 17:14:00.000,6830.0,19887,6820.0,21868,6810.0,840,6800.0,1345,6790.0,4935,6840.0,801,6860.0,15400,6870.0,8692,6880.0,10527,6890.0,12639,2025-05-09 17:13:59.930,,2147483647,1094041,False,nan
8286,1285467,1612280304,MERV - XMEV - GGAL - 24hs,6840.0,2025-05-09 17:14:01,100,2025-05-09 17:14:01.371,6830.0,19887,6820.0,21868,6810.0,840,6800.0,1345,6790.0,4935,6840.0,801,6860.0,15400,6870.0,8692,6880.0,10527,6890.0,12639,2025-05-09 17:14:01.280,,2147483647,1094041,True,offer
8287,1285495,1612280356,MERV - XMEV - GGAL - 24hs,6840.0,2025-05-09 17:14:01,394,2025-05-09 17:14:01.847,6830.0,19887,6820.0,21868,6810.0,840,6800.0,1345,6790.0,4935,6840.0,801,6860.0,15400,6870.0,8692,6880.0,10527,6890.0,12639,2025-05-09 17:14:01.777,,2147483647,1094201,False,nan
8288,1285555,1612280457,MERV - XMEV - GGAL - 24hs,6840.0,2025-05-09 17:14:02,34,2025-05-09 17:14:02.356,6840.0,103,6830.0,18845,6820.0,21868,6810.0,840,6800.0,1345,6860.0,15400,6870.0,8692,6880.0,10524,6890.0,12639,6900.0,25558,2025-05-09 17:14:02.276,,2147483647,1094842,True,offer
8289,1285648,1612280566,MERV - XMEV - GGAL - 24hs,6860.0,2025-05-09 17:14:02,2500,2025-05-09 17:14:02.846,6840.0,4,6830.0,18845,6820.0,21868,6810.0,840,6800.0,1345,6860.0,12511,6870.0,8692,6880.0,10524,6890.0,12639,6900.0,25555,2025-05-09 17:14:02.776,,2147483647,1094979,False,nan
8290,1285736,1612280682,MERV - XMEV - GGAL - 24hs,6860.0,2025-05-09 17:14:02,2500,2025-05-09 17:14:03.350,6840.0,4,6830.0,18845,6820.0,21868,6810.0,840,6800.0,1345,6860.0,12511,6870.0,8692,6880.0,10524,6890.0,12639,6900.0,25555,2025-05-09 17:14:03.276,,2147483647,1097906,False,nan
8291,1285779,1612280732,MERV - XMEV - GGAL - 24hs,6860.0,2025-05-09 17:14:02,2500,2025-05-09 17:14:03.857,6840.0,4,6830.0,19845,6820.0,20868,6810.0,840,6800.0,1345,6860.0,12511,6870.0,8692,6880.0,10524,6890.0,12639,6900.0,25555,2025-05-09 17:14:03.787,,2147483647,1097906,False,nan
8292,1286392,1612281514,MERV - XMEV - GGAL - 24hs,6860.0,2025-05-09 17:14:02,2500,2025-05-09 17:14:10.216,6840.0,104,6830.0,19845,6820.0,20868,6810.0,840,6800.0,1345,6860.0,12511,6870.0,8692,6880.0,10524,6890.0,12639,6900.0,25555,2025-05-09 17:14:10.144,,2147483647,1097906,False,nan
8293,1287091,1612282439,MERV - XMEV - GGAL - 24hs,6860.0,2025-05-09 17:14:02,2500,2025-05-09 17:14:17.375,6840.0,104,6830.0,19826,6820.0,20868,6810.0,840,6800.0,1345,6860.0,12511,6870.0,8692,6880.0,10524,6890.0,12639,6900.0,25555,2025-05-09 17:14:17.302,,2147483647,1097906,False,nan
8294,1287199,1612282589,MERV - XMEV - GGAL - 24hs,6860.0,2025-05-09 17:14:02,2500,2025-05-09 17:14:18.871,6840.0,104,6830.0,19826,6820.0,20868,6810.0,840,6800.0,1345,6860.0,3620,6870.0,8692,6880.0,10524,6890.0,12639,6900.0,25555,2025-05-09 17:14:18.799,,2147483647,1097906,False,nan
8295,1287818,1612283359,MERV - XMEV - GGAL - 24hs,6860.0,2025-05-09 17:14:02,2500,2025-05-09 17:14:24.942,6840.0,104,6830.0,20507,6820.0,20868,6810.0,840,6800.0,1345,6860.0,3620,6870.0,8692,6880.0,10524,6890.0,12639,6900.0,25555,2025-05-09 17:14:24.872,,2147483647,1097906,False,nan
8296,1288204,1612283851,MERV - XMEV - GGAL - 24hs,6860.0,2025-05-09 17:14:02,2500,2025-05-09 17:14:27.228,6840.0,104,6830.0,21546,6820.0,20868,6810.0,840,6800.0,1345,6860.0,3620,6870.0,8692,6880.0,10524,6890.0,12639,6900.0,25555,2025-05-09 17:14:27.144,,2147483647,1097906,False,nan
8297,1288338,1612284035,MERV - XMEV - GGAL - 24hs,6860.0,2025-05-09 17:14:02,2500,2025-05-09 17:14:28.585,6840.0,1104,6830.0,5546,6820.0,36868,6810.0,840,6800.0,1345,6860.0,3620,6870.0,8692,6880.0,10524,6890.0,14639,6900.0,23555,2025-05-09 17:14:28.300,,2147483647,1097906,False,nan
8298,1288630,1612284444,MERV - XMEV - GGAL - 24hs,6860.0,2025-05-09 17:14:02,2500,2025-05-09 17:14:30.612,6840.0,2104,6830.0,5546,6820.0,36868,6810.0,840,6800.0,1345,6860.0,3620,6870.0,8692,6880.0,10524,6890.0,14639,6900.0,23555,2025-05-09 17:14:30.453,,2147483647,1097906,False,nan
8299,1288798,1612284737,MERV - XMEV - GGAL - 24hs,6840.0,2025-05-09 17:14:31,4,2025-05-09 17:14:31.691,6840.0,2104,6830.0,5546,6820.0,36868,6810.0,840,6800.0,1345,6860.0,3620,6870.0,8692,6880.0,10524,6890.0,14639,6900.0,23555,2025-05-09 17:14:31.565,,2147483647,1097906,True,bid
8300,1288861,1612284818,MERV - XMEV - GGAL - 24hs,6840.0,2025-05-09 17:14:31,177,2025-05-09 17:14:32.136,6840.0,2104,6830.0,5546,6820.0,36868,6810.0,840,6800.0,1345,6860.0,3620,6870.0,8692,6880.0,10524,6890.0,14639,6900.0,23555,2025-05-09 17:14:32.065,,2147483647,1097906,False,nan
8301,1288912,1612284887,MERV - XMEV - GGAL - 24hs,6840.0,2025-05-09 17:14:31,177,2025-05-09 17:14:32.638,6840.0,1823,6830.0,5200,6820.0,36868,6810.0,840,6800.0,1345,6860.0,3620,6870.0,8692,6880.0,10524,6890.0,14639,6900.0,23555,2025-05-09 17:14:32.567,,2147483647,1098187,False,nan
8302,1289426,1612285747,MERV - XMEV - GGAL - 24hs,6860.0,2025-05-09 17:14:37,14,2025-05-09 17:14:37.147,6840.0,1823,6830.0,5200,6820.0,36868,6810.0,840,6800.0,1345,6860.0,3620,6870.0,8692,6880.0,10524,6890.0,14639,6900.0,23555,2025-05-09 17:14:37.075,,2147483647,1098187,True,offer
8303,1289550,1612285914,MERV - XMEV - GGAL - 24hs,6860.0,2025-05-09 17:14:37,298,2025-05-09 17:14:37.779,6840.0,1823,6830.0,5200,6820.0,36868,6810.0,840,6800.0,1345,6860.0,3620,6870.0,8692,6880.0,10524,6890.0,14639,6900.0,23555,2025-05-09 17:14:37.574,,2147483647,1098187,False,nan
8304,1289601,1612285995,MERV - XMEV - GGAL - 24hs,6860.0,2025-05-09 17:14:37,298,2025-05-09 17:14:38.147,6840.0,1823,6830.0,7426,6820.0,36868,6810.0,840,6800.0,1345,6860.0,3183,6870.0,8692,6880.0,10524,6890.0,14639,6900.0,23555,2025-05-09 17:14:38.074,,2147483647,1098624,False,nan
8305,1289911,1612286462,MERV - XMEV - GGAL - 24hs,6860.0,2025-05-09 17:14:37,298,2025-05-09 17:14:41.309,6840.0,1823,6830.0,7426,6820.0,36868,6810.0,840,6800.0,1345,6860.0,12074,6870.0,8692,6880.0,10524,6890.0,14639,6900.0,23555,2025-05-09 17:14:41.238,,2147483647,1098624,False,nan
8306,1290046,1612286670,MERV - XMEV - GGAL - 24hs,6860.0,2025-05-09 17:14:37,298,2025-05-09 17:14:42.704,6840.0,1844,6830.0,7426,6820.0,36868,6810.0,840,6800.0,1345,6860.0,12074,6870.0,8692,6880.0,10524,6890.0,14639,6900.0,23555,2025-05-09 17:14:42.634,,2147483647,1098624,False,nan
8307,1290179,1612286843,MERV - XMEV - GGAL - 24hs,6860.0,2025-05-09 17:14:43,72,2025-05-09 17:14:43.587,6840.0,1844,6830.0,7426,6820.0,36868,6810.0,840,6800.0,1345,6860.0,12074,6870.0,8692,6880.0,10524,6890.0,14639,6900.0,23555,2025-05-09 17:14:43.435,,2147483647,1098624,True,offer
8308,1290264,1612286953,MERV - XMEV - GGAL - 24hs,6860.0,2025-05-09 17:14:43,72,2025-05-09 17:14:44.184,6840.0,1844,6830.0,7426,6820.0,36868,6810.0,840,6800.0,1345,6860.0,12002,6870.0,8692,6880.0,10524,6890.0,14639,6900.0,23555,2025-05-09 17:14:44.109,,2147483647,1098624,False,nan
8309,1290331,1612287036,MERV - XMEV - GGAL - 24hs,6860.0,2025-05-09 17:14:43,72,2025-05-09 17:14:44.684,6840.0,1844,6830.0,7426,6820.0,36868,6810.0,840,6800.0,1345,6860.0,12002,6870.0,8692,6880.0,10524,6890.0,14639,6900.0,23555,2025-05-09 17:14:44.610,,2147483647,1098696,False,nan
8310,1290417,1612287135,MERV - XMEV - GGAL - 24hs,6860.0,2025-05-09 17:14:43,72,2025-05-09 17:14:45.676,6840.0,1844,6830.0,22676,6820.0,21868,6810.0,840,6800.0,1345,6860.0,12002,6870.0,8692,6880.0,10524,6890.0,14639,6900.0,23555,2025-05-09 17:14:45.524,,2147483647,1098696,False,nan
8311,1290516,1612287270,MERV - XMEV - GGAL - 24hs,6860.0,2025-05-09 17:14:43,72,2025-05-09 17:14:46.104,6840.0,1844,6830.0,23022,6820.0,21868,6810.0,840,6800.0,1345,6860.0,12002,6870.0,8692,6880.0,10524,6890.0,14639,6900.0,23555,2025-05-09 17:14:45.847,,2147483647,1098696,False,nan
8312,1290635,1612287421,MERV - XMEV - GGAL - 24hs,6860.0,2025-05-09 17:14:43,72,2025-05-09 17:14:46.819,6840.0,1844,6830.0,22676,6820.0,21868,6810.0,840,6800.0,1345,6860.0,12002,6870.0,8692,6880.0,10524,6890.0,14639,6900.0,23555,2025-05-09 17:14:46.695,,2147483647,1098696,False,nan
8313,1290854,1612287687,MERV - XMEV - GGAL - 24hs,6860.0,2025-05-09 17:14:43,72,2025-05-09 17:14:47.779,6840.0,1844,6830.0,22329,6820.0,31283,6810.0,840,6800.0,1345,6860.0,12002,6870.0,8692,6880.0,10524,6890.0,14639,6900.0,23555,2025-05-09 17:14:47.614,,2147483647,1098696,False,nan
8314,1290985,1612287843,MERV - XMEV - GGAL - 24hs,6860.0,2025-05-09 17:14:43,72,2025-05-09 17:14:49.074,6840.0,1844,6830.0,22247,6820.0,31283,6810.0,840,6800.0,1345,6860.0,12002,6870.0,8692,6880.0,10524,6890.0,14639,6900.0,23555,2025-05-09 17:14:48.998,,2147483647,1098696,False,nan
8315,1291479,1612288455,MERV - XMEV - GGAL - 24hs,6860.0,2025-05-09 17:14:43,72,2025-05-09 17:14:51.451,6840.0,1844,6830.0,22247,6820.0,31283,6810.0,840,6800.0,1350,6860.0,12002,6870.0,8692,6880.0,10524,6890.0,14639,6900.0,23555,2025-05-09 17:14:51.314,,2147483647,1098696,False,nan
8316,1291625,1612288642,MERV - XMEV - GGAL - 24hs,6840.0,2025-05-09 17:14:52,1,2025-05-09 17:14:53.038,6840.0,1844,6830.0,22247,6820.0,31283,6810.0,840,6800.0,1350,6860.0,12002,6870.0,8692,6880.0,10524,6890.0,14639,6900.0,23555,2025-05-09 17:14:52.965,,2147483647,1098696,True,bid
8317,1291707,1612288746,MERV - XMEV - GGAL - 24hs,6840.0,2025-05-09 17:14:52,1,2025-05-09 17:14:53.708,6840.0,1843,6830.0,22247,6820.0,31283,6810.0,840,6800.0,1350,6860.0,12002,6870.0,8692,6880.0,10524,6890.0,14639,6900.0,23555,2025-05-09 17:14:53.637,,2147483647,1098696,False,nan
8318,1291766,1612288824,MERV - XMEV - GGAL - 24hs,6840.0,2025-05-09 17:14:52,1,2025-05-09 17:14:54.209,6840.0,1843,6830.0,22247,6820.0,31283,6810.0,840,6800.0,1350,6860.0,12002,6870.0,8692,6880.0,10524,6890.0,14639,6900.0,23555,2025-05-09 17:14:54.137,,2147483647,1098697,False,nan
8319,1292109,1612289296,MERV - XMEV - GGAL - 24hs,6860.0,2025-05-09 17:14:57,220,2025-05-09 17:14:58.064,6840.0,1843,6830.0,22247,6820.0,31283,6810.0,840,6800.0,1350,6860.0,12002,6870.0,8692,6880.0,10524,6890.0,14639,6900.0,23555,2025-05-09 17:14:57.994,,2147483647,1098697,True,offer
8320,1292177,1612289392,MERV - XMEV - GGAL - 24hs,6860.0,2025-05-09 17:14:57,220,2025-05-09 17:14:58.775,6840.0,1843,6830.0,22247,6820.0,31283,6810.0,840,6800.0,1350,6860.0,12002,6870.0,8692,6880.0,10524,6890.0,14639,6900.0,23555,2025-05-09 17:14:58.690,,2147483647,1098917,False,nan
8321,1292215,1612289462,MERV - XMEV - GGAL - 24hs,6860.0,2025-05-09 17:14:57,220,2025-05-09 17:14:59.263,6840.0,1843,6830.0,22247,6820.0,31283,6810.0,840,6800.0,1350,6860.0,11782,6870.0,8692,6880.0,10524,6890.0,14639,6900.0,23555,2025-05-09 17:14:59.190,,2147483647,1098917,False,nan
8322,1292488,1612289814,MERV - XMEV - GGAL - 24hs,6860.0,2025-05-09 17:14:57,220,2025-05-09 17:15:02.040,6840.0,1843,6830.0,7247,6820.0,45283,6810.0,1840,6800.0,1350,6860.0,11782,6870.0,10692,6880.0,20524,6890.0,12639,6900.0,13555,2025-05-09 17:15:01.969,,2147483647,1098917,False,nan
8323,1292597,1612289970,MERV - XMEV - GGAL - 24hs,6860.0,2025-05-09 17:14:57,220,2025-05-09 17:15:02.904,6840.0,1843,6830.0,8287,6820.0,45283,6810.0,1840,6800.0,1350,6860.0,11782,6870.0,10692,6880.0,20524,6890.0,12639,6900.0,13555,2025-05-09 17:15:02.833,,2147483647,1098917,False,nan
8324,1292714,1612290131,MERV - XMEV - GGAL - 24hs,6860.0,2025-05-09 17:14:57,220,2025-05-09 17:15:03.908,6840.0,1843,6830.0,8287,6820.0,30283,6810.0,16840,6800.0,1350,6860.0,11782,6870.0,10692,6880.0,20524,6890.0,12639,6900.0,13555,2025-05-09 17:15:03.828,,2147483647,1098917,False,nan
8325,1292911,1612290364,MERV - XMEV - GGAL - 24hs,6860.0,2025-05-09 17:14:57,220,2025-05-09 17:15:05.576,6850.0,140,6840.0,1943,6830.0,7247,6820.0,30283,6810.0,16840,6860.0,11782,6870.0,10692,6880.0,20524,6890.0,12639,6900.0,13555,2025-05-09 17:15:05.505,,2147483647,1098917,False,nan
8326,1292943,1612290403,MERV - XMEV - GGAL - 24hs,6850.0,2025-05-09 17:15:05,125,2025-05-09 17:15:06.091,6850.0,140,6840.0,1943,6830.0,7247,6820.0,30283,6810.0,16840,6860.0,11782,6870.0,10692,6880.0,20524,6890.0,12639,6900.0,13555,2025-05-09 17:15:06.006,,2147483647,1098917,True,bid
8327,1292988,1612290455,MERV - XMEV - GGAL - 24hs,6850.0,2025-05-09 17:15:06,15,2025-05-09 17:15:06.575,6850.0,15,6840.0,1943,6830.0,7247,6820.0,45283,6810.0,1840,6860.0,11782,6870.0,10692,6880.0,20524,6890.0,12639,6900.0,13555,2025-05-09 17:15:06.504,,2147483647,1099042,True,bid
8328,1293030,1612290509,MERV - XMEV - GGAL - 24hs,6850.0,2025-05-09 17:15:06,15,2025-05-09 17:15:07.089,6840.0,1943,6830.0,7247,6820.0,45283,6810.0,1840,6800.0,1350,6850.0,48,6860.0,11782,6870.0,10692,6880.0,20524,6890.0,12639,2025-05-09 17:15:07.016,,2147483647,1099042,False,nan
8329,1293066,1612290583,MERV - XMEV - GGAL - 24hs,6850.0,2025-05-09 17:15:06,15,2025-05-09 17:15:08.191,6840.0,1943,6830.0,7247,6820.0,45283,6810.0,1840,6800.0,1350,6850.0,48,6860.0,11782,6870.0,10692,6880.0,20524,6890.0,12639,2025-05-09 17:15:08.036,,2147483647,1099057,False,nan
8330,1293160,1612290702,MERV - XMEV - GGAL - 24hs,6850.0,2025-05-09 17:15:06,15,2025-05-09 17:15:08.560,6840.0,1943,6830.0,8287,6820.0,46283,6810.0,840,6800.0,1350,6850.0,48,6860.0,11782,6870.0,10692,6880.0,20524,6890.0,12639,2025-05-09 17:15:08.288,,2147483647,1099057,False,nan
8331,1293355,1612290991,MERV - XMEV - GGAL - 24hs,6840.0,2025-05-09 17:15:10,40,2025-05-09 17:15:10.380,6840.0,1943,6830.0,8287,6820.0,46283,6810.0,840,6800.0,1350,6850.0,48,6860.0,11782,6870.0,10692,6880.0,20524,6890.0,12639,2025-05-09 17:15:10.303,,2147483647,1099057,True,bid
8332,1293395,1612291043,MERV - XMEV - GGAL - 24hs,6840.0,2025-05-09 17:15:10,40,2025-05-09 17:15:10.873,6840.0,1903,6830.0,8287,6820.0,46283,6810.0,840,6800.0,1350,6850.0,48,6860.0,11782,6870.0,10692,6880.0,20524,6890.0,12639,2025-05-09 17:15:10.803,,2147483647,1099057,False,nan
8333,1293441,1612291103,MERV - XMEV - GGAL - 24hs,6840.0,2025-05-09 17:15:10,40,2025-05-09 17:15:11.377,6840.0,1903,6830.0,8287,6820.0,46283,6810.0,840,6800.0,1350,6850.0,48,6860.0,11782,6870.0,10692,6880.0,20524,6890.0,12639,2025-05-09 17:15:11.303,,2147483647,1099097,False,nan
8334,1293577,1612291286,MERV - XMEV - GGAL - 24hs,6840.0,2025-05-09 17:15:10,40,2025-05-09 17:15:12.022,6840.0,1903,6830.0,7247,6820.0,46283,6810.0,840,6800.0,1350,6850.0,48,6860.0,11782,6870.0,10692,6880.0,20524,6890.0,12639,2025-05-09 17:15:11.941,,2147483647,1099097,False,nan
8335,1294043,1612291941,MERV - XMEV - GGAL - 24hs,6840.0,2025-05-09 17:15:10,40,2025-05-09 17:15:15.870,6840.0,1903,6830.0,7940,6820.0,46283,6810.0,840,6800.0,1350,6850.0,48,6860.0,11782,6870.0,10692,6880.0,20524,6890.0,12639,2025-05-09 17:15:15.789,,2147483647,1099097,False,nan
8336,1294219,1612292188,MERV - XMEV - GGAL - 24hs,6840.0,2025-05-09 17:15:10,40,2025-05-09 17:15:17.824,6840.0,1903,6830.0,4410,6820.0,46283,6810.0,840,6800.0,1350,6850.0,48,6860.0,11782,6870.0,10692,6880.0,20524,6890.0,12639,2025-05-09 17:15:17.744,,2147483647,1099097,False,nan
8337,1294282,1612292264,MERV - XMEV - GGAL - 24hs,6840.0,2025-05-09 17:15:10,40,2025-05-09 17:15:18.584,6840.0,1903,6830.0,4757,6820.0,46283,6810.0,840,6800.0,1350,6850.0,48,6860.0,11782,6870.0,10692,6880.0,20524,6890.0,12639,2025-05-09 17:15:18.513,,2147483647,1099097,False,nan
8338,1294481,1612292528,MERV - XMEV - GGAL - 24hs,6840.0,2025-05-09 17:15:10,40,2025-05-09 17:15:20.610,6840.0,1903,6830.0,4757,6820.0,46283,6810.0,840,6800.0,1350,6850.0,48,6860.0,11782,6870.0,8692,6880.0,10524,6890.0,14639,2025-05-09 17:15:20.533,,2147483647,1099097,False,nan
8339,1295000,1612293202,MERV - XMEV - GGAL - 24hs,6840.0,2025-05-09 17:15:10,40,2025-05-09 17:15:23.396,6840.0,1903,6830.0,6554,6820.0,46283,6810.0,840,6800.0,1350,6850.0,48,6860.0,11782,6870.0,8692,6880.0,10524,6890.0,14639,2025-05-09 17:15:23.324,,2147483647,1099097,False,nan
8340,1295090,1612293310,MERV - XMEV - GGAL - 24hs,6840.0,2025-05-09 17:15:10,40,2025-05-09 17:15:24.474,6840.0,1903,6830.0,6554,6820.0,46283,6810.0,840,6800.0,1350,6860.0,11968,6870.0,8692,6880.0,10524,6890.0,14639,6900.0,23555,2025-05-09 17:15:24.395,,2147483647,1099097,False,nan
8341,1295334,1612293600,MERV - XMEV - GGAL - 24hs,6840.0,2025-05-09 17:15:27,110,2025-05-09 17:15:27.191,6840.0,1903,6830.0,6554,6820.0,46283,6810.0,840,6800.0,1350,6860.0,11968,6870.0,8692,6880.0,10524,6890.0,14639,6900.0,23555,2025-05-09 17:15:27.091,,2147483647,1099097,True,bid
8342,1295414,1612293708,MERV - XMEV - GGAL - 24hs,6840.0,2025-05-09 17:15:27,245,2025-05-09 17:15:27.661,6840.0,1903,6830.0,6554,6820.0,46283,6810.0,840,6800.0,1350,6860.0,11968,6870.0,8692,6880.0,10524,6890.0,14639,6900.0,23555,2025-05-09 17:15:27.590,,2147483647,1099207,False,nan
8343,1295447,1612293755,MERV - XMEV - GGAL - 24hs,6840.0,2025-05-09 17:15:27,245,2025-05-09 17:15:28.160,6840.0,1548,6830.0,4757,6820.0,46283,6810.0,840,6800.0,1350,6860.0,11968,6870.0,8692,6880.0,10524,6890.0,14639,6900.0,23555,2025-05-09 17:15:28.090,,2147483647,1099452,False,nan
8344,1295856,1612294252,MERV - XMEV - GGAL - 24hs,6840.0,2025-05-09 17:15:30,19,2025-05-09 17:15:30.719,6840.0,1548,6830.0,4757,6820.0,46283,6810.0,840,6800.0,1350,6860.0,11968,6870.0,8692,6880.0,10524,6890.0,14639,6900.0,23555,2025-05-09 17:15:30.054,,2147483647,1099452,True,bid
8345,1295885,1612294292,MERV - XMEV - GGAL - 24hs,6840.0,2025-05-09 17:15:30,19,2025-05-09 17:15:30.838,6840.0,1529,6830.0,4757,6820.0,46283,6810.0,840,6800.0,1350,6860.0,11968,6870.0,8692,6880.0,10524,6890.0,14639,6900.0,23555,2025-05-09 17:15:30.554,,2147483647,1099452,False,nan
8346,1295931,1612294351,MERV - XMEV - GGAL - 24hs,6840.0,2025-05-09 17:15:30,19,2025-05-09 17:15:31.127,6840.0,1529,6830.0,4757,6820.0,46283,6810.0,840,6800.0,1350,6860.0,11968,6870.0,8692,6880.0,10524,6890.0,14639,6900.0,23555,2025-05-09 17:15:31.054,,2147483647,1099471,False,nan
8347,1296358,1612294889,MERV - XMEV - GGAL - 24hs,6840.0,2025-05-09 17:15:33,100,2025-05-09 17:15:33.759,6840.0,1529,6830.0,4757,6820.0,46283,6810.0,840,6800.0,1350,6860.0,11968,6870.0,8692,6880.0,10524,6890.0,14639,6900.0,23555,2025-05-09 17:15:33.687,,2147483647,1099471,True,bid
8348,1296407,1612294942,MERV - XMEV - GGAL - 24hs,6840.0,2025-05-09 17:15:33,100,2025-05-09 17:15:34.257,6840.0,1429,6830.0,4757,6820.0,46283,6810.0,840,6800.0,1350,6860.0,11968,6870.0,8692,6880.0,10524,6890.0,14639,6900.0,23555,2025-05-09 17:15:34.187,,2147483647,1099471,False,nan
8349,1296434,1612294973,MERV - XMEV - GGAL - 24hs,6840.0,2025-05-09 17:15:33,100,2025-05-09 17:15:34.766,6840.0,1429,6830.0,4757,6820.0,46283,6810.0,840,6800.0,1350,6860.0,11968,6870.0,8692,6880.0,10524,6890.0,14639,6900.0,23555,2025-05-09 17:15:34.688,,2147483647,1099571,False,nan
8350,1296499,1612295043,MERV - XMEV - GGAL - 24hs,6840.0,2025-05-09 17:15:35,12,2025-05-09 17:15:35.709,6840.0,1429,6830.0,4757,6820.0,46283,6810.0,840,6800.0,1350,6860.0,11968,6870.0,8692,6880.0,10524,6890.0,14639,6900.0,23555,2025-05-09 17:15:35.639,,2147483647,1099571,True,bid
8351,1296611,1612295169,MERV - XMEV - GGAL - 24hs,6840.0,2025-05-09 17:15:35,12,2025-05-09 17:15:36.368,6840.0,1417,6830.0,4757,6820.0,46283,6810.0,840,6800.0,1350,6860.0,11968,6870.0,8692,6880.0,10524,6890.0,14639,6900.0,23555,2025-05-09 17:15:36.297,,2147483647,1099571,False,nan
8352,1296664,1612295231,MERV - XMEV - GGAL - 24hs,6840.0,2025-05-09 17:15:35,12,2025-05-09 17:15:36.868,6840.0,1417,6830.0,4757,6820.0,46283,6810.0,840,6800.0,1350,6860.0,11968,6870.0,8692,6880.0,10524,6890.0,14639,6900.0,23555,2025-05-09 17:15:36.797,,2147483647,1099583,False,nan
8353,1296732,1612295318,MERV - XMEV - GGAL - 24hs,6840.0,2025-05-09 17:15:37,130,2025-05-09 17:15:37.387,6840.0,1287,6830.0,4757,6820.0,46283,6810.0,840,6800.0,1350,6850.0,2,6860.0,11892,6870.0,8692,6880.0,10524,6890.0,14646,2025-05-09 17:15:37.296,,2147483647,1099583,True,bid
8354,1296809,1612295430,MERV - XMEV - GGAL - 24hs,6840.0,2025-05-09 17:15:37,130,2025-05-09 17:15:37.868,6840.0,1287,6830.0,4757,6820.0,46283,6810.0,840,6800.0,1350,6850.0,2,6860.0,11892,6870.0,8692,6880.0,10524,6890.0,14646,2025-05-09 17:15:37.797,,2147483647,1099713,False,nan
8355,1296917,1612295568,MERV - XMEV - GGAL - 24hs,6850.0,2025-05-09 17:15:38,1,2025-05-09 17:15:38.494,6840.0,1287,6830.0,4757,6820.0,46283,6810.0,840,6800.0,1350,6850.0,2,6860.0,11892,6870.0,8692,6880.0,10524,6890.0,14646,2025-05-09 17:15:38.397,,2147483647,1099713,True,offer
8356,1297000,1612295662,MERV - XMEV - GGAL - 24hs,6850.0,2025-05-09 17:15:38,1,2025-05-09 17:15:39.126,6840.0,1287,6830.0,4757,6820.0,46283,6810.0,840,6800.0,1350,6850.0,2,6860.0,11892,6870.0,8692,6880.0,10524,6890.0,14646,2025-05-09 17:15:39.053,,2147483647,1099714,False,nan
8357,1297065,1612295748,MERV - XMEV - GGAL - 24hs,6840.0,2025-05-09 17:15:39,127,2025-05-09 17:15:39.625,6840.0,1287,6830.0,4757,6820.0,46283,6810.0,840,6800.0,1350,6850.0,3001,6860.0,11892,6870.0,8692,6880.0,10524,6890.0,14646,2025-05-09 17:15:39.553,,2147483647,1099714,True,bid
8358,1297143,1612295856,MERV - XMEV - GGAL - 24hs,6840.0,2025-05-09 17:15:39,127,2025-05-09 17:15:40.124,6840.0,1160,6830.0,4757,6820.0,46283,6810.0,840,6800.0,1350,6850.0,3001,6860.0,11892,6870.0,8692,6880.0,10524,6890.0,14646,2025-05-09 17:15:40.053,,2147483647,1099841,False,nan
8359,1297852,1612296812,MERV - XMEV - GGAL - 24hs,6840.0,2025-05-09 17:15:39,127,2025-05-09 17:15:44.588,6840.0,1160,6830.0,4757,6820.0,46283,6810.0,840,6800.0,1350,6850.0,3049,6860.0,11844,6870.0,8692,6880.0,10524,6890.0,14646,2025-05-09 17:15:44.476,,2147483647,1099841,False,nan
8360,1298056,1612297086,MERV - XMEV - GGAL - 24hs,6840.0,2025-05-09 17:15:39,127,2025-05-09 17:15:45.959,6840.0,1160,6830.0,19757,6820.0,31283,6810.0,840,6800.0,1350,6850.0,3049,6860.0,11844,6870.0,8692,6880.0,10524,6890.0,14646,2025-05-09 17:15:45.664,,2147483647,1099841,False,nan
8361,1299700,1612299197,MERV - XMEV - GGAL - 24hs,6840.0,2025-05-09 17:15:39,127,2025-05-09 17:15:55.728,6840.0,1160,6830.0,19757,6820.0,31283,6810.0,840,6800.0,1350,6850.0,3049,6860.0,11844,6870.0,8692,6880.0,10527,6890.0,14646,2025-05-09 17:15:55.600,,2147483647,1099841,False,nan
8362,1300403,1612300187,MERV - XMEV - GGAL - 24hs,6840.0,2025-05-09 17:15:39,127,2025-05-09 17:16:00.967,6840.0,1160,6830.0,19618,6820.0,31283,6810.0,840,6800.0,1350,6850.0,3049,6860.0,11844,6870.0,8692,6880.0,10527,6890.0,14646,2025-05-09 17:16:00.882,,2147483647,1099841,False,nan
8363,1300725,1612300605,MERV - XMEV - GGAL - 24hs,6840.0,2025-05-09 17:15:39,127,2025-05-09 17:16:03.203,6840.0,1160,6830.0,19757,6820.0,31283,6810.0,840,6800.0,1350,6850.0,3049,6860.0,11844,6870.0,8692,6880.0,10527,6890.0,14646,2025-05-09 17:16:03.028,,2147483647,1099841,False,nan
8364,1300929,1612300898,MERV - XMEV - GGAL - 24hs,6840.0,2025-05-09 17:15:39,127,2025-05-09 17:16:04.535,6840.0,1160,6830.0,19757,6820.0,31283,6810.0,840,6800.0,1350,6850.0,3049,6860.0,12844,6870.0,8692,6880.0,10527,6890.0,14646,2025-05-09 17:16:04.463,,2147483647,1099841,False,nan
8365,1301029,1612301034,MERV - XMEV - GGAL - 24hs,6840.0,2025-05-09 17:15:39,127,2025-05-09 17:16:05.242,6840.0,1167,6830.0,19757,6820.0,31283,6810.0,840,6800.0,1350,6850.0,3049,6860.0,12844,6870.0,8692,6880.0,10527,6890.0,14646,2025-05-09 17:16:05.171,,2147483647,1099841,False,nan
8366,1301533,1612301708,MERV - XMEV - GGAL - 24hs,6850.0,2025-05-09 17:16:08,1,2025-05-09 17:16:08.751,6840.0,1167,6830.0,19757,6820.0,31283,6810.0,840,6800.0,1350,6850.0,3049,6860.0,12844,6870.0,8692,6880.0,10527,6890.0,14646,2025-05-09 17:16:08.681,,2147483647,1099841,True,offer
8367,1301672,1612301895,MERV - XMEV - GGAL - 24hs,6850.0,2025-05-09 17:16:08,36,2025-05-09 17:16:09.430,6840.0,1167,6830.0,19757,6820.0,31283,6810.0,840,6800.0,1350,6850.0,3049,6860.0,12844,6870.0,8692,6880.0,10527,6890.0,14646,2025-05-09 17:16:09.180,,2147483647,1099841,False,nan
8368,1301723,1612301953,MERV - XMEV - GGAL - 24hs,6850.0,2025-05-09 17:16:08,36,2025-05-09 17:16:09.751,6840.0,1167,6830.0,19757,6820.0,31283,6810.0,840,6800.0,1350,6850.0,3012,6860.0,12844,6870.0,8692,6880.0,10527,6890.0,14646,2025-05-09 17:16:09.680,,2147483647,1099878,False,nan
8369,1303412,1612304164,MERV - XMEV - GGAL - 24hs,6850.0,2025-05-09 17:16:08,36,2025-05-09 17:16:25.859,6840.0,1167,6830.0,19757,6820.0,31287,6810.0,840,6800.0,1350,6850.0,4012,6860.0,11844,6870.0,8692,6880.0,10527,6890.0,14646,2025-05-09 17:16:25.787,,2147483647,1099878,False,nan
8370,1303768,1612304593,MERV - XMEV - GGAL - 24hs,6850.0,2025-05-09 17:16:29,1,2025-05-09 17:16:29.638,6840.0,1167,6830.0,19757,6820.0,31287,6810.0,840,6800.0,1350,6850.0,4012,6860.0,11844,6870.0,8692,6880.0,10527,6890.0,14646,2025-05-09 17:16:29.566,,2147483647,1099878,True,offer
8371,1303827,1612304672,MERV - XMEV - GGAL - 24hs,6850.0,2025-05-09 17:16:29,1,2025-05-09 17:16:30.303,6840.0,1167,6830.0,19757,6820.0,31287,6810.0,840,6800.0,1350,6850.0,4011,6860.0,11844,6870.0,8692,6880.0,10527,6890.0,14646,2025-05-09 17:16:30.233,,2147483647,1099878,False,nan
8372,1303946,1612304806,MERV - XMEV - GGAL - 24hs,6850.0,2025-05-09 17:16:29,1,2025-05-09 17:16:30.819,6840.0,1167,6830.0,19757,6820.0,31287,6810.0,840,6800.0,1350,6850.0,4011,6860.0,11844,6870.0,8692,6880.0,10527,6890.0,14646,2025-05-09 17:16:30.739,,2147483647,1099879,False,nan
8373,1304054,1612304938,MERV - XMEV - GGAL - 24hs,6840.0,2025-05-09 17:16:32,6,2025-05-09 17:16:32.237,6840.0,1167,6830.0,19757,6820.0,31287,6810.0,840,6800.0,1350,6850.0,4011,6860.0,11844,6870.0,8692,6880.0,10527,6890.0,14646,2025-05-09 17:16:32.166,,2147483647,1099879,True,bid
8374,1304091,1612304981,MERV - XMEV - GGAL - 24hs,6840.0,2025-05-09 17:16:32,6,2025-05-09 17:16:32.901,6840.0,1161,6830.0,19757,6820.0,31287,6810.0,840,6800.0,1350,6850.0,4011,6860.0,11844,6870.0,8692,6880.0,10527,6890.0,14646,2025-05-09 17:16:32.831,,2147483647,1099879,False,nan
8375,1304125,1612305044,MERV - XMEV - GGAL - 24hs,6840.0,2025-05-09 17:16:32,6,2025-05-09 17:16:33.402,6840.0,1161,6830.0,19757,6820.0,31287,6810.0,840,6800.0,1350,6850.0,4011,6860.0,11844,6870.0,8692,6880.0,10527,6890.0,14646,2025-05-09 17:16:33.331,,2147483647,1099885,False,nan
8376,1304356,1612305384,MERV - XMEV - GGAL - 24hs,6840.0,2025-05-09 17:16:37,33,2025-05-09 17:16:37.104,6840.0,1161,6830.0,19757,6820.0,31287,6810.0,840,6800.0,1350,6850.0,4011,6860.0,11844,6870.0,8692,6880.0,10527,6890.0,14646,2025-05-09 17:16:37.034,,2147483647,1099885,True,bid
8377,1304397,1612305438,MERV - XMEV - GGAL - 24hs,6840.0,2025-05-09 17:16:37,317,2025-05-09 17:16:37.609,6840.0,1161,6830.0,19757,6820.0,31287,6810.0,840,6800.0,1350,6850.0,4011,6860.0,11844,6870.0,8692,6880.0,10527,6890.0,14646,2025-05-09 17:16:37.534,,2147483647,1099885,False,nan
8378,1304469,1612305530,MERV - XMEV - GGAL - 24hs,6840.0,2025-05-09 17:16:37,317,2025-05-09 17:16:38.105,6840.0,811,6830.0,19757,6820.0,31287,6810.0,840,6800.0,1350,6850.0,4011,6860.0,11844,6870.0,8692,6880.0,10527,6890.0,14646,2025-05-09 17:16:38.034,,2147483647,1100235,False,nan
8379,1305419,1612306803,MERV - XMEV - GGAL - 24hs,6840.0,2025-05-09 17:16:37,317,2025-05-09 17:16:48.038,6840.0,811,6830.0,19757,6820.0,31287,6810.0,1340,6800.0,1350,6850.0,4011,6860.0,11844,6870.0,8692,6880.0,10527,6890.0,15146,2025-05-09 17:16:47.968,,2147483647,1100235,False,nan
8380,1305837,1612307355,MERV - XMEV - GGAL - 24hs,6850.0,2025-05-09 17:16:51,475,2025-05-09 17:16:51.231,6840.0,811,6830.0,19757,6820.0,31287,6810.0,1340,6800.0,1350,6850.0,4011,6860.0,11844,6870.0,8692,6880.0,10527,6890.0,15146,2025-05-09 17:16:51.159,,2147483647,1100235,True,offer
8381,1305894,1612307439,MERV - XMEV - GGAL - 24hs,6850.0,2025-05-09 17:16:51,475,2025-05-09 17:16:51.731,6840.0,811,6830.0,19757,6820.0,31287,6810.0,1340,6800.0,1350,6850.0,3536,6860.0,11844,6870.0,8692,6880.0,10527,6890.0,15146,2025-05-09 17:16:51.659,,2147483647,1100235,False,nan
8382,1305945,1612307503,MERV - XMEV - GGAL - 24hs,6850.0,2025-05-09 17:16:51,475,2025-05-09 17:16:52.231,6840.0,811,6830.0,19757,6820.0,31287,6810.0,1340,6800.0,1350,6850.0,3536,6860.0,11844,6870.0,8692,6880.0,10527,6890.0,15146,2025-05-09 17:16:52.159,,2147483647,1100710,False,nan
8383,1306763,1612308570,MERV - XMEV - GGAL - 24hs,6850.0,2025-05-09 17:17:01,61,2025-05-09 17:17:01.156,6840.0,811,6830.0,19757,6820.0,31287,6810.0,1340,6800.0,1350,6850.0,3536,6860.0,11844,6870.0,8692,6880.0,10527,6890.0,15146,2025-05-09 17:17:01.074,,2147483647,1100710,True,offer
8384,1306911,1612308760,MERV - XMEV - GGAL - 24hs,6850.0,2025-05-09 17:17:01,61,2025-05-09 17:17:02.018,6840.0,811,6830.0,19757,6820.0,31287,6810.0,1340,6800.0,1350,6850.0,3536,6860.0,11844,6870.0,8692,6880.0,10527,6890.0,15146,2025-05-09 17:17:01.816,,2147483647,1100771,False,nan
8385,1307019,1612308905,MERV - XMEV - GGAL - 24hs,6850.0,2025-05-09 17:17:01,61,2025-05-09 17:17:02.464,6840.0,811,6830.0,19757,6820.0,31287,6810.0,1340,6800.0,1350,6850.0,3475,6860.0,11844,6870.0,8692,6880.0,10527,6890.0,15146,2025-05-09 17:17:02.314,,2147483647,1100771,False,nan
8386,1307376,1612309395,MERV - XMEV - GGAL - 24hs,6850.0,2025-05-09 17:17:01,61,2025-05-09 17:17:06.212,6840.0,811,6830.0,20104,6820.0,31287,6810.0,1340,6800.0,1350,6850.0,3475,6860.0,11844,6870.0,8692,6880.0,10527,6890.0,25146,2025-05-09 17:17:06.035,,2147483647,1100771,False,nan
8387,1307659,1612309782,MERV - XMEV - GGAL - 24hs,6850.0,2025-05-09 17:17:08,100,2025-05-09 17:17:08.352,6840.0,811,6830.0,20104,6820.0,31287,6810.0,1340,6800.0,1350,6850.0,3475,6860.0,11844,6870.0,8692,6880.0,10527,6890.0,25146,2025-05-09 17:17:08.278,,2147483647,1100771,True,offer
8388,1307693,1612309824,MERV - XMEV - GGAL - 24hs,6850.0,2025-05-09 17:17:08,100,2025-05-09 17:17:09.014,6840.0,811,6830.0,20104,6820.0,31287,6810.0,1340,6800.0,1350,6850.0,3375,6860.0,11844,6870.0,8692,6880.0,10527,6890.0,25146,2025-05-09 17:17:08.943,,2147483647,1100771,False,nan
8389,1307719,1612309864,MERV - XMEV - GGAL - 24hs,6850.0,2025-05-09 17:17:08,100,2025-05-09 17:17:09.514,6840.0,811,6830.0,20104,6820.0,31287,6810.0,1340,6800.0,1350,6850.0,3375,6860.0,11844,6870.0,8692,6880.0,10527,6890.0,25146,2025-05-09 17:17:09.443,,2147483647,1100871,False,nan
8390,1307807,1612309973,MERV - XMEV - GGAL - 24hs,6840.0,2025-05-09 17:17:10,10,2025-05-09 17:17:10.562,6840.0,811,6830.0,20104,6820.0,31287,6810.0,1340,6800.0,1350,6850.0,3375,6860.0,11844,6870.0,8692,6880.0,10527,6890.0,25146,2025-05-09 17:17:10.490,,2147483647,1100871,True,bid
8391,1307887,1612310076,MERV - XMEV - GGAL - 24hs,6850.0,2025-05-09 17:17:10,1,2025-05-09 17:17:11.064,6840.0,801,6830.0,20104,6820.0,31287,6810.0,1340,6800.0,1350,6850.0,3375,6860.0,11844,6870.0,8692,6880.0,10527,6890.0,25146,2025-05-09 17:17:10.991,,2147483647,1100881,False,nan
8392,1307969,1612310176,MERV - XMEV - GGAL - 24hs,6850.0,2025-05-09 17:17:10,1,2025-05-09 17:17:11.562,6840.0,801,6830.0,20104,6820.0,31287,6810.0,1340,6800.0,1350,6850.0,3374,6860.0,11844,6870.0,8692,6880.0,10527,6890.0,25146,2025-05-09 17:17:11.490,,2147483647,1100882,False,nan
8393,1307998,1612310209,MERV - XMEV - GGAL - 24hs,6850.0,2025-05-09 17:17:11,100,2025-05-09 17:17:12.063,6840.0,801,6830.0,20104,6820.0,31287,6810.0,1340,6800.0,1350,6850.0,3374,6860.0,11844,6870.0,8692,6880.0,10527,6890.0,25146,2025-05-09 17:17:11.992,,2147483647,1100882,True,offer
8394,1308060,1612310281,MERV - XMEV - GGAL - 24hs,6850.0,2025-05-09 17:17:11,100,2025-05-09 17:17:12.736,6840.0,801,6830.0,20104,6820.0,31287,6810.0,1340,6800.0,1350,6850.0,3274,6860.0,11844,6870.0,8692,6880.0,10527,6890.0,25146,2025-05-09 17:17:12.661,,2147483647,1100882,False,nan
8395,1308104,1612310335,MERV - XMEV - GGAL - 24hs,6850.0,2025-05-09 17:17:11,100,2025-05-09 17:17:13.231,6840.0,801,6830.0,20104,6820.0,31287,6810.0,1340,6800.0,1350,6850.0,3274,6860.0,11844,6870.0,8692,6880.0,10527,6890.0,25146,2025-05-09 17:17:13.161,,2147483647,1100982,False,nan
8396,1308231,1612310505,MERV - XMEV - GGAL - 24hs,6850.0,2025-05-09 17:17:11,100,2025-05-09 17:17:14.686,6840.0,801,6830.0,20104,6820.0,31287,6810.0,1340,6800.0,1350,6850.0,4274,6860.0,11844,6870.0,8692,6880.0,10527,6890.0,25146,2025-05-09 17:17:14.611,,2147483647,1100982,False,nan
8397,1308287,1612310578,MERV - XMEV - GGAL - 24hs,6850.0,2025-05-09 17:17:15,100,2025-05-09 17:17:15.654,6840.0,801,6830.0,20104,6820.0,31287,6810.0,1340,6800.0,1350,6850.0,4274,6860.0,11844,6870.0,8692,6880.0,10527,6890.0,25146,2025-05-09 17:17:15.583,,2147483647,1100982,True,offer
8398,1308356,1612310663,MERV - XMEV - GGAL - 24hs,6850.0,2025-05-09 17:17:15,100,2025-05-09 17:17:16.363,6840.0,801,6830.0,20104,6820.0,31287,6810.0,1340,6800.0,1350,6850.0,4274,6860.0,11844,6870.0,8692,6880.0,10527,6890.0,25146,2025-05-09 17:17:16.276,,2147483647,1101082,False,nan
8399,1308390,1612310707,MERV - XMEV - GGAL - 24hs,6850.0,2025-05-09 17:17:15,100,2025-05-09 17:17:16.853,6840.0,801,6830.0,20104,6820.0,31287,6810.0,1340,6800.0,1350,6850.0,4174,6860.0,11844,6870.0,8692,6880.0,10527,6890.0,25146,2025-05-09 17:17:16.776,,2147483647,1101082,False,nan
8400,1308711,1612311147,MERV - XMEV - GGAL - 24hs,6850.0,2025-05-09 17:17:20,120,2025-05-09 17:17:20.832,6840.0,801,6830.0,20104,6820.0,31287,6810.0,1340,6800.0,1350,6850.0,4174,6860.0,11844,6870.0,8692,6880.0,10527,6890.0,25146,2025-05-09 17:17:20.712,,2147483647,1101082,True,offer
8401,1308740,1612311203,MERV - XMEV - GGAL - 24hs,6850.0,2025-05-09 17:17:20,120,2025-05-09 17:17:21.334,6840.0,2801,6830.0,20104,6820.0,31287,6810.0,1340,6800.0,1350,6850.0,4054,6860.0,11844,6870.0,8692,6880.0,10527,6890.0,25146,2025-05-09 17:17:21.262,,2147483647,1101082,False,nan
8402,1308801,1612311276,MERV - XMEV - GGAL - 24hs,6850.0,2025-05-09 17:17:20,120,2025-05-09 17:17:21.844,6840.0,2801,6830.0,20104,6820.0,31287,6810.0,1340,6800.0,1350,6850.0,4054,6860.0,11844,6870.0,8692,6880.0,10527,6890.0,25146,2025-05-09 17:17:21.768,,2147483647,1101202,False,nan
8403,1309662,1612312370,MERV - XMEV - GGAL - 24hs,6850.0,2025-05-09 17:17:20,120,2025-05-09 17:17:32.458,6840.0,2801,6830.0,20104,6820.0,31687,6810.0,840,6800.0,1350,6850.0,4054,6860.0,11844,6870.0,8692,6880.0,10527,6890.0,25146,2025-05-09 17:17:32.387,,2147483647,1101202,False,nan
8404,1309780,1612312506,MERV - XMEV - GGAL - 24hs,6850.0,2025-05-09 17:17:20,120,2025-05-09 17:17:33.831,6840.0,2801,6830.0,20104,6820.0,31487,6810.0,840,6800.0,1350,6850.0,4054,6860.0,11844,6870.0,8692,6880.0,10527,6890.0,25146,2025-05-09 17:17:33.756,,2147483647,1101202,False,nan
8405,1309886,1612312635,MERV - XMEV - GGAL - 24hs,6850.0,2025-05-09 17:17:20,120,2025-05-09 17:17:35.297,6840.0,2801,6830.0,20104,6820.0,31487,6810.0,840,6800.0,1350,6850.0,4054,6860.0,11944,6870.0,8692,6880.0,10527,6890.0,25146,2025-05-09 17:17:35.225,,2147483647,1101202,False,nan
8406,1310584,1612313549,MERV - XMEV - GGAL - 24hs,6850.0,2025-05-09 17:17:20,120,2025-05-09 17:17:44.584,6840.0,2801,6830.0,20504,6820.0,31287,6810.0,840,6800.0,1350,6850.0,4054,6860.0,12044,6870.0,8692,6880.0,10527,6890.0,25146,2025-05-09 17:17:44.455,,2147483647,1101202,False,nan
8407,1310998,1612314101,MERV - XMEV - GGAL - 24hs,6850.0,2025-05-09 17:17:50,29,2025-05-09 17:17:50.718,6840.0,2801,6830.0,20504,6820.0,31287,6810.0,840,6800.0,1350,6850.0,4054,6860.0,12044,6870.0,8692,6880.0,10527,6890.0,25146,2025-05-09 17:17:50.647,,2147483647,1101202,True,offer
8408,1311063,1612314178,MERV - XMEV - GGAL - 24hs,6850.0,2025-05-09 17:17:50,29,2025-05-09 17:17:51.377,6840.0,2801,6830.0,20104,6820.0,31487,6810.0,840,6800.0,1350,6850.0,4025,6860.0,12044,6870.0,8692,6880.0,10527,6890.0,25146,2025-05-09 17:17:51.304,,2147483647,1101202,False,nan
8409,1311099,1612314227,MERV - XMEV - GGAL - 24hs,6850.0,2025-05-09 17:17:50,29,2025-05-09 17:17:51.876,6840.0,2801,6830.0,20104,6820.0,31487,6810.0,840,6800.0,1350,6850.0,4025,6860.0,12044,6870.0,8692,6880.0,10527,6890.0,25146,2025-05-09 17:17:51.803,,2147483647,1101231,False,nan
8410,1311314,1612314521,MERV - XMEV - GGAL - 24hs,6850.0,2025-05-09 17:17:50,29,2025-05-09 17:17:55.234,6840.0,2801,6830.0,20030,6820.0,31487,6810.0,840,6800.0,1350,6850.0,4025,6860.0,12044,6870.0,8692,6880.0,10527,6890.0,25146,2025-05-09 17:17:55.160,,2147483647,1101231,False,nan
8411,1311451,1612314694,MERV - XMEV - GGAL - 24hs,6850.0,2025-05-09 17:17:50,29,2025-05-09 17:17:56.528,6840.0,2801,6830.0,20030,6820.0,31687,6810.0,840,6800.0,1350,6850.0,4025,6860.0,12044,6870.0,8692,6880.0,10527,6890.0,25146,2025-05-09 17:17:56.444,,2147483647,1101231,False,nan
8412,1311631,1612314963,MERV - XMEV - GGAL - 24hs,6850.0,2025-05-09 17:17:50,29,2025-05-09 17:17:58.812,6840.0,2801,6830.0,20030,6820.0,31487,6810.0,840,6800.0,1350,6850.0,4025,6860.0,12044,6870.0,8692,6880.0,10527,6890.0,25146,2025-05-09 17:17:58.741,,2147483647,1101231,False,nan
8413,1311678,1612315027,MERV - XMEV - GGAL - 24hs,6850.0,2025-05-09 17:17:50,29,2025-05-09 17:17:59.646,6840.0,2801,6830.0,20104,6820.0,31487,6810.0,840,6800.0,1350,6850.0,4025,6860.0,12044,6870.0,8692,6880.0,10527,6890.0,25146,2025-05-09 17:17:59.572,,2147483647,1101231,False,nan
8414,1311837,1612315232,MERV - XMEV - GGAL - 24hs,6850.0,2025-05-09 17:17:50,29,2025-05-09 17:18:02.231,6840.0,2801,6830.0,19757,6820.0,31487,6810.0,840,6800.0,1350,6850.0,4025,6860.0,12044,6870.0,8692,6880.0,10527,6890.0,25146,2025-05-09 17:18:02.160,,2147483647,1101231,False,nan
8415,1312087,1612315537,MERV - XMEV - GGAL - 24hs,6850.0,2025-05-09 17:17:50,29,2025-05-09 17:18:03.954,6840.0,2801,6830.0,19757,6820.0,31487,6810.0,840,6800.0,1350,6850.0,4025,6860.0,12144,6870.0,8692,6880.0,10527,6890.0,25146,2025-05-09 17:18:03.879,,2147483647,1101231,False,nan
8416,1312305,1612315825,MERV - XMEV - GGAL - 24hs,6850.0,2025-05-09 17:17:50,29,2025-05-09 17:18:05.483,6840.0,2801,6830.0,19757,6820.0,31487,6810.0,840,6800.0,1322,6850.0,4025,6860.0,12144,6870.0,8692,6880.0,10527,6890.0,25146,2025-05-09 17:18:05.397,,2147483647,1101231,False,nan
8417,1312744,1612316421,MERV - XMEV - GGAL - 24hs,6850.0,2025-05-09 17:17:50,29,2025-05-09 17:18:08.575,6840.0,2801,6830.0,19410,6820.0,31487,6810.0,840,6800.0,1322,6850.0,4025,6860.0,12144,6870.0,8692,6880.0,10527,6890.0,25146,2025-05-09 17:18:08.329,,2147483647,1101231,False,nan
8418,1312847,1612316556,MERV - XMEV - GGAL - 24hs,6850.0,2025-05-09 17:18:08,193,2025-05-09 17:18:08.968,6840.0,2801,6830.0,19410,6820.0,31487,6810.0,840,6800.0,1322,6850.0,4025,6860.0,12144,6870.0,8692,6880.0,10527,6890.0,25146,2025-05-09 17:18:08.825,,2147483647,1101231,True,offer
8419,1312912,1612316637,MERV - XMEV - GGAL - 24hs,6850.0,2025-05-09 17:18:08,193,2025-05-09 17:18:09.571,6840.0,2801,6830.0,19410,6820.0,31487,6810.0,840,6800.0,1322,6850.0,3832,6860.0,12144,6870.0,8692,6880.0,10527,6890.0,25146,2025-05-09 17:18:09.494,,2147483647,1101231,False,nan
8420,1312967,1612316711,MERV - XMEV - GGAL - 24hs,6850.0,2025-05-09 17:18:08,193,2025-05-09 17:18:10.079,6840.0,2801,6830.0,19410,6820.0,31487,6810.0,840,6800.0,1322,6850.0,3832,6860.0,12144,6870.0,8692,6880.0,10527,6890.0,25146,2025-05-09 17:18:09.996,,2147483647,1101424,False,nan
8421,1313162,1612316958,MERV - XMEV - GGAL - 24hs,6850.0,2025-05-09 17:18:08,193,2025-05-09 17:18:11.538,6840.0,2801,6830.0,19410,6820.0,31487,6810.0,840,6800.0,1322,6850.0,6752,6860.0,12144,6870.0,8692,6880.0,10527,6890.0,25146,2025-05-09 17:18:11.466,,2147483647,1101424,False,nan
8422,1313263,1612317074,MERV - XMEV - GGAL - 24hs,6850.0,2025-05-09 17:18:08,193,2025-05-09 17:18:12.508,6840.0,2801,6830.0,4410,6820.0,45487,6810.0,1840,6800.0,1322,6850.0,6752,6860.0,12144,6870.0,8692,6880.0,10527,6890.0,25146,2025-05-09 17:18:12.429,,2147483647,1101424,False,nan
8423,1313562,1612317465,MERV - XMEV - GGAL - 24hs,6850.0,2025-05-09 17:18:08,193,2025-05-09 17:18:14.596,6840.0,2801,6830.0,4065,6820.0,46038,6810.0,1840,6800.0,1322,6850.0,6752,6860.0,12144,6870.0,8692,6880.0,10527,6890.0,25146,2025-05-09 17:18:14.525,,2147483647,1101424,False,nan
8424,1313609,1612317545,MERV - XMEV - GGAL - 24hs,6850.0,2025-05-09 17:18:08,193,2025-05-09 17:18:15.302,6840.0,2801,6830.0,4065,6820.0,30691,6810.0,16840,6800.0,1322,6850.0,6752,6860.0,12144,6870.0,8692,6880.0,10527,6890.0,25146,2025-05-09 17:18:15.231,,2147483647,1101424,False,nan
8425,1313691,1612317675,MERV - XMEV - GGAL - 24hs,6850.0,2025-05-09 17:18:08,193,2025-05-09 17:18:16.242,6840.0,2801,6830.0,4065,6820.0,46038,6810.0,1840,6800.0,1322,6850.0,6752,6860.0,12144,6870.0,8692,6880.0,10527,6890.0,25146,2025-05-09 17:18:16.171,,2147483647,1101424,False,nan
8426,1313964,1612318030,MERV - XMEV - GGAL - 24hs,6850.0,2025-05-09 17:18:08,193,2025-05-09 17:18:19.564,6840.0,2801,6830.0,4065,6820.0,45691,6810.0,1840,6800.0,1322,6850.0,6752,6860.0,12144,6870.0,8692,6880.0,10527,6890.0,25146,2025-05-09 17:18:19.493,,2147483647,1101424,False,nan
8427,1314132,1612318244,MERV - XMEV - GGAL - 24hs,6850.0,2025-05-09 17:18:08,193,2025-05-09 17:18:21.439,6840.0,2801,6830.0,4065,6820.0,45691,6810.0,1840,6800.0,1322,6850.0,6950,6860.0,12144,6870.0,8692,6880.0,10527,6890.0,25146,2025-05-09 17:18:21.297,,2147483647,1101424,False,nan
8428,1314400,1612318624,MERV - XMEV - GGAL - 24hs,6850.0,2025-05-09 17:18:08,193,2025-05-09 17:18:24.529,6840.0,2834,6830.0,4065,6820.0,45691,6810.0,1840,6800.0,1322,6850.0,6950,6860.0,12144,6870.0,8692,6880.0,10527,6890.0,25146,2025-05-09 17:18:24.456,,2147483647,1101424,False,nan
8429,1314579,1612318858,MERV - XMEV - GGAL - 24hs,6850.0,2025-05-09 17:18:08,193,2025-05-09 17:18:26.224,6840.0,2877,6830.0,4065,6820.0,45691,6810.0,1840,6800.0,1322,6850.0,6950,6860.0,12144,6870.0,8692,6880.0,10527,6890.0,25146,2025-05-09 17:18:26.153,,2147483647,1101424,False,nan
8430,1314652,1612318950,MERV - XMEV - GGAL - 24hs,6850.0,2025-05-09 17:18:08,193,2025-05-09 17:18:26.948,6840.0,877,6830.0,4065,6820.0,45691,6810.0,1840,6800.0,1322,6850.0,6950,6860.0,12144,6870.0,8692,6880.0,10527,6890.0,25146,2025-05-09 17:18:26.875,,2147483647,1101424,False,nan
8431,1314800,1612319127,MERV - XMEV - GGAL - 24hs,6850.0,2025-05-09 17:18:28,5,2025-05-09 17:18:28.679,6840.0,877,6830.0,4065,6820.0,45691,6810.0,1840,6800.0,1322,6850.0,6950,6860.0,12144,6870.0,8692,6880.0,10527,6890.0,25146,2025-05-09 17:18:28.601,,2147483647,1101424,True,offer
8432,1314878,1612319225,MERV - XMEV - GGAL - 24hs,6850.0,2025-05-09 17:18:28,5,2025-05-09 17:18:29.343,6840.0,877,6830.0,4065,6820.0,45691,6810.0,1840,6800.0,1322,6850.0,6945,6860.0,12144,6870.0,8692,6880.0,10527,6890.0,25146,2025-05-09 17:18:29.268,,2147483647,1101424,False,nan
8433,1314943,1612319308,MERV - XMEV - GGAL - 24hs,6850.0,2025-05-09 17:18:28,5,2025-05-09 17:18:29.844,6840.0,877,6830.0,4065,6820.0,45691,6810.0,1840,6800.0,1322,6850.0,6945,6860.0,12144,6870.0,8692,6880.0,10527,6890.0,25146,2025-05-09 17:18:29.768,,2147483647,1101429,False,nan
8434,1315364,1612319839,MERV - XMEV - GGAL - 24hs,6840.0,2025-05-09 17:18:33,673,2025-05-09 17:18:33.918,6840.0,877,6830.0,4065,6820.0,45691,6810.0,1840,6800.0,1322,6850.0,6945,6860.0,12144,6870.0,8692,6880.0,10527,6890.0,25146,2025-05-09 17:18:33.847,,2147483647,1101429,True,bid
8435,1315409,1612319922,MERV - XMEV - GGAL - 24hs,6840.0,2025-05-09 17:18:33,43,2025-05-09 17:18:34.420,6840.0,877,6830.0,4065,6820.0,45691,6810.0,1840,6800.0,1322,6850.0,6945,6860.0,12144,6870.0,8692,6880.0,10527,6890.0,25146,2025-05-09 17:18:34.347,,2147483647,1101429,False,nan
8436,1315458,1612319987,MERV - XMEV - GGAL - 24hs,6840.0,2025-05-09 17:18:33,43,2025-05-09 17:18:34.928,6830.0,4065,6820.0,45691,6810.0,1840,6800.0,1322,6790.0,1932,6840.0,123,6850.0,5945,6860.0,12144,6870.0,8692,6880.0,10527,2025-05-09 17:18:34.847,,2147483647,1102306,False,nan
8437,1315848,1612320505,MERV - XMEV - GGAL - 24hs,6840.0,2025-05-09 17:18:33,43,2025-05-09 17:18:38.359,6830.0,4065,6820.0,45691,6810.0,1986,6800.0,1322,6790.0,1932,6840.0,123,6850.0,5945,6860.0,12144,6870.0,8692,6880.0,10527,2025-05-09 17:18:38.005,,2147483647,1102306,False,nan
8438,1315998,1612320683,MERV - XMEV - GGAL - 24hs,6840.0,2025-05-09 17:18:33,43,2025-05-09 17:18:38.984,6830.0,4065,6820.0,45691,6810.0,1840,6800.0,1322,6790.0,1932,6840.0,123,6850.0,5945,6860.0,12144,6870.0,8692,6880.0,10527,2025-05-09 17:18:38.819,,2147483647,1102306,False,nan
8439,1316371,1612321136,MERV - XMEV - GGAL - 24hs,6840.0,2025-05-09 17:18:33,43,2025-05-09 17:18:41.867,6830.0,4065,6820.0,47219,6810.0,1840,6800.0,1322,6790.0,1932,6840.0,123,6850.0,5945,6860.0,12144,6870.0,8692,6880.0,10527,2025-05-09 17:18:41.795,,2147483647,1102306,False,nan
8440,1316664,1612321528,MERV - XMEV - GGAL - 24hs,6840.0,2025-05-09 17:18:33,43,2025-05-09 17:18:43.950,6830.0,4065,6820.0,45832,6810.0,1840,6800.0,1322,6790.0,1932,6840.0,123,6850.0,5945,6860.0,12144,6870.0,8692,6880.0,10527,2025-05-09 17:18:43.795,,2147483647,1102306,False,nan
8441,1316774,1612321685,MERV - XMEV - GGAL - 24hs,6840.0,2025-05-09 17:18:33,43,2025-05-09 17:18:44.636,6830.0,4065,6820.0,46179,6810.0,1986,6800.0,1322,6790.0,1932,6840.0,171,6850.0,5897,6860.0,12144,6870.0,8692,6880.0,10527,2025-05-09 17:18:44.467,,2147483647,1102306,False,nan
8442,1316868,1612321797,MERV - XMEV - GGAL - 24hs,6840.0,2025-05-09 17:18:33,43,2025-05-09 17:18:45.443,6830.0,4065,6820.0,46179,6810.0,2133,6800.0,1322,6790.0,1932,6840.0,171,6850.0,5897,6860.0,12144,6870.0,8692,6880.0,10527,2025-05-09 17:18:45.372,,2147483647,1102306,False,nan
8443,1317485,1612322643,MERV - XMEV - GGAL - 24hs,6840.0,2025-05-09 17:18:50,10,2025-05-09 17:18:50.893,6830.0,4065,6820.0,46179,6810.0,2133,6800.0,1322,6790.0,1932,6840.0,171,6850.0,5897,6860.0,12144,6870.0,8692,6880.0,10527,2025-05-09 17:18:50.822,,2147483647,1102306,True,offer
8444,1317539,1612322713,MERV - XMEV - GGAL - 24hs,6840.0,2025-05-09 17:18:50,10,2025-05-09 17:18:51.564,6830.0,4065,6820.0,46179,6810.0,1840,6800.0,1322,6790.0,1932,6840.0,161,6850.0,5897,6860.0,12144,6870.0,8692,6880.0,10527,2025-05-09 17:18:51.489,,2147483647,1102306,False,nan
8445,1317584,1612322768,MERV - XMEV - GGAL - 24hs,6840.0,2025-05-09 17:18:51,47,2025-05-09 17:18:52.061,6830.0,4065,6820.0,46179,6810.0,1840,6800.0,1322,6790.0,1932,6840.0,161,6850.0,5897,6860.0,12144,6870.0,8692,6880.0,10527,2025-05-09 17:18:51.990,,2147483647,1102316,True,offer
8446,1317621,1612322818,MERV - XMEV - GGAL - 24hs,6840.0,2025-05-09 17:18:51,47,2025-05-09 17:18:52.638,6830.0,4065,6820.0,46179,6810.0,1840,6800.0,1322,6790.0,1932,6840.0,114,6850.0,5897,6860.0,12144,6870.0,8692,6880.0,10527,2025-05-09 17:18:52.563,,2147483647,1102316,False,nan
8447,1317746,1612322969,MERV - XMEV - GGAL - 24hs,6840.0,2025-05-09 17:18:51,47,2025-05-09 17:18:53.190,6830.0,4065,6820.0,46179,6810.0,1840,6800.0,1322,6790.0,1932,6840.0,114,6850.0,5897,6860.0,12144,6870.0,8692,6880.0,10527,2025-05-09 17:18:53.065,,2147483647,1102363,False,nan
8448,1318106,1612323463,MERV - XMEV - GGAL - 24hs,6840.0,2025-05-09 17:18:55,4,2025-05-09 17:18:55.989,6830.0,4065,6820.0,46179,6810.0,1840,6800.0,1322,6790.0,1932,6840.0,114,6850.0,5897,6860.0,12144,6870.0,8692,6880.0,10527,2025-05-09 17:18:55.917,,2147483647,1102363,True,offer
8449,1318158,1612323526,MERV - XMEV - GGAL - 24hs,6840.0,2025-05-09 17:18:55,4,2025-05-09 17:18:56.996,6830.0,4065,6820.0,46179,6810.0,1840,6800.0,1322,6790.0,1932,6840.0,110,6850.0,5897,6860.0,12144,6870.0,8692,6880.0,10527,2025-05-09 17:18:56.891,,2147483647,1102363,False,nan
8450,1318188,1612323562,MERV - XMEV - GGAL - 24hs,6840.0,2025-05-09 17:18:55,4,2025-05-09 17:18:57.150,6830.0,4065,6820.0,46179,6810.0,1840,6800.0,1322,6790.0,1932,6840.0,110,6850.0,5897,6860.0,12144,6870.0,8692,6880.0,10527,2025-05-09 17:18:57.077,,2147483647,1102367,False,nan
8451,1318283,1612323679,MERV - XMEV - GGAL - 24hs,6840.0,2025-05-09 17:18:58,62,2025-05-09 17:18:58.655,6830.0,4065,6820.0,46179,6810.0,1840,6800.0,1322,6790.0,1932,6840.0,110,6850.0,5897,6860.0,12144,6870.0,8692,6880.0,10527,2025-05-09 17:18:58.582,,2147483647,1102367,True,offer
8452,1318318,1612323723,MERV - XMEV - GGAL - 24hs,6840.0,2025-05-09 17:18:58,48,2025-05-09 17:18:59.155,6840.0,425,6830.0,4065,6820.0,31179,6810.0,15840,6800.0,2322,6850.0,5897,6860.0,12144,6870.0,8692,6880.0,12527,6890.0,23146,2025-05-09 17:18:59.082,,2147483647,1102367,False,nan
8453,1318382,1612323797,MERV - XMEV - GGAL - 24hs,6840.0,2025-05-09 17:18:58,48,2025-05-09 17:18:59.653,6840.0,425,6830.0,4065,6820.0,31179,6810.0,15840,6800.0,2322,6850.0,5897,6860.0,12144,6870.0,8692,6880.0,12527,6890.0,23146,2025-05-09 17:18:59.582,,2147483647,1102477,False,nan
8454,1318744,1612324245,MERV - XMEV - GGAL - 24hs,6840.0,2025-05-09 17:18:58,48,2025-05-09 17:19:03.755,6840.0,425,6830.0,4065,6820.0,31179,6810.0,16840,6800.0,1322,6850.0,5897,6860.0,12144,6870.0,8692,6880.0,12527,6890.0,23146,2025-05-09 17:19:03.683,,2147483647,1102477,False,nan
8455,1318813,1612324344,MERV - XMEV - GGAL - 24hs,6850.0,2025-05-09 17:19:03,5,2025-05-09 17:19:04.259,6840.0,425,6830.0,4065,6820.0,31179,6810.0,16840,6800.0,1322,6850.0,5897,6860.0,12144,6870.0,8692,6880.0,12527,6890.0,23146,2025-05-09 17:19:04.183,,2147483647,1102477,True,offer
8456,1318865,1612324435,MERV - XMEV - GGAL - 24hs,6850.0,2025-05-09 17:19:03,5,2025-05-09 17:19:04.779,6840.0,425,6830.0,4065,6820.0,31179,6810.0,16840,6800.0,1322,6850.0,5892,6860.0,12144,6870.0,8692,6880.0,12527,6890.0,23146,2025-05-09 17:19:04.682,,2147483647,1102482,False,nan
8457,1319021,1612324660,MERV - XMEV - GGAL - 24hs,6850.0,2025-05-09 17:19:03,5,2025-05-09 17:19:06.931,6840.0,425,6830.0,4065,6820.0,31179,6810.0,16840,6800.0,1322,6850.0,5892,6860.0,12144,6870.0,8692,6880.0,22527,6890.0,13146,2025-05-09 17:19:06.854,,2147483647,1102482,False,nan
8458,1319408,1612325160,MERV - XMEV - GGAL - 24hs,6850.0,2025-05-09 17:19:03,5,2025-05-09 17:19:11.435,6840.0,425,6830.0,4065,6820.0,31525,6810.0,16840,6800.0,1322,6850.0,5892,6860.0,12144,6870.0,8692,6880.0,22527,6890.0,13146,2025-05-09 17:19:11.348,,2147483647,1102482,False,nan
8459,1319506,1612325281,MERV - XMEV - GGAL - 24hs,6850.0,2025-05-09 17:19:03,5,2025-05-09 17:19:12.617,6840.0,425,6830.0,4065,6820.0,46525,6810.0,1840,6800.0,1322,6850.0,5892,6860.0,12144,6870.0,8692,6880.0,22527,6890.0,13146,2025-05-09 17:19:12.538,,2147483647,1102482,False,nan
8460,1319584,1612325384,MERV - XMEV - GGAL - 24hs,6850.0,2025-05-09 17:19:03,5,2025-05-09 17:19:13.410,6840.0,425,6830.0,4065,6820.0,46825,6810.0,1840,6800.0,1322,6850.0,5892,6860.0,12144,6870.0,8692,6880.0,22527,6890.0,13146,2025-05-09 17:19:13.339,,2147483647,1102482,False,nan
8461,1320271,1612326345,MERV - XMEV - GGAL - 24hs,6840.0,2025-05-09 17:19:20,133,2025-05-09 17:19:20.959,6840.0,425,6830.0,4065,6820.0,46825,6810.0,1840,6800.0,1322,6850.0,5892,6860.0,12144,6870.0,8692,6880.0,22527,6890.0,13146,2025-05-09 17:19:20.886,,2147483647,1102482,True,bid
8462,1320307,1612326388,MERV - XMEV - GGAL - 24hs,6840.0,2025-05-09 17:19:20,133,2025-05-09 17:19:21.459,6840.0,292,6830.0,4065,6820.0,46825,6810.0,1840,6800.0,1322,6850.0,5892,6860.0,12144,6870.0,8292,6880.0,22527,6890.0,13146,2025-05-09 17:19:21.385,,2147483647,1102482,False,nan
8463,1320335,1612326421,MERV - XMEV - GGAL - 24hs,6840.0,2025-05-09 17:19:20,133,2025-05-09 17:19:21.957,6840.0,292,6830.0,4065,6820.0,46825,6810.0,1840,6800.0,1322,6850.0,5892,6860.0,12144,6870.0,8292,6880.0,22527,6890.0,13146,2025-05-09 17:19:21.885,,2147483647,1102615,False,nan
8464,1320456,1612326568,MERV - XMEV - GGAL - 24hs,6840.0,2025-05-09 17:19:22,85,2025-05-09 17:19:23.047,6840.0,292,6830.0,4065,6820.0,46825,6810.0,1840,6800.0,1322,6850.0,5892,6860.0,12144,6870.0,8292,6880.0,22527,6890.0,13146,2025-05-09 17:19:22.970,,2147483647,1102615,True,bid
8465,1320540,1612326668,MERV - XMEV - GGAL - 24hs,6840.0,2025-05-09 17:19:22,85,2025-05-09 17:19:23.716,6840.0,207,6830.0,4065,6820.0,46825,6810.0,1840,6800.0,1322,6850.0,5892,6860.0,12144,6870.0,8292,6880.0,22527,6890.0,13146,2025-05-09 17:19:23.644,,2147483647,1102615,False,nan
8466,1320609,1612326747,MERV - XMEV - GGAL - 24hs,6840.0,2025-05-09 17:19:22,85,2025-05-09 17:19:24.224,6840.0,207,6830.0,4065,6820.0,46825,6810.0,1840,6800.0,1322,6850.0,5892,6860.0,12144,6870.0,8292,6880.0,22527,6890.0,13146,2025-05-09 17:19:24.144,,2147483647,1102700,False,nan
8467,1320961,1612327204,MERV - XMEV - GGAL - 24hs,6840.0,2025-05-09 17:19:22,85,2025-05-09 17:19:26.664,6840.0,207,6830.0,7065,6820.0,46825,6810.0,1840,6800.0,1322,6850.0,5892,6860.0,12144,6870.0,8292,6880.0,22527,6890.0,13146,2025-05-09 17:19:26.586,,2147483647,1102700,False,nan
8468,1321241,1612327572,MERV - XMEV - GGAL - 24hs,6840.0,2025-05-09 17:19:28,96,2025-05-09 17:19:28.836,6840.0,207,6830.0,7065,6820.0,46825,6810.0,1840,6800.0,1322,6850.0,5892,6860.0,12144,6870.0,8292,6880.0,22527,6890.0,13146,2025-05-09 17:19:28.736,,2147483647,1102700,True,bid
8469,1321292,1612327650,MERV - XMEV - GGAL - 24hs,6840.0,2025-05-09 17:19:28,96,2025-05-09 17:19:29.308,6840.0,111,6830.0,7065,6820.0,46825,6810.0,1840,6800.0,1322,6850.0,5892,6860.0,12144,6870.0,8292,6880.0,22527,6890.0,13146,2025-05-09 17:19:29.234,,2147483647,1102700,False,nan
8470,1321339,1612327702,MERV - XMEV - GGAL - 24hs,6840.0,2025-05-09 17:19:28,96,2025-05-09 17:19:29.809,6840.0,111,6830.0,7065,6820.0,46825,6810.0,1840,6800.0,1322,6850.0,5892,6860.0,12144,6870.0,8292,6880.0,22527,6890.0,13146,2025-05-09 17:19:29.735,,2147483647,1102796,False,nan
8471,1321518,1612327951,MERV - XMEV - GGAL - 24hs,6840.0,2025-05-09 17:19:28,96,2025-05-09 17:19:32.148,6840.0,666,6830.0,7065,6820.0,46132,6810.0,1840,6800.0,1322,6850.0,5892,6860.0,12144,6870.0,8292,6880.0,22527,6890.0,13146,2025-05-09 17:19:32.075,,2147483647,1102796,False,nan
8472,1321588,1612328040,MERV - XMEV - GGAL - 24hs,6850.0,2025-05-09 17:19:32,109,2025-05-09 17:19:32.652,6840.0,666,6830.0,7065,6820.0,46132,6810.0,1840,6800.0,1322,6850.0,5892,6860.0,12144,6870.0,8292,6880.0,22527,6890.0,13146,2025-05-09 17:19:32.575,,2147483647,1102796,True,offer
8473,1321640,1612328100,MERV - XMEV - GGAL - 24hs,6850.0,2025-05-09 17:19:32,109,2025-05-09 17:19:33.147,6840.0,666,6830.0,7065,6820.0,46132,6810.0,1840,6800.0,1322,6850.0,5783,6860.0,12144,6870.0,8292,6880.0,22527,6890.0,13146,2025-05-09 17:19:33.075,,2147483647,1102905,False,nan
8474,1321758,1612328251,MERV - XMEV - GGAL - 24hs,6850.0,2025-05-09 17:19:32,109,2025-05-09 17:19:34.394,6840.0,666,6830.0,7065,6820.0,31132,6810.0,15840,6800.0,2322,6850.0,5783,6860.0,24144,6870.0,8292,6880.0,10527,6890.0,13146,2025-05-09 17:19:34.322,,2147483647,1102905,False,nan
8475,1321934,1612328470,MERV - XMEV - GGAL - 24hs,6850.0,2025-05-09 17:19:32,109,2025-05-09 17:19:35.755,6840.0,666,6830.0,7065,6820.0,31432,6810.0,16840,6800.0,1322,6850.0,5783,6860.0,12144,6870.0,18292,6880.0,12527,6890.0,13146,2025-05-09 17:19:35.581,,2147483647,1102905,False,nan
8476,1322043,1612328616,MERV - XMEV - GGAL - 24hs,6850.0,2025-05-09 17:19:32,109,2025-05-09 17:19:36.660,6840.0,666,6830.0,7065,6820.0,31132,6810.0,15840,6800.0,1322,6850.0,5783,6860.0,12144,6870.0,18292,6880.0,12527,6890.0,13146,2025-05-09 17:19:36.583,,2147483647,1102905,False,nan
8477,1322370,1612329009,MERV - XMEV - GGAL - 24hs,6850.0,2025-05-09 17:19:32,109,2025-05-09 17:19:38.836,6840.0,666,6830.0,7065,6820.0,31132,6810.0,16840,6800.0,1322,6850.0,5783,6860.0,12144,6870.0,18292,6880.0,12527,6890.0,13146,2025-05-09 17:19:38.685,,2147483647,1102905,False,nan
8478,1322457,1612329131,MERV - XMEV - GGAL - 24hs,6850.0,2025-05-09 17:19:32,109,2025-05-09 17:19:39.590,6840.0,666,6830.0,7065,6820.0,31132,6810.0,16840,6800.0,1322,6850.0,5783,6860.0,12544,6870.0,18292,6880.0,12527,6890.0,13146,2025-05-09 17:19:39.515,,2147483647,1102905,False,nan
8479,1322702,1612329470,MERV - XMEV - GGAL - 24hs,6850.0,2025-05-09 17:19:41,2,2025-05-09 17:19:41.896,6840.0,666,6830.0,7065,6820.0,31132,6810.0,16840,6800.0,1322,6850.0,5783,6860.0,12544,6870.0,18292,6880.0,12527,6890.0,13146,2025-05-09 17:19:41.688,,2147483647,1102905,True,offer
8480,1322782,1612329568,MERV - XMEV - GGAL - 24hs,6850.0,2025-05-09 17:19:41,2,2025-05-09 17:19:42.223,6840.0,666,6830.0,7065,6820.0,31132,6810.0,16840,6800.0,1322,6850.0,5781,6860.0,12544,6870.0,18292,6880.0,12527,6890.0,13146,2025-05-09 17:19:42.146,,2147483647,1102905,False,nan
8481,1322824,1612329623,MERV - XMEV - GGAL - 24hs,6850.0,2025-05-09 17:19:41,2,2025-05-09 17:19:42.718,6840.0,666,6830.0,7065,6820.0,31132,6810.0,16840,6800.0,1322,6850.0,5781,6860.0,12544,6870.0,18292,6880.0,12527,6890.0,13146,2025-05-09 17:19:42.646,,2147483647,1102907,False,nan
8482,1323312,1612330403,MERV - XMEV - GGAL - 24hs,6850.0,2025-05-09 17:19:48,200,2025-05-09 17:19:48.822,6840.0,666,6830.0,7065,6820.0,31132,6810.0,16840,6800.0,1322,6850.0,5781,6860.0,12544,6870.0,18292,6880.0,12527,6890.0,13146,2025-05-09 17:19:48.741,,2147483647,1102907,True,offer
8483,1323358,1612330458,MERV - XMEV - GGAL - 24hs,6850.0,2025-05-09 17:19:48,200,2025-05-09 17:19:49.475,6840.0,666,6830.0,7065,6820.0,46132,6810.0,1840,6800.0,1322,6850.0,5581,6860.0,12544,6870.0,18292,6880.0,12527,6890.0,13146,2025-05-09 17:19:49.403,,2147483647,1102907,False,nan
8484,1323425,1612330540,MERV - XMEV - GGAL - 24hs,6850.0,2025-05-09 17:19:48,200,2025-05-09 17:19:49.984,6840.0,666,6830.0,7065,6820.0,46132,6810.0,1840,6800.0,1322,6850.0,5581,6860.0,12544,6870.0,18292,6880.0,12527,6890.0,13146,2025-05-09 17:19:49.905,,2147483647,1103107,False,nan
8485,1323583,1612330763,MERV - XMEV - GGAL - 24hs,6840.0,2025-05-09 17:19:51,111,2025-05-09 17:19:51.497,6840.0,666,6830.0,7065,6820.0,46132,6810.0,1840,6800.0,1322,6850.0,5581,6860.0,12544,6870.0,18292,6880.0,12527,6890.0,13146,2025-05-09 17:19:51.425,,2147483647,1103107,True,bid
8486,1323634,1612330842,MERV - XMEV - GGAL - 24hs,6840.0,2025-05-09 17:19:51,555,2025-05-09 17:19:51.997,6840.0,666,6830.0,7065,6820.0,46132,6810.0,1840,6800.0,1322,6850.0,5581,6860.0,12544,6870.0,18292,6880.0,12527,6890.0,13146,2025-05-09 17:19:51.925,,2147483647,1103107,False,nan
8487,1323676,1612330901,MERV - XMEV - GGAL - 24hs,6840.0,2025-05-09 17:19:51,555,2025-05-09 17:19:52.501,6830.0,7065,6820.0,46132,6810.0,1840,6800.0,1322,6790.0,2032,6840.0,834,6850.0,5581,6860.0,12544,6870.0,18292,6880.0,12527,2025-05-09 17:19:52.425,,2147483647,1103773,False,nan
8488,1323792,1612331054,MERV - XMEV - GGAL - 24hs,6840.0,2025-05-09 17:19:51,555,2025-05-09 17:19:53.238,6830.0,7065,6820.0,46725,6810.0,1840,6800.0,1322,6790.0,2032,6840.0,834,6850.0,5581,6860.0,12544,6870.0,8292,6880.0,22527,2025-05-09 17:19:53.165,,2147483647,1103773,False,nan
8489,1323941,1612331247,MERV - XMEV - GGAL - 24hs,6840.0,2025-05-09 17:19:51,555,2025-05-09 17:19:54.047,6830.0,7065,6820.0,46425,6810.0,1840,6800.0,1322,6790.0,2032,6840.0,834,6850.0,5581,6860.0,12544,6870.0,8292,6880.0,22527,2025-05-09 17:19:53.960,,2147483647,1103773,False,nan
8490,1324050,1612331379,MERV - XMEV - GGAL - 24hs,6840.0,2025-05-09 17:19:51,555,2025-05-09 17:19:55.102,6830.0,7065,6820.0,46132,6810.0,2133,6800.0,1322,6790.0,2032,6840.0,834,6850.0,5581,6860.0,12544,6870.0,8292,6880.0,22527,2025-05-09 17:19:55.030,,2147483647,1103773,False,nan
8491,1324403,1612331887,MERV - XMEV - GGAL - 24hs,6840.0,2025-05-09 17:19:51,555,2025-05-09 17:19:57.366,6830.0,7065,6820.0,45787,6810.0,2478,6800.0,1322,6790.0,2032,6840.0,834,6850.0,6524,6860.0,11601,6870.0,8292,6880.0,22527,2025-05-09 17:19:57.268,,2147483647,1103773,False,nan
8492,1324479,1612331988,MERV - XMEV - GGAL - 24hs,6840.0,2025-05-09 17:19:51,555,2025-05-09 17:19:58.020,6830.0,7065,6820.0,45787,6810.0,2825,6800.0,1322,6790.0,2032,6840.0,834,6850.0,6524,6860.0,11601,6870.0,8292,6880.0,22527,2025-05-09 17:19:57.948,,2147483647,1103773,False,nan
8493,1324559,1612332094,MERV - XMEV - GGAL - 24hs,6840.0,2025-05-09 17:19:51,555,2025-05-09 17:19:58.863,6830.0,7065,6820.0,45787,6810.0,2478,6800.0,1322,6790.0,2032,6840.0,834,6850.0,6524,6860.0,11601,6870.0,8292,6880.0,22527,2025-05-09 17:19:58.785,,2147483647,1103773,False,nan
8494,1325115,1612332859,MERV - XMEV - GGAL - 24hs,6840.0,2025-05-09 17:19:51,555,2025-05-09 17:20:04.988,6830.0,7065,6820.0,46080,6810.0,2185,6800.0,1322,6790.0,2032,6840.0,834,6850.0,6524,6860.0,11601,6870.0,8292,6880.0,22527,2025-05-09 17:20:04.915,,2147483647,1103773,False,nan
8495,1325237,1612333023,MERV - XMEV - GGAL - 24hs,6840.0,2025-05-09 17:19:51,555,2025-05-09 17:20:06.027,6830.0,7065,6820.0,45933,6810.0,2185,6800.0,1322,6790.0,2032,6840.0,834,6850.0,6524,6860.0,11601,6870.0,8292,6880.0,22527,2025-05-09 17:20:05.953,,2147483647,1103773,False,nan
8496,1325344,1612333168,MERV - XMEV - GGAL - 24hs,6840.0,2025-05-09 17:19:51,555,2025-05-09 17:20:07.140,6830.0,7065,6820.0,45933,6810.0,2532,6800.0,1322,6790.0,2032,6840.0,834,6850.0,6524,6860.0,11601,6870.0,8292,6880.0,22527,2025-05-09 17:20:07.061,,2147483647,1103773,False,nan
8497,1325528,1612333402,MERV - XMEV - GGAL - 24hs,6840.0,2025-05-09 17:19:51,555,2025-05-09 17:20:08.568,6830.0,7065,6820.0,45787,6810.0,2331,6800.0,1322,6790.0,2032,6840.0,834,6850.0,6524,6860.0,11601,6870.0,8292,6880.0,22527,2025-05-09 17:20:08.496,,2147483647,1103773,False,nan
8498,1325649,1612333545,MERV - XMEV - GGAL - 24hs,6840.0,2025-05-09 17:19:51,555,2025-05-09 17:20:09.396,6830.0,7065,6820.0,45933,6810.0,2532,6800.0,1322,6790.0,2032,6840.0,834,6850.0,6524,6860.0,11601,6870.0,8292,6880.0,22527,2025-05-09 17:20:09.324,,2147483647,1103773,False,nan
8499,1325940,1612333968,MERV - XMEV - GGAL - 24hs,6840.0,2025-05-09 17:19:51,555,2025-05-09 17:20:12.372,6830.0,7065,6820.0,45787,6810.0,2331,6800.0,1322,6790.0,2032,6840.0,834,6850.0,6524,6860.0,11601,6870.0,8292,6880.0,22527,2025-05-09 17:20:12.293,,2147483647,1103773,False,nan
8500,1326007,1612334048,MERV - XMEV - GGAL - 24hs,6830.0,2025-05-09 17:20:13,8,2025-05-09 17:20:13.286,6830.0,7065,6820.0,45787,6810.0,2331,6800.0,1322,6790.0,2032,6840.0,834,6850.0,6524,6860.0,11601,6870.0,8292,6880.0,22527,2025-05-09 17:20:13.211,,2147483647,1103773,True,bid
8501,1326058,1612334112,MERV - XMEV - GGAL - 24hs,6830.0,2025-05-09 17:20:13,8,2025-05-09 17:20:13.974,6830.0,7057,6820.0,45787,6810.0,2331,6800.0,1322,6790.0,2032,6840.0,834,6850.0,6524,6860.0,11601,6870.0,8292,6880.0,22527,2025-05-09 17:20:13.902,,2147483647,1103773,False,nan
8502,1326118,1612334185,MERV - XMEV - GGAL - 24hs,6830.0,2025-05-09 17:20:13,8,2025-05-09 17:20:14.507,6830.0,7057,6820.0,45787,6810.0,2331,6800.0,1322,6790.0,2032,6840.0,834,6850.0,6524,6860.0,11601,6870.0,8292,6880.0,22527,2025-05-09 17:20:14.400,,2147483647,1103781,False,nan
8503,1326282,1612334376,MERV - XMEV - GGAL - 24hs,6830.0,2025-05-09 17:20:13,8,2025-05-09 17:20:15.723,6830.0,7057,6820.0,45933,6810.0,2532,6800.0,1322,6790.0,2032,6840.0,834,6850.0,6524,6860.0,11601,6870.0,8292,6880.0,22527,2025-05-09 17:20:15.637,,2147483647,1103781,False,nan
8504,1326386,1612334521,MERV - XMEV - GGAL - 24hs,6830.0,2025-05-09 17:20:16,1,2025-05-09 17:20:16.984,6830.0,7057,6820.0,45933,6810.0,2532,6800.0,1322,6790.0,2032,6840.0,834,6850.0,6524,6860.0,11601,6870.0,8292,6880.0,22527,2025-05-09 17:20:16.911,,2147483647,1103781,True,bid
8505,1326483,1612334640,MERV - XMEV - GGAL - 24hs,6830.0,2025-05-09 17:20:16,1,2025-05-09 17:20:17.684,6830.0,7056,6820.0,45933,6810.0,2532,6800.0,1322,6790.0,2032,6840.0,834,6850.0,6524,6860.0,11601,6870.0,8292,6880.0,22527,2025-05-09 17:20:17.576,,2147483647,1103781,False,nan
8506,1326531,1612334696,MERV - XMEV - GGAL - 24hs,6830.0,2025-05-09 17:20:16,1,2025-05-09 17:20:18.260,6830.0,7056,6820.0,45933,6810.0,2532,6800.0,1322,6790.0,2032,6840.0,834,6850.0,6524,6860.0,11601,6870.0,8292,6880.0,22527,2025-05-09 17:20:18.107,,2147483647,1103782,False,nan
8507,1326605,1612334778,MERV - XMEV - GGAL - 24hs,6830.0,2025-05-09 17:20:16,1,2025-05-09 17:20:19.077,6830.0,7056,6820.0,45933,6810.0,2408,6800.0,1322,6790.0,2032,6840.0,834,6850.0,6524,6860.0,11601,6870.0,8292,6880.0,22527,2025-05-09 17:20:19.006,,2147483647,1103782,False,nan
8508,1326729,1612334921,MERV - XMEV - GGAL - 24hs,6830.0,2025-05-09 17:20:16,1,2025-05-09 17:20:20.415,6830.0,7056,6820.0,45933,6810.0,2408,6800.0,1322,6790.0,7032,6840.0,834,6850.0,6524,6860.0,11601,6870.0,8292,6880.0,22527,2025-05-09 17:20:20.336,,2147483647,1103782,False,nan
8509,1326874,1612335121,MERV - XMEV - GGAL - 24hs,6830.0,2025-05-09 17:20:21,294,2025-05-09 17:20:21.991,6830.0,7056,6820.0,45933,6810.0,2408,6800.0,1322,6790.0,7032,6840.0,834,6850.0,6524,6860.0,11601,6870.0,8292,6880.0,22527,2025-05-09 17:20:21.916,,2147483647,1103782,True,bid
8510,1326920,1612335180,MERV - XMEV - GGAL - 24hs,6830.0,2025-05-09 17:20:21,294,2025-05-09 17:20:22.653,6830.0,6762,6820.0,45933,6810.0,2408,6800.0,1322,6790.0,7032,6840.0,834,6850.0,6524,6860.0,11601,6870.0,8292,6880.0,22527,2025-05-09 17:20:22.581,,2147483647,1103782,False,nan
8511,1326963,1612335241,MERV - XMEV - GGAL - 24hs,6830.0,2025-05-09 17:20:21,294,2025-05-09 17:20:23.153,6830.0,6762,6820.0,45933,6810.0,2408,6800.0,1322,6790.0,7032,6840.0,834,6850.0,6524,6860.0,11601,6870.0,8292,6880.0,22527,2025-05-09 17:20:23.082,,2147483647,1104076,False,nan
8512,1327091,1612335437,MERV - XMEV - GGAL - 24hs,6830.0,2025-05-09 17:20:21,294,2025-05-09 17:20:24.603,6830.0,6762,6820.0,30933,6810.0,17408,6800.0,1322,6790.0,2032,6840.0,834,6850.0,6524,6860.0,11601,6870.0,20292,6880.0,10527,2025-05-09 17:20:24.502,,2147483647,1104076,False,nan
8513,1327212,1612335591,MERV - XMEV - GGAL - 24hs,6830.0,2025-05-09 17:20:21,294,2025-05-09 17:20:25.831,6830.0,6762,6820.0,30933,6810.0,17185,6800.0,1322,6790.0,2032,6840.0,834,6850.0,6524,6860.0,11601,6870.0,20292,6880.0,10527,2025-05-09 17:20:25.758,,2147483647,1104076,False,nan
8514,1327372,1612335777,MERV - XMEV - GGAL - 24hs,6830.0,2025-05-09 17:20:21,294,2025-05-09 17:20:27.372,6830.0,6762,6820.0,30933,6810.0,17185,6800.0,1322,6790.0,2032,6840.0,834,6850.0,6524,6860.0,11601,6870.0,10292,6880.0,20527,2025-05-09 17:20:27.253,,2147483647,1104076,False,nan
8515,1327480,1612335917,MERV - XMEV - GGAL - 24hs,6830.0,2025-05-09 17:20:21,294,2025-05-09 17:20:28.295,6830.0,6762,6820.0,30933,6810.0,17185,6800.0,1322,6790.0,2032,6840.0,834,6850.0,6524,6860.0,11601,6870.0,8292,6880.0,22527,2025-05-09 17:20:28.222,,2147483647,1104076,False,nan
8516,1327549,1612336000,MERV - XMEV - GGAL - 24hs,6830.0,2025-05-09 17:20:21,294,2025-05-09 17:20:29.063,6830.0,3762,6820.0,30787,6810.0,17331,6800.0,1322,6790.0,2032,6840.0,834,6850.0,6524,6860.0,11601,6870.0,8292,6880.0,22527,2025-05-09 17:20:28.991,,2147483647,1104076,False,nan
8517,1327721,1612336214,MERV - XMEV - GGAL - 24hs,6830.0,2025-05-09 17:20:21,294,2025-05-09 17:20:30.435,6830.0,1756,6820.0,30787,6810.0,17331,6800.0,1322,6790.0,2032,6840.0,834,6850.0,6524,6860.0,11601,6870.0,8292,6880.0,22527,2025-05-09 17:20:30.363,,2147483647,1104076,False,nan
8518,1327837,1612336361,MERV - XMEV - GGAL - 24hs,6830.0,2025-05-09 17:20:21,294,2025-05-09 17:20:31.450,6830.0,1756,6820.0,30787,6810.0,17678,6800.0,1322,6790.0,2032,6840.0,834,6850.0,6524,6860.0,11601,6870.0,8292,6880.0,22527,2025-05-09 17:20:31.378,,2147483647,1104076,False,nan
8519,1327932,1612336486,MERV - XMEV - GGAL - 24hs,6830.0,2025-05-09 17:20:21,294,2025-05-09 17:20:32.414,6830.0,1756,6820.0,30787,6810.0,17331,6800.0,1322,6790.0,2032,6840.0,834,6850.0,6524,6860.0,11601,6870.0,8292,6880.0,22527,2025-05-09 17:20:32.342,,2147483647,1104076,False,nan
8520,1328145,1612336762,MERV - XMEV - GGAL - 24hs,6830.0,2025-05-09 17:20:21,294,2025-05-09 17:20:34.685,6830.0,1756,6820.0,30933,6810.0,17532,6800.0,1322,6790.0,2032,6840.0,834,6850.0,6524,6860.0,11601,6870.0,8292,6880.0,22527,2025-05-09 17:20:34.613,,2147483647,1104076,False,nan
8521,1328302,1612336951,MERV - XMEV - GGAL - 24hs,6830.0,2025-05-09 17:20:21,294,2025-05-09 17:20:36.572,6830.0,1756,6820.0,31080,6810.0,17532,6800.0,1322,6790.0,2032,6840.0,834,6850.0,6524,6860.0,11601,6870.0,8292,6880.0,22527,2025-05-09 17:20:36.499,,2147483647,1104076,False,nan
8522,1328418,1612337086,MERV - XMEV - GGAL - 24hs,6830.0,2025-05-09 17:20:21,294,2025-05-09 17:20:37.743,6830.0,1756,6820.0,30933,6810.0,17185,6800.0,1322,6790.0,2032,6840.0,834,6850.0,6524,6860.0,11601,6870.0,8292,6880.0,22527,2025-05-09 17:20:37.671,,2147483647,1104076,False,nan
8523,1328494,1612337178,MERV - XMEV - GGAL - 24hs,6830.0,2025-05-09 17:20:21,294,2025-05-09 17:20:38.491,6830.0,1506,6820.0,30787,6810.0,17879,6800.0,1322,6790.0,2032,6840.0,834,6850.0,6524,6860.0,11601,6870.0,8292,6880.0,22527,2025-05-09 17:20:38.418,,2147483647,1104076,False,nan
8524,1328562,1612337259,MERV - XMEV - GGAL - 24hs,6830.0,2025-05-09 17:20:21,294,2025-05-09 17:20:39.294,6830.0,3043,6820.0,30787,6810.0,17879,6800.0,1322,6790.0,2032,6840.0,834,6850.0,6524,6860.0,11601,6870.0,8292,6880.0,22527,2025-05-09 17:20:39.223,,2147483647,1104076,False,nan
8525,1328763,1612337508,MERV - XMEV - GGAL - 24hs,6830.0,2025-05-09 17:20:21,294,2025-05-09 17:20:41.548,6830.0,3043,6820.0,30787,6810.0,18025,6800.0,1322,6790.0,2032,6840.0,834,6850.0,6524,6860.0,11601,6870.0,8292,6880.0,22527,2025-05-09 17:20:41.468,,2147483647,1104076,False,nan
8526,1329069,1612337902,MERV - XMEV - GGAL - 24hs,6830.0,2025-05-09 17:20:21,294,2025-05-09 17:20:45.268,6830.0,3043,6820.0,30787,6810.0,17947,6800.0,1322,6790.0,2032,6840.0,834,6850.0,6524,6860.0,11601,6870.0,8292,6880.0,22527,2025-05-09 17:20:45.196,,2147483647,1104076,False,nan
8527,1329121,1612337973,MERV - XMEV - GGAL - 24hs,6830.0,2025-05-09 17:20:21,294,2025-05-09 17:20:46.251,6830.0,3063,6820.0,30787,6810.0,17947,6800.0,1322,6790.0,2032,6840.0,834,6850.0,5061,6860.0,11601,6870.0,8292,6880.0,22527,2025-05-09 17:20:46.179,,2147483647,1104076,False,nan
8528,1329262,1612338167,MERV - XMEV - GGAL - 24hs,6830.0,2025-05-09 17:20:21,294,2025-05-09 17:20:48.261,6830.0,3063,6820.0,30933,6810.0,17800,6800.0,1322,6790.0,2032,6840.0,834,6850.0,5061,6860.0,11601,6870.0,8292,6880.0,22527,2025-05-09 17:20:48.188,,2147483647,1104076,False,nan
8529,1329374,1612338306,MERV - XMEV - GGAL - 24hs,6830.0,2025-05-09 17:20:21,294,2025-05-09 17:20:49.876,6830.0,3063,6820.0,30933,6810.0,17879,6800.0,1322,6790.0,2032,6840.0,834,6850.0,5061,6860.0,11601,6870.0,8292,6880.0,22527,2025-05-09 17:20:49.771,,2147483647,1104076,False,nan
8530,1329890,1612339043,MERV - XMEV - GGAL - 24hs,6840.0,2025-05-09 17:20:55,2,2025-05-09 17:20:55.726,6830.0,3063,6820.0,30933,6810.0,17879,6800.0,1322,6790.0,2032,6840.0,834,6850.0,5061,6860.0,11601,6870.0,8292,6880.0,22527,2025-05-09 17:20:55.652,,2147483647,1104076,True,offer
8531,1329935,1612339096,MERV - XMEV - GGAL - 24hs,6840.0,2025-05-09 17:20:55,2,2025-05-09 17:20:56.226,6830.0,3063,6820.0,30933,6810.0,18919,6800.0,1322,6790.0,2032,6840.0,832,6850.0,5061,6860.0,11601,6870.0,8292,6880.0,22527,2025-05-09 17:20:56.152,,2147483647,1104076,False,nan
8532,1330038,1612339241,MERV - XMEV - GGAL - 24hs,6840.0,2025-05-09 17:20:55,2,2025-05-09 17:20:56.783,6830.0,3063,6820.0,30933,6810.0,18919,6800.0,1322,6790.0,2032,6840.0,832,6850.0,5061,6860.0,11601,6870.0,8292,6880.0,22527,2025-05-09 17:20:56.653,,2147483647,1104078,False,nan
8533,1330205,1612339435,MERV - XMEV - GGAL - 24hs,6830.0,2025-05-09 17:20:58,3,2025-05-09 17:20:58.460,6830.0,3063,6820.0,30933,6810.0,18919,6800.0,1322,6790.0,2032,6840.0,832,6850.0,5061,6860.0,11601,6870.0,8292,6880.0,22527,2025-05-09 17:20:58.387,,2147483647,1104078,True,bid
8534,1330296,1612339566,MERV - XMEV - GGAL - 24hs,6830.0,2025-05-09 17:20:58,3,2025-05-09 17:20:59.133,6830.0,3060,6820.0,30787,6810.0,19065,6800.0,1322,6790.0,2032,6840.0,832,6850.0,5061,6860.0,11601,6870.0,8292,6880.0,22527,2025-05-09 17:20:59.057,,2147483647,1104078,False,nan
8535,1330360,1612339656,MERV - XMEV - GGAL - 24hs,6830.0,2025-05-09 17:20:58,3,2025-05-09 17:20:59.637,6830.0,3060,6820.0,30787,6810.0,19065,6800.0,1322,6790.0,2032,6840.0,832,6850.0,5061,6860.0,11601,6870.0,8292,6880.0,22527,2025-05-09 17:20:59.556,,2147483647,1104081,False,nan
8536,1330432,1612339743,MERV - XMEV - GGAL - 24hs,6830.0,2025-05-09 17:20:58,3,2025-05-09 17:21:00.470,6830.0,3060,6820.0,30787,6810.0,18718,6800.0,1322,6790.0,2032,6840.0,832,6850.0,5061,6860.0,11601,6870.0,8292,6880.0,22527,2025-05-09 17:21:00.398,,2147483647,1104081,False,nan
8537,1330583,1612339952,MERV - XMEV - GGAL - 24hs,6830.0,2025-05-09 17:21:01,97,2025-05-09 17:21:01.825,6830.0,3060,6820.0,30787,6810.0,18718,6800.0,1322,6790.0,2032,6840.0,832,6850.0,5061,6860.0,11601,6870.0,8292,6880.0,22527,2025-05-09 17:21:01.740,,2147483647,1104081,True,bid
8538,1330623,1612340004,MERV - XMEV - GGAL - 24hs,6830.0,2025-05-09 17:21:01,15,2025-05-09 17:21:02.312,6830.0,3060,6820.0,30787,6810.0,18718,6800.0,1322,6790.0,2032,6840.0,832,6850.0,5061,6860.0,11601,6870.0,8292,6880.0,22527,2025-05-09 17:21:02.240,,2147483647,1104081,False,nan
8539,1330684,1612340080,MERV - XMEV - GGAL - 24hs,6830.0,2025-05-09 17:21:01,15,2025-05-09 17:21:02.816,6830.0,2948,6820.0,30933,6810.0,18572,6800.0,1322,6790.0,2032,6840.0,832,6850.0,5061,6860.0,11601,6870.0,8292,6880.0,22527,2025-05-09 17:21:02.740,,2147483647,1104193,False,nan
8540,1330857,1612340291,MERV - XMEV - GGAL - 24hs,6840.0,2025-05-09 17:21:04,4,2025-05-09 17:21:04.996,6830.0,2948,6820.0,30933,6810.0,18572,6800.0,1322,6790.0,2032,6840.0,832,6850.0,5061,6860.0,11601,6870.0,8292,6880.0,22527,2025-05-09 17:21:04.923,,2147483647,1104193,True,offer
8541,1330899,1612340355,MERV - XMEV - GGAL - 24hs,6840.0,2025-05-09 17:21:04,4,2025-05-09 17:21:05.552,6830.0,2948,6820.0,30933,6810.0,18572,6800.0,1322,6790.0,2032,6840.0,828,6850.0,5061,6860.0,11601,6870.0,8292,6880.0,22527,2025-05-09 17:21:05.480,,2147483647,1104193,False,nan
8542,1330926,1612340391,MERV - XMEV - GGAL - 24hs,6830.0,2025-05-09 17:21:05,5,2025-05-09 17:21:06.053,6830.0,2948,6820.0,30933,6810.0,18572,6800.0,1322,6790.0,2032,6840.0,828,6850.0,5061,6860.0,11601,6870.0,8292,6880.0,22527,2025-05-09 17:21:05.981,,2147483647,1104197,True,bid
8543,1330964,1612340440,MERV - XMEV - GGAL - 24hs,6830.0,2025-05-09 17:21:05,5,2025-05-09 17:21:06.626,6830.0,2943,6820.0,30933,6810.0,18572,6800.0,1322,6790.0,2032,6840.0,828,6850.0,5061,6860.0,11601,6870.0,8292,6880.0,22527,2025-05-09 17:21:06.554,,2147483647,1104197,False,nan
8544,1330999,1612340484,MERV - XMEV - GGAL - 24hs,6830.0,2025-05-09 17:21:05,5,2025-05-09 17:21:07.127,6830.0,2943,6820.0,30933,6810.0,18572,6800.0,1322,6790.0,2032,6840.0,828,6850.0,5061,6860.0,11601,6870.0,8292,6880.0,22527,2025-05-09 17:21:07.054,,2147483647,1104202,False,nan
8545,1331404,1612340990,MERV - XMEV - GGAL - 24hs,6830.0,2025-05-09 17:21:05,5,2025-05-09 17:21:09.108,6830.0,2943,6820.0,31628,6810.0,16840,6800.0,1322,6790.0,2032,6840.0,828,6850.0,5061,6860.0,11601,6870.0,8292,6880.0,22527,2025-05-09 17:21:08.721,,2147483647,1104202,False,nan
8546,1331935,1612341742,MERV - XMEV - GGAL - 24hs,6840.0,2025-05-09 17:21:12,2,2025-05-09 17:21:12.281,6830.0,2943,6820.0,31628,6810.0,16840,6800.0,1322,6790.0,2032,6840.0,828,6850.0,5061,6860.0,11601,6870.0,8292,6880.0,22527,2025-05-09 17:21:12.207,,2147483647,1104202,True,offer
8547,1332028,1612341861,MERV - XMEV - GGAL - 24hs,6840.0,2025-05-09 17:21:12,2,2025-05-09 17:21:12.960,6830.0,2943,6820.0,31775,6810.0,16840,6800.0,1322,6790.0,2032,6840.0,826,6850.0,5061,6860.0,11601,6870.0,8292,6880.0,22527,2025-05-09 17:21:12.865,,2147483647,1104202,False,nan
8548,1332132,1612341981,MERV - XMEV - GGAL - 24hs,6840.0,2025-05-09 17:21:12,2,2025-05-09 17:21:13.446,6830.0,2943,6820.0,31775,6810.0,16840,6800.0,1322,6790.0,2032,6840.0,826,6850.0,5061,6860.0,11601,6870.0,8292,6880.0,22527,2025-05-09 17:21:13.365,,2147483647,1104204,False,nan
8549,1332583,1612342555,MERV - XMEV - GGAL - 24hs,6840.0,2025-05-09 17:21:16,6,2025-05-09 17:21:16.756,6830.0,2943,6820.0,31775,6810.0,16840,6800.0,1322,6790.0,2032,6840.0,826,6850.0,5061,6860.0,11601,6870.0,8292,6880.0,22527,2025-05-09 17:21:16.682,,2147483647,1104204,True,offer
8550,1332648,1612342644,MERV - XMEV - GGAL - 24hs,6840.0,2025-05-09 17:21:16,6,2025-05-09 17:21:17.465,6830.0,2943,6820.0,31775,6810.0,16840,6800.0,1322,6790.0,2032,6840.0,826,6850.0,5061,6860.0,11601,6870.0,8292,6880.0,22527,2025-05-09 17:21:17.393,,2147483647,1104210,False,nan
8551,1332694,1612342701,MERV - XMEV - GGAL - 24hs,6840.0,2025-05-09 17:21:16,6,2025-05-09 17:21:17.979,6830.0,2943,6820.0,31775,6810.0,16840,6800.0,1322,6790.0,2032,6840.0,820,6850.0,5061,6860.0,11601,6870.0,8292,6880.0,22527,2025-05-09 17:21:17.892,,2147483647,1104210,False,nan
8552,1334858,1612345439,MERV - XMEV - GGAL - 24hs,6840.0,2025-05-09 17:21:29,10,2025-05-09 17:21:30.158,6830.0,2943,6820.0,31775,6810.0,16840,6800.0,1322,6790.0,2032,6840.0,820,6850.0,5061,6860.0,11601,6870.0,8292,6880.0,22527,2025-05-09 17:21:29.883,,2147483647,1104210,True,offer
8553,1334958,1612345574,MERV - XMEV - GGAL - 24hs,6840.0,2025-05-09 17:21:29,10,2025-05-09 17:21:30.572,6830.0,3235,6820.0,31482,6810.0,16840,6800.0,1322,6790.0,2032,6840.0,810,6850.0,5061,6860.0,11601,6870.0,8292,6880.0,22527,2025-05-09 17:21:30.169,,2147483647,1104210,False,nan
8554,1335043,1612345698,MERV - XMEV - GGAL - 24hs,6840.0,2025-05-09 17:21:29,10,2025-05-09 17:21:30.941,6830.0,3235,6820.0,31482,6810.0,16840,6800.0,1322,6790.0,2032,6840.0,810,6850.0,5061,6860.0,11601,6870.0,8292,6880.0,22527,2025-05-09 17:21:30.670,,2147483647,1104220,False,nan
8555,1335211,1612345879,MERV - XMEV - GGAL - 24hs,6840.0,2025-05-09 17:21:29,10,2025-05-09 17:21:31.491,6830.0,3443,6820.0,31775,6810.0,16840,6800.0,1322,6790.0,2032,6840.0,810,6850.0,5061,6860.0,11601,6870.0,8292,6880.0,12527,2025-05-09 17:21:31.263,,2147483647,1104220,False,nan
8556,1335354,1612346048,MERV - XMEV - GGAL - 24hs,6840.0,2025-05-09 17:21:29,10,2025-05-09 17:21:32.348,6830.0,3735,6820.0,31482,6810.0,16840,6800.0,1322,6790.0,2032,6840.0,810,6850.0,5061,6860.0,11601,6870.0,8292,6880.0,12527,2025-05-09 17:21:32.268,,2147483647,1104220,False,nan
8557,1335554,1612346299,MERV - XMEV - GGAL - 24hs,6840.0,2025-05-09 17:21:29,10,2025-05-09 17:21:33.200,6830.0,3443,6820.0,31775,6810.0,16840,6800.0,1322,6790.0,2032,6840.0,810,6850.0,5061,6860.0,11601,6870.0,8292,6880.0,12527,2025-05-09 17:21:33.018,,2147483647,1104220,False,nan
8558,1335769,1612346558,MERV - XMEV - GGAL - 24hs,6840.0,2025-05-09 17:21:29,10,2025-05-09 17:21:34.416,6830.0,3443,6820.0,31575,6810.0,17140,6800.0,1322,6790.0,2032,6840.0,810,6850.0,5061,6860.0,11601,6870.0,8292,6880.0,12527,2025-05-09 17:21:34.324,,2147483647,1104220,False,nan
8559,1335826,1612346650,MERV - XMEV - GGAL - 24hs,6830.0,2025-05-09 17:21:34,2,2025-05-09 17:21:34.897,6830.0,3443,6820.0,31575,6810.0,17140,6800.0,1322,6790.0,2032,6840.0,810,6850.0,5061,6860.0,11601,6870.0,8292,6880.0,12527,2025-05-09 17:21:34.824,,2147483647,1104220,True,bid
8560,1335888,1612346725,MERV - XMEV - GGAL - 24hs,6830.0,2025-05-09 17:21:34,2,2025-05-09 17:21:35.451,6830.0,3441,6820.0,31575,6810.0,17140,6800.0,1322,6790.0,2032,6840.0,810,6850.0,5061,6860.0,11601,6870.0,8292,6880.0,12527,2025-05-09 17:21:35.326,,2147483647,1104222,False,nan
8561,1336037,1612346917,MERV - XMEV - GGAL - 24hs,6830.0,2025-05-09 17:21:34,2,2025-05-09 17:21:36.054,6830.0,3441,6820.0,31554,6810.0,17140,6800.0,1322,6790.0,2032,6840.0,810,6850.0,5061,6860.0,11601,6870.0,8292,6880.0,12527,2025-05-09 17:21:35.981,,2147483647,1104222,False,nan
8562,1336372,1612347341,MERV - XMEV - GGAL - 24hs,6830.0,2025-05-09 17:21:34,2,2025-05-09 17:21:37.984,6830.0,3441,6820.0,31575,6810.0,17140,6800.0,1322,6790.0,2032,6840.0,810,6850.0,5061,6860.0,11601,6870.0,8292,6880.0,12527,2025-05-09 17:21:37.894,,2147483647,1104222,False,nan
8563,1336974,1612348164,MERV - XMEV - GGAL - 24hs,6840.0,2025-05-09 17:21:42,3,2025-05-09 17:21:42.388,6830.0,3441,6820.0,31575,6810.0,17140,6800.0,1322,6790.0,2032,6840.0,810,6850.0,5061,6860.0,11601,6870.0,8292,6880.0,12527,2025-05-09 17:21:42.315,,2147483647,1104222,True,offer
8564,1337073,1612348274,MERV - XMEV - GGAL - 24hs,6840.0,2025-05-09 17:21:42,3,2025-05-09 17:21:43.061,6830.0,3983,6820.0,31282,6810.0,17140,6800.0,1322,6790.0,2032,6840.0,807,6850.0,5061,6860.0,11601,6870.0,8292,6880.0,12527,2025-05-09 17:21:42.981,,2147483647,1104222,False,nan
8565,1337143,1612348351,MERV - XMEV - GGAL - 24hs,6840.0,2025-05-09 17:21:42,3,2025-05-09 17:21:43.559,6830.0,3983,6820.0,31282,6810.0,17140,6800.0,1322,6790.0,2032,6840.0,807,6850.0,5061,6860.0,11601,6870.0,8292,6880.0,12527,2025-05-09 17:21:43.481,,2147483647,1104225,False,nan
8566,1337253,1612348499,MERV - XMEV - GGAL - 24hs,6840.0,2025-05-09 17:21:43,302,2025-05-09 17:21:44.163,6830.0,3983,6820.0,31282,6810.0,17140,6800.0,1322,6790.0,2032,6840.0,807,6850.0,5061,6860.0,11601,6870.0,8292,6880.0,12527,2025-05-09 17:21:44.045,,2147483647,1104225,True,offer
8567,1337461,1612348753,MERV - XMEV - GGAL - 24hs,6840.0,2025-05-09 17:21:44,292,2025-05-09 17:21:45.587,6830.0,3983,6820.0,31282,6810.0,17140,6800.0,1322,6790.0,2032,6840.0,807,6850.0,5061,6860.0,11601,6870.0,8292,6880.0,12527,2025-05-09 17:21:44.897,,2147483647,1104527,True,offer
8568,1337577,1612348902,MERV - XMEV - GGAL - 24hs,6840.0,2025-05-09 17:21:44,36,2025-05-09 17:21:46.031,6830.0,3691,6820.0,31282,6810.0,17140,6800.0,1322,6790.0,2032,6840.0,177,6850.0,5061,6860.0,11601,6870.0,8292,6880.0,12527,2025-05-09 17:21:45.137,,2147483647,1104855,False,nan
8569,1337772,1612349140,MERV - XMEV - GGAL - 24hs,6840.0,2025-05-09 17:21:44,36,2025-05-09 17:21:46.771,6830.0,3691,6820.0,31282,6810.0,17140,6800.0,1322,6790.0,2032,6840.0,177,6850.0,5076,6860.0,11601,6870.0,8292,6880.0,12527,2025-05-09 17:21:46.547,,2147483647,1104855,False,nan
8570,1339576,1612351412,MERV - XMEV - GGAL - 24hs,6840.0,2025-05-09 17:21:44,36,2025-05-09 17:21:56.404,6830.0,3691,6820.0,31282,6810.0,17140,6800.0,1322,6790.0,2032,6840.0,177,6850.0,5076,6860.0,11601,6870.0,8292,6880.0,10527,2025-05-09 17:21:55.205,,2147483647,1104855,False,nan
8571,1339930,1612351859,MERV - XMEV - GGAL - 24hs,6840.0,2025-05-09 17:21:44,36,2025-05-09 17:21:57.744,6830.0,3691,6820.0,32282,6810.0,16140,6800.0,1322,6790.0,2032,6840.0,177,6850.0,5076,6860.0,11601,6870.0,8292,6880.0,10527,2025-05-09 17:21:57.419,,2147483647,1104855,False,nan
8572,1340009,1612351970,MERV - XMEV - GGAL - 24hs,6840.0,2025-05-09 17:21:44,36,2025-05-09 17:21:58.200,6830.0,3671,6820.0,31282,6810.0,17140,6800.0,1322,6790.0,2032,6840.0,177,6850.0,5076,6860.0,11601,6870.0,8292,6880.0,22527,2025-05-09 17:21:58.123,,2147483647,1104855,False,nan
8573,1340221,1612352224,MERV - XMEV - GGAL - 24hs,6840.0,2025-05-09 17:21:44,36,2025-05-09 17:21:59.692,6830.0,3671,6820.0,24232,6810.0,24190,6800.0,1322,6790.0,2032,6840.0,177,6850.0,5076,6860.0,11601,6870.0,8292,6880.0,20527,2025-05-09 17:21:59.569,,2147483647,1104855,False,nan
8574,1340775,1612352895,MERV - XMEV - GGAL - 24hs,6840.0,2025-05-09 17:21:44,36,2025-05-09 17:22:02.126,6830.0,3671,6820.0,25232,6810.0,23190,6800.0,1322,6790.0,2032,6840.0,177,6850.0,5076,6860.0,11601,6870.0,8292,6880.0,20527,2025-05-09 17:22:01.605,,2147483647,1104855,False,nan
8575,1341105,1612353369,MERV - XMEV - GGAL - 24hs,6840.0,2025-05-09 17:22:02,102,2025-05-09 17:22:03.590,6830.0,3671,6820.0,25232,6810.0,23190,6800.0,1322,6790.0,2032,6840.0,177,6850.0,5076,6860.0,11601,6870.0,8292,6880.0,20527,2025-05-09 17:22:02.728,,2147483647,1104855,True,offer
8576,1341227,1612353521,MERV - XMEV - GGAL - 24hs,6840.0,2025-05-09 17:22:02,102,2025-05-09 17:22:04.064,6830.0,3671,6820.0,25232,6810.0,23190,6800.0,1322,6790.0,2032,6840.0,75,6850.0,5076,6860.0,11601,6870.0,8292,6880.0,20527,2025-05-09 17:22:03.221,,2147483647,1104855,False,nan
8577,1341347,1612353667,MERV - XMEV - GGAL - 24hs,6840.0,2025-05-09 17:22:02,102,2025-05-09 17:22:04.512,6830.0,3671,6820.0,25232,6810.0,23190,6800.0,1322,6790.0,2032,6840.0,75,6850.0,5076,6860.0,11601,6870.0,8292,6880.0,20527,2025-05-09 17:22:03.722,,2147483647,1104957,False,nan
8578,1341592,1612353966,MERV - XMEV - GGAL - 24hs,6840.0,2025-05-09 17:22:04,2,2025-05-09 17:22:05.427,6830.0,3671,6820.0,25232,6810.0,23190,6800.0,1322,6790.0,2032,6840.0,75,6850.0,5076,6860.0,11601,6870.0,8292,6880.0,20527,2025-05-09 17:22:04.417,,2147483647,1104957,True,offer
8579,1341715,1612354115,MERV - XMEV - GGAL - 24hs,6840.0,2025-05-09 17:22:04,18,2025-05-09 17:22:05.889,6830.0,3671,6820.0,25332,6810.0,22890,6800.0,1322,6790.0,2032,6840.0,73,6850.0,5076,6860.0,11601,6870.0,8292,6880.0,20527,2025-05-09 17:22:04.942,,2147483647,1104959,False,nan
8580,1341805,1612354236,MERV - XMEV - GGAL - 24hs,6830.0,2025-05-09 17:22:05,74,2025-05-09 17:22:06.272,6830.0,3671,6820.0,25332,6810.0,22890,6800.0,1322,6790.0,2032,6840.0,55,6850.0,5076,6860.0,11601,6870.0,8292,6880.0,20527,2025-05-09 17:22:05.437,,2147483647,1104977,True,bid
8581,1341902,1612354351,MERV - XMEV - GGAL - 24hs,6830.0,2025-05-09 17:22:05,74,2025-05-09 17:22:06.643,6830.0,3597,6820.0,25332,6810.0,22890,6800.0,1322,6790.0,2032,6840.0,55,6850.0,5076,6860.0,11601,6870.0,8292,6880.0,20527,2025-05-09 17:22:06.117,,2147483647,1104977,False,nan
8582,1342046,1612354537,MERV - XMEV - GGAL - 24hs,6840.0,2025-05-09 17:22:06,2,2025-05-09 17:22:07.195,6830.0,3597,6820.0,25332,6810.0,22890,6800.0,1322,6790.0,2032,6840.0,55,6850.0,5076,6860.0,11601,6870.0,8292,6880.0,20527,2025-05-09 17:22:06.618,,2147483647,1105051,True,offer
8583,1342194,1612354736,MERV - XMEV - GGAL - 24hs,6840.0,2025-05-09 17:22:06,2,2025-05-09 17:22:07.800,6830.0,3597,6820.0,24637,6810.0,22890,6800.0,1680,6790.0,2032,6840.0,53,6850.0,5076,6860.0,11601,6870.0,8292,6880.0,20527,2025-05-09 17:22:07.162,,2147483647,1105051,False,nan
8584,1342289,1612354866,MERV - XMEV - GGAL - 24hs,6840.0,2025-05-09 17:22:06,2,2025-05-09 17:22:08.195,6830.0,3597,6820.0,24637,6810.0,22890,6800.0,1680,6790.0,2032,6840.0,53,6850.0,5076,6860.0,11601,6870.0,8292,6880.0,20527,2025-05-09 17:22:07.659,,2147483647,1105053,False,nan
8585,1342380,1612354970,MERV - XMEV - GGAL - 24hs,6840.0,2025-05-09 17:22:06,2,2025-05-09 17:22:08.508,6830.0,3597,6820.0,24637,6810.0,23235,6800.0,1322,6790.0,2032,6840.0,53,6850.0,5076,6860.0,11601,6870.0,8292,6880.0,20527,2025-05-09 17:22:08.189,,2147483647,1105053,False,nan
8586,1342617,1612355292,MERV - XMEV - GGAL - 24hs,6840.0,2025-05-09 17:22:06,2,2025-05-09 17:22:09.969,6830.0,3597,6820.0,19287,6810.0,28585,6800.0,1322,6790.0,2179,6840.0,53,6850.0,5076,6860.0,11601,6870.0,8292,6880.0,20527,2025-05-09 17:22:09.896,,2147483647,1105053,False,nan
8587,1342753,1612355490,MERV - XMEV - GGAL - 24hs,6840.0,2025-05-09 17:22:06,2,2025-05-09 17:22:11.039,6830.0,3597,6820.0,19287,6810.0,28585,6800.0,1322,6790.0,2179,6840.0,53,6850.0,5076,6860.0,11601,6870.0,8292,6880.0,10527,2025-05-09 17:22:10.942,,2147483647,1105053,False,nan
8588,1342976,1612355766,MERV - XMEV - GGAL - 24hs,6840.0,2025-05-09 17:22:06,2,2025-05-09 17:22:11.975,6830.0,3597,6820.0,19287,6810.0,28589,6800.0,1322,6790.0,2179,6840.0,53,6850.0,5076,6860.0,11601,6870.0,8292,6880.0,10527,2025-05-09 17:22:11.871,,2147483647,1105053,False,nan
8589,1343088,1612355910,MERV - XMEV - GGAL - 24hs,6840.0,2025-05-09 17:22:06,2,2025-05-09 17:22:12.884,6830.0,3597,6820.0,19387,6810.0,28589,6800.0,1322,6790.0,2179,6840.0,53,6850.0,5076,6860.0,11601,6870.0,8292,6880.0,10527,2025-05-09 17:22:12.811,,2147483647,1105053,False,nan
8590,1343291,1612356195,MERV - XMEV - GGAL - 24hs,6840.0,2025-05-09 17:22:06,2,2025-05-09 17:22:13.803,6830.0,3597,6820.0,19387,6810.0,34201,6800.0,1322,6790.0,2179,6840.0,53,6850.0,5076,6860.0,11601,6870.0,8292,6880.0,10527,2025-05-09 17:22:13.629,,2147483647,1105053,False,nan
8591,1343665,1612356737,MERV - XMEV - GGAL - 24hs,6840.0,2025-05-09 17:22:06,2,2025-05-09 17:22:16.108,6830.0,3597,6820.0,26036,6810.0,28240,6800.0,1322,6790.0,2179,6840.0,53,6850.0,5076,6860.0,11601,6870.0,8292,6880.0,10527,2025-05-09 17:22:15.676,,2147483647,1105053,False,nan
8592,1343825,1612356966,MERV - XMEV - GGAL - 24hs,6840.0,2025-05-09 17:22:06,2,2025-05-09 17:22:16.811,6830.0,3597,6820.0,22570,6810.0,28240,6800.0,1322,6790.0,2179,6840.0,53,6850.0,5076,6860.0,11601,6870.0,8292,6880.0,10527,2025-05-09 17:22:16.597,,2147483647,1105053,False,nan
8593,1343957,1612357142,MERV - XMEV - GGAL - 24hs,6840.0,2025-05-09 17:22:06,2,2025-05-09 17:22:17.655,6830.0,3597,6820.0,22570,6810.0,28240,6800.0,1322,6790.0,2032,6840.0,53,6850.0,5076,6860.0,11601,6870.0,8292,6880.0,10527,2025-05-09 17:22:17.566,,2147483647,1105053,False,nan
8594,1344499,1612357821,MERV - XMEV - GGAL - 24hs,6840.0,2025-05-09 17:22:06,2,2025-05-09 17:22:21.029,6830.0,3597,6820.0,22570,6810.0,28240,6800.0,1322,6790.0,2032,6840.0,53,6850.0,5076,6860.0,11601,6870.0,8292,6880.0,12527,2025-05-09 17:22:20.953,,2147483647,1105053,False,nan
8595,1344924,1612358377,MERV - XMEV - GGAL - 24hs,6840.0,2025-05-09 17:22:06,2,2025-05-09 17:22:23.164,6830.0,4635,6820.0,19387,6810.0,28240,6800.0,1322,6790.0,2032,6840.0,53,6850.0,5076,6860.0,11601,6870.0,8292,6880.0,12527,2025-05-09 17:22:22.677,,2147483647,1105053,False,nan
8596,1345337,1612358924,MERV - XMEV - GGAL - 24hs,6840.0,2025-05-09 17:22:06,2,2025-05-09 17:22:25.724,6830.0,4635,6820.0,14009,6810.0,37618,6800.0,1322,6790.0,2032,6840.0,53,6850.0,5076,6860.0,11601,6870.0,8292,6880.0,12527,2025-05-09 17:22:25.648,,2147483647,1105053,False,nan
8597,1345888,1612359637,MERV - XMEV - GGAL - 24hs,6840.0,2025-05-09 17:22:06,2,2025-05-09 17:22:28.980,6830.0,4635,6820.0,13009,6810.0,23618,6800.0,16322,6790.0,2032,6840.0,53,6850.0,5076,6860.0,11601,6870.0,8292,6880.0,12527,2025-05-09 17:22:28.586,,2147483647,1105053,False,nan
8598,1346227,1612360054,MERV - XMEV - GGAL - 24hs,6840.0,2025-05-09 17:22:06,2,2025-05-09 17:22:30.248,6830.0,4635,6820.0,13009,6810.0,22618,6800.0,17322,6790.0,2032,6840.0,53,6850.0,5076,6860.0,11601,6870.0,8292,6880.0,12527,2025-05-09 17:22:29.838,,2147483647,1105053,False,nan
8599,1346526,1612360451,MERV - XMEV - GGAL - 24hs,6840.0,2025-05-09 17:22:06,2,2025-05-09 17:22:31.499,6830.0,4635,6820.0,13009,6810.0,22618,6800.0,1322,6790.0,18032,6840.0,53,6850.0,5076,6860.0,11601,6870.0,8292,6880.0,12527,2025-05-09 17:22:31.149,,2147483647,1105053,False,nan
8600,1347089,1612361135,MERV - XMEV - GGAL - 24hs,6840.0,2025-05-09 17:22:06,2,2025-05-09 17:22:33.626,6830.0,3597,6820.0,15152,6810.0,22618,6800.0,1322,6790.0,18032,6840.0,53,6850.0,5076,6860.0,11601,6870.0,8292,6880.0,22527,2025-05-09 17:22:32.571,,2147483647,1105053,False,nan
8601,1347430,1612361551,MERV - XMEV - GGAL - 24hs,6840.0,2025-05-09 17:22:06,2,2025-05-09 17:22:34.915,6830.0,3597,6820.0,13009,6810.0,25455,6800.0,1322,6790.0,18032,6840.0,53,6850.0,5076,6860.0,11601,6870.0,8292,6880.0,22527,2025-05-09 17:22:33.349,,2147483647,1105053,False,nan
8602,1347643,1612361811,MERV - XMEV - GGAL - 24hs,6840.0,2025-05-09 17:22:31,43,2025-05-09 17:22:35.731,6830.0,3597,6820.0,13009,6810.0,25455,6800.0,1322,6790.0,18032,6840.0,53,6850.0,5076,6860.0,11601,6870.0,8292,6880.0,22527,2025-05-09 17:22:33.846,,2147483647,1105053,True,offer
8603,1347854,1612362055,MERV - XMEV - GGAL - 24hs,6840.0,2025-05-09 17:22:31,43,2025-05-09 17:22:36.490,6830.0,3597,6820.0,13009,6810.0,22618,6800.0,1337,6790.0,3032,6840.0,10,6850.0,5076,6860.0,11601,6870.0,8292,6880.0,22527,2025-05-09 17:22:34.345,,2147483647,1105096,False,nan
8604,1348036,1612362284,MERV - XMEV - GGAL - 24hs,6840.0,2025-05-09 17:22:31,43,2025-05-09 17:22:37.188,6830.0,3597,6820.0,3594,6810.0,32033,6800.0,1337,6790.0,3032,6840.0,10,6850.0,5076,6860.0,11601,6870.0,10292,6880.0,20527,2025-05-09 17:22:34.935,,2147483647,1105096,False,nan
8605,1348918,1612363354,MERV - XMEV - GGAL - 24hs,6840.0,2025-05-09 17:22:31,43,2025-05-09 17:22:40.471,6830.0,3347,6820.0,3594,6810.0,32033,6800.0,1337,6790.0,3032,6840.0,10,6850.0,5076,6860.0,11601,6870.0,10292,6880.0,20527,2025-05-09 17:22:39.051,,2147483647,1105096,False,nan
8606,1349159,1612363652,MERV - XMEV - GGAL - 24hs,6840.0,2025-05-09 17:22:31,43,2025-05-09 17:22:41.403,6830.0,3451,6820.0,3594,6810.0,32033,6800.0,1337,6790.0,3032,6840.0,10,6850.0,5076,6860.0,11601,6870.0,10292,6880.0,20527,2025-05-09 17:22:41.008,,2147483647,1105096,False,nan
8607,1349366,1612363914,MERV - XMEV - GGAL - 24hs,6840.0,2025-05-09 17:22:31,43,2025-05-09 17:22:42.634,6830.0,3451,6820.0,3594,6810.0,32033,6800.0,1337,6790.0,3179,6840.0,10,6850.0,5076,6860.0,11601,6870.0,10292,6880.0,20527,2025-05-09 17:22:42.561,,2147483647,1105096,False,nan
8608,1349561,1612364159,MERV - XMEV - GGAL - 24hs,6840.0,2025-05-09 17:22:31,43,2025-05-09 17:22:43.551,6830.0,3451,6820.0,3594,6810.0,32033,6800.0,1337,6790.0,3032,6840.0,10,6850.0,5076,6860.0,11601,6870.0,10292,6880.0,20527,2025-05-09 17:22:43.420,,2147483647,1105096,False,nan
8609,1349844,1612364503,MERV - XMEV - GGAL - 24hs,6840.0,2025-05-09 17:22:44,10,2025-05-09 17:22:44.589,6830.0,3451,6820.0,3594,6810.0,32033,6800.0,1337,6790.0,3032,6840.0,10,6850.0,5076,6860.0,11601,6870.0,10292,6880.0,20527,2025-05-09 17:22:44.086,,2147483647,1105096,True,offer
8610,1349912,1612364599,MERV - XMEV - GGAL - 24hs,6850.0,2025-05-09 17:22:44,33,2025-05-09 17:22:45.015,6830.0,3451,6820.0,3594,6810.0,32033,6800.0,1337,6790.0,3032,6850.0,5043,6860.0,11601,6870.0,10292,6880.0,20527,6890.0,13146,2025-05-09 17:22:44.687,,2147483647,1105096,False,nan
8611,1350018,1612364733,MERV - XMEV - GGAL - 24hs,6850.0,2025-05-09 17:22:44,33,2025-05-09 17:22:45.419,6830.0,3451,6820.0,3594,6810.0,32033,6800.0,1337,6790.0,3179,6850.0,5119,6860.0,11601,6870.0,10292,6880.0,20527,6890.0,13139,2025-05-09 17:22:45.086,,2147483647,1105139,False,nan
8612,1350280,1612365075,MERV - XMEV - GGAL - 24hs,6850.0,2025-05-09 17:22:44,33,2025-05-09 17:22:46.867,6830.0,3451,6820.0,3594,6810.0,32033,6800.0,2337,6790.0,17032,6850.0,5119,6860.0,11601,6870.0,10292,6880.0,20527,6890.0,13139,2025-05-09 17:22:46.728,,2147483647,1105139,False,nan
8613,1351517,1612366637,MERV - XMEV - GGAL - 24hs,6850.0,2025-05-09 17:22:44,33,2025-05-09 17:22:51.932,6840.0,20,6830.0,3451,6820.0,3594,6810.0,32033,6800.0,2337,6850.0,5043,6860.0,11601,6870.0,10292,6880.0,20527,6890.0,13146,2025-05-09 17:22:51.845,,2147483647,1105139,False,nan
8614,1351876,1612367057,MERV - XMEV - GGAL - 24hs,6840.0,2025-05-09 17:22:53,20,2025-05-09 17:22:54.030,6840.0,20,6830.0,3451,6820.0,3594,6810.0,32033,6800.0,2337,6850.0,5043,6860.0,11601,6870.0,10292,6880.0,20527,6890.0,13146,2025-05-09 17:22:53.957,,2147483647,1105139,True,bid
8615,1352032,1612367251,MERV - XMEV - GGAL - 24hs,6840.0,2025-05-09 17:22:53,20,2025-05-09 17:22:54.726,6830.0,3451,6820.0,3594,6810.0,32033,6800.0,17337,6790.0,2032,6850.0,5119,6860.0,11601,6870.0,10292,6880.0,20527,6890.0,13139,2025-05-09 17:22:54.607,,2147483647,1105139,False,nan
8616,1352093,1612367328,MERV - XMEV - GGAL - 24hs,6840.0,2025-05-09 17:22:53,20,2025-05-09 17:22:55.199,6830.0,3451,6820.0,3594,6810.0,32033,6800.0,17337,6790.0,2032,6850.0,5119,6860.0,11601,6870.0,10292,6880.0,20527,6890.0,13139,2025-05-09 17:22:55.107,,2147483647,1105159,False,nan
8617,1353211,1612368728,MERV - XMEV - GGAL - 24hs,6840.0,2025-05-09 17:22:53,20,2025-05-09 17:23:01.774,6830.0,3451,6820.0,3594,6810.0,32033,6800.0,18030,6790.0,2032,6850.0,5119,6860.0,11601,6870.0,10292,6880.0,20527,6890.0,13139,2025-05-09 17:23:01.451,,2147483647,1105159,False,nan
8618,1353428,1612369013,MERV - XMEV - GGAL - 24hs,6840.0,2025-05-09 17:22:53,20,2025-05-09 17:23:03.228,6830.0,3451,6820.0,3594,6810.0,32033,6800.0,18724,6790.0,2032,6850.0,5119,6860.0,11601,6870.0,10292,6880.0,20527,6890.0,13139,2025-05-09 17:23:03.126,,2147483647,1105159,False,nan
8619,1353546,1612369160,MERV - XMEV - GGAL - 24hs,6830.0,2025-05-09 17:23:03,5,2025-05-09 17:23:04.272,6830.0,3451,6820.0,3594,6810.0,32033,6800.0,18724,6790.0,2032,6850.0,5119,6860.0,11601,6870.0,10292,6880.0,20527,6890.0,13139,2025-05-09 17:23:03.804,,2147483647,1105159,True,bid
8620,1353644,1612369294,MERV - XMEV - GGAL - 24hs,6830.0,2025-05-09 17:23:03,5,2025-05-09 17:23:04.699,6830.0,3442,6820.0,3594,6810.0,32033,6800.0,20176,6790.0,2032,6850.0,5119,6860.0,11601,6870.0,10292,6880.0,20527,6890.0,13139,2025-05-09 17:23:04.128,,2147483647,1105159,False,nan
8621,1353725,1612369402,MERV - XMEV - GGAL - 24hs,6830.0,2025-05-09 17:23:03,5,2025-05-09 17:23:05.034,6830.0,3442,6820.0,3594,6810.0,32033,6800.0,20176,6790.0,2032,6850.0,5119,6860.0,11601,6870.0,10292,6880.0,20527,6890.0,13139,2025-05-09 17:23:04.626,,2147483647,1105168,False,nan
8622,1353801,1612369501,MERV - XMEV - GGAL - 24hs,6830.0,2025-05-09 17:23:03,5,2025-05-09 17:23:05.340,6830.0,3442,6820.0,3594,6810.0,32033,6800.0,20869,6790.0,2032,6850.0,5119,6860.0,11601,6870.0,10292,6880.0,20527,6890.0,13139,2025-05-09 17:23:05.126,,2147483647,1105168,False,nan
8623,1353873,1612369614,MERV - XMEV - GGAL - 24hs,6830.0,2025-05-09 17:23:03,5,2025-05-09 17:23:05.885,6830.0,3442,6820.0,3594,6810.0,32378,6800.0,17322,6790.0,2032,6850.0,5119,6860.0,11601,6870.0,10292,6880.0,20527,6890.0,13139,2025-05-09 17:23:05.812,,2147483647,1105168,False,nan
8624,1354200,1612370018,MERV - XMEV - GGAL - 24hs,6830.0,2025-05-09 17:23:03,5,2025-05-09 17:23:08.228,6830.0,3442,6820.0,3844,6810.0,33072,6800.0,17322,6790.0,2032,6850.0,5119,6860.0,11601,6870.0,10292,6880.0,20527,6890.0,13139,2025-05-09 17:23:08.076,,2147483647,1105168,False,nan
8625,1354464,1612370332,MERV - XMEV - GGAL - 24hs,6830.0,2025-05-09 17:23:03,5,2025-05-09 17:23:09.294,6830.0,3442,6820.0,3844,6810.0,32033,6800.0,22256,6790.0,2032,6850.0,5119,6860.0,11601,6870.0,10292,6880.0,20527,6890.0,13139,2025-05-09 17:23:09.066,,2147483647,1105168,False,nan
8626,1355908,1612372223,MERV - XMEV - GGAL - 24hs,6850.0,2025-05-09 17:23:19,18,2025-05-09 17:23:19.884,6830.0,3442,6820.0,3844,6810.0,32033,6800.0,22256,6790.0,2032,6850.0,5119,6860.0,11601,6870.0,10292,6880.0,20527,6890.0,13139,2025-05-09 17:23:19.775,,2147483647,1105168,True,offer
8627,1356054,1612372403,MERV - XMEV - GGAL - 24hs,6850.0,2025-05-09 17:23:19,18,2025-05-09 17:23:20.522,6830.0,3442,6820.0,3844,6810.0,32033,6800.0,22256,6790.0,2032,6850.0,5101,6860.0,11601,6870.0,10292,6880.0,20527,6890.0,13139,2025-05-09 17:23:20.434,,2147483647,1105168,False,nan
8628,1356176,1612372553,MERV - XMEV - GGAL - 24hs,6850.0,2025-05-09 17:23:19,18,2025-05-09 17:23:21.391,6830.0,3442,6820.0,3844,6810.0,32033,6800.0,22256,6790.0,2032,6850.0,5101,6860.0,11601,6870.0,10292,6880.0,20527,6890.0,13139,2025-05-09 17:23:21.032,,2147483647,1105186,False,nan
8629,1356441,1612372884,MERV - XMEV - GGAL - 24hs,6850.0,2025-05-09 17:23:19,18,2025-05-09 17:23:22.779,6830.0,3442,6820.0,3844,6810.0,47033,6800.0,7256,6790.0,2032,6850.0,5101,6860.0,11601,6870.0,10292,6880.0,20527,6890.0,13139,2025-05-09 17:23:22.555,,2147483647,1105186,False,nan
8630,1356843,1612373363,MERV - XMEV - GGAL - 24hs,6850.0,2025-05-09 17:23:19,18,2025-05-09 17:23:25.948,6830.0,3442,6820.0,3844,6810.0,47378,6800.0,2322,6790.0,2032,6850.0,5101,6860.0,11601,6870.0,10292,6880.0,20527,6890.0,13139,2025-05-09 17:23:25.874,,2147483647,1105186,False,nan
8631,1356914,1612373443,MERV - XMEV - GGAL - 24hs,6850.0,2025-05-09 17:23:25,50,2025-05-09 17:23:26.447,6830.0,3442,6820.0,3844,6810.0,47378,6800.0,2322,6790.0,2032,6850.0,5101,6860.0,11601,6870.0,10292,6880.0,20527,6890.0,13139,2025-05-09 17:23:26.374,,2147483647,1105186,True,offer
8632,1356967,1612373506,MERV - XMEV - GGAL - 24hs,6850.0,2025-05-09 17:23:25,50,2025-05-09 17:23:26.948,6830.0,3442,6820.0,3844,6810.0,47378,6800.0,2322,6790.0,2032,6850.0,5051,6860.0,11601,6870.0,10292,6880.0,20527,6890.0,13139,2025-05-09 17:23:26.875,,2147483647,1105236,False,nan
8633,1357038,1612373602,MERV - XMEV - GGAL - 24hs,6850.0,2025-05-09 17:23:25,50,2025-05-09 17:23:27.653,6830.0,3442,6820.0,3844,6810.0,48418,6800.0,2322,6790.0,2032,6850.0,5051,6860.0,11601,6870.0,10292,6880.0,20527,6890.0,13139,2025-05-09 17:23:27.573,,2147483647,1105236,False,nan
8634,1357141,1612373726,MERV - XMEV - GGAL - 24hs,6850.0,2025-05-09 17:23:25,50,2025-05-09 17:23:28.550,6830.0,3442,6820.0,3844,6810.0,48072,6800.0,2322,6790.0,2032,6850.0,5051,6860.0,11601,6870.0,10292,6880.0,20527,6890.0,13139,2025-05-09 17:23:28.472,,2147483647,1105236,False,nan
8635,1357371,1612374018,MERV - XMEV - GGAL - 24hs,6850.0,2025-05-09 17:23:25,50,2025-05-09 17:23:30.011,6830.0,3442,6820.0,3844,6810.0,48418,6800.0,2322,6790.0,2032,6850.0,5051,6860.0,11601,6870.0,10292,6880.0,20527,6890.0,13139,2025-05-09 17:23:29.928,,2147483647,1105236,False,nan
8636,1357525,1612374221,MERV - XMEV - GGAL - 24hs,6850.0,2025-05-09 17:23:25,50,2025-05-09 17:23:31.031,6830.0,3442,6820.0,3944,6810.0,48418,6800.0,2322,6790.0,2032,6850.0,5051,6860.0,11601,6870.0,10292,6880.0,20527,6890.0,13139,2025-05-09 17:23:30.951,,2147483647,1105236,False,nan
8637,1358094,1612375029,MERV - XMEV - GGAL - 24hs,6850.0,2025-05-09 17:23:25,50,2025-05-09 17:23:34.994,6840.0,5000,6830.0,3442,6820.0,3944,6810.0,48418,6800.0,2322,6850.0,4975,6860.0,11601,6870.0,10292,6880.0,20527,6890.0,13146,2025-05-09 17:23:34.921,,2147483647,1105236,False,nan
8638,1358138,1612375086,MERV - XMEV - GGAL - 24hs,6840.0,2025-05-09 17:23:35,100,2025-05-09 17:23:35.495,6840.0,5000,6830.0,3442,6820.0,3944,6810.0,48418,6800.0,2322,6850.0,4975,6860.0,11601,6870.0,10292,6880.0,20527,6890.0,13146,2025-05-09 17:23:35.421,,2147483647,1105236,True,bid
8639,1358249,1612375247,MERV - XMEV - GGAL - 24hs,6840.0,2025-05-09 17:23:35,100,2025-05-09 17:23:36.039,6840.0,4603,6830.0,3442,6820.0,18944,6810.0,34418,6800.0,1322,6850.0,4975,6860.0,11601,6870.0,10292,6880.0,20527,6890.0,13146,2025-05-09 17:23:35.921,,2147483647,1105633,False,nan
8640,1358287,1612375293,MERV - XMEV - GGAL - 24hs,6840.0,2025-05-09 17:23:35,100,2025-05-09 17:23:36.500,6840.0,4603,6830.0,3442,6820.0,18944,6810.0,35458,6800.0,1322,6850.0,4975,6860.0,11601,6870.0,10292,6880.0,20527,6890.0,13146,2025-05-09 17:23:36.427,,2147483647,1105633,False,nan
8641,1358426,1612375461,MERV - XMEV - GGAL - 24hs,6840.0,2025-05-09 17:23:35,100,2025-05-09 17:23:37.956,6840.0,4603,6830.0,3442,6820.0,18944,6810.0,35458,6800.0,1322,6850.0,4975,6860.0,11601,6870.0,10292,6880.0,20524,6890.0,13146,2025-05-09 17:23:37.883,,2147483647,1105633,False,nan
8642,1358770,1612375905,MERV - XMEV - GGAL - 24hs,6840.0,2025-05-09 17:23:35,100,2025-05-09 17:23:40.514,6840.0,4603,6830.0,3442,6820.0,18844,6810.0,35458,6800.0,1322,6850.0,4975,6860.0,11601,6870.0,10292,6880.0,20524,6890.0,13146,2025-05-09 17:23:40.439,,2147483647,1105633,False,nan
8643,1358809,1612375952,MERV - XMEV - GGAL - 24hs,6840.0,2025-05-09 17:23:35,100,2025-05-09 17:23:41.207,6840.0,4603,6830.0,3442,6820.0,18844,6810.0,35458,6800.0,1322,6850.0,4975,6860.0,11601,6870.0,10292,6880.0,25524,6890.0,13146,2025-05-09 17:23:41.132,,2147483647,1105633,False,nan
8644,1358921,1612376097,MERV - XMEV - GGAL - 24hs,6840.0,2025-05-09 17:23:35,100,2025-05-09 17:23:42.052,6840.0,4603,6830.0,3442,6820.0,18844,6810.0,36152,6800.0,1322,6850.0,4975,6860.0,11601,6870.0,10292,6880.0,25524,6890.0,13146,2025-05-09 17:23:41.978,,2147483647,1105633,False,nan
8645,1359358,1612376620,MERV - XMEV - GGAL - 24hs,6840.0,2025-05-09 17:23:35,100,2025-05-09 17:23:44.702,6840.0,4603,6830.0,3442,6820.0,18844,6810.0,38579,6800.0,1322,6850.0,4975,6860.0,11601,6870.0,10292,6880.0,25524,6890.0,13146,2025-05-09 17:23:44.334,,2147483647,1105633,False,nan
8646,1359552,1612376855,MERV - XMEV - GGAL - 24hs,6840.0,2025-05-09 17:23:35,100,2025-05-09 17:23:46.023,6840.0,4603,6830.0,3442,6820.0,18844,6810.0,38232,6800.0,1322,6850.0,4975,6860.0,11601,6870.0,10292,6880.0,25524,6890.0,13146,2025-05-09 17:23:45.949,,2147483647,1105633,False,nan
8647,1359588,1612376900,MERV - XMEV - GGAL - 24hs,6840.0,2025-05-09 17:23:46,136,2025-05-09 17:23:46.523,6840.0,4603,6830.0,3442,6820.0,18844,6810.0,38232,6800.0,1322,6850.0,4975,6860.0,11601,6870.0,10292,6880.0,25524,6890.0,13146,2025-05-09 17:23:46.449,,2147483647,1105633,True,bid
8648,1359620,1612376945,MERV - XMEV - GGAL - 24hs,6840.0,2025-05-09 17:23:46,136,2025-05-09 17:23:47.026,6840.0,4467,6830.0,3442,6820.0,18844,6810.0,38232,6800.0,1322,6850.0,4975,6860.0,11601,6870.0,10292,6880.0,25524,6890.0,13146,2025-05-09 17:23:46.950,,2147483647,1105769,False,nan
8649,1359978,1612377387,MERV - XMEV - GGAL - 24hs,6840.0,2025-05-09 17:23:46,136,2025-05-09 17:23:49.087,6840.0,4612,6830.0,3442,6820.0,21269,6810.0,33033,6800.0,1322,6850.0,4975,6860.0,11601,6870.0,10292,6880.0,25524,6890.0,13146,2025-05-09 17:23:48.847,,2147483647,1105769,False,nan
8650,1361055,1612378696,MERV - XMEV - GGAL - 24hs,6840.0,2025-05-09 17:23:57,16,2025-05-09 17:23:57.509,6840.0,4612,6830.0,3442,6820.0,21269,6810.0,33033,6800.0,1322,6850.0,4975,6860.0,11601,6870.0,10292,6880.0,25524,6890.0,13146,2025-05-09 17:23:57.436,,2147483647,1105769,True,bid
8651,1361082,1612378735,MERV - XMEV - GGAL - 24hs,6840.0,2025-05-09 17:23:57,16,2025-05-09 17:23:58.014,6840.0,4596,6830.0,3442,6820.0,21269,6810.0,33033,6800.0,1322,6850.0,4975,6860.0,11601,6870.0,10292,6880.0,25524,6890.0,13146,2025-05-09 17:23:57.936,,2147483647,1105769,False,nan
8652,1361135,1612378799,MERV - XMEV - GGAL - 24hs,6840.0,2025-05-09 17:23:57,16,2025-05-09 17:23:58.512,6840.0,4596,6830.0,3442,6820.0,21269,6810.0,33033,6800.0,1322,6850.0,4975,6860.0,11601,6870.0,10292,6880.0,25524,6890.0,13146,2025-05-09 17:23:58.437,,2147483647,1105785,False,nan
8653,1361746,1612379531,MERV - XMEV - GGAL - 24hs,6840.0,2025-05-09 17:23:57,16,2025-05-09 17:24:02.775,6840.0,4596,6830.0,3442,6820.0,6269,6810.0,48033,6800.0,1322,6850.0,4975,6860.0,11601,6870.0,10292,6880.0,25524,6890.0,13146,2025-05-09 17:24:02.700,,2147483647,1105785,False,nan
8654,1362803,1612380845,MERV - XMEV - GGAL - 24hs,6840.0,2025-05-09 17:23:57,16,2025-05-09 17:24:11.452,6840.0,4596,6830.0,3442,6820.0,5229,6810.0,48033,6800.0,1322,6850.0,4975,6860.0,11601,6870.0,10292,6880.0,25524,6890.0,13146,2025-05-09 17:24:11.352,,2147483647,1105785,False,nan
8655,1362890,1612380982,MERV - XMEV - GGAL - 24hs,6840.0,2025-05-09 17:23:57,16,2025-05-09 17:24:11.872,6840.0,4596,6830.0,3442,6820.0,4882,6810.0,48033,6800.0,1322,6850.0,4975,6860.0,11601,6870.0,10292,6880.0,25524,6890.0,13146,2025-05-09 17:24:11.622,,2147483647,1105785,False,nan
8656,1363629,1612381930,MERV - XMEV - GGAL - 24hs,6840.0,2025-05-09 17:23:57,16,2025-05-09 17:24:17.231,6840.0,4596,6830.0,3442,6820.0,4998,6810.0,48033,6800.0,1322,6850.0,4975,6860.0,11601,6870.0,10292,6880.0,25524,6890.0,13146,2025-05-09 17:24:17.157,,2147483647,1105785,False,nan
8657,1363661,1612381971,MERV - XMEV - GGAL - 24hs,6850.0,2025-05-09 17:24:17,28,2025-05-09 17:24:17.736,6840.0,4596,6830.0,3442,6820.0,4998,6810.0,48033,6800.0,1322,6850.0,4975,6860.0,11601,6870.0,10292,6880.0,25524,6890.0,13146,2025-05-09 17:24:17.662,,2147483647,1105785,True,offer
8658,1363715,1612382038,MERV - XMEV - GGAL - 24hs,6850.0,2025-05-09 17:24:17,28,2025-05-09 17:24:18.412,6840.0,4596,6830.0,3442,6820.0,4898,6810.0,48333,6800.0,1322,6850.0,4947,6860.0,11601,6870.0,10292,6880.0,25524,6890.0,13146,2025-05-09 17:24:18.338,,2147483647,1105785,False,nan
8659,1363757,1612382087,MERV - XMEV - GGAL - 24hs,6850.0,2025-05-09 17:24:17,28,2025-05-09 17:24:18.914,6840.0,4596,6830.0,3442,6820.0,4898,6810.0,48333,6800.0,1322,6850.0,4947,6860.0,11601,6870.0,10292,6880.0,25524,6890.0,13146,2025-05-09 17:24:18.838,,2147483647,1105813,False,nan
8660,1363832,1612382182,MERV - XMEV - GGAL - 24hs,6850.0,2025-05-09 17:24:17,28,2025-05-09 17:24:19.770,6840.0,4596,6830.0,3442,6820.0,5245,6810.0,48333,6800.0,1322,6850.0,4947,6860.0,11601,6870.0,10292,6880.0,25524,6890.0,13146,2025-05-09 17:24:19.686,,2147483647,1105813,False,nan
8661,1363969,1612382371,MERV - XMEV - GGAL - 24hs,6850.0,2025-05-09 17:24:17,28,2025-05-09 17:24:20.986,6840.0,4596,6830.0,3442,6820.0,4898,6810.0,48333,6800.0,1322,6850.0,4947,6860.0,11601,6870.0,10292,6880.0,25524,6890.0,13146,2025-05-09 17:24:20.912,,2147483647,1105813,False,nan
8662,1364092,1612382517,MERV - XMEV - GGAL - 24hs,6850.0,2025-05-09 17:24:22,1,2025-05-09 17:24:22.948,6840.0,4596,6830.0,3442,6820.0,4898,6810.0,48333,6800.0,1322,6850.0,4947,6860.0,11601,6870.0,10292,6880.0,25524,6890.0,13146,2025-05-09 17:24:22.874,,2147483647,1105813,True,offer
8663,1364164,1612382600,MERV - XMEV - GGAL - 24hs,6850.0,2025-05-09 17:24:22,1,2025-05-09 17:24:23.449,6840.0,4596,6830.0,3447,6820.0,4898,6810.0,48333,6800.0,1322,6850.0,4946,6860.0,11601,6870.0,10292,6880.0,25524,6890.0,13146,2025-05-09 17:24:23.374,,2147483647,1105813,False,nan
8664,1364244,1612382698,MERV - XMEV - GGAL - 24hs,6850.0,2025-05-09 17:24:22,1,2025-05-09 17:24:23.954,6840.0,4596,6830.0,3447,6820.0,4898,6810.0,48333,6800.0,1322,6850.0,4946,6860.0,11601,6870.0,10292,6880.0,25524,6890.0,13146,2025-05-09 17:24:23.879,,2147483647,1105814,False,nan
8665,1364646,1612383211,MERV - XMEV - GGAL - 24hs,6840.0,2025-05-09 17:24:26,32,2025-05-09 17:24:26.907,6840.0,4596,6830.0,3447,6820.0,4898,6810.0,48333,6800.0,1322,6850.0,4946,6860.0,11601,6870.0,10292,6880.0,25524,6890.0,13146,2025-05-09 17:24:26.712,,2147483647,1105814,True,bid
8666,1364687,1612383264,MERV - XMEV - GGAL - 24hs,6840.0,2025-05-09 17:24:26,32,2025-05-09 17:24:27.082,6840.0,4564,6830.0,3447,6820.0,4898,6810.0,48333,6800.0,1322,6850.0,4946,6860.0,11601,6870.0,10292,6880.0,25524,6890.0,13146,2025-05-09 17:24:26.901,,2147483647,1105814,False,nan
8667,1364751,1612383349,MERV - XMEV - GGAL - 24hs,6840.0,2025-05-09 17:24:26,32,2025-05-09 17:24:27.474,6840.0,4564,6830.0,3447,6820.0,4898,6810.0,48333,6800.0,1322,6850.0,4946,6860.0,11601,6870.0,10292,6880.0,25524,6890.0,13146,2025-05-09 17:24:27.401,,2147483647,1105846,False,nan
8668,1364919,1612383557,MERV - XMEV - GGAL - 24hs,6840.0,2025-05-09 17:24:26,32,2025-05-09 17:24:29.214,6840.0,4564,6830.0,3447,6820.0,4551,6810.0,48333,6800.0,1322,6850.0,4946,6860.0,11601,6870.0,10292,6880.0,25524,6890.0,13146,2025-05-09 17:24:29.137,,2147483647,1105846,False,nan
8669,1365549,1612384400,MERV - XMEV - GGAL - 24hs,6840.0,2025-05-09 17:24:26,32,2025-05-09 17:24:32.968,6840.0,4564,6830.0,3447,6820.0,4898,6810.0,48333,6800.0,1322,6850.0,4946,6860.0,11601,6870.0,10292,6880.0,25524,6890.0,13146,2025-05-09 17:24:32.756,,2147483647,1105846,False,nan
8670,1365636,1612384526,MERV - XMEV - GGAL - 24hs,6850.0,2025-05-09 17:24:33,5,2025-05-09 17:24:33.634,6840.0,4564,6830.0,3447,6820.0,4898,6810.0,48333,6800.0,1322,6850.0,4946,6860.0,11601,6870.0,10292,6880.0,25524,6890.0,13146,2025-05-09 17:24:33.560,,2147483647,1105846,True,offer
8671,1365701,1612384605,MERV - XMEV - GGAL - 24hs,6850.0,2025-05-09 17:24:33,5,2025-05-09 17:24:34.311,6840.0,4564,6830.0,3447,6820.0,4898,6810.0,48333,6800.0,1322,6850.0,4941,6860.0,11601,6870.0,10292,6880.0,25524,6890.0,13146,2025-05-09 17:24:34.227,,2147483647,1105846,False,nan
8672,1365759,1612384672,MERV - XMEV - GGAL - 24hs,6850.0,2025-05-09 17:24:33,5,2025-05-09 17:24:34.808,6840.0,4564,6830.0,3447,6820.0,4898,6810.0,48333,6800.0,1322,6850.0,4941,6860.0,11601,6870.0,10292,6880.0,25524,6890.0,13146,2025-05-09 17:24:34.727,,2147483647,1105851,False,nan
8673,1365964,1612384919,MERV - XMEV - GGAL - 24hs,6850.0,2025-05-09 17:24:33,5,2025-05-09 17:24:36.260,6840.0,4564,6830.0,3447,6820.0,5245,6810.0,48333,6800.0,1322,6850.0,4941,6860.0,11601,6870.0,10292,6880.0,25524,6890.0,13146,2025-05-09 17:24:36.154,,2147483647,1105851,False,nan
8674,1366086,1612385062,MERV - XMEV - GGAL - 24hs,6850.0,2025-05-09 17:24:33,5,2025-05-09 17:24:37.760,6840.0,4564,6830.0,3447,6820.0,4898,6810.0,48333,6800.0,1322,6850.0,4941,6860.0,11601,6870.0,10292,6880.0,25524,6890.0,13146,2025-05-09 17:24:37.687,,2147483647,1105851,False,nan
8675,1366436,1612385502,MERV - XMEV - GGAL - 24hs,6850.0,2025-05-09 17:24:33,5,2025-05-09 17:24:40.042,6840.0,4564,6830.0,3447,6820.0,4551,6810.0,48333,6800.0,1322,6850.0,4941,6860.0,11601,6870.0,10292,6880.0,25624,6890.0,13146,2025-05-09 17:24:39.957,,2147483647,1105851,False,nan
8676,1367111,1612386396,MERV - XMEV - GGAL - 24hs,6850.0,2025-05-09 17:24:33,5,2025-05-09 17:24:45.893,6840.0,4564,6830.0,3447,6820.0,4551,6810.0,48333,6800.0,1322,6850.0,4941,6860.0,11601,6870.0,8292,6880.0,27624,6890.0,13146,2025-05-09 17:24:45.817,,2147483647,1105851,False,nan
8677,1367250,1612386557,MERV - XMEV - GGAL - 24hs,6840.0,2025-05-09 17:24:46,75,2025-05-09 17:24:46.550,6840.0,4564,6830.0,3447,6820.0,4551,6810.0,48333,6800.0,1322,6850.0,4941,6860.0,11601,6870.0,8292,6880.0,27624,6890.0,13146,2025-05-09 17:24:46.475,,2147483647,1105851,True,bid
8678,1367309,1612386625,MERV - XMEV - GGAL - 24hs,6840.0,2025-05-09 17:24:46,75,2025-05-09 17:24:47.215,6840.0,4489,6830.0,3447,6820.0,4551,6810.0,48433,6800.0,1322,6850.0,4941,6860.0,11601,6870.0,8292,6880.0,27624,6890.0,13146,2025-05-09 17:24:47.142,,2147483647,1105851,False,nan
8679,1367340,1612386665,MERV - XMEV - GGAL - 24hs,6840.0,2025-05-09 17:24:46,75,2025-05-09 17:24:47.716,6840.0,4489,6830.0,3447,6820.0,4551,6810.0,48433,6800.0,1322,6850.0,4941,6860.0,11601,6870.0,8292,6880.0,27624,6890.0,13146,2025-05-09 17:24:47.642,,2147483647,1105926,False,nan
8680,1368048,1612387579,MERV - XMEV - GGAL - 24hs,6840.0,2025-05-09 17:24:46,75,2025-05-09 17:24:53.271,6840.0,4489,6830.0,3447,6820.0,19551,6810.0,33433,6800.0,1322,6850.0,4941,6860.0,11601,6870.0,8292,6880.0,22624,6890.0,18146,2025-05-09 17:24:53.197,,2147483647,1105926,False,nan
8681,1368236,1612387814,MERV - XMEV - GGAL - 24hs,6840.0,2025-05-09 17:24:46,75,2025-05-09 17:24:55.871,6840.0,4489,6830.0,3447,6820.0,19551,6810.0,33433,6800.0,1322,6850.0,5141,6860.0,11601,6870.0,8292,6880.0,22624,6890.0,18146,2025-05-09 17:24:55.798,,2147483647,1105926,False,nan
8682,1369726,1612389600,MERV - XMEV - GGAL - 24hs,6840.0,2025-05-09 17:24:46,75,2025-05-09 17:25:09.951,6840.0,4579,6830.0,3447,6820.0,19551,6810.0,33433,6800.0,1322,6850.0,5141,6860.0,11601,6870.0,8292,6880.0,22624,6890.0,18146,2025-05-09 17:25:09.848,,2147483647,1105926,False,nan
8683,1369768,1612389648,MERV - XMEV - GGAL - 24hs,6850.0,2025-05-09 17:25:10,4,2025-05-09 17:25:10.427,6840.0,4579,6830.0,3447,6820.0,19551,6810.0,33433,6800.0,1322,6850.0,5141,6860.0,11601,6870.0,8292,6880.0,22624,6890.0,18146,2025-05-09 17:25:10.348,,2147483647,1105926,True,offer
8684,1369893,1612389806,MERV - XMEV - GGAL - 24hs,6850.0,2025-05-09 17:25:10,4,2025-05-09 17:25:11.539,6840.0,4579,6830.0,3792,6820.0,19744,6810.0,32433,6800.0,1322,6850.0,5137,6860.0,11601,6870.0,8292,6880.0,22624,6890.0,18146,2025-05-09 17:25:11.211,,2147483647,1105930,False,nan
8685,1371146,1612391428,MERV - XMEV - GGAL - 24hs,6840.0,2025-05-09 17:25:20,135,2025-05-09 17:25:20.476,6840.0,4579,6830.0,3792,6820.0,19744,6810.0,32433,6800.0,1322,6850.0,5137,6860.0,11601,6870.0,8292,6880.0,22624,6890.0,18146,2025-05-09 17:25:20.217,,2147483647,1105930,True,bid
8686,1371284,1612391598,MERV - XMEV - GGAL - 24hs,6840.0,2025-05-09 17:25:20,135,2025-05-09 17:25:21.003,6840.0,4444,6830.0,3792,6820.0,19744,6810.0,32433,6800.0,1322,6850.0,5137,6860.0,11601,6870.0,8292,6880.0,22624,6890.0,18146,2025-05-09 17:25:20.844,,2147483647,1105930,False,nan
8687,1371328,1612391650,MERV - XMEV - GGAL - 24hs,6840.0,2025-05-09 17:25:20,135,2025-05-09 17:25:21.418,6840.0,4444,6830.0,3792,6820.0,19744,6810.0,32433,6800.0,1322,6850.0,5137,6860.0,11601,6870.0,8292,6880.0,22624,6890.0,18146,2025-05-09 17:25:21.344,,2147483647,1106065,False,nan
8688,1371696,1612392105,MERV - XMEV - GGAL - 24hs,6840.0,2025-05-09 17:25:20,135,2025-05-09 17:25:24.571,6840.0,4444,6830.0,19792,6820.0,3744,6810.0,32433,6800.0,1322,6850.0,5137,6860.0,11601,6870.0,8292,6880.0,22624,6890.0,18146,2025-05-09 17:25:24.473,,2147483647,1106065,False,nan
8689,1371905,1612392406,MERV - XMEV - GGAL - 24hs,6840.0,2025-05-09 17:25:20,135,2025-05-09 17:25:25.495,6840.0,4444,6830.0,25402,6820.0,3744,6810.0,32433,6800.0,1322,6850.0,5137,6860.0,11601,6870.0,8292,6880.0,22624,6890.0,18146,2025-05-09 17:25:25.222,,2147483647,1106065,False,nan
8690,1372053,1612392611,MERV - XMEV - GGAL - 24hs,6840.0,2025-05-09 17:25:20,135,2025-05-09 17:25:26.119,6840.0,4444,6830.0,25748,6820.0,3744,6810.0,32433,6800.0,1322,6850.0,5137,6860.0,11601,6870.0,8292,6880.0,22624,6890.0,18146,2025-05-09 17:25:25.904,,2147483647,1106065,False,nan
8691,1372148,1612392745,MERV - XMEV - GGAL - 24hs,6840.0,2025-05-09 17:25:20,135,2025-05-09 17:25:26.821,6840.0,4444,6830.0,19792,6820.0,3744,6810.0,32433,6800.0,1322,6850.0,5137,6860.0,11601,6870.0,8292,6880.0,22624,6890.0,18146,2025-05-09 17:25:26.747,,2147483647,1106065,False,nan
8692,1372789,1612393631,MERV - XMEV - GGAL - 24hs,6840.0,2025-05-09 17:25:20,135,2025-05-09 17:25:31.562,6840.0,4444,6830.0,19792,6820.0,3744,6810.0,32433,6800.0,1322,6850.0,5137,6860.0,11601,6870.0,8292,6880.0,12624,6890.0,28146,2025-05-09 17:25:31.275,,2147483647,1106065,False,nan
8693,1372950,1612393835,MERV - XMEV - GGAL - 24hs,6840.0,2025-05-09 17:25:20,135,2025-05-09 17:25:32.675,6840.0,4444,6830.0,3792,6820.0,19744,6810.0,32433,6800.0,1322,6850.0,5137,6860.0,11601,6870.0,8292,6880.0,12624,6890.0,28146,2025-05-09 17:25:32.600,,2147483647,1106065,False,nan
8694,1374199,1612395439,MERV - XMEV - GGAL - 24hs,6840.0,2025-05-09 17:25:20,135,2025-05-09 17:25:38.827,6840.0,4444,6830.0,5935,6820.0,19744,6810.0,32433,6800.0,1322,6850.0,5137,6860.0,11601,6870.0,8292,6880.0,12624,6890.0,28146,2025-05-09 17:25:38.374,,2147483647,1106065,False,nan
8695,1374296,1612395570,MERV - XMEV - GGAL - 24hs,6840.0,2025-05-09 17:25:20,135,2025-05-09 17:25:39.235,6840.0,4444,6830.0,5877,6820.0,19744,6810.0,32433,6800.0,1322,6850.0,5137,6860.0,11601,6870.0,8292,6880.0,12624,6890.0,28146,2025-05-09 17:25:39.119,,2147483647,1106065,False,nan
8696,1374599,1612395974,MERV - XMEV - GGAL - 24hs,6840.0,2025-05-09 17:25:20,135,2025-05-09 17:25:40.808,6840.0,4444,6830.0,3791,6820.0,19744,6810.0,32433,6800.0,1322,6850.0,5137,6860.0,11601,6870.0,8292,6880.0,10624,6890.0,30146,2025-05-09 17:25:40.711,,2147483647,1106065,False,nan
8697,1374767,1612396231,MERV - XMEV - GGAL - 24hs,6840.0,2025-05-09 17:25:20,135,2025-05-09 17:25:42.236,6840.0,4444,6830.0,4484,6820.0,20344,6810.0,32033,6800.0,1322,6850.0,5137,6860.0,11601,6870.0,8292,6880.0,10624,6890.0,30146,2025-05-09 17:25:42.162,,2147483647,1106065,False,nan
8698,1374841,1612396339,MERV - XMEV - GGAL - 24hs,6840.0,2025-05-09 17:25:20,135,2025-05-09 17:25:43.015,6840.0,4444,6830.0,3560,6820.0,20344,6810.0,32033,6800.0,1322,6850.0,5137,6860.0,11601,6870.0,8292,6880.0,10624,6890.0,30146,2025-05-09 17:25:42.940,,2147483647,1106065,False,nan
8699,1375502,1612397241,MERV - XMEV - GGAL - 24hs,6850.0,2025-05-09 17:25:49,1,2025-05-09 17:25:49.719,6840.0,4444,6830.0,3560,6820.0,20344,6810.0,32033,6800.0,1322,6850.0,5137,6860.0,11601,6870.0,8292,6880.0,10624,6890.0,30146,2025-05-09 17:25:49.637,,2147483647,1106065,True,offer
8700,1375561,1612397328,MERV - XMEV - GGAL - 24hs,6850.0,2025-05-09 17:25:49,49,2025-05-09 17:25:50.211,6840.0,4444,6830.0,3560,6820.0,20344,6810.0,32033,6800.0,1322,6850.0,5137,6860.0,11601,6870.0,8292,6880.0,10624,6890.0,30146,2025-05-09 17:25:50.136,,2147483647,1106066,False,nan
8701,1375605,1612397382,MERV - XMEV - GGAL - 24hs,6850.0,2025-05-09 17:25:49,49,2025-05-09 17:25:50.715,6840.0,4444,6830.0,3560,6820.0,20344,6810.0,32033,6800.0,1322,6850.0,5087,6860.0,11601,6870.0,8292,6880.0,10624,6890.0,30146,2025-05-09 17:25:50.636,,2147483647,1106115,False,nan
8702,1375706,1612397515,MERV - XMEV - GGAL - 24hs,6840.0,2025-05-09 17:25:51,6,2025-05-09 17:25:51.755,6840.0,4444,6830.0,3560,6820.0,20344,6810.0,32033,6800.0,1322,6850.0,5087,6860.0,11601,6870.0,8292,6880.0,10624,6890.0,30146,2025-05-09 17:25:51.654,,2147483647,1106115,True,bid
8703,1375779,1612397632,MERV - XMEV - GGAL - 24hs,6840.0,2025-05-09 17:25:51,6,2025-05-09 17:25:52.399,6840.0,4438,6830.0,3907,6820.0,20344,6810.0,32033,6800.0,1322,6850.0,5087,6860.0,11601,6870.0,8292,6880.0,10624,6890.0,30146,2025-05-09 17:25:52.323,,2147483647,1106115,False,nan
8704,1375840,1612397711,MERV - XMEV - GGAL - 24hs,6840.0,2025-05-09 17:25:51,6,2025-05-09 17:25:52.920,6840.0,4438,6830.0,3907,6820.0,20344,6810.0,32033,6800.0,1322,6850.0,5087,6860.0,11601,6870.0,8292,6880.0,10624,6890.0,30146,2025-05-09 17:25:52.823,,2147483647,1106121,False,nan
8705,1376707,1612398858,MERV - XMEV - GGAL - 24hs,6840.0,2025-05-09 17:25:51,6,2025-05-09 17:25:57.484,6840.0,4438,6830.0,3907,6820.0,20344,6810.0,32033,6800.0,1322,6850.0,5087,6860.0,11601,6870.0,8292,6880.0,12624,6890.0,28146,2025-05-09 17:25:57.411,,2147483647,1106121,False,nan
8706,1376821,1612399000,MERV - XMEV - GGAL - 24hs,6840.0,2025-05-09 17:25:51,6,2025-05-09 17:25:58.770,6840.0,4653,6830.0,3907,6820.0,20344,6810.0,32033,6800.0,1322,6850.0,5087,6860.0,11601,6870.0,8292,6880.0,12624,6890.0,28146,2025-05-09 17:25:58.693,,2147483647,1106121,False,nan
8707,1377114,1612399393,MERV - XMEV - GGAL - 24hs,6850.0,2025-05-09 17:26:01,3,2025-05-09 17:26:01.907,6840.0,4653,6830.0,3907,6820.0,20344,6810.0,32033,6800.0,1322,6850.0,5087,6860.0,11601,6870.0,8292,6880.0,12624,6890.0,28146,2025-05-09 17:26:01.688,,2147483647,1106121,True,offer
8708,1377173,1612399473,MERV - XMEV - GGAL - 24hs,6850.0,2025-05-09 17:26:01,3,2025-05-09 17:26:02.430,6840.0,4653,6830.0,3907,6820.0,20344,6810.0,32033,6800.0,1322,6850.0,5084,6860.0,11601,6870.0,8292,6880.0,12624,6890.0,28146,2025-05-09 17:26:02.356,,2147483647,1106121,False,nan
8709,1377224,1612399536,MERV - XMEV - GGAL - 24hs,6850.0,2025-05-09 17:26:01,3,2025-05-09 17:26:02.929,6840.0,4653,6830.0,3907,6820.0,20344,6810.0,32033,6800.0,1322,6850.0,5084,6860.0,11601,6870.0,8292,6880.0,12624,6890.0,28146,2025-05-09 17:26:02.855,,2147483647,1106124,False,nan
8710,1377325,1612399665,MERV - XMEV - GGAL - 24hs,6850.0,2025-05-09 17:26:01,3,2025-05-09 17:26:03.735,6840.0,4653,6830.0,3560,6820.0,20344,6810.0,32033,6800.0,1322,6850.0,5084,6860.0,11601,6870.0,8392,6880.0,12624,6890.0,28146,2025-05-09 17:26:03.660,,2147483647,1106124,False,nan
8711,1377743,1612400247,MERV - XMEV - GGAL - 24hs,6850.0,2025-05-09 17:26:07,14,2025-05-09 17:26:07.819,6840.0,4653,6830.0,3560,6820.0,20344,6810.0,32033,6800.0,1322,6850.0,5084,6860.0,11601,6870.0,8392,6880.0,12624,6890.0,28146,2025-05-09 17:26:07.736,,2147483647,1106124,True,offer
8712,1377789,1612400312,MERV - XMEV - GGAL - 24hs,6850.0,2025-05-09 17:26:07,14,2025-05-09 17:26:08.461,6840.0,4653,6830.0,3560,6820.0,20344,6810.0,32033,6800.0,1322,6850.0,5070,6860.0,11601,6870.0,8392,6880.0,12624,6890.0,28146,2025-05-09 17:26:08.387,,2147483647,1106124,False,nan
8713,1377874,1612400417,MERV - XMEV - GGAL - 24hs,6850.0,2025-05-09 17:26:07,14,2025-05-09 17:26:08.979,6840.0,4653,6830.0,3560,6820.0,20344,6810.0,32033,6800.0,1322,6850.0,5070,6860.0,11601,6870.0,8392,6880.0,12624,6890.0,28146,2025-05-09 17:26:08.890,,2147483647,1106138,False,nan
8714,1378157,1612400764,MERV - XMEV - GGAL - 24hs,6840.0,2025-05-09 17:26:10,149,2025-05-09 17:26:11.180,6840.0,4653,6830.0,3560,6820.0,20344,6810.0,32033,6800.0,1322,6850.0,5070,6860.0,11601,6870.0,8392,6880.0,12624,6890.0,28146,2025-05-09 17:26:11.072,,2147483647,1106138,True,bid
8715,1378335,1612400980,MERV - XMEV - GGAL - 24hs,6840.0,2025-05-09 17:26:10,149,2025-05-09 17:26:11.879,6840.0,4504,6830.0,3560,6820.0,20344,6810.0,32033,6800.0,1322,6850.0,5070,6860.0,11601,6870.0,8392,6880.0,12624,6890.0,28146,2025-05-09 17:26:11.573,,2147483647,1106287,False,nan
8716,1378846,1612401649,MERV - XMEV - GGAL - 24hs,6840.0,2025-05-09 17:26:10,149,2025-05-09 17:26:16.873,6840.0,4504,6830.0,3560,6820.0,19344,6810.0,33033,6800.0,1322,6850.0,5070,6860.0,11601,6870.0,8392,6880.0,12624,6890.0,28146,2025-05-09 17:26:16.798,,2147483647,1106287,False,nan
8717,1378917,1612401735,MERV - XMEV - GGAL - 24hs,6840.0,2025-05-09 17:26:16,271,2025-05-09 17:26:17.379,6840.0,4504,6830.0,3560,6820.0,19344,6810.0,33033,6800.0,1322,6850.0,5070,6860.0,11601,6870.0,8392,6880.0,12624,6890.0,28146,2025-05-09 17:26:17.298,,2147483647,1106287,True,bid
8718,1378957,1612401789,MERV - XMEV - GGAL - 24hs,6840.0,2025-05-09 17:26:16,271,2025-05-09 17:26:17.874,6840.0,4233,6830.0,3560,6820.0,19344,6810.0,33033,6800.0,1322,6850.0,5070,6860.0,11601,6870.0,8392,6880.0,12624,6890.0,28146,2025-05-09 17:26:17.798,,2147483647,1106558,False,nan
8719,1379134,1612402026,MERV - XMEV - GGAL - 24hs,6840.0,2025-05-09 17:26:16,271,2025-05-09 17:26:20.179,6840.0,4233,6830.0,3560,6820.0,19344,6810.0,33123,6800.0,1322,6850.0,5070,6860.0,11601,6870.0,8392,6880.0,12624,6890.0,28146,2025-05-09 17:26:20.060,,2147483647,1106558,False,nan
8720,1379271,1612402215,MERV - XMEV - GGAL - 24hs,6840.0,2025-05-09 17:26:16,271,2025-05-09 17:26:21.542,6840.0,4143,6830.0,3560,6820.0,19344,6810.0,33123,6800.0,1322,6850.0,5070,6860.0,11601,6870.0,8392,6880.0,12624,6890.0,28146,2025-05-09 17:26:21.467,,2147483647,1106558,False,nan
8721,1379324,1612402291,MERV - XMEV - GGAL - 24hs,6850.0,2025-05-09 17:26:22,794,2025-05-09 17:26:22.393,6840.0,4143,6830.0,3560,6820.0,19344,6810.0,33123,6800.0,1322,6850.0,5070,6860.0,11601,6870.0,8392,6880.0,12624,6890.0,28146,2025-05-09 17:26:22.311,,2147483647,1106558,True,offer
8722,1379352,1612402328,MERV - XMEV - GGAL - 24hs,6850.0,2025-05-09 17:26:22,130,2025-05-09 17:26:22.883,6840.0,4143,6830.0,3560,6820.0,19344,6810.0,33123,6800.0,1322,6850.0,5070,6860.0,11601,6870.0,8392,6880.0,12624,6890.0,28146,2025-05-09 17:26:22.809,,2147483647,1106558,False,nan
8723,1379389,1612402375,MERV - XMEV - GGAL - 24hs,6850.0,2025-05-09 17:26:22,130,2025-05-09 17:26:23.395,6840.0,4148,6830.0,3560,6820.0,19344,6810.0,33123,6800.0,1322,6850.0,70,6860.0,11601,6870.0,8392,6880.0,12624,6890.0,28146,2025-05-09 17:26:23.314,,2147483647,1111558,False,nan
8724,1379752,1612402855,MERV - XMEV - GGAL - 24hs,6850.0,2025-05-09 17:26:26,10,2025-05-09 17:26:26.735,6840.0,4148,6830.0,3560,6820.0,19344,6810.0,33123,6800.0,1322,6850.0,70,6860.0,11601,6870.0,8392,6880.0,12624,6890.0,28146,2025-05-09 17:26:26.658,,2147483647,1111558,True,offer
8725,1379823,1612402939,MERV - XMEV - GGAL - 24hs,6850.0,2025-05-09 17:26:26,10,2025-05-09 17:26:27.401,6840.0,4148,6830.0,3560,6820.0,19344,6810.0,33123,6800.0,1322,6850.0,60,6860.0,11601,6870.0,8392,6880.0,12624,6890.0,28146,2025-05-09 17:26:27.327,,2147483647,1111558,False,nan
8726,1379844,1612402966,MERV - XMEV - GGAL - 24hs,6850.0,2025-05-09 17:26:26,10,2025-05-09 17:26:27.901,6840.0,4148,6830.0,3560,6820.0,19344,6810.0,33123,6800.0,1322,6850.0,60,6860.0,11601,6870.0,8392,6880.0,12624,6890.0,28146,2025-05-09 17:26:27.827,,2147483647,1111568,False,nan
8727,1379918,1612403059,MERV - XMEV - GGAL - 24hs,6850.0,2025-05-09 17:26:28,3,2025-05-09 17:26:28.801,6840.0,4148,6830.0,3560,6820.0,19344,6810.0,33123,6800.0,1322,6850.0,60,6860.0,11601,6870.0,8392,6880.0,12624,6890.0,28146,2025-05-09 17:26:28.724,,2147483647,1111568,True,offer
8728,1379964,1612403120,MERV - XMEV - GGAL - 24hs,6850.0,2025-05-09 17:26:28,3,2025-05-09 17:26:29.493,6840.0,4148,6830.0,3560,6820.0,19344,6810.0,33123,6800.0,1322,6850.0,57,6860.0,11601,6870.0,8392,6880.0,12624,6890.0,28146,2025-05-09 17:26:29.390,,2147483647,1111568,False,nan
8729,1380015,1612403181,MERV - XMEV - GGAL - 24hs,6850.0,2025-05-09 17:26:28,3,2025-05-09 17:26:29.965,6840.0,4148,6830.0,3560,6820.0,19344,6810.0,33123,6800.0,1322,6850.0,57,6860.0,11601,6870.0,8392,6880.0,12624,6890.0,28146,2025-05-09 17:26:29.890,,2147483647,1111571,False,nan
8730,1380072,1612403254,MERV - XMEV - GGAL - 24hs,6850.0,2025-05-09 17:26:28,3,2025-05-09 17:26:30.879,6840.0,4148,6830.0,3560,6820.0,19368,6810.0,33033,6800.0,1322,6850.0,57,6860.0,11601,6870.0,8392,6880.0,12624,6890.0,28146,2025-05-09 17:26:30.805,,2147483647,1111571,False,nan
8731,1380138,1612403336,MERV - XMEV - GGAL - 24hs,6850.0,2025-05-09 17:26:31,57,2025-05-09 17:26:32.029,6840.0,4148,6830.0,3560,6820.0,19368,6810.0,33033,6800.0,1322,6850.0,57,6860.0,11601,6870.0,8392,6880.0,12624,6890.0,28146,2025-05-09 17:26:31.953,,2147483647,1111571,True,offer
8732,1380190,1612403405,MERV - XMEV - GGAL - 24hs,6850.0,2025-05-09 17:26:31,57,2025-05-09 17:26:32.692,6850.0,9943,6840.0,4148,6830.0,3560,6820.0,19368,6810.0,33033,6860.0,11601,6870.0,8392,6880.0,12624,6890.0,28146,6900.0,11535,2025-05-09 17:26:32.617,,2147483647,1111571,False,nan
8733,1380230,1612403462,MERV - XMEV - GGAL - 24hs,6850.0,2025-05-09 17:26:32,700,2025-05-09 17:26:33.194,6850.0,9943,6840.0,4148,6830.0,3560,6820.0,19368,6810.0,33033,6860.0,11601,6870.0,8392,6880.0,12624,6890.0,28146,6900.0,11535,2025-05-09 17:26:33.119,,2147483647,1111820,True,bid
8734,1380272,1612403516,MERV - XMEV - GGAL - 24hs,6850.0,2025-05-09 17:26:33,1248,2025-05-09 17:26:33.692,6850.0,8465,6840.0,4148,6830.0,3560,6820.0,19368,6810.0,33033,6860.0,11601,6870.0,8392,6880.0,12624,6890.0,28146,6900.0,11535,2025-05-09 17:26:33.617,,2147483647,1113106,True,bid
8735,1380312,1612403571,MERV - XMEV - GGAL - 24hs,6850.0,2025-05-09 17:26:33,1248,2025-05-09 17:26:34.331,6850.0,7417,6840.0,4148,6830.0,3560,6820.0,19368,6810.0,33033,6860.0,11601,6870.0,8392,6880.0,12624,6890.0,28146,6900.0,11535,2025-05-09 17:26:34.257,,2147483647,1113106,False,nan
8736,1380349,1612403621,MERV - XMEV - GGAL - 24hs,6850.0,2025-05-09 17:26:33,1248,2025-05-09 17:26:34.840,6850.0,7417,6840.0,4148,6830.0,3560,6820.0,19368,6810.0,33033,6860.0,11601,6870.0,8392,6880.0,12624,6890.0,28146,6900.0,11535,2025-05-09 17:26:34.757,,2147483647,1114354,False,nan
8737,1380450,1612403736,MERV - XMEV - GGAL - 24hs,6850.0,2025-05-09 17:26:33,1248,2025-05-09 17:26:35.709,6850.0,7417,6840.0,4148,6830.0,3560,6820.0,20368,6810.0,32033,6860.0,11601,6870.0,8392,6880.0,12624,6890.0,28146,6900.0,11535,2025-05-09 17:26:35.630,,2147483647,1114354,False,nan
8738,1380814,1612404212,MERV - XMEV - GGAL - 24hs,6860.0,2025-05-09 17:26:39,29,2025-05-09 17:26:39.297,6850.0,7417,6840.0,4148,6830.0,3560,6820.0,20368,6810.0,32033,6860.0,11601,6870.0,8392,6880.0,12624,6890.0,28146,6900.0,11535,2025-05-09 17:26:39.221,,2147483647,1114354,True,offer
8739,1380913,1612404334,MERV - XMEV - GGAL - 24hs,6850.0,2025-05-09 17:26:39,499,2025-05-09 17:26:39.859,6850.0,7417,6840.0,4148,6830.0,3560,6820.0,20368,6810.0,32033,6860.0,11601,6870.0,8392,6880.0,12624,6890.0,28146,6900.0,11535,2025-05-09 17:26:39.774,,2147483647,1114383,False,nan
8740,1380973,1612404411,MERV - XMEV - GGAL - 24hs,6850.0,2025-05-09 17:26:39,499,2025-05-09 17:26:40.358,6850.0,6918,6840.0,4148,6830.0,3560,6820.0,20368,6810.0,32033,6860.0,11572,6870.0,8392,6880.0,12624,6890.0,28146,6900.0,11535,2025-05-09 17:26:40.274,,2147483647,1114882,False,nan
8741,1381074,1612404547,MERV - XMEV - GGAL - 24hs,6860.0,2025-05-09 17:26:41,1,2025-05-09 17:26:41.179,6850.0,6918,6840.0,4148,6830.0,3560,6820.0,20368,6810.0,32033,6860.0,11572,6870.0,8392,6880.0,12624,6890.0,28146,6900.0,11535,2025-05-09 17:26:41.104,,2147483647,1114882,True,offer
8742,1381113,1612404595,MERV - XMEV - GGAL - 24hs,6860.0,2025-05-09 17:26:41,1,2025-05-09 17:26:41.686,6850.0,6918,6840.0,4148,6830.0,3560,6820.0,20268,6810.0,32033,6860.0,11571,6870.0,8392,6880.0,12624,6890.0,28146,6900.0,11535,2025-05-09 17:26:41.603,,2147483647,1114882,False,nan
8743,1381176,1612404671,MERV - XMEV - GGAL - 24hs,6860.0,2025-05-09 17:26:41,1,2025-05-09 17:26:42.178,6850.0,6918,6840.0,4148,6830.0,3560,6820.0,20268,6810.0,32033,6860.0,11571,6870.0,8392,6880.0,12624,6890.0,28146,6900.0,11535,2025-05-09 17:26:42.103,,2147483647,1114883,False,nan
8744,1381453,1612405044,MERV - XMEV - GGAL - 24hs,6850.0,2025-05-09 17:26:44,499,2025-05-09 17:26:45.084,6850.0,6918,6840.0,4148,6830.0,3560,6820.0,20268,6810.0,32033,6860.0,11571,6870.0,8392,6880.0,12624,6890.0,28146,6900.0,11535,2025-05-09 17:26:44.936,,2147483647,1114883,True,bid
8745,1381503,1612405116,MERV - XMEV - GGAL - 24hs,6850.0,2025-05-09 17:26:44,499,2025-05-09 17:26:45.670,6850.0,6419,6840.0,4148,6830.0,3560,6820.0,20268,6810.0,32033,6860.0,11571,6870.0,8392,6880.0,12624,6890.0,28146,6900.0,11535,2025-05-09 17:26:45.596,,2147483647,1114883,False,nan
8746,1381555,1612405190,MERV - XMEV - GGAL - 24hs,6850.0,2025-05-09 17:26:44,499,2025-05-09 17:26:46.171,6850.0,6419,6840.0,4148,6830.0,3560,6820.0,20268,6810.0,32033,6860.0,11571,6870.0,8392,6880.0,12624,6890.0,28146,6900.0,11535,2025-05-09 17:26:46.096,,2147483647,1115382,False,nan
8747,1382011,1612405756,MERV - XMEV - GGAL - 24hs,6850.0,2025-05-09 17:26:44,499,2025-05-09 17:26:51.578,6850.0,6419,6840.0,4148,6830.0,3556,6820.0,20268,6810.0,32033,6860.0,11571,6870.0,8392,6880.0,12624,6890.0,28146,6900.0,11535,2025-05-09 17:26:51.486,,2147483647,1115382,False,nan
8748,1382126,1612405895,MERV - XMEV - GGAL - 24hs,6850.0,2025-05-09 17:26:44,499,2025-05-09 17:26:53.076,6850.0,6433,6840.0,4148,6830.0,3806,6820.0,20018,6810.0,32033,6860.0,11571,6870.0,8392,6880.0,12624,6890.0,28146,6900.0,11535,2025-05-09 17:26:52.894,,2147483647,1115382,False,nan
8749,1382167,1612405946,MERV - XMEV - GGAL - 24hs,6850.0,2025-05-09 17:26:52,250,2025-05-09 17:26:53.360,6850.0,6433,6840.0,4148,6830.0,3806,6820.0,20018,6810.0,32033,6860.0,11571,6870.0,8392,6880.0,12624,6890.0,28146,6900.0,11535,2025-05-09 17:26:53.285,,2147483647,1115382,True,bid
8750,1382226,1612406034,MERV - XMEV - GGAL - 24hs,6850.0,2025-05-09 17:26:52,250,2025-05-09 17:26:53.860,6850.0,6183,6840.0,4148,6830.0,3806,6820.0,20018,6810.0,32033,6860.0,11571,6870.0,8392,6880.0,12624,6890.0,28146,6900.0,11535,2025-05-09 17:26:53.785,,2147483647,1115632,False,nan
8751,1382286,1612406104,MERV - XMEV - GGAL - 24hs,6850.0,2025-05-09 17:26:52,250,2025-05-09 17:26:54.360,6850.0,6183,6840.0,4148,6830.0,3804,6820.0,20018,6810.0,32033,6860.0,11571,6870.0,8392,6880.0,12624,6890.0,28146,6900.0,11535,2025-05-09 17:26:54.285,,2147483647,1115632,False,nan
8752,1382367,1612406211,MERV - XMEV - GGAL - 24hs,6850.0,2025-05-09 17:26:52,250,2025-05-09 17:26:55.319,6850.0,6183,6840.0,4148,6830.0,3804,6820.0,20018,6810.0,32033,6860.0,12071,6870.0,8392,6880.0,12624,6890.0,28146,6900.0,11535,2025-05-09 17:26:55.222,,2147483647,1115632,False,nan
8753,1382442,1612406301,MERV - XMEV - GGAL - 24hs,6850.0,2025-05-09 17:26:52,250,2025-05-09 17:26:56.247,6850.0,6183,6840.0,4148,6830.0,3758,6820.0,20018,6810.0,32033,6860.0,12071,6870.0,8392,6880.0,12624,6890.0,28146,6900.0,11535,2025-05-09 17:26:56.172,,2147483647,1115632,False,nan
8754,1382944,1612406934,MERV - XMEV - GGAL - 24hs,6850.0,2025-05-09 17:26:52,250,2025-05-09 17:27:01.607,6850.0,7459,6840.0,4148,6830.0,3758,6820.0,20018,6810.0,32033,6860.0,12071,6870.0,8392,6880.0,12624,6890.0,28146,6900.0,11535,2025-05-09 17:27:01.526,,2147483647,1115632,False,nan
8755,1382989,1612406991,MERV - XMEV - GGAL - 24hs,6850.0,2025-05-09 17:27:01,1407,2025-05-09 17:27:02.099,6850.0,7459,6840.0,4148,6830.0,3758,6820.0,20018,6810.0,32033,6860.0,12071,6870.0,8392,6880.0,12624,6890.0,28146,6900.0,11535,2025-05-09 17:27:02.025,,2147483647,1115632,True,bid
8756,1383044,1612407053,MERV - XMEV - GGAL - 24hs,6850.0,2025-05-09 17:27:01,1407,2025-05-09 17:27:02.707,6850.0,6052,6840.0,4148,6830.0,3758,6820.0,20018,6810.0,32033,6860.0,12071,6870.0,8392,6880.0,12624,6890.0,28146,6900.0,11535,2025-05-09 17:27:02.633,,2147483647,1115632,False,nan
8757,1383099,1612407123,MERV - XMEV - GGAL - 24hs,6850.0,2025-05-09 17:27:01,1407,2025-05-09 17:27:03.209,6850.0,6052,6840.0,4148,6830.0,3758,6820.0,20018,6810.0,32033,6860.0,12071,6870.0,8392,6880.0,12624,6890.0,28146,6900.0,11535,2025-05-09 17:27:03.134,,2147483647,1117039,False,nan
8758,1383331,1612407411,MERV - XMEV - GGAL - 24hs,6860.0,2025-05-09 17:27:05,173,2025-05-09 17:27:05.646,6850.0,6052,6840.0,4148,6830.0,3758,6820.0,20018,6810.0,32033,6860.0,12071,6870.0,8392,6880.0,12624,6890.0,28146,6900.0,11535,2025-05-09 17:27:05.571,,2147483647,1117039,True,offer
8759,1383404,1612407508,MERV - XMEV - GGAL - 24hs,6860.0,2025-05-09 17:27:05,173,2025-05-09 17:27:06.145,6850.0,6052,6840.0,4148,6830.0,3758,6820.0,20018,6810.0,32033,6860.0,11898,6870.0,8392,6880.0,12624,6890.0,28146,6900.0,11535,2025-05-09 17:27:06.071,,2147483647,1117039,False,nan
8760,1383455,1612407567,MERV - XMEV - GGAL - 24hs,6860.0,2025-05-09 17:27:05,173,2025-05-09 17:27:06.647,6850.0,6052,6840.0,4148,6830.0,3758,6820.0,20018,6810.0,32033,6860.0,11898,6870.0,8392,6880.0,12624,6890.0,28146,6900.0,11535,2025-05-09 17:27:06.571,,2147483647,1117212,False,nan
8761,1384329,1612408754,MERV - XMEV - GGAL - 24hs,6850.0,2025-05-09 17:27:16,4,2025-05-09 17:27:16.166,6850.0,6052,6840.0,4148,6830.0,3758,6820.0,20018,6810.0,32033,6860.0,11898,6870.0,8392,6880.0,12624,6890.0,28146,6900.0,11535,2025-05-09 17:27:16.092,,2147483647,1117212,True,bid
8762,1384367,1612408800,MERV - XMEV - GGAL - 24hs,6850.0,2025-05-09 17:27:16,4,2025-05-09 17:27:16.838,6850.0,6048,6840.0,4148,6830.0,3758,6820.0,20018,6810.0,32033,6860.0,11898,6870.0,8392,6880.0,12624,6890.0,28146,6900.0,11535,2025-05-09 17:27:16.762,,2147483647,1117212,False,nan
8763,1384413,1612408858,MERV - XMEV - GGAL - 24hs,6850.0,2025-05-09 17:27:16,4,2025-05-09 17:27:17.332,6850.0,6048,6840.0,4148,6830.0,3758,6820.0,20018,6810.0,32033,6860.0,11898,6870.0,8392,6880.0,12624,6890.0,28146,6900.0,11535,2025-05-09 17:27:17.258,,2147483647,1117216,False,nan
8764,1384669,1612409173,MERV - XMEV - GGAL - 24hs,6860.0,2025-05-09 17:27:19,3,2025-05-09 17:27:19.899,6850.0,6048,6840.0,4148,6830.0,3758,6820.0,20018,6810.0,32033,6860.0,11898,6870.0,8392,6880.0,12624,6890.0,28146,6900.0,11535,2025-05-09 17:27:19.824,,2147483647,1117216,True,offer
8765,1384738,1612409281,MERV - XMEV - GGAL - 24hs,6860.0,2025-05-09 17:27:19,3,2025-05-09 17:27:20.978,6850.0,6048,6840.0,4148,6830.0,3758,6820.0,20018,6810.0,32033,6860.0,11895,6870.0,8392,6880.0,12624,6890.0,28146,6900.0,11535,2025-05-09 17:27:20.804,,2147483647,1117216,False,nan
8766,1384841,1612409415,MERV - XMEV - GGAL - 24hs,6860.0,2025-05-09 17:27:19,3,2025-05-09 17:27:21.414,6850.0,6048,6840.0,4148,6830.0,3758,6820.0,20018,6810.0,32033,6860.0,11895,6870.0,8392,6880.0,12624,6890.0,28146,6900.0,11535,2025-05-09 17:27:20.982,,2147483647,1117219,False,nan
8767,1385057,1612409695,MERV - XMEV - GGAL - 24hs,6860.0,2025-05-09 17:27:23,704,2025-05-09 17:27:23.517,6850.0,6048,6840.0,4148,6830.0,3758,6820.0,20018,6810.0,32033,6860.0,11895,6870.0,8392,6880.0,12624,6890.0,28146,6900.0,11535,2025-05-09 17:27:23.440,,2147483647,1117219,True,offer
8768,1385129,1612409785,MERV - XMEV - GGAL - 24hs,6860.0,2025-05-09 17:27:23,8296,2025-05-09 17:27:24.015,6850.0,6048,6840.0,4148,6830.0,3758,6820.0,20018,6810.0,32033,6860.0,11895,6870.0,8392,6880.0,12624,6890.0,28146,6900.0,11535,2025-05-09 17:27:23.941,,2147483647,1117219,False,nan
8769,1385199,1612409862,MERV - XMEV - GGAL - 24hs,6860.0,2025-05-09 17:27:23,8296,2025-05-09 17:27:24.514,6850.0,6048,6840.0,4148,6830.0,3758,6820.0,20018,6810.0,32033,6860.0,2895,6870.0,8392,6880.0,12624,6890.0,28146,6900.0,11535,2025-05-09 17:27:24.440,,2147483647,1126219,False,nan
8770,1385521,1612410264,MERV - XMEV - GGAL - 24hs,6850.0,2025-05-09 17:27:28,4558,2025-05-09 17:27:28.535,6850.0,6048,6840.0,4148,6830.0,3758,6820.0,20018,6810.0,32033,6860.0,2895,6870.0,8392,6880.0,12624,6890.0,28146,6900.0,11535,2025-05-09 17:27:28.461,,2147483647,1126219,True,bid
8771,1385603,1612410361,MERV - XMEV - GGAL - 24hs,6850.0,2025-05-09 17:27:28,1276,2025-05-09 17:27:29.084,6850.0,6048,6840.0,4148,6830.0,3758,6820.0,20018,6810.0,32033,6860.0,2895,6870.0,8392,6880.0,12624,6890.0,28146,6900.0,11535,2025-05-09 17:27:28.961,,2147483647,1126219,False,nan
8772,1385732,1612410526,MERV - XMEV - GGAL - 24hs,6850.0,2025-05-09 17:27:28,1276,2025-05-09 17:27:29.575,6840.0,4148,6830.0,3758,6820.0,20018,6810.0,32033,6800.0,1322,6850.0,3952,6860.0,2895,6870.0,8392,6880.0,12624,6890.0,28146,2025-05-09 17:27:29.462,,2147483647,1132267,False,nan
8773,1385905,1612410764,MERV - XMEV - GGAL - 24hs,6850.0,2025-05-09 17:27:28,1276,2025-05-09 17:27:31.273,6840.0,4148,6830.0,3758,6820.0,20018,6810.0,32033,6800.0,1322,6850.0,3952,6860.0,2895,6870.0,8392,6880.0,10624,6890.0,30146,2025-05-09 17:27:31.197,,2147483647,1132267,False,nan
8774,1386235,1612411164,MERV - XMEV - GGAL - 24hs,6850.0,2025-05-09 17:27:34,1,2025-05-09 17:27:34.917,6840.0,4148,6830.0,3758,6820.0,20018,6810.0,32033,6800.0,1322,6850.0,3952,6860.0,2895,6870.0,8392,6880.0,10624,6890.0,30146,2025-05-09 17:27:34.841,,2147483647,1132267,True,offer
8775,1386285,1612411223,MERV - XMEV - GGAL - 24hs,6850.0,2025-05-09 17:27:34,1,2025-05-09 17:27:35.539,6840.0,4148,6830.0,18758,6820.0,5018,6810.0,32033,6800.0,1322,6850.0,3951,6860.0,2895,6870.0,8392,6880.0,10624,6890.0,30146,2025-05-09 17:27:35.464,,2147483647,1132267,False,nan
8776,1386377,1612411336,MERV - XMEV - GGAL - 24hs,6850.0,2025-05-09 17:27:34,1,2025-05-09 17:27:36.038,6840.0,4148,6830.0,18758,6820.0,5018,6810.0,32033,6800.0,1322,6850.0,3951,6860.0,2895,6870.0,8392,6880.0,10624,6890.0,30146,2025-05-09 17:27:35.964,,2147483647,1132268,False,nan
8777,1386432,1612411407,MERV - XMEV - GGAL - 24hs,6850.0,2025-05-09 17:27:34,1,2025-05-09 17:27:36.701,6840.0,4148,6830.0,3758,6820.0,20018,6810.0,32033,6800.0,1322,6850.0,3951,6860.0,2895,6870.0,8392,6880.0,10624,6890.0,30146,2025-05-09 17:27:36.626,,2147483647,1132268,False,nan
8778,1386587,1612411598,MERV - XMEV - GGAL - 24hs,6850.0,2025-05-09 17:27:34,1,2025-05-09 17:27:38.159,6840.0,4148,6830.0,3758,6820.0,20018,6810.0,32033,6800.0,1322,6850.0,3951,6860.0,2895,6870.0,8392,6880.0,10624,6890.0,25146,2025-05-09 17:27:38.077,,2147483647,1132268,False,nan
8779,1386631,1612411664,MERV - XMEV - GGAL - 24hs,6850.0,2025-05-09 17:27:38,57,2025-05-09 17:27:38.665,6840.0,4148,6830.0,3758,6820.0,20018,6810.0,32033,6800.0,1322,6850.0,3951,6860.0,2895,6870.0,8392,6880.0,10624,6890.0,25146,2025-05-09 17:27:38.578,,2147483647,1132268,True,offer
8780,1386710,1612411768,MERV - XMEV - GGAL - 24hs,6850.0,2025-05-09 17:27:38,57,2025-05-09 17:27:39.211,6840.0,4148,6830.0,3758,6820.0,20018,6810.0,32033,6800.0,1322,6850.0,3894,6860.0,2895,6870.0,8392,6880.0,10624,6890.0,25146,2025-05-09 17:27:39.099,,2147483647,1132268,False,nan
8781,1386775,1612411864,MERV - XMEV - GGAL - 24hs,6850.0,2025-05-09 17:27:38,57,2025-05-09 17:27:39.671,6840.0,4148,6830.0,3758,6820.0,20018,6810.0,32033,6800.0,1322,6850.0,3894,6860.0,2895,6870.0,8392,6880.0,10624,6890.0,25146,2025-05-09 17:27:39.596,,2147483647,1132325,False,nan
8782,1386921,1612412036,MERV - XMEV - GGAL - 24hs,6850.0,2025-05-09 17:27:39,16,2025-05-09 17:27:40.226,6840.0,4148,6830.0,3758,6820.0,20018,6810.0,32033,6800.0,1322,6850.0,3878,6860.0,2895,6870.0,9392,6880.0,10624,6890.0,25146,2025-05-09 17:27:40.098,,2147483647,1132325,True,offer
8783,1386965,1612412098,MERV - XMEV - GGAL - 24hs,6850.0,2025-05-09 17:27:40,305,2025-05-09 17:27:40.671,6840.0,4148,6830.0,3758,6820.0,20018,6810.0,32033,6800.0,1322,6850.0,3878,6860.0,2895,6870.0,9392,6880.0,10624,6890.0,25146,2025-05-09 17:27:40.596,,2147483647,1132341,True,offer
8784,1387064,1612412218,MERV - XMEV - GGAL - 24hs,6850.0,2025-05-09 17:27:40,305,2025-05-09 17:27:41.603,6840.0,4148,6830.0,3758,6820.0,20018,6810.0,32033,6800.0,1322,6850.0,3573,6860.0,2895,6870.0,9392,6880.0,10624,6890.0,25146,2025-05-09 17:27:41.290,,2147483647,1132341,False,nan
8785,1387129,1612412313,MERV - XMEV - GGAL - 24hs,6850.0,2025-05-09 17:27:40,305,2025-05-09 17:27:41.920,6840.0,4148,6830.0,3758,6820.0,20018,6810.0,32033,6800.0,1322,6850.0,3573,6860.0,2895,6870.0,9392,6880.0,10624,6890.0,25146,2025-05-09 17:27:41.757,,2147483647,1132646,False,nan
8786,1388166,1612413621,MERV - XMEV - GGAL - 24hs,6850.0,2025-05-09 17:27:40,305,2025-05-09 17:27:55.904,6840.0,4148,6830.0,3858,6820.0,20018,6810.0,32033,6800.0,1322,6850.0,3573,6860.0,2895,6870.0,9392,6880.0,10624,6890.0,25146,2025-05-09 17:27:55.829,,2147483647,1132646,False,nan
8787,1388504,1612414033,MERV - XMEV - GGAL - 24hs,6850.0,2025-05-09 17:27:58,1,2025-05-09 17:27:59.016,6840.0,4148,6830.0,3858,6820.0,20018,6810.0,32033,6800.0,1322,6850.0,3573,6860.0,2895,6870.0,9392,6880.0,10624,6890.0,25146,2025-05-09 17:27:58.936,,2147483647,1132646,True,offer
8788,1388579,1612414132,MERV - XMEV - GGAL - 24hs,6850.0,2025-05-09 17:27:58,1,2025-05-09 17:27:59.687,6840.0,4148,6830.0,3858,6820.0,20018,6810.0,32035,6800.0,1322,6850.0,3572,6860.0,2895,6870.0,9392,6880.0,10624,6890.0,25146,2025-05-09 17:27:59.612,,2147483647,1132646,False,nan
8789,1388642,1612414208,MERV - XMEV - GGAL - 24hs,6850.0,2025-05-09 17:27:58,1,2025-05-09 17:28:00.189,6840.0,4148,6830.0,3858,6820.0,20018,6810.0,32035,6800.0,1322,6850.0,3572,6860.0,2895,6870.0,9392,6880.0,10624,6890.0,25146,2025-05-09 17:28:00.112,,2147483647,1132647,False,nan
8790,1388943,1612414581,MERV - XMEV - GGAL - 24hs,6850.0,2025-05-09 17:27:58,1,2025-05-09 17:28:03.516,6840.0,4148,6830.0,6713,6820.0,20018,6810.0,32035,6800.0,1322,6850.0,3572,6860.0,2895,6870.0,9392,6880.0,10624,6890.0,25146,2025-05-09 17:28:03.189,,2147483647,1132647,False,nan
8791,1389096,1612414795,MERV - XMEV - GGAL - 24hs,6850.0,2025-05-09 17:27:58,1,2025-05-09 17:28:04.323,6840.0,4148,6830.0,4980,6820.0,20018,6810.0,32035,6800.0,1322,6850.0,3572,6860.0,2895,6870.0,9392,6880.0,10624,6890.0,30146,2025-05-09 17:28:04.200,,2147483647,1132647,False,nan
8792,1389172,1612414886,MERV - XMEV - GGAL - 24hs,6840.0,2025-05-09 17:28:04,23,2025-05-09 17:28:04.776,6840.0,4148,6830.0,4980,6820.0,20018,6810.0,32035,6800.0,1322,6850.0,3572,6860.0,2895,6870.0,9392,6880.0,10624,6890.0,30146,2025-05-09 17:28:04.701,,2147483647,1132647,True,bid
8793,1389242,1612414984,MERV - XMEV - GGAL - 24hs,6840.0,2025-05-09 17:28:04,23,2025-05-09 17:28:05.407,6840.0,4125,6830.0,5326,6820.0,20018,6810.0,32035,6800.0,1322,6850.0,3572,6860.0,2895,6870.0,9392,6880.0,10624,6890.0,30146,2025-05-09 17:28:05.333,,2147483647,1132647,False,nan
8794,1389307,1612415064,MERV - XMEV - GGAL - 24hs,6840.0,2025-05-09 17:28:04,23,2025-05-09 17:28:05.912,6840.0,4125,6830.0,5326,6820.0,20018,6810.0,32035,6800.0,1322,6850.0,3572,6860.0,2895,6870.0,9392,6880.0,10624,6890.0,30146,2025-05-09 17:28:05.834,,2147483647,1132670,False,nan
8795,1389511,1612415313,MERV - XMEV - GGAL - 24hs,6840.0,2025-05-09 17:28:04,23,2025-05-09 17:28:06.863,6840.0,4125,6830.0,4633,6820.0,20018,6810.0,32035,6800.0,1322,6850.0,3572,6860.0,2895,6870.0,9392,6880.0,10624,6890.0,30146,2025-05-09 17:28:06.788,,2147483647,1132670,False,nan
8796,1389769,1612415673,MERV - XMEV - GGAL - 24hs,6840.0,2025-05-09 17:28:04,23,2025-05-09 17:28:09.623,6840.0,4125,6830.0,7406,6820.0,20018,6810.0,32035,6800.0,1322,6850.0,3572,6860.0,2895,6870.0,9392,6880.0,10624,6890.0,30146,2025-05-09 17:28:09.535,,2147483647,1132670,False,nan
8797,1390011,1612415992,MERV - XMEV - GGAL - 24hs,6850.0,2025-05-09 17:28:12,10,2025-05-09 17:28:12.604,6840.0,4125,6830.0,7406,6820.0,20018,6810.0,32035,6800.0,1322,6850.0,3572,6860.0,2895,6870.0,9392,6880.0,10624,6890.0,30146,2025-05-09 17:28:12.530,,2147483647,1132670,True,offer
8798,1390054,1612416042,MERV - XMEV - GGAL - 24hs,6850.0,2025-05-09 17:28:12,10,2025-05-09 17:28:13.273,6840.0,4125,6830.0,7406,6820.0,20018,6810.0,32035,6800.0,1322,6850.0,3562,6860.0,2895,6870.0,9392,6880.0,10624,6890.0,30146,2025-05-09 17:28:13.194,,2147483647,1132670,False,nan
8799,1390097,1612416097,MERV - XMEV - GGAL - 24hs,6850.0,2025-05-09 17:28:12,10,2025-05-09 17:28:13.781,6840.0,4125,6830.0,7406,6820.0,20018,6810.0,32035,6800.0,1322,6850.0,3562,6860.0,2895,6870.0,9392,6880.0,10624,6890.0,30146,2025-05-09 17:28:13.694,,2147483647,1132680,False,nan
8800,1390148,1612416154,MERV - XMEV - GGAL - 24hs,6850.0,2025-05-09 17:28:12,10,2025-05-09 17:28:14.277,6840.0,4125,6830.0,22406,6820.0,5018,6810.0,32035,6800.0,1322,6850.0,3562,6860.0,2895,6870.0,9392,6880.0,10624,6890.0,30146,2025-05-09 17:28:14.198,,2147483647,1132680,False,nan
8801,1390254,1612416283,MERV - XMEV - GGAL - 24hs,6840.0,2025-05-09 17:28:15,5,2025-05-09 17:28:15.640,6840.0,4125,6830.0,22406,6820.0,5018,6810.0,32035,6800.0,1322,6850.0,3562,6860.0,2895,6870.0,9392,6880.0,10624,6890.0,30146,2025-05-09 17:28:15.563,,2147483647,1132680,True,bid
8802,1390310,1612416350,MERV - XMEV - GGAL - 24hs,6840.0,2025-05-09 17:28:15,5,2025-05-09 17:28:16.308,6840.0,4120,6830.0,25525,6820.0,5018,6810.0,32035,6800.0,1322,6850.0,3562,6860.0,2895,6870.0,9392,6880.0,10624,6890.0,30146,2025-05-09 17:28:16.230,,2147483647,1132680,False,nan
8803,1390415,1612416472,MERV - XMEV - GGAL - 24hs,6840.0,2025-05-09 17:28:15,5,2025-05-09 17:28:16.854,6840.0,4120,6830.0,25525,6820.0,5018,6810.0,32035,6800.0,1322,6850.0,3562,6860.0,2895,6870.0,9392,6880.0,10624,6890.0,30146,2025-05-09 17:28:16.731,,2147483647,1132685,False,nan
8804,1390490,1612416569,MERV - XMEV - GGAL - 24hs,6840.0,2025-05-09 17:28:15,5,2025-05-09 17:28:17.829,6840.0,4120,6830.0,25178,6820.0,5018,6810.0,32035,6800.0,1322,6850.0,3562,6860.0,2895,6870.0,9392,6880.0,10624,6890.0,30146,2025-05-09 17:28:17.753,,2147483647,1132685,False,nan
8805,1390555,1612416649,MERV - XMEV - GGAL - 24hs,6850.0,2025-05-09 17:28:18,442,2025-05-09 17:28:18.631,6840.0,4120,6830.0,25178,6820.0,5018,6810.0,32035,6800.0,1322,6850.0,3562,6860.0,2895,6870.0,9392,6880.0,10624,6890.0,30146,2025-05-09 17:28:18.551,,2147483647,1132685,True,offer
8806,1390736,1612416853,MERV - XMEV - GGAL - 24hs,6850.0,2025-05-09 17:28:18,442,2025-05-09 17:28:19.568,6840.0,4120,6830.0,25178,6820.0,5018,6810.0,32035,6800.0,1322,6850.0,3562,6860.0,2895,6870.0,9392,6880.0,10624,6890.0,30146,2025-05-09 17:28:19.367,,2147483647,1133127,False,nan
8807,1390907,1612417102,MERV - XMEV - GGAL - 24hs,6850.0,2025-05-09 17:28:18,442,2025-05-09 17:28:20.332,6840.0,4120,6830.0,25178,6820.0,5018,6810.0,32035,6800.0,1322,6850.0,3120,6860.0,2895,6870.0,9392,6880.0,10624,6890.0,30146,2025-05-09 17:28:19.865,,2147483647,1133127,False,nan
8808,1391011,1612417243,MERV - XMEV - GGAL - 24hs,6850.0,2025-05-09 17:28:18,442,2025-05-09 17:28:21.384,6840.0,4120,6830.0,25178,6820.0,5018,6810.0,32035,6800.0,6322,6850.0,3120,6860.0,2895,6870.0,9392,6880.0,10624,6890.0,30146,2025-05-09 17:28:20.973,,2147483647,1133127,False,nan
8809,1391100,1612417346,MERV - XMEV - GGAL - 24hs,6840.0,2025-05-09 17:28:20,6,2025-05-09 17:28:21.704,6840.0,4120,6830.0,25178,6820.0,5018,6810.0,32035,6800.0,6322,6850.0,3120,6860.0,2895,6870.0,9392,6880.0,10624,6890.0,30146,2025-05-09 17:28:21.154,,2147483647,1133127,True,bid
8810,1391190,1612417453,MERV - XMEV - GGAL - 24hs,6840.0,2025-05-09 17:28:20,6,2025-05-09 17:28:22.035,6840.0,4114,6830.0,25178,6820.0,5018,6810.0,32035,6800.0,1322,6850.0,3120,6860.0,2895,6870.0,9392,6880.0,10624,6890.0,30146,2025-05-09 17:28:21.654,,2147483647,1133133,False,nan
8811,1391454,1612417777,MERV - XMEV - GGAL - 24hs,6840.0,2025-05-09 17:28:20,6,2025-05-09 17:28:23.828,6840.0,4114,6830.0,25178,6820.0,4618,6810.0,32035,6800.0,1322,6850.0,3120,6860.0,2895,6870.0,9392,6880.0,10624,6890.0,30146,2025-05-09 17:28:23.753,,2147483647,1133133,False,nan
8812,1391773,1612418185,MERV - XMEV - GGAL - 24hs,6850.0,2025-05-09 17:28:26,7,2025-05-09 17:28:26.948,6840.0,4114,6830.0,25178,6820.0,4618,6810.0,32035,6800.0,1322,6850.0,3120,6860.0,2895,6870.0,9392,6880.0,10624,6890.0,30146,2025-05-09 17:28:26.868,,2147483647,1133133,True,offer
8813,1391832,1612418264,MERV - XMEV - GGAL - 24hs,6850.0,2025-05-09 17:28:26,7,2025-05-09 17:28:27.611,6840.0,4114,6830.0,25178,6820.0,4618,6810.0,32035,6800.0,1322,6850.0,3113,6860.0,2895,6870.0,9392,6880.0,10624,6890.0,30146,2025-05-09 17:28:27.534,,2147483647,1133133,False,nan
8814,1391867,1612418312,MERV - XMEV - GGAL - 24hs,6850.0,2025-05-09 17:28:26,7,2025-05-09 17:28:28.109,6840.0,4114,6830.0,25178,6820.0,4618,6810.0,32035,6800.0,1322,6850.0,3113,6860.0,2895,6870.0,9392,6880.0,10624,6890.0,30146,2025-05-09 17:28:28.034,,2147483647,1133140,False,nan
8815,1391957,1612418445,MERV - XMEV - GGAL - 24hs,6850.0,2025-05-09 17:28:28,21,2025-05-09 17:28:29.159,6840.0,4114,6830.0,25178,6820.0,4618,6810.0,32035,6800.0,1322,6850.0,3113,6860.0,2895,6870.0,9392,6880.0,10624,6890.0,30146,2025-05-09 17:28:29.046,,2147483647,1133140,True,offer
8816,1392021,1612418529,MERV - XMEV - GGAL - 24hs,6850.0,2025-05-09 17:28:28,21,2025-05-09 17:28:29.629,6840.0,4114,6830.0,25178,6820.0,4618,6810.0,32035,6800.0,1322,6850.0,3092,6860.0,2895,6870.0,9392,6880.0,10624,6890.0,30146,2025-05-09 17:28:29.547,,2147483647,1133140,False,nan
8817,1392109,1612418643,MERV - XMEV - GGAL - 24hs,6850.0,2025-05-09 17:28:28,21,2025-05-09 17:28:30.151,6840.0,4114,6830.0,25178,6820.0,4618,6810.0,32035,6800.0,1322,6850.0,3092,6860.0,2895,6870.0,9392,6880.0,10624,6890.0,30146,2025-05-09 17:28:30.047,,2147483647,1133161,False,nan
8818,1392285,1612418875,MERV - XMEV - GGAL - 24hs,6850.0,2025-05-09 17:28:31,1,2025-05-09 17:28:31.885,6840.0,4114,6830.0,25178,6820.0,4618,6810.0,32035,6800.0,1322,6850.0,3092,6860.0,2895,6870.0,9392,6880.0,10624,6890.0,30146,2025-05-09 17:28:31.810,,2147483647,1133161,True,offer
8819,1392324,1612418922,MERV - XMEV - GGAL - 24hs,6850.0,2025-05-09 17:28:31,1,2025-05-09 17:28:32.551,6840.0,4114,6830.0,25178,6820.0,4618,6810.0,32035,6800.0,1322,6850.0,3091,6860.0,2895,6870.0,9392,6880.0,10624,6890.0,30146,2025-05-09 17:28:32.474,,2147483647,1133161,False,nan
8820,1392359,1612418966,MERV - XMEV - GGAL - 24hs,6850.0,2025-05-09 17:28:31,1,2025-05-09 17:28:33.078,6840.0,4114,6830.0,25178,6820.0,4618,6810.0,32035,6800.0,1322,6850.0,3091,6860.0,2895,6870.0,9392,6880.0,10624,6890.0,30146,2025-05-09 17:28:32.981,,2147483647,1133162,False,nan
8821,1392738,1612419439,MERV - XMEV - GGAL - 24hs,6850.0,2025-05-09 17:28:31,1,2025-05-09 17:28:36.159,6840.0,4114,6830.0,19141,6820.0,4618,6810.0,32035,6800.0,1322,6850.0,3091,6860.0,2895,6870.0,9392,6880.0,10624,6890.0,30146,2025-05-09 17:28:36.031,,2147483647,1133162,False,nan
8822,1392792,1612419511,MERV - XMEV - GGAL - 24hs,6850.0,2025-05-09 17:28:31,1,2025-05-09 17:28:36.810,6840.0,4114,6830.0,19488,6820.0,4618,6810.0,32035,6800.0,1322,6850.0,3091,6860.0,2895,6870.0,9392,6880.0,10624,6890.0,30146,2025-05-09 17:28:36.735,,2147483647,1133162,False,nan
8823,1393056,1612419863,MERV - XMEV - GGAL - 24hs,6850.0,2025-05-09 17:28:31,1,2025-05-09 17:28:39.006,6840.0,4114,6830.0,19141,6820.0,4618,6810.0,32035,6800.0,1322,6850.0,3091,6860.0,2895,6870.0,9392,6880.0,10624,6890.0,30146,2025-05-09 17:28:38.904,,2147483647,1133162,False,nan
8824,1393100,1612419936,MERV - XMEV - GGAL - 24hs,6850.0,2025-05-09 17:28:31,1,2025-05-09 17:28:39.644,6840.0,4114,6830.0,19488,6820.0,4618,6810.0,32035,6800.0,1322,6850.0,3091,6860.0,2895,6870.0,9392,6880.0,10624,6890.0,30146,2025-05-09 17:28:39.566,,2147483647,1133162,False,nan
8825,1393587,1612420537,MERV - XMEV - GGAL - 24hs,6850.0,2025-05-09 17:28:31,1,2025-05-09 17:28:43.718,6840.0,4114,6830.0,19487,6820.0,4618,6810.0,32035,6800.0,1322,6850.0,3091,6860.0,2895,6870.0,9392,6880.0,10624,6890.0,30146,2025-05-09 17:28:43.643,,2147483647,1133162,False,nan
8826,1393662,1612420632,MERV - XMEV - GGAL - 24hs,6840.0,2025-05-09 17:28:44,1,2025-05-09 17:28:44.324,6840.0,4114,6830.0,19487,6820.0,4618,6810.0,32035,6800.0,1322,6850.0,3091,6860.0,2895,6870.0,9392,6880.0,10624,6890.0,30146,2025-05-09 17:28:44.245,,2147483647,1133162,True,bid
8827,1393757,1612420756,MERV - XMEV - GGAL - 24hs,6840.0,2025-05-09 17:28:44,1,2025-05-09 17:28:44.863,6840.0,4114,6830.0,19487,6820.0,4618,6810.0,32035,6800.0,1322,6850.0,3091,6860.0,2895,6870.0,9392,6880.0,10624,6890.0,30146,2025-05-09 17:28:44.746,,2147483647,1133163,False,nan
8828,1393849,1612420864,MERV - XMEV - GGAL - 24hs,6840.0,2025-05-09 17:28:44,1,2025-05-09 17:28:45.316,6840.0,4112,6830.0,19487,6820.0,4618,6810.0,32035,6800.0,1322,6850.0,3091,6860.0,2895,6870.0,9392,6880.0,10624,6890.0,30146,2025-05-09 17:28:45.240,,2147483647,1133164,False,nan
8829,1393947,1612420991,MERV - XMEV - GGAL - 24hs,6840.0,2025-05-09 17:28:44,1,2025-05-09 17:28:46.092,6840.0,4112,6830.0,19488,6820.0,4618,6810.0,32035,6800.0,1322,6850.0,3091,6860.0,2895,6870.0,9392,6880.0,10624,6890.0,30146,2025-05-09 17:28:45.987,,2147483647,1133164,False,nan
8830,1394174,1612421304,MERV - XMEV - GGAL - 24hs,6850.0,2025-05-09 17:28:48,2,2025-05-09 17:28:48.451,6840.0,4112,6830.0,19488,6820.0,4618,6810.0,32035,6800.0,1322,6850.0,3091,6860.0,2895,6870.0,9392,6880.0,10624,6890.0,30146,2025-05-09 17:28:48.371,,2147483647,1133164,True,offer
8831,1394228,1612421370,MERV - XMEV - GGAL - 24hs,6850.0,2025-05-09 17:28:48,2,2025-05-09 17:28:49.130,6840.0,4112,6830.0,19488,6820.0,4618,6810.0,32035,6800.0,1322,6850.0,3089,6860.0,2895,6870.0,9392,6880.0,10624,6890.0,30146,2025-05-09 17:28:49.036,,2147483647,1133164,False,nan
8832,1394284,1612421435,MERV - XMEV - GGAL - 24hs,6850.0,2025-05-09 17:28:48,2,2025-05-09 17:28:49.612,6840.0,4112,6830.0,19488,6820.0,4618,6810.0,32035,6800.0,1322,6850.0,3089,6860.0,2895,6870.0,9392,6880.0,10624,6890.0,30146,2025-05-09 17:28:49.536,,2147483647,1133166,False,nan
8833,1394663,1612421917,MERV - XMEV - GGAL - 24hs,6850.0,2025-05-09 17:28:48,2,2025-05-09 17:28:53.345,6840.0,4112,6830.0,19141,6820.0,4618,6810.0,32035,6800.0,1322,6850.0,3089,6860.0,2895,6870.0,9392,6880.0,10624,6890.0,30146,2025-05-09 17:28:53.269,,2147483647,1133166,False,nan
8834,1394715,1612421985,MERV - XMEV - GGAL - 24hs,6850.0,2025-05-09 17:28:53,144,2025-05-09 17:28:53.846,6840.0,4112,6830.0,19141,6820.0,4618,6810.0,32035,6800.0,1322,6850.0,3089,6860.0,2895,6870.0,9392,6880.0,10624,6890.0,30146,2025-05-09 17:28:53.770,,2147483647,1133166,True,offer
8835,1394781,1612422066,MERV - XMEV - GGAL - 24hs,6850.0,2025-05-09 17:28:53,144,2025-05-09 17:28:54.355,6840.0,4112,6830.0,19141,6820.0,4618,6810.0,32035,6800.0,1322,6850.0,2945,6860.0,2895,6870.0,9392,6880.0,10624,6890.0,30146,2025-05-09 17:28:54.270,,2147483647,1133310,False,nan
8836,1395153,1612422528,MERV - XMEV - GGAL - 24hs,6850.0,2025-05-09 17:28:53,144,2025-05-09 17:28:58.849,6840.0,4112,6830.0,19141,6820.0,4618,6810.0,32035,6800.0,1322,6850.0,2945,6860.0,2909,6870.0,9392,6880.0,10624,6890.0,30146,2025-05-09 17:28:58.773,,2147483647,1133310,False,nan
8837,1396369,1612424042,MERV - XMEV - GGAL - 24hs,6850.0,2025-05-09 17:29:08,5,2025-05-09 17:29:08.418,6840.0,4112,6830.0,19141,6820.0,4618,6810.0,32035,6800.0,1322,6850.0,2945,6860.0,2909,6870.0,9392,6880.0,10624,6890.0,30146,2025-05-09 17:29:08.340,,2147483647,1133310,True,offer
8838,1396425,1612424118,MERV - XMEV - GGAL - 24hs,6850.0,2025-05-09 17:29:08,5,2025-05-09 17:29:09.083,6840.0,4112,6830.0,19141,6820.0,4618,6810.0,32035,6800.0,1322,6850.0,2940,6860.0,2909,6870.0,9392,6880.0,10624,6890.0,30146,2025-05-09 17:29:09.005,,2147483647,1133310,False,nan
8839,1396462,1612424165,MERV - XMEV - GGAL - 24hs,6850.0,2025-05-09 17:29:08,5,2025-05-09 17:29:09.582,6840.0,4112,6830.0,19141,6820.0,4618,6810.0,32035,6800.0,1322,6850.0,2940,6860.0,2909,6870.0,9392,6880.0,10624,6890.0,30146,2025-05-09 17:29:09.505,,2147483647,1133315,False,nan
8840,1396552,1612424280,MERV - XMEV - GGAL - 24hs,6850.0,2025-05-09 17:29:08,5,2025-05-09 17:29:10.668,6840.0,4112,6830.0,19141,6820.0,4618,6810.0,32035,6800.0,1322,6850.0,2955,6860.0,2909,6870.0,9392,6880.0,10624,6890.0,30146,2025-05-09 17:29:10.585,,2147483647,1133315,False,nan
8841,1396603,1612424347,MERV - XMEV - GGAL - 24hs,6850.0,2025-05-09 17:29:11,2,2025-05-09 17:29:11.159,6840.0,4112,6830.0,19141,6820.0,4618,6810.0,32035,6800.0,1322,6850.0,2955,6860.0,2909,6870.0,9392,6880.0,10624,6890.0,30146,2025-05-09 17:29:11.081,,2147483647,1133315,True,offer
8842,1396651,1612424404,MERV - XMEV - GGAL - 24hs,6850.0,2025-05-09 17:29:11,2,2025-05-09 17:29:11.787,6840.0,4112,6830.0,19141,6820.0,4618,6810.0,32035,6800.0,1322,6850.0,2953,6860.0,2909,6870.0,9392,6880.0,10624,6890.0,30146,2025-05-09 17:29:11.708,,2147483647,1133315,False,nan
8843,1396707,1612424471,MERV - XMEV - GGAL - 24hs,6850.0,2025-05-09 17:29:11,2,2025-05-09 17:29:12.900,6840.0,4112,6830.0,19141,6820.0,4618,6810.0,32035,6800.0,1322,6850.0,2953,6860.0,2909,6870.0,9392,6880.0,10624,6890.0,30146,2025-05-09 17:29:12.819,,2147483647,1133317,False,nan
8844,1396774,1612424547,MERV - XMEV - GGAL - 24hs,6850.0,2025-05-09 17:29:11,2,2025-05-09 17:29:13.195,6840.0,4112,6830.0,19835,6820.0,4618,6810.0,32035,6800.0,1322,6850.0,2953,6860.0,2909,6870.0,9392,6880.0,10624,6890.0,30146,2025-05-09 17:29:13.111,,2147483647,1133317,False,nan
8845,1396963,1612424789,MERV - XMEV - GGAL - 24hs,6850.0,2025-05-09 17:29:11,2,2025-05-09 17:29:14.881,6840.0,4112,6830.0,20182,6820.0,4618,6810.0,32035,6800.0,1322,6850.0,2953,6860.0,2909,6870.0,9392,6880.0,10624,6890.0,30146,2025-05-09 17:29:14.799,,2147483647,1133317,False,nan
8846,1397017,1612424859,MERV - XMEV - GGAL - 24hs,6850.0,2025-05-09 17:29:15,8,2025-05-09 17:29:15.403,6840.0,4112,6830.0,20182,6820.0,4618,6810.0,32035,6800.0,1322,6850.0,2953,6860.0,2909,6870.0,9392,6880.0,10624,6890.0,30146,2025-05-09 17:29:15.326,,2147483647,1133317,True,offer
8847,1397064,1612424921,MERV - XMEV - GGAL - 24hs,6850.0,2025-05-09 17:29:15,8,2025-05-09 17:29:15.903,6840.0,4112,6830.0,20182,6820.0,4618,6810.0,32035,6800.0,1322,6850.0,2945,6860.0,2909,6870.0,9392,6880.0,10624,6890.0,30146,2025-05-09 17:29:15.826,,2147483647,1133317,False,nan
8848,1397127,1612424998,MERV - XMEV - GGAL - 24hs,6850.0,2025-05-09 17:29:15,8,2025-05-09 17:29:16.403,6840.0,4112,6830.0,20182,6820.0,4618,6810.0,32035,6800.0,1322,6850.0,2945,6860.0,2909,6870.0,9392,6880.0,10624,6890.0,30146,2025-05-09 17:29:16.326,,2147483647,1133325,False,nan
8849,1398435,1612426624,MERV - XMEV - GGAL - 24hs,6850.0,2025-05-09 17:29:15,8,2025-05-09 17:29:30.656,6840.0,4212,6830.0,20876,6820.0,4618,6810.0,32035,6800.0,1322,6850.0,2945,6860.0,2909,6870.0,9392,6880.0,10624,6890.0,30146,2025-05-09 17:29:30.579,,2147483647,1133325,False,nan
8850,1398877,1612427179,MERV - XMEV - GGAL - 24hs,6850.0,2025-05-09 17:29:15,8,2025-05-09 17:29:34.991,6840.0,4212,6830.0,23652,6820.0,4618,6810.0,32035,6800.0,1322,6850.0,2945,6860.0,2909,6870.0,9392,6880.0,10624,6890.0,30146,2025-05-09 17:29:34.875,,2147483647,1133325,False,nan
8851,1399034,1612427375,MERV - XMEV - GGAL - 24hs,6850.0,2025-05-09 17:29:15,8,2025-05-09 17:29:35.799,6840.0,4212,6830.0,8652,6820.0,19618,6810.0,32035,6800.0,1322,6850.0,2945,6860.0,2909,6870.0,9392,6880.0,10624,6890.0,30146,2025-05-09 17:29:35.720,,2147483647,1133325,False,nan
8852,1399247,1612427625,MERV - XMEV - GGAL - 24hs,6850.0,2025-05-09 17:29:15,8,2025-05-09 17:29:37.768,6840.0,4212,6830.0,8752,6820.0,19618,6810.0,32035,6800.0,1322,6850.0,2945,6860.0,2909,6870.0,9392,6880.0,10624,6890.0,30146,2025-05-09 17:29:37.691,,2147483647,1133325,False,nan
8853,1399419,1612427863,MERV - XMEV - GGAL - 24hs,6840.0,2025-05-09 17:29:39,50,2025-05-09 17:29:39.995,6840.0,4212,6830.0,8752,6820.0,19618,6810.0,32035,6800.0,1322,6850.0,2945,6860.0,2909,6870.0,9392,6880.0,10624,6890.0,30146,2025-05-09 17:29:39.917,,2147483647,1133325,True,bid
8854,1399459,1612427918,MERV - XMEV - GGAL - 24hs,6840.0,2025-05-09 17:29:39,50,2025-05-09 17:29:40.646,6840.0,4162,6830.0,8752,6820.0,19618,6810.0,32035,6800.0,1322,6850.0,2945,6860.0,2909,6870.0,9392,6880.0,10624,6890.0,30146,2025-05-09 17:29:40.568,,2147483647,1133325,False,nan
8855,1399507,1612427977,MERV - XMEV - GGAL - 24hs,6840.0,2025-05-09 17:29:39,50,2025-05-09 17:29:41.145,6840.0,4162,6830.0,8752,6820.0,19618,6810.0,32035,6800.0,1322,6850.0,2945,6860.0,2909,6870.0,9392,6880.0,10624,6890.0,30146,2025-05-09 17:29:41.067,,2147483647,1133375,False,nan
8856,1400430,1612429123,MERV - XMEV - GGAL - 24hs,6840.0,2025-05-09 17:29:39,50,2025-05-09 17:29:48.482,6840.0,4162,6830.0,9800,6820.0,19618,6810.0,32035,6800.0,1322,6850.0,2945,6860.0,2909,6870.0,9392,6880.0,10624,6890.0,30146,2025-05-09 17:29:48.405,,2147483647,1133375,False,nan
8857,1400493,1612429204,MERV - XMEV - GGAL - 24hs,6840.0,2025-05-09 17:29:39,50,2025-05-09 17:29:49.327,6840.0,4162,6830.0,4588,6820.0,19618,6810.0,32035,6800.0,1322,6850.0,2945,6860.0,2909,6870.0,9392,6880.0,10624,6890.0,30146,2025-05-09 17:29:49.247,,2147483647,1133375,False,nan
8858,1400528,1612429253,MERV - XMEV - GGAL - 24hs,6840.0,2025-05-09 17:29:49,2,2025-05-09 17:29:49.825,6840.0,4162,6830.0,4588,6820.0,19618,6810.0,32035,6800.0,1322,6850.0,2945,6860.0,2909,6870.0,9392,6880.0,10624,6890.0,30146,2025-05-09 17:29:49.748,,2147483647,1133375,True,bid
8859,1400572,1612429317,MERV - XMEV - GGAL - 24hs,6840.0,2025-05-09 17:29:49,2,2025-05-09 17:29:50.328,6840.0,4160,6830.0,8405,6820.0,19618,6810.0,32035,6800.0,1322,6850.0,2945,6860.0,2909,6870.0,9392,6880.0,10624,6890.0,30146,2025-05-09 17:29:50.247,,2147483647,1133375,False,nan
8860,1400610,1612429376,MERV - XMEV - GGAL - 24hs,6840.0,2025-05-09 17:29:49,2,2025-05-09 17:29:50.839,6840.0,4160,6830.0,8405,6820.0,19618,6810.0,32035,6800.0,1322,6850.0,2945,6860.0,2909,6870.0,9392,6880.0,10624,6890.0,30146,2025-05-09 17:29:50.747,,2147483647,1133377,False,nan
8861,1400954,1612429804,MERV - XMEV - GGAL - 24hs,6840.0,2025-05-09 17:29:49,2,2025-05-09 17:29:54.295,6840.0,4160,6830.0,8752,6820.0,19718,6810.0,32035,6800.0,1322,6850.0,2945,6860.0,2909,6870.0,9392,6880.0,10624,6890.0,30146,2025-05-09 17:29:54.204,,2147483647,1133377,False,nan
8862,1401123,1612430016,MERV - XMEV - GGAL - 24hs,6840.0,2025-05-09 17:29:49,2,2025-05-09 17:29:55.986,6840.0,4160,6830.0,8058,6820.0,19718,6810.0,32035,6800.0,1322,6850.0,2945,6860.0,2909,6870.0,9392,6880.0,10624,6890.0,30146,2025-05-09 17:29:55.908,,2147483647,1133377,False,nan
8863,1401213,1612430124,MERV - XMEV - GGAL - 24hs,6840.0,2025-05-09 17:29:49,2,2025-05-09 17:29:57.146,6840.0,4160,6830.0,8058,6820.0,19718,6810.0,32035,6800.0,1322,6850.0,3045,6860.0,2909,6870.0,9392,6880.0,10624,6890.0,30146,2025-05-09 17:29:57.068,,2147483647,1133377,False,nan
8864,1401319,1612430250,MERV - XMEV - GGAL - 24hs,6850.0,2025-05-09 17:29:58,7,2025-05-09 17:29:58.110,6840.0,4160,6830.0,8058,6820.0,19718,6810.0,32035,6800.0,1322,6850.0,3045,6860.0,2909,6870.0,9392,6880.0,10624,6890.0,30146,2025-05-09 17:29:58.029,,2147483647,1133377,True,offer
8865,1401388,1612430334,MERV - XMEV - GGAL - 24hs,6850.0,2025-05-09 17:29:58,7,2025-05-09 17:29:58.783,6840.0,4160,6830.0,8058,6820.0,19718,6810.0,32035,6800.0,1322,6850.0,3038,6860.0,2909,6870.0,9392,6880.0,10624,6890.0,30146,2025-05-09 17:29:58.701,,2147483647,1133377,False,nan
8866,1401466,1612430429,MERV - XMEV - GGAL - 24hs,6850.0,2025-05-09 17:29:58,7,2025-05-09 17:29:59.290,6840.0,4160,6830.0,8058,6820.0,19718,6810.0,32035,6800.0,1322,6850.0,3038,6860.0,2909,6870.0,9392,6880.0,10624,6890.0,30146,2025-05-09 17:29:59.201,,2147483647,1133384,False,nan
8867,1401774,1612430839,MERV - XMEV - GGAL - 24hs,6850.0,2025-05-09 17:29:58,7,2025-05-09 17:30:02.482,6840.0,4160,6830.0,6670,6820.0,19718,6810.0,32035,6800.0,1322,6850.0,3038,6860.0,2909,6870.0,9392,6880.0,10624,6890.0,30146,2025-05-09 17:30:02.404,,2147483647,1133384,False,nan
8868,1401830,1612430929,MERV - XMEV - GGAL - 24hs,6850.0,2025-05-09 17:29:58,7,2025-05-09 17:30:03.225,6840.0,4160,6830.0,5080,6820.0,19718,6810.0,32035,6800.0,1322,6850.0,3038,6860.0,2909,6870.0,9392,6880.0,10624,6890.0,30146,2025-05-09 17:30:03.147,,2147483647,1133384,False,nan
8869,1401932,1612431058,MERV - XMEV - GGAL - 24hs,6850.0,2025-05-09 17:29:58,7,2025-05-09 17:30:04.004,6840.0,4160,6830.0,4733,6820.0,19718,6810.0,32035,6800.0,1322,6850.0,3038,6860.0,2909,6870.0,9392,6880.0,10624,6890.0,30146,2025-05-09 17:30:03.925,,2147483647,1133384,False,nan
8870,1402032,1612431213,MERV - XMEV - GGAL - 24hs,6850.0,2025-05-09 17:29:58,7,2025-05-09 17:30:04.834,6840.0,4160,6830.0,5080,6820.0,19718,6810.0,32035,6800.0,1322,6850.0,3038,6860.0,2909,6870.0,9392,6880.0,10624,6890.0,30146,2025-05-09 17:30:04.706,,2147483647,1133384,False,nan
8871,1402483,1612431810,MERV - XMEV - GGAL - 24hs,6850.0,2025-05-09 17:30:09,700,2025-05-09 17:30:09.903,6840.0,4160,6830.0,5080,6820.0,19718,6810.0,32035,6800.0,1322,6850.0,3038,6860.0,2909,6870.0,9392,6880.0,10624,6890.0,30146,2025-05-09 17:30:09.824,,2147483647,1133384,True,offer
8872,1402559,1612431902,MERV - XMEV - GGAL - 24hs,6850.0,2025-05-09 17:30:09,700,2025-05-09 17:30:10.569,6840.0,4160,6830.0,5080,6820.0,19718,6810.0,32035,6800.0,1322,6850.0,2338,6860.0,2909,6870.0,9392,6880.0,10624,6890.0,30146,2025-05-09 17:30:10.490,,2147483647,1133384,False,nan
8873,1402609,1612431961,MERV - XMEV - GGAL - 24hs,6850.0,2025-05-09 17:30:09,700,2025-05-09 17:30:11.068,6840.0,4160,6830.0,5080,6820.0,19718,6810.0,32035,6800.0,1322,6850.0,2338,6860.0,2909,6870.0,9392,6880.0,10624,6890.0,30146,2025-05-09 17:30:10.990,,2147483647,1134084,False,nan
8874,1402684,1612432052,MERV - XMEV - GGAL - 24hs,6850.0,2025-05-09 17:30:09,700,2025-05-09 17:30:11.567,6840.0,4160,6830.0,21080,6820.0,3718,6810.0,32035,6800.0,1322,6850.0,2338,6860.0,2909,6870.0,9392,6880.0,10624,6890.0,15146,2025-05-09 17:30:11.489,,2147483647,1134084,False,nan
8875,1403298,1612432879,MERV - XMEV - GGAL - 24hs,6850.0,2025-05-09 17:30:09,700,2025-05-09 17:30:16.275,6840.0,4160,6830.0,21426,6820.0,3718,6810.0,32035,6800.0,1322,6850.0,2338,6860.0,2909,6870.0,9392,6880.0,10624,6890.0,15146,2025-05-09 17:30:16.191,,2147483647,1134084,False,nan
8876,1403888,1612433597,MERV - XMEV - GGAL - 24hs,6850.0,2025-05-09 17:30:21,1751,2025-05-09 17:30:21.680,6840.0,4160,6830.0,21426,6820.0,3718,6810.0,32035,6800.0,1322,6850.0,2338,6860.0,2909,6870.0,9392,6880.0,10624,6890.0,15146,2025-05-09 17:30:21.557,,2147483647,1134084,True,offer
8877,1403963,1612433690,MERV - XMEV - GGAL - 24hs,6850.0,2025-05-09 17:30:21,1751,2025-05-09 17:30:22.310,6840.0,4160,6830.0,21412,6820.0,3718,6810.0,32035,6800.0,1322,6850.0,587,6860.0,2909,6870.0,9392,6880.0,10624,6890.0,15146,2025-05-09 17:30:22.224,,2147483647,1134084,False,nan
8878,1404041,1612433777,MERV - XMEV - GGAL - 24hs,6850.0,2025-05-09 17:30:21,1751,2025-05-09 17:30:22.803,6840.0,4160,6830.0,21412,6820.0,3718,6810.0,32035,6800.0,1322,6850.0,587,6860.0,2909,6870.0,9392,6880.0,10624,6890.0,15146,2025-05-09 17:30:22.723,,2147483647,1135835,False,nan
8879,1404130,1612433887,MERV - XMEV - GGAL - 24hs,6850.0,2025-05-09 17:30:21,1751,2025-05-09 17:30:23.992,6840.0,4160,6830.0,21308,6820.0,3718,6810.0,32035,6800.0,1322,6850.0,587,6860.0,2909,6870.0,9392,6880.0,10624,6890.0,15146,2025-05-09 17:30:23.914,,2147483647,1135835,False,nan
8880,1405437,1612435560,MERV - XMEV - GGAL - 24hs,6850.0,2025-05-09 17:30:35,131,2025-05-09 17:30:35.791,6840.0,4160,6830.0,21308,6820.0,3718,6810.0,32035,6800.0,1322,6850.0,587,6860.0,2909,6870.0,9392,6880.0,10624,6890.0,15146,2025-05-09 17:30:35.708,,2147483647,1135835,True,offer
8881,1405506,1612435646,MERV - XMEV - GGAL - 24hs,6850.0,2025-05-09 17:30:35,131,2025-05-09 17:30:36.299,6840.0,4160,6830.0,20962,6820.0,3718,6810.0,32035,6800.0,1322,6850.0,456,6860.0,2909,6870.0,9392,6880.0,10624,6890.0,15146,2025-05-09 17:30:36.212,,2147483647,1135835,False,nan
8882,1405588,1612435763,MERV - XMEV - GGAL - 24hs,6850.0,2025-05-09 17:30:35,131,2025-05-09 17:30:36.791,6840.0,4160,6830.0,20962,6820.0,3718,6810.0,32035,6800.0,1322,6850.0,456,6860.0,2909,6870.0,9392,6880.0,10624,6890.0,15146,2025-05-09 17:30:36.708,,2147483647,1135966,False,nan
8883,1405707,1612435911,MERV - XMEV - GGAL - 24hs,6850.0,2025-05-09 17:30:35,131,2025-05-09 17:30:37.950,6840.0,4160,6830.0,22002,6820.0,3718,6810.0,32035,6800.0,1322,6850.0,456,6860.0,2909,6870.0,9392,6880.0,10624,6890.0,15146,2025-05-09 17:30:37.872,,2147483647,1135966,False,nan
8884,1406065,1612436385,MERV - XMEV - GGAL - 24hs,6850.0,2025-05-09 17:30:35,131,2025-05-09 17:30:41.468,6840.0,4160,6830.0,20962,6820.0,3718,6810.0,32035,6800.0,1322,6850.0,456,6860.0,2909,6870.0,9392,6880.0,10624,6890.0,15146,2025-05-09 17:30:41.390,,2147483647,1135966,False,nan
8885,1406106,1612436436,MERV - XMEV - GGAL - 24hs,6850.0,2025-05-09 17:30:35,131,2025-05-09 17:30:42.139,6840.0,4160,6830.0,22002,6820.0,3718,6810.0,32035,6800.0,1322,6850.0,456,6860.0,2909,6870.0,9392,6880.0,10624,6890.0,15146,2025-05-09 17:30:42.059,,2147483647,1135966,False,nan
8886,1406350,1612436760,MERV - XMEV - GGAL - 24hs,6850.0,2025-05-09 17:30:44,287,2025-05-09 17:30:44.295,6840.0,4160,6830.0,22002,6820.0,3718,6810.0,32035,6800.0,1322,6850.0,456,6860.0,2909,6870.0,9392,6880.0,10624,6890.0,15146,2025-05-09 17:30:44.215,,2147483647,1135966,True,offer
8887,1406412,1612436837,MERV - XMEV - GGAL - 24hs,6860.0,2025-05-09 17:30:44,117,2025-05-09 17:30:44.797,6840.0,4160,6830.0,20962,6820.0,3718,6810.0,32035,6800.0,1322,6850.0,169,6860.0,2809,6870.0,9492,6880.0,10624,6890.0,15146,2025-05-09 17:30:44.715,,2147483647,1136253,False,nan
8888,1406471,1612436922,MERV - XMEV - GGAL - 24hs,6860.0,2025-05-09 17:30:44,117,2025-05-09 17:30:45.298,6840.0,4160,6830.0,20962,6820.0,3718,6810.0,32035,6800.0,1322,6860.0,2768,6870.0,9492,6880.0,10624,6890.0,15139,6900.0,26535,2025-05-09 17:30:45.215,,2147483647,1136539,False,nan
8889,1406703,1612437219,MERV - XMEV - GGAL - 24hs,6860.0,2025-05-09 17:30:44,117,2025-05-09 17:30:47.438,6840.0,4160,6830.0,22002,6820.0,3718,6810.0,32035,6800.0,1322,6860.0,2768,6870.0,9492,6880.0,10624,6890.0,15139,6900.0,26535,2025-05-09 17:30:47.358,,2147483647,1136539,False,nan
8890,1407161,1612437829,MERV - XMEV - GGAL - 24hs,6860.0,2025-05-09 17:30:44,117,2025-05-09 17:30:51.892,6840.0,4160,6830.0,20962,6820.0,3718,6810.0,32035,6800.0,1322,6860.0,2768,6870.0,9492,6880.0,10624,6890.0,15139,6900.0,26535,2025-05-09 17:30:51.814,,2147483647,1136539,False,nan
8891,1407366,1612438103,MERV - XMEV - GGAL - 24hs,6860.0,2025-05-09 17:30:44,117,2025-05-09 17:30:53.405,6840.0,4410,6830.0,20962,6820.0,3718,6810.0,32035,6800.0,1322,6860.0,2768,6870.0,9492,6880.0,10624,6890.0,15139,6900.0,26535,2025-05-09 17:30:53.317,,2147483647,1136539,False,nan
8892,1407544,1612438331,MERV - XMEV - GGAL - 24hs,6860.0,2025-05-09 17:30:54,478,2025-05-09 17:30:55.030,6840.0,4410,6830.0,20962,6820.0,3718,6810.0,32035,6800.0,1322,6860.0,2768,6870.0,9492,6880.0,10624,6890.0,15139,6900.0,26535,2025-05-09 17:30:54.947,,2147483647,1136539,True,offer
8893,1407590,1612438393,MERV - XMEV - GGAL - 24hs,6840.0,2025-05-09 17:30:54,19,2025-05-09 17:30:55.527,6840.0,4410,6830.0,20962,6820.0,3718,6810.0,32035,6800.0,1322,6860.0,2768,6870.0,9492,6880.0,10624,6890.0,15139,6900.0,26535,2025-05-09 17:30:55.448,,2147483647,1136539,False,nan
8894,1407651,1612438466,MERV - XMEV - GGAL - 24hs,6840.0,2025-05-09 17:30:54,19,2025-05-09 17:30:56.028,6840.0,4391,6830.0,20962,6820.0,3718,6810.0,32035,6800.0,1322,6860.0,1768,6870.0,9492,6880.0,10624,6890.0,15139,6900.0,26535,2025-05-09 17:30:55.947,,2147483647,1138558,False,nan
8895,1408395,1612439409,MERV - XMEV - GGAL - 24hs,6840.0,2025-05-09 17:30:54,19,2025-05-09 17:31:01.598,6840.0,4391,6830.0,20962,6820.0,3718,6810.0,32035,6800.0,1322,6860.0,1768,6870.0,9492,6880.0,10624,6890.0,20139,6900.0,21535,2025-05-09 17:31:01.393,,2147483647,1138558,False,nan
8896,1410307,1612441744,MERV - XMEV - GGAL - 24hs,6840.0,2025-05-09 17:30:54,19,2025-05-09 17:31:13.595,6840.0,4391,6830.0,20962,6820.0,3718,6810.0,32035,6800.0,1322,6860.0,1768,6870.0,9492,6880.0,10624,6890.0,15139,6900.0,26535,2025-05-09 17:31:13.516,,2147483647,1138558,False,nan
8897,1410356,1612441803,MERV - XMEV - GGAL - 24hs,6860.0,2025-05-09 17:31:14,28,2025-05-09 17:31:14.443,6840.0,4391,6830.0,20962,6820.0,3718,6810.0,32035,6800.0,1322,6860.0,1768,6870.0,9492,6880.0,10624,6890.0,15139,6900.0,26535,2025-05-09 17:31:14.357,,2147483647,1138558,True,offer
8898,1410408,1612441870,MERV - XMEV - GGAL - 24hs,6860.0,2025-05-09 17:31:14,28,2025-05-09 17:31:15.098,6840.0,4391,6830.0,20962,6820.0,3718,6810.0,32035,6800.0,1322,6860.0,1740,6870.0,9492,6880.0,10624,6890.0,15139,6900.0,26535,2025-05-09 17:31:15.019,,2147483647,1138558,False,nan
8899,1410448,1612441921,MERV - XMEV - GGAL - 24hs,6860.0,2025-05-09 17:31:14,28,2025-05-09 17:31:15.598,6840.0,4391,6830.0,20962,6820.0,3718,6810.0,32035,6800.0,1322,6860.0,1740,6870.0,9492,6880.0,10624,6890.0,15139,6900.0,26535,2025-05-09 17:31:15.520,,2147483647,1138586,False,nan
8900,1411011,1612442598,MERV - XMEV - GGAL - 24hs,6860.0,2025-05-09 17:31:14,28,2025-05-09 17:31:22.731,6840.0,4391,6830.0,20269,6820.0,3718,6810.0,32035,6800.0,1322,6860.0,1740,6870.0,9492,6880.0,10624,6890.0,15139,6900.0,26635,2025-05-09 17:31:22.638,,2147483647,1138586,False,nan
8901,1411204,1612442827,MERV - XMEV - GGAL - 24hs,6860.0,2025-05-09 17:31:14,28,2025-05-09 17:31:24.234,6840.0,4391,6830.0,20962,6820.0,3718,6810.0,32035,6800.0,1322,6860.0,1740,6870.0,9492,6880.0,10624,6890.0,15139,6900.0,26635,2025-05-09 17:31:24.147,,2147483647,1138586,False,nan
8902,1411497,1612443207,MERV - XMEV - GGAL - 24hs,6860.0,2025-05-09 17:31:14,28,2025-05-09 17:31:26.179,6840.0,4391,6830.0,21308,6820.0,3718,6810.0,32035,6800.0,1322,6860.0,1740,6870.0,9492,6880.0,10624,6890.0,15139,6900.0,26635,2025-05-09 17:31:26.100,,2147483647,1138586,False,nan
8903,1411984,1612443790,MERV - XMEV - GGAL - 24hs,6860.0,2025-05-09 17:31:14,28,2025-05-09 17:31:30.803,6840.0,4391,6830.0,21308,6820.0,3718,6810.0,32035,6800.0,1322,6860.0,1740,6870.0,9492,6880.0,10624,6890.0,20139,6900.0,21635,2025-05-09 17:31:30.720,,2147483647,1138586,False,nan
8904,1412272,1612444166,MERV - XMEV - GGAL - 24hs,6860.0,2025-05-09 17:31:14,28,2025-05-09 17:31:34.153,6840.0,4391,6830.0,20308,6820.0,3718,6810.0,32035,6800.0,1322,6860.0,1740,6870.0,9492,6880.0,10624,6890.0,20139,6900.0,21635,2025-05-09 17:31:34.067,,2147483647,1138586,False,nan
8905,1412444,1612444366,MERV - XMEV - GGAL - 24hs,6860.0,2025-05-09 17:31:14,28,2025-05-09 17:31:35.223,6840.0,4391,6830.0,21308,6820.0,3718,6810.0,32035,6800.0,1322,6860.0,1740,6870.0,9492,6880.0,10624,6890.0,20139,6900.0,21735,2025-05-09 17:31:35.091,,2147483647,1138586,False,nan
8906,1413556,1612445847,MERV - XMEV - GGAL - 24hs,6860.0,2025-05-09 17:31:14,28,2025-05-09 17:31:43.631,6850.0,364,6840.0,4391,6830.0,21308,6820.0,3618,6810.0,32035,6860.0,1664,6870.0,9492,6880.0,10624,6890.0,20139,6900.0,21742,2025-05-09 17:31:43.552,,2147483647,1138586,False,nan
8907,1414769,1612447345,MERV - XMEV - GGAL - 24hs,6860.0,2025-05-09 17:31:14,28,2025-05-09 17:31:50.374,6850.0,364,6840.0,4391,6830.0,20308,6820.0,4618,6810.0,32035,6860.0,1664,6870.0,9492,6880.0,10624,6890.0,20139,6900.0,21742,2025-05-09 17:31:50.217,,2147483647,1138586,False,nan
8908,1414910,1612447508,MERV - XMEV - GGAL - 24hs,6860.0,2025-05-09 17:31:14,28,2025-05-09 17:31:50.863,6850.0,364,6840.0,4391,6830.0,20300,6820.0,4618,6810.0,32035,6860.0,1664,6870.0,9492,6880.0,10624,6890.0,20139,6900.0,21742,2025-05-09 17:31:50.455,,2147483647,1138586,False,nan
8909,1415535,1612448279,MERV - XMEV - GGAL - 24hs,6860.0,2025-05-09 17:31:14,28,2025-05-09 17:31:54.596,6850.0,364,6840.0,4391,6830.0,20290,6820.0,4618,6810.0,32035,6860.0,1664,6870.0,9492,6880.0,10624,6890.0,20139,6900.0,21742,2025-05-09 17:31:54.514,,2147483647,1138586,False,nan
8910,1415623,1612448396,MERV - XMEV - GGAL - 24hs,6850.0,2025-05-09 17:31:55,3,2025-05-09 17:31:55.396,6850.0,364,6840.0,4391,6830.0,20290,6820.0,4618,6810.0,32035,6860.0,1664,6870.0,9492,6880.0,10624,6890.0,20139,6900.0,21742,2025-05-09 17:31:55.316,,2147483647,1138586,True,bid
8911,1415657,1612448438,MERV - XMEV - GGAL - 24hs,6850.0,2025-05-09 17:31:55,3,2025-05-09 17:31:55.961,6850.0,361,6840.0,4391,6830.0,20290,6820.0,4618,6810.0,32035,6860.0,1664,6870.0,9492,6880.0,12624,6890.0,18139,6900.0,21742,2025-05-09 17:31:55.880,,2147483647,1138586,False,nan
8912,1415729,1612448528,MERV - XMEV - GGAL - 24hs,6850.0,2025-05-09 17:31:55,3,2025-05-09 17:31:56.463,6850.0,361,6840.0,4391,6830.0,20290,6820.0,4618,6810.0,32035,6860.0,1664,6870.0,9492,6880.0,12624,6890.0,18139,6900.0,21742,2025-05-09 17:31:56.380,,2147483647,1138589,False,nan
8913,1416139,1612449038,MERV - XMEV - GGAL - 24hs,6860.0,2025-05-09 17:31:59,150,2025-05-09 17:31:59.516,6850.0,361,6840.0,4391,6830.0,20290,6820.0,4618,6810.0,32035,6860.0,1664,6870.0,9492,6880.0,12624,6890.0,18139,6900.0,21742,2025-05-09 17:31:59.428,,2147483647,1138589,True,offer
8914,1416231,1612449158,MERV - XMEV - GGAL - 24hs,6860.0,2025-05-09 17:31:59,336,2025-05-09 17:32:00.122,6850.0,361,6840.0,4391,6830.0,20290,6820.0,4618,6810.0,32035,6860.0,1664,6870.0,9492,6880.0,12624,6890.0,18139,6900.0,21742,2025-05-09 17:31:59.929,,2147483647,1138589,False,nan
8915,1416344,1612449301,MERV - XMEV - GGAL - 24hs,6860.0,2025-05-09 17:31:59,336,2025-05-09 17:32:00.556,6850.0,361,6840.0,4391,6830.0,20290,6820.0,4618,6810.0,32035,6860.0,664,6870.0,9492,6880.0,12624,6890.0,18139,6900.0,21742,2025-05-09 17:32:00.430,,2147483647,1139589,False,nan
8916,1416441,1612449422,MERV - XMEV - GGAL - 24hs,6860.0,2025-05-09 17:32:00,28,2025-05-09 17:32:01.038,6850.0,361,6840.0,4391,6830.0,20290,6820.0,4618,6810.0,32035,6860.0,664,6870.0,9492,6880.0,12624,6890.0,18139,6900.0,21742,2025-05-09 17:32:00.929,,2147483647,1139589,True,offer
8917,1416549,1612449550,MERV - XMEV - GGAL - 24hs,6860.0,2025-05-09 17:32:00,28,2025-05-09 17:32:01.515,6850.0,361,6840.0,4391,6830.0,19943,6820.0,4618,6810.0,32035,6860.0,636,6870.0,9492,6880.0,12624,6890.0,18139,6900.0,21742,2025-05-09 17:32:01.428,,2147483647,1139617,False,nan
8918,1416800,1612449841,MERV - XMEV - GGAL - 24hs,6860.0,2025-05-09 17:32:00,28,2025-05-09 17:32:03.342,6850.0,391,6840.0,4391,6830.0,19943,6820.0,4618,6810.0,32035,6860.0,636,6870.0,9492,6880.0,12624,6890.0,18139,6900.0,21742,2025-05-09 17:32:03.222,,2147483647,1139617,False,nan
8919,1417062,1612450178,MERV - XMEV - GGAL - 24hs,6860.0,2025-05-09 17:32:00,28,2025-05-09 17:32:04.883,6850.0,391,6840.0,4391,6830.0,19250,6820.0,4618,6810.0,32035,6860.0,636,6870.0,9492,6880.0,12624,6890.0,18139,6900.0,21742,2025-05-09 17:32:04.783,,2147483647,1139617,False,nan
8920,1417133,1612450264,MERV - XMEV - GGAL - 24hs,6860.0,2025-05-09 17:32:00,28,2025-05-09 17:32:05.543,6850.0,391,6840.0,4391,6830.0,19597,6820.0,4618,6810.0,32035,6860.0,636,6870.0,9492,6880.0,12624,6890.0,18139,6900.0,21742,2025-05-09 17:32:05.463,,2147483647,1139617,False,nan
8921,1417190,1612450340,MERV - XMEV - GGAL - 24hs,6860.0,2025-05-09 17:32:00,28,2025-05-09 17:32:06.326,6850.0,391,6840.0,19391,6830.0,5943,6820.0,3618,6810.0,35035,6860.0,636,6870.0,9492,6880.0,10624,6890.0,13139,6900.0,13742,2025-05-09 17:32:06.242,,2147483647,1139617,False,nan
8922,1417254,1612450418,MERV - XMEV - GGAL - 24hs,6860.0,2025-05-09 17:32:00,28,2025-05-09 17:32:07.039,6850.0,391,6840.0,19391,6830.0,9401,6820.0,3618,6810.0,32035,6860.0,636,6870.0,9492,6880.0,10624,6890.0,13139,6900.0,13742,2025-05-09 17:32:06.959,,2147483647,1139617,False,nan
8923,1417331,1612450521,MERV - XMEV - GGAL - 24hs,6860.0,2025-05-09 17:32:00,28,2025-05-09 17:32:07.816,6850.0,391,6840.0,19391,6830.0,10442,6820.0,3618,6810.0,32035,6860.0,636,6870.0,9492,6880.0,10624,6890.0,13139,6900.0,13742,2025-05-09 17:32:07.734,,2147483647,1139617,False,nan
8924,1417372,1612450575,MERV - XMEV - GGAL - 24hs,6860.0,2025-05-09 17:32:00,28,2025-05-09 17:32:08.511,6850.0,391,6840.0,19391,6830.0,9748,6820.0,3618,6810.0,32035,6860.0,636,6870.0,9492,6880.0,10624,6890.0,13139,6900.0,13742,2025-05-09 17:32:08.431,,2147483647,1139617,False,nan
8925,1417465,1612450704,MERV - XMEV - GGAL - 24hs,6860.0,2025-05-09 17:32:00,28,2025-05-09 17:32:09.359,6850.0,391,6840.0,19391,6830.0,9054,6820.0,3618,6810.0,32035,6860.0,636,6870.0,9292,6880.0,10624,6890.0,13139,6900.0,13742,2025-05-09 17:32:09.246,,2147483647,1139617,False,nan
8926,1417590,1612450860,MERV - XMEV - GGAL - 24hs,6860.0,2025-05-09 17:32:00,28,2025-05-09 17:32:10.004,6850.0,391,6840.0,19391,6830.0,8707,6820.0,3618,6810.0,32035,6860.0,636,6870.0,9292,6880.0,10624,6890.0,13139,6900.0,13742,2025-05-09 17:32:09.923,,2147483647,1139617,False,nan
8927,1417709,1612451011,MERV - XMEV - GGAL - 24hs,6860.0,2025-05-09 17:32:00,28,2025-05-09 17:32:10.775,6850.0,391,6840.0,19667,6830.0,4892,6820.0,3618,6810.0,32035,6860.0,636,6870.0,9292,6880.0,10624,6890.0,13139,6900.0,13742,2025-05-09 17:32:10.694,,2147483647,1139617,False,nan
8928,1417788,1612451107,MERV - XMEV - GGAL - 24hs,6860.0,2025-05-09 17:32:00,28,2025-05-09 17:32:11.541,6850.0,391,6840.0,19736,6830.0,4892,6820.0,3618,6810.0,32035,6860.0,636,6870.0,9292,6880.0,10624,6890.0,13139,6900.0,13742,2025-05-09 17:32:11.457,,2147483647,1139617,False,nan
8929,1418004,1612451393,MERV - XMEV - GGAL - 24hs,6860.0,2025-05-09 17:32:00,28,2025-05-09 17:32:13.236,6850.0,15391,6840.0,4736,6830.0,4892,6820.0,3618,6810.0,32035,6860.0,2636,6870.0,9292,6880.0,10624,6890.0,13139,6900.0,13742,2025-05-09 17:32:13.155,,2147483647,1139617,False,nan
8930,1418073,1612451479,MERV - XMEV - GGAL - 24hs,6860.0,2025-05-09 17:32:00,28,2025-05-09 17:32:14.054,6850.0,15391,6840.0,4836,6830.0,4892,6820.0,3618,6810.0,32035,6860.0,2636,6870.0,9292,6880.0,10624,6890.0,13139,6900.0,13742,2025-05-09 17:32:13.974,,2147483647,1139617,False,nan
8931,1418213,1612451665,MERV - XMEV - GGAL - 24hs,6860.0,2025-05-09 17:32:15,300,2025-05-09 17:32:15.255,6850.0,15391,6840.0,4836,6830.0,4892,6820.0,3618,6810.0,32035,6860.0,2636,6870.0,9292,6880.0,10624,6890.0,13139,6900.0,13742,2025-05-09 17:32:15.100,,2147483647,1139617,True,offer
8932,1418304,1612451784,MERV - XMEV - GGAL - 24hs,6860.0,2025-05-09 17:32:15,300,2025-05-09 17:32:15.808,6850.0,15391,6840.0,4889,6830.0,4892,6820.0,3618,6810.0,32035,6860.0,2336,6870.0,9292,6880.0,10624,6890.0,13139,6900.0,13742,2025-05-09 17:32:15.724,,2147483647,1139617,False,nan
8933,1418380,1612451896,MERV - XMEV - GGAL - 24hs,6860.0,2025-05-09 17:32:15,300,2025-05-09 17:32:16.306,6850.0,15391,6840.0,4889,6830.0,4892,6820.0,3618,6810.0,32035,6860.0,2336,6870.0,9292,6880.0,10624,6890.0,13139,6900.0,13742,2025-05-09 17:32:16.226,,2147483647,1139917,False,nan
8934,1418490,1612452045,MERV - XMEV - GGAL - 24hs,6860.0,2025-05-09 17:32:15,300,2025-05-09 17:32:17.831,6850.0,15391,6840.0,4889,6830.0,4992,6820.0,3518,6810.0,32035,6860.0,2336,6870.0,9292,6880.0,10624,6890.0,13139,6900.0,13742,2025-05-09 17:32:17.736,,2147483647,1139917,False,nan
8935,1419050,1612452748,MERV - XMEV - GGAL - 24hs,6860.0,2025-05-09 17:32:15,300,2025-05-09 17:32:20.772,6850.0,16120,6840.0,4544,6830.0,9154,6820.0,3518,6810.0,32035,6860.0,2336,6870.0,9292,6880.0,10624,6890.0,13139,6900.0,13742,2025-05-09 17:32:20.324,,2147483647,1139917,False,nan
8936,1419270,1612453006,MERV - XMEV - GGAL - 24hs,6860.0,2025-05-09 17:32:15,300,2025-05-09 17:32:21.625,6850.0,16120,6840.0,4544,6830.0,5797,6820.0,3518,6810.0,32035,6860.0,336,6870.0,9292,6880.0,10624,6890.0,13139,6900.0,13742,2025-05-09 17:32:21.507,,2147483647,1139917,False,nan
8937,1419361,1612453161,MERV - XMEV - GGAL - 24hs,6860.0,2025-05-09 17:32:15,300,2025-05-09 17:32:22.524,6850.0,16120,6840.0,4544,6830.0,6180,6820.0,3518,6810.0,32035,6860.0,336,6870.0,9292,6880.0,10624,6890.0,13139,6900.0,12142,2025-05-09 17:32:22.438,,2147483647,1139917,False,nan
8938,1419477,1612453300,MERV - XMEV - GGAL - 24hs,6860.0,2025-05-09 17:32:15,300,2025-05-09 17:32:23.994,6850.0,16120,6840.0,4544,6830.0,6080,6820.0,3618,6810.0,32035,6860.0,336,6870.0,9292,6880.0,10624,6890.0,13139,6900.0,12142,2025-05-09 17:32:23.897,,2147483647,1139917,False,nan
8939,1419750,1612453625,MERV - XMEV - GGAL - 24hs,6860.0,2025-05-09 17:32:15,300,2025-05-09 17:32:25.403,6850.0,16120,6840.0,4544,6830.0,6427,6820.0,3618,6810.0,32035,6860.0,336,6870.0,9292,6880.0,10624,6890.0,13139,6900.0,12142,2025-05-09 17:32:24.982,,2147483647,1139917,False,nan
8940,1419899,1612453807,MERV - XMEV - GGAL - 24hs,6860.0,2025-05-09 17:32:15,300,2025-05-09 17:32:26.831,6850.0,16120,6840.0,4544,6830.0,6427,6820.0,4018,6810.0,32035,6860.0,336,6870.0,9292,6880.0,10624,6890.0,13139,6900.0,12142,2025-05-09 17:32:26.750,,2147483647,1139917,False,nan
8941,1420089,1612454073,MERV - XMEV - GGAL - 24hs,6860.0,2025-05-09 17:32:15,300,2025-05-09 17:32:28.588,6850.0,16120,6840.0,4644,6830.0,6427,6820.0,3518,6810.0,32035,6860.0,336,6870.0,9292,6880.0,10624,6890.0,13139,6900.0,10142,2025-05-09 17:32:28.496,,2147483647,1139917,False,nan
8942,1420577,1612454666,MERV - XMEV - GGAL - 24hs,6860.0,2025-05-09 17:32:15,300,2025-05-09 17:32:33.349,6850.0,16120,6840.0,4644,6830.0,6773,6820.0,3518,6810.0,32035,6860.0,336,6870.0,9292,6880.0,10624,6890.0,13139,6900.0,10142,2025-05-09 17:32:33.267,,2147483647,1139917,False,nan
8943,1420697,1612454822,MERV - XMEV - GGAL - 24hs,6860.0,2025-05-09 17:32:15,300,2025-05-09 17:32:35.013,6850.0,16120,6840.0,4644,6830.0,6748,6820.0,3518,6810.0,32035,6860.0,336,6870.0,9292,6880.0,10624,6890.0,13139,6900.0,10142,2025-05-09 17:32:34.933,,2147483647,1139917,False,nan
8944,1421939,1612456420,MERV - XMEV - GGAL - 24hs,6860.0,2025-05-09 17:32:15,300,2025-05-09 17:32:47.457,6850.0,16120,6840.0,4644,6830.0,6748,6820.0,3518,6810.0,32035,6870.0,9628,6880.0,10624,6890.0,13139,6900.0,10142,6910.0,7873,2025-05-09 17:32:47.372,,2147483647,1139917,False,nan
8945,1421976,1612456475,MERV - XMEV - GGAL - 24hs,6850.0,2025-05-09 17:32:46,100,2025-05-09 17:32:47.958,6850.0,16120,6840.0,4644,6830.0,6748,6820.0,3518,6810.0,32035,6870.0,9628,6880.0,10624,6890.0,13139,6900.0,10142,6910.0,7873,2025-05-09 17:32:47.872,,2147483647,1139917,True,bid
8946,1422047,1612456562,MERV - XMEV - GGAL - 24hs,6850.0,2025-05-09 17:32:46,100,2025-05-09 17:32:48.455,6850.0,15975,6840.0,4644,6830.0,6748,6820.0,3518,6810.0,32035,6870.0,9704,6880.0,10624,6890.0,13139,6900.0,10135,6910.0,7873,2025-05-09 17:32:48.372,,2147483647,1140062,False,nan
8947,1422430,1612457044,MERV - XMEV - GGAL - 24hs,6850.0,2025-05-09 17:32:46,100,2025-05-09 17:32:50.842,6850.0,15975,6840.0,4644,6830.0,6748,6820.0,3518,6810.0,32035,6870.0,9704,6880.0,10624,6890.0,13139,6900.0,10135,6910.0,2873,2025-05-09 17:32:50.757,,2147483647,1140062,False,nan
8948,1422548,1612457197,MERV - XMEV - GGAL - 24hs,6850.0,2025-05-09 17:32:50,21,2025-05-09 17:32:51.347,6850.0,15954,6840.0,4644,6830.0,6748,6820.0,3518,6810.0,32035,6870.0,9704,6880.0,10624,6890.0,13139,6900.0,10135,6910.0,2873,2025-05-09 17:32:51.257,,2147483647,1140083,True,bid
8949,1422737,1612457441,MERV - XMEV - GGAL - 24hs,6850.0,2025-05-09 17:32:50,21,2025-05-09 17:32:53.163,6850.0,15955,6840.0,4644,6830.0,6748,6820.0,3518,6810.0,32035,6870.0,9704,6880.0,10624,6890.0,13139,6900.0,10135,6910.0,2873,2025-05-09 17:32:53.082,,2147483647,1140083,False,nan
8950,1423014,1612457801,MERV - XMEV - GGAL - 24hs,6870.0,2025-05-09 17:32:56,102,2025-05-09 17:32:56.368,6850.0,15955,6840.0,4644,6830.0,6748,6820.0,3518,6810.0,32035,6870.0,9704,6880.0,10624,6890.0,13139,6900.0,10135,6910.0,2873,2025-05-09 17:32:56.288,,2147483647,1140083,True,offer
8951,1423122,1612457951,MERV - XMEV - GGAL - 24hs,6870.0,2025-05-09 17:32:56,102,2025-05-09 17:32:57.036,6850.0,15955,6840.0,5644,6830.0,5748,6820.0,3518,6810.0,32035,6870.0,9602,6880.0,10624,6890.0,13139,6900.0,10135,6910.0,7873,2025-05-09 17:32:56.957,,2147483647,1140083,False,nan
8952,1423211,1612458063,MERV - XMEV - GGAL - 24hs,6870.0,2025-05-09 17:32:56,102,2025-05-09 17:32:57.539,6850.0,15955,6840.0,5644,6830.0,5748,6820.0,3518,6810.0,32035,6870.0,9602,6880.0,10624,6890.0,13139,6900.0,10135,6910.0,7873,2025-05-09 17:32:57.457,,2147483647,1140185,False,nan
8953,1423261,1612458118,MERV - XMEV - GGAL - 24hs,6870.0,2025-05-09 17:32:56,102,2025-05-09 17:32:58.041,6850.0,15955,6840.0,5644,6830.0,8867,6820.0,3518,6810.0,32035,6870.0,9602,6880.0,10624,6890.0,13139,6900.0,12135,6910.0,15873,2025-05-09 17:32:57.957,,2147483647,1140185,False,nan
8954,1423296,1612458165,MERV - XMEV - GGAL - 24hs,6870.0,2025-05-09 17:32:56,102,2025-05-09 17:32:58.613,6850.0,15955,6840.0,5499,6830.0,8867,6820.0,3518,6810.0,32035,6870.0,9602,6880.0,10624,6890.0,13139,6900.0,12135,6910.0,15873,2025-05-09 17:32:58.532,,2147483647,1140185,False,nan
8955,1423437,1612458346,MERV - XMEV - GGAL - 24hs,6870.0,2025-05-09 17:33:00,4,2025-05-09 17:33:00.387,6850.0,15955,6840.0,5499,6830.0,8867,6820.0,3518,6810.0,32035,6870.0,9602,6880.0,10624,6890.0,13139,6900.0,12135,6910.0,15873,2025-05-09 17:33:00.304,,2147483647,1140185,True,offer
8956,1423519,1612458441,MERV - XMEV - GGAL - 24hs,6870.0,2025-05-09 17:33:00,4,2025-05-09 17:33:01.057,6850.0,15955,6840.0,5499,6830.0,8867,6820.0,3518,6810.0,32035,6870.0,9598,6880.0,10624,6890.0,13139,6900.0,12135,6910.0,15873,2025-05-09 17:33:00.977,,2147483647,1140185,False,nan
8957,1423557,1612458484,MERV - XMEV - GGAL - 24hs,6870.0,2025-05-09 17:33:00,4,2025-05-09 17:33:01.553,6850.0,15955,6840.0,5499,6830.0,8867,6820.0,3518,6810.0,32035,6870.0,9598,6880.0,10624,6890.0,13139,6900.0,12135,6910.0,15873,2025-05-09 17:33:01.468,,2147483647,1140189,False,nan
8958,1423686,1612458645,MERV - XMEV - GGAL - 24hs,6860.0,2025-05-09 17:33:03,15,2025-05-09 17:33:03.104,6850.0,15955,6840.0,5499,6830.0,8867,6820.0,3518,6810.0,32035,6870.0,9598,6880.0,10624,6890.0,13139,6900.0,12135,6910.0,15873,2025-05-09 17:33:03.019,,2147483647,1140189,True,nan
8959,1423751,1612458722,MERV - XMEV - GGAL - 24hs,6870.0,2025-05-09 17:33:03,211,2025-05-09 17:33:03.599,6850.0,15955,6840.0,5499,6830.0,8867,6820.0,3518,6810.0,32035,6870.0,9517,6880.0,10624,6890.0,13139,6900.0,12142,6910.0,15873,2025-05-09 17:33:03.519,,2147483647,1140249,False,nan
8960,1423822,1612458818,MERV - XMEV - GGAL - 24hs,6870.0,2025-05-09 17:33:03,211,2025-05-09 17:33:04.099,6850.0,955,6840.0,19499,6830.0,9867,6820.0,3518,6810.0,32035,6870.0,6593,6880.0,10624,6890.0,13139,6900.0,17135,6910.0,10873,2025-05-09 17:33:04.018,,2147483647,1143209,False,nan
8961,1423973,1612459034,MERV - XMEV - GGAL - 24hs,6870.0,2025-05-09 17:33:03,211,2025-05-09 17:33:04.939,6850.0,955,6840.0,19499,6830.0,9521,6820.0,3518,6810.0,32035,6870.0,6593,6880.0,10624,6890.0,13139,6900.0,17135,6910.0,10873,2025-05-09 17:33:04.835,,2147483647,1143209,False,nan
8962,1424037,1612459117,MERV - XMEV - GGAL - 24hs,6850.0,2025-05-09 17:33:05,195,2025-05-09 17:33:05.556,6850.0,955,6840.0,19499,6830.0,9521,6820.0,3518,6810.0,32035,6870.0,6593,6880.0,10624,6890.0,13139,6900.0,17135,6910.0,10873,2025-05-09 17:33:05.371,,2147483647,1143209,True,bid
8963,1424118,1612459207,MERV - XMEV - GGAL - 24hs,6850.0,2025-05-09 17:33:05,519,2025-05-09 17:33:05.960,6850.0,211,6840.0,19499,6830.0,9521,6820.0,3518,6810.0,32035,6860.0,336,6870.0,6181,6880.0,10624,6890.0,13139,6900.0,17142,2025-05-09 17:33:05.871,,2147483647,1143209,False,nan
8964,1424178,1612459277,MERV - XMEV - GGAL - 24hs,6850.0,2025-05-09 17:33:05,519,2025-05-09 17:33:06.459,6850.0,211,6840.0,19499,6830.0,9521,6820.0,3518,6810.0,32035,6860.0,336,6870.0,6181,6880.0,10624,6890.0,13139,6900.0,17142,2025-05-09 17:33:06.371,,2147483647,1143953,False,nan
8965,1424234,1612459349,MERV - XMEV - GGAL - 24hs,6850.0,2025-05-09 17:33:06,1,2025-05-09 17:33:06.951,6850.0,210,6840.0,19499,6830.0,9521,6820.0,3518,6810.0,32035,6860.0,336,6870.0,6181,6880.0,10624,6890.0,13139,6900.0,17142,2025-05-09 17:33:06.871,,2147483647,1143953,True,bid
8966,1424299,1612459426,MERV - XMEV - GGAL - 24hs,6850.0,2025-05-09 17:33:06,1,2025-05-09 17:33:07.456,6850.0,210,6840.0,19499,6830.0,9521,6820.0,3518,6810.0,32035,6860.0,336,6870.0,6181,6880.0,10624,6890.0,13139,6900.0,17142,2025-05-09 17:33:07.372,,2147483647,1143954,False,nan
8967,1424392,1612459565,MERV - XMEV - GGAL - 24hs,6860.0,2025-05-09 17:33:08,20,2025-05-09 17:33:08.665,6850.0,210,6840.0,19499,6830.0,9521,6820.0,3518,6810.0,32035,6860.0,336,6870.0,6181,6880.0,10624,6890.0,13139,6900.0,17142,2025-05-09 17:33:08.585,,2147483647,1143954,True,offer
8968,1424435,1612459631,MERV - XMEV - GGAL - 24hs,6860.0,2025-05-09 17:33:08,20,2025-05-09 17:33:09.504,6850.0,410,6840.0,19499,6830.0,9521,6820.0,3518,6810.0,32035,6860.0,316,6870.0,6181,6880.0,10624,6890.0,13139,6900.0,17142,2025-05-09 17:33:09.272,,2147483647,1143954,False,nan
8969,1424452,1612459654,MERV - XMEV - GGAL - 24hs,6860.0,2025-05-09 17:33:08,20,2025-05-09 17:33:09.664,6850.0,410,6840.0,19499,6830.0,9521,6820.0,3518,6810.0,32035,6860.0,316,6870.0,6181,6880.0,10624,6890.0,13139,6900.0,17142,2025-05-09 17:33:09.585,,2147483647,1143974,False,nan
8970,1424788,1612460119,MERV - XMEV - GGAL - 24hs,6860.0,2025-05-09 17:33:08,20,2025-05-09 17:33:13.705,6850.0,410,6840.0,19499,6830.0,9521,6820.0,3664,6810.0,32035,6860.0,316,6870.0,6181,6880.0,10624,6890.0,13139,6900.0,27142,2025-05-09 17:33:13.617,,2147483647,1143974,False,nan
8971,1424947,1612460324,MERV - XMEV - GGAL - 24hs,6860.0,2025-05-09 17:33:14,7,2025-05-09 17:33:14.660,6850.0,410,6840.0,19499,6830.0,9521,6820.0,3664,6810.0,32035,6860.0,316,6870.0,6181,6880.0,10624,6890.0,13139,6900.0,27142,2025-05-09 17:33:14.577,,2147483647,1143974,True,offer
8972,1425018,1612460411,MERV - XMEV - GGAL - 24hs,6860.0,2025-05-09 17:33:14,7,2025-05-09 17:33:15.157,6850.0,410,6840.0,19499,6830.0,9521,6820.0,3664,6810.0,32035,6860.0,309,6870.0,6903,6880.0,10624,6890.0,13139,6900.0,27142,2025-05-09 17:33:15.077,,2147483647,1143974,False,nan
8973,1425072,1612460478,MERV - XMEV - GGAL - 24hs,6860.0,2025-05-09 17:33:14,7,2025-05-09 17:33:15.657,6850.0,410,6840.0,19499,6830.0,9521,6820.0,3664,6810.0,32035,6860.0,309,6870.0,6903,6880.0,10624,6890.0,13139,6900.0,27142,2025-05-09 17:33:15.576,,2147483647,1143981,False,nan
8974,1425562,1612461114,MERV - XMEV - GGAL - 24hs,6860.0,2025-05-09 17:33:14,7,2025-05-09 17:33:19.449,6850.0,410,6840.0,19499,6830.0,9521,6820.0,3664,6810.0,32035,6860.0,309,6870.0,6903,6880.0,11524,6890.0,13139,6900.0,27142,2025-05-09 17:33:19.370,,2147483647,1143981,False,nan
8975,1425619,1612461192,MERV - XMEV - GGAL - 24hs,6860.0,2025-05-09 17:33:14,7,2025-05-09 17:33:20.205,6850.0,410,6840.0,19499,6830.0,5584,6820.0,3664,6810.0,32035,6860.0,309,6870.0,6903,6880.0,11524,6890.0,13139,6900.0,27142,2025-05-09 17:33:20.124,,2147483647,1143981,False,nan
8976,1425785,1612461396,MERV - XMEV - GGAL - 24hs,6860.0,2025-05-09 17:33:14,7,2025-05-09 17:33:21.732,6850.0,410,6840.0,19399,6830.0,5584,6820.0,3764,6810.0,32035,6860.0,309,6870.0,6903,6880.0,11524,6890.0,13139,6900.0,27142,2025-05-09 17:33:21.652,,2147483647,1143981,False,nan
8977,1425860,1612461487,MERV - XMEV - GGAL - 24hs,6860.0,2025-05-09 17:33:22,180,2025-05-09 17:33:22.303,6850.0,410,6840.0,19399,6830.0,5584,6820.0,3764,6810.0,32035,6860.0,309,6870.0,6903,6880.0,11524,6890.0,13139,6900.0,27142,2025-05-09 17:33:22.214,,2147483647,1143981,True,offer
8978,1425942,1612461583,MERV - XMEV - GGAL - 24hs,6860.0,2025-05-09 17:33:22,180,2025-05-09 17:33:22.975,6850.0,410,6840.0,19399,6830.0,5584,6820.0,3764,6810.0,32035,6860.0,129,6870.0,6903,6880.0,11524,6890.0,13139,6900.0,27142,2025-05-09 17:33:22.890,,2147483647,1143981,False,nan
8979,1426005,1612461651,MERV - XMEV - GGAL - 24hs,6860.0,2025-05-09 17:33:22,180,2025-05-09 17:33:23.468,6850.0,410,6840.0,19399,6830.0,5584,6820.0,3764,6810.0,32035,6860.0,129,6870.0,6903,6880.0,11524,6890.0,13139,6900.0,27142,2025-05-09 17:33:23.384,,2147483647,1144161,False,nan
8980,1426125,1612461793,MERV - XMEV - GGAL - 24hs,6860.0,2025-05-09 17:33:22,180,2025-05-09 17:33:24.645,6850.0,410,6840.0,19399,6830.0,9174,6820.0,3764,6810.0,32035,6860.0,129,6870.0,6903,6880.0,11524,6890.0,13139,6900.0,27142,2025-05-09 17:33:24.564,,2147483647,1144161,False,nan
8981,1426504,1612462269,MERV - XMEV - GGAL - 24hs,6860.0,2025-05-09 17:33:27,129,2025-05-09 17:33:27.923,6850.0,410,6840.0,19399,6830.0,9174,6820.0,3764,6810.0,32035,6860.0,129,6870.0,6903,6880.0,11524,6890.0,13139,6900.0,27142,2025-05-09 17:33:27.844,,2147483647,1144161,True,offer
8982,1426567,1612462350,MERV - XMEV - GGAL - 24hs,6860.0,2025-05-09 17:33:27,200,2025-05-09 17:33:28.425,6850.0,410,6840.0,19399,6830.0,9174,6820.0,3764,6810.0,32035,6860.0,129,6870.0,6903,6880.0,11524,6890.0,13139,6900.0,27142,2025-05-09 17:33:28.344,,2147483647,1144161,False,nan
8983,1426624,1612462442,MERV - XMEV - GGAL - 24hs,6860.0,2025-05-09 17:33:27,200,2025-05-09 17:33:28.923,6850.0,410,6840.0,19399,6830.0,9774,6820.0,3664,6810.0,32035,6860.0,336,6870.0,6903,6880.0,11524,6890.0,13139,6900.0,27142,2025-05-09 17:33:28.844,,2147483647,1144490,False,nan
8984,1426671,1612462507,MERV - XMEV - GGAL - 24hs,6860.0,2025-05-09 17:33:27,200,2025-05-09 17:33:29.448,6850.0,410,6840.0,19399,6830.0,9774,6820.0,3664,6810.0,32035,6860.0,2336,6870.0,6903,6880.0,11524,6890.0,13139,6900.0,27142,2025-05-09 17:33:29.363,,2147483647,1144490,False,nan
8985,1426899,1612462808,MERV - XMEV - GGAL - 24hs,6860.0,2025-05-09 17:33:27,200,2025-05-09 17:33:32.288,6850.0,410,6840.0,19399,6830.0,9774,6820.0,3664,6810.0,32035,6860.0,2336,6870.0,6903,6880.0,11524,6890.0,15139,6900.0,25142,2025-05-09 17:33:32.185,,2147483647,1144490,False,nan
8986,1427235,1612463225,MERV - XMEV - GGAL - 24hs,6860.0,2025-05-09 17:33:35,58,2025-05-09 17:33:35.286,6850.0,410,6840.0,19399,6830.0,9774,6820.0,3664,6810.0,32035,6860.0,2336,6870.0,6903,6880.0,11524,6890.0,15139,6900.0,25142,2025-05-09 17:33:35.205,,2147483647,1144490,True,offer
8987,1427289,1612463298,MERV - XMEV - GGAL - 24hs,6860.0,2025-05-09 17:33:35,278,2025-05-09 17:33:35.955,6850.0,410,6840.0,19399,6830.0,9774,6820.0,3664,6810.0,32035,6860.0,2336,6870.0,6903,6880.0,11524,6890.0,15139,6900.0,25142,2025-05-09 17:33:35.874,,2147483647,1144548,False,nan
8988,1427347,1612463375,MERV - XMEV - GGAL - 24hs,6860.0,2025-05-09 17:33:35,82,2025-05-09 17:33:36.456,6850.0,410,6840.0,19399,6830.0,9774,6820.0,3664,6810.0,32035,6860.0,2278,6870.0,6903,6880.0,11524,6890.0,15139,6900.0,25142,2025-05-09 17:33:36.375,,2147483647,1144548,False,nan
8989,1427404,1612463451,MERV - XMEV - GGAL - 24hs,6860.0,2025-05-09 17:33:35,82,2025-05-09 17:33:36.958,6850.0,410,6840.0,19399,6830.0,9774,6820.0,3664,6810.0,32035,6860.0,2254,6870.0,6903,6880.0,11524,6890.0,15139,6900.0,25142,2025-05-09 17:33:36.874,,2147483647,1144908,False,nan
8990,1427526,1612463593,MERV - XMEV - GGAL - 24hs,6860.0,2025-05-09 17:33:35,82,2025-05-09 17:33:37.638,6850.0,410,6840.0,19399,6830.0,6874,6820.0,3664,6810.0,32035,6860.0,2254,6870.0,6903,6880.0,11524,6890.0,15139,6900.0,25142,2025-05-09 17:33:37.546,,2147483647,1144908,False,nan
8991,1427621,1612463722,MERV - XMEV - GGAL - 24hs,6860.0,2025-05-09 17:33:35,82,2025-05-09 17:33:38.540,6850.0,410,6840.0,19399,6830.0,6878,6820.0,3664,6810.0,32035,6860.0,2254,6870.0,6903,6880.0,11524,6890.0,15139,6900.0,25142,2025-05-09 17:33:38.451,,2147483647,1144908,False,nan
8992,1427759,1612463908,MERV - XMEV - GGAL - 24hs,6850.0,2025-05-09 17:33:40,1,2025-05-09 17:33:40.473,6850.0,410,6840.0,19399,6830.0,6878,6820.0,3664,6810.0,32035,6860.0,2254,6870.0,6903,6880.0,11524,6890.0,15139,6900.0,25142,2025-05-09 17:33:40.391,,2147483647,1144908,True,bid
8993,1427810,1612463986,MERV - XMEV - GGAL - 24hs,6850.0,2025-05-09 17:33:40,1,2025-05-09 17:33:41.137,6850.0,409,6840.0,19399,6830.0,6878,6820.0,3664,6810.0,32035,6860.0,2254,6870.0,6903,6880.0,11524,6890.0,15139,6900.0,25142,2025-05-09 17:33:41.056,,2147483647,1144908,False,nan
8994,1427907,1612464120,MERV - XMEV - GGAL - 24hs,6850.0,2025-05-09 17:33:40,1,2025-05-09 17:33:41.714,6850.0,409,6840.0,19399,6830.0,6878,6820.0,3664,6810.0,32035,6860.0,2254,6870.0,6903,6880.0,11524,6890.0,15139,6900.0,25142,2025-05-09 17:33:41.556,,2147483647,1144909,False,nan
8995,1429136,1612465804,MERV - XMEV - GGAL - 24hs,6850.0,2025-05-09 17:33:40,1,2025-05-09 17:33:53.848,6850.0,409,6840.0,19399,6830.0,5878,6820.0,3664,6810.0,32035,6860.0,2254,6870.0,6903,6880.0,11524,6890.0,15139,6900.0,25142,2025-05-09 17:33:53.764,,2147483647,1144909,False,nan
8996,1429417,1612466168,MERV - XMEV - GGAL - 24hs,6850.0,2025-05-09 17:33:40,1,2025-05-09 17:33:57.562,6850.0,409,6840.0,19399,6830.0,5878,6820.0,3664,6810.0,32035,6860.0,2254,6870.0,6903,6880.0,11524,6890.0,15139,6900.0,20142,2025-05-09 17:33:57.483,,2147483647,1144909,False,nan
8997,1429726,1612466560,MERV - XMEV - GGAL - 24hs,6850.0,2025-05-09 17:33:40,1,2025-05-09 17:34:00.175,6850.0,10409,6840.0,19399,6830.0,5878,6820.0,3664,6810.0,32035,6860.0,2254,6870.0,6903,6880.0,11524,6890.0,15139,6900.0,20142,2025-05-09 17:34:00.044,,2147483647,1144909,False,nan
8998,1429864,1612466739,MERV - XMEV - GGAL - 24hs,6860.0,2025-05-09 17:34:00,465,2025-05-09 17:34:00.715,6850.0,10409,6840.0,19399,6830.0,5878,6820.0,3664,6810.0,32035,6860.0,2254,6870.0,6903,6880.0,11524,6890.0,15139,6900.0,20142,2025-05-09 17:34:00.539,,2147483647,1144909,True,offer
8999,1429905,1612466783,MERV - XMEV - GGAL - 24hs,6860.0,2025-05-09 17:34:00,465,2025-05-09 17:34:01.121,6850.0,10629,6840.0,19399,6830.0,5878,6820.0,3664,6810.0,32035,6860.0,1789,6870.0,6903,6880.0,11524,6890.0,15139,6900.0,20142,2025-05-09 17:34:01.039,,2147483647,1145374,False,nan
9000,1430051,1612466981,MERV - XMEV - GGAL - 24hs,6860.0,2025-05-09 17:34:00,465,2025-05-09 17:34:02.228,6850.0,10629,6840.0,19399,6830.0,6024,6820.0,3518,6810.0,32035,6860.0,1789,6870.0,6903,6880.0,11524,6890.0,15139,6900.0,20142,2025-05-09 17:34:02.147,,2147483647,1145374,False,nan
9001,1430128,1612467090,MERV - XMEV - GGAL - 24hs,6850.0,2025-05-09 17:34:02,208,2025-05-09 17:34:02.990,6850.0,10629,6840.0,19399,6830.0,6024,6820.0,3518,6810.0,32035,6860.0,1789,6870.0,6903,6880.0,11524,6890.0,15139,6900.0,20142,2025-05-09 17:34:02.908,,2147483647,1145374,True,bid
9002,1430156,1612467128,MERV - XMEV - GGAL - 24hs,6850.0,2025-05-09 17:34:02,4,2025-05-09 17:34:03.488,6850.0,10416,6840.0,19399,6830.0,6024,6820.0,3518,6810.0,32035,6860.0,1789,6870.0,6903,6880.0,11524,6890.0,15139,6900.0,20142,2025-05-09 17:34:03.408,,2147483647,1145374,False,nan
9003,1430184,1612467165,MERV - XMEV - GGAL - 24hs,6850.0,2025-05-09 17:34:02,4,2025-05-09 17:34:03.988,6850.0,10416,6840.0,19399,6830.0,6024,6820.0,3518,6810.0,32035,6860.0,1789,6870.0,6903,6880.0,11524,6890.0,15139,6900.0,20142,2025-05-09 17:34:03.908,,2147483647,1145587,False,nan
9004,1430289,1612467314,MERV - XMEV - GGAL - 24hs,6860.0,2025-05-09 17:34:04,1000,2025-05-09 17:34:05.078,6850.0,10416,6840.0,19399,6830.0,6024,6820.0,3518,6810.0,32035,6860.0,1789,6870.0,6903,6880.0,11524,6890.0,15139,6900.0,20142,2025-05-09 17:34:04.996,,2147483647,1145587,True,offer
9005,1430380,1612467455,MERV - XMEV - GGAL - 24hs,6860.0,2025-05-09 17:34:04,1000,2025-05-09 17:34:05.824,6850.0,10416,6840.0,19399,6830.0,6024,6820.0,3518,6810.0,32035,6860.0,789,6870.0,6903,6880.0,11524,6890.0,15139,6900.0,20142,2025-05-09 17:34:05.684,,2147483647,1145587,False,nan
9006,1430455,1612467582,MERV - XMEV - GGAL - 24hs,6860.0,2025-05-09 17:34:04,1000,2025-05-09 17:34:06.279,6850.0,10416,6840.0,19399,6830.0,6024,6820.0,3518,6810.0,32035,6860.0,789,6870.0,6903,6880.0,11524,6890.0,15139,6900.0,20142,2025-05-09 17:34:06.183,,2147483647,1146587,False,nan
9007,1430760,1612467970,MERV - XMEV - GGAL - 24hs,6860.0,2025-05-09 17:34:04,1000,2025-05-09 17:34:09.532,6850.0,10416,6840.0,19399,6830.0,5878,6820.0,3664,6810.0,32035,6860.0,789,6870.0,6903,6880.0,11524,6890.0,15139,6900.0,20142,2025-05-09 17:34:09.191,,2147483647,1146587,False,nan
9008,1431239,1612468626,MERV - XMEV - GGAL - 24hs,6860.0,2025-05-09 17:34:04,1000,2025-05-09 17:34:14.395,6850.0,10416,6840.0,19399,6830.0,5878,6820.0,3664,6810.0,32035,6860.0,789,6870.0,6903,6880.0,11524,6890.0,13139,6900.0,22142,2025-05-09 17:34:14.291,,2147483647,1146587,False,nan
9009,1431614,1612469109,MERV - XMEV - GGAL - 24hs,6860.0,2025-05-09 17:34:04,1000,2025-05-09 17:34:16.831,6850.0,10416,6840.0,19399,6830.0,9348,6820.0,3664,6810.0,32035,6860.0,789,6870.0,6903,6880.0,11524,6890.0,13139,6900.0,22142,2025-05-09 17:34:16.743,,2147483647,1146587,False,nan
9010,1431892,1612469460,MERV - XMEV - GGAL - 24hs,6860.0,2025-05-09 17:34:04,1000,2025-05-09 17:34:18.039,6850.0,10416,6840.0,20091,6830.0,4492,6820.0,3664,6810.0,32035,6860.0,789,6870.0,6903,6880.0,11524,6890.0,13139,6900.0,22142,2025-05-09 17:34:17.676,,2147483647,1146587,False,nan
9011,1432394,1612470112,MERV - XMEV - GGAL - 24hs,6860.0,2025-05-09 17:34:04,1000,2025-05-09 17:34:22.036,6850.0,10586,6840.0,19399,6830.0,4638,6820.0,3518,6810.0,32035,6860.0,789,6870.0,6903,6880.0,11524,6890.0,13139,6900.0,22142,2025-05-09 17:34:21.901,,2147483647,1146587,False,nan
9012,1432519,1612470264,MERV - XMEV - GGAL - 24hs,6860.0,2025-05-09 17:34:04,1000,2025-05-09 17:34:22.643,6850.0,10557,6840.0,19399,6830.0,4638,6820.0,3518,6810.0,32035,6860.0,789,6870.0,6903,6880.0,11524,6890.0,13139,6900.0,22142,2025-05-09 17:34:22.561,,2147483647,1146587,False,nan
9013,1432705,1612470541,MERV - XMEV - GGAL - 24hs,6860.0,2025-05-09 17:34:04,1000,2025-05-09 17:34:24.620,6850.0,10528,6840.0,19399,6830.0,4638,6820.0,3518,6810.0,32035,6860.0,789,6870.0,6903,6880.0,11524,6890.0,13139,6900.0,22142,2025-05-09 17:34:24.538,,2147483647,1146587,False,nan
9014,1432903,1612470808,MERV - XMEV - GGAL - 24hs,6860.0,2025-05-09 17:34:26,230,2025-05-09 17:34:26.952,6850.0,10528,6840.0,19399,6830.0,4638,6820.0,3518,6810.0,32035,6860.0,789,6870.0,6903,6880.0,11524,6890.0,13139,6900.0,22142,2025-05-09 17:34:26.872,,2147483647,1146587,True,offer
9015,1432986,1612470923,MERV - XMEV - GGAL - 24hs,6860.0,2025-05-09 17:34:26,230,2025-05-09 17:34:27.620,6850.0,10528,6840.0,19399,6830.0,4638,6820.0,3518,6810.0,32035,6860.0,559,6870.0,6903,6880.0,11539,6890.0,13139,6900.0,22142,2025-05-09 17:34:27.540,,2147483647,1146587,False,nan
9016,1433020,1612470966,MERV - XMEV - GGAL - 24hs,6860.0,2025-05-09 17:34:26,230,2025-05-09 17:34:28.120,6850.0,10528,6840.0,19399,6830.0,4638,6820.0,3518,6810.0,32035,6860.0,559,6870.0,6903,6880.0,11539,6890.0,13139,6900.0,22142,2025-05-09 17:34:28.040,,2147483647,1146817,False,nan
9017,1433058,1612471024,MERV - XMEV - GGAL - 24hs,6860.0,2025-05-09 17:34:26,230,2025-05-09 17:34:28.619,6850.0,10528,6840.0,19399,6830.0,4492,6820.0,3664,6810.0,32035,6860.0,559,6870.0,6903,6880.0,12539,6890.0,13139,6900.0,22142,2025-05-09 17:34:28.540,,2147483647,1146817,False,nan
9018,1433121,1612471105,MERV - XMEV - GGAL - 24hs,6860.0,2025-05-09 17:34:26,230,2025-05-09 17:34:29.476,6850.0,10528,6840.0,19399,6830.0,4638,6820.0,3518,6810.0,32035,6860.0,559,6870.0,6903,6880.0,12539,6890.0,13139,6900.0,22142,2025-05-09 17:34:29.396,,2147483647,1146817,False,nan
9019,1433743,1612471920,MERV - XMEV - GGAL - 24hs,6860.0,2025-05-09 17:34:26,230,2025-05-09 17:34:35.562,6850.0,10499,6840.0,19399,6830.0,4492,6820.0,3664,6810.0,32035,6860.0,559,6870.0,6903,6880.0,12539,6890.0,13139,6900.0,22142,2025-05-09 17:34:35.481,,2147483647,1146817,False,nan
9020,1433981,1612472234,MERV - XMEV - GGAL - 24hs,6860.0,2025-05-09 17:34:26,230,2025-05-09 17:34:37.648,6850.0,10470,6840.0,19399,6830.0,4492,6820.0,3664,6810.0,32035,6860.0,559,6870.0,6903,6880.0,12539,6890.0,13139,6900.0,12142,2025-05-09 17:34:37.544,,2147483647,1146817,False,nan
9021,1434308,1612472645,MERV - XMEV - GGAL - 24hs,6860.0,2025-05-09 17:34:26,230,2025-05-09 17:34:40.500,6850.0,10470,6840.0,19399,6830.0,4492,6820.0,5664,6810.0,32035,6860.0,559,6870.0,6903,6880.0,12539,6890.0,13139,6900.0,12142,2025-05-09 17:34:40.398,,2147483647,1146817,False,nan
9022,1434454,1612472820,MERV - XMEV - GGAL - 24hs,6860.0,2025-05-09 17:34:26,230,2025-05-09 17:34:41.456,6850.0,10441,6840.0,19399,6830.0,4638,6820.0,5518,6810.0,32035,6860.0,559,6870.0,6903,6880.0,12539,6890.0,13139,6900.0,12142,2025-05-09 17:34:41.306,,2147483647,1146817,False,nan
9023,1434644,1612473047,MERV - XMEV - GGAL - 24hs,6860.0,2025-05-09 17:34:26,230,2025-05-09 17:34:42.434,6850.0,10441,6840.0,19399,6830.0,4492,6820.0,5664,6810.0,32035,6860.0,559,6870.0,6903,6880.0,12539,6890.0,13139,6900.0,12142,2025-05-09 17:34:42.351,,2147483647,1146817,False,nan
9024,1434807,1612473252,MERV - XMEV - GGAL - 24hs,6860.0,2025-05-09 17:34:26,230,2025-05-09 17:34:43.427,6850.0,10416,6840.0,24255,6830.0,4638,6820.0,5518,6810.0,32035,6860.0,559,6870.0,6903,6880.0,12539,6890.0,13139,6900.0,12142,2025-05-09 17:34:43.334,,2147483647,1146817,False,nan
9025,1435034,1612473559,MERV - XMEV - GGAL - 24hs,6860.0,2025-05-09 17:34:26,230,2025-05-09 17:34:44.406,6850.0,10416,6840.0,24255,6830.0,4492,6820.0,5664,6810.0,32035,6860.0,559,6870.0,6903,6880.0,12539,6890.0,13139,6900.0,12142,2025-05-09 17:34:44.129,,2147483647,1146817,False,nan
9026,1435122,1612473671,MERV - XMEV - GGAL - 24hs,6860.0,2025-05-09 17:34:44,3,2025-05-09 17:34:44.758,6850.0,10416,6840.0,24255,6830.0,4492,6820.0,5664,6810.0,32035,6860.0,559,6870.0,6903,6880.0,12539,6890.0,13139,6900.0,12142,2025-05-09 17:34:44.627,,2147483647,1146817,True,offer
9027,1435210,1612473786,MERV - XMEV - GGAL - 24hs,6860.0,2025-05-09 17:34:44,3,2025-05-09 17:34:45.228,6850.0,10416,6840.0,24255,6830.0,4492,6820.0,5664,6810.0,32035,6860.0,556,6870.0,6903,6880.0,12539,6890.0,13139,6900.0,12142,2025-05-09 17:34:45.128,,2147483647,1146817,False,nan
9028,1435249,1612473842,MERV - XMEV - GGAL - 24hs,6860.0,2025-05-09 17:34:44,3,2025-05-09 17:34:45.716,6850.0,10416,6840.0,24255,6830.0,4492,6820.0,5664,6810.0,32035,6860.0,556,6870.0,6903,6880.0,12539,6890.0,13139,6900.0,12142,2025-05-09 17:34:45.635,,2147483647,1146820,False,nan
9029,1435333,1612473954,MERV - XMEV - GGAL - 24hs,6860.0,2025-05-09 17:34:44,3,2025-05-09 17:34:46.208,6850.0,10416,6840.0,24255,6830.0,4638,6820.0,5518,6810.0,32035,6860.0,556,6870.0,6903,6880.0,12539,6890.0,13139,6900.0,12142,2025-05-09 17:34:46.128,,2147483647,1146820,False,nan
9030,1435425,1612474066,MERV - XMEV - GGAL - 24hs,6860.0,2025-05-09 17:34:44,3,2025-05-09 17:34:47.296,6850.0,10416,6840.0,24255,6830.0,4492,6820.0,5664,6810.0,32035,6860.0,556,6870.0,6903,6880.0,12539,6890.0,13139,6900.0,12142,2025-05-09 17:34:47.216,,2147483647,1146820,False,nan
9031,1435486,1612474144,MERV - XMEV - GGAL - 24hs,6860.0,2025-05-09 17:34:44,3,2025-05-09 17:34:48.008,6850.0,10416,6840.0,24255,6830.0,4638,6820.0,5518,6810.0,32035,6860.0,556,6870.0,6903,6880.0,12539,6890.0,15639,6900.0,12142,2025-05-09 17:34:47.927,,2147483647,1146820,False,nan
9032,1435574,1612474264,MERV - XMEV - GGAL - 24hs,6860.0,2025-05-09 17:34:48,2,2025-05-09 17:34:49.151,6850.0,10416,6840.0,24255,6830.0,4638,6820.0,5518,6810.0,32035,6860.0,556,6870.0,6903,6880.0,12539,6890.0,15639,6900.0,12142,2025-05-09 17:34:48.841,,2147483647,1146820,True,offer
9033,1435619,1612474319,MERV - XMEV - GGAL - 24hs,6860.0,2025-05-09 17:34:48,2,2025-05-09 17:34:49.585,6850.0,10416,6840.0,24255,6830.0,4638,6820.0,5518,6810.0,32035,6860.0,554,6870.0,6903,6880.0,12539,6890.0,15639,6900.0,12142,2025-05-09 17:34:49.504,,2147483647,1146820,False,nan
9034,1435652,1612474360,MERV - XMEV - GGAL - 24hs,6860.0,2025-05-09 17:34:49,7,2025-05-09 17:34:50.084,6850.0,10416,6840.0,24255,6830.0,4638,6820.0,5518,6810.0,32035,6860.0,554,6870.0,6903,6880.0,12539,6890.0,15639,6900.0,12142,2025-05-09 17:34:50.005,,2147483647,1146822,True,offer
9035,1435687,1612474403,MERV - XMEV - GGAL - 24hs,6860.0,2025-05-09 17:34:49,7,2025-05-09 17:34:50.585,6850.0,10416,6840.0,24255,6830.0,4638,6820.0,5518,6810.0,32035,6860.0,547,6870.0,6903,6880.0,12539,6890.0,15639,6900.0,12142,2025-05-09 17:34:50.505,,2147483647,1146829,False,nan
9036,1435806,1612474537,MERV - XMEV - GGAL - 24hs,6860.0,2025-05-09 17:34:51,99,2025-05-09 17:34:51.972,6850.0,10416,6840.0,24255,6830.0,4638,6820.0,5518,6810.0,32035,6860.0,547,6870.0,6903,6880.0,12539,6890.0,15639,6900.0,12142,2025-05-09 17:34:51.892,,2147483647,1146829,True,offer
9037,1435854,1612474597,MERV - XMEV - GGAL - 24hs,6860.0,2025-05-09 17:34:51,99,2025-05-09 17:34:52.475,6850.0,10416,6840.0,24255,6830.0,4492,6820.0,5664,6810.0,32035,6860.0,448,6870.0,6903,6880.0,12539,6890.0,15639,6900.0,12142,2025-05-09 17:34:52.396,,2147483647,1146829,False,nan
9038,1435898,1612474653,MERV - XMEV - GGAL - 24hs,6860.0,2025-05-09 17:34:51,99,2025-05-09 17:34:52.976,6850.0,10416,6840.0,24255,6830.0,4492,6820.0,5664,6810.0,32035,6860.0,448,6870.0,6903,6880.0,12539,6890.0,15639,6900.0,12142,2025-05-09 17:34:52.896,,2147483647,1146928,False,nan
9039,1436082,1612474866,MERV - XMEV - GGAL - 24hs,6860.0,2025-05-09 17:34:51,99,2025-05-09 17:34:54.919,6850.0,10416,6840.0,23908,6830.0,4492,6820.0,5664,6810.0,32035,6860.0,448,6870.0,6903,6880.0,12539,6890.0,15639,6900.0,12142,2025-05-09 17:34:54.836,,2147483647,1146928,False,nan
9040,1436978,1612475981,MERV - XMEV - GGAL - 24hs,6860.0,2025-05-09 17:34:51,99,2025-05-09 17:35:04.732,6850.0,10416,6840.0,23908,6830.0,4492,6820.0,5664,6810.0,32035,6860.0,448,6870.0,6903,6880.0,12539,6890.0,15339,6900.0,12142,2025-05-09 17:35:04.643,,2147483647,1146928,False,nan
9041,1437101,1612476126,MERV - XMEV - GGAL - 24hs,6860.0,2025-05-09 17:34:51,99,2025-05-09 17:35:06.348,6850.0,10416,6840.0,23908,6830.0,4492,6820.0,5518,6810.0,32035,6860.0,448,6870.0,6903,6880.0,12539,6890.0,15339,6900.0,12142,2025-05-09 17:35:06.262,,2147483647,1146928,False,nan
9042,1437247,1612476306,MERV - XMEV - GGAL - 24hs,6860.0,2025-05-09 17:34:51,99,2025-05-09 17:35:08.207,6850.0,10416,6840.0,23908,6830.0,4492,6820.0,5518,6810.0,32035,6860.0,448,6870.0,6903,6880.0,12539,6890.0,15339,6900.0,11842,2025-05-09 17:35:08.012,,2147483647,1146928,False,nan
9043,1437300,1612476368,MERV - XMEV - GGAL - 24hs,6860.0,2025-05-09 17:34:51,99,2025-05-09 17:35:08.771,6850.0,10416,6840.0,23908,6830.0,4517,6820.0,5494,6810.0,32035,6860.0,448,6870.0,6903,6880.0,12539,6890.0,15339,6900.0,11842,2025-05-09 17:35:08.690,,2147483647,1146928,False,nan
9044,1438049,1612477332,MERV - XMEV - GGAL - 24hs,6860.0,2025-05-09 17:35:14,112,2025-05-09 17:35:14.718,6850.0,10416,6840.0,23908,6830.0,4517,6820.0,5494,6810.0,32035,6860.0,448,6870.0,6903,6880.0,12539,6890.0,15339,6900.0,11842,2025-05-09 17:35:14.633,,2147483647,1146928,True,offer
9045,1438089,1612477381,MERV - XMEV - GGAL - 24hs,6860.0,2025-05-09 17:35:14,89,2025-05-09 17:35:15.225,6850.0,10416,6840.0,23908,6830.0,4517,6820.0,5494,6810.0,32035,6860.0,448,6870.0,6903,6880.0,12539,6890.0,15339,6900.0,11842,2025-05-09 17:35:15.133,,2147483647,1146928,False,nan
9046,1438126,1612477434,MERV - XMEV - GGAL - 24hs,6860.0,2025-05-09 17:35:14,89,2025-05-09 17:35:15.716,6850.0,10416,6840.0,23908,6830.0,4517,6820.0,5494,6810.0,32035,6860.0,247,6870.0,6903,6880.0,12539,6890.0,15339,6900.0,11842,2025-05-09 17:35:15.632,,2147483647,1147129,False,nan
9047,1438966,1612478461,MERV - XMEV - GGAL - 24hs,6860.0,2025-05-09 17:35:23,73,2025-05-09 17:35:24.018,6850.0,10416,6840.0,23908,6830.0,4517,6820.0,5494,6810.0,32035,6860.0,247,6870.0,6903,6880.0,12539,6890.0,15339,6900.0,11842,2025-05-09 17:35:23.926,,2147483647,1147129,True,offer
9048,1439035,1612478549,MERV - XMEV - GGAL - 24hs,6860.0,2025-05-09 17:35:23,73,2025-05-09 17:35:24.673,6850.0,10416,6840.0,24255,6830.0,4517,6820.0,5494,6810.0,32035,6860.0,174,6870.0,6903,6880.0,12539,6890.0,15339,6900.0,11842,2025-05-09 17:35:24.590,,2147483647,1147129,False,nan
9049,1439090,1612478616,MERV - XMEV - GGAL - 24hs,6860.0,2025-05-09 17:35:23,73,2025-05-09 17:35:25.172,6850.0,10416,6840.0,24255,6830.0,4517,6820.0,5494,6810.0,32035,6860.0,174,6870.0,6903,6880.0,12539,6890.0,15339,6900.0,11842,2025-05-09 17:35:25.090,,2147483647,1147202,False,nan
9050,1439129,1612478671,MERV - XMEV - GGAL - 24hs,6860.0,2025-05-09 17:35:23,73,2025-05-09 17:35:25.670,6850.0,10416,6840.0,23908,6830.0,4517,6820.0,5494,6810.0,32035,6860.0,174,6870.0,6903,6880.0,12539,6890.0,15339,6900.0,11842,2025-05-09 17:35:25.590,,2147483647,1147202,False,nan
9051,1439198,1612478762,MERV - XMEV - GGAL - 24hs,6860.0,2025-05-09 17:35:23,73,2025-05-09 17:35:26.478,6850.0,15271,6840.0,19399,6830.0,4517,6820.0,5494,6810.0,32035,6860.0,174,6870.0,6903,6880.0,12539,6890.0,15339,6900.0,11842,2025-05-09 17:35:26.398,,2147483647,1147202,False,nan
9052,1439307,1612478895,MERV - XMEV - GGAL - 24hs,6860.0,2025-05-09 17:35:23,73,2025-05-09 17:35:27.730,6850.0,14897,6840.0,19399,6830.0,4517,6820.0,5494,6810.0,32035,6860.0,174,6870.0,6903,6880.0,12539,6890.0,15339,6900.0,11842,2025-05-09 17:35:27.646,,2147483647,1147202,False,nan
9053,1439338,1612478932,MERV - XMEV - GGAL - 24hs,6850.0,2025-05-09 17:35:27,33,2025-05-09 17:35:28.227,6850.0,14897,6840.0,19399,6830.0,4517,6820.0,5494,6810.0,32035,6860.0,174,6870.0,6903,6880.0,12539,6890.0,15339,6900.0,11842,2025-05-09 17:35:28.147,,2147483647,1147202,True,bid
9054,1439393,1612479002,MERV - XMEV - GGAL - 24hs,6850.0,2025-05-09 17:35:27,33,2025-05-09 17:35:28.727,6850.0,10383,6840.0,29269,6830.0,4517,6820.0,5292,6810.0,32035,6860.0,174,6870.0,6903,6880.0,12539,6890.0,15339,6900.0,11842,2025-05-09 17:35:28.647,,2147483647,1147235,False,nan
9055,1439531,1612479176,MERV - XMEV - GGAL - 24hs,6850.0,2025-05-09 17:35:27,33,2025-05-09 17:35:30.223,6850.0,29517,6840.0,5399,6830.0,3517,6820.0,6292,6810.0,32035,6860.0,174,6870.0,6903,6880.0,12539,6890.0,15339,6900.0,11842,2025-05-09 17:35:30.122,,2147483647,1147235,False,nan
9056,1439641,1612479333,MERV - XMEV - GGAL - 24hs,6850.0,2025-05-09 17:35:27,33,2025-05-09 17:35:30.711,6850.0,27463,6840.0,5399,6830.0,3517,6820.0,6292,6810.0,32035,6860.0,174,6870.0,6903,6880.0,12539,6890.0,15339,6900.0,11842,2025-05-09 17:35:30.313,,2147483647,1147235,False,nan
9057,1439753,1612479468,MERV - XMEV - GGAL - 24hs,6850.0,2025-05-09 17:35:27,33,2025-05-09 17:35:31.231,6850.0,27810,6840.0,5399,6830.0,3517,6820.0,6292,6810.0,32035,6860.0,174,6870.0,6903,6880.0,12539,6890.0,15339,6900.0,11842,2025-05-09 17:35:31.147,,2147483647,1147235,False,nan
9058,1439968,1612479725,MERV - XMEV - GGAL - 24hs,6850.0,2025-05-09 17:35:27,33,2025-05-09 17:35:32.305,6850.0,27463,6840.0,5399,6830.0,3017,6820.0,6292,6810.0,32035,6860.0,174,6870.0,6903,6880.0,12539,6890.0,15339,6900.0,11842,2025-05-09 17:35:32.220,,2147483647,1147235,False,nan
9059,1440065,1612479860,MERV - XMEV - GGAL - 24hs,6850.0,2025-05-09 17:35:27,33,2025-05-09 17:35:33.023,6850.0,29197,6840.0,5399,6830.0,3017,6820.0,6292,6810.0,32035,6860.0,174,6870.0,6903,6880.0,12539,6890.0,15339,6900.0,11842,2025-05-09 17:35:32.942,,2147483647,1147235,False,nan
9060,1440154,1612479989,MERV - XMEV - GGAL - 24hs,6850.0,2025-05-09 17:35:27,33,2025-05-09 17:35:33.784,6850.0,29197,6840.0,5399,6830.0,3017,6820.0,6292,6810.0,32035,6860.0,174,6870.0,6903,6880.0,12539,6890.0,15339,6900.0,14342,2025-05-09 17:35:33.701,,2147483647,1147235,False,nan
9061,1440275,1612480145,MERV - XMEV - GGAL - 24hs,6850.0,2025-05-09 17:35:27,33,2025-05-09 17:35:34.831,6850.0,14197,6840.0,19399,6830.0,4017,6820.0,5292,6810.0,33035,6860.0,174,6870.0,6903,6880.0,12539,6890.0,15339,6900.0,14342,2025-05-09 17:35:34.749,,2147483647,1147235,False,nan
9062,1440389,1612480308,MERV - XMEV - GGAL - 24hs,6850.0,2025-05-09 17:35:27,33,2025-05-09 17:35:36.044,6850.0,14220,6840.0,19399,6830.0,4017,6820.0,5292,6810.0,33035,6860.0,176,6870.0,6903,6880.0,12539,6890.0,15339,6900.0,14342,2025-05-09 17:35:35.962,,2147483647,1147235,False,nan
9063,1440480,1612480435,MERV - XMEV - GGAL - 24hs,6850.0,2025-05-09 17:35:27,33,2025-05-09 17:35:36.751,6850.0,14567,6840.0,19399,6830.0,4017,6820.0,5292,6810.0,33035,6860.0,176,6870.0,6903,6880.0,12539,6890.0,15339,6900.0,14342,2025-05-09 17:35:36.671,,2147483647,1147235,False,nan
9064,1440589,1612480568,MERV - XMEV - GGAL - 24hs,6850.0,2025-05-09 17:35:27,33,2025-05-09 17:35:38.017,6850.0,16648,6840.0,19399,6830.0,4017,6820.0,5292,6810.0,33035,6860.0,176,6870.0,6903,6880.0,12539,6890.0,15339,6900.0,14342,2025-05-09 17:35:37.936,,2147483647,1147235,False,nan
9065,1440803,1612480829,MERV - XMEV - GGAL - 24hs,6850.0,2025-05-09 17:35:27,33,2025-05-09 17:35:39.735,6850.0,16648,6840.0,20399,6830.0,3017,6820.0,5292,6810.0,33035,6860.0,176,6870.0,6903,6880.0,12539,6890.0,15339,6900.0,14342,2025-05-09 17:35:39.566,,2147483647,1147235,False,nan
9066,1440845,1612480885,MERV - XMEV - GGAL - 24hs,6860.0,2025-05-09 17:35:39,23,2025-05-09 17:35:40.146,6850.0,16648,6840.0,20399,6830.0,3017,6820.0,5292,6810.0,33035,6860.0,176,6870.0,6903,6880.0,12539,6890.0,15339,6900.0,14342,2025-05-09 17:35:40.066,,2147483647,1147235,True,offer
9067,1440874,1612480922,MERV - XMEV - GGAL - 24hs,6860.0,2025-05-09 17:35:39,23,2025-05-09 17:35:40.725,6850.0,10383,6840.0,20399,6830.0,3017,6820.0,5292,6810.0,33035,6860.0,153,6870.0,6903,6880.0,12539,6890.0,15339,6900.0,12342,2025-05-09 17:35:40.645,,2147483647,1147235,False,nan
9068,1440969,1612481028,MERV - XMEV - GGAL - 24hs,6860.0,2025-05-09 17:35:40,20,2025-05-09 17:35:41.230,6850.0,10383,6840.0,20399,6830.0,3017,6820.0,5292,6810.0,33035,6860.0,153,6870.0,6903,6880.0,12539,6890.0,15339,6900.0,12342,2025-05-09 17:35:41.149,,2147483647,1147281,True,offer
9069,1441016,1612481095,MERV - XMEV - GGAL - 24hs,6860.0,2025-05-09 17:35:41,151,2025-05-09 17:35:41.729,6850.0,10383,6840.0,20399,6830.0,3017,6820.0,5292,6810.0,33035,6860.0,336,6870.0,6903,6880.0,12539,6890.0,15339,6900.0,12342,2025-05-09 17:35:41.648,,2147483647,1147776,True,offer
9070,1441077,1612481170,MERV - XMEV - GGAL - 24hs,6860.0,2025-05-09 17:35:41,151,2025-05-09 17:35:42.324,6850.0,10383,6840.0,20399,6830.0,3017,6820.0,5292,6810.0,33035,6860.0,185,6870.0,6903,6880.0,12539,6890.0,15339,6900.0,12342,2025-05-09 17:35:42.234,,2147483647,1147776,False,nan
9071,1441143,1612481249,MERV - XMEV - GGAL - 24hs,6860.0,2025-05-09 17:35:41,151,2025-05-09 17:35:42.818,6850.0,10383,6840.0,20399,6830.0,3017,6820.0,5292,6810.0,33035,6860.0,185,6870.0,6903,6880.0,12539,6890.0,15339,6900.0,12342,2025-05-09 17:35:42.734,,2147483647,1147927,False,nan
9072,1442599,1612483067,MERV - XMEV - GGAL - 24hs,6850.0,2025-05-09 17:35:51,163,2025-05-09 17:35:51.836,6850.0,10383,6840.0,20399,6830.0,3017,6820.0,5292,6810.0,33035,6860.0,185,6870.0,6903,6880.0,12539,6890.0,15339,6900.0,12342,2025-05-09 17:35:51.751,,2147483647,1147927,True,bid
9073,1442752,1612483232,MERV - XMEV - GGAL - 24hs,6850.0,2025-05-09 17:35:51,4837,2025-05-09 17:35:52.371,6850.0,10383,6840.0,20399,6830.0,3017,6820.0,5292,6810.0,33035,6860.0,185,6870.0,6903,6880.0,12539,6890.0,15339,6900.0,12342,2025-05-09 17:35:52.250,,2147483647,1147927,False,nan
9074,1442822,1612483320,MERV - XMEV - GGAL - 24hs,6850.0,2025-05-09 17:35:51,4837,2025-05-09 17:35:52.830,6850.0,5383,6840.0,20399,6830.0,3017,6820.0,5292,6810.0,33035,6860.0,185,6870.0,6903,6880.0,12539,6890.0,15339,6900.0,12342,2025-05-09 17:35:52.746,,2147483647,1152927,False,nan
9075,1443217,1612483775,MERV - XMEV - GGAL - 24hs,6860.0,2025-05-09 17:35:54,185,2025-05-09 17:35:54.887,6850.0,5383,6840.0,20399,6830.0,3017,6820.0,5292,6810.0,33035,6860.0,185,6870.0,6903,6880.0,12539,6890.0,15339,6900.0,12342,2025-05-09 17:35:54.758,,2147483647,1152927,True,offer
9076,1443418,1612484063,MERV - XMEV - GGAL - 24hs,6860.0,2025-05-09 17:35:54,184,2025-05-09 17:35:55.751,6850.0,5383,6840.0,20399,6830.0,3017,6820.0,5292,6810.0,33035,6860.0,152,6870.0,6903,6880.0,12539,6890.0,15339,6900.0,12342,2025-05-09 17:35:55.243,,2147483647,1154150,False,nan
9077,1443618,1612484323,MERV - XMEV - GGAL - 24hs,6860.0,2025-05-09 17:35:54,184,2025-05-09 17:35:56.605,6850.0,6075,6840.0,20399,6830.0,3017,6820.0,5292,6810.0,33035,6860.0,152,6870.0,6903,6880.0,12539,6890.0,15339,6900.0,12342,2025-05-09 17:35:56.374,,2147483647,1154150,False,nan
9078,1443680,1612484400,MERV - XMEV - GGAL - 24hs,6850.0,2025-05-09 17:35:56,8,2025-05-09 17:35:56.968,6850.0,6075,6840.0,20399,6830.0,3017,6820.0,5292,6810.0,33035,6860.0,152,6870.0,6903,6880.0,12539,6890.0,15339,6900.0,12342,2025-05-09 17:35:56.874,,2147483647,1154150,True,bid
9079,1443771,1612484508,MERV - XMEV - GGAL - 24hs,6850.0,2025-05-09 17:35:56,8,2025-05-09 17:35:57.458,6850.0,6414,6840.0,20399,6830.0,3017,6820.0,5292,6810.0,33035,6860.0,152,6870.0,6903,6880.0,12539,6890.0,15339,6900.0,12342,2025-05-09 17:35:57.374,,2147483647,1154158,False,nan
9080,1443835,1612484613,MERV - XMEV - GGAL - 24hs,6850.0,2025-05-09 17:35:56,8,2025-05-09 17:35:57.955,6850.0,6451,6840.0,20399,6830.0,3017,6820.0,5292,6810.0,33035,6860.0,152,6870.0,6903,6880.0,10039,6890.0,15339,6900.0,12342,2025-05-09 17:35:57.874,,2147483647,1154158,False,nan
9081,1443924,1612484727,MERV - XMEV - GGAL - 24hs,6850.0,2025-05-09 17:35:56,8,2025-05-09 17:35:58.806,6850.0,6104,6840.0,20399,6830.0,3017,6820.0,5292,6810.0,33035,6860.0,152,6870.0,6903,6880.0,10039,6890.0,15339,6900.0,12342,2025-05-09 17:35:58.725,,2147483647,1154158,False,nan
9082,1444394,1612485323,MERV - XMEV - GGAL - 24hs,6850.0,2025-05-09 17:35:56,8,2025-05-09 17:36:02.560,6850.0,6104,6840.0,19399,6830.0,3017,6820.0,5292,6810.0,33035,6860.0,152,6870.0,6903,6880.0,10039,6890.0,15339,6900.0,12342,2025-05-09 17:36:02.474,,2147483647,1154158,False,nan
9083,1444439,1612485382,MERV - XMEV - GGAL - 24hs,6860.0,2025-05-09 17:36:02,6,2025-05-09 17:36:03.053,6850.0,6104,6840.0,19399,6830.0,3017,6820.0,5292,6810.0,33035,6860.0,152,6870.0,6903,6880.0,10039,6890.0,15339,6900.0,12342,2025-05-09 17:36:02.972,,2147483647,1154158,True,offer
9084,1444514,1612485484,MERV - XMEV - GGAL - 24hs,6860.0,2025-05-09 17:36:02,6,2025-05-09 17:36:03.559,6850.0,6104,6840.0,20399,6830.0,2817,6820.0,5292,6810.0,33035,6860.0,146,6870.0,6903,6880.0,10039,6890.0,15339,6900.0,12342,2025-05-09 17:36:03.478,,2147483647,1154164,False,nan
9085,1444678,1612485685,MERV - XMEV - GGAL - 24hs,6860.0,2025-05-09 17:36:02,6,2025-05-09 17:36:04.548,6850.0,5757,6840.0,20399,6830.0,2817,6820.0,5292,6810.0,33035,6860.0,146,6870.0,6903,6880.0,10039,6890.0,15339,6900.0,12342,2025-05-09 17:36:04.463,,2147483647,1154164,False,nan
9086,1444799,1612485853,MERV - XMEV - GGAL - 24hs,6860.0,2025-05-09 17:36:05,146,2025-05-09 17:36:05.619,6850.0,5757,6840.0,20399,6830.0,2817,6820.0,5292,6810.0,33035,6860.0,146,6870.0,6903,6880.0,10039,6890.0,15339,6900.0,12342,2025-05-09 17:36:05.537,,2147483647,1154164,True,offer
9087,1444843,1612485906,MERV - XMEV - GGAL - 24hs,6860.0,2025-05-09 17:36:05,199,2025-05-09 17:36:06.123,6850.0,5757,6840.0,20399,6830.0,2817,6820.0,5292,6810.0,33035,6860.0,146,6870.0,6903,6880.0,10039,6890.0,15339,6900.0,12342,2025-05-09 17:36:06.043,,2147483647,1154164,False,nan
9088,1444914,1612485982,MERV - XMEV - GGAL - 24hs,6860.0,2025-05-09 17:36:06,9,2025-05-09 17:36:07.264,6850.0,5375,6840.0,20399,6830.0,2817,6820.0,5292,6810.0,33035,6860.0,336,6870.0,6903,6880.0,10039,6890.0,15339,6900.0,12342,2025-05-09 17:36:07.171,,2147483647,1154509,True,offer
9089,1445023,1612486119,MERV - XMEV - GGAL - 24hs,6860.0,2025-05-09 17:36:06,9,2025-05-09 17:36:07.680,6850.0,5375,6840.0,20399,6830.0,2817,6820.0,5292,6810.0,33035,6860.0,336,6870.0,6903,6880.0,10039,6890.0,15339,6900.0,12342,2025-05-09 17:36:07.281,,2147483647,1154854,False,nan
9090,1445129,1612486243,MERV - XMEV - GGAL - 24hs,6860.0,2025-05-09 17:36:08,334,2025-05-09 17:36:08.229,6850.0,5375,6840.0,20399,6830.0,2817,6820.0,5292,6810.0,33035,6860.0,336,6870.0,6903,6880.0,10039,6890.0,15339,6900.0,12342,2025-05-09 17:36:08.147,,2147483647,1154854,True,offer
9091,1445174,1612486291,MERV - XMEV - GGAL - 24hs,6860.0,2025-05-09 17:36:08,2,2025-05-09 17:36:08.787,6850.0,5375,6840.0,20399,6830.0,2817,6820.0,5292,6810.0,33035,6860.0,336,6870.0,6903,6880.0,10039,6890.0,15339,6900.0,12342,2025-05-09 17:36:08.707,,2147483647,1155188,False,nan
9092,1445213,1612486338,MERV - XMEV - GGAL - 24hs,6860.0,2025-05-09 17:36:09,11,2025-05-09 17:36:09.287,6850.0,5375,6840.0,27980,6830.0,2917,6820.0,5292,6810.0,33035,6860.0,336,6870.0,6903,6880.0,10039,6890.0,15339,6900.0,12342,2025-05-09 17:36:09.207,,2147483647,1155522,True,offer
9093,1445265,1612486405,MERV - XMEV - GGAL - 24hs,6860.0,2025-05-09 17:36:09,11,2025-05-09 17:36:09.800,6850.0,5375,6840.0,20399,6830.0,2917,6820.0,5292,6810.0,33035,6860.0,325,6870.0,6903,6880.0,10039,6890.0,15339,6900.0,12342,2025-05-09 17:36:09.719,,2147483647,1155522,False,nan
9094,1445369,1612486519,MERV - XMEV - GGAL - 24hs,6860.0,2025-05-09 17:36:09,11,2025-05-09 17:36:10.311,6850.0,5375,6840.0,20399,6830.0,2917,6820.0,5292,6810.0,33035,6860.0,325,6870.0,6903,6880.0,10039,6890.0,15339,6900.0,12342,2025-05-09 17:36:10.222,,2147483647,1155533,False,nan
9095,1445419,1612486585,MERV - XMEV - GGAL - 24hs,6860.0,2025-05-09 17:36:10,13,2025-05-09 17:36:10.807,6850.0,5375,6840.0,20399,6830.0,2917,6820.0,5292,6810.0,33035,6860.0,336,6870.0,6903,6880.0,10039,6890.0,15339,6900.0,12342,2025-05-09 17:36:10.722,,2147483647,1155879,True,offer
9096,1445472,1612486657,MERV - XMEV - GGAL - 24hs,6860.0,2025-05-09 17:36:10,13,2025-05-09 17:36:11.395,6850.0,5375,6840.0,20399,6830.0,2917,6820.0,5292,6810.0,33035,6860.0,336,6870.0,6903,6880.0,10039,6890.0,15339,6900.0,12342,2025-05-09 17:36:11.273,,2147483647,1155892,False,nan
9097,1445552,1612486752,MERV - XMEV - GGAL - 24hs,6860.0,2025-05-09 17:36:11,310,2025-05-09 17:36:11.856,6850.0,5375,6840.0,20399,6830.0,2917,6820.0,5292,6810.0,33035,6860.0,312,6870.0,6903,6880.0,10039,6890.0,15339,6900.0,12342,2025-05-09 17:36:11.773,,2147483647,1156226,True,offer
9098,1445607,1612486819,MERV - XMEV - GGAL - 24hs,6860.0,2025-05-09 17:36:12,38,2025-05-09 17:36:12.356,6850.0,5375,6840.0,20399,6830.0,2917,6820.0,5292,6810.0,33035,6860.0,26,6870.0,6903,6880.0,10039,6890.0,15339,6900.0,12342,2025-05-09 17:36:12.273,,2147483647,1156573,True,offer
9099,1445663,1612486885,MERV - XMEV - GGAL - 24hs,6860.0,2025-05-09 17:36:12,38,2025-05-09 17:36:12.920,6850.0,5375,6840.0,20399,6830.0,2917,6820.0,5292,6810.0,33035,6860.0,298,6870.0,6903,6880.0,10039,6890.0,15339,6900.0,12342,2025-05-09 17:36:12.834,,2147483647,1156573,False,nan
9100,1445753,1612487001,MERV - XMEV - GGAL - 24hs,6860.0,2025-05-09 17:36:12,38,2025-05-09 17:36:13.419,6850.0,5375,6840.0,20399,6830.0,2917,6820.0,5292,6810.0,33035,6860.0,298,6870.0,6903,6880.0,10039,6890.0,15339,6900.0,12342,2025-05-09 17:36:13.335,,2147483647,1156611,False,nan
9101,1445833,1612487102,MERV - XMEV - GGAL - 24hs,6860.0,2025-05-09 17:36:13,296,2025-05-09 17:36:13.916,6850.0,5375,6840.0,20399,6830.0,2917,6820.0,5292,6810.0,33035,6860.0,298,6870.0,6903,6880.0,10039,6890.0,15339,6900.0,12342,2025-05-09 17:36:13.835,,2147483647,1156919,True,offer
9102,1445872,1612487150,MERV - XMEV - GGAL - 24hs,6860.0,2025-05-09 17:36:13,296,2025-05-09 17:36:14.416,6850.0,5375,6840.0,20399,6830.0,2917,6820.0,5292,6810.0,33035,6860.0,40,6870.0,6903,6880.0,10039,6890.0,15339,6900.0,12342,2025-05-09 17:36:14.335,,2147483647,1157215,False,nan
9103,1445933,1612487234,MERV - XMEV - GGAL - 24hs,6850.0,2025-05-09 17:36:14,2,2025-05-09 17:36:14.942,6850.0,5375,6840.0,20399,6830.0,2917,6820.0,5292,6810.0,33035,6860.0,40,6870.0,6903,6880.0,10039,6890.0,15339,6900.0,12342,2025-05-09 17:36:14.835,,2147483647,1157215,True,bid
9104,1445989,1612487301,MERV - XMEV - GGAL - 24hs,6850.0,2025-05-09 17:36:14,2,2025-05-09 17:36:15.545,6850.0,5373,6840.0,20399,6830.0,2917,6820.0,5292,6810.0,33035,6860.0,40,6870.0,6903,6880.0,10039,6890.0,15339,6900.0,12342,2025-05-09 17:36:15.464,,2147483647,1157215,False,nan
9105,1446029,1612487346,MERV - XMEV - GGAL - 24hs,6850.0,2025-05-09 17:36:14,2,2025-05-09 17:36:16.046,6850.0,5373,6840.0,20399,6830.0,2917,6820.0,5292,6810.0,33035,6860.0,40,6870.0,6903,6880.0,10039,6890.0,15339,6900.0,12342,2025-05-09 17:36:15.965,,2147483647,1157217,False,nan
9106,1446228,1612487595,MERV - XMEV - GGAL - 24hs,6860.0,2025-05-09 17:36:18,38,2025-05-09 17:36:18.554,6850.0,5373,6840.0,20399,6830.0,2917,6820.0,5292,6810.0,33035,6860.0,40,6870.0,6903,6880.0,10039,6890.0,15339,6900.0,12342,2025-05-09 17:36:18.472,,2147483647,1157217,True,offer
9107,1446363,1612487773,MERV - XMEV - GGAL - 24hs,6860.0,2025-05-09 17:36:18,38,2025-05-09 17:36:19.147,6850.0,6754,6840.0,20399,6830.0,2917,6820.0,5292,6810.0,33035,6860.0,2,6870.0,6903,6880.0,10039,6890.0,15339,6900.0,14342,2025-05-09 17:36:18.972,,2147483647,1157217,False,nan
9108,1446442,1612487882,MERV - XMEV - GGAL - 24hs,6860.0,2025-05-09 17:36:18,38,2025-05-09 17:36:19.554,6850.0,6754,6840.0,20399,6830.0,2917,6820.0,5292,6810.0,33035,6860.0,2,6870.0,6903,6880.0,10039,6890.0,15339,6900.0,14342,2025-05-09 17:36:19.472,,2147483647,1157255,False,nan
9109,1446531,1612488006,MERV - XMEV - GGAL - 24hs,6860.0,2025-05-09 17:36:19,690,2025-05-09 17:36:20.123,6850.0,7490,6840.0,20399,6830.0,2917,6820.0,5292,6810.0,33035,6860.0,2,6870.0,6903,6880.0,10039,6890.0,15339,6900.0,14342,2025-05-09 17:36:19.977,,2147483647,1157255,True,offer
9110,1446572,1612488055,MERV - XMEV - GGAL - 24hs,6860.0,2025-05-09 17:36:20,30,2025-05-09 17:36:20.557,6850.0,7490,6840.0,20399,6830.0,2917,6820.0,5292,6810.0,33035,6860.0,2,6870.0,6903,6880.0,10039,6890.0,15339,6900.0,14342,2025-05-09 17:36:20.474,,2147483647,1157947,True,offer
9111,1446648,1612488140,MERV - XMEV - GGAL - 24hs,6860.0,2025-05-09 17:36:20,302,2025-05-09 17:36:21.055,6850.0,5373,6840.0,20399,6830.0,2917,6820.0,5292,6810.0,33035,6860.0,306,6870.0,6903,6880.0,10039,6890.0,15339,6900.0,14342,2025-05-09 17:36:20.974,,2147483647,1158669,False,nan
9112,1446730,1612488268,MERV - XMEV - GGAL - 24hs,6860.0,2025-05-09 17:36:20,302,2025-05-09 17:36:22.001,6850.0,5373,6840.0,20399,6830.0,2917,6820.0,5292,6810.0,33035,6860.0,34,6870.0,6903,6880.0,10039,6890.0,15339,6900.0,14342,2025-05-09 17:36:21.729,,2147483647,1158971,False,nan
9113,1446805,1612488358,MERV - XMEV - GGAL - 24hs,6860.0,2025-05-09 17:36:20,302,2025-05-09 17:36:22.280,6850.0,5757,6840.0,20399,6830.0,2917,6820.0,5292,6810.0,33035,6860.0,34,6870.0,6903,6880.0,10039,6890.0,15339,6900.0,14342,2025-05-09 17:36:22.172,,2147483647,1158971,False,nan
9114,1446863,1612488430,MERV - XMEV - GGAL - 24hs,6860.0,2025-05-09 17:36:22,268,2025-05-09 17:36:22.752,6850.0,5757,6840.0,20399,6830.0,2917,6820.0,5292,6810.0,33035,6860.0,34,6870.0,6903,6880.0,10039,6890.0,15339,6900.0,14342,2025-05-09 17:36:22.672,,2147483647,1158971,True,offer
9115,1446947,1612488537,MERV - XMEV - GGAL - 24hs,6860.0,2025-05-09 17:36:22,268,2025-05-09 17:36:23.253,6850.0,5720,6840.0,20399,6830.0,2917,6820.0,5292,6810.0,33035,6860.0,336,6870.0,6903,6880.0,10039,6890.0,15339,6900.0,14342,2025-05-09 17:36:23.172,,2147483647,1159273,False,nan
9116,1447011,1612488614,MERV - XMEV - GGAL - 24hs,6860.0,2025-05-09 17:36:22,268,2025-05-09 17:36:23.752,6850.0,5757,6840.0,20399,6830.0,2920,6820.0,5292,6810.0,33035,6860.0,336,6870.0,6903,6880.0,10039,6890.0,15339,6900.0,14342,2025-05-09 17:36:23.672,,2147483647,1159273,False,nan
9117,1447062,1612488682,MERV - XMEV - GGAL - 24hs,6860.0,2025-05-09 17:36:24,2729,2025-05-09 17:36:24.258,6850.0,5757,6840.0,20399,6830.0,2920,6820.0,5292,6810.0,33035,6860.0,336,6870.0,6903,6880.0,10039,6890.0,15339,6900.0,14342,2025-05-09 17:36:24.178,,2147483647,1159288,True,offer
9118,1447114,1612488746,MERV - XMEV - GGAL - 24hs,6860.0,2025-05-09 17:36:24,2729,2025-05-09 17:36:24.752,6850.0,5757,6840.0,20399,6830.0,2920,6820.0,5292,6810.0,33035,6860.0,336,6870.0,6903,6880.0,10039,6890.0,15339,6900.0,14342,2025-05-09 17:36:24.672,,2147483647,1162338,False,nan
9119,1447212,1612488892,MERV - XMEV - GGAL - 24hs,6860.0,2025-05-09 17:36:24,2729,2025-05-09 17:36:25.827,6850.0,6065,6840.0,20399,6830.0,2920,6820.0,5292,6810.0,33035,6860.0,336,6870.0,6903,6880.0,10039,6890.0,15339,6900.0,14342,2025-05-09 17:36:25.740,,2147483647,1162338,False,nan
9120,1447275,1612488976,MERV - XMEV - GGAL - 24hs,6850.0,2025-05-09 17:36:25,5,2025-05-09 17:36:26.320,6850.0,6065,6840.0,20399,6830.0,2920,6820.0,5292,6810.0,33035,6860.0,336,6870.0,6903,6880.0,10039,6890.0,15339,6900.0,14342,2025-05-09 17:36:26.239,,2147483647,1162338,True,bid
9121,1447373,1612489096,MERV - XMEV - GGAL - 24hs,6850.0,2025-05-09 17:36:25,5,2025-05-09 17:36:26.819,6850.0,6060,6840.0,20399,6830.0,2920,6820.0,5292,6810.0,33035,6860.0,336,6870.0,6903,6880.0,10039,6890.0,15339,6900.0,14342,2025-05-09 17:36:26.739,,2147483647,1162343,False,nan
9122,1447484,1612489237,MERV - XMEV - GGAL - 24hs,6850.0,2025-05-09 17:36:25,5,2025-05-09 17:36:27.571,6850.0,6097,6840.0,20399,6830.0,2520,6820.0,5292,6810.0,33035,6860.0,336,6870.0,6903,6880.0,10039,6890.0,15339,6900.0,14342,2025-05-09 17:36:27.455,,2147483647,1162343,False,nan
9123,1447548,1612489315,MERV - XMEV - GGAL - 24hs,6850.0,2025-05-09 17:36:25,5,2025-05-09 17:36:28.181,6850.0,6169,6840.0,20399,6830.0,2520,6820.0,5292,6810.0,33035,6860.0,336,6870.0,6903,6880.0,10039,6890.0,15339,6900.0,14342,2025-05-09 17:36:28.100,,2147483647,1162343,False,nan
9124,1448176,1612490135,MERV - XMEV - GGAL - 24hs,6860.0,2025-05-09 17:36:30,336,2025-05-09 17:36:31.503,6850.0,6169,6840.0,20399,6830.0,2520,6820.0,5292,6810.0,33035,6860.0,336,6870.0,6903,6880.0,10039,6890.0,15339,6900.0,14342,2025-05-09 17:36:30.905,,2147483647,1162343,True,offer
9125,1448258,1612490252,MERV - XMEV - GGAL - 24hs,6860.0,2025-05-09 17:36:30,164,2025-05-09 17:36:31.864,6850.0,6169,6840.0,20399,6830.0,2520,6820.0,5292,6810.0,33035,6860.0,336,6870.0,6903,6880.0,10039,6890.0,15339,6900.0,14342,2025-05-09 17:36:31.411,,2147483647,1162343,False,nan
9126,1448445,1612490466,MERV - XMEV - GGAL - 24hs,6860.0,2025-05-09 17:36:30,164,2025-05-09 17:36:32.526,6850.0,6169,6840.0,20399,6830.0,2520,6820.0,5292,6810.0,33035,6860.0,336,6870.0,6903,6880.0,10039,6890.0,15339,6900.0,14342,2025-05-09 17:36:31.905,,2147483647,1162843,False,nan
9127,1448626,1612490672,MERV - XMEV - GGAL - 24hs,6860.0,2025-05-09 17:36:30,164,2025-05-09 17:36:33.168,6850.0,6169,6840.0,20399,6830.0,2620,6820.0,5292,6810.0,33035,6860.0,336,6870.0,6903,6880.0,10039,6890.0,15339,6900.0,14342,2025-05-09 17:36:32.498,,2147483647,1162843,False,nan
9128,1448760,1612490850,MERV - XMEV - GGAL - 24hs,6860.0,2025-05-09 17:36:30,164,2025-05-09 17:36:33.726,6850.0,6169,6840.0,20599,6830.0,2420,6820.0,5292,6810.0,33035,6860.0,336,6870.0,6903,6880.0,10039,6890.0,15339,6900.0,12342,2025-05-09 17:36:33.590,,2147483647,1162843,False,nan
9129,1448978,1612491117,MERV - XMEV - GGAL - 24hs,6860.0,2025-05-09 17:36:35,9,2025-05-09 17:36:35.219,6850.0,6169,6840.0,20599,6830.0,2420,6820.0,5292,6810.0,33035,6860.0,336,6870.0,6903,6880.0,10039,6890.0,15339,6900.0,12342,2025-05-09 17:36:35.138,,2147483647,1162843,True,offer
9130,1449032,1612491184,MERV - XMEV - GGAL - 24hs,6860.0,2025-05-09 17:36:35,9,2025-05-09 17:36:35.883,6850.0,6169,6840.0,20599,6830.0,2420,6820.0,5292,6810.0,33035,6860.0,327,6870.0,6903,6880.0,10039,6890.0,15339,6900.0,12342,2025-05-09 17:36:35.798,,2147483647,1162843,False,nan
9131,1449078,1612491235,MERV - XMEV - GGAL - 24hs,6860.0,2025-05-09 17:36:35,9,2025-05-09 17:36:36.378,6850.0,6169,6840.0,20599,6830.0,2420,6820.0,5292,6810.0,33035,6860.0,327,6870.0,6903,6880.0,10039,6890.0,15339,6900.0,12342,2025-05-09 17:36:36.298,,2147483647,1162852,False,nan
9132,1449366,1612491593,MERV - XMEV - GGAL - 24hs,6860.0,2025-05-09 17:36:35,9,2025-05-09 17:36:39.587,6850.0,5822,6840.0,20599,6830.0,2420,6820.0,5292,6810.0,33035,6860.0,327,6870.0,6903,6880.0,10039,6890.0,15339,6900.0,12342,2025-05-09 17:36:39.507,,2147483647,1162852,False,nan
9133,1449440,1612491688,MERV - XMEV - GGAL - 24hs,6860.0,2025-05-09 17:36:35,9,2025-05-09 17:36:40.261,6850.0,5822,6840.0,20499,6830.0,2420,6820.0,5292,6810.0,33035,6860.0,327,6870.0,6903,6880.0,10039,6890.0,15339,6900.0,12342,2025-05-09 17:36:40.178,,2147483647,1162852,False,nan
9134,1449912,1612492266,MERV - XMEV - GGAL - 24hs,6860.0,2025-05-09 17:36:35,9,2025-05-09 17:36:45.790,6850.0,6169,6840.0,20499,6830.0,2420,6820.0,5292,6810.0,33035,6860.0,327,6870.0,6903,6880.0,10039,6890.0,15339,6900.0,12342,2025-05-09 17:36:45.707,,2147483647,1162852,False,nan
9135,1450027,1612492411,MERV - XMEV - GGAL - 24hs,6860.0,2025-05-09 17:36:35,9,2025-05-09 17:36:46.822,6850.0,5822,6840.0,20499,6830.0,2420,6820.0,5292,6810.0,33035,6860.0,327,6870.0,6903,6880.0,10039,6890.0,15339,6900.0,12342,2025-05-09 17:36:46.728,,2147483647,1162852,False,nan
9136,1450083,1612492478,MERV - XMEV - GGAL - 24hs,6860.0,2025-05-09 17:36:35,9,2025-05-09 17:36:47.584,6850.0,6169,6840.0,20499,6830.0,2420,6820.0,5292,6810.0,33035,6860.0,327,6870.0,6903,6880.0,10039,6890.0,15339,6900.0,12342,2025-05-09 17:36:47.502,,2147483647,1162852,False,nan
9137,1450212,1612492635,MERV - XMEV - GGAL - 24hs,6860.0,2025-05-09 17:36:35,9,2025-05-09 17:36:49.066,6850.0,5440,6840.0,21538,6830.0,2420,6820.0,5292,6810.0,33035,6860.0,327,6870.0,6903,6880.0,10039,6890.0,15339,6900.0,12342,2025-05-09 17:36:48.984,,2147483647,1162852,False,nan
9138,1450319,1612492775,MERV - XMEV - GGAL - 24hs,6860.0,2025-05-09 17:36:35,9,2025-05-09 17:36:49.842,6850.0,5440,6840.0,22232,6830.0,2420,6820.0,5292,6810.0,33035,6860.0,327,6870.0,6903,6880.0,10039,6890.0,15339,6900.0,12342,2025-05-09 17:36:49.761,,2147483647,1162852,False,nan
9139,1450687,1612493251,MERV - XMEV - GGAL - 24hs,6860.0,2025-05-09 17:36:35,9,2025-05-09 17:36:54.426,6850.0,15440,6840.0,22232,6830.0,2420,6820.0,5292,6810.0,33035,6860.0,327,6870.0,6903,6880.0,10039,6890.0,15339,6900.0,12342,2025-05-09 17:36:54.288,,2147483647,1162852,False,nan
9140,1450773,1612493364,MERV - XMEV - GGAL - 24hs,6860.0,2025-05-09 17:36:35,9,2025-05-09 17:36:55.110,6850.0,30440,6840.0,7232,6830.0,2420,6820.0,5292,6810.0,33035,6860.0,327,6870.0,6903,6880.0,10039,6890.0,15339,6900.0,12342,2025-05-09 17:36:55.022,,2147483647,1162852,False,nan
9141,1450974,1612493643,MERV - XMEV - GGAL - 24hs,6860.0,2025-05-09 17:36:56,1,2025-05-09 17:36:56.748,6850.0,30440,6840.0,7232,6830.0,2420,6820.0,5292,6810.0,33035,6860.0,327,6870.0,6903,6880.0,10039,6890.0,15339,6900.0,12342,2025-05-09 17:36:56.657,,2147483647,1162852,True,offer
9142,1451065,1612493756,MERV - XMEV - GGAL - 24hs,6860.0,2025-05-09 17:36:56,1,2025-05-09 17:36:57.410,6850.0,30440,6840.0,7232,6830.0,2420,6820.0,5292,6810.0,33035,6860.0,326,6870.0,6903,6880.0,10039,6890.0,15339,6900.0,12342,2025-05-09 17:36:57.329,,2147483647,1162852,False,nan
9143,1451113,1612493816,MERV - XMEV - GGAL - 24hs,6860.0,2025-05-09 17:36:56,1,2025-05-09 17:36:57.911,6850.0,30440,6840.0,7232,6830.0,2420,6820.0,5292,6810.0,33035,6860.0,326,6870.0,6903,6880.0,10039,6890.0,15339,6900.0,12342,2025-05-09 17:36:57.830,,2147483647,1162853,False,nan
9144,1451970,1612494810,MERV - XMEV - GGAL - 24hs,6860.0,2025-05-09 17:36:56,1,2025-05-09 17:37:02.588,6850.0,30440,6840.0,7232,6830.0,2420,6820.0,5292,6810.0,33035,6860.0,366,6870.0,6903,6880.0,10039,6890.0,15339,6900.0,12342,2025-05-09 17:37:01.819,,2147483647,1162853,False,nan
9145,1452076,1612494926,MERV - XMEV - GGAL - 24hs,6860.0,2025-05-09 17:36:56,1,2025-05-09 17:37:02.962,6850.0,30471,6840.0,7232,6830.0,2420,6820.0,5292,6810.0,33035,6860.0,366,6870.0,6903,6880.0,10039,6890.0,15339,6900.0,12342,2025-05-09 17:37:02.779,,2147483647,1162853,False,nan
9146,1452110,1612494963,MERV - XMEV - GGAL - 24hs,6860.0,2025-05-09 17:37:03,5,2025-05-09 17:37:03.399,6850.0,30471,6840.0,7232,6830.0,2420,6820.0,5292,6810.0,33035,6860.0,366,6870.0,6903,6880.0,10039,6890.0,15339,6900.0,12342,2025-05-09 17:37:03.279,,2147483647,1162853,True,offer
9147,1452163,1612495024,MERV - XMEV - GGAL - 24hs,6860.0,2025-05-09 17:37:03,5,2025-05-09 17:37:03.926,6850.0,30471,6840.0,7232,6830.0,2420,6820.0,5292,6810.0,33035,6860.0,361,6870.0,6903,6880.0,10039,6890.0,15339,6900.0,12342,2025-05-09 17:37:03.779,,2147483647,1162858,False,nan
9148,1452758,1612495730,MERV - XMEV - GGAL - 24hs,6860.0,2025-05-09 17:37:08,300,2025-05-09 17:37:08.623,6850.0,30471,6840.0,7232,6830.0,2420,6820.0,5292,6810.0,33035,6860.0,361,6870.0,6903,6880.0,10039,6890.0,15339,6900.0,12342,2025-05-09 17:37:08.525,,2147483647,1162858,True,offer
9149,1452863,1612495857,MERV - XMEV - GGAL - 24hs,6860.0,2025-05-09 17:37:08,300,2025-05-09 17:37:09.273,6850.0,30471,6840.0,7232,6830.0,2420,6820.0,5292,6810.0,33035,6860.0,61,6870.0,6903,6880.0,10039,6890.0,15339,6900.0,12342,2025-05-09 17:37:09.191,,2147483647,1162858,False,nan
9150,1452920,1612495927,MERV - XMEV - GGAL - 24hs,6860.0,2025-05-09 17:37:08,300,2025-05-09 17:37:09.773,6850.0,30471,6840.0,7232,6830.0,2420,6820.0,5292,6810.0,33035,6860.0,61,6870.0,6903,6880.0,10039,6890.0,15339,6900.0,12342,2025-05-09 17:37:09.691,,2147483647,1163158,False,nan
9151,1453674,1612496850,MERV - XMEV - GGAL - 24hs,6860.0,2025-05-09 17:37:14,21,2025-05-09 17:37:15.011,6850.0,30471,6840.0,7232,6830.0,2420,6820.0,5292,6810.0,33035,6860.0,61,6870.0,6903,6880.0,10039,6890.0,15339,6900.0,12342,2025-05-09 17:37:14.898,,2147483647,1163158,True,offer
9152,1453725,1612496906,MERV - XMEV - GGAL - 24hs,6860.0,2025-05-09 17:37:14,39,2025-05-09 17:37:15.481,6850.0,30471,6840.0,7232,6830.0,2420,6820.0,5292,6810.0,33035,6860.0,61,6870.0,6903,6880.0,10039,6890.0,15339,6900.0,12342,2025-05-09 17:37:15.399,,2147483647,1163158,False,nan
9153,1453788,1612496982,MERV - XMEV - GGAL - 24hs,6850.0,2025-05-09 17:37:15,58,2025-05-09 17:37:15.984,6850.0,30471,6840.0,7232,6830.0,2420,6820.0,5292,6810.0,33035,6860.0,336,6870.0,6903,6880.0,10039,6890.0,15339,6900.0,12342,2025-05-09 17:37:15.904,,2147483647,1163258,True,bid
9154,1453840,1612497044,MERV - XMEV - GGAL - 24hs,6850.0,2025-05-09 17:37:16,2784,2025-05-09 17:37:16.485,6850.0,30413,6840.0,7232,6830.0,2420,6820.0,5292,6810.0,33035,6860.0,336,6870.0,6903,6880.0,10039,6890.0,15339,6900.0,12342,2025-05-09 17:37:16.404,,2147483647,1163316,True,bid
9155,1453879,1612497094,MERV - XMEV - GGAL - 24hs,6850.0,2025-05-09 17:37:16,2784,2025-05-09 17:37:17.067,6850.0,27629,6840.0,7232,6830.0,2420,6820.0,5292,6810.0,33035,6860.0,336,6870.0,6903,6880.0,10039,6890.0,15339,6900.0,12342,2025-05-09 17:37:16.984,,2147483647,1163316,False,nan
9156,1453961,1612497197,MERV - XMEV - GGAL - 24hs,6850.0,2025-05-09 17:37:16,2784,2025-05-09 17:37:17.636,6850.0,27629,6840.0,7232,6830.0,2420,6820.0,5292,6810.0,33035,6860.0,336,6870.0,6903,6880.0,10039,6890.0,15339,6900.0,12342,2025-05-09 17:37:17.489,,2147483647,1166100,False,nan
9157,1454273,1612497563,MERV - XMEV - GGAL - 24hs,6860.0,2025-05-09 17:37:20,3,2025-05-09 17:37:20.556,6850.0,27629,6840.0,7232,6830.0,2420,6820.0,5292,6810.0,33035,6860.0,336,6870.0,6903,6880.0,10039,6890.0,15339,6900.0,12342,2025-05-09 17:37:20.474,,2147483647,1166100,True,offer
9158,1454310,1612497605,MERV - XMEV - GGAL - 24hs,6860.0,2025-05-09 17:37:20,1,2025-05-09 17:37:21.056,6850.0,27629,6840.0,7232,6830.0,2420,6820.0,5292,6810.0,33035,6860.0,336,6870.0,6903,6880.0,10039,6890.0,15339,6900.0,12342,2025-05-09 17:37:20.973,,2147483647,1166103,False,nan
9159,1454385,1612497698,MERV - XMEV - GGAL - 24hs,6860.0,2025-05-09 17:37:20,1,2025-05-09 17:37:21.556,6850.0,27629,6840.0,7232,6830.0,2420,6820.0,5292,6810.0,33035,6860.0,332,6870.0,6903,6880.0,10039,6890.0,15339,6900.0,12342,2025-05-09 17:37:21.473,,2147483647,1166104,False,nan
9160,1454439,1612497763,MERV - XMEV - GGAL - 24hs,6850.0,2025-05-09 17:37:22,2306,2025-05-09 17:37:22.246,6850.0,27629,6840.0,7232,6830.0,2420,6820.0,5292,6810.0,33035,6860.0,332,6870.0,6903,6880.0,10039,6890.0,15339,6900.0,12342,2025-05-09 17:37:22.165,,2147483647,1166104,True,bid
9161,1454483,1612497823,MERV - XMEV - GGAL - 24hs,6850.0,2025-05-09 17:37:22,3618,2025-05-09 17:37:22.746,6850.0,21413,6840.0,7232,6830.0,2420,6820.0,5292,6810.0,33035,6860.0,332,6870.0,6903,6880.0,10039,6890.0,15339,6900.0,12342,2025-05-09 17:37:22.665,,2147483647,1166104,False,nan
9162,1454524,1612497885,MERV - XMEV - GGAL - 24hs,6850.0,2025-05-09 17:37:22,3618,2025-05-09 17:37:23.247,6850.0,21413,6840.0,7232,6830.0,2420,6820.0,5292,6810.0,33035,6860.0,332,6870.0,6903,6880.0,10039,6890.0,15339,6900.0,12342,2025-05-09 17:37:23.165,,2147483647,1172320,False,nan
9163,1454683,1612498088,MERV - XMEV - GGAL - 24hs,6850.0,2025-05-09 17:37:22,3618,2025-05-09 17:37:25.478,6850.0,21413,6840.0,7332,6830.0,2420,6820.0,5292,6810.0,33035,6860.0,332,6870.0,6903,6880.0,10039,6890.0,15339,6900.0,12342,2025-05-09 17:37:25.397,,2147483647,1172320,False,nan
9164,1454892,1612498347,MERV - XMEV - GGAL - 24hs,6850.0,2025-05-09 17:37:22,3618,2025-05-09 17:37:27.568,6850.0,21413,6840.0,7332,6830.0,2420,6820.0,5292,6810.0,33035,6860.0,332,6870.0,6974,6880.0,10039,6890.0,15339,6900.0,12342,2025-05-09 17:37:27.422,,2147483647,1172320,False,nan
9165,1455054,1612498549,MERV - XMEV - GGAL - 24hs,6850.0,2025-05-09 17:37:22,3618,2025-05-09 17:37:29.483,6850.0,21413,6840.0,7321,6830.0,2420,6820.0,5292,6810.0,33035,6860.0,332,6870.0,6974,6880.0,10039,6890.0,15339,6900.0,12342,2025-05-09 17:37:29.294,,2147483647,1172320,False,nan
9166,1455109,1612498619,MERV - XMEV - GGAL - 24hs,6850.0,2025-05-09 17:37:22,3618,2025-05-09 17:37:30.053,6850.0,21413,6840.0,7332,6830.0,2420,6820.0,5292,6810.0,33035,6860.0,332,6870.0,6974,6880.0,10039,6890.0,15339,6900.0,12342,2025-05-09 17:37:29.967,,2147483647,1172320,False,nan
9167,1455645,1612499291,MERV - XMEV - GGAL - 24hs,6850.0,2025-05-09 17:37:22,3618,2025-05-09 17:37:36.226,6850.0,21413,6840.0,6332,6830.0,2420,6820.0,5292,6810.0,33035,6860.0,332,6870.0,6974,6880.0,10039,6890.0,15339,6900.0,12342,2025-05-09 17:37:36.137,,2147483647,1172320,False,nan
9168,1455826,1612499532,MERV - XMEV - GGAL - 24hs,6850.0,2025-05-09 17:37:22,3618,2025-05-09 17:37:38.275,6850.0,21413,6840.0,7332,6830.0,2420,6820.0,5292,6810.0,33035,6860.0,332,6870.0,6974,6880.0,10039,6890.0,15339,6900.0,12342,2025-05-09 17:37:38.152,,2147483647,1172320,False,nan
9169,1456047,1612499812,MERV - XMEV - GGAL - 24hs,6860.0,2025-05-09 17:37:41,14,2025-05-09 17:37:41.134,6850.0,21413,6840.0,7332,6830.0,2420,6820.0,5292,6810.0,33035,6860.0,332,6870.0,6974,6880.0,10039,6890.0,15339,6900.0,12342,2025-05-09 17:37:41.050,,2147483647,1172320,True,offer
9170,1456153,1612499946,MERV - XMEV - GGAL - 24hs,6860.0,2025-05-09 17:37:41,14,2025-05-09 17:37:41.818,6850.0,21413,6840.0,7332,6830.0,2420,6820.0,5292,6810.0,33035,6860.0,318,6870.0,6974,6880.0,10039,6890.0,15339,6900.0,12342,2025-05-09 17:37:41.719,,2147483647,1172320,False,nan
9171,1456279,1612500088,MERV - XMEV - GGAL - 24hs,6860.0,2025-05-09 17:37:41,14,2025-05-09 17:37:42.299,6850.0,21413,6840.0,7332,6830.0,2420,6820.0,5292,6810.0,33035,6860.0,318,6870.0,6974,6880.0,10039,6890.0,15339,6900.0,12342,2025-05-09 17:37:42.218,,2147483647,1172334,False,nan
9172,1456369,1612500197,MERV - XMEV - GGAL - 24hs,6860.0,2025-05-09 17:37:41,14,2025-05-09 17:37:43.708,6850.0,22413,6840.0,6332,6830.0,2420,6820.0,5292,6810.0,33035,6860.0,318,6870.0,6974,6880.0,10039,6890.0,15339,6900.0,12342,2025-05-09 17:37:43.624,,2147483647,1172334,False,nan
9173,1457359,1612501458,MERV - XMEV - GGAL - 24hs,6860.0,2025-05-09 17:37:41,14,2025-05-09 17:37:55.598,6850.0,22672,6840.0,4599,6830.0,2420,6820.0,5292,6810.0,33035,6860.0,318,6870.0,6974,6880.0,10039,6890.0,15339,6900.0,12342,2025-05-09 17:37:55.517,,2147483647,1172334,False,nan
9174,1457457,1612501593,MERV - XMEV - GGAL - 24hs,6860.0,2025-05-09 17:37:41,14,2025-05-09 17:37:56.579,6850.0,22637,6840.0,4599,6830.0,2420,6820.0,5292,6810.0,33035,6860.0,318,6870.0,6974,6880.0,10039,6890.0,15339,6900.0,12342,2025-05-09 17:37:56.497,,2147483647,1172334,False,nan
9175,1458010,1612502252,MERV - XMEV - GGAL - 24hs,6860.0,2025-05-09 17:38:01,4,2025-05-09 17:38:02.087,6850.0,22637,6840.0,4599,6830.0,2420,6820.0,5292,6810.0,33035,6860.0,318,6870.0,6974,6880.0,10039,6890.0,15339,6900.0,12342,2025-05-09 17:38:01.999,,2147483647,1172334,True,offer
9176,1458064,1612502321,MERV - XMEV - GGAL - 24hs,6860.0,2025-05-09 17:38:02,8,2025-05-09 17:38:02.585,6850.0,22637,6840.0,4599,6830.0,2420,6820.0,5292,6810.0,33035,6860.0,318,6870.0,6974,6880.0,10039,6890.0,15339,6900.0,12342,2025-05-09 17:38:02.505,,2147483647,1172338,True,offer
9177,1458149,1612502415,MERV - XMEV - GGAL - 24hs,6850.0,2025-05-09 17:38:02,10,2025-05-09 17:38:03.092,6850.0,22637,6840.0,4599,6830.0,2420,6820.0,5292,6810.0,33035,6860.0,306,6870.0,6974,6880.0,10039,6890.0,15339,6900.0,12342,2025-05-09 17:38:03.005,,2147483647,1172347,False,nan
9178,1458213,1612502491,MERV - XMEV - GGAL - 24hs,6850.0,2025-05-09 17:38:02,10,2025-05-09 17:38:03.586,6850.0,22627,6840.0,4599,6830.0,2420,6820.0,5292,6810.0,33035,6860.0,305,6870.0,6974,6880.0,10039,6890.0,15339,6900.0,12342,2025-05-09 17:38:03.504,,2147483647,1172357,False,nan
9179,1458346,1612502656,MERV - XMEV - GGAL - 24hs,6850.0,2025-05-09 17:38:02,10,2025-05-09 17:38:05.129,6850.0,6627,6840.0,20599,6830.0,2420,6820.0,5292,6810.0,33035,6860.0,305,6870.0,6974,6880.0,10039,6890.0,15339,6900.0,12342,2025-05-09 17:38:05.049,,2147483647,1172357,False,nan
9180,1458417,1612502735,MERV - XMEV - GGAL - 24hs,6860.0,2025-05-09 17:38:05,1,2025-05-09 17:38:05.794,6850.0,6627,6840.0,20599,6830.0,2420,6820.0,5292,6810.0,33035,6860.0,305,6870.0,6974,6880.0,10039,6890.0,15339,6900.0,12342,2025-05-09 17:38:05.702,,2147483647,1172357,True,offer
9181,1458463,1612502793,MERV - XMEV - GGAL - 24hs,6860.0,2025-05-09 17:38:05,1,2025-05-09 17:38:06.286,6850.0,7227,6840.0,20399,6830.0,2420,6820.0,5292,6810.0,33035,6860.0,304,6870.0,6974,6880.0,10039,6890.0,15339,6900.0,12342,2025-05-09 17:38:06.202,,2147483647,1172357,False,nan
9182,1458503,1612502840,MERV - XMEV - GGAL - 24hs,6860.0,2025-05-09 17:38:05,1,2025-05-09 17:38:06.782,6850.0,7227,6840.0,20399,6830.0,2420,6820.0,5292,6810.0,33035,6860.0,304,6870.0,6974,6880.0,10039,6890.0,15339,6900.0,12342,2025-05-09 17:38:06.702,,2147483647,1172358,False,nan
9183,1459225,1612503727,MERV - XMEV - GGAL - 24hs,6860.0,2025-05-09 17:38:05,1,2025-05-09 17:38:14.050,6850.0,6727,6840.0,20399,6830.0,2420,6820.0,5292,6810.0,33035,6860.0,304,6870.0,6974,6880.0,10039,6890.0,15339,6900.0,12342,2025-05-09 17:38:13.970,,2147483647,1172358,False,nan
9184,1459561,1612504133,MERV - XMEV - GGAL - 24hs,6860.0,2025-05-09 17:38:05,1,2025-05-09 17:38:17.508,6850.0,7227,6840.0,20399,6830.0,2420,6820.0,5292,6810.0,33035,6860.0,304,6870.0,6974,6880.0,10039,6890.0,15339,6900.0,12342,2025-05-09 17:38:17.431,,2147483647,1172358,False,nan
9185,1460564,1612505388,MERV - XMEV - GGAL - 24hs,6850.0,2025-05-09 17:38:26,150,2025-05-09 17:38:27.047,6850.0,7227,6840.0,20399,6830.0,2420,6820.0,5292,6810.0,33035,6860.0,304,6870.0,6974,6880.0,10039,6890.0,15339,6900.0,12342,2025-05-09 17:38:26.835,,2147483647,1172358,True,bid
9186,1460733,1612505600,MERV - XMEV - GGAL - 24hs,6850.0,2025-05-09 17:38:26,150,2025-05-09 17:38:27.686,6850.0,7077,6840.0,20399,6830.0,2420,6820.0,5292,6810.0,33035,6860.0,304,6870.0,6974,6880.0,10039,6890.0,15339,6900.0,12342,2025-05-09 17:38:27.464,,2147483647,1172358,False,nan
9187,1460833,1612505726,MERV - XMEV - GGAL - 24hs,6860.0,2025-05-09 17:38:27,1,2025-05-09 17:38:28.078,6850.0,7077,6840.0,20399,6830.0,2420,6820.0,5292,6810.0,33035,6860.0,304,6870.0,6974,6880.0,10039,6890.0,15339,6900.0,12342,2025-05-09 17:38:27.973,,2147483647,1172508,True,offer
9188,1460874,1612505771,MERV - XMEV - GGAL - 24hs,6860.0,2025-05-09 17:38:27,1,2025-05-09 17:38:28.543,6850.0,8077,6840.0,19399,6830.0,2420,6820.0,5292,6810.0,33035,6860.0,303,6870.0,6974,6880.0,10039,6890.0,15339,6900.0,12342,2025-05-09 17:38:28.465,,2147483647,1172509,False,nan
9189,1461455,1612506464,MERV - XMEV - GGAL - 24hs,6860.0,2025-05-09 17:38:27,1,2025-05-09 17:38:31.869,6850.0,8077,6840.0,19399,6830.0,2420,6820.0,5292,6810.0,33035,6860.0,303,6870.0,6974,6880.0,9639,6890.0,15339,6900.0,12342,2025-05-09 17:38:31.791,,2147483647,1172509,False,nan
9190,1461585,1612506615,MERV - XMEV - GGAL - 24hs,6860.0,2025-05-09 17:38:32,3,2025-05-09 17:38:32.736,6850.0,8077,6840.0,19399,6830.0,2420,6820.0,5292,6810.0,33035,6860.0,303,6870.0,6974,6880.0,9639,6890.0,15339,6900.0,12342,2025-05-09 17:38:32.629,,2147483647,1172509,True,offer
9191,1461644,1612506682,MERV - XMEV - GGAL - 24hs,6860.0,2025-05-09 17:38:32,3,2025-05-09 17:38:33.366,6850.0,8077,6840.0,19399,6830.0,2420,6820.0,5292,6810.0,33035,6860.0,300,6870.0,6974,6880.0,9639,6890.0,15339,6900.0,12342,2025-05-09 17:38:33.287,,2147483647,1172509,False,nan
9192,1461716,1612506778,MERV - XMEV - GGAL - 24hs,6860.0,2025-05-09 17:38:32,3,2025-05-09 17:38:33.863,6850.0,8077,6840.0,19399,6830.0,2420,6820.0,5292,6810.0,33035,6860.0,300,6870.0,6974,6880.0,9639,6890.0,15339,6900.0,12342,2025-05-09 17:38:33.786,,2147483647,1172512,False,nan
9193,1461958,1612507097,MERV - XMEV - GGAL - 24hs,6860.0,2025-05-09 17:38:32,3,2025-05-09 17:38:36.763,6850.0,7853,6840.0,23511,6830.0,2420,6820.0,5292,6810.0,33035,6860.0,300,6870.0,6974,6880.0,9639,6890.0,15339,6900.0,12342,2025-05-09 17:38:36.684,,2147483647,1172512,False,nan
9194,1462329,1612507562,MERV - XMEV - GGAL - 24hs,6860.0,2025-05-09 17:38:32,3,2025-05-09 17:38:38.742,6850.0,8929,6840.0,19399,6830.0,2420,6820.0,5292,6810.0,33035,6860.0,300,6870.0,6974,6880.0,9639,6890.0,15339,6900.0,12342,2025-05-09 17:38:38.186,,2147483647,1172512,False,nan
9195,1462572,1612507850,MERV - XMEV - GGAL - 24hs,6850.0,2025-05-09 17:38:39,27,2025-05-09 17:38:39.834,6850.0,8929,6840.0,19399,6830.0,2420,6820.0,5292,6810.0,33035,6860.0,300,6870.0,6974,6880.0,9639,6890.0,15339,6900.0,12342,2025-05-09 17:38:39.591,,2147483647,1172512,True,bid
9196,1462660,1612507971,MERV - XMEV - GGAL - 24hs,6850.0,2025-05-09 17:38:39,27,2025-05-09 17:38:40.241,6850.0,23902,6840.0,4399,6830.0,2420,6820.0,5292,6810.0,33035,6860.0,300,6870.0,6974,6880.0,9639,6890.0,15339,6900.0,12342,2025-05-09 17:38:40.163,,2147483647,1172512,False,nan
9197,1462701,1612508018,MERV - XMEV - GGAL - 24hs,6850.0,2025-05-09 17:38:39,27,2025-05-09 17:38:40.745,6850.0,23902,6840.0,4399,6830.0,2420,6820.0,5292,6810.0,33035,6860.0,300,6870.0,6974,6880.0,9639,6890.0,15339,6900.0,12342,2025-05-09 17:38:40.663,,2147483647,1172539,False,nan
9198,1462774,1612508108,MERV - XMEV - GGAL - 24hs,6860.0,2025-05-09 17:38:41,300,2025-05-09 17:38:41.875,6850.0,23902,6840.0,4399,6830.0,2420,6820.0,5292,6810.0,33035,6860.0,300,6870.0,6974,6880.0,9639,6890.0,15339,6900.0,12342,2025-05-09 17:38:41.797,,2147483647,1172539,True,offer
9199,1462939,1612508310,MERV - XMEV - GGAL - 24hs,6860.0,2025-05-09 17:38:41,300,2025-05-09 17:38:42.807,6850.0,23902,6840.0,4399,6830.0,2420,6820.0,5292,6810.0,33035,6870.0,7050,6880.0,9639,6890.0,15339,6900.0,12335,6910.0,15073,2025-05-09 17:38:42.482,,2147483647,1172539,False,nan
9200,1463009,1612508405,MERV - XMEV - GGAL - 24hs,6860.0,2025-05-09 17:38:41,300,2025-05-09 17:38:43.106,6850.0,23902,6840.0,4399,6830.0,2420,6820.0,5292,6810.0,33035,6870.0,7050,6880.0,9639,6890.0,15339,6900.0,12335,6910.0,15073,2025-05-09 17:38:42.980,,2147483647,1172839,False,nan
9201,1463064,1612508479,MERV - XMEV - GGAL - 24hs,6860.0,2025-05-09 17:38:41,300,2025-05-09 17:38:43.611,6850.0,23555,6840.0,4399,6830.0,2420,6820.0,5292,6810.0,33035,6870.0,7050,6880.0,9639,6890.0,15339,6900.0,12335,6910.0,15073,2025-05-09 17:38:43.532,,2147483647,1172839,False,nan
9202,1463609,1612509140,MERV - XMEV - GGAL - 24hs,6860.0,2025-05-09 17:38:41,300,2025-05-09 17:38:46.795,6850.0,23555,6840.0,4399,6830.0,2420,6820.0,5292,6810.0,33035,6870.0,7050,6880.0,9639,6890.0,15339,6900.0,12335,6910.0,5073,2025-05-09 17:38:46.230,,2147483647,1172839,False,nan
9203,1463894,1612509528,MERV - XMEV - GGAL - 24hs,6870.0,2025-05-09 17:38:48,11,2025-05-09 17:38:49.171,6850.0,23555,6840.0,4399,6830.0,2420,6820.0,5292,6810.0,33035,6870.0,7050,6880.0,9639,6890.0,15339,6900.0,12335,6910.0,5073,2025-05-09 17:38:48.943,,2147483647,1172839,True,offer
9204,1463957,1612509606,MERV - XMEV - GGAL - 24hs,6870.0,2025-05-09 17:38:48,11,2025-05-09 17:38:49.672,6850.0,23555,6840.0,4399,6830.0,2420,6820.0,5292,6810.0,33035,6870.0,7039,6880.0,9639,6890.0,15339,6900.0,12335,6910.0,5073,2025-05-09 17:38:49.595,,2147483647,1172839,False,nan
9205,1463996,1612509660,MERV - XMEV - GGAL - 24hs,6870.0,2025-05-09 17:38:48,11,2025-05-09 17:38:50.172,6850.0,23555,6840.0,4399,6830.0,2420,6820.0,5292,6810.0,33035,6870.0,7039,6880.0,9639,6890.0,15339,6900.0,12335,6910.0,5073,2025-05-09 17:38:50.095,,2147483647,1172850,False,nan
9206,1464420,1612510203,MERV - XMEV - GGAL - 24hs,6870.0,2025-05-09 17:38:48,11,2025-05-09 17:38:53.958,6850.0,23555,6840.0,4399,6830.0,2420,6820.0,5292,6810.0,33035,6870.0,7039,6880.0,9639,6890.0,15339,6900.0,12735,6910.0,5073,2025-05-09 17:38:53.879,,2147483647,1172850,False,nan
9207,1464701,1612510538,MERV - XMEV - GGAL - 24hs,6870.0,2025-05-09 17:38:48,11,2025-05-09 17:38:56.119,6850.0,23518,6840.0,4399,6830.0,2420,6820.0,5292,6810.0,33035,6870.0,7039,6880.0,9639,6890.0,15339,6900.0,12735,6910.0,5073,2025-05-09 17:38:56.042,,2147483647,1172850,False,nan
9208,1464943,1612510829,MERV - XMEV - GGAL - 24hs,6870.0,2025-05-09 17:38:48,11,2025-05-09 17:38:58.063,6860.0,3,6850.0,23518,6840.0,4399,6830.0,2420,6820.0,5292,6870.0,6963,6880.0,9639,6890.0,15339,6900.0,12735,6910.0,5080,2025-05-09 17:38:57.813,,2147483647,1172850,False,nan
9209,1465926,1612511999,MERV - XMEV - GGAL - 24hs,6870.0,2025-05-09 17:39:04,778,2025-05-09 17:39:04.647,6860.0,3,6850.0,23518,6840.0,4399,6830.0,2420,6820.0,5292,6870.0,6963,6880.0,9639,6890.0,15339,6900.0,12735,6910.0,5080,2025-05-09 17:39:04.462,,2147483647,1172850,True,offer
9210,1465978,1612512058,MERV - XMEV - GGAL - 24hs,6870.0,2025-05-09 17:39:04,89,2025-05-09 17:39:05.042,6860.0,3,6850.0,23518,6840.0,4399,6830.0,2420,6820.0,5292,6870.0,6083,6880.0,9639,6890.0,15339,6900.0,12735,6910.0,5080,2025-05-09 17:39:04.962,,2147483647,1172850,False,nan
9211,1466007,1612512089,MERV - XMEV - GGAL - 24hs,6870.0,2025-05-09 17:39:04,89,2025-05-09 17:39:05.540,6860.0,3,6850.0,23518,6840.0,4399,6830.0,2420,6820.0,5292,6870.0,6083,6880.0,9639,6890.0,15339,6900.0,12735,6910.0,5080,2025-05-09 17:39:05.462,,2147483647,1173730,False,nan
9212,1466093,1612512185,MERV - XMEV - GGAL - 24hs,6870.0,2025-05-09 17:39:04,89,2025-05-09 17:39:06.043,6860.0,3,6850.0,23865,6840.0,4399,6830.0,2420,6820.0,5462,6870.0,6083,6880.0,9639,6890.0,15339,6900.0,12735,6910.0,3080,2025-05-09 17:39:05.962,,2147483647,1173730,False,nan
9213,1467219,1612513553,MERV - XMEV - GGAL - 24hs,6870.0,2025-05-09 17:39:04,89,2025-05-09 17:39:13.986,6860.0,3,6850.0,23518,6840.0,4399,6830.0,2420,6820.0,5462,6870.0,6083,6880.0,9639,6890.0,15339,6900.0,12735,6910.0,3080,2025-05-09 17:39:13.904,,2147483647,1173730,False,nan
9214,1467295,1612513660,MERV - XMEV - GGAL - 24hs,6870.0,2025-05-09 17:39:04,89,2025-05-09 17:39:14.722,6860.0,3,6850.0,24559,6840.0,4399,6830.0,2420,6820.0,5462,6870.0,6083,6880.0,9639,6890.0,15339,6900.0,12735,6910.0,3080,2025-05-09 17:39:14.637,,2147483647,1173730,False,nan
9215,1467483,1612513879,MERV - XMEV - GGAL - 24hs,6870.0,2025-05-09 17:39:04,89,2025-05-09 17:39:15.545,6860.0,1003,6850.0,24159,6840.0,4399,6830.0,2420,6820.0,5462,6870.0,6083,6880.0,9639,6890.0,15339,6900.0,12735,6910.0,3080,2025-05-09 17:39:15.364,,2147483647,1173730,False,nan
9216,1467569,1612513995,MERV - XMEV - GGAL - 24hs,6860.0,2025-05-09 17:39:15,62,2025-05-09 17:39:15.942,6860.0,1003,6850.0,24159,6840.0,4399,6830.0,2420,6820.0,5462,6870.0,6083,6880.0,9639,6890.0,15339,6900.0,12735,6910.0,3080,2025-05-09 17:39:15.864,,2147483647,1173730,True,bid
9217,1467627,1612514062,MERV - XMEV - GGAL - 24hs,6860.0,2025-05-09 17:39:15,62,2025-05-09 17:39:16.533,6860.0,938,6850.0,24159,6840.0,4399,6830.0,2420,6820.0,5462,6870.0,6083,6880.0,9639,6890.0,15339,6900.0,12735,6910.0,3080,2025-05-09 17:39:16.453,,2147483647,1173730,False,nan
9218,1467671,1612514114,MERV - XMEV - GGAL - 24hs,6860.0,2025-05-09 17:39:15,62,2025-05-09 17:39:17.032,6860.0,938,6850.0,24159,6840.0,4399,6830.0,2420,6820.0,5462,6870.0,6083,6880.0,9639,6890.0,15339,6900.0,12735,6910.0,3080,2025-05-09 17:39:16.953,,2147483647,1173795,False,nan
9219,1467953,1612514466,MERV - XMEV - GGAL - 24hs,6860.0,2025-05-09 17:39:15,62,2025-05-09 17:39:18.879,6860.0,938,6850.0,25893,6840.0,4399,6830.0,2420,6820.0,5462,6870.0,6083,6880.0,9639,6890.0,15339,6900.0,12735,6910.0,3080,2025-05-09 17:39:18.711,,2147483647,1173795,False,nan
9220,1468084,1612514625,MERV - XMEV - GGAL - 24hs,6860.0,2025-05-09 17:39:15,62,2025-05-09 17:39:19.903,6860.0,938,6850.0,25199,6840.0,4399,6830.0,2420,6820.0,5462,6870.0,6083,6880.0,9639,6890.0,15339,6900.0,12735,6910.0,3080,2025-05-09 17:39:19.817,,2147483647,1173795,False,nan
9221,1469015,1612515777,MERV - XMEV - GGAL - 24hs,6860.0,2025-05-09 17:39:15,62,2025-05-09 17:39:25.715,6860.0,938,6850.0,25236,6840.0,4399,6830.0,2420,6820.0,5462,6870.0,6083,6880.0,9639,6890.0,15339,6900.0,12735,6910.0,3080,2025-05-09 17:39:25.558,,2147483647,1173795,False,nan
9222,1469392,1612516226,MERV - XMEV - GGAL - 24hs,6860.0,2025-05-09 17:39:15,62,2025-05-09 17:39:27.122,6860.0,2324,6850.0,22426,6840.0,4399,6830.0,2420,6820.0,5462,6870.0,6083,6880.0,9639,6890.0,15339,6900.0,12735,6910.0,3080,2025-05-09 17:39:26.726,,2147483647,1173795,False,nan
9223,1469716,1612516665,MERV - XMEV - GGAL - 24hs,6860.0,2025-05-09 17:39:15,62,2025-05-09 17:39:28.484,6860.0,2324,6850.0,22571,6840.0,4399,6830.0,2420,6820.0,5462,6870.0,6083,6880.0,9639,6890.0,15339,6900.0,12735,6910.0,3080,2025-05-09 17:39:27.431,,2147483647,1173795,False,nan
9224,1469892,1612516875,MERV - XMEV - GGAL - 24hs,6870.0,2025-05-09 17:39:24,25,2025-05-09 17:39:29.146,6860.0,2324,6850.0,22571,6840.0,4399,6830.0,2420,6820.0,5462,6870.0,6083,6880.0,9639,6890.0,15339,6900.0,12735,6910.0,3080,2025-05-09 17:39:27.961,,2147483647,1173820,True,offer
9225,1470056,1612517096,MERV - XMEV - GGAL - 24hs,6870.0,2025-05-09 17:39:24,25,2025-05-09 17:39:29.838,6860.0,1630,6850.0,22571,6840.0,4399,6830.0,2395,6820.0,5629,6870.0,6033,6880.0,9639,6890.0,15339,6900.0,12735,6910.0,3080,2025-05-09 17:39:28.430,,2147483647,1173845,False,nan
9226,1470305,1612517434,MERV - XMEV - GGAL - 24hs,6870.0,2025-05-09 17:39:24,25,2025-05-09 17:39:30.891,6860.0,1624,6850.0,22571,6840.0,4399,6830.0,2395,6820.0,5629,6870.0,6033,6880.0,9639,6890.0,15339,6900.0,12735,6910.0,3080,2025-05-09 17:39:28.940,,2147483647,1173845,False,nan
9227,1470634,1612517847,MERV - XMEV - GGAL - 24hs,6870.0,2025-05-09 17:39:24,25,2025-05-09 17:39:32.170,6860.0,938,6850.0,22953,6840.0,4399,6830.0,2395,6820.0,5629,6870.0,6033,6880.0,9639,6890.0,15339,6900.0,12735,6910.0,3080,2025-05-09 17:39:29.931,,2147483647,1173845,False,nan
9228,1470754,1612518006,MERV - XMEV - GGAL - 24hs,6870.0,2025-05-09 17:39:24,25,2025-05-09 17:39:32.687,6860.0,938,6850.0,23300,6840.0,4399,6830.0,2395,6820.0,5629,6870.0,6033,6880.0,9639,6890.0,15339,6900.0,12735,6910.0,3080,2025-05-09 17:39:30.422,,2147483647,1173845,False,nan
9229,1471316,1612518688,MERV - XMEV - GGAL - 24hs,6870.0,2025-05-09 17:39:24,25,2025-05-09 17:39:34.792,6860.0,1538,6850.0,23300,6840.0,4399,6830.0,2395,6820.0,5629,6870.0,6033,6880.0,9639,6890.0,15339,6900.0,12735,6910.0,3080,2025-05-09 17:39:33.655,,2147483647,1173845,False,nan
9230,1471667,1612519133,MERV - XMEV - GGAL - 24hs,6860.0,2025-05-09 17:39:35,1,2025-05-09 17:39:36.134,6860.0,1538,6850.0,23300,6840.0,4399,6830.0,2395,6820.0,5629,6870.0,6033,6880.0,9639,6890.0,15339,6900.0,12735,6910.0,3080,2025-05-09 17:39:35.202,,2147483647,1173845,True,bid
9231,1471822,1612519318,MERV - XMEV - GGAL - 24hs,6860.0,2025-05-09 17:39:35,1,2025-05-09 17:39:36.706,6860.0,1537,6850.0,23300,6840.0,4399,6830.0,2395,6820.0,5629,6870.0,6033,6880.0,9639,6890.0,15339,6900.0,12735,6910.0,3080,2025-05-09 17:39:35.702,,2147483647,1173845,False,nan
9232,1471964,1612519479,MERV - XMEV - GGAL - 24hs,6860.0,2025-05-09 17:39:35,1,2025-05-09 17:39:37.200,6860.0,1537,6850.0,23300,6840.0,4399,6830.0,2395,6820.0,5629,6870.0,6033,6880.0,9639,6890.0,15339,6900.0,12735,6910.0,3080,2025-05-09 17:39:36.202,,2147483647,1173846,False,nan
9233,1472519,1612520144,MERV - XMEV - GGAL - 24hs,6860.0,2025-05-09 17:39:35,1,2025-05-09 17:39:39.246,6860.0,2537,6850.0,22300,6840.0,4399,6830.0,2395,6820.0,5629,6870.0,6033,6880.0,9639,6890.0,15339,6900.0,12735,6910.0,3080,2025-05-09 17:39:38.461,,2147483647,1173846,False,nan
9234,1472876,1612520563,MERV - XMEV - GGAL - 24hs,6870.0,2025-05-09 17:39:39,900,2025-05-09 17:39:40.544,6860.0,2537,6850.0,22300,6840.0,4399,6830.0,2395,6820.0,5629,6870.0,6033,6880.0,9639,6890.0,15339,6900.0,12735,6910.0,3080,2025-05-09 17:39:39.299,,2147483647,1173846,True,offer
9235,1472966,1612520670,MERV - XMEV - GGAL - 24hs,6870.0,2025-05-09 17:39:39,900,2025-05-09 17:39:40.886,6860.0,2537,6850.0,22300,6840.0,4399,6830.0,2395,6820.0,5629,6870.0,5133,6880.0,9639,6890.0,15339,6900.0,12735,6910.0,3080,2025-05-09 17:39:39.966,,2147483647,1173846,False,nan
9236,1473029,1612520746,MERV - XMEV - GGAL - 24hs,6870.0,2025-05-09 17:39:39,900,2025-05-09 17:39:41.131,6860.0,2537,6850.0,22300,6840.0,4399,6830.0,2395,6820.0,5629,6870.0,5133,6880.0,9639,6890.0,15339,6900.0,12735,6910.0,3080,2025-05-09 17:39:40.466,,2147483647,1174746,False,nan
9237,1473166,1612520932,MERV - XMEV - GGAL - 24hs,6870.0,2025-05-09 17:39:39,900,2025-05-09 17:39:41.722,6860.0,2537,6850.0,22300,6840.0,4399,6830.0,2395,6820.0,5629,6870.0,6133,6880.0,9639,6890.0,15339,6900.0,12735,6910.0,3080,2025-05-09 17:39:41.580,,2147483647,1174746,False,nan
9238,1473443,1612521273,MERV - XMEV - GGAL - 24hs,6870.0,2025-05-09 17:39:39,900,2025-05-09 17:39:42.969,6860.0,2537,6850.0,22800,6840.0,4399,6830.0,2395,6820.0,5629,6870.0,6133,6880.0,9639,6890.0,15339,6900.0,12735,6910.0,3080,2025-05-09 17:39:42.890,,2147483647,1174746,False,nan
9239,1473989,1612521971,MERV - XMEV - GGAL - 24hs,6870.0,2025-05-09 17:39:39,900,2025-05-09 17:39:46.367,6860.0,2537,6850.0,23023,6840.0,4399,6830.0,2395,6820.0,5629,6870.0,6133,6880.0,9639,6890.0,15339,6900.0,12735,6910.0,3080,2025-05-09 17:39:46.285,,2147483647,1174746,False,nan
9240,1474706,1612522803,MERV - XMEV - GGAL - 24hs,6870.0,2025-05-09 17:39:39,900,2025-05-09 17:39:50.765,6860.0,2537,6850.0,22986,6840.0,4399,6830.0,2395,6820.0,5629,6870.0,6133,6880.0,9639,6890.0,15339,6900.0,12735,6910.0,3080,2025-05-09 17:39:50.688,,2147483647,1174746,False,nan
9241,1475324,1612523556,MERV - XMEV - GGAL - 24hs,6870.0,2025-05-09 17:39:39,900,2025-05-09 17:39:56.345,6860.0,2537,6850.0,23023,6840.0,4399,6830.0,2395,6820.0,5629,6870.0,6133,6880.0,9639,6890.0,15339,6900.0,12735,6910.0,3080,2025-05-09 17:39:56.268,,2147483647,1174746,False,nan
9242,1475388,1612523635,MERV - XMEV - GGAL - 24hs,6870.0,2025-05-09 17:39:39,900,2025-05-09 17:39:57.247,6860.0,2537,6850.0,23370,6840.0,4399,6830.0,2395,6820.0,5629,6870.0,6133,6880.0,9639,6890.0,15339,6900.0,12735,6910.0,3080,2025-05-09 17:39:57.169,,2147483647,1174746,False,nan
9243,1475887,1612524211,MERV - XMEV - GGAL - 24hs,6870.0,2025-05-09 17:40:01,20,2025-05-09 17:40:01.844,6860.0,2537,6850.0,23370,6840.0,4399,6830.0,2395,6820.0,5629,6870.0,6133,6880.0,9639,6890.0,15339,6900.0,12735,6910.0,3080,2025-05-09 17:40:01.763,,2147483647,1174746,True,offer
9244,1475944,1612524279,MERV - XMEV - GGAL - 24hs,6870.0,2025-05-09 17:40:01,20,2025-05-09 17:40:02.516,6860.0,2537,6850.0,23370,6840.0,4399,6830.0,2395,6820.0,5629,6870.0,6113,6880.0,9639,6890.0,15339,6900.0,12735,6910.0,3080,2025-05-09 17:40:02.432,,2147483647,1174746,False,nan
9245,1476036,1612524383,MERV - XMEV - GGAL - 24hs,6870.0,2025-05-09 17:40:01,20,2025-05-09 17:40:03.076,6860.0,2537,6850.0,23370,6840.0,4399,6830.0,2395,6820.0,5629,6870.0,6113,6880.0,9639,6890.0,15339,6900.0,12735,6910.0,3080,2025-05-09 17:40:02.936,,2147483647,1174766,False,nan
9246,1476897,1612525465,MERV - XMEV - GGAL - 24hs,6870.0,2025-05-09 17:40:10,14,2025-05-09 17:40:10.597,6860.0,2537,6850.0,23370,6840.0,4399,6830.0,2395,6820.0,5629,6870.0,6113,6880.0,9639,6890.0,15339,6900.0,12735,6910.0,3080,2025-05-09 17:40:10.518,,2147483647,1174766,True,offer
9247,1476975,1612525553,MERV - XMEV - GGAL - 24hs,6870.0,2025-05-09 17:40:10,14,2025-05-09 17:40:11.097,6860.0,2537,6850.0,23370,6840.0,4399,6830.0,2395,6820.0,5629,6870.0,6099,6880.0,9639,6890.0,15339,6900.0,12735,6910.0,3080,2025-05-09 17:40:11.019,,2147483647,1174766,False,nan
9248,1477060,1612525652,MERV - XMEV - GGAL - 24hs,6870.0,2025-05-09 17:40:10,14,2025-05-09 17:40:12.051,6860.0,2537,6850.0,23370,6840.0,4399,6830.0,2395,6820.0,5629,6870.0,6099,6880.0,9639,6890.0,15339,6900.0,12735,6910.0,3080,2025-05-09 17:40:11.776,,2147483647,1174780,False,nan
9249,1477213,1612525835,MERV - XMEV - GGAL - 24hs,6870.0,2025-05-09 17:40:10,14,2025-05-09 17:40:12.948,6860.0,2537,6850.0,23370,6840.0,4399,6830.0,2395,6820.0,5629,6870.0,6028,6880.0,9639,6890.0,15339,6900.0,12735,6910.0,3080,2025-05-09 17:40:12.865,,2147483647,1174780,False,nan
9250,1477364,1612526019,MERV - XMEV - GGAL - 24hs,6870.0,2025-05-09 17:40:10,14,2025-05-09 17:40:14.139,6860.0,1537,6850.0,8370,6840.0,20399,6830.0,2395,6820.0,5629,6870.0,6028,6880.0,9639,6890.0,15339,6900.0,12735,6910.0,15080,2025-05-09 17:40:14.006,,2147483647,1174780,False,nan
9251,1477446,1612526132,MERV - XMEV - GGAL - 24hs,6860.0,2025-05-09 17:40:14,44,2025-05-09 17:40:15.085,6860.0,1537,6850.0,8370,6840.0,20399,6830.0,2395,6820.0,5629,6870.0,6028,6880.0,9639,6890.0,15339,6900.0,12735,6910.0,15080,2025-05-09 17:40:15.005,,2147483647,1174780,True,bid
9252,1477523,1612526230,MERV - XMEV - GGAL - 24hs,6860.0,2025-05-09 17:40:14,44,2025-05-09 17:40:15.755,6860.0,1493,6850.0,8370,6840.0,20399,6830.0,2395,6820.0,5629,6870.0,6028,6880.0,9639,6890.0,15339,6900.0,12735,6910.0,15080,2025-05-09 17:40:15.676,,2147483647,1174780,False,nan
9253,1477566,1612526288,MERV - XMEV - GGAL - 24hs,6860.0,2025-05-09 17:40:14,44,2025-05-09 17:40:16.248,6860.0,1493,6850.0,8370,6840.0,20399,6830.0,2395,6820.0,5629,6870.0,6028,6880.0,9639,6890.0,15339,6900.0,12735,6910.0,15080,2025-05-09 17:40:16.171,,2147483647,1174824,False,nan
9254,1477814,1612526582,MERV - XMEV - GGAL - 24hs,6860.0,2025-05-09 17:40:14,44,2025-05-09 17:40:18.291,6860.0,1493,6850.0,9370,6840.0,19399,6830.0,2395,6820.0,5629,6870.0,6028,6880.0,9639,6890.0,15339,6900.0,12735,6910.0,15080,2025-05-09 17:40:18.160,,2147483647,1174824,False,nan
9255,1477923,1612526736,MERV - XMEV - GGAL - 24hs,6870.0,2025-05-09 17:40:17,1,2025-05-09 17:40:18.766,6860.0,1493,6850.0,9370,6840.0,19399,6830.0,2395,6820.0,5629,6870.0,6027,6880.0,9639,6890.0,15339,6900.0,12735,6910.0,15080,2025-05-09 17:40:18.654,,2147483647,1174825,True,offer
9256,1478036,1612526878,MERV - XMEV - GGAL - 24hs,6860.0,2025-05-09 17:40:19,893,2025-05-09 17:40:19.584,6860.0,1493,6850.0,9370,6840.0,19399,6830.0,2395,6820.0,5629,6870.0,6027,6880.0,9639,6890.0,15339,6900.0,12735,6910.0,15080,2025-05-09 17:40:19.506,,2147483647,1174825,True,bid
9257,1478090,1612526939,MERV - XMEV - GGAL - 24hs,6860.0,2025-05-09 17:40:19,600,2025-05-09 17:40:20.087,6860.0,1493,6850.0,9370,6840.0,19399,6830.0,2395,6820.0,5629,6870.0,6027,6880.0,9639,6890.0,15339,6900.0,12735,6910.0,15080,2025-05-09 17:40:20.005,,2147483647,1174825,False,nan
9258,1478114,1612526975,MERV - XMEV - GGAL - 24hs,6860.0,2025-05-09 17:40:19,600,2025-05-09 17:40:20.582,6850.0,9370,6840.0,19399,6830.0,2395,6820.0,5629,6810.0,32535,6860.0,2377,6870.0,6027,6880.0,9639,6890.0,15339,6900.0,12735,2025-05-09 17:40:20.504,,2147483647,1176318,False,nan
9259,1478512,1612527468,MERV - XMEV - GGAL - 24hs,6860.0,2025-05-09 17:40:23,144,2025-05-09 17:40:23.275,6850.0,9370,6840.0,19399,6830.0,2395,6820.0,5629,6810.0,32535,6860.0,2377,6870.0,6027,6880.0,9639,6890.0,15339,6900.0,12735,2025-05-09 17:40:23.187,,2147483647,1176318,True,offer
9260,1478558,1612527523,MERV - XMEV - GGAL - 24hs,6860.0,2025-05-09 17:40:23,144,2025-05-09 17:40:23.934,6850.0,9370,6840.0,19399,6830.0,2395,6820.0,5629,6810.0,32535,6860.0,3233,6870.0,5027,6880.0,9639,6890.0,15339,6900.0,12735,2025-05-09 17:40:23.856,,2147483647,1176318,False,nan
9261,1478651,1612527641,MERV - XMEV - GGAL - 24hs,6860.0,2025-05-09 17:40:23,144,2025-05-09 17:40:24.434,6850.0,9370,6840.0,19399,6830.0,2395,6820.0,5629,6810.0,32535,6860.0,3233,6870.0,5027,6880.0,9639,6890.0,15339,6900.0,12735,2025-05-09 17:40:24.356,,2147483647,1176462,False,nan
9262,1479015,1612528129,MERV - XMEV - GGAL - 24hs,6860.0,2025-05-09 17:40:23,144,2025-05-09 17:40:27.897,6850.0,9370,6840.0,19399,6830.0,2395,6820.0,5629,6810.0,32535,6860.0,3955,6870.0,4305,6880.0,9639,6890.0,15339,6900.0,12735,2025-05-09 17:40:27.818,,2147483647,1176462,False,nan
9263,1479387,1612528613,MERV - XMEV - GGAL - 24hs,6860.0,2025-05-09 17:40:23,144,2025-05-09 17:40:32.842,6850.0,9270,6840.0,19399,6830.0,2395,6820.0,5629,6810.0,32535,6860.0,3955,6870.0,4305,6880.0,9639,6890.0,15339,6900.0,12735,2025-05-09 17:40:32.760,,2147483647,1176462,False,nan
9264,1479823,1612529144,MERV - XMEV - GGAL - 24hs,6860.0,2025-05-09 17:40:36,30,2025-05-09 17:40:36.940,6850.0,9270,6840.0,19399,6830.0,2395,6820.0,5629,6810.0,32535,6860.0,3955,6870.0,4305,6880.0,9639,6890.0,15339,6900.0,12735,2025-05-09 17:40:36.515,,2147483647,1176462,True,offer
9265,1479896,1612529253,MERV - XMEV - GGAL - 24hs,6860.0,2025-05-09 17:40:36,30,2025-05-09 17:40:37.283,6850.0,12589,6840.0,19499,6830.0,2395,6820.0,5629,6810.0,32535,6860.0,3925,6870.0,4305,6880.0,9639,6890.0,15339,6900.0,12735,2025-05-09 17:40:36.768,,2147483647,1176462,False,nan
9266,1479943,1612529315,MERV - XMEV - GGAL - 24hs,6860.0,2025-05-09 17:40:36,30,2025-05-09 17:40:37.478,6850.0,12589,6840.0,19499,6830.0,2395,6820.0,5629,6810.0,32535,6860.0,3925,6870.0,4305,6880.0,9639,6890.0,15339,6900.0,12735,2025-05-09 17:40:37.270,,2147483647,1176492,False,nan
9267,1480266,1612529734,MERV - XMEV - GGAL - 24hs,6860.0,2025-05-09 17:40:36,30,2025-05-09 17:40:41.235,6850.0,12589,6840.0,19499,6830.0,2395,6820.0,5629,6810.0,32535,6860.0,3985,6870.0,4305,6880.0,9639,6890.0,15339,6900.0,12735,2025-05-09 17:40:41.158,,2147483647,1176492,False,nan
9268,1480503,1612530032,MERV - XMEV - GGAL - 24hs,6860.0,2025-05-09 17:40:36,30,2025-05-09 17:40:42.788,6850.0,12589,6840.0,19399,6830.0,2495,6820.0,5629,6810.0,32535,6860.0,3985,6870.0,4305,6880.0,9639,6890.0,15339,6900.0,12735,2025-05-09 17:40:42.707,,2147483647,1176492,False,nan
9269,1480587,1612530141,MERV - XMEV - GGAL - 24hs,6860.0,2025-05-09 17:40:36,30,2025-05-09 17:40:43.696,6850.0,12589,6840.0,19399,6830.0,2395,6820.0,5729,6810.0,32535,6860.0,3985,6870.0,4305,6880.0,9639,6890.0,15339,6900.0,12735,2025-05-09 17:40:43.617,,2147483647,1176492,False,nan
9270,1480895,1612530518,MERV - XMEV - GGAL - 24hs,6860.0,2025-05-09 17:40:45,100,2025-05-09 17:40:45.793,6850.0,12589,6840.0,19399,6830.0,2395,6820.0,5729,6810.0,32535,6860.0,3985,6870.0,4305,6880.0,9639,6890.0,15339,6900.0,12735,2025-05-09 17:40:45.709,,2147483647,1176492,True,offer
9271,1481029,1612530685,MERV - XMEV - GGAL - 24hs,6860.0,2025-05-09 17:40:45,100,2025-05-09 17:40:46.431,6850.0,12589,6840.0,19399,6830.0,2395,6820.0,5729,6810.0,32535,6860.0,3885,6870.0,4305,6880.0,9639,6890.0,15339,6900.0,12735,2025-05-09 17:40:46.210,,2147483647,1176492,False,nan
9272,1481132,1612530835,MERV - XMEV - GGAL - 24hs,6860.0,2025-05-09 17:40:45,100,2025-05-09 17:40:46.904,6850.0,12589,6840.0,19399,6830.0,2395,6820.0,5729,6810.0,32535,6860.0,3885,6870.0,4305,6880.0,9639,6890.0,15339,6900.0,12735,2025-05-09 17:40:46.710,,2147483647,1176592,False,nan
9273,1481179,1612530908,MERV - XMEV - GGAL - 24hs,6860.0,2025-05-09 17:40:45,100,2025-05-09 17:40:47.296,6850.0,12583,6840.0,19399,6830.0,2395,6820.0,5729,6810.0,32535,6860.0,3885,6870.0,4305,6880.0,9639,6890.0,15339,6900.0,12735,2025-05-09 17:40:47.210,,2147483647,1176592,False,nan
9274,1481284,1612531037,MERV - XMEV - GGAL - 24hs,6860.0,2025-05-09 17:40:47,3,2025-05-09 17:40:47.916,6850.0,12583,6840.0,19399,6830.0,2395,6820.0,5729,6810.0,32535,6860.0,3885,6870.0,4305,6880.0,9639,6890.0,15339,6900.0,12735,2025-05-09 17:40:47.837,,2147483647,1176592,True,offer
9275,1481386,1612531156,MERV - XMEV - GGAL - 24hs,6860.0,2025-05-09 17:40:47,3,2025-05-09 17:40:48.628,6850.0,12583,6840.0,19399,6830.0,2395,6820.0,5729,6810.0,32535,6860.0,3882,6870.0,4305,6880.0,9639,6890.0,15339,6900.0,12735,2025-05-09 17:40:48.519,,2147483647,1176592,False,nan
9276,1481428,1612531206,MERV - XMEV - GGAL - 24hs,6860.0,2025-05-09 17:40:47,3,2025-05-09 17:40:49.098,6850.0,12583,6840.0,19399,6830.0,2395,6820.0,5729,6810.0,32535,6860.0,3882,6870.0,4305,6880.0,9639,6890.0,15339,6900.0,12735,2025-05-09 17:40:49.019,,2147483647,1176595,False,nan
9277,1481525,1612531325,MERV - XMEV - GGAL - 24hs,6860.0,2025-05-09 17:40:50,60,2025-05-09 17:40:50.528,6850.0,12583,6840.0,19399,6830.0,2395,6820.0,5729,6810.0,32535,6860.0,3882,6870.0,4305,6880.0,9639,6890.0,15339,6900.0,12735,2025-05-09 17:40:50.446,,2147483647,1176595,True,offer
9278,1481577,1612531386,MERV - XMEV - GGAL - 24hs,6860.0,2025-05-09 17:40:50,60,2025-05-09 17:40:51.190,6850.0,12633,6840.0,19399,6830.0,2395,6820.0,5729,6810.0,32535,6860.0,3822,6870.0,4305,6880.0,9639,6890.0,15339,6900.0,12735,2025-05-09 17:40:51.110,,2147483647,1176595,False,nan
9279,1481653,1612531470,MERV - XMEV - GGAL - 24hs,6860.0,2025-05-09 17:40:50,60,2025-05-09 17:40:51.739,6850.0,12633,6840.0,19399,6830.0,2395,6820.0,5729,6810.0,32535,6860.0,3822,6870.0,4305,6880.0,9639,6890.0,15339,6900.0,12735,2025-05-09 17:40:51.610,,2147483647,1176655,False,nan
9280,1482924,1612533010,MERV - XMEV - GGAL - 24hs,6860.0,2025-05-09 17:41:00,2040,2025-05-09 17:41:00.871,6850.0,12633,6840.0,19399,6830.0,2395,6820.0,5729,6810.0,32535,6860.0,3822,6870.0,4305,6880.0,9639,6890.0,15339,6900.0,12735,2025-05-09 17:41:00.791,,2147483647,1176655,True,offer
9281,1482993,1612533095,MERV - XMEV - GGAL - 24hs,6860.0,2025-05-09 17:41:00,460,2025-05-09 17:41:01.687,6850.0,12633,6840.0,19399,6830.0,2395,6820.0,5729,6810.0,32535,6860.0,1322,6870.0,4305,6880.0,9639,6890.0,15339,6900.0,12735,2025-05-09 17:41:01.384,,2147483647,1176655,False,nan
9282,1483040,1612533147,MERV - XMEV - GGAL - 24hs,6860.0,2025-05-09 17:41:00,460,2025-05-09 17:41:01.869,6850.0,12633,6840.0,19399,6830.0,2395,6820.0,5729,6810.0,32535,6860.0,1322,6870.0,4305,6880.0,9639,6890.0,15339,6900.0,12735,2025-05-09 17:41:01.791,,2147483647,1179155,False,nan
9283,1483146,1612533271,MERV - XMEV - GGAL - 24hs,6860.0,2025-05-09 17:41:02,287,2025-05-09 17:41:02.961,6850.0,12633,6840.0,19399,6830.0,2395,6820.0,5729,6810.0,32535,6860.0,1322,6870.0,4305,6880.0,9639,6890.0,15339,6900.0,12735,2025-05-09 17:41:02.882,,2147483647,1179155,True,offer
9284,1483182,1612533316,MERV - XMEV - GGAL - 24hs,6860.0,2025-05-09 17:41:02,287,2025-05-09 17:41:03.627,6850.0,12633,6840.0,19399,6830.0,2395,6820.0,5729,6810.0,32535,6860.0,1035,6870.0,4305,6880.0,9639,6890.0,15339,6900.0,12735,2025-05-09 17:41:03.549,,2147483647,1179155,False,nan
9285,1483226,1612533368,MERV - XMEV - GGAL - 24hs,6860.0,2025-05-09 17:41:02,287,2025-05-09 17:41:04.129,6850.0,12633,6840.0,19399,6830.0,2395,6820.0,5729,6810.0,32535,6860.0,1035,6870.0,4305,6880.0,9639,6890.0,15339,6900.0,12735,2025-05-09 17:41:04.048,,2147483647,1179442,False,nan
9286,1483273,1612533426,MERV - XMEV - GGAL - 24hs,6860.0,2025-05-09 17:41:04,145,2025-05-09 17:41:04.627,6850.0,12633,6840.0,19399,6830.0,2395,6820.0,5729,6810.0,32535,6860.0,1035,6870.0,4305,6880.0,9639,6890.0,15339,6900.0,12735,2025-05-09 17:41:04.549,,2147483647,1179442,True,offer
9287,1483330,1612533505,MERV - XMEV - GGAL - 24hs,6860.0,2025-05-09 17:41:04,145,2025-05-09 17:41:05.127,6850.0,12488,6840.0,19399,6830.0,2395,6820.0,5729,6810.0,32535,6860.0,890,6870.0,4305,6880.0,9639,6890.0,15339,6900.0,12735,2025-05-09 17:41:05.049,,2147483647,1179587,False,nan
9288,1483434,1612533619,MERV - XMEV - GGAL - 24hs,6860.0,2025-05-09 17:41:04,145,2025-05-09 17:41:06.275,6850.0,12488,6840.0,19399,6830.0,2395,6820.0,5616,6810.0,32535,6860.0,890,6870.0,4305,6880.0,9639,6890.0,15339,6900.0,12735,2025-05-09 17:41:06.187,,2147483647,1179587,False,nan
9289,1483630,1612533847,MERV - XMEV - GGAL - 24hs,6860.0,2025-05-09 17:41:07,4,2025-05-09 17:41:07.695,6850.0,12488,6840.0,19399,6830.0,2395,6820.0,5616,6810.0,32535,6860.0,890,6870.0,4305,6880.0,9639,6890.0,15339,6900.0,12735,2025-05-09 17:41:07.600,,2147483647,1179587,True,offer
9290,1483657,1612533884,MERV - XMEV - GGAL - 24hs,6860.0,2025-05-09 17:41:07,4,2025-05-09 17:41:08.184,6850.0,12835,6840.0,19399,6830.0,2395,6820.0,5616,6810.0,32535,6860.0,886,6870.0,4305,6880.0,9639,6890.0,15339,6900.0,12735,2025-05-09 17:41:08.099,,2147483647,1179587,False,nan
9291,1483698,1612533929,MERV - XMEV - GGAL - 24hs,6860.0,2025-05-09 17:41:07,4,2025-05-09 17:41:08.677,6850.0,12835,6840.0,19399,6830.0,2395,6820.0,5616,6810.0,32535,6860.0,886,6870.0,4305,6880.0,9639,6890.0,15339,6900.0,12735,2025-05-09 17:41:08.599,,2147483647,1179591,False,nan
9292,1483796,1612534048,MERV - XMEV - GGAL - 24hs,6860.0,2025-05-09 17:41:09,104,2025-05-09 17:41:09.719,6850.0,12835,6840.0,19399,6830.0,2395,6820.0,5616,6810.0,32535,6860.0,886,6870.0,4305,6880.0,9639,6890.0,15339,6900.0,12735,2025-05-09 17:41:09.641,,2147483647,1179591,True,offer
9293,1483855,1612534116,MERV - XMEV - GGAL - 24hs,6860.0,2025-05-09 17:41:09,10,2025-05-09 17:41:10.220,6850.0,12835,6840.0,19399,6830.0,2395,6820.0,5616,6810.0,32535,6860.0,886,6870.0,4305,6880.0,9639,6890.0,15339,6900.0,12735,2025-05-09 17:41:10.141,,2147483647,1179591,False,nan
9294,1483924,1612534200,MERV - XMEV - GGAL - 24hs,6860.0,2025-05-09 17:41:10,112,2025-05-09 17:41:10.719,6850.0,7776,6840.0,19399,6830.0,2395,6820.0,5616,6810.0,32535,6860.0,772,6870.0,4305,6880.0,9639,6890.0,15339,6900.0,12735,2025-05-09 17:41:10.641,,2147483647,1179819,True,offer
9295,1483959,1612534240,MERV - XMEV - GGAL - 24hs,6860.0,2025-05-09 17:41:10,112,2025-05-09 17:41:11.224,6850.0,7776,6840.0,19399,6830.0,2395,6820.0,5616,6810.0,32535,6860.0,546,6870.0,4305,6880.0,9639,6890.0,15339,6900.0,12735,2025-05-09 17:41:11.141,,2147483647,1179931,False,nan
9296,1484089,1612534399,MERV - XMEV - GGAL - 24hs,6860.0,2025-05-09 17:41:12,345,2025-05-09 17:41:12.645,6850.0,7776,6840.0,19399,6830.0,2395,6820.0,5616,6810.0,32535,6860.0,546,6870.0,4305,6880.0,9639,6890.0,15339,6900.0,12735,2025-05-09 17:41:12.560,,2147483647,1179931,True,offer
9297,1484134,1612534469,MERV - XMEV - GGAL - 24hs,6860.0,2025-05-09 17:41:12,60,2025-05-09 17:41:13.139,6850.0,7776,6840.0,19399,6830.0,2395,6820.0,5616,6810.0,32535,6860.0,546,6870.0,4305,6880.0,9639,6890.0,15339,6900.0,12735,2025-05-09 17:41:13.060,,2147483647,1180276,False,nan
9298,1484199,1612534553,MERV - XMEV - GGAL - 24hs,6860.0,2025-05-09 17:41:12,60,2025-05-09 17:41:13.639,6860.0,3219,6850.0,7776,6840.0,19399,6830.0,2395,6820.0,5616,6870.0,4305,6880.0,9639,6890.0,15339,6900.0,12735,6910.0,5080,2025-05-09 17:41:13.561,,2147483647,1180477,False,nan
9299,1484446,1612534865,MERV - XMEV - GGAL - 24hs,6860.0,2025-05-09 17:41:12,60,2025-05-09 17:41:15.792,6860.0,4953,6850.0,7921,6840.0,19399,6830.0,2395,6820.0,5616,6870.0,4305,6880.0,9639,6890.0,15339,6900.0,12735,6910.0,5080,2025-05-09 17:41:15.707,,2147483647,1180477,False,nan
9300,1484552,1612534995,MERV - XMEV - GGAL - 24hs,6860.0,2025-05-09 17:41:12,60,2025-05-09 17:41:16.616,6860.0,4606,6850.0,7921,6840.0,19399,6830.0,2395,6820.0,5616,6870.0,4305,6880.0,9639,6890.0,15339,6900.0,12735,6910.0,3080,2025-05-09 17:41:16.531,,2147483647,1180477,False,nan
9301,1484910,1612535412,MERV - XMEV - GGAL - 24hs,6870.0,2025-05-09 17:41:17,28,2025-05-09 17:41:17.911,6860.0,4606,6850.0,7921,6840.0,19399,6830.0,2395,6820.0,5616,6870.0,4305,6880.0,9639,6890.0,15339,6900.0,12735,6910.0,3080,2025-05-09 17:41:17.697,,2147483647,1180477,True,offer
9302,1484960,1612535468,MERV - XMEV - GGAL - 24hs,6870.0,2025-05-09 17:41:17,28,2025-05-09 17:41:18.276,6860.0,4259,6850.0,7921,6840.0,19399,6830.0,2395,6820.0,5616,6870.0,4277,6880.0,9639,6890.0,15339,6900.0,12735,6910.0,3080,2025-05-09 17:41:18.196,,2147483647,1180477,False,nan
9303,1485002,1612535523,MERV - XMEV - GGAL - 24hs,6870.0,2025-05-09 17:41:17,28,2025-05-09 17:41:18.777,6860.0,4259,6850.0,7921,6840.0,19399,6830.0,2395,6820.0,5616,6870.0,4277,6880.0,9639,6890.0,15339,6900.0,12735,6910.0,3080,2025-05-09 17:41:18.696,,2147483647,1180505,False,nan
9304,1485868,1612536541,MERV - XMEV - GGAL - 24hs,6870.0,2025-05-09 17:41:17,28,2025-05-09 17:41:26.824,6860.0,5259,6850.0,6921,6840.0,19399,6830.0,2395,6820.0,5616,6870.0,4277,6880.0,9639,6890.0,15339,6900.0,12735,6910.0,3080,2025-05-09 17:41:26.740,,2147483647,1180505,False,nan
9305,1486139,1612536853,MERV - XMEV - GGAL - 24hs,6870.0,2025-05-09 17:41:17,28,2025-05-09 17:41:30.678,6860.0,5259,6850.0,6921,6840.0,19399,6830.0,2402,6820.0,5616,6870.0,4277,6880.0,9639,6890.0,15339,6900.0,12735,6910.0,3080,2025-05-09 17:41:30.595,,2147483647,1180505,False,nan
9306,1486247,1612536987,MERV - XMEV - GGAL - 24hs,6870.0,2025-05-09 17:41:17,28,2025-05-09 17:41:31.989,6860.0,5259,6850.0,8921,6840.0,19399,6830.0,2402,6820.0,5616,6870.0,4277,6880.0,9639,6890.0,15339,6900.0,12735,6910.0,3080,2025-05-09 17:41:31.911,,2147483647,1180505,False,nan
9307,1486402,1612537175,MERV - XMEV - GGAL - 24hs,6870.0,2025-05-09 17:41:17,28,2025-05-09 17:41:33.783,6860.0,4259,6850.0,9921,6840.0,19399,6830.0,2402,6820.0,5616,6870.0,4277,6880.0,9639,6890.0,15339,6900.0,12735,6910.0,10080,2025-05-09 17:41:33.701,,2147483647,1180505,False,nan
9308,1486486,1612537280,MERV - XMEV - GGAL - 24hs,6870.0,2025-05-09 17:41:17,28,2025-05-09 17:41:34.459,6860.0,344,6850.0,10174,6840.0,19399,6830.0,2402,6820.0,5616,6870.0,4277,6880.0,9639,6890.0,15339,6900.0,12735,6910.0,5080,2025-05-09 17:41:34.378,,2147483647,1180505,False,nan
9309,1486918,1612537828,MERV - XMEV - GGAL - 24hs,6870.0,2025-05-09 17:41:17,28,2025-05-09 17:41:38.468,6860.0,1344,6850.0,9174,6840.0,19399,6830.0,2402,6820.0,5616,6870.0,4277,6880.0,9639,6890.0,15339,6900.0,12735,6910.0,5080,2025-05-09 17:41:38.379,,2147483647,1180505,False,nan
9310,1486985,1612537908,MERV - XMEV - GGAL - 24hs,6860.0,2025-05-09 17:41:39,91,2025-05-09 17:41:39.213,6860.0,1344,6850.0,9174,6840.0,19399,6830.0,2402,6820.0,5616,6870.0,4277,6880.0,9639,6890.0,15339,6900.0,12735,6910.0,5080,2025-05-09 17:41:39.135,,2147483647,1180505,True,bid
9311,1487035,1612537972,MERV - XMEV - GGAL - 24hs,6870.0,2025-05-09 17:41:39,60,2025-05-09 17:41:39.712,6860.0,1344,6850.0,9174,6840.0,19399,6830.0,2402,6820.0,5616,6870.0,4277,6880.0,9639,6890.0,15339,6900.0,12735,6910.0,5080,2025-05-09 17:41:39.634,,2147483647,1180596,False,nan
9312,1487101,1612538051,MERV - XMEV - GGAL - 24hs,6870.0,2025-05-09 17:41:39,60,2025-05-09 17:41:40.213,6860.0,1253,6850.0,9174,6840.0,19399,6830.0,2402,6820.0,5616,6870.0,4217,6880.0,9639,6890.0,15339,6900.0,12735,6910.0,5080,2025-05-09 17:41:40.134,,2147483647,1180656,False,nan
9313,1487147,1612538125,MERV - XMEV - GGAL - 24hs,6870.0,2025-05-09 17:41:39,60,2025-05-09 17:41:40.714,6860.0,1253,6850.0,9174,6840.0,19399,6830.0,2502,6820.0,5516,6870.0,4217,6880.0,9639,6890.0,15339,6900.0,12735,6910.0,5080,2025-05-09 17:41:40.634,,2147483647,1180656,False,nan
9314,1487391,1612538441,MERV - XMEV - GGAL - 24hs,6870.0,2025-05-09 17:41:39,60,2025-05-09 17:41:43.439,6860.0,1253,6850.0,12397,6840.0,19399,6830.0,2502,6820.0,5516,6870.0,4217,6880.0,9639,6890.0,15339,6900.0,12735,6910.0,5080,2025-05-09 17:41:43.344,,2147483647,1180656,False,nan
9315,1487559,1612538626,MERV - XMEV - GGAL - 24hs,6870.0,2025-05-09 17:41:43,100,2025-05-09 17:41:44.091,6860.0,1253,6850.0,12397,6840.0,19399,6830.0,2502,6820.0,5516,6870.0,4217,6880.0,9639,6890.0,15339,6900.0,12735,6910.0,5080,2025-05-09 17:41:43.842,,2147483647,1180656,True,offer
9316,1487624,1612538705,MERV - XMEV - GGAL - 24hs,6870.0,2025-05-09 17:41:43,100,2025-05-09 17:41:44.863,6870.0,783,6860.0,1353,6850.0,12744,6840.0,19399,6830.0,2502,6880.0,9639,6890.0,15339,6900.0,12735,6910.0,5080,6920.0,26749,2025-05-09 17:41:44.751,,2147483647,1180656,False,nan
9317,1487668,1612538755,MERV - XMEV - GGAL - 24hs,6870.0,2025-05-09 17:41:44,611,2025-05-09 17:41:45.015,6870.0,783,6860.0,1353,6850.0,12744,6840.0,19399,6830.0,2502,6880.0,9639,6890.0,15339,6900.0,12735,6910.0,5080,6920.0,26749,2025-05-09 17:41:44.865,,2147483647,1185000,True,bid
9318,1487712,1612538810,MERV - XMEV - GGAL - 24hs,6870.0,2025-05-09 17:41:44,611,2025-05-09 17:41:45.420,6860.0,1353,6850.0,12744,6840.0,19399,6830.0,2502,6820.0,5516,6870.0,789,6880.0,9639,6890.0,15339,6900.0,12735,6910.0,5080,2025-05-09 17:41:45.342,,2147483647,1185656,False,nan
9319,1487813,1612538943,MERV - XMEV - GGAL - 24hs,6870.0,2025-05-09 17:41:45,480,2025-05-09 17:41:46.023,6860.0,1353,6850.0,12744,6840.0,19399,6830.0,2502,6820.0,5516,6870.0,789,6880.0,9639,6890.0,15339,6900.0,12735,6910.0,5080,2025-05-09 17:41:45.892,,2147483647,1185656,True,offer
9320,1487972,1612539122,MERV - XMEV - GGAL - 24hs,6870.0,2025-05-09 17:41:45,480,2025-05-09 17:41:46.631,6860.0,1353,6850.0,12744,6840.0,19399,6830.0,2502,6820.0,5516,6870.0,309,6880.0,9639,6890.0,15339,6900.0,12735,6910.0,5080,2025-05-09 17:41:46.552,,2147483647,1185656,False,nan
9321,1488030,1612539206,MERV - XMEV - GGAL - 24hs,6870.0,2025-05-09 17:41:45,480,2025-05-09 17:41:47.131,6860.0,1353,6850.0,12744,6840.0,19399,6830.0,2502,6820.0,5516,6870.0,309,6880.0,9639,6890.0,15339,6900.0,12735,6910.0,5080,2025-05-09 17:41:47.050,,2147483647,1186136,False,nan
9322,1488219,1612539443,MERV - XMEV - GGAL - 24hs,6870.0,2025-05-09 17:41:45,480,2025-05-09 17:41:49.304,6860.0,1353,6850.0,9174,6840.0,19399,6830.0,2502,6820.0,5516,6870.0,309,6880.0,9639,6890.0,15339,6900.0,12735,6910.0,5080,2025-05-09 17:41:49.225,,2147483647,1186136,False,nan
9323,1489074,1612540513,MERV - XMEV - GGAL - 24hs,6870.0,2025-05-09 17:41:54,15,2025-05-09 17:41:54.196,6860.0,1353,6850.0,9174,6840.0,19399,6830.0,2502,6820.0,5516,6870.0,309,6880.0,9639,6890.0,15339,6900.0,12735,6910.0,5080,2025-05-09 17:41:54.114,,2147483647,1186136,True,offer
9324,1489136,1612540607,MERV - XMEV - GGAL - 24hs,6870.0,2025-05-09 17:41:54,15,2025-05-09 17:41:54.848,6860.0,1353,6850.0,9174,6840.0,19399,6830.0,2502,6820.0,5516,6870.0,294,6880.0,9639,6890.0,15339,6900.0,12735,6910.0,5080,2025-05-09 17:41:54.768,,2147483647,1186136,False,nan
9325,1489310,1612540810,MERV - XMEV - GGAL - 24hs,6870.0,2025-05-09 17:41:54,15,2025-05-09 17:41:55.556,6860.0,1353,6850.0,9174,6840.0,19399,6830.0,2502,6820.0,5516,6870.0,294,6880.0,9639,6890.0,15339,6900.0,12735,6910.0,5080,2025-05-09 17:41:55.269,,2147483647,1186151,False,nan
9326,1489560,1612541156,MERV - XMEV - GGAL - 24hs,6870.0,2025-05-09 17:41:54,15,2025-05-09 17:41:56.627,6860.0,1353,6850.0,13683,6840.0,19399,6830.0,2502,6820.0,5516,6870.0,294,6880.0,9639,6890.0,15339,6900.0,12735,6910.0,5080,2025-05-09 17:41:55.999,,2147483647,1186151,False,nan
9327,1489631,1612541241,MERV - XMEV - GGAL - 24hs,6870.0,2025-05-09 17:41:56,3,2025-05-09 17:41:56.900,6860.0,1353,6850.0,13683,6840.0,19399,6830.0,2502,6820.0,5516,6870.0,294,6880.0,9639,6890.0,15339,6900.0,12735,6910.0,5080,2025-05-09 17:41:56.785,,2147483647,1186151,True,offer
9328,1489732,1612541385,MERV - XMEV - GGAL - 24hs,6870.0,2025-05-09 17:41:56,3,2025-05-09 17:41:57.532,6860.0,1353,6850.0,13683,6840.0,19399,6830.0,2502,6820.0,5516,6870.0,1091,6880.0,9639,6890.0,15339,6900.0,12735,6910.0,5080,2025-05-09 17:41:57.453,,2147483647,1186151,False,nan
9329,1489810,1612541491,MERV - XMEV - GGAL - 24hs,6870.0,2025-05-09 17:41:56,3,2025-05-09 17:41:58.534,6860.0,1353,6850.0,13683,6840.0,19399,6830.0,2502,6820.0,5516,6870.0,1091,6880.0,9639,6890.0,15339,6900.0,12735,6910.0,5080,2025-05-09 17:41:58.218,,2147483647,1186154,False,nan
9330,1490077,1612541833,MERV - XMEV - GGAL - 24hs,6860.0,2025-05-09 17:41:59,1000,2025-05-09 17:42:00.005,6860.0,1353,6850.0,13683,6840.0,19399,6830.0,2502,6820.0,5516,6870.0,1091,6880.0,9639,6890.0,15339,6900.0,12735,6910.0,5080,2025-05-09 17:41:59.924,,2147483647,1186154,True,bid
9331,1490175,1612541964,MERV - XMEV - GGAL - 24hs,6860.0,2025-05-09 17:41:59,101,2025-05-09 17:42:00.513,6860.0,1097,6850.0,12451,6840.0,19399,6830.0,2502,6820.0,5462,6870.0,1091,6880.0,9639,6890.0,15339,6900.0,12735,6910.0,5080,2025-05-09 17:42:00.423,,2147483647,1186154,False,nan
9332,1490248,1612542048,MERV - XMEV - GGAL - 24hs,6860.0,2025-05-09 17:41:59,101,2025-05-09 17:42:01.006,6860.0,1097,6850.0,12451,6840.0,19399,6830.0,2502,6820.0,5462,6870.0,1091,6880.0,9639,6890.0,15339,6900.0,12735,6910.0,5080,2025-05-09 17:42:00.923,,2147483647,1187410,False,nan
9333,1490435,1612542261,MERV - XMEV - GGAL - 24hs,6860.0,2025-05-09 17:41:59,101,2025-05-09 17:42:01.764,6860.0,1097,6850.0,12798,6840.0,19399,6830.0,2502,6820.0,5462,6870.0,1091,6880.0,9639,6890.0,15339,6900.0,12735,6910.0,5080,2025-05-09 17:42:01.602,,2147483647,1187410,False,nan
9334,1490657,1612542531,MERV - XMEV - GGAL - 24hs,6860.0,2025-05-09 17:41:59,101,2025-05-09 17:42:03.240,6860.0,1789,6850.0,8975,6840.0,19399,6830.0,2502,6820.0,5462,6870.0,1091,6880.0,9639,6890.0,15339,6900.0,12735,6910.0,5080,2025-05-09 17:42:03.095,,2147483647,1187410,False,nan
9335,1490980,1612542944,MERV - XMEV - GGAL - 24hs,6860.0,2025-05-09 17:41:59,101,2025-05-09 17:42:04.519,6860.0,2136,6850.0,8975,6840.0,19399,6830.0,2502,6820.0,5462,6870.0,1091,6880.0,9639,6890.0,15339,6900.0,12735,6910.0,5080,2025-05-09 17:42:04.364,,2147483647,1187410,False,nan
9336,1491037,1612543020,MERV - XMEV - GGAL - 24hs,6860.0,2025-05-09 17:41:59,101,2025-05-09 17:42:05.170,6860.0,2829,6850.0,8975,6840.0,19399,6830.0,2502,6820.0,5462,6870.0,1091,6880.0,9639,6890.0,15339,6900.0,12735,6910.0,5080,2025-05-09 17:42:05.085,,2147483647,1187410,False,nan
9337,1491110,1612543107,MERV - XMEV - GGAL - 24hs,6860.0,2025-05-09 17:41:59,101,2025-05-09 17:42:05.949,6860.0,2483,6850.0,8975,6840.0,19399,6830.0,2502,6820.0,5462,6870.0,1091,6880.0,9639,6890.0,15339,6900.0,12735,6910.0,5080,2025-05-09 17:42:05.869,,2147483647,1187410,False,nan
9338,1491548,1612543640,MERV - XMEV - GGAL - 24hs,6870.0,2025-05-09 17:42:08,13,2025-05-09 17:42:09.088,6860.0,2483,6850.0,8975,6840.0,19399,6830.0,2502,6820.0,5462,6870.0,1091,6880.0,9639,6890.0,15339,6900.0,12735,6910.0,5080,2025-05-09 17:42:09.010,,2147483647,1187410,True,offer
9339,1491704,1612543828,MERV - XMEV - GGAL - 24hs,6870.0,2025-05-09 17:42:08,13,2025-05-09 17:42:09.694,6860.0,2483,6850.0,8975,6840.0,19399,6830.0,2502,6820.0,5462,6870.0,1078,6880.0,9639,6890.0,15339,6900.0,12735,6910.0,3084,2025-05-09 17:42:09.510,,2147483647,1187410,False,nan
9340,1491799,1612543965,MERV - XMEV - GGAL - 24hs,6870.0,2025-05-09 17:42:08,13,2025-05-09 17:42:10.129,6860.0,2483,6850.0,8975,6840.0,19399,6830.0,2502,6820.0,5462,6870.0,1078,6880.0,9639,6890.0,15339,6900.0,12735,6910.0,3084,2025-05-09 17:42:10.011,,2147483647,1187423,False,nan
9341,1491988,1612544177,MERV - XMEV - GGAL - 24hs,6870.0,2025-05-09 17:42:10,213,2025-05-09 17:42:10.787,6860.0,2483,6850.0,8975,6840.0,19399,6830.0,2502,6820.0,5462,6870.0,1078,6880.0,9639,6890.0,15339,6900.0,12735,6910.0,3084,2025-05-09 17:42:10.510,,2147483647,1187423,True,offer
9342,1492071,1612544268,MERV - XMEV - GGAL - 24hs,6870.0,2025-05-09 17:42:10,213,2025-05-09 17:42:11.211,6860.0,2483,6850.0,8975,6840.0,19399,6830.0,2502,6820.0,5462,6870.0,1078,6880.0,9639,6890.0,15339,6900.0,12735,6910.0,3084,2025-05-09 17:42:11.130,,2147483647,1188423,False,nan
9343,1492193,1612544420,MERV - XMEV - GGAL - 24hs,6870.0,2025-05-09 17:42:10,213,2025-05-09 17:42:11.723,6860.0,1483,6850.0,8975,6840.0,19399,6830.0,2502,6820.0,5462,6870.0,78,6880.0,9639,6890.0,15339,6900.0,12735,6910.0,3084,2025-05-09 17:42:11.630,,2147483647,1188423,False,nan
9344,1492288,1612544555,MERV - XMEV - GGAL - 24hs,6870.0,2025-05-09 17:42:12,1,2025-05-09 17:42:12.211,6860.0,1483,6850.0,8975,6840.0,19399,6830.0,2502,6820.0,5462,6870.0,78,6880.0,9639,6890.0,15339,6900.0,12735,6910.0,3084,2025-05-09 17:42:12.131,,2147483647,1188423,True,offer
9345,1492551,1612544881,MERV - XMEV - GGAL - 24hs,6870.0,2025-05-09 17:42:12,1,2025-05-09 17:42:13.247,6860.0,1483,6850.0,8975,6840.0,19399,6830.0,2502,6820.0,5462,6870.0,77,6880.0,9639,6890.0,15339,6900.0,12735,6910.0,3084,2025-05-09 17:42:12.741,,2147483647,1188423,False,nan
9346,1492611,1612544949,MERV - XMEV - GGAL - 24hs,6870.0,2025-05-09 17:42:12,1,2025-05-09 17:42:13.776,6860.0,1483,6850.0,8975,6840.0,19399,6830.0,2502,6820.0,5462,6870.0,77,6880.0,9639,6890.0,15339,6900.0,12735,6910.0,3084,2025-05-09 17:42:13.671,,2147483647,1188424,False,nan
9347,1492918,1612545351,MERV - XMEV - GGAL - 24hs,6860.0,2025-05-09 17:42:15,1386,2025-05-09 17:42:15.553,6860.0,1483,6850.0,8975,6840.0,19399,6830.0,2502,6820.0,5462,6870.0,77,6880.0,9639,6890.0,15339,6900.0,12735,6910.0,3084,2025-05-09 17:42:15.470,,2147483647,1188424,True,bid
9348,1493006,1612545458,MERV - XMEV - GGAL - 24hs,6860.0,2025-05-09 17:42:15,43,2025-05-09 17:42:16.051,6860.0,1483,6850.0,8975,6840.0,19399,6830.0,2502,6820.0,5462,6870.0,77,6880.0,9639,6890.0,15339,6900.0,12735,6910.0,3084,2025-05-09 17:42:15.969,,2147483647,1188424,False,nan
9349,1493093,1612545565,MERV - XMEV - GGAL - 24hs,6860.0,2025-05-09 17:42:15,43,2025-05-09 17:42:16.551,6860.0,54,6850.0,8975,6840.0,19399,6830.0,2502,6820.0,5462,6870.0,77,6880.0,9639,6890.0,15339,6900.0,12735,6910.0,3084,2025-05-09 17:42:16.470,,2147483647,1189853,False,nan
9350,1493221,1612545724,MERV - XMEV - GGAL - 24hs,6860.0,2025-05-09 17:42:15,43,2025-05-09 17:42:17.054,6860.0,1440,6850.0,8975,6840.0,19399,6830.0,2502,6820.0,5462,6870.0,77,6880.0,9639,6890.0,15339,6900.0,12735,6910.0,3084,2025-05-09 17:42:16.970,,2147483647,1189853,False,nan
9351,1493321,1612545853,MERV - XMEV - GGAL - 24hs,6860.0,2025-05-09 17:42:15,43,2025-05-09 17:42:17.892,6860.0,746,6850.0,8975,6840.0,19399,6830.0,2502,6820.0,5462,6870.0,77,6880.0,9639,6890.0,15339,6900.0,12735,6910.0,3084,2025-05-09 17:42:17.806,,2147483647,1189853,False,nan
9352,1493472,1612546035,MERV - XMEV - GGAL - 24hs,6860.0,2025-05-09 17:42:15,43,2025-05-09 17:42:18.744,6860.0,746,6850.0,8975,6840.0,19399,6830.0,2502,6820.0,5462,6870.0,77,6880.0,9639,6890.0,16136,6900.0,12735,6910.0,3084,2025-05-09 17:42:18.643,,2147483647,1189853,False,nan
9353,1494065,1612546737,MERV - XMEV - GGAL - 24hs,6860.0,2025-05-09 17:42:15,43,2025-05-09 17:42:23.814,6860.0,746,6850.0,8975,6840.0,19399,6830.0,2402,6820.0,5562,6870.0,77,6880.0,9639,6890.0,16136,6900.0,12735,6910.0,3084,2025-05-09 17:42:23.732,,2147483647,1189853,False,nan
9354,1494155,1612546841,MERV - XMEV - GGAL - 24hs,6860.0,2025-05-09 17:42:15,43,2025-05-09 17:42:24.566,6860.0,746,6850.0,8975,6840.0,19399,6830.0,2402,6820.0,5562,6880.0,9792,6890.0,16136,6900.0,12735,6910.0,3077,6920.0,28749,2025-05-09 17:42:24.466,,2147483647,1189853,False,nan
9355,1494292,1612547016,MERV - XMEV - GGAL - 24hs,6860.0,2025-05-09 17:42:15,43,2025-05-09 17:42:25.495,6860.0,1440,6850.0,8975,6840.0,4399,6830.0,2402,6820.0,20562,6880.0,9792,6890.0,16136,6900.0,12735,6910.0,20077,6920.0,11749,2025-05-09 17:42:25.414,,2147483647,1189853,False,nan
9356,1494494,1612547274,MERV - XMEV - GGAL - 24hs,6860.0,2025-05-09 17:42:15,43,2025-05-09 17:42:26.468,6860.0,4908,6850.0,8975,6840.0,4399,6830.0,17402,6820.0,5562,6880.0,9792,6890.0,16136,6900.0,12735,6910.0,20077,6920.0,11749,2025-05-09 17:42:26.389,,2147483647,1189853,False,nan
9357,1494836,1612547744,MERV - XMEV - GGAL - 24hs,6860.0,2025-05-09 17:42:15,43,2025-05-09 17:42:29.238,6860.0,4908,6850.0,8975,6840.0,4399,6830.0,17402,6820.0,5962,6880.0,9792,6890.0,16136,6900.0,12735,6910.0,20077,6920.0,11749,2025-05-09 17:42:29.159,,2147483647,1189853,False,nan
9358,1494880,1612547805,MERV - XMEV - GGAL - 24hs,6880.0,2025-05-09 17:42:29,42,2025-05-09 17:42:29.730,6860.0,4908,6850.0,8975,6840.0,4399,6830.0,17402,6820.0,5962,6880.0,9792,6890.0,16136,6900.0,12735,6910.0,20077,6920.0,11749,2025-05-09 17:42:29.650,,2147483647,1189853,True,offer
9359,1494961,1612547910,MERV - XMEV - GGAL - 24hs,6880.0,2025-05-09 17:42:29,42,2025-05-09 17:42:30.228,6860.0,4561,6850.0,8975,6840.0,4399,6830.0,17402,6820.0,5962,6880.0,9750,6890.0,16136,6900.0,12735,6910.0,20077,6920.0,11749,2025-05-09 17:42:30.149,,2147483647,1189895,False,nan
9360,1495074,1612548085,MERV - XMEV - GGAL - 24hs,6880.0,2025-05-09 17:42:29,42,2025-05-09 17:42:31.149,6860.0,1440,6850.0,8975,6840.0,4399,6830.0,17402,6820.0,5962,6870.0,2000,6880.0,9674,6890.0,16136,6900.0,12735,6910.0,20084,2025-05-09 17:42:31.068,,2147483647,1189895,False,nan
9361,1495193,1612548236,MERV - XMEV - GGAL - 24hs,6880.0,2025-05-09 17:42:29,42,2025-05-09 17:42:32.003,6860.0,1093,6850.0,8975,6840.0,4399,6830.0,17402,6820.0,5962,6870.0,2000,6880.0,9674,6890.0,16136,6900.0,12735,6910.0,10084,2025-05-09 17:42:31.916,,2147483647,1189895,False,nan
9362,1495552,1612548701,MERV - XMEV - GGAL - 24hs,6870.0,2025-05-09 17:42:34,20,2025-05-09 17:42:34.294,6860.0,1093,6850.0,8975,6840.0,4399,6830.0,17402,6820.0,5962,6870.0,2000,6880.0,9674,6890.0,16136,6900.0,12735,6910.0,10084,2025-05-09 17:42:34.215,,2147483647,1189895,True,offer
9363,1495623,1612548796,MERV - XMEV - GGAL - 24hs,6870.0,2025-05-09 17:42:34,218,2025-05-09 17:42:34.796,6860.0,1093,6850.0,8975,6840.0,4399,6830.0,17402,6820.0,5962,6870.0,2000,6880.0,9674,6890.0,16136,6900.0,12735,6910.0,10084,2025-05-09 17:42:34.715,,2147483647,1189915,False,nan
9364,1495670,1612548861,MERV - XMEV - GGAL - 24hs,6870.0,2025-05-09 17:42:34,218,2025-05-09 17:42:35.298,6860.0,1093,6850.0,8975,6840.0,4399,6830.0,17402,6820.0,5962,6870.0,1762,6880.0,9674,6890.0,16136,6900.0,12735,6910.0,10084,2025-05-09 17:42:35.215,,2147483647,1190133,False,nan
9365,1496249,1612549560,MERV - XMEV - GGAL - 24hs,6870.0,2025-05-09 17:42:34,218,2025-05-09 17:42:38.980,6860.0,1093,6850.0,8975,6840.0,4399,6830.0,17402,6820.0,5962,6870.0,1762,6880.0,10674,6890.0,16136,6900.0,12735,6910.0,10084,2025-05-09 17:42:38.846,,2147483647,1190133,False,nan
9366,1496319,1612549668,MERV - XMEV - GGAL - 24hs,6870.0,2025-05-09 17:42:34,218,2025-05-09 17:42:39.778,6860.0,1093,6850.0,8975,6840.0,4399,6830.0,17402,6820.0,5962,6870.0,1762,6880.0,10674,6890.0,16136,6900.0,12735,6910.0,5084,2025-05-09 17:42:39.697,,2147483647,1190133,False,nan
9367,1496412,1612549805,MERV - XMEV - GGAL - 24hs,6870.0,2025-05-09 17:42:40,1,2025-05-09 17:42:40.277,6860.0,1093,6850.0,8975,6840.0,4399,6830.0,17402,6820.0,5962,6870.0,1762,6880.0,10674,6890.0,16136,6900.0,12735,6910.0,5084,2025-05-09 17:42:40.197,,2147483647,1190133,True,offer
9368,1496464,1612549874,MERV - XMEV - GGAL - 24hs,6870.0,2025-05-09 17:42:40,1,2025-05-09 17:42:40.780,6860.0,4561,6850.0,8975,6840.0,4399,6830.0,17402,6820.0,5962,6870.0,1761,6880.0,10674,6890.0,16136,6900.0,12735,6910.0,5084,2025-05-09 17:42:40.697,,2147483647,1190133,False,nan
9369,1496503,1612549927,MERV - XMEV - GGAL - 24hs,6870.0,2025-05-09 17:42:40,1,2025-05-09 17:42:41.286,6860.0,4561,6850.0,8975,6840.0,4399,6830.0,17402,6820.0,5962,6870.0,1761,6880.0,10674,6890.0,16136,6900.0,12735,6910.0,5084,2025-05-09 17:42:41.199,,2147483647,1190134,False,nan
9370,1496928,1612550453,MERV - XMEV - GGAL - 24hs,6870.0,2025-05-09 17:42:40,1,2025-05-09 17:42:44.356,6860.0,1093,6850.0,8975,6840.0,4399,6830.0,17402,6820.0,5962,6870.0,1838,6880.0,10597,6890.0,16136,6900.0,12735,6910.0,5084,2025-05-09 17:42:44.277,,2147483647,1190134,False,nan
9371,1497014,1612550554,MERV - XMEV - GGAL - 24hs,6870.0,2025-05-09 17:42:40,1,2025-05-09 17:42:45.285,6860.0,1093,6850.0,8975,6840.0,4399,6830.0,2402,6820.0,20962,6870.0,1838,6880.0,10597,6890.0,16136,6900.0,14735,6910.0,18084,2025-05-09 17:42:45.206,,2147483647,1190134,False,nan
9372,1497273,1612550870,MERV - XMEV - GGAL - 24hs,6870.0,2025-05-09 17:42:40,1,2025-05-09 17:42:46.655,6860.0,3969,6850.0,8975,6840.0,4399,6830.0,2402,6820.0,20962,6870.0,1838,6880.0,10597,6890.0,16136,6900.0,14735,6910.0,18084,2025-05-09 17:42:46.548,,2147483647,1190134,False,nan
9373,1497367,1612550979,MERV - XMEV - GGAL - 24hs,6870.0,2025-05-09 17:42:40,1,2025-05-09 17:42:47.531,6860.0,4469,6850.0,8475,6840.0,4399,6830.0,2702,6820.0,20462,6870.0,1838,6880.0,10597,6890.0,16136,6900.0,14735,6910.0,18084,2025-05-09 17:42:47.452,,2147483647,1190134,False,nan
9374,1497479,1612551118,MERV - XMEV - GGAL - 24hs,6870.0,2025-05-09 17:42:40,1,2025-05-09 17:42:48.404,6860.0,4469,6850.0,8475,6840.0,4399,6830.0,2702,6820.0,20462,6870.0,3838,6880.0,10597,6890.0,14136,6900.0,14735,6910.0,18084,2025-05-09 17:42:48.320,,2147483647,1190134,False,nan
9375,1497534,1612551184,MERV - XMEV - GGAL - 24hs,6870.0,2025-05-09 17:42:48,377,2025-05-09 17:42:48.905,6860.0,4469,6850.0,8475,6840.0,4399,6830.0,2702,6820.0,20462,6870.0,3838,6880.0,10597,6890.0,14136,6900.0,14735,6910.0,18084,2025-05-09 17:42:48.820,,2147483647,1190134,True,offer
9376,1497598,1612551276,MERV - XMEV - GGAL - 24hs,6870.0,2025-05-09 17:42:48,377,2025-05-09 17:42:49.402,6860.0,7001,6850.0,8475,6840.0,4399,6830.0,2702,6820.0,20462,6870.0,3461,6880.0,10597,6890.0,14136,6900.0,14735,6910.0,18084,2025-05-09 17:42:49.322,,2147483647,1190511,False,nan
9377,1497717,1612551434,MERV - XMEV - GGAL - 24hs,6870.0,2025-05-09 17:42:48,377,2025-05-09 17:42:49.984,6860.0,4122,6850.0,8475,6840.0,4399,6830.0,2702,6820.0,20462,6870.0,3461,6880.0,10597,6890.0,14136,6900.0,14735,6910.0,18084,2025-05-09 17:42:49.869,,2147483647,1190511,False,nan
9378,1497789,1612551524,MERV - XMEV - GGAL - 24hs,6870.0,2025-05-09 17:42:50,120,2025-05-09 17:42:50.539,6860.0,4122,6850.0,8475,6840.0,4399,6830.0,2702,6820.0,20462,6870.0,3461,6880.0,10597,6890.0,14136,6900.0,14735,6910.0,18084,2025-05-09 17:42:50.461,,2147483647,1190511,True,offer
9379,1497947,1612551696,MERV - XMEV - GGAL - 24hs,6870.0,2025-05-09 17:42:50,120,2025-05-09 17:42:51.180,6860.0,4122,6850.0,8475,6840.0,4399,6830.0,2902,6820.0,20462,6870.0,3341,6880.0,10597,6890.0,14136,6900.0,12735,6910.0,18084,2025-05-09 17:42:50.961,,2147483647,1190511,False,nan
9380,1498131,1612551914,MERV - XMEV - GGAL - 24hs,6860.0,2025-05-09 17:42:51,510,2025-05-09 17:42:52.144,6860.0,4122,6850.0,8475,6840.0,4399,6830.0,2902,6820.0,20462,6870.0,3341,6880.0,10597,6890.0,14136,6900.0,12735,6910.0,18084,2025-05-09 17:42:51.984,,2147483647,1191895,True,bid
9381,1498241,1612552054,MERV - XMEV - GGAL - 24hs,6860.0,2025-05-09 17:42:51,510,2025-05-09 17:42:52.570,6860.0,100,6850.0,8475,6840.0,4399,6830.0,2902,6820.0,20462,6870.0,2115,6880.0,10597,6890.0,14136,6900.0,12735,6910.0,18077,2025-05-09 17:42:52.092,,2147483647,1191895,False,nan
9382,1498291,1612552113,MERV - XMEV - GGAL - 24hs,6860.0,2025-05-09 17:42:51,510,2025-05-09 17:42:52.754,6860.0,100,6850.0,11404,6840.0,4399,6830.0,2902,6820.0,20462,6870.0,2115,6880.0,10597,6890.0,14136,6900.0,12735,6910.0,18077,2025-05-09 17:42:52.466,,2147483647,1191895,False,nan
9383,1498375,1612552211,MERV - XMEV - GGAL - 24hs,6860.0,2025-05-09 17:42:51,510,2025-05-09 17:42:53.207,6860.0,100,6850.0,8475,6840.0,10581,6830.0,2902,6820.0,20462,6870.0,2115,6880.0,10597,6890.0,14136,6900.0,12735,6910.0,18077,2025-05-09 17:42:53.126,,2147483647,1191895,False,nan
9384,1498768,1612552756,MERV - XMEV - GGAL - 24hs,6860.0,2025-05-09 17:42:56,19,2025-05-09 17:42:56.979,6860.0,100,6850.0,8475,6840.0,10581,6830.0,2902,6820.0,20462,6870.0,2115,6880.0,10597,6890.0,14136,6900.0,12735,6910.0,18077,2025-05-09 17:42:56.900,,2147483647,1191895,True,bid
9385,1498817,1612552817,MERV - XMEV - GGAL - 24hs,6860.0,2025-05-09 17:42:56,19,2025-05-09 17:42:57.479,6860.0,81,6850.0,8475,6840.0,10581,6830.0,2902,6820.0,20462,6870.0,2115,6880.0,10597,6890.0,14136,6900.0,13095,6910.0,18077,2025-05-09 17:42:57.400,,2147483647,1191895,False,nan
9386,1498863,1612552870,MERV - XMEV - GGAL - 24hs,6860.0,2025-05-09 17:42:56,19,2025-05-09 17:42:57.978,6860.0,81,6850.0,8475,6840.0,10581,6830.0,2902,6820.0,20462,6870.0,2115,6880.0,10597,6890.0,14136,6900.0,13095,6910.0,18077,2025-05-09 17:42:57.900,,2147483647,1191914,False,nan
9387,1499056,1612553115,MERV - XMEV - GGAL - 24hs,6860.0,2025-05-09 17:42:56,19,2025-05-09 17:43:00.340,6860.0,81,6850.0,8475,6840.0,10581,6830.0,2902,6820.0,20462,6870.0,7115,6880.0,10597,6890.0,9136,6900.0,13099,6910.0,18077,2025-05-09 17:43:00.249,,2147483647,1191914,False,nan
9388,1499160,1612553254,MERV - XMEV - GGAL - 24hs,6860.0,2025-05-09 17:42:56,19,2025-05-09 17:43:01.773,6860.0,81,6850.0,8475,6840.0,4399,6830.0,9234,6820.0,20462,6870.0,7115,6880.0,10597,6890.0,9136,6900.0,13099,6910.0,18077,2025-05-09 17:43:01.692,,2147483647,1191914,False,nan
9389,1499226,1612553331,MERV - XMEV - GGAL - 24hs,6860.0,2025-05-09 17:42:56,19,2025-05-09 17:43:02.762,6860.0,81,6850.0,8475,6840.0,4399,6830.0,5764,6820.0,20462,6870.0,7115,6880.0,10597,6890.0,9136,6900.0,13099,6910.0,18077,2025-05-09 17:43:02.677,,2147483647,1191914,False,nan
9390,1499297,1612553428,MERV - XMEV - GGAL - 24hs,6860.0,2025-05-09 17:42:56,19,2025-05-09 17:43:03.676,6860.0,81,6850.0,8475,6840.0,4399,6830.0,9234,6820.0,20462,6870.0,7115,6880.0,10597,6890.0,9136,6900.0,13099,6910.0,18077,2025-05-09 17:43:03.593,,2147483647,1191914,False,nan
9391,1499345,1612553489,MERV - XMEV - GGAL - 24hs,6860.0,2025-05-09 17:43:03,44,2025-05-09 17:43:04.174,6860.0,81,6850.0,8475,6840.0,4399,6830.0,9234,6820.0,20462,6870.0,7115,6880.0,10597,6890.0,9136,6900.0,13099,6910.0,18077,2025-05-09 17:43:04.093,,2147483647,1191914,True,bid
9392,1499377,1612553534,MERV - XMEV - GGAL - 24hs,6860.0,2025-05-09 17:43:03,44,2025-05-09 17:43:04.677,6860.0,37,6850.0,8475,6840.0,4399,6830.0,9581,6820.0,20462,6870.0,7115,6880.0,10597,6890.0,9136,6900.0,13099,6910.0,18077,2025-05-09 17:43:04.594,,2147483647,1191958,False,nan
9393,1499917,1612554235,MERV - XMEV - GGAL - 24hs,6860.0,2025-05-09 17:43:03,44,2025-05-09 17:43:09.934,6860.0,37,6850.0,8475,6840.0,4149,6830.0,9581,6820.0,20462,6870.0,7115,6880.0,10597,6890.0,9136,6900.0,13099,6910.0,18077,2025-05-09 17:43:09.855,,2147483647,1191958,False,nan
9394,1500564,1612555034,MERV - XMEV - GGAL - 24hs,6860.0,2025-05-09 17:43:03,44,2025-05-09 17:43:14.985,6860.0,37,6850.0,8475,6840.0,4149,6830.0,10081,6820.0,20462,6870.0,7115,6880.0,10597,6890.0,9136,6900.0,13099,6910.0,18077,2025-05-09 17:43:14.831,,2147483647,1191958,False,nan
9395,1500817,1612555364,MERV - XMEV - GGAL - 24hs,6870.0,2025-05-09 17:43:17,1,2025-05-09 17:43:17.997,6860.0,37,6850.0,8475,6840.0,4149,6830.0,10081,6820.0,20462,6870.0,7115,6880.0,10597,6890.0,9136,6900.0,13099,6910.0,18077,2025-05-09 17:43:17.917,,2147483647,1191958,True,offer
9396,1500864,1612555421,MERV - XMEV - GGAL - 24hs,6870.0,2025-05-09 17:43:17,1,2025-05-09 17:43:18.663,6860.0,37,6850.0,8475,6840.0,4149,6830.0,10081,6820.0,20462,6870.0,7114,6880.0,10597,6890.0,9136,6900.0,13099,6910.0,18077,2025-05-09 17:43:18.585,,2147483647,1191958,False,nan
9397,1500904,1612555474,MERV - XMEV - GGAL - 24hs,6870.0,2025-05-09 17:43:17,1,2025-05-09 17:43:19.164,6860.0,37,6850.0,8475,6840.0,4149,6830.0,10081,6820.0,20462,6870.0,7114,6880.0,10597,6890.0,9136,6900.0,13099,6910.0,18077,2025-05-09 17:43:19.085,,2147483647,1191959,False,nan
9398,1501079,1612555686,MERV - XMEV - GGAL - 24hs,6870.0,2025-05-09 17:43:17,1,2025-05-09 17:43:21.788,6860.0,37,6850.0,8475,6840.0,4149,6830.0,8528,6820.0,20462,6870.0,7114,6880.0,10597,6890.0,9136,6900.0,13099,6910.0,18077,2025-05-09 17:43:21.569,,2147483647,1191959,False,nan
9399,1501150,1612555773,MERV - XMEV - GGAL - 24hs,6870.0,2025-05-09 17:43:17,1,2025-05-09 17:43:22.589,6860.0,37,6850.0,8475,6840.0,4149,6830.0,8828,6820.0,20462,6870.0,7114,6880.0,10597,6890.0,9136,6900.0,13099,6910.0,18077,2025-05-09 17:43:22.506,,2147483647,1191959,False,nan
9400,1501732,1612556463,MERV - XMEV - GGAL - 24hs,6870.0,2025-05-09 17:43:17,1,2025-05-09 17:43:28.313,6860.0,37,6850.0,8476,6840.0,4149,6830.0,8828,6820.0,20462,6870.0,7114,6880.0,10597,6890.0,9136,6900.0,13099,6910.0,18077,2025-05-09 17:43:28.234,,2147483647,1191959,False,nan
9401,1501921,1612556697,MERV - XMEV - GGAL - 24hs,6870.0,2025-05-09 17:43:17,1,2025-05-09 17:43:30.082,6860.0,37,6850.0,8476,6840.0,5188,6830.0,3702,6820.0,20462,6870.0,7114,6880.0,10597,6890.0,9136,6900.0,13099,6910.0,18077,2025-05-09 17:43:29.923,,2147483647,1191959,False,nan
9402,1503182,1612558256,MERV - XMEV - GGAL - 24hs,6870.0,2025-05-09 17:43:34,26,2025-05-09 17:43:35.323,6860.0,37,6850.0,8476,6840.0,5188,6830.0,3702,6820.0,20462,6870.0,7114,6880.0,10597,6890.0,9136,6900.0,13099,6910.0,18077,2025-05-09 17:43:34.402,,2147483647,1191959,True,offer
9403,1503238,1612558321,MERV - XMEV - GGAL - 24hs,6870.0,2025-05-09 17:43:34,26,2025-05-09 17:43:35.531,6860.0,37,6850.0,8476,6840.0,5188,6830.0,3702,6820.0,20462,6870.0,7088,6880.0,10597,6890.0,9136,6900.0,13099,6910.0,18077,2025-05-09 17:43:35.046,,2147483647,1191959,False,nan
9404,1503264,1612558352,MERV - XMEV - GGAL - 24hs,6870.0,2025-05-09 17:43:34,26,2025-05-09 17:43:35.633,6860.0,37,6850.0,8476,6840.0,5188,6830.0,3702,6820.0,20462,6870.0,7088,6880.0,10597,6890.0,9136,6900.0,13099,6910.0,18077,2025-05-09 17:43:35.548,,2147483647,1191985,False,nan
9405,1503429,1612558560,MERV - XMEV - GGAL - 24hs,6870.0,2025-05-09 17:43:34,26,2025-05-09 17:43:37.405,6860.0,37,6850.0,8476,6840.0,5190,6830.0,3702,6820.0,20462,6870.0,7088,6880.0,10597,6890.0,9136,6900.0,13099,6910.0,18077,2025-05-09 17:43:37.326,,2147483647,1191985,False,nan
9406,1503750,1612558961,MERV - XMEV - GGAL - 24hs,6870.0,2025-05-09 17:43:34,26,2025-05-09 17:43:40.223,6860.0,37,6850.0,8476,6840.0,4843,6830.0,3702,6820.0,20462,6870.0,7088,6880.0,10597,6890.0,9136,6900.0,13099,6910.0,18077,2025-05-09 17:43:40.144,,2147483647,1191985,False,nan
9407,1503810,1612559030,MERV - XMEV - GGAL - 24hs,6870.0,2025-05-09 17:43:40,6,2025-05-09 17:43:40.725,6860.0,37,6850.0,8476,6840.0,4843,6830.0,3702,6820.0,20462,6870.0,7088,6880.0,10597,6890.0,9136,6900.0,13099,6910.0,18077,2025-05-09 17:43:40.644,,2147483647,1191985,True,offer
9408,1503868,1612559102,MERV - XMEV - GGAL - 24hs,6870.0,2025-05-09 17:43:40,6,2025-05-09 17:43:41.225,6860.0,37,6850.0,8476,6840.0,4843,6830.0,3702,6820.0,20462,6870.0,7082,6880.0,10597,6890.0,9136,6900.0,13099,6910.0,18077,2025-05-09 17:43:41.144,,2147483647,1191991,False,nan
9409,1503910,1612559155,MERV - XMEV - GGAL - 24hs,6870.0,2025-05-09 17:43:40,6,2025-05-09 17:43:41.733,6860.0,37,6850.0,8476,6840.0,4496,6830.0,3702,6820.0,20462,6870.0,7082,6880.0,10597,6890.0,9136,6900.0,13099,6910.0,18077,2025-05-09 17:43:41.650,,2147483647,1191991,False,nan
9410,1503997,1612559266,MERV - XMEV - GGAL - 24hs,6870.0,2025-05-09 17:43:40,6,2025-05-09 17:43:42.774,6860.0,37,6850.0,9094,6840.0,4496,6830.0,3702,6820.0,20462,6870.0,7082,6880.0,10597,6890.0,9136,6900.0,13099,6910.0,18077,2025-05-09 17:43:42.695,,2147483647,1191991,False,nan
9411,1504436,1612559787,MERV - XMEV - GGAL - 24hs,6870.0,2025-05-09 17:43:40,6,2025-05-09 17:43:44.774,6860.0,37,6850.0,9094,6840.0,4496,6830.0,3702,6820.0,20462,6870.0,7082,6880.0,10597,6890.0,9136,6900.0,23099,6910.0,8077,2025-05-09 17:43:44.144,,2147483647,1191991,False,nan
9412,1504655,1612560063,MERV - XMEV - GGAL - 24hs,6870.0,2025-05-09 17:43:40,6,2025-05-09 17:43:45.607,6860.0,37,6850.0,9094,6840.0,4496,6830.0,3702,6820.0,20462,6870.0,7082,6880.0,10597,6890.0,9136,6900.0,13099,6910.0,18077,2025-05-09 17:43:45.479,,2147483647,1191991,False,nan
9413,1504772,1612560197,MERV - XMEV - GGAL - 24hs,6870.0,2025-05-09 17:43:40,6,2025-05-09 17:43:46.695,6860.0,37,6850.0,9094,6840.0,4496,6830.0,3702,6820.0,20462,6870.0,8082,6880.0,9597,6890.0,9136,6900.0,13099,6910.0,18077,2025-05-09 17:43:46.616,,2147483647,1191991,False,nan
9414,1504957,1612560417,MERV - XMEV - GGAL - 24hs,6870.0,2025-05-09 17:43:48,13,2025-05-09 17:43:48.322,6860.0,37,6850.0,9094,6840.0,4496,6830.0,3702,6820.0,20462,6870.0,8082,6880.0,9597,6890.0,9136,6900.0,13099,6910.0,18077,2025-05-09 17:43:48.244,,2147483647,1191991,True,offer
9415,1505015,1612560492,MERV - XMEV - GGAL - 24hs,6870.0,2025-05-09 17:43:48,13,2025-05-09 17:43:48.980,6860.0,37,6850.0,9094,6840.0,4496,6830.0,3702,6820.0,20462,6870.0,8082,6880.0,9597,6890.0,9136,6900.0,13099,6910.0,18077,2025-05-09 17:43:48.901,,2147483647,1192004,False,nan
9416,1505055,1612560553,MERV - XMEV - GGAL - 24hs,6870.0,2025-05-09 17:43:48,13,2025-05-09 17:43:49.499,6860.0,37,6850.0,9094,6840.0,4496,6830.0,3702,6820.0,20462,6870.0,8069,6880.0,9597,6890.0,9136,6900.0,13099,6910.0,18077,2025-05-09 17:43:49.401,,2147483647,1192004,False,nan
9417,1505544,1612561171,MERV - XMEV - GGAL - 24hs,6870.0,2025-05-09 17:43:48,13,2025-05-09 17:43:54.436,6860.0,37,6850.0,24094,6840.0,4496,6830.0,3702,6820.0,5462,6870.0,8069,6880.0,9597,6890.0,9136,6900.0,13099,6910.0,18077,2025-05-09 17:43:54.337,,2147483647,1192004,False,nan
9418,1505728,1612561421,MERV - XMEV - GGAL - 24hs,6870.0,2025-05-09 17:43:48,13,2025-05-09 17:43:55.706,6860.0,37,6850.0,24094,6840.0,4496,6830.0,3702,6820.0,5462,6870.0,8069,6880.0,9597,6890.0,9136,6900.0,13599,6910.0,18077,2025-05-09 17:43:55.627,,2147483647,1192004,False,nan
9419,1505810,1612561527,MERV - XMEV - GGAL - 24hs,6870.0,2025-05-09 17:43:48,13,2025-05-09 17:43:56.593,6860.0,37,6850.0,24094,6840.0,4496,6830.0,2802,6820.0,5462,6870.0,8069,6880.0,9597,6890.0,9136,6900.0,13599,6910.0,18077,2025-05-09 17:43:56.514,,2147483647,1192004,False,nan
9420,1506570,1612562501,MERV - XMEV - GGAL - 24hs,6870.0,2025-05-09 17:43:48,13,2025-05-09 17:44:01.480,6860.0,37,6850.0,24094,6840.0,4493,6830.0,2802,6820.0,5462,6870.0,8069,6880.0,9597,6890.0,9136,6900.0,13599,6910.0,18077,2025-05-09 17:44:01.181,,2147483647,1192004,False,nan
9421,1507042,1612563108,MERV - XMEV - GGAL - 24hs,6870.0,2025-05-09 17:43:48,13,2025-05-09 17:44:03.424,6860.0,37,6850.0,25094,6840.0,4493,6830.0,2802,6820.0,5462,6870.0,8069,6880.0,9597,6890.0,9236,6900.0,13599,6910.0,18077,2025-05-09 17:44:02.942,,2147483647,1192004,False,nan
9422,1507124,1612563204,MERV - XMEV - GGAL - 24hs,6870.0,2025-05-09 17:43:48,13,2025-05-09 17:44:03.770,6860.0,37,6850.0,25094,6840.0,4496,6830.0,2802,6820.0,5462,6870.0,8069,6880.0,9597,6890.0,9236,6900.0,13599,6910.0,18077,2025-05-09 17:44:03.683,,2147483647,1192004,False,nan
9423,1507969,1612564299,MERV - XMEV - GGAL - 24hs,6870.0,2025-05-09 17:43:48,13,2025-05-09 17:44:11.128,6860.0,37,6850.0,25094,6840.0,4151,6830.0,4188,6820.0,5462,6870.0,8069,6880.0,9597,6890.0,9236,6900.0,13599,6910.0,18077,2025-05-09 17:44:11.040,,2147483647,1192004,False,nan
9424,1508131,1612564536,MERV - XMEV - GGAL - 24hs,6870.0,2025-05-09 17:43:48,13,2025-05-09 17:44:12.620,6860.0,37,6850.0,25094,6840.0,4151,6830.0,4535,6820.0,5462,6870.0,8069,6880.0,9597,6890.0,9236,6900.0,13599,6910.0,18077,2025-05-09 17:44:12.541,,2147483647,1192004,False,nan
9425,1508682,1612565283,MERV - XMEV - GGAL - 24hs,6860.0,2025-05-09 17:44:18,24,2025-05-09 17:44:18.578,6860.0,37,6850.0,25094,6840.0,4151,6830.0,4535,6820.0,5462,6870.0,8069,6880.0,9597,6890.0,9236,6900.0,13599,6910.0,18077,2025-05-09 17:44:18.471,,2147483647,1192004,True,bid
9426,1508815,1612565443,MERV - XMEV - GGAL - 24hs,6860.0,2025-05-09 17:44:18,24,2025-05-09 17:44:19.084,6860.0,13,6850.0,25094,6840.0,4151,6830.0,4535,6820.0,5462,6870.0,8069,6880.0,9597,6890.0,9236,6900.0,13599,6910.0,18077,2025-05-09 17:44:18.971,,2147483647,1192004,False,nan
9427,1508929,1612565572,MERV - XMEV - GGAL - 24hs,6860.0,2025-05-09 17:44:18,24,2025-05-09 17:44:19.784,6860.0,13,6850.0,25094,6840.0,4151,6830.0,4535,6820.0,5462,6870.0,8069,6880.0,9597,6890.0,9236,6900.0,13599,6910.0,18077,2025-05-09 17:44:19.471,,2147483647,1192028,False,nan
9428,1509550,1612566363,MERV - XMEV - GGAL - 24hs,6860.0,2025-05-09 17:44:25,3,2025-05-09 17:44:25.523,6860.0,13,6850.0,25094,6840.0,4151,6830.0,4535,6820.0,5462,6870.0,8069,6880.0,9597,6890.0,9236,6900.0,13599,6910.0,18077,2025-05-09 17:44:25.444,,2147483647,1192028,True,bid
9429,1509612,1612566434,MERV - XMEV - GGAL - 24hs,6860.0,2025-05-09 17:44:25,3,2025-05-09 17:44:26.028,6860.0,11,6850.0,25094,6840.0,4151,6830.0,4535,6820.0,5462,6870.0,8069,6880.0,9597,6890.0,9236,6900.0,13599,6910.0,18077,2025-05-09 17:44:25.944,,2147483647,1192028,False,nan
9430,1509673,1612566518,MERV - XMEV - GGAL - 24hs,6860.0,2025-05-09 17:44:25,3,2025-05-09 17:44:26.528,6860.0,11,6850.0,25094,6840.0,4151,6830.0,4535,6820.0,5462,6870.0,8069,6880.0,9597,6890.0,9236,6900.0,13599,6910.0,18077,2025-05-09 17:44:26.445,,2147483647,1192031,False,nan
9431,1509729,1612566584,MERV - XMEV - GGAL - 24hs,6870.0,2025-05-09 17:44:26,1,2025-05-09 17:44:27.026,6860.0,11,6850.0,25094,6840.0,4151,6830.0,4535,6820.0,5462,6870.0,8069,6880.0,9597,6890.0,9236,6900.0,13599,6910.0,18077,2025-05-09 17:44:26.944,,2147483647,1192031,True,offer
9432,1509914,1612566809,MERV - XMEV - GGAL - 24hs,6870.0,2025-05-09 17:44:26,1,2025-05-09 17:44:27.945,6860.0,11,6850.0,25094,6840.0,4151,6830.0,4535,6820.0,5462,6870.0,8069,6880.0,9597,6890.0,9236,6900.0,13599,6910.0,18077,2025-05-09 17:44:27.608,,2147483647,1192032,False,nan
9433,1509964,1612566869,MERV - XMEV - GGAL - 24hs,6870.0,2025-05-09 17:44:26,1,2025-05-09 17:44:28.186,6860.0,11,6850.0,25094,6840.0,4151,6830.0,4535,6820.0,5462,6870.0,8068,6880.0,9597,6890.0,9236,6900.0,13599,6910.0,18077,2025-05-09 17:44:28.107,,2147483647,1192032,False,nan
9434,1510003,1612566910,MERV - XMEV - GGAL - 24hs,6870.0,2025-05-09 17:44:26,1,2025-05-09 17:44:28.757,6860.0,11,6850.0,25094,6840.0,4151,6830.0,4681,6820.0,5462,6870.0,8068,6880.0,9597,6890.0,9236,6900.0,13599,6910.0,18077,2025-05-09 17:44:28.678,,2147483647,1192032,False,nan
9435,1510300,1612567311,MERV - XMEV - GGAL - 24hs,6870.0,2025-05-09 17:44:26,1,2025-05-09 17:44:31.255,6860.0,11,6850.0,25094,6840.0,4151,6830.0,4681,6820.0,5364,6870.0,8068,6880.0,9597,6890.0,9236,6900.0,13599,6910.0,18077,2025-05-09 17:44:31.130,,2147483647,1192032,False,nan
9436,1511181,1612568403,MERV - XMEV - GGAL - 24hs,6870.0,2025-05-09 17:44:26,1,2025-05-09 17:44:35.629,6860.0,11,6850.0,25094,6840.0,4151,6830.0,4681,6820.0,5364,6870.0,8068,6880.0,9597,6890.0,9236,6900.0,13599,6910.0,20077,2025-05-09 17:44:35.551,,2147483647,1192032,False,nan
9437,1511639,1612568973,MERV - XMEV - GGAL - 24hs,6870.0,2025-05-09 17:44:26,1,2025-05-09 17:44:38.632,6860.0,11,6850.0,25094,6840.0,4151,6830.0,5028,6820.0,5364,6870.0,8068,6880.0,9597,6890.0,9236,6900.0,13599,6910.0,20077,2025-05-09 17:44:38.533,,2147483647,1192032,False,nan
9438,1511796,1612569149,MERV - XMEV - GGAL - 24hs,6870.0,2025-05-09 17:44:38,54,2025-05-09 17:44:39.305,6860.0,11,6850.0,25094,6840.0,4151,6830.0,5028,6820.0,5364,6870.0,8068,6880.0,9597,6890.0,9236,6900.0,13599,6910.0,20077,2025-05-09 17:44:39.034,,2147483647,1192032,True,offer
9439,1511859,1612569218,MERV - XMEV - GGAL - 24hs,6870.0,2025-05-09 17:44:38,54,2025-05-09 17:44:39.618,6860.0,11,6850.0,25094,6840.0,4151,6830.0,5028,6820.0,5364,6870.0,8014,6880.0,9597,6890.0,9236,6900.0,13599,6910.0,20077,2025-05-09 17:44:39.534,,2147483647,1192086,False,nan
9440,1511913,1612569290,MERV - XMEV - GGAL - 24hs,6860.0,2025-05-09 17:44:39,1,2025-05-09 17:44:40.119,6860.0,11,6850.0,25094,6840.0,4151,6830.0,5028,6820.0,5364,6870.0,8014,6880.0,9597,6890.0,9236,6900.0,13599,6910.0,20077,2025-05-09 17:44:40.035,,2147483647,1192086,True,bid
9441,1511966,1612569358,MERV - XMEV - GGAL - 24hs,6860.0,2025-05-09 17:44:39,1,2025-05-09 17:44:40.623,6850.0,25040,6840.0,4151,6830.0,5028,6820.0,5364,6810.0,32568,6860.0,989,6870.0,8014,6880.0,9597,6890.0,9236,6900.0,13599,2025-05-09 17:44:40.534,,2147483647,1192097,False,nan
9442,1512193,1612569656,MERV - XMEV - GGAL - 24hs,6860.0,2025-05-09 17:44:42,2,2025-05-09 17:44:42.759,6850.0,25040,6840.0,4151,6830.0,5028,6820.0,5364,6810.0,32568,6860.0,989,6870.0,8014,6880.0,9597,6890.0,9236,6900.0,13599,2025-05-09 17:44:42.680,,2147483647,1192097,True,offer
9443,1512267,1612569758,MERV - XMEV - GGAL - 24hs,6860.0,2025-05-09 17:44:42,2,2025-05-09 17:44:43.428,6850.0,25040,6840.0,4151,6830.0,5028,6820.0,5364,6810.0,32568,6860.0,987,6870.0,8014,6880.0,9597,6890.0,9236,6900.0,13599,2025-05-09 17:44:43.347,,2147483647,1192097,False,nan
9444,1512309,1612569810,MERV - XMEV - GGAL - 24hs,6860.0,2025-05-09 17:44:42,2,2025-05-09 17:44:43.926,6850.0,25040,6840.0,4151,6830.0,5028,6820.0,5364,6810.0,32568,6860.0,987,6870.0,8014,6880.0,9597,6890.0,9236,6900.0,13599,2025-05-09 17:44:43.847,,2147483647,1192099,False,nan
9445,1512378,1612569915,MERV - XMEV - GGAL - 24hs,6860.0,2025-05-09 17:44:42,2,2025-05-09 17:44:44.544,6850.0,25040,6840.0,4151,6830.0,5028,6820.0,5364,6810.0,32568,6860.0,1064,6870.0,7937,6880.0,9597,6890.0,9236,6900.0,13599,2025-05-09 17:44:44.460,,2147483647,1192099,False,nan
9446,1513447,1612571328,MERV - XMEV - GGAL - 24hs,6860.0,2025-05-09 17:44:42,2,2025-05-09 17:44:54.851,6850.0,25040,6840.0,4151,6830.0,5992,6820.0,5364,6810.0,32568,6860.0,1064,6870.0,7937,6880.0,9597,6890.0,9236,6900.0,13599,2025-05-09 17:44:54.684,,2147483647,1192099,False,nan
9447,1513513,1612571426,MERV - XMEV - GGAL - 24hs,6860.0,2025-05-09 17:44:55,44,2025-05-09 17:44:55.455,6850.0,25040,6840.0,4151,6830.0,5992,6820.0,5364,6810.0,32568,6860.0,1064,6870.0,7937,6880.0,9597,6890.0,9236,6900.0,13599,2025-05-09 17:44:55.374,,2147483647,1192099,True,offer
9448,1513585,1612571504,MERV - XMEV - GGAL - 24hs,6860.0,2025-05-09 17:44:55,44,2025-05-09 17:44:56.105,6850.0,25040,6840.0,4151,6830.0,5992,6820.0,5364,6810.0,32568,6860.0,1020,6870.0,7937,6880.0,9597,6890.0,9236,6900.0,13599,2025-05-09 17:44:56.024,,2147483647,1192099,False,nan
9449,1513616,1612571546,MERV - XMEV - GGAL - 24hs,6860.0,2025-05-09 17:44:55,44,2025-05-09 17:44:56.603,6850.0,25040,6840.0,4151,6830.0,5992,6820.0,5364,6810.0,32568,6860.0,1020,6870.0,7937,6880.0,9597,6890.0,9236,6900.0,13599,2025-05-09 17:44:56.523,,2147483647,1192143,False,nan
9450,1513674,1612571615,MERV - XMEV - GGAL - 24hs,6860.0,2025-05-09 17:44:57,20,2025-05-09 17:44:57.429,6850.0,25040,6840.0,4151,6830.0,5992,6820.0,5364,6810.0,32568,6860.0,1020,6870.0,7937,6880.0,9597,6890.0,9236,6900.0,13599,2025-05-09 17:44:57.346,,2147483647,1192143,True,offer
9451,1513754,1612571702,MERV - XMEV - GGAL - 24hs,6860.0,2025-05-09 17:44:57,20,2025-05-09 17:44:58.088,6850.0,25040,6840.0,4151,6830.0,5992,6820.0,5364,6810.0,32568,6860.0,1000,6870.0,7937,6880.0,9597,6890.0,9236,6900.0,13599,2025-05-09 17:44:58.009,,2147483647,1192143,False,nan
9452,1513808,1612571767,MERV - XMEV - GGAL - 24hs,6860.0,2025-05-09 17:44:57,20,2025-05-09 17:44:58.588,6850.0,25040,6840.0,4151,6830.0,5992,6820.0,5364,6810.0,32568,6860.0,1000,6870.0,7937,6880.0,9597,6890.0,9236,6900.0,13599,2025-05-09 17:44:58.509,,2147483647,1192163,False,nan
9453,1513923,1612571915,MERV - XMEV - GGAL - 24hs,6860.0,2025-05-09 17:44:59,923,2025-05-09 17:44:59.891,6850.0,25040,6840.0,4151,6830.0,5992,6820.0,5364,6810.0,32568,6860.0,1000,6870.0,7937,6880.0,9597,6890.0,9236,6900.0,13599,2025-05-09 17:44:59.811,,2147483647,1192163,True,offer
9454,1513992,1612572008,MERV - XMEV - GGAL - 24hs,6860.0,2025-05-09 17:44:59,77,2025-05-09 17:45:00.396,6850.0,25040,6840.0,4151,6830.0,5992,6820.0,5364,6810.0,32568,6860.0,1000,6870.0,7937,6880.0,9597,6890.0,9236,6900.0,13599,2025-05-09 17:45:00.317,,2147483647,1192163,False,nan
9455,1514047,1612572076,MERV - XMEV - GGAL - 24hs,6860.0,2025-05-09 17:44:59,77,2025-05-09 17:45:00.892,6860.0,9000,6850.0,25040,6840.0,4151,6830.0,5992,6820.0,5364,6870.0,7937,6880.0,9597,6890.0,9236,6900.0,13599,6910.0,20077,2025-05-09 17:45:00.811,,2147483647,1193163,False,nan
9456,1514337,1612572430,MERV - XMEV - GGAL - 24hs,6860.0,2025-05-09 17:44:59,77,2025-05-09 17:45:03.965,6860.0,9000,6850.0,25040,6840.0,4151,6830.0,5987,6820.0,5364,6870.0,7937,6880.0,9597,6890.0,9236,6900.0,13599,6910.0,20077,2025-05-09 17:45:03.876,,2147483647,1193163,False,nan
9457,1514951,1612573263,MERV - XMEV - GGAL - 24hs,6860.0,2025-05-09 17:44:59,77,2025-05-09 17:45:09.058,6860.0,9000,6850.0,25040,6840.0,4151,6830.0,6387,6820.0,5364,6870.0,7937,6880.0,9597,6890.0,9236,6900.0,13599,6910.0,20077,2025-05-09 17:45:08.977,,2147483647,1193163,False,nan
9458,1515320,1612573732,MERV - XMEV - GGAL - 24hs,6860.0,2025-05-09 17:44:59,77,2025-05-09 17:45:12.488,6860.0,9000,6850.0,24040,6840.0,4151,6830.0,6387,6820.0,5364,6870.0,7937,6880.0,9597,6890.0,9236,6900.0,13599,6910.0,20077,2025-05-09 17:45:12.402,,2147483647,1193163,False,nan
9459,1515386,1612573809,MERV - XMEV - GGAL - 24hs,6860.0,2025-05-09 17:45:12,10,2025-05-09 17:45:12.994,6860.0,9000,6850.0,24040,6840.0,4151,6830.0,6387,6820.0,5364,6870.0,7937,6880.0,9597,6890.0,9236,6900.0,13599,6910.0,20077,2025-05-09 17:45:12.899,,2147483647,1193163,True,bid
9460,1515563,1612574040,MERV - XMEV - GGAL - 24hs,6860.0,2025-05-09 17:45:12,10,2025-05-09 17:45:13.706,6860.0,8990,6850.0,24040,6840.0,4151,6830.0,6387,6820.0,5364,6870.0,7937,6880.0,9597,6890.0,9236,6900.0,13599,6910.0,20077,2025-05-09 17:45:13.476,,2147483647,1193163,False,nan
9461,1515614,1612574105,MERV - XMEV - GGAL - 24hs,6860.0,2025-05-09 17:45:12,10,2025-05-09 17:45:14.352,6860.0,8990,6850.0,24040,6840.0,4151,6830.0,6387,6820.0,5364,6870.0,7937,6880.0,9597,6890.0,9236,6900.0,13599,6910.0,20077,2025-05-09 17:45:14.116,,2147483647,1193173,False,nan
9462,1515673,1612574192,MERV - XMEV - GGAL - 24hs,6860.0,2025-05-09 17:45:12,10,2025-05-09 17:45:14.627,6860.0,8990,6850.0,25040,6840.0,4151,6830.0,6387,6820.0,5364,6870.0,7937,6880.0,9597,6890.0,9236,6900.0,13599,6910.0,20077,2025-05-09 17:45:14.517,,2147483647,1193173,False,nan
9463,1516018,1612574632,MERV - XMEV - GGAL - 24hs,6860.0,2025-05-09 17:45:12,10,2025-05-09 17:45:17.631,6860.0,8990,6850.0,25040,6840.0,4151,6830.0,6387,6820.0,5364,6870.0,6038,6880.0,9597,6890.0,9236,6900.0,13599,6910.0,20077,2025-05-09 17:45:17.380,,2147483647,1193173,False,nan
9464,1516690,1612575480,MERV - XMEV - GGAL - 24hs,6860.0,2025-05-09 17:45:12,10,2025-05-09 17:45:21.987,6860.0,8990,6850.0,25040,6840.0,4151,6830.0,6387,6820.0,5364,6870.0,6038,6880.0,9597,6890.0,9236,6900.0,15599,6910.0,18077,2025-05-09 17:45:21.902,,2147483647,1193173,False,nan
9465,1516947,1612575831,MERV - XMEV - GGAL - 24hs,6860.0,2025-05-09 17:45:12,10,2025-05-09 17:45:24.224,6860.0,8990,6850.0,25040,6840.0,4151,6830.0,4999,6820.0,5364,6870.0,6038,6880.0,9597,6890.0,9236,6900.0,15599,6910.0,18077,2025-05-09 17:45:24.145,,2147483647,1193173,False,nan
9466,1517806,1612576929,MERV - XMEV - GGAL - 24hs,6860.0,2025-05-09 17:45:12,10,2025-05-09 17:45:31.678,6860.0,8990,6850.0,25040,6840.0,4151,6830.0,4036,6820.0,5364,6870.0,6038,6880.0,9597,6890.0,9236,6900.0,15599,6910.0,18077,2025-05-09 17:45:31.355,,2147483647,1193173,False,nan
9467,1518508,1612577826,MERV - XMEV - GGAL - 24hs,6860.0,2025-05-09 17:45:12,10,2025-05-09 17:45:39.607,6860.0,8990,6850.0,25040,6840.0,4151,6830.0,4036,6820.0,5364,6870.0,6038,6880.0,19597,6890.0,9236,6900.0,15599,6910.0,18077,2025-05-09 17:45:39.527,,2147483647,1193173,False,nan
9468,1518588,1612577923,MERV - XMEV - GGAL - 24hs,6860.0,2025-05-09 17:45:12,10,2025-05-09 17:45:40.127,6860.0,8990,6850.0,25040,6840.0,4151,6830.0,4383,6820.0,5364,6870.0,6038,6880.0,19597,6890.0,9236,6900.0,15599,6910.0,18077,2025-05-09 17:45:40.028,,2147483647,1193173,False,nan
9469,1518699,1612578053,MERV - XMEV - GGAL - 24hs,6860.0,2025-05-09 17:45:12,10,2025-05-09 17:45:40.608,6860.0,8995,6850.0,25040,6840.0,4151,6830.0,4383,6820.0,5364,6870.0,6038,6880.0,19597,6890.0,9236,6900.0,15599,6910.0,18077,2025-05-09 17:45:40.527,,2147483647,1193173,False,nan
9470,1518872,1612578266,MERV - XMEV - GGAL - 24hs,6870.0,2025-05-09 17:45:42,28,2025-05-09 17:45:42.252,6860.0,8995,6850.0,25040,6840.0,4151,6830.0,4383,6820.0,5364,6870.0,6038,6880.0,19597,6890.0,9236,6900.0,15599,6910.0,18077,2025-05-09 17:45:42.173,,2147483647,1193173,True,offer
9471,1518963,1612578389,MERV - XMEV - GGAL - 24hs,6870.0,2025-05-09 17:45:42,28,2025-05-09 17:45:42.926,6860.0,8995,6850.0,25040,6840.0,4151,6830.0,4383,6820.0,5364,6870.0,6010,6880.0,19597,6890.0,9236,6900.0,15599,6910.0,18077,2025-05-09 17:45:42.837,,2147483647,1193173,False,nan
9472,1519028,1612578470,MERV - XMEV - GGAL - 24hs,6870.0,2025-05-09 17:45:42,28,2025-05-09 17:45:43.417,6860.0,8995,6850.0,25040,6840.0,4151,6830.0,4383,6820.0,5364,6870.0,6010,6880.0,19597,6890.0,9236,6900.0,15599,6910.0,18077,2025-05-09 17:45:43.337,,2147483647,1193201,False,nan
9473,1519138,1612578637,MERV - XMEV - GGAL - 24hs,6870.0,2025-05-09 17:45:44,2,2025-05-09 17:45:44.545,6860.0,8995,6850.0,25040,6840.0,4151,6830.0,4383,6820.0,5364,6870.0,6010,6880.0,19597,6890.0,9236,6900.0,15599,6910.0,18077,2025-05-09 17:45:44.467,,2147483647,1193201,True,offer
9474,1519184,1612578698,MERV - XMEV - GGAL - 24hs,6870.0,2025-05-09 17:45:44,2,2025-05-09 17:45:45.220,6860.0,8995,6850.0,25040,6840.0,4151,6830.0,4383,6820.0,5364,6870.0,6008,6880.0,19597,6890.0,9236,6900.0,15599,6910.0,18077,2025-05-09 17:45:45.137,,2147483647,1193201,False,nan
9475,1519216,1612578742,MERV - XMEV - GGAL - 24hs,6870.0,2025-05-09 17:45:44,2,2025-05-09 17:45:45.716,6860.0,8995,6850.0,25040,6840.0,4151,6830.0,4383,6820.0,5364,6870.0,6008,6880.0,19597,6890.0,9236,6900.0,15599,6910.0,18077,2025-05-09 17:45:45.637,,2147483647,1193203,False,nan
9476,1519450,1612579044,MERV - XMEV - GGAL - 24hs,6870.0,2025-05-09 17:45:44,2,2025-05-09 17:45:47.874,6860.0,8995,6850.0,25040,6840.0,4151,6830.0,4383,6820.0,5364,6870.0,6008,6880.0,19597,6890.0,19236,6900.0,15699,6910.0,18077,2025-05-09 17:45:47.795,,2147483647,1193203,False,nan
9477,1520054,1612579842,MERV - XMEV - GGAL - 24hs,6870.0,2025-05-09 17:45:44,2,2025-05-09 17:45:52.787,6860.0,8995,6850.0,9040,6840.0,20151,6830.0,4383,6820.0,5364,6870.0,6008,6880.0,19597,6890.0,36236,6900.0,13699,6910.0,3077,2025-05-09 17:45:52.697,,2147483647,1193203,False,nan
9478,1520169,1612579991,MERV - XMEV - GGAL - 24hs,6870.0,2025-05-09 17:45:44,2,2025-05-09 17:45:53.597,6860.0,8995,6850.0,9040,6840.0,20151,6830.0,4730,6820.0,5364,6870.0,6008,6880.0,19597,6890.0,36236,6900.0,13699,6910.0,3077,2025-05-09 17:45:53.509,,2147483647,1193203,False,nan
9479,1520722,1612580694,MERV - XMEV - GGAL - 24hs,6870.0,2025-05-09 17:45:44,2,2025-05-09 17:45:59.263,6860.0,8995,6850.0,9040,6840.0,20151,6830.0,4730,6820.0,5364,6870.0,6008,6880.0,19597,6890.0,28736,6900.0,13699,6910.0,3077,2025-05-09 17:45:59.149,,2147483647,1193203,False,nan
9480,1520944,1612580955,MERV - XMEV - GGAL - 24hs,6870.0,2025-05-09 17:45:44,2,2025-05-09 17:46:00.176,6860.0,8995,6850.0,9040,6840.0,20151,6830.0,4730,6820.0,5364,6870.0,6008,6880.0,19597,6890.0,13736,6900.0,28699,6910.0,3077,2025-05-09 17:46:00.000,,2147483647,1193203,False,nan
9481,1521225,1612581348,MERV - XMEV - GGAL - 24hs,6870.0,2025-05-09 17:45:44,2,2025-05-09 17:46:02.831,6860.0,8995,6850.0,25040,6840.0,4151,6830.0,4730,6820.0,5364,6870.0,6008,6880.0,19597,6890.0,13736,6900.0,28699,6910.0,3077,2025-05-09 17:46:02.752,,2147483647,1193203,False,nan
9482,1521282,1612581426,MERV - XMEV - GGAL - 24hs,6870.0,2025-05-09 17:45:44,2,2025-05-09 17:46:03.819,6860.0,8995,6850.0,9040,6840.0,20151,6830.0,4730,6820.0,5364,6870.0,6008,6880.0,19597,6890.0,13736,6900.0,28699,6910.0,3077,2025-05-09 17:46:03.737,,2147483647,1193203,False,nan
9483,1521551,1612581766,MERV - XMEV - GGAL - 24hs,6870.0,2025-05-09 17:45:44,2,2025-05-09 17:46:05.655,6860.0,9095,6850.0,9040,6840.0,20151,6830.0,4730,6820.0,5364,6870.0,6008,6880.0,12097,6890.0,13736,6900.0,28699,6910.0,3077,2025-05-09 17:46:05.556,,2147483647,1193203,False,nan
9484,1522159,1612582559,MERV - XMEV - GGAL - 24hs,6870.0,2025-05-09 17:45:44,2,2025-05-09 17:46:11.874,6860.0,9095,6850.0,9040,6840.0,20151,6830.0,4730,6820.0,5364,6870.0,6108,6880.0,12097,6890.0,13736,6900.0,28699,6910.0,3077,2025-05-09 17:46:11.792,,2147483647,1193203,False,nan
9485,1522233,1612582657,MERV - XMEV - GGAL - 24hs,6870.0,2025-05-09 17:45:44,2,2025-05-09 17:46:12.564,6860.0,9095,6850.0,9040,6840.0,20151,6830.0,4730,6820.0,5364,6870.0,4441,6880.0,12097,6890.0,13736,6900.0,28699,6910.0,3077,2025-05-09 17:46:12.485,,2147483647,1193203,False,nan
9486,1522383,1612582835,MERV - XMEV - GGAL - 24hs,6870.0,2025-05-09 17:45:44,2,2025-05-09 17:46:13.335,6860.0,9095,6850.0,9140,6840.0,20151,6830.0,4730,6820.0,5364,6870.0,4441,6880.0,12097,6890.0,13736,6900.0,28699,6910.0,3077,2025-05-09 17:46:13.176,,2147483647,1193203,False,nan
9487,1522573,1612583078,MERV - XMEV - GGAL - 24hs,6870.0,2025-05-09 17:46:15,8,2025-05-09 17:46:15.713,6860.0,9095,6850.0,9140,6840.0,20151,6830.0,4730,6820.0,5364,6870.0,4441,6880.0,12097,6890.0,13736,6900.0,28699,6910.0,3077,2025-05-09 17:46:15.633,,2147483647,1193203,True,offer
9488,1522615,1612583131,MERV - XMEV - GGAL - 24hs,6870.0,2025-05-09 17:46:15,63,2025-05-09 17:46:16.213,6860.0,9095,6850.0,9140,6840.0,20151,6830.0,4730,6820.0,5364,6870.0,4441,6880.0,12097,6890.0,13736,6900.0,28699,6910.0,3077,2025-05-09 17:46:16.133,,2147483647,1193203,False,nan
9489,1522673,1612583200,MERV - XMEV - GGAL - 24hs,6870.0,2025-05-09 17:46:15,63,2025-05-09 17:46:17.092,6860.0,9095,6850.0,9140,6840.0,20151,6830.0,4730,6820.0,5364,6870.0,4270,6880.0,12097,6890.0,13736,6900.0,28699,6910.0,3077,2025-05-09 17:46:16.951,,2147483647,1193274,False,nan
9490,1522779,1612583339,MERV - XMEV - GGAL - 24hs,6870.0,2025-05-09 17:46:15,63,2025-05-09 17:46:17.599,6860.0,9095,6850.0,9140,6840.0,20151,6830.0,4730,6820.0,5364,6870.0,4270,6880.0,12097,6890.0,13736,6900.0,28599,6910.0,3077,2025-05-09 17:46:17.520,,2147483647,1193274,False,nan
9491,1523582,1612584335,MERV - XMEV - GGAL - 24hs,6870.0,2025-05-09 17:46:15,63,2025-05-09 17:46:21.744,6860.0,9095,6850.0,25140,6840.0,4251,6830.0,4730,6820.0,5364,6870.0,4270,6880.0,12097,6890.0,11736,6900.0,15599,6910.0,18077,2025-05-09 17:46:21.605,,2147483647,1193274,False,nan
9492,1524014,1612584900,MERV - XMEV - GGAL - 24hs,6870.0,2025-05-09 17:46:24,2,2025-05-09 17:46:25.554,6860.0,9095,6850.0,25140,6840.0,4251,6830.0,4730,6820.0,5364,6870.0,4270,6880.0,12097,6890.0,11736,6900.0,15599,6910.0,18077,2025-05-09 17:46:25.077,,2147483647,1193274,True,offer
9493,1524162,1612585093,MERV - XMEV - GGAL - 24hs,6870.0,2025-05-09 17:46:24,2,2025-05-09 17:46:26.183,6860.0,9095,6850.0,25140,6840.0,4251,6830.0,3342,6820.0,5364,6870.0,4268,6880.0,12097,6890.0,11736,6900.0,15599,6910.0,18077,2025-05-09 17:46:25.182,,2147483647,1193274,False,nan
9494,1524231,1612585175,MERV - XMEV - GGAL - 24hs,6870.0,2025-05-09 17:46:24,2,2025-05-09 17:46:26.436,6860.0,9095,6850.0,25140,6840.0,4251,6830.0,3342,6820.0,5364,6870.0,4268,6880.0,12097,6890.0,11736,6900.0,15599,6910.0,18077,2025-05-09 17:46:25.634,,2147483647,1193276,False,nan
9495,1524491,1612585495,MERV - XMEV - GGAL - 24hs,6870.0,2025-05-09 17:46:24,2,2025-05-09 17:46:27.661,6860.0,9095,6850.0,25140,6840.0,4251,6830.0,3442,6820.0,5364,6870.0,4268,6880.0,12097,6890.0,11736,6900.0,20599,6910.0,13077,2025-05-09 17:46:27.581,,2147483647,1193276,False,nan
9496,1524933,1612586058,MERV - XMEV - GGAL - 24hs,6860.0,2025-05-09 17:46:29,100,2025-05-09 17:46:30.255,6860.0,9095,6850.0,25140,6840.0,4251,6830.0,3442,6820.0,5364,6870.0,4268,6880.0,12097,6890.0,11736,6900.0,20599,6910.0,13077,2025-05-09 17:46:29.725,,2147483647,1193276,True,bid
9497,1524988,1612586124,MERV - XMEV - GGAL - 24hs,6860.0,2025-05-09 17:46:29,100,2025-05-09 17:46:30.459,6860.0,8995,6850.0,25140,6840.0,4251,6830.0,3442,6820.0,5364,6870.0,4268,6880.0,12097,6890.0,11736,6900.0,20599,6910.0,13077,2025-05-09 17:46:30.313,,2147483647,1193276,False,nan
9498,1525010,1612586166,MERV - XMEV - GGAL - 24hs,6860.0,2025-05-09 17:46:29,100,2025-05-09 17:46:30.896,6860.0,8995,6850.0,25140,6840.0,4251,6830.0,3442,6820.0,5364,6870.0,4268,6880.0,12097,6890.0,11736,6900.0,20599,6910.0,13077,2025-05-09 17:46:30.813,,2147483647,1193376,False,nan
9499,1525062,1612586231,MERV - XMEV - GGAL - 24hs,6860.0,2025-05-09 17:46:29,100,2025-05-09 17:46:31.493,6860.0,8995,6850.0,25140,6840.0,4251,6830.0,3439,6820.0,5364,6870.0,4268,6880.0,12097,6890.0,11736,6900.0,20599,6910.0,13077,2025-05-09 17:46:31.412,,2147483647,1193376,False,nan
9500,1525222,1612586449,MERV - XMEV - GGAL - 24hs,6860.0,2025-05-09 17:46:33,2,2025-05-09 17:46:33.318,6860.0,8995,6850.0,25140,6840.0,4251,6830.0,3439,6820.0,5364,6870.0,4268,6880.0,12097,6890.0,11736,6900.0,20599,6910.0,13077,2025-05-09 17:46:33.220,,2147483647,1193376,True,bid
9501,1525268,1612586506,MERV - XMEV - GGAL - 24hs,6860.0,2025-05-09 17:46:33,2,2025-05-09 17:46:33.883,6860.0,8993,6850.0,25140,6840.0,4251,6830.0,3439,6820.0,5364,6870.0,4268,6880.0,12097,6890.0,11736,6900.0,20599,6910.0,13077,2025-05-09 17:46:33.797,,2147483647,1193376,False,nan
9502,1525310,1612586555,MERV - XMEV - GGAL - 24hs,6860.0,2025-05-09 17:46:33,2,2025-05-09 17:46:34.379,6860.0,8993,6850.0,25140,6840.0,4251,6830.0,3439,6820.0,5364,6870.0,4268,6880.0,12097,6890.0,11736,6900.0,20599,6910.0,13077,2025-05-09 17:46:34.297,,2147483647,1193378,False,nan
9503,1525364,1612586634,MERV - XMEV - GGAL - 24hs,6860.0,2025-05-09 17:46:34,17,2025-05-09 17:46:34.880,6860.0,8993,6850.0,25140,6840.0,4251,6830.0,3439,6820.0,5364,6870.0,4268,6880.0,12097,6890.0,11736,6900.0,20599,6910.0,13077,2025-05-09 17:46:34.798,,2147483647,1193378,True,bid
9504,1525415,1612586690,MERV - XMEV - GGAL - 24hs,6860.0,2025-05-09 17:46:34,17,2025-05-09 17:46:35.381,6860.0,8976,6850.0,25140,6840.0,4251,6830.0,3439,6820.0,5364,6870.0,4268,6880.0,12097,6890.0,11736,6900.0,20599,6910.0,13077,2025-05-09 17:46:35.297,,2147483647,1193395,False,nan
9505,1526498,1612588127,MERV - XMEV - GGAL - 24hs,6860.0,2025-05-09 17:46:34,17,2025-05-09 17:46:45.674,6860.0,8976,6850.0,25140,6840.0,4251,6830.0,3439,6820.0,5364,6870.0,4268,6880.0,12097,6890.0,11736,6900.0,30599,6910.0,3077,2025-05-09 17:46:45.591,,2147483647,1193395,False,nan
9506,1526679,1612588340,MERV - XMEV - GGAL - 24hs,6860.0,2025-05-09 17:46:34,17,2025-05-09 17:46:47.392,6860.0,8976,6850.0,24140,6840.0,5251,6830.0,3439,6820.0,5364,6870.0,4268,6880.0,12097,6890.0,11736,6900.0,30599,6910.0,3077,2025-05-09 17:46:47.309,,2147483647,1193395,False,nan
9507,1527089,1612588825,MERV - XMEV - GGAL - 24hs,6860.0,2025-05-09 17:46:34,17,2025-05-09 17:46:50.500,6860.0,8976,6850.0,24140,6840.0,5251,6830.0,3464,6820.0,5364,6870.0,4268,6880.0,12097,6890.0,11736,6900.0,30599,6910.0,3077,2025-05-09 17:46:50.331,,2147483647,1193395,False,nan
9508,1527566,1612589453,MERV - XMEV - GGAL - 24hs,6860.0,2025-05-09 17:46:34,17,2025-05-09 17:46:55.690,6860.0,8976,6850.0,24140,6840.0,5251,6830.0,3462,6820.0,5364,6870.0,4268,6880.0,12097,6890.0,11736,6900.0,30599,6910.0,3077,2025-05-09 17:46:55.611,,2147483647,1193395,False,nan
9509,1527890,1612589867,MERV - XMEV - GGAL - 24hs,6860.0,2025-05-09 17:46:34,17,2025-05-09 17:46:58.638,6860.0,8976,6850.0,9140,6840.0,20251,6830.0,3462,6820.0,5364,6870.0,4268,6880.0,12097,6890.0,11736,6900.0,30599,6910.0,3077,2025-05-09 17:46:58.555,,2147483647,1193395,False,nan
9510,1529689,1612592133,MERV - XMEV - GGAL - 24hs,6860.0,2025-05-09 17:46:34,17,2025-05-09 17:47:13.769,6860.0,8976,6850.0,9140,6840.0,20251,6830.0,3465,6820.0,5364,6870.0,4268,6880.0,12097,6890.0,11736,6900.0,30599,6910.0,3077,2025-05-09 17:47:13.685,,2147483647,1193395,False,nan
9511,1529908,1612592435,MERV - XMEV - GGAL - 24hs,6860.0,2025-05-09 17:46:34,17,2025-05-09 17:47:15.864,6860.0,8977,6850.0,9140,6840.0,20251,6830.0,3465,6820.0,5364,6870.0,4268,6880.0,12097,6890.0,11736,6900.0,30599,6910.0,3077,2025-05-09 17:47:15.784,,2147483647,1193395,False,nan
9512,1529973,1612592523,MERV - XMEV - GGAL - 24hs,6860.0,2025-05-09 17:47:15,3000,2025-05-09 17:47:16.364,6860.0,8977,6850.0,9140,6840.0,20251,6830.0,3465,6820.0,5364,6870.0,4268,6880.0,12097,6890.0,11736,6900.0,30599,6910.0,3077,2025-05-09 17:47:16.284,,2147483647,1193395,True,bid
9513,1530036,1612592606,MERV - XMEV - GGAL - 24hs,6860.0,2025-05-09 17:47:15,3000,2025-05-09 17:47:16.864,6860.0,5977,6850.0,9140,6840.0,20251,6830.0,3465,6820.0,5364,6870.0,4268,6880.0,12097,6890.0,11736,6900.0,30599,6910.0,3077,2025-05-09 17:47:16.784,,2147483647,1196395,False,nan
9514,1531459,1612594484,MERV - XMEV - GGAL - 24hs,6860.0,2025-05-09 17:47:15,3000,2025-05-09 17:47:28.243,6860.0,5977,6850.0,9140,6840.0,20251,6830.0,3462,6820.0,5364,6870.0,4268,6880.0,12097,6890.0,11736,6900.0,30599,6910.0,3077,2025-05-09 17:47:28.121,,2147483647,1196395,False,nan
9515,1531564,1612594628,MERV - XMEV - GGAL - 24hs,6860.0,2025-05-09 17:47:29,12,2025-05-09 17:47:29.551,6860.0,5977,6850.0,9140,6840.0,20251,6830.0,3462,6820.0,5364,6870.0,4268,6880.0,12097,6890.0,11736,6900.0,30599,6910.0,3077,2025-05-09 17:47:29.471,,2147483647,1196395,True,bid
9516,1531681,1612594778,MERV - XMEV - GGAL - 24hs,6860.0,2025-05-09 17:47:29,12,2025-05-09 17:47:30.696,6860.0,5965,6850.0,9140,6840.0,20251,6830.0,3462,6820.0,5364,6870.0,4268,6880.0,12097,6890.0,11736,6900.0,30599,6910.0,3077,2025-05-09 17:47:30.556,,2147483647,1196395,False,nan
9517,1531724,1612594849,MERV - XMEV - GGAL - 24hs,6860.0,2025-05-09 17:47:29,12,2025-05-09 17:47:30.919,6860.0,5965,6850.0,9140,6840.0,20251,6830.0,3462,6820.0,5364,6870.0,4268,6880.0,12097,6890.0,11736,6900.0,30599,6910.0,3077,2025-05-09 17:47:30.660,,2147483647,1196407,False,nan
9518,1531998,1612595210,MERV - XMEV - GGAL - 24hs,6860.0,2025-05-09 17:47:29,12,2025-05-09 17:47:32.854,6860.0,19965,6850.0,9140,6840.0,20251,6830.0,3462,6820.0,5364,6870.0,4268,6880.0,12097,6890.0,11736,6900.0,30599,6910.0,3077,2025-05-09 17:47:32.747,,2147483647,1196407,False,nan
9519,1532199,1612595475,MERV - XMEV - GGAL - 24hs,6860.0,2025-05-09 17:47:29,12,2025-05-09 17:47:34.763,6860.0,19965,6850.0,9140,6840.0,20251,6830.0,3462,6820.0,5364,6870.0,4268,6880.0,12097,6890.0,11736,6900.0,25599,6910.0,8077,2025-05-09 17:47:34.676,,2147483647,1196407,False,nan
9520,1532789,1612596332,MERV - XMEV - GGAL - 24hs,6870.0,2025-05-09 17:47:40,138,2025-05-09 17:47:40.675,6860.0,19965,6850.0,9140,6840.0,20251,6830.0,3462,6820.0,5364,6870.0,4268,6880.0,12097,6890.0,11736,6900.0,25599,6910.0,8077,2025-05-09 17:47:40.595,,2147483647,1196407,True,offer
9521,1532828,1612596380,MERV - XMEV - GGAL - 24hs,6870.0,2025-05-09 17:47:40,138,2025-05-09 17:47:41.176,6860.0,19965,6850.0,9140,6840.0,5251,6830.0,18462,6820.0,5364,6870.0,4130,6880.0,12097,6890.0,11736,6900.0,25599,6910.0,8077,2025-05-09 17:47:41.095,,2147483647,1196407,False,nan
9522,1532855,1612596413,MERV - XMEV - GGAL - 24hs,6870.0,2025-05-09 17:47:40,138,2025-05-09 17:47:41.676,6860.0,19965,6850.0,9140,6840.0,5251,6830.0,18462,6820.0,5364,6870.0,4130,6880.0,12097,6890.0,11736,6900.0,25599,6910.0,8077,2025-05-09 17:47:41.596,,2147483647,1196545,False,nan
9523,1533300,1612597038,MERV - XMEV - GGAL - 24hs,6860.0,2025-05-09 17:47:45,83,2025-05-09 17:47:46.007,6860.0,19965,6850.0,9140,6840.0,5251,6830.0,18462,6820.0,5364,6870.0,4130,6880.0,12097,6890.0,11736,6900.0,25599,6910.0,8077,2025-05-09 17:47:45.925,,2147483647,1196545,True,bid
9524,1533482,1612597256,MERV - XMEV - GGAL - 24hs,6860.0,2025-05-09 17:47:45,83,2025-05-09 17:47:46.976,6860.0,19965,6850.0,9140,6840.0,5251,6830.0,18462,6820.0,5364,6870.0,4130,6880.0,12097,6890.0,11736,6900.0,25599,6910.0,8077,2025-05-09 17:47:46.671,,2147483647,1196628,False,nan
9525,1533600,1612597409,MERV - XMEV - GGAL - 24hs,6860.0,2025-05-09 17:47:45,83,2025-05-09 17:47:47.471,6860.0,19882,6850.0,9140,6840.0,5251,6830.0,18462,6820.0,5364,6870.0,4130,6880.0,12097,6890.0,11736,6900.0,25599,6910.0,8077,2025-05-09 17:47:47.171,,2147483647,1196628,False,nan
9526,1534039,1612597961,MERV - XMEV - GGAL - 24hs,6860.0,2025-05-09 17:47:49,118,2025-05-09 17:47:49.723,6860.0,19882,6850.0,9140,6840.0,5251,6830.0,18462,6820.0,5364,6870.0,4130,6880.0,12097,6890.0,11736,6900.0,25599,6910.0,8077,2025-05-09 17:47:49.641,,2147483647,1196628,True,bid
9527,1534110,1612598041,MERV - XMEV - GGAL - 24hs,6860.0,2025-05-09 17:47:49,118,2025-05-09 17:47:50.531,6860.0,19764,6850.0,9140,6840.0,5251,6830.0,18459,6820.0,5364,6870.0,4130,6880.0,12097,6890.0,11736,6900.0,15599,6910.0,18077,2025-05-09 17:47:50.323,,2147483647,1196628,False,nan
9528,1534134,1612598071,MERV - XMEV - GGAL - 24hs,6860.0,2025-05-09 17:47:49,118,2025-05-09 17:47:50.722,6860.0,19764,6850.0,9140,6840.0,5251,6830.0,18459,6820.0,5364,6870.0,4130,6880.0,12097,6890.0,11736,6900.0,15599,6910.0,18077,2025-05-09 17:47:50.641,,2147483647,1196746,False,nan
9529,1534187,1612598139,MERV - XMEV - GGAL - 24hs,6870.0,2025-05-09 17:47:51,10,2025-05-09 17:47:51.224,6860.0,19764,6850.0,9140,6840.0,5251,6830.0,18459,6820.0,5364,6870.0,4130,6880.0,12097,6890.0,11736,6900.0,15599,6910.0,18077,2025-05-09 17:47:51.141,,2147483647,1196746,True,offer
9530,1534265,1612598240,MERV - XMEV - GGAL - 24hs,6870.0,2025-05-09 17:47:51,10,2025-05-09 17:47:51.923,6860.0,19764,6850.0,9140,6840.0,5251,6830.0,18459,6820.0,5364,6870.0,4120,6880.0,12097,6890.0,11736,6900.0,15599,6910.0,18077,2025-05-09 17:47:51.804,,2147483647,1196746,False,nan
9531,1534319,1612598311,MERV - XMEV - GGAL - 24hs,6870.0,2025-05-09 17:47:51,10,2025-05-09 17:47:52.384,6860.0,19764,6850.0,9140,6840.0,5251,6830.0,18459,6820.0,5364,6870.0,4120,6880.0,12097,6890.0,11736,6900.0,15599,6910.0,18077,2025-05-09 17:47:52.304,,2147483647,1196756,False,nan
9532,1534625,1612598656,MERV - XMEV - GGAL - 24hs,6870.0,2025-05-09 17:47:51,10,2025-05-09 17:47:54.923,6860.0,19764,6850.0,9140,6840.0,5251,6830.0,18459,6820.0,5364,6870.0,4120,6880.0,12097,6890.0,11736,6900.0,25599,6910.0,8077,2025-05-09 17:47:54.843,,2147483647,1196756,False,nan
9533,1534782,1612598857,MERV - XMEV - GGAL - 24hs,6870.0,2025-05-09 17:47:51,10,2025-05-09 17:47:56.202,6860.0,19764,6850.0,9140,6840.0,8251,6830.0,18459,6820.0,5364,6870.0,4120,6880.0,12097,6890.0,11736,6900.0,25599,6910.0,8077,2025-05-09 17:47:56.123,,2147483647,1196756,False,nan
9534,1534816,1612598902,MERV - XMEV - GGAL - 24hs,6860.0,2025-05-09 17:47:56,45,2025-05-09 17:47:56.706,6860.0,19764,6850.0,9140,6840.0,8251,6830.0,18459,6820.0,5364,6870.0,4120,6880.0,12097,6890.0,11736,6900.0,25599,6910.0,8077,2025-05-09 17:47:56.623,,2147483647,1196756,True,bid
9535,1534890,1612599000,MERV - XMEV - GGAL - 24hs,6860.0,2025-05-09 17:47:56,45,2025-05-09 17:47:57.212,6860.0,19719,6850.0,9140,6840.0,8251,6830.0,18462,6820.0,5364,6870.0,4120,6880.0,12097,6890.0,11736,6900.0,25599,6910.0,8077,2025-05-09 17:47:57.123,,2147483647,1196756,False,nan
9536,1534955,1612599077,MERV - XMEV - GGAL - 24hs,6860.0,2025-05-09 17:47:56,45,2025-05-09 17:47:57.712,6860.0,19719,6850.0,9140,6840.0,8251,6830.0,18462,6820.0,5364,6870.0,4120,6880.0,12097,6890.0,11736,6900.0,25599,6910.0,8077,2025-05-09 17:47:57.624,,2147483647,1196801,False,nan
9537,1535074,1612599218,MERV - XMEV - GGAL - 24hs,6860.0,2025-05-09 17:47:58,5000,2025-05-09 17:47:58.442,6860.0,19719,6850.0,9140,6840.0,8251,6830.0,18462,6820.0,5364,6870.0,4120,6880.0,12097,6890.0,11736,6900.0,25599,6910.0,8077,2025-05-09 17:47:58.362,,2147483647,1196801,True,bid
9538,1535185,1612599361,MERV - XMEV - GGAL - 24hs,6860.0,2025-05-09 17:47:58,5000,2025-05-09 17:47:59.111,6860.0,14719,6850.0,9140,6840.0,8251,6830.0,18462,6820.0,5364,6870.0,4120,6880.0,12097,6890.0,11736,6900.0,25599,6910.0,8077,2025-05-09 17:47:59.030,,2147483647,1196801,False,nan
9539,1535259,1612599449,MERV - XMEV - GGAL - 24hs,6860.0,2025-05-09 17:47:58,5000,2025-05-09 17:47:59.609,6860.0,14719,6850.0,9140,6840.0,8251,6830.0,18462,6820.0,5364,6870.0,4120,6880.0,12097,6890.0,11736,6900.0,25599,6910.0,8077,2025-05-09 17:47:59.530,,2147483647,1201801,False,nan
9540,1535484,1612599717,MERV - XMEV - GGAL - 24hs,6870.0,2025-05-09 17:48:00,718,2025-05-09 17:48:01.085,6860.0,14719,6850.0,9140,6840.0,8251,6830.0,18462,6820.0,5364,6870.0,4120,6880.0,12097,6890.0,11736,6900.0,25599,6910.0,8077,2025-05-09 17:48:01.004,,2147483647,1201801,True,offer
9541,1535576,1612599822,MERV - XMEV - GGAL - 24hs,6870.0,2025-05-09 17:48:00,718,2025-05-09 17:48:01.747,6860.0,14719,6850.0,9140,6840.0,8251,6830.0,18462,6820.0,5364,6870.0,3402,6880.0,12097,6890.0,11736,6900.0,25599,6910.0,8077,2025-05-09 17:48:01.667,,2147483647,1201801,False,nan
9542,1535612,1612599870,MERV - XMEV - GGAL - 24hs,6870.0,2025-05-09 17:48:00,718,2025-05-09 17:48:02.255,6860.0,14719,6850.0,9140,6840.0,8251,6830.0,18462,6820.0,5364,6870.0,3402,6880.0,12097,6890.0,11736,6900.0,25599,6910.0,8077,2025-05-09 17:48:02.174,,2147483647,1202519,False,nan
9543,1535758,1612600045,MERV - XMEV - GGAL - 24hs,6870.0,2025-05-09 17:48:03,6,2025-05-09 17:48:03.831,6860.0,14719,6850.0,9140,6840.0,8251,6830.0,18462,6820.0,5364,6870.0,3402,6880.0,12097,6890.0,11736,6900.0,25599,6910.0,8077,2025-05-09 17:48:03.749,,2147483647,1202519,True,offer
9544,1535842,1612600147,MERV - XMEV - GGAL - 24hs,6870.0,2025-05-09 17:48:03,6,2025-05-09 17:48:04.509,6860.0,14719,6850.0,9140,6840.0,8251,6830.0,18462,6820.0,5364,6870.0,3396,6880.0,12097,6890.0,11736,6900.0,25599,6910.0,8077,2025-05-09 17:48:04.424,,2147483647,1202519,False,nan
9545,1535897,1612600223,MERV - XMEV - GGAL - 24hs,6870.0,2025-05-09 17:48:03,6,2025-05-09 17:48:04.999,6860.0,14719,6850.0,9140,6840.0,8251,6830.0,18462,6820.0,5364,6870.0,3396,6880.0,12097,6890.0,11736,6900.0,25599,6910.0,8077,2025-05-09 17:48:04.920,,2147483647,1202525,False,nan
9546,1536293,1612600718,MERV - XMEV - GGAL - 24hs,6870.0,2025-05-09 17:48:03,6,2025-05-09 17:48:07.123,6860.0,14744,6850.0,8522,6840.0,8251,6830.0,18462,6820.0,5364,6870.0,3396,6880.0,12097,6890.0,11736,6900.0,25599,6910.0,8077,2025-05-09 17:48:07.015,,2147483647,1202525,False,nan
9547,1536778,1612601322,MERV - XMEV - GGAL - 24hs,6870.0,2025-05-09 17:48:03,6,2025-05-09 17:48:11.785,6860.0,14744,6850.0,8522,6840.0,8251,6830.0,18462,6820.0,5364,6870.0,3397,6880.0,12097,6890.0,11736,6900.0,25599,6910.0,8077,2025-05-09 17:48:11.701,,2147483647,1202525,False,nan
9548,1537112,1612601741,MERV - XMEV - GGAL - 24hs,6870.0,2025-05-09 17:48:03,6,2025-05-09 17:48:15.233,6860.0,14131,6850.0,8522,6840.0,8251,6830.0,18462,6820.0,5364,6870.0,3397,6880.0,12097,6890.0,11736,6900.0,25599,6910.0,8077,2025-05-09 17:48:15.153,,2147483647,1202525,False,nan
9549,1537831,1612602691,MERV - XMEV - GGAL - 24hs,6870.0,2025-05-09 17:48:23,13,2025-05-09 17:48:23.493,6860.0,14131,6850.0,8522,6840.0,8251,6830.0,18462,6820.0,5364,6870.0,3397,6880.0,12097,6890.0,11736,6900.0,25599,6910.0,8077,2025-05-09 17:48:23.413,,2147483647,1202525,True,offer
9550,1537875,1612602746,MERV - XMEV - GGAL - 24hs,6870.0,2025-05-09 17:48:23,13,2025-05-09 17:48:23.993,6860.0,14131,6850.0,8522,6840.0,8251,6830.0,18462,6820.0,5364,6870.0,3384,6880.0,12097,6890.0,11736,6900.0,25599,6910.0,8077,2025-05-09 17:48:23.914,,2147483647,1202525,False,nan
9551,1537913,1612602794,MERV - XMEV - GGAL - 24hs,6870.0,2025-05-09 17:48:23,13,2025-05-09 17:48:24.492,6860.0,14131,6850.0,8522,6840.0,8251,6830.0,18462,6820.0,5364,6870.0,3384,6880.0,12097,6890.0,11736,6900.0,25599,6910.0,8077,2025-05-09 17:48:24.413,,2147483647,1202538,False,nan
9552,1537948,1612602836,MERV - XMEV - GGAL - 24hs,6870.0,2025-05-09 17:48:23,13,2025-05-09 17:48:24.992,6860.0,14131,6850.0,8522,6840.0,8251,6830.0,18462,6820.0,5364,6870.0,8384,6880.0,12097,6890.0,11736,6900.0,25599,6910.0,8077,2025-05-09 17:48:24.912,,2147483647,1202538,False,nan
9553,1538379,1612603382,MERV - XMEV - GGAL - 24hs,6870.0,2025-05-09 17:48:23,13,2025-05-09 17:48:30.140,6860.0,14131,6850.0,8522,6840.0,8251,6830.0,18462,6820.0,5364,6870.0,8384,6880.0,12097,6890.0,11736,6900.0,25624,6910.0,8077,2025-05-09 17:48:30.055,,2147483647,1202538,False,nan
9554,1538439,1612603455,MERV - XMEV - GGAL - 24hs,6870.0,2025-05-09 17:48:30,1448,2025-05-09 17:48:30.640,6860.0,14131,6850.0,8522,6840.0,8251,6830.0,18462,6820.0,5364,6870.0,8384,6880.0,12097,6890.0,11736,6900.0,25624,6910.0,8077,2025-05-09 17:48:30.555,,2147483647,1202538,True,offer
9555,1538484,1612603510,MERV - XMEV - GGAL - 24hs,6870.0,2025-05-09 17:48:30,1448,2025-05-09 17:48:31.140,6860.0,14131,6850.0,8522,6840.0,8251,6830.0,18462,6820.0,5364,6870.0,6936,6880.0,12097,6890.0,11736,6900.0,25624,6910.0,8077,2025-05-09 17:48:31.055,,2147483647,1203986,False,nan
9556,1538771,1612603872,MERV - XMEV - GGAL - 24hs,6870.0,2025-05-09 17:48:30,1448,2025-05-09 17:48:33.794,6860.0,14131,6850.0,9522,6840.0,22251,6830.0,3462,6820.0,5364,6870.0,6936,6880.0,12097,6890.0,11736,6900.0,25624,6910.0,8077,2025-05-09 17:48:33.710,,2147483647,1203986,False,nan
9557,1539810,1612605152,MERV - XMEV - GGAL - 24hs,6870.0,2025-05-09 17:48:30,1448,2025-05-09 17:48:43.879,6860.0,14131,6850.0,9522,6840.0,22251,6830.0,5544,6820.0,5364,6870.0,6936,6880.0,12097,6890.0,11736,6900.0,25624,6910.0,8077,2025-05-09 17:48:43.716,,2147483647,1203986,False,nan
9558,1539981,1612605387,MERV - XMEV - GGAL - 24hs,6870.0,2025-05-09 17:48:30,1448,2025-05-09 17:48:44.624,6860.0,14131,6850.0,9522,6840.0,22251,6830.0,5891,6820.0,5364,6870.0,6936,6880.0,12097,6890.0,11736,6900.0,25624,6910.0,8077,2025-05-09 17:48:44.541,,2147483647,1203986,False,nan
9559,1540369,1612605906,MERV - XMEV - GGAL - 24hs,6870.0,2025-05-09 17:48:30,1448,2025-05-09 17:48:48.401,6860.0,14131,6850.0,8522,6840.0,23251,6830.0,5491,6820.0,5364,6870.0,6936,6880.0,12097,6890.0,11736,6900.0,30624,6910.0,3077,2025-05-09 17:48:48.317,,2147483647,1203986,False,nan
9560,1540428,1612605975,MERV - XMEV - GGAL - 24hs,6870.0,2025-05-09 17:48:48,6,2025-05-09 17:48:48.899,6860.0,14131,6850.0,8522,6840.0,23251,6830.0,5491,6820.0,5364,6870.0,6936,6880.0,12097,6890.0,11736,6900.0,30624,6910.0,3077,2025-05-09 17:48:48.817,,2147483647,1203986,True,offer
9561,1540495,1612606051,MERV - XMEV - GGAL - 24hs,6870.0,2025-05-09 17:48:48,6,2025-05-09 17:48:49.419,6860.0,14131,6850.0,8522,6840.0,23251,6830.0,5491,6820.0,5364,6870.0,6930,6880.0,12097,6890.0,11736,6900.0,30624,6910.0,3077,2025-05-09 17:48:49.328,,2147483647,1203986,False,nan
9562,1540555,1612606124,MERV - XMEV - GGAL - 24hs,6870.0,2025-05-09 17:48:48,6,2025-05-09 17:48:49.915,6860.0,14131,6850.0,8522,6840.0,23251,6830.0,5491,6820.0,5364,6870.0,6930,6880.0,12097,6890.0,11736,6900.0,30624,6910.0,3077,2025-05-09 17:48:49.828,,2147483647,1203992,False,nan
9563,1540648,1612606244,MERV - XMEV - GGAL - 24hs,6870.0,2025-05-09 17:48:48,6,2025-05-09 17:48:50.515,6860.0,14131,6850.0,8522,6840.0,24663,6830.0,2927,6820.0,5364,6870.0,6930,6880.0,12097,6890.0,11736,6900.0,25624,6910.0,8077,2025-05-09 17:48:50.328,,2147483647,1203992,False,nan
9564,1540895,1612606551,MERV - XMEV - GGAL - 24hs,6860.0,2025-05-09 17:48:50,894,2025-05-09 17:48:51.458,6860.0,14131,6850.0,8522,6840.0,24663,6830.0,2927,6820.0,5364,6870.0,6930,6880.0,12097,6890.0,11736,6900.0,25624,6910.0,8077,2025-05-09 17:48:50.855,,2147483647,1203992,True,bid
9565,1540934,1612606595,MERV - XMEV - GGAL - 24hs,6870.0,2025-05-09 17:48:50,66,2025-05-09 17:48:51.595,6860.0,13131,6850.0,8522,6840.0,24663,6830.0,2927,6820.0,5364,6870.0,5864,6880.0,12097,6890.0,11736,6900.0,25624,6910.0,8077,2025-05-09 17:48:51.335,,2147483647,1205058,False,nan
9566,1541165,1612606920,MERV - XMEV - GGAL - 24hs,6870.0,2025-05-09 17:48:50,66,2025-05-09 17:48:53.772,6860.0,13131,6850.0,24522,6840.0,8663,6830.0,2927,6820.0,5364,6870.0,5864,6880.0,12097,6890.0,11736,6900.0,25624,6910.0,8077,2025-05-09 17:48:53.691,,2147483647,1205058,False,nan
9567,1541207,1612606971,MERV - XMEV - GGAL - 24hs,6860.0,2025-05-09 17:48:53,116,2025-05-09 17:48:54.271,6860.0,13131,6850.0,24522,6840.0,8663,6830.0,2927,6820.0,5364,6870.0,5864,6880.0,12097,6890.0,11736,6900.0,25624,6910.0,8077,2025-05-09 17:48:54.192,,2147483647,1205058,True,bid
9568,1541250,1612607020,MERV - XMEV - GGAL - 24hs,6860.0,2025-05-09 17:48:54,44,2025-05-09 17:48:54.774,6860.0,12971,6850.0,24522,6840.0,9010,6830.0,2927,6820.0,5364,6870.0,5864,6880.0,12097,6890.0,11736,6900.0,25624,6910.0,8077,2025-05-09 17:48:54.692,,2147483647,1205218,True,bid
9569,1541833,1612607821,MERV - XMEV - GGAL - 24hs,6870.0,2025-05-09 17:49:01,863,2025-05-09 17:49:01.957,6860.0,12971,6850.0,24522,6840.0,9010,6830.0,2927,6820.0,5364,6870.0,5864,6880.0,12097,6890.0,11736,6900.0,25624,6910.0,8077,2025-05-09 17:49:01.877,,2147483647,1205218,True,offer
9570,1541881,1612607882,MERV - XMEV - GGAL - 24hs,6860.0,2025-05-09 17:49:01,400,2025-05-09 17:49:02.453,6860.0,12971,6850.0,24522,6840.0,9010,6830.0,2927,6820.0,5364,6870.0,5864,6880.0,12097,6890.0,11736,6900.0,25624,6910.0,8077,2025-05-09 17:49:02.372,,2147483647,1211082,False,nan
9571,1541926,1612607937,MERV - XMEV - GGAL - 24hs,6860.0,2025-05-09 17:49:01,400,2025-05-09 17:49:02.956,6860.0,12571,6850.0,24522,6840.0,9010,6830.0,2927,6820.0,5364,6870.0,3333,6880.0,12097,6890.0,11736,6900.0,25624,6910.0,8077,2025-05-09 17:49:02.872,,2147483647,1211482,False,nan
9572,1542112,1612608194,MERV - XMEV - GGAL - 24hs,6860.0,2025-05-09 17:49:01,400,2025-05-09 17:49:05.103,6860.0,12571,6850.0,24522,6840.0,8316,6830.0,2927,6820.0,5364,6870.0,3333,6880.0,12097,6890.0,11736,6900.0,25624,6910.0,8077,2025-05-09 17:49:05.023,,2147483647,1211482,False,nan
9573,1542178,1612608308,MERV - XMEV - GGAL - 24hs,6860.0,2025-05-09 17:49:01,400,2025-05-09 17:49:06.580,6860.0,12571,6850.0,24522,6840.0,9010,6830.0,2927,6820.0,5364,6870.0,3333,6880.0,12097,6890.0,11736,6900.0,25624,6910.0,8077,2025-05-09 17:49:06.495,,2147483647,1211482,False,nan
9574,1542436,1612608657,MERV - XMEV - GGAL - 24hs,6860.0,2025-05-09 17:49:01,400,2025-05-09 17:49:08.970,6860.0,13957,6850.0,24522,6840.0,7251,6830.0,2927,6820.0,5364,6870.0,3333,6880.0,12097,6890.0,11736,6900.0,25624,6910.0,8077,2025-05-09 17:49:08.887,,2147483647,1211482,False,nan
9575,1542505,1612608746,MERV - XMEV - GGAL - 24hs,6870.0,2025-05-09 17:49:09,86,2025-05-09 17:49:09.722,6860.0,13957,6850.0,24522,6840.0,7251,6830.0,2927,6820.0,5364,6870.0,3333,6880.0,12097,6890.0,11736,6900.0,25624,6910.0,8077,2025-05-09 17:49:09.639,,2147483647,1211482,True,offer
9576,1542552,1612608818,MERV - XMEV - GGAL - 24hs,6870.0,2025-05-09 17:49:09,86,2025-05-09 17:49:10.395,6860.0,13957,6850.0,24522,6840.0,7251,6830.0,2927,6820.0,5364,6870.0,3247,6880.0,12097,6890.0,11736,6900.0,25624,6910.0,8077,2025-05-09 17:49:10.306,,2147483647,1211482,False,nan
9577,1542604,1612608882,MERV - XMEV - GGAL - 24hs,6870.0,2025-05-09 17:49:09,86,2025-05-09 17:49:10.887,6860.0,13957,6850.0,24522,6840.0,7251,6830.0,2927,6820.0,5364,6870.0,3247,6880.0,12097,6890.0,11736,6900.0,25624,6910.0,8077,2025-05-09 17:49:10.807,,2147483647,1211568,False,nan
9578,1542729,1612609040,MERV - XMEV - GGAL - 24hs,6870.0,2025-05-09 17:49:09,86,2025-05-09 17:49:12.039,6860.0,13957,6850.0,24522,6840.0,7251,6830.0,2927,6820.0,5364,6870.0,3247,6880.0,12097,6890.0,11736,6900.0,15624,6910.0,18077,2025-05-09 17:49:11.833,,2147483647,1211568,False,nan
9579,1542912,1612609259,MERV - XMEV - GGAL - 24hs,6870.0,2025-05-09 17:49:09,86,2025-05-09 17:49:13.499,6860.0,14997,6850.0,24522,6840.0,7251,6830.0,2927,6820.0,5364,6870.0,3247,6880.0,12097,6890.0,11736,6900.0,15624,6910.0,18077,2025-05-09 17:49:13.405,,2147483647,1211568,False,nan
9580,1542983,1612609344,MERV - XMEV - GGAL - 24hs,6870.0,2025-05-09 17:49:09,86,2025-05-09 17:49:14.276,6860.0,15344,6850.0,24522,6840.0,7251,6830.0,2927,6820.0,5364,6870.0,3247,6880.0,12097,6890.0,11736,6900.0,15624,6910.0,18077,2025-05-09 17:49:14.191,,2147483647,1211568,False,nan
9581,1543166,1612609553,MERV - XMEV - GGAL - 24hs,6870.0,2025-05-09 17:49:09,86,2025-05-09 17:49:15.626,6860.0,13957,6850.0,24522,6840.0,7251,6830.0,2927,6820.0,5364,6870.0,3247,6880.0,12097,6890.0,11736,6900.0,15624,6910.0,13077,2025-05-09 17:49:15.544,,2147483647,1211568,False,nan
9582,1543222,1612609623,MERV - XMEV - GGAL - 24hs,6870.0,2025-05-09 17:49:09,86,2025-05-09 17:49:16.290,6860.0,14957,6850.0,23522,6840.0,7251,6830.0,2927,6820.0,5364,6870.0,3247,6880.0,12097,6890.0,11736,6900.0,13624,6910.0,15077,2025-05-09 17:49:16.210,,2147483647,1211568,False,nan
9583,1543277,1612609692,MERV - XMEV - GGAL - 24hs,6870.0,2025-05-09 17:49:15,320,2025-05-09 17:49:16.793,6860.0,28571,6850.0,8522,6840.0,7251,6830.0,2927,6820.0,5364,6870.0,2927,6880.0,12097,6890.0,11736,6900.0,13624,6910.0,20077,2025-05-09 17:49:16.710,,2147483647,1211888,True,offer
9584,1543328,1612609764,MERV - XMEV - GGAL - 24hs,6870.0,2025-05-09 17:49:16,1348,2025-05-09 17:49:17.292,6860.0,28571,6850.0,8522,6840.0,7251,6830.0,2927,6820.0,5364,6870.0,2927,6880.0,12097,6890.0,11736,6900.0,13624,6910.0,20077,2025-05-09 17:49:17.211,,2147483647,1213234,True,offer
9585,1543389,1612609852,MERV - XMEV - GGAL - 24hs,6870.0,2025-05-09 17:49:17,387,2025-05-09 17:49:17.828,6860.0,13571,6850.0,9022,6840.0,7251,6830.0,2827,6820.0,5364,6870.0,233,6880.0,12097,6890.0,11736,6900.0,13624,6910.0,15077,2025-05-09 17:49:17.729,,2147483647,1214968,True,offer
9586,1543442,1612609923,MERV - XMEV - GGAL - 24hs,6870.0,2025-05-09 17:49:17,387,2025-05-09 17:49:18.312,6860.0,13571,6850.0,24022,6840.0,7251,6830.0,2827,6820.0,5364,6870.0,2794,6880.0,12097,6890.0,11736,6900.0,13624,6910.0,15077,2025-05-09 17:49:18.229,,2147483647,1214968,False,nan
9587,1543496,1612609997,MERV - XMEV - GGAL - 24hs,6870.0,2025-05-09 17:49:18,3,2025-05-09 17:49:18.812,6860.0,13571,6850.0,24022,6840.0,7251,6830.0,2827,6820.0,5364,6870.0,2794,6880.0,12097,6890.0,11736,6900.0,13624,6910.0,15077,2025-05-09 17:49:18.729,,2147483647,1215375,True,offer
9588,1543545,1612610061,MERV - XMEV - GGAL - 24hs,6870.0,2025-05-09 17:49:18,3,2025-05-09 17:49:19.309,6860.0,13571,6850.0,24022,6840.0,7251,6830.0,2827,6820.0,5364,6870.0,2771,6880.0,12097,6890.0,11736,6900.0,13624,6910.0,15077,2025-05-09 17:49:19.229,,2147483647,1215378,False,nan
9589,1543701,1612610290,MERV - XMEV - GGAL - 24hs,6870.0,2025-05-09 17:49:18,3,2025-05-09 17:49:20.858,6860.0,13571,6850.0,24022,6840.0,7251,6830.0,2827,6820.0,5364,6870.0,2771,6880.0,12097,6890.0,11736,6900.0,13624,6910.0,20077,2025-05-09 17:49:20.769,,2147483647,1215378,False,nan
9590,1544366,1612611167,MERV - XMEV - GGAL - 24hs,6870.0,2025-05-09 17:49:24,13,2025-05-09 17:49:24.737,6860.0,13571,6850.0,24022,6840.0,7251,6830.0,2827,6820.0,5364,6870.0,2771,6880.0,12097,6890.0,11736,6900.0,13624,6910.0,20077,2025-05-09 17:49:24.657,,2147483647,1215378,True,offer
9591,1544442,1612611270,MERV - XMEV - GGAL - 24hs,6870.0,2025-05-09 17:49:24,13,2025-05-09 17:49:25.240,6860.0,13571,6850.0,24122,6840.0,7251,6830.0,2827,6820.0,5364,6870.0,2758,6880.0,12097,6890.0,11736,6900.0,13624,6910.0,20077,2025-05-09 17:49:25.156,,2147483647,1215378,False,nan
9592,1544510,1612611365,MERV - XMEV - GGAL - 24hs,6870.0,2025-05-09 17:49:24,13,2025-05-09 17:49:25.737,6860.0,13571,6850.0,24122,6840.0,7251,6830.0,2827,6820.0,5364,6870.0,2758,6880.0,12097,6890.0,11736,6900.0,13624,6910.0,20077,2025-05-09 17:49:25.656,,2147483647,1215391,False,nan
9593,1544602,1612611473,MERV - XMEV - GGAL - 24hs,6870.0,2025-05-09 17:49:25,230,2025-05-09 17:49:26.805,6860.0,13571,6850.0,24122,6840.0,7251,6830.0,2827,6820.0,5364,6870.0,2758,6880.0,12097,6890.0,11736,6900.0,13624,6910.0,20077,2025-05-09 17:49:26.718,,2147483647,1215391,True,offer
9594,1544675,1612611586,MERV - XMEV - GGAL - 24hs,6870.0,2025-05-09 17:49:25,230,2025-05-09 17:49:27.171,6860.0,13571,6850.0,24122,6840.0,7251,6830.0,2827,6820.0,5364,6870.0,2528,6880.0,12097,6890.0,11736,6900.0,13624,6910.0,20077,2025-05-09 17:49:26.821,,2147483647,1215621,False,nan
9595,1544789,1612611743,MERV - XMEV - GGAL - 24hs,6870.0,2025-05-09 17:49:25,230,2025-05-09 17:49:28.015,6860.0,13571,6850.0,24122,6840.0,7323,6830.0,2802,6820.0,5364,6870.0,2528,6880.0,12097,6890.0,11736,6900.0,13624,6910.0,20077,2025-05-09 17:49:27.935,,2147483647,1215621,False,nan
9596,1545627,1612612831,MERV - XMEV - GGAL - 24hs,6870.0,2025-05-09 17:49:25,230,2025-05-09 17:49:35.606,6860.0,13571,6850.0,24122,6840.0,7323,6830.0,2802,6820.0,5364,6870.0,2528,6880.0,11997,6890.0,11736,6900.0,13624,6910.0,20077,2025-05-09 17:49:35.522,,2147483647,1215621,False,nan
9597,1545884,1612613136,MERV - XMEV - GGAL - 24hs,6870.0,2025-05-09 17:49:25,230,2025-05-09 17:49:37.167,6860.0,13571,6850.0,24522,6840.0,7323,6830.0,2802,6820.0,5364,6870.0,2528,6880.0,11997,6890.0,11736,6900.0,13624,6910.0,20077,2025-05-09 17:49:37.033,,2147483647,1215621,False,nan
9598,1546277,1612613641,MERV - XMEV - GGAL - 24hs,6870.0,2025-05-09 17:49:25,230,2025-05-09 17:49:38.755,6860.0,13571,6850.0,25561,6840.0,7323,6830.0,2802,6820.0,5364,6870.0,2528,6880.0,11997,6890.0,11736,6900.0,13624,6910.0,20077,2025-05-09 17:49:38.040,,2147483647,1215621,False,nan
9599,1546501,1612613900,MERV - XMEV - GGAL - 24hs,6870.0,2025-05-09 17:49:25,230,2025-05-09 17:49:39.570,6860.0,13571,6850.0,10598,6840.0,22323,6830.0,2802,6820.0,5364,6870.0,2528,6880.0,11997,6890.0,11736,6900.0,13624,6910.0,20077,2025-05-09 17:49:39.139,,2147483647,1215621,False,nan
9600,1546982,1612614512,MERV - XMEV - GGAL - 24hs,6870.0,2025-05-09 17:49:25,230,2025-05-09 17:49:42.985,6860.0,13571,6850.0,25598,6840.0,7323,6830.0,2802,6820.0,5364,6870.0,2528,6880.0,11997,6890.0,11736,6900.0,13624,6910.0,3077,2025-05-09 17:49:42.893,,2147483647,1215621,False,nan
9601,1547037,1612614601,MERV - XMEV - GGAL - 24hs,6870.0,2025-05-09 17:49:42,14,2025-05-09 17:49:43.475,6860.0,13571,6850.0,25598,6840.0,7323,6830.0,2802,6820.0,5364,6870.0,2528,6880.0,11997,6890.0,11736,6900.0,13624,6910.0,3077,2025-05-09 17:49:43.394,,2147483647,1215621,True,offer
9602,1547078,1612614666,MERV - XMEV - GGAL - 24hs,6870.0,2025-05-09 17:49:42,14,2025-05-09 17:49:43.974,6860.0,13571,6850.0,25251,6840.0,7323,6830.0,2802,6820.0,5364,6870.0,2514,6880.0,11997,6890.0,11736,6900.0,13624,6910.0,3077,2025-05-09 17:49:43.894,,2147483647,1215635,False,nan
9603,1547457,1612615115,MERV - XMEV - GGAL - 24hs,6870.0,2025-05-09 17:49:45,1000,2025-05-09 17:49:46.044,6860.0,13571,6850.0,25251,6840.0,7323,6830.0,2802,6820.0,5364,6870.0,2514,6880.0,11997,6890.0,11736,6900.0,13624,6910.0,3077,2025-05-09 17:49:45.621,,2147483647,1215635,True,offer
9604,1547500,1612615162,MERV - XMEV - GGAL - 24hs,6870.0,2025-05-09 17:49:45,1000,2025-05-09 17:49:46.194,6860.0,12571,6850.0,25598,6840.0,7323,6830.0,2802,6820.0,5364,6870.0,1514,6880.0,11897,6890.0,11736,6900.0,13624,6910.0,3077,2025-05-09 17:49:45.976,,2147483647,1215635,False,nan
9605,1547713,1612615417,MERV - XMEV - GGAL - 24hs,6870.0,2025-05-09 17:49:45,1000,2025-05-09 17:49:46.988,6860.0,12571,6850.0,25598,6840.0,7323,6830.0,2802,6820.0,5364,6870.0,1514,6880.0,11897,6890.0,11736,6900.0,13624,6910.0,3077,2025-05-09 17:49:46.479,,2147483647,1216635,False,nan
9606,1547925,1612615709,MERV - XMEV - GGAL - 24hs,6870.0,2025-05-09 17:49:45,1000,2025-05-09 17:49:47.915,6860.0,12571,6850.0,24522,6840.0,13836,6830.0,2802,6820.0,5364,6870.0,1514,6880.0,11897,6890.0,11736,6900.0,13624,6910.0,3077,2025-05-09 17:49:47.089,,2147483647,1216635,False,nan
9607,1548047,1612615867,MERV - XMEV - GGAL - 24hs,6870.0,2025-05-09 17:49:45,1000,2025-05-09 17:49:48.399,6860.0,12571,6850.0,24522,6840.0,14530,6830.0,2802,6820.0,5364,6870.0,1514,6880.0,11897,6890.0,11736,6900.0,13624,6910.0,3077,2025-05-09 17:49:48.017,,2147483647,1216635,False,nan
9608,1548171,1612616055,MERV - XMEV - GGAL - 24hs,6870.0,2025-05-09 17:49:45,1000,2025-05-09 17:49:49.164,6860.0,17078,6850.0,24522,6840.0,7323,6830.0,2802,6820.0,5364,6870.0,1514,6880.0,11897,6890.0,11736,6900.0,13824,6910.0,3077,2025-05-09 17:49:49.084,,2147483647,1216635,False,nan
9609,1548576,1612616557,MERV - XMEV - GGAL - 24hs,6870.0,2025-05-09 17:49:45,1000,2025-05-09 17:49:50.979,6860.0,14920,6850.0,24522,6840.0,7323,6830.0,2802,6820.0,5364,6870.0,1514,6880.0,11897,6890.0,11736,6900.0,13824,6910.0,3077,2025-05-09 17:49:50.492,,2147483647,1216635,False,nan
9610,1548756,1612616786,MERV - XMEV - GGAL - 24hs,6870.0,2025-05-09 17:49:45,1000,2025-05-09 17:49:51.775,6860.0,14920,6850.0,24522,6840.0,7323,6830.0,2802,6820.0,5364,6870.0,1514,6880.0,11897,6890.0,11636,6900.0,13824,6910.0,3077,2025-05-09 17:49:51.687,,2147483647,1216635,False,nan
9611,1549193,1612617351,MERV - XMEV - GGAL - 24hs,6870.0,2025-05-09 17:49:45,1000,2025-05-09 17:49:55.315,6860.0,14920,6850.0,24522,6840.0,7323,6830.0,2802,6820.0,5364,6870.0,1514,6880.0,9397,6890.0,11636,6900.0,13824,6910.0,3077,2025-05-09 17:49:55.166,,2147483647,1216635,False,nan
9612,1549372,1612617573,MERV - XMEV - GGAL - 24hs,6870.0,2025-05-09 17:49:55,101,2025-05-09 17:49:56.132,6860.0,14920,6850.0,24522,6840.0,7323,6830.0,2802,6820.0,5364,6870.0,1514,6880.0,9397,6890.0,11636,6900.0,13824,6910.0,3077,2025-05-09 17:49:56.044,,2147483647,1216635,True,offer
9613,1549452,1612617667,MERV - XMEV - GGAL - 24hs,6870.0,2025-05-09 17:49:55,101,2025-05-09 17:49:56.788,6860.0,13957,6850.0,24522,6840.0,7323,6830.0,2802,6820.0,5364,6870.0,1413,6880.0,9397,6890.0,11636,6900.0,13824,6910.0,3077,2025-05-09 17:49:56.706,,2147483647,1216635,False,nan
9614,1549539,1612617821,MERV - XMEV - GGAL - 24hs,6870.0,2025-05-09 17:49:55,101,2025-05-09 17:49:57.320,6860.0,13957,6850.0,24522,6840.0,7323,6830.0,2802,6820.0,5364,6870.0,1413,6880.0,9397,6890.0,11636,6900.0,13824,6910.0,3077,2025-05-09 17:49:57.207,,2147483647,1216736,False,nan
9615,1549593,1612617892,MERV - XMEV - GGAL - 24hs,6870.0,2025-05-09 17:49:57,1413,2025-05-09 17:49:57.806,6860.0,12916,6850.0,24522,6840.0,7323,6830.0,2802,6820.0,5364,6870.0,1413,6880.0,9397,6890.0,11636,6900.0,13824,6910.0,3077,2025-05-09 17:49:57.707,,2147483647,1216736,True,offer
9616,1549646,1612617962,MERV - XMEV - GGAL - 24hs,6870.0,2025-05-09 17:49:57,1413,2025-05-09 17:49:58.290,6870.0,101,6860.0,13263,6850.0,24522,6840.0,7323,6830.0,2802,6880.0,9397,6890.0,11636,6900.0,13824,6910.0,3077,6920.0,33112,2025-05-09 17:49:58.210,,2147483647,1218149,False,nan
9617,1549763,1612618103,MERV - XMEV - GGAL - 24hs,6870.0,2025-05-09 17:49:58,16,2025-05-09 17:49:58.976,6870.0,101,6860.0,13263,6850.0,24522,6840.0,7323,6830.0,2802,6880.0,9397,6890.0,11636,6900.0,13824,6910.0,3077,6920.0,33112,2025-05-09 17:49:58.736,,2147483647,1218149,True,bid
9618,1549843,1612618215,MERV - XMEV - GGAL - 24hs,6870.0,2025-05-09 17:49:59,3,2025-05-09 17:49:59.340,6870.0,101,6860.0,13263,6850.0,24522,6840.0,7323,6830.0,2802,6880.0,9397,6890.0,11636,6900.0,13824,6910.0,3077,6920.0,33112,2025-05-09 17:49:59.236,,2147483647,1218255,True,bid
9619,1549899,1612618283,MERV - XMEV - GGAL - 24hs,6870.0,2025-05-09 17:49:59,3,2025-05-09 17:49:59.815,6860.0,13263,6850.0,24522,6840.0,7323,6830.0,2805,6820.0,5364,6870.0,84,6880.0,9397,6890.0,11636,6900.0,13824,6910.0,3077,2025-05-09 17:49:59.735,,2147483647,1218255,False,nan
9620,1549961,1612618379,MERV - XMEV - GGAL - 24hs,6870.0,2025-05-09 17:49:59,3,2025-05-09 17:50:00.329,6860.0,13263,6850.0,24022,6840.0,7323,6830.0,2805,6820.0,5364,6870.0,84,6880.0,9397,6890.0,11636,6900.0,13824,6910.0,3077,2025-05-09 17:50:00.235,,2147483647,1218255,False,nan
9621,1550026,1612618469,MERV - XMEV - GGAL - 24hs,6870.0,2025-05-09 17:50:00,33,2025-05-09 17:50:00.844,6860.0,13263,6850.0,24022,6840.0,7323,6830.0,2805,6820.0,5364,6870.0,84,6880.0,9397,6890.0,11636,6900.0,13824,6910.0,3077,2025-05-09 17:50:00.737,,2147483647,1218306,True,offer
9622,1550103,1612618578,MERV - XMEV - GGAL - 24hs,6870.0,2025-05-09 17:50:00,33,2025-05-09 17:50:01.329,6870.0,28,6860.0,13265,6850.0,24022,6840.0,7323,6830.0,2805,6880.0,9397,6890.0,11636,6900.0,13824,6910.0,3077,6920.0,33115,2025-05-09 17:50:01.247,,2147483647,1218306,False,nan
9623,1550168,1612618657,MERV - XMEV - GGAL - 24hs,6870.0,2025-05-09 17:50:01,6,2025-05-09 17:50:01.829,6870.0,28,6860.0,13265,6850.0,24022,6840.0,7323,6830.0,2805,6880.0,9397,6890.0,11636,6900.0,13824,6910.0,3077,6920.0,33115,2025-05-09 17:50:01.747,,2147483647,1218361,True,bid
9624,1550230,1612618741,MERV - XMEV - GGAL - 24hs,6870.0,2025-05-09 17:50:01,6,2025-05-09 17:50:02.332,6860.0,12918,6850.0,24022,6840.0,7323,6830.0,2805,6820.0,5364,6870.0,16,6880.0,9397,6890.0,11636,6900.0,13824,6910.0,3077,2025-05-09 17:50:02.247,,2147483647,1218367,False,nan
9625,1550346,1612618890,MERV - XMEV - GGAL - 24hs,6870.0,2025-05-09 17:50:01,6,2025-05-09 17:50:03.294,6860.0,12918,6850.0,24022,6840.0,8323,6830.0,2805,6820.0,5364,6870.0,16,6880.0,9397,6890.0,11636,6900.0,13824,6910.0,3077,2025-05-09 17:50:03.212,,2147483647,1218367,False,nan
9626,1550536,1612619144,MERV - XMEV - GGAL - 24hs,6870.0,2025-05-09 17:50:01,6,2025-05-09 17:50:04.856,6860.0,12894,6850.0,24022,6840.0,8323,6830.0,2805,6820.0,5364,6870.0,16,6880.0,9397,6890.0,11636,6900.0,13824,6910.0,3077,2025-05-09 17:50:04.774,,2147483647,1218367,False,nan
9627,1550575,1612619194,MERV - XMEV - GGAL - 24hs,6870.0,2025-05-09 17:50:04,10,2025-05-09 17:50:05.357,6860.0,12894,6850.0,24022,6840.0,8323,6830.0,2805,6820.0,5364,6870.0,16,6880.0,9397,6890.0,11636,6900.0,13824,6910.0,3077,2025-05-09 17:50:05.275,,2147483647,1218367,True,offer
9628,1550637,1612619286,MERV - XMEV - GGAL - 24hs,6870.0,2025-05-09 17:50:04,10,2025-05-09 17:50:05.855,6860.0,12573,6850.0,24751,6840.0,8323,6830.0,2805,6820.0,5364,6870.0,6,6880.0,9397,6890.0,11636,6900.0,13824,6910.0,3077,2025-05-09 17:50:05.774,,2147483647,1218377,False,nan
9629,1550729,1612619392,MERV - XMEV - GGAL - 24hs,6870.0,2025-05-09 17:50:04,10,2025-05-09 17:50:06.426,6860.0,12573,6850.0,25445,6840.0,8323,6830.0,2805,6820.0,5364,6870.0,6,6880.0,9397,6890.0,11636,6900.0,13824,6910.0,3077,2025-05-09 17:50:06.346,,2147483647,1218377,False,nan
9630,1550885,1612619599,MERV - XMEV - GGAL - 24hs,6870.0,2025-05-09 17:50:04,10,2025-05-09 17:50:07.437,6860.0,12573,6850.0,25792,6840.0,8323,6830.0,2805,6820.0,5364,6870.0,11,6880.0,9297,6890.0,11636,6900.0,13824,6910.0,3077,2025-05-09 17:50:07.357,,2147483647,1218377,False,nan
9631,1551561,1612620495,MERV - XMEV - GGAL - 24hs,6870.0,2025-05-09 17:50:04,10,2025-05-09 17:50:11.832,6860.0,12573,6850.0,25792,6840.0,8323,6830.0,2805,6820.0,5364,6870.0,11,6880.0,9297,6890.0,11636,6900.0,13824,6910.0,17077,2025-05-09 17:50:11.363,,2147483647,1218377,False,nan
9632,1551752,1612620762,MERV - XMEV - GGAL - 24hs,6870.0,2025-05-09 17:50:04,10,2025-05-09 17:50:12.915,6860.0,12573,6850.0,25792,6840.0,7323,6830.0,3805,6820.0,5364,6870.0,11,6880.0,9297,6890.0,11636,6900.0,13824,6910.0,17077,2025-05-09 17:50:12.827,,2147483647,1218377,False,nan
9633,1552372,1612621554,MERV - XMEV - GGAL - 24hs,6870.0,2025-05-09 17:50:04,10,2025-05-09 17:50:15.983,6860.0,12573,6850.0,25892,6840.0,7323,6830.0,3805,6820.0,5364,6870.0,11,6880.0,9297,6890.0,11636,6900.0,13824,6910.0,17077,2025-05-09 17:50:15.848,,2147483647,1218377,False,nan
9634,1552773,1612622066,MERV - XMEV - GGAL - 24hs,6870.0,2025-05-09 17:50:04,10,2025-05-09 17:50:18.363,6860.0,12573,6850.0,25932,6840.0,7323,6830.0,3805,6820.0,5364,6870.0,11,6880.0,9297,6890.0,11636,6900.0,13824,6910.0,17077,2025-05-09 17:50:18.280,,2147483647,1218377,False,nan
9635,1553823,1612623451,MERV - XMEV - GGAL - 24hs,6870.0,2025-05-09 17:50:04,10,2025-05-09 17:50:25.669,6860.0,12573,6850.0,25932,6840.0,7323,6830.0,3805,6820.0,5364,6870.0,11,6880.0,9297,6890.0,11636,6900.0,13824,6910.0,19077,2025-05-09 17:50:25.577,,2147483647,1218377,False,nan
9636,1554016,1612623710,MERV - XMEV - GGAL - 24hs,6870.0,2025-05-09 17:50:26,5,2025-05-09 17:50:27.007,6860.0,12573,6850.0,25932,6840.0,7323,6830.0,3805,6820.0,5364,6870.0,11,6880.0,9297,6890.0,11636,6900.0,13824,6910.0,19077,2025-05-09 17:50:26.927,,2147483647,1218377,True,offer
9637,1554082,1612623793,MERV - XMEV - GGAL - 24hs,6870.0,2025-05-09 17:50:26,6,2025-05-09 17:50:27.516,6860.0,12573,6850.0,25932,6840.0,7323,6830.0,3805,6820.0,5364,6870.0,11,6880.0,9297,6890.0,11636,6900.0,13824,6910.0,19077,2025-05-09 17:50:27.427,,2147483647,1218377,False,nan
9638,1554156,1612623890,MERV - XMEV - GGAL - 24hs,6870.0,2025-05-09 17:50:27,87,2025-05-09 17:50:28.008,6870.0,389,6860.0,12573,6850.0,25932,6840.0,7323,6830.0,3805,6880.0,9297,6890.0,11636,6900.0,13824,6910.0,19077,6920.0,31115,2025-05-09 17:50:27.927,,2147483647,1218388,True,offer
9639,1554269,1612624041,MERV - XMEV - GGAL - 24hs,6870.0,2025-05-09 17:50:28,302,2025-05-09 17:50:28.528,6870.0,389,6860.0,12573,6850.0,25932,6840.0,7323,6830.0,3805,6880.0,9297,6890.0,11636,6900.0,13824,6910.0,19077,6920.0,31115,2025-05-09 17:50:28.447,,2147483647,1218475,True,bid
9640,1554333,1612624117,MERV - XMEV - GGAL - 24hs,6870.0,2025-05-09 17:50:28,302,2025-05-09 17:50:29.026,6860.0,12573,6850.0,25932,6840.0,7323,6830.0,3805,6820.0,5364,6870.0,69,6880.0,9297,6890.0,11636,6900.0,13824,6910.0,19077,2025-05-09 17:50:28.946,,2147483647,1218777,False,nan
9641,1554405,1612624209,MERV - XMEV - GGAL - 24hs,6870.0,2025-05-09 17:50:29,6,2025-05-09 17:50:29.667,6860.0,12573,6850.0,25932,6840.0,7323,6830.0,3805,6820.0,5364,6870.0,69,6880.0,9297,6890.0,11636,6900.0,13824,6910.0,19077,2025-05-09 17:50:29.583,,2147483647,1218777,True,offer
9642,1554459,1612624280,MERV - XMEV - GGAL - 24hs,6870.0,2025-05-09 17:50:29,6,2025-05-09 17:50:30.162,6860.0,12573,6850.0,25891,6840.0,7323,6830.0,3805,6820.0,5364,6870.0,63,6880.0,9297,6890.0,11636,6900.0,13824,6910.0,19077,2025-05-09 17:50:30.082,,2147483647,1218777,False,nan
9643,1554501,1612624329,MERV - XMEV - GGAL - 24hs,6870.0,2025-05-09 17:50:30,14,2025-05-09 17:50:30.663,6860.0,12573,6850.0,25891,6840.0,7323,6830.0,3805,6820.0,5364,6870.0,63,6880.0,9297,6890.0,11636,6900.0,13824,6910.0,19077,2025-05-09 17:50:30.582,,2147483647,1218783,True,offer
9644,1554563,1612624421,MERV - XMEV - GGAL - 24hs,6870.0,2025-05-09 17:50:30,14,2025-05-09 17:50:31.167,6860.0,12573,6850.0,25891,6840.0,7323,6830.0,3805,6820.0,5364,6870.0,49,6880.0,9297,6890.0,11636,6900.0,13824,6910.0,19077,2025-05-09 17:50:31.082,,2147483647,1218797,False,nan
9645,1554835,1612624805,MERV - XMEV - GGAL - 24hs,6870.0,2025-05-09 17:50:30,14,2025-05-09 17:50:33.534,6860.0,12573,6850.0,25895,6840.0,7323,6830.0,3805,6820.0,5364,6870.0,49,6880.0,9297,6890.0,11636,6900.0,13824,6910.0,19077,2025-05-09 17:50:33.439,,2147483647,1218797,False,nan
9646,1555273,1612625382,MERV - XMEV - GGAL - 24hs,6870.0,2025-05-09 17:50:35,49,2025-05-09 17:50:35.984,6860.0,12573,6850.0,25895,6840.0,7323,6830.0,3805,6820.0,5364,6870.0,49,6880.0,9297,6890.0,11636,6900.0,13824,6910.0,19077,2025-05-09 17:50:35.554,,2147483647,1218797,True,offer
9647,1555429,1612625571,MERV - XMEV - GGAL - 24hs,6870.0,2025-05-09 17:50:35,49,2025-05-09 17:50:36.584,6870.0,1,6860.0,12573,6850.0,25895,6840.0,7323,6830.0,3805,6880.0,9297,6890.0,11636,6900.0,13824,6910.0,19077,6920.0,31115,2025-05-09 17:50:36.244,,2147483647,1218797,False,nan
9648,1555500,1612625656,MERV - XMEV - GGAL - 24hs,6870.0,2025-05-09 17:50:35,49,2025-05-09 17:50:36.847,6870.0,1,6860.0,12573,6850.0,25895,6840.0,7323,6830.0,3805,6880.0,9297,6890.0,11636,6900.0,13824,6910.0,19077,6920.0,31115,2025-05-09 17:50:36.744,,2147483647,1218846,False,nan
9649,1555625,1612625825,MERV - XMEV - GGAL - 24hs,6870.0,2025-05-09 17:50:35,49,2025-05-09 17:50:37.400,6870.0,1,6860.0,12573,6850.0,25895,6840.0,7323,6830.0,3805,6880.0,9297,6890.0,11636,6900.0,13824,6910.0,29077,6920.0,21115,2025-05-09 17:50:37.244,,2147483647,1218846,False,nan
9650,1555717,1612625939,MERV - XMEV - GGAL - 24hs,6880.0,2025-05-09 17:50:37,290,2025-05-09 17:50:37.826,6870.0,1,6860.0,12573,6850.0,25895,6840.0,7323,6830.0,3805,6880.0,9297,6890.0,11636,6900.0,13824,6910.0,29077,6920.0,21115,2025-05-09 17:50:37.745,,2147483647,1218846,True,offer
9651,1555798,1612626034,MERV - XMEV - GGAL - 24hs,6880.0,2025-05-09 17:50:37,290,2025-05-09 17:50:38.327,6870.0,61,6860.0,12573,6850.0,25395,6840.0,7323,6830.0,3805,6880.0,8999,6890.0,11636,6900.0,13824,6910.0,29077,6920.0,21115,2025-05-09 17:50:38.244,,2147483647,1219144,False,nan
9652,1555912,1612626176,MERV - XMEV - GGAL - 24hs,6870.0,2025-05-09 17:50:38,43,2025-05-09 17:50:38.843,6870.0,61,6860.0,12573,6850.0,25395,6840.0,7323,6830.0,3805,6880.0,8999,6890.0,11636,6900.0,13824,6910.0,29077,6920.0,21115,2025-05-09 17:50:38.744,,2147483647,1219144,True,bid
9653,1555971,1612626244,MERV - XMEV - GGAL - 24hs,6870.0,2025-05-09 17:50:38,27,2025-05-09 17:50:39.327,6870.0,2017,6860.0,12573,6850.0,25395,6840.0,7323,6830.0,3805,6880.0,8999,6890.0,11636,6900.0,13824,6910.0,29077,6920.0,21115,2025-05-09 17:50:39.244,,2147483647,1219188,False,nan
9654,1556072,1612626361,MERV - XMEV - GGAL - 24hs,6870.0,2025-05-09 17:50:39,571,2025-05-09 17:50:39.888,6870.0,1973,6860.0,12573,6850.0,25395,6840.0,7323,6830.0,3805,6880.0,8999,6890.0,11636,6900.0,13824,6910.0,29077,6920.0,21115,2025-05-09 17:50:39.745,,2147483647,1219319,True,bid
9655,1556148,1612626455,MERV - XMEV - GGAL - 24hs,6870.0,2025-05-09 17:50:39,571,2025-05-09 17:50:40.346,6870.0,1315,6860.0,12573,6850.0,25395,6840.0,7323,6830.0,3805,6880.0,8999,6890.0,11636,6900.0,13824,6910.0,29077,6920.0,21115,2025-05-09 17:50:40.265,,2147483647,1219319,False,nan
9656,1556219,1612626536,MERV - XMEV - GGAL - 24hs,6870.0,2025-05-09 17:50:39,571,2025-05-09 17:50:40.858,6870.0,1315,6860.0,12573,6850.0,25395,6840.0,7323,6830.0,3805,6880.0,8999,6890.0,11636,6900.0,13824,6910.0,29077,6920.0,21115,2025-05-09 17:50:40.768,,2147483647,1219890,False,nan
9657,1556562,1612626959,MERV - XMEV - GGAL - 24hs,6870.0,2025-05-09 17:50:39,571,2025-05-09 17:50:42.783,6870.0,1315,6860.0,12573,6850.0,25742,6840.0,7323,6830.0,3805,6880.0,8999,6890.0,11636,6900.0,13824,6910.0,29077,6920.0,21115,2025-05-09 17:50:42.087,,2147483647,1219890,False,nan
9658,1556835,1612627303,MERV - XMEV - GGAL - 24hs,6870.0,2025-05-09 17:50:39,571,2025-05-09 17:50:43.838,6870.0,1315,6860.0,12573,6850.0,25742,6840.0,7323,6830.0,3805,6880.0,8999,6890.0,11636,6900.0,13824,6910.0,34077,6920.0,16115,2025-05-09 17:50:43.742,,2147483647,1219890,False,nan
9659,1557020,1612627537,MERV - XMEV - GGAL - 24hs,6870.0,2025-05-09 17:50:45,15,2025-05-09 17:50:45.160,6870.0,1315,6860.0,12573,6850.0,25742,6840.0,7323,6830.0,3805,6880.0,8999,6890.0,11636,6900.0,13824,6910.0,34077,6920.0,16115,2025-05-09 17:50:45.079,,2147483647,1219890,True,bid
9660,1557202,1612627762,MERV - XMEV - GGAL - 24hs,6870.0,2025-05-09 17:50:45,15,2025-05-09 17:50:46.068,6870.0,1300,6860.0,12573,6850.0,25742,6840.0,7323,6830.0,3805,6880.0,8999,6890.0,11636,6900.0,13824,6910.0,34077,6920.0,16115,2025-05-09 17:50:45.791,,2147483647,1219890,False,nan
9661,1557290,1612627873,MERV - XMEV - GGAL - 24hs,6870.0,2025-05-09 17:50:45,15,2025-05-09 17:50:46.414,6870.0,1300,6860.0,12573,6850.0,25742,6840.0,7323,6830.0,3805,6880.0,8999,6890.0,11636,6900.0,13824,6910.0,34077,6920.0,16115,2025-05-09 17:50:46.290,,2147483647,1219905,False,nan
9662,1557399,1612628025,MERV - XMEV - GGAL - 24hs,6870.0,2025-05-09 17:50:45,15,2025-05-09 17:50:46.888,6870.0,1300,6860.0,12573,6850.0,10742,6840.0,22323,6830.0,3805,6880.0,8999,6890.0,11636,6900.0,13824,6910.0,34077,6920.0,16115,2025-05-09 17:50:46.790,,2147483647,1219905,False,nan
9663,1557458,1612628096,MERV - XMEV - GGAL - 24hs,6870.0,2025-05-09 17:50:45,15,2025-05-09 17:50:47.371,6870.0,1300,6860.0,12573,6850.0,10395,6840.0,22323,6830.0,3805,6880.0,8999,6890.0,11636,6900.0,13824,6910.0,34077,6920.0,16115,2025-05-09 17:50:47.290,,2147483647,1219905,False,nan
9664,1557607,1612628273,MERV - XMEV - GGAL - 24hs,6870.0,2025-05-09 17:50:45,15,2025-05-09 17:50:48.707,6870.0,1300,6860.0,12573,6850.0,10395,6840.0,22323,6830.0,3805,6880.0,9728,6890.0,11636,6900.0,13824,6910.0,34077,6920.0,16115,2025-05-09 17:50:48.623,,2147483647,1219905,False,nan
9665,1558070,1612628844,MERV - XMEV - GGAL - 24hs,6870.0,2025-05-09 17:50:45,15,2025-05-09 17:50:50.980,6870.0,1400,6860.0,12573,6850.0,10395,6840.0,22323,6830.0,3805,6880.0,9728,6890.0,11636,6900.0,13824,6910.0,34077,6920.0,16115,2025-05-09 17:50:50.809,,2147483647,1219905,False,nan
9666,1559010,1612630028,MERV - XMEV - GGAL - 24hs,6870.0,2025-05-09 17:50:45,15,2025-05-09 17:50:54.892,6870.0,1400,6860.0,12573,6850.0,10742,6840.0,22323,6830.0,2805,6880.0,9728,6890.0,11636,6900.0,13824,6910.0,34077,6920.0,16115,2025-05-09 17:50:54.661,,2147483647,1219905,False,nan
9667,1559378,1612630483,MERV - XMEV - GGAL - 24hs,6870.0,2025-05-09 17:50:45,15,2025-05-09 17:50:56.359,6870.0,1400,6860.0,12573,6850.0,10395,6840.0,22251,6830.0,2805,6880.0,9728,6890.0,11636,6900.0,13824,6910.0,34077,6920.0,16115,2025-05-09 17:50:56.112,,2147483647,1219905,False,nan
9668,1559619,1612630770,MERV - XMEV - GGAL - 24hs,6880.0,2025-05-09 17:50:56,28,2025-05-09 17:50:57.236,6870.0,1400,6860.0,12573,6850.0,10395,6840.0,22251,6830.0,2805,6880.0,9728,6890.0,11636,6900.0,13824,6910.0,34077,6920.0,16115,2025-05-09 17:50:56.649,,2147483647,1219905,True,offer
9669,1559842,1612631044,MERV - XMEV - GGAL - 24hs,6880.0,2025-05-09 17:50:56,28,2025-05-09 17:50:58.064,6870.0,1400,6860.0,12573,6850.0,8662,6840.0,24554,6830.0,2805,6880.0,9728,6890.0,11636,6900.0,13824,6910.0,34077,6920.0,16115,2025-05-09 17:50:57.139,,2147483647,1219905,False,nan
9670,1560010,1612631264,MERV - XMEV - GGAL - 24hs,6880.0,2025-05-09 17:50:56,28,2025-05-09 17:50:58.757,6870.0,1400,6860.0,12573,6850.0,8662,6840.0,24901,6830.0,2805,6880.0,12200,6890.0,11636,6900.0,15824,6910.0,32077,6920.0,16115,2025-05-09 17:50:57.668,,2147483647,1219933,False,nan
9671,1560125,1612631436,MERV - XMEV - GGAL - 24hs,6880.0,2025-05-09 17:50:56,28,2025-05-09 17:50:59.306,6870.0,1400,6860.0,12573,6850.0,8662,6840.0,24901,6830.0,2805,6880.0,12200,6890.0,10636,6900.0,15824,6910.0,32077,6920.0,16115,2025-05-09 17:50:58.247,,2147483647,1219933,False,nan
9672,1560657,1612632129,MERV - XMEV - GGAL - 24hs,6880.0,2025-05-09 17:50:56,28,2025-05-09 17:51:01.538,6870.0,1400,6860.0,12573,6850.0,8662,6840.0,24554,6830.0,2805,6880.0,12200,6890.0,10636,6900.0,15824,6910.0,32077,6920.0,16115,2025-05-09 17:51:01.177,,2147483647,1219933,False,nan
9673,1561349,1612632991,MERV - XMEV - GGAL - 24hs,6880.0,2025-05-09 17:50:56,28,2025-05-09 17:51:04.456,6870.0,1400,6860.0,12573,6850.0,8662,6840.0,22473,6830.0,2805,6880.0,12200,6890.0,10636,6900.0,15824,6910.0,32077,6920.0,16115,2025-05-09 17:51:04.281,,2147483647,1219933,False,nan
9674,1561659,1612633376,MERV - XMEV - GGAL - 24hs,6880.0,2025-05-09 17:51:04,161,2025-05-09 17:51:05.635,6870.0,1400,6860.0,12573,6850.0,8662,6840.0,22473,6830.0,2805,6880.0,12200,6890.0,10636,6900.0,15824,6910.0,32077,6920.0,16115,2025-05-09 17:51:04.587,,2147483647,1219933,True,offer
9675,1561755,1612633522,MERV - XMEV - GGAL - 24hs,6880.0,2025-05-09 17:51:04,161,2025-05-09 17:51:06.090,6870.0,1530,6860.0,12573,6850.0,8662,6840.0,22473,6830.0,2805,6880.0,12039,6890.0,10636,6900.0,15945,6910.0,32077,6920.0,16115,2025-05-09 17:51:05.085,,2147483647,1219933,False,nan
9676,1561881,1612633690,MERV - XMEV - GGAL - 24hs,6880.0,2025-05-09 17:51:04,161,2025-05-09 17:51:06.595,6870.0,1530,6860.0,12573,6850.0,8662,6840.0,22473,6830.0,2805,6880.0,12039,6890.0,10636,6900.0,15945,6910.0,32077,6920.0,16115,2025-05-09 17:51:05.587,,2147483647,1220094,False,nan
9677,1562260,1612634196,MERV - XMEV - GGAL - 24hs,6880.0,2025-05-09 17:51:04,161,2025-05-09 17:51:08.191,6870.0,1530,6860.0,12573,6850.0,8662,6840.0,22473,6830.0,2805,6880.0,12039,6890.0,10636,6900.0,30945,6910.0,17077,6920.0,16115,2025-05-09 17:51:06.890,,2147483647,1220094,False,nan
9678,1563216,1612635386,MERV - XMEV - GGAL - 24hs,6880.0,2025-05-09 17:51:04,161,2025-05-09 17:51:11.912,6870.0,1530,6860.0,12573,6850.0,8662,6840.0,22474,6830.0,2805,6880.0,12039,6890.0,10636,6900.0,30945,6910.0,17077,6920.0,16115,2025-05-09 17:51:11.600,,2147483647,1220094,False,nan
9679,1563364,1612635560,MERV - XMEV - GGAL - 24hs,6880.0,2025-05-09 17:51:04,161,2025-05-09 17:51:12.880,6870.0,1530,6860.0,12573,6850.0,8662,6840.0,22473,6830.0,2805,6880.0,12039,6890.0,10636,6900.0,30945,6910.0,17077,6920.0,16115,2025-05-09 17:51:12.671,,2147483647,1220094,False,nan
9680,1564269,1612636892,MERV - XMEV - GGAL - 24hs,6880.0,2025-05-09 17:51:20,36,2025-05-09 17:51:20.796,6870.0,1530,6860.0,12573,6850.0,8662,6840.0,22473,6830.0,2805,6880.0,12039,6890.0,10636,6900.0,30945,6910.0,17077,6920.0,16115,2025-05-09 17:51:20.242,,2147483647,1220094,True,offer
9681,1564398,1612637119,MERV - XMEV - GGAL - 24hs,6880.0,2025-05-09 17:51:20,36,2025-05-09 17:51:21.483,6870.0,1530,6860.0,12573,6850.0,8662,6840.0,22473,6830.0,2805,6880.0,12003,6890.0,10636,6900.0,30945,6910.0,17077,6920.0,16115,2025-05-09 17:51:20.918,,2147483647,1220094,False,nan
9682,1564446,1612637184,MERV - XMEV - GGAL - 24hs,6880.0,2025-05-09 17:51:20,36,2025-05-09 17:51:21.687,6870.0,1530,6860.0,12573,6850.0,8662,6840.0,22473,6830.0,2805,6880.0,12003,6890.0,10636,6900.0,30945,6910.0,17077,6920.0,16115,2025-05-09 17:51:21.418,,2147483647,1220130,False,nan
9683,1564583,1612637379,MERV - XMEV - GGAL - 24hs,6880.0,2025-05-09 17:51:20,36,2025-05-09 17:51:23.082,6870.0,1530,6860.0,12573,6850.0,8662,6840.0,22416,6830.0,2805,6880.0,12003,6890.0,10636,6900.0,30945,6910.0,17077,6920.0,16115,2025-05-09 17:51:23.001,,2147483647,1220130,False,nan
9684,1564755,1612637693,MERV - XMEV - GGAL - 24hs,6870.0,2025-05-09 17:51:24,3,2025-05-09 17:51:24.669,6870.0,1530,6860.0,12573,6850.0,8662,6840.0,22416,6830.0,2805,6880.0,12003,6890.0,10636,6900.0,30945,6910.0,17077,6920.0,16115,2025-05-09 17:51:24.563,,2147483647,1220130,True,bid
9685,1564855,1612637832,MERV - XMEV - GGAL - 24hs,6870.0,2025-05-09 17:51:24,3,2025-05-09 17:51:25.261,6870.0,1527,6860.0,12573,6850.0,8662,6840.0,22416,6830.0,2805,6880.0,12003,6890.0,10636,6900.0,30945,6910.0,17077,6920.0,16115,2025-05-09 17:51:25.178,,2147483647,1220130,False,nan
9686,1564937,1612637941,MERV - XMEV - GGAL - 24hs,6870.0,2025-05-09 17:51:24,3,2025-05-09 17:51:25.765,6870.0,1527,6860.0,12573,6850.0,8662,6840.0,22416,6830.0,2805,6880.0,12003,6890.0,10636,6900.0,30945,6910.0,17077,6920.0,16115,2025-05-09 17:51:25.679,,2147483647,1220133,False,nan
9687,1566186,1612639598,MERV - XMEV - GGAL - 24hs,6870.0,2025-05-09 17:51:24,3,2025-05-09 17:51:36.219,6870.0,1527,6860.0,12573,6850.0,8662,6840.0,22416,6830.0,2805,6880.0,26003,6890.0,10636,6900.0,30945,6910.0,17077,6920.0,16115,2025-05-09 17:51:36.138,,2147483647,1220133,False,nan
9688,1566323,1612639771,MERV - XMEV - GGAL - 24hs,6880.0,2025-05-09 17:51:37,45,2025-05-09 17:51:37.563,6870.0,1527,6860.0,12573,6850.0,8662,6840.0,22416,6830.0,2805,6880.0,26003,6890.0,10636,6900.0,30945,6910.0,17077,6920.0,16115,2025-05-09 17:51:37.470,,2147483647,1220133,True,offer
9689,1566424,1612639899,MERV - XMEV - GGAL - 24hs,6880.0,2025-05-09 17:51:37,45,2025-05-09 17:51:38.179,6870.0,1527,6860.0,12573,6850.0,8662,6840.0,22415,6830.0,2805,6880.0,25958,6890.0,10636,6900.0,30945,6910.0,17077,6920.0,16115,2025-05-09 17:51:38.052,,2147483647,1220133,False,nan
9690,1566481,1612639987,MERV - XMEV - GGAL - 24hs,6880.0,2025-05-09 17:51:38,4,2025-05-09 17:51:38.636,6870.0,1527,6860.0,12573,6850.0,8662,6840.0,22415,6830.0,2805,6880.0,25958,6890.0,10636,6900.0,30945,6910.0,17077,6920.0,16115,2025-05-09 17:51:38.553,,2147483647,1220178,True,offer
9691,1566525,1612640056,MERV - XMEV - GGAL - 24hs,6880.0,2025-05-09 17:51:38,4,2025-05-09 17:51:39.168,6870.0,1527,6860.0,12573,6850.0,8662,6840.0,22415,6830.0,2805,6880.0,25954,6890.0,10636,6900.0,30945,6910.0,17077,6920.0,16115,2025-05-09 17:51:39.084,,2147483647,1220178,False,nan
9692,1566652,1612640208,MERV - XMEV - GGAL - 24hs,6880.0,2025-05-09 17:51:38,4,2025-05-09 17:51:39.672,6870.0,1527,6860.0,12573,6850.0,8662,6840.0,22415,6830.0,2805,6880.0,25954,6890.0,10636,6900.0,30945,6910.0,17077,6920.0,16115,2025-05-09 17:51:39.584,,2147483647,1220182,False,nan
9693,1566720,1612640291,MERV - XMEV - GGAL - 24hs,6880.0,2025-05-09 17:51:38,4,2025-05-09 17:51:40.167,6870.0,1527,6860.0,12573,6850.0,8662,6840.0,22386,6830.0,2805,6880.0,25954,6890.0,10636,6900.0,25945,6910.0,22077,6920.0,16115,2025-05-09 17:51:40.084,,2147483647,1220182,False,nan
9694,1567276,1612641053,MERV - XMEV - GGAL - 24hs,6880.0,2025-05-09 17:51:38,4,2025-05-09 17:51:45.609,6870.0,1527,6860.0,12573,6850.0,8662,6840.0,22381,6830.0,2805,6880.0,25954,6890.0,10636,6900.0,25945,6910.0,22077,6920.0,16115,2025-05-09 17:51:45.528,,2147483647,1220182,False,nan
9695,1567374,1612641168,MERV - XMEV - GGAL - 24hs,6880.0,2025-05-09 17:51:38,4,2025-05-09 17:51:46.486,6870.0,1527,6860.0,12573,6850.0,8662,6840.0,22381,6830.0,2805,6880.0,26080,6890.0,10636,6900.0,25945,6910.0,22077,6920.0,16115,2025-05-09 17:51:46.403,,2147483647,1220182,False,nan
9696,1567426,1612641232,MERV - XMEV - GGAL - 24hs,6880.0,2025-05-09 17:51:38,4,2025-05-09 17:51:47.159,6870.0,1527,6860.0,12573,6850.0,8662,6840.0,22349,6830.0,2805,6880.0,26080,6890.0,10636,6900.0,25945,6910.0,22077,6920.0,16115,2025-05-09 17:51:47.078,,2147483647,1220182,False,nan
9697,1567623,1612641484,MERV - XMEV - GGAL - 24hs,6870.0,2025-05-09 17:51:49,559,2025-05-09 17:51:49.767,6870.0,1527,6860.0,12573,6850.0,8662,6840.0,22349,6830.0,2805,6880.0,26080,6890.0,10636,6900.0,25945,6910.0,22077,6920.0,16115,2025-05-09 17:51:49.686,,2147483647,1220182,True,bid
9698,1567703,1612641583,MERV - XMEV - GGAL - 24hs,6870.0,2025-05-09 17:51:49,559,2025-05-09 17:51:50.429,6870.0,968,6860.0,12573,6850.0,8662,6840.0,22349,6830.0,2805,6880.0,26080,6890.0,10636,6900.0,25945,6910.0,22077,6920.0,16115,2025-05-09 17:51:50.349,,2147483647,1220182,False,nan
9699,1567743,1612641631,MERV - XMEV - GGAL - 24hs,6870.0,2025-05-09 17:51:49,559,2025-05-09 17:51:50.940,6870.0,968,6860.0,12573,6850.0,8662,6840.0,22349,6830.0,2805,6880.0,26080,6890.0,10636,6900.0,25945,6910.0,22077,6920.0,16115,2025-05-09 17:51:50.849,,2147483647,1220741,False,nan
9700,1567790,1612641704,MERV - XMEV - GGAL - 24hs,6870.0,2025-05-09 17:51:51,1,2025-05-09 17:51:51.630,6870.0,968,6860.0,12573,6850.0,8662,6840.0,22349,6830.0,2805,6880.0,26080,6890.0,10636,6900.0,25945,6910.0,22077,6920.0,16115,2025-05-09 17:51:51.549,,2147483647,1220741,True,bid
9701,1567858,1612641795,MERV - XMEV - GGAL - 24hs,6870.0,2025-05-09 17:51:51,1,2025-05-09 17:51:52.297,6870.0,967,6860.0,12573,6850.0,8662,6840.0,22349,6830.0,2805,6880.0,26080,6890.0,10636,6900.0,25945,6910.0,22077,6920.0,16115,2025-05-09 17:51:52.214,,2147483647,1220741,False,nan
9702,1567916,1612641870,MERV - XMEV - GGAL - 24hs,6870.0,2025-05-09 17:51:51,1,2025-05-09 17:51:52.794,6870.0,967,6860.0,12573,6850.0,8662,6840.0,22349,6830.0,2805,6880.0,26080,6890.0,10636,6900.0,25945,6910.0,22077,6920.0,16115,2025-05-09 17:51:52.713,,2147483647,1220742,False,nan
9703,1568334,1612642481,MERV - XMEV - GGAL - 24hs,6870.0,2025-05-09 17:51:51,1,2025-05-09 17:51:56.091,6870.0,967,6860.0,12573,6850.0,9162,6840.0,22349,6830.0,2805,6880.0,26080,6890.0,10636,6900.0,25945,6910.0,22077,6920.0,16115,2025-05-09 17:51:56.009,,2147483647,1220742,False,nan
9704,1568424,1612642671,MERV - XMEV - GGAL - 24hs,6880.0,2025-05-09 17:51:57,130,2025-05-09 17:51:57.513,6870.0,967,6860.0,12573,6850.0,9162,6840.0,22349,6830.0,2805,6880.0,26080,6890.0,10636,6900.0,25945,6910.0,22077,6920.0,16115,2025-05-09 17:51:57.424,,2147483647,1220742,True,offer
9705,1568481,1612642739,MERV - XMEV - GGAL - 24hs,6880.0,2025-05-09 17:51:57,130,2025-05-09 17:51:58.175,6870.0,967,6860.0,12573,6850.0,9162,6840.0,22349,6830.0,2805,6880.0,25950,6890.0,10636,6900.0,25945,6910.0,22077,6920.0,16115,2025-05-09 17:51:58.092,,2147483647,1220742,False,nan
9706,1568553,1612642842,MERV - XMEV - GGAL - 24hs,6880.0,2025-05-09 17:51:57,130,2025-05-09 17:51:58.677,6870.0,967,6860.0,12573,6850.0,9162,6840.0,22349,6830.0,2805,6880.0,25950,6890.0,10636,6900.0,25945,6910.0,22077,6920.0,16115,2025-05-09 17:51:58.592,,2147483647,1220872,False,nan
9707,1568663,1612643009,MERV - XMEV - GGAL - 24hs,6870.0,2025-05-09 17:51:59,114,2025-05-09 17:51:59.626,6870.0,967,6860.0,12573,6850.0,9162,6840.0,22349,6830.0,2805,6880.0,25950,6890.0,10636,6900.0,25945,6910.0,22077,6920.0,16115,2025-05-09 17:51:59.544,,2147483647,1220872,True,bid
9708,1568735,1612643123,MERV - XMEV - GGAL - 24hs,6870.0,2025-05-09 17:51:59,114,2025-05-09 17:52:00.289,6870.0,853,6860.0,12573,6850.0,9162,6840.0,22349,6830.0,2805,6880.0,25950,6890.0,10636,6900.0,25945,6910.0,22077,6920.0,16115,2025-05-09 17:52:00.208,,2147483647,1220872,False,nan
9709,1568780,1612643193,MERV - XMEV - GGAL - 24hs,6870.0,2025-05-09 17:51:59,114,2025-05-09 17:52:00.791,6870.0,853,6860.0,12573,6850.0,9162,6840.0,22349,6830.0,2805,6880.0,25950,6890.0,10636,6900.0,25945,6910.0,22077,6920.0,16115,2025-05-09 17:52:00.708,,2147483647,1220986,False,nan
9710,1569339,1612643870,MERV - XMEV - GGAL - 24hs,6870.0,2025-05-09 17:52:03,623,2025-05-09 17:52:03.928,6870.0,853,6860.0,12573,6850.0,9162,6840.0,22349,6830.0,2805,6880.0,25950,6890.0,10636,6900.0,25945,6910.0,22077,6920.0,16115,2025-05-09 17:52:03.847,,2147483647,1220986,True,bid
9711,1569418,1612643979,MERV - XMEV - GGAL - 24hs,6870.0,2025-05-09 17:52:03,130,2025-05-09 17:52:04.436,6870.0,853,6860.0,12573,6850.0,9162,6840.0,22349,6830.0,2805,6880.0,25950,6890.0,10636,6900.0,25945,6910.0,22077,6920.0,16115,2025-05-09 17:52:04.347,,2147483647,1220986,False,nan
9712,1569523,1612644130,MERV - XMEV - GGAL - 24hs,6870.0,2025-05-09 17:52:03,130,2025-05-09 17:52:04.998,6860.0,12573,6850.0,9162,6840.0,22349,6830.0,2805,6820.0,6364,6870.0,2500,6880.0,23450,6890.0,10636,6900.0,25945,6910.0,22077,2025-05-09 17:52:04.849,,2147483647,1221839,False,nan
9713,1569660,1612644302,MERV - XMEV - GGAL - 24hs,6870.0,2025-05-09 17:52:05,1,2025-05-09 17:52:05.511,6860.0,12573,6850.0,9162,6840.0,22349,6830.0,2805,6820.0,6364,6870.0,2500,6880.0,23450,6890.0,10636,6900.0,25945,6910.0,22077,2025-05-09 17:52:05.348,,2147483647,1221839,True,offer
9714,1569751,1612644426,MERV - XMEV - GGAL - 24hs,6870.0,2025-05-09 17:52:05,1,2025-05-09 17:52:06.207,6860.0,12573,6850.0,9162,6840.0,22349,6830.0,2805,6820.0,6364,6870.0,2500,6880.0,23450,6890.0,10636,6900.0,25945,6910.0,22077,2025-05-09 17:52:05.889,,2147483647,1221840,False,nan
9715,1569828,1612644533,MERV - XMEV - GGAL - 24hs,6870.0,2025-05-09 17:52:05,1,2025-05-09 17:52:06.999,6860.0,12573,6850.0,9162,6840.0,22251,6830.0,2805,6820.0,6364,6870.0,2499,6880.0,23450,6890.0,10636,6900.0,25945,6910.0,22077,2025-05-09 17:52:06.784,,2147483647,1221840,False,nan
9716,1570171,1612644995,MERV - XMEV - GGAL - 24hs,6870.0,2025-05-09 17:52:09,6,2025-05-09 17:52:09.614,6860.0,12573,6850.0,9162,6840.0,22251,6830.0,2805,6820.0,6364,6870.0,2499,6880.0,23450,6890.0,10636,6900.0,25945,6910.0,22077,2025-05-09 17:52:09.528,,2147483647,1221840,True,offer
9717,1570242,1612645084,MERV - XMEV - GGAL - 24hs,6870.0,2025-05-09 17:52:09,6,2025-05-09 17:52:10.274,6860.0,12573,6850.0,9162,6840.0,22251,6830.0,2805,6820.0,6364,6870.0,2493,6880.0,23450,6890.0,10636,6900.0,25945,6910.0,23077,2025-05-09 17:52:10.193,,2147483647,1221840,False,nan
9718,1570318,1612645171,MERV - XMEV - GGAL - 24hs,6870.0,2025-05-09 17:52:09,6,2025-05-09 17:52:10.774,6860.0,12573,6850.0,9162,6840.0,22251,6830.0,2805,6820.0,6364,6870.0,2493,6880.0,23450,6890.0,10636,6900.0,25945,6910.0,23077,2025-05-09 17:52:10.693,,2147483647,1221846,False,nan
9719,1570404,1612645282,MERV - XMEV - GGAL - 24hs,6870.0,2025-05-09 17:52:09,6,2025-05-09 17:52:11.274,6860.0,12573,6850.0,9162,6840.0,22251,6830.0,2805,6820.0,6364,6870.0,2503,6880.0,23450,6890.0,10636,6900.0,25945,6910.0,23077,2025-05-09 17:52:11.193,,2147483647,1221846,False,nan
9720,1570981,1612646080,MERV - XMEV - GGAL - 24hs,6870.0,2025-05-09 17:52:09,6,2025-05-09 17:52:16.135,6860.0,12573,6850.0,9162,6840.0,22251,6830.0,2805,6820.0,5364,6870.0,2503,6880.0,23324,6890.0,10636,6900.0,25945,6910.0,23077,2025-05-09 17:52:15.968,,2147483647,1221846,False,nan
9721,1572291,1612647843,MERV - XMEV - GGAL - 24hs,6870.0,2025-05-09 17:52:25,20,2025-05-09 17:52:26.076,6860.0,12573,6850.0,9162,6840.0,22251,6830.0,2805,6820.0,5364,6870.0,2503,6880.0,23324,6890.0,10636,6900.0,25945,6910.0,23077,2025-05-09 17:52:25.992,,2147483647,1221846,True,offer
9722,1572348,1612647916,MERV - XMEV - GGAL - 24hs,6870.0,2025-05-09 17:52:25,20,2025-05-09 17:52:26.867,6860.0,12573,6850.0,9162,6840.0,22251,6830.0,2805,6820.0,5364,6870.0,2483,6880.0,23324,6890.0,10636,6900.0,25945,6910.0,23077,2025-05-09 17:52:26.761,,2147483647,1221846,False,nan
9723,1572366,1612647939,MERV - XMEV - GGAL - 24hs,6870.0,2025-05-09 17:52:25,20,2025-05-09 17:52:27.342,6860.0,12573,6850.0,9162,6840.0,22251,6830.0,2805,6820.0,5364,6870.0,2483,6880.0,23324,6890.0,10636,6900.0,25945,6910.0,23077,2025-05-09 17:52:27.262,,2147483647,1221866,False,nan
9724,1572414,1612648001,MERV - XMEV - GGAL - 24hs,6870.0,2025-05-09 17:52:25,20,2025-05-09 17:52:27.875,6860.0,12573,6850.0,9162,6840.0,22251,6830.0,2805,6820.0,6364,6870.0,2483,6880.0,23324,6890.0,10636,6900.0,25945,6910.0,23077,2025-05-09 17:52:27.763,,2147483647,1221866,False,nan
9725,1572505,1612648131,MERV - XMEV - GGAL - 24hs,6870.0,2025-05-09 17:52:27,235,2025-05-09 17:52:28.359,6860.0,12573,6850.0,9162,6840.0,22251,6830.0,2805,6820.0,6364,6870.0,2483,6880.0,23324,6890.0,10636,6900.0,25945,6910.0,23077,2025-05-09 17:52:28.262,,2147483647,1221866,True,offer
9726,1572639,1612648301,MERV - XMEV - GGAL - 24hs,6870.0,2025-05-09 17:52:27,235,2025-05-09 17:52:28.992,6860.0,12573,6850.0,9162,6840.0,22251,6830.0,2805,6820.0,6364,6870.0,2248,6880.0,23324,6890.0,10636,6900.0,25945,6910.0,23077,2025-05-09 17:52:28.762,,2147483647,1222101,False,nan
9727,1572964,1612648705,MERV - XMEV - GGAL - 24hs,6870.0,2025-05-09 17:52:31,126,2025-05-09 17:52:31.791,6860.0,12573,6850.0,9162,6840.0,22251,6830.0,2805,6820.0,6364,6870.0,2248,6880.0,23324,6890.0,10636,6900.0,25945,6910.0,23077,2025-05-09 17:52:31.705,,2147483647,1222101,True,offer
9728,1573028,1612648783,MERV - XMEV - GGAL - 24hs,6870.0,2025-05-09 17:52:31,126,2025-05-09 17:52:32.453,6860.0,12573,6850.0,9162,6840.0,22251,6830.0,2805,6820.0,6364,6870.0,2122,6880.0,23324,6890.0,10636,6900.0,25945,6910.0,23077,2025-05-09 17:52:32.372,,2147483647,1222101,False,nan
9729,1573085,1612648851,MERV - XMEV - GGAL - 24hs,6870.0,2025-05-09 17:52:31,126,2025-05-09 17:52:32.954,6860.0,12573,6850.0,9162,6840.0,22251,6830.0,2805,6820.0,6364,6870.0,2122,6880.0,23324,6890.0,10636,6900.0,25945,6910.0,23077,2025-05-09 17:52:32.873,,2147483647,1222227,False,nan
9730,1573317,1612649139,MERV - XMEV - GGAL - 24hs,6870.0,2025-05-09 17:52:35,31,2025-05-09 17:52:35.789,6860.0,12573,6850.0,9162,6840.0,22251,6830.0,2805,6820.0,6364,6870.0,2122,6880.0,23324,6890.0,10636,6900.0,25945,6910.0,23077,2025-05-09 17:52:35.708,,2147483647,1222227,True,offer
9731,1573349,1612649177,MERV - XMEV - GGAL - 24hs,6870.0,2025-05-09 17:52:35,31,2025-05-09 17:52:36.459,6860.0,12573,6850.0,9162,6840.0,22251,6830.0,2805,6820.0,6364,6870.0,2091,6880.0,23324,6890.0,10636,6900.0,25945,6910.0,23077,2025-05-09 17:52:36.377,,2147483647,1222227,False,nan
9732,1573390,1612649229,MERV - XMEV - GGAL - 24hs,6870.0,2025-05-09 17:52:35,31,2025-05-09 17:52:36.953,6860.0,12573,6850.0,9162,6840.0,22251,6830.0,2805,6820.0,6364,6870.0,2091,6880.0,23324,6890.0,10636,6900.0,25945,6910.0,23077,2025-05-09 17:52:36.873,,2147483647,1222258,False,nan
9733,1574316,1612650376,MERV - XMEV - GGAL - 24hs,6870.0,2025-05-09 17:52:35,31,2025-05-09 17:52:44.836,6860.0,12573,6850.0,9162,6840.0,22251,6830.0,2805,6820.0,6364,6870.0,2091,6880.0,23324,6890.0,10636,6900.0,27545,6910.0,23077,2025-05-09 17:52:44.599,,2147483647,1222258,False,nan
9734,1574584,1612650711,MERV - XMEV - GGAL - 24hs,6870.0,2025-05-09 17:52:35,31,2025-05-09 17:52:48.218,6860.0,12573,6850.0,24162,6840.0,7251,6830.0,2805,6820.0,6364,6870.0,2091,6880.0,23324,6890.0,10636,6900.0,27545,6910.0,23077,2025-05-09 17:52:48.131,,2147483647,1222258,False,nan
9735,1574726,1612650875,MERV - XMEV - GGAL - 24hs,6870.0,2025-05-09 17:52:49,20,2025-05-09 17:52:49.408,6860.0,12573,6850.0,24162,6840.0,7251,6830.0,2805,6820.0,6364,6870.0,2091,6880.0,23324,6890.0,10636,6900.0,27545,6910.0,23077,2025-05-09 17:52:49.327,,2147483647,1222258,True,offer
9736,1574815,1612650976,MERV - XMEV - GGAL - 24hs,6870.0,2025-05-09 17:52:49,20,2025-05-09 17:52:50.128,6860.0,12573,6850.0,24162,6840.0,7251,6830.0,2805,6820.0,6364,6870.0,2071,6880.0,23324,6890.0,10636,6900.0,25545,6910.0,25077,2025-05-09 17:52:50.046,,2147483647,1222258,False,nan
9737,1574880,1612651048,MERV - XMEV - GGAL - 24hs,6870.0,2025-05-09 17:52:49,20,2025-05-09 17:52:50.627,6860.0,12573,6850.0,24162,6840.0,7251,6830.0,2805,6820.0,6364,6870.0,2071,6880.0,23324,6890.0,10636,6900.0,25545,6910.0,25077,2025-05-09 17:52:50.547,,2147483647,1222278,False,nan
9738,1575029,1612651227,MERV - XMEV - GGAL - 24hs,6870.0,2025-05-09 17:52:52,4,2025-05-09 17:52:52.326,6860.0,12573,6850.0,24162,6840.0,7251,6830.0,2805,6820.0,6364,6870.0,2071,6880.0,23324,6890.0,10636,6900.0,25545,6910.0,25077,2025-05-09 17:52:52.246,,2147483647,1222278,True,offer
9739,1575085,1612651297,MERV - XMEV - GGAL - 24hs,6870.0,2025-05-09 17:52:52,4,2025-05-09 17:52:52.990,6860.0,12573,6850.0,24162,6840.0,7251,6830.0,2805,6820.0,6364,6870.0,2067,6880.0,23324,6890.0,10636,6900.0,25545,6910.0,25077,2025-05-09 17:52:52.910,,2147483647,1222278,False,nan
9740,1575190,1612651421,MERV - XMEV - GGAL - 24hs,6870.0,2025-05-09 17:52:52,4,2025-05-09 17:52:53.492,6860.0,12573,6850.0,24162,6840.0,7251,6830.0,2805,6820.0,6364,6870.0,2067,6880.0,23324,6890.0,10636,6900.0,25545,6910.0,25077,2025-05-09 17:52:53.411,,2147483647,1222282,False,nan
9741,1575510,1612651836,MERV - XMEV - GGAL - 24hs,6870.0,2025-05-09 17:52:52,4,2025-05-09 17:52:54.943,6860.0,12573,6850.0,24162,6840.0,7251,6830.0,2805,6820.0,6364,6870.0,2067,6880.0,23324,6890.0,10636,6900.0,27545,6910.0,23077,2025-05-09 17:52:54.213,,2147483647,1222282,False,nan
9742,1577151,1612653914,MERV - XMEV - GGAL - 24hs,6870.0,2025-05-09 17:52:52,4,2025-05-09 17:53:06.627,6860.0,12573,6850.0,24162,6840.0,7251,6830.0,2805,6820.0,6364,6870.0,2067,6880.0,23324,6890.0,10636,6900.0,27545,6910.0,23340,2025-05-09 17:53:06.454,,2147483647,1222282,False,nan
9743,1577324,1612654107,MERV - XMEV - GGAL - 24hs,6870.0,2025-05-09 17:53:08,2057,2025-05-09 17:53:09.013,6860.0,12573,6850.0,24162,6840.0,7251,6830.0,2805,6820.0,6364,6870.0,2067,6880.0,23324,6890.0,10636,6900.0,27545,6910.0,23340,2025-05-09 17:53:08.871,,2147483647,1222282,True,offer
9744,1577389,1612654187,MERV - XMEV - GGAL - 24hs,6870.0,2025-05-09 17:53:08,2933,2025-05-09 17:53:09.305,6860.0,12573,6850.0,24162,6840.0,7251,6830.0,2805,6820.0,6364,6870.0,2500,6880.0,23324,6890.0,10636,6900.0,27545,6910.0,23340,2025-05-09 17:53:09.222,,2147483647,1222282,False,nan
9745,1577445,1612654253,MERV - XMEV - GGAL - 24hs,6870.0,2025-05-09 17:53:08,2933,2025-05-09 17:53:09.803,6860.0,12573,6850.0,24162,6840.0,7251,6830.0,2805,6820.0,6364,6870.0,2500,6880.0,23324,6890.0,10636,6900.0,27545,6910.0,23340,2025-05-09 17:53:09.722,,2147483647,1227282,False,nan
9746,1577605,1612654449,MERV - XMEV - GGAL - 24hs,6870.0,2025-05-09 17:53:10,2500,2025-05-09 17:53:10.725,6860.0,12573,6850.0,24162,6840.0,7251,6830.0,2805,6820.0,6364,6870.0,2500,6880.0,23324,6890.0,10636,6900.0,27545,6910.0,23340,2025-05-09 17:53:10.643,,2147483647,1227282,True,offer
9747,1577696,1612654575,MERV - XMEV - GGAL - 24hs,6870.0,2025-05-09 17:53:10,1214,2025-05-09 17:53:11.236,6860.0,12573,6850.0,24162,6840.0,7251,6830.0,2805,6820.0,6364,6870.0,2500,6880.0,23324,6890.0,10636,6900.0,27545,6910.0,23340,2025-05-09 17:53:11.149,,2147483647,1227282,False,nan
9748,1577727,1612654619,MERV - XMEV - GGAL - 24hs,6870.0,2025-05-09 17:53:10,1214,2025-05-09 17:53:11.727,6870.0,1286,6860.0,12573,6850.0,24162,6840.0,7251,6830.0,2805,6880.0,23324,6890.0,10636,6900.0,27545,6910.0,23340,6920.0,16115,2025-05-09 17:53:11.644,,2147483647,1230996,False,nan
9749,1577755,1612654652,MERV - XMEV - GGAL - 24hs,6870.0,2025-05-09 17:53:11,179,2025-05-09 17:53:12.226,6870.0,1286,6860.0,12573,6850.0,24162,6840.0,7251,6830.0,2805,6880.0,23324,6890.0,10636,6900.0,27545,6910.0,23340,6920.0,16115,2025-05-09 17:53:12.145,,2147483647,1230996,True,bid
9750,1577807,1612654736,MERV - XMEV - GGAL - 24hs,6870.0,2025-05-09 17:53:11,179,2025-05-09 17:53:12.726,6870.0,1107,6860.0,12573,6850.0,24162,6840.0,7251,6830.0,2805,6880.0,23324,6890.0,10636,6900.0,27545,6910.0,23340,6920.0,16115,2025-05-09 17:53:12.644,,2147483647,1231175,False,nan
9751,1578144,1612655235,MERV - XMEV - GGAL - 24hs,6870.0,2025-05-09 17:53:11,179,2025-05-09 17:53:16.139,6870.0,1107,6860.0,12616,6850.0,24162,6840.0,7251,6830.0,2805,6880.0,23324,6890.0,10636,6900.0,27545,6910.0,23340,6920.0,16115,2025-05-09 17:53:16.058,,2147483647,1231175,False,nan
9752,1578178,1612655281,MERV - XMEV - GGAL - 24hs,6880.0,2025-05-09 17:53:16,1,2025-05-09 17:53:16.640,6870.0,1107,6860.0,12616,6850.0,24162,6840.0,7251,6830.0,2805,6880.0,23324,6890.0,10636,6900.0,27545,6910.0,23340,6920.0,16115,2025-05-09 17:53:16.559,,2147483647,1231175,True,offer
9753,1578254,1612655373,MERV - XMEV - GGAL - 24hs,6880.0,2025-05-09 17:53:16,1,2025-05-09 17:53:17.151,6870.0,1107,6860.0,12616,6850.0,24162,6840.0,7251,6830.0,2805,6880.0,23323,6890.0,10636,6900.0,27545,6910.0,23340,6920.0,16115,2025-05-09 17:53:17.059,,2147483647,1231176,False,nan
9754,1578373,1612655521,MERV - XMEV - GGAL - 24hs,6880.0,2025-05-09 17:53:16,1,2025-05-09 17:53:18.475,6870.0,1107,6860.0,12616,6850.0,24162,6840.0,7251,6830.0,2805,6880.0,23323,6890.0,10636,6900.0,32545,6910.0,18340,6920.0,16115,2025-05-09 17:53:18.392,,2147483647,1231176,False,nan
9755,1579136,1612656717,MERV - XMEV - GGAL - 24hs,6880.0,2025-05-09 17:53:26,466,2025-05-09 17:53:26.714,6870.0,1107,6860.0,12616,6850.0,24162,6840.0,7251,6830.0,2805,6880.0,23323,6890.0,10636,6900.0,32545,6910.0,18340,6920.0,16115,2025-05-09 17:53:26.633,,2147483647,1231176,True,offer
9756,1579190,1612656795,MERV - XMEV - GGAL - 24hs,6880.0,2025-05-09 17:53:26,466,2025-05-09 17:53:27.213,6870.0,1107,6860.0,12626,6850.0,24162,6840.0,7251,6830.0,2805,6880.0,22857,6890.0,10636,6900.0,32545,6910.0,18340,6920.0,16115,2025-05-09 17:53:27.132,,2147483647,1231176,False,nan
9757,1579273,1612656920,MERV - XMEV - GGAL - 24hs,6880.0,2025-05-09 17:53:26,466,2025-05-09 17:53:27.712,6870.0,1107,6860.0,12626,6850.0,24162,6840.0,7251,6830.0,2805,6880.0,22857,6890.0,10636,6900.0,32545,6910.0,18340,6920.0,16115,2025-05-09 17:53:27.632,,2147483647,1231642,False,nan
9758,1579624,1612657390,MERV - XMEV - GGAL - 24hs,6880.0,2025-05-09 17:53:26,466,2025-05-09 17:53:30.132,6870.0,1107,6860.0,12626,6850.0,9162,6840.0,22251,6830.0,2805,6880.0,22857,6890.0,10636,6900.0,32545,6910.0,18340,6920.0,16115,2025-05-09 17:53:30.017,,2147483647,1231642,False,nan
9759,1580731,1612658845,MERV - XMEV - GGAL - 24hs,6880.0,2025-05-09 17:53:26,466,2025-05-09 17:53:39.340,6870.0,1107,6860.0,12626,6850.0,9162,6840.0,22251,6830.0,2805,6880.0,22857,6890.0,10636,6900.0,27545,6910.0,23340,6920.0,16115,2025-05-09 17:53:39.257,,2147483647,1231642,False,nan
9760,1581613,1612659935,MERV - XMEV - GGAL - 24hs,6880.0,2025-05-09 17:53:46,10,2025-05-09 17:53:47.037,6870.0,1107,6860.0,12626,6850.0,9162,6840.0,22251,6830.0,2805,6880.0,22857,6890.0,10636,6900.0,27545,6910.0,23340,6920.0,16115,2025-05-09 17:53:46.956,,2147483647,1231642,True,offer
9761,1581664,1612659994,MERV - XMEV - GGAL - 24hs,6880.0,2025-05-09 17:53:46,10,2025-05-09 17:53:47.746,6870.0,1107,6860.0,12626,6850.0,9162,6840.0,22251,6830.0,2805,6880.0,22857,6890.0,10636,6900.0,27545,6910.0,23340,6920.0,16115,2025-05-09 17:53:47.642,,2147483647,1231652,False,nan
9762,1581737,1612660087,MERV - XMEV - GGAL - 24hs,6880.0,2025-05-09 17:53:46,10,2025-05-09 17:53:48.223,6870.0,1107,6860.0,12626,6850.0,9162,6840.0,22251,6830.0,2805,6880.0,22847,6890.0,10636,6900.0,27545,6910.0,23340,6920.0,16115,2025-05-09 17:53:48.142,,2147483647,1231652,False,nan
9763,1582291,1612660828,MERV - XMEV - GGAL - 24hs,6880.0,2025-05-09 17:53:52,3,2025-05-09 17:53:52.786,6870.0,1107,6860.0,12626,6850.0,9162,6840.0,22251,6830.0,2805,6880.0,22847,6890.0,10636,6900.0,27545,6910.0,23340,6920.0,16115,2025-05-09 17:53:52.603,,2147483647,1231652,True,offer
9764,1582399,1612661026,MERV - XMEV - GGAL - 24hs,6880.0,2025-05-09 17:53:52,3,2025-05-09 17:53:53.934,6870.0,1107,6860.0,12626,6850.0,9162,6840.0,22251,6830.0,2805,6880.0,22844,6890.0,10636,6900.0,27545,6910.0,23340,6920.0,16115,2025-05-09 17:53:53.489,,2147483647,1231652,False,nan
9765,1582463,1612661118,MERV - XMEV - GGAL - 24hs,6880.0,2025-05-09 17:53:52,3,2025-05-09 17:53:54.220,6870.0,1107,6860.0,12626,6850.0,9162,6840.0,22251,6830.0,2805,6880.0,22844,6890.0,10636,6900.0,27545,6910.0,23340,6920.0,16115,2025-05-09 17:53:53.774,,2147483647,1231655,False,nan
9766,1582602,1612661304,MERV - XMEV - GGAL - 24hs,6880.0,2025-05-09 17:53:55,143,2025-05-09 17:53:55.186,6870.0,1107,6860.0,12626,6850.0,9162,6840.0,22251,6830.0,2805,6880.0,22844,6890.0,10636,6900.0,27545,6910.0,23340,6920.0,16115,2025-05-09 17:53:55.104,,2147483647,1231655,True,offer
9767,1582655,1612661373,MERV - XMEV - GGAL - 24hs,6880.0,2025-05-09 17:53:55,143,2025-05-09 17:53:55.686,6870.0,1107,6860.0,12636,6850.0,9162,6840.0,22251,6830.0,2805,6880.0,22701,6890.0,10636,6900.0,27545,6910.0,23340,6920.0,16115,2025-05-09 17:53:55.604,,2147483647,1231655,False,nan
9768,1582712,1612661444,MERV - XMEV - GGAL - 24hs,6880.0,2025-05-09 17:53:55,143,2025-05-09 17:53:56.186,6870.0,1107,6860.0,12636,6850.0,9162,6840.0,22251,6830.0,2805,6880.0,22701,6890.0,10636,6900.0,27545,6910.0,23340,6920.0,16115,2025-05-09 17:53:56.105,,2147483647,1231798,False,nan
9769,1582762,1612661506,MERV - XMEV - GGAL - 24hs,6880.0,2025-05-09 17:53:55,143,2025-05-09 17:53:56.803,6870.0,1107,6860.0,12636,6850.0,9162,6840.0,22251,6830.0,2805,6880.0,22701,6890.0,10636,6900.0,32545,6910.0,18340,6920.0,16115,2025-05-09 17:53:56.710,,2147483647,1231798,False,nan
9770,1582945,1612661754,MERV - XMEV - GGAL - 24hs,6880.0,2025-05-09 17:53:55,143,2025-05-09 17:53:59.326,6870.0,1107,6860.0,12636,6850.0,9562,6840.0,22251,6830.0,2805,6880.0,22701,6890.0,10636,6900.0,32545,6910.0,18340,6920.0,16115,2025-05-09 17:53:59.246,,2147483647,1231798,False,nan
9771,1584749,1612664061,MERV - XMEV - GGAL - 24hs,6880.0,2025-05-09 17:53:55,143,2025-05-09 17:54:12.185,6870.0,1107,6860.0,12636,6850.0,9162,6840.0,22251,6830.0,2805,6880.0,22701,6890.0,10636,6900.0,32545,6910.0,18340,6920.0,16115,2025-05-09 17:54:12.103,,2147483647,1231798,False,nan
9772,1584893,1612664238,MERV - XMEV - GGAL - 24hs,6870.0,2025-05-09 17:54:13,699,2025-05-09 17:54:13.679,6870.0,1107,6860.0,12636,6850.0,9162,6840.0,22251,6830.0,2805,6880.0,22701,6890.0,10636,6900.0,32545,6910.0,18340,6920.0,16115,2025-05-09 17:54:13.598,,2147483647,1231798,True,bid
9773,1584929,1612664284,MERV - XMEV - GGAL - 24hs,6870.0,2025-05-09 17:54:13,699,2025-05-09 17:54:14.352,6870.0,408,6860.0,12636,6850.0,9162,6840.0,22251,6830.0,2805,6880.0,22701,6890.0,10636,6900.0,32545,6910.0,18340,6920.0,16115,2025-05-09 17:54:14.271,,2147483647,1231798,False,nan
9774,1584957,1612664321,MERV - XMEV - GGAL - 24hs,6870.0,2025-05-09 17:54:13,699,2025-05-09 17:54:14.851,6870.0,408,6860.0,12636,6850.0,9162,6840.0,22251,6830.0,2805,6880.0,22701,6890.0,10636,6900.0,32545,6910.0,18340,6920.0,16115,2025-05-09 17:54:14.771,,2147483647,1232497,False,nan
9775,1585173,1612664589,MERV - XMEV - GGAL - 24hs,6870.0,2025-05-09 17:54:13,699,2025-05-09 17:54:17.470,6870.0,408,6860.0,12636,6850.0,9562,6840.0,22251,6830.0,2805,6880.0,22701,6890.0,10636,6900.0,32545,6910.0,18340,6920.0,16115,2025-05-09 17:54:17.388,,2147483647,1232497,False,nan
9776,1585597,1612665144,MERV - XMEV - GGAL - 24hs,6870.0,2025-05-09 17:54:21,408,2025-05-09 17:54:21.471,6870.0,408,6860.0,12636,6850.0,9562,6840.0,22251,6830.0,2805,6880.0,22701,6890.0,10636,6900.0,32545,6910.0,18340,6920.0,16115,2025-05-09 17:54:21.380,,2147483647,1232497,True,bid
9777,1585646,1612665201,MERV - XMEV - GGAL - 24hs,6870.0,2025-05-09 17:54:21,408,2025-05-09 17:54:22.127,6860.0,12636,6850.0,9562,6840.0,22251,6830.0,2805,6820.0,6364,6870.0,1092,6880.0,22701,6890.0,10636,6900.0,32545,6910.0,18340,2025-05-09 17:54:22.045,,2147483647,1232497,False,nan
9778,1585695,1612665262,MERV - XMEV - GGAL - 24hs,6870.0,2025-05-09 17:54:21,408,2025-05-09 17:54:22.635,6860.0,12636,6850.0,9562,6840.0,22251,6830.0,2805,6820.0,6364,6870.0,1092,6880.0,22701,6890.0,10636,6900.0,32545,6910.0,18340,2025-05-09 17:54:22.551,,2147483647,1232905,False,nan
9779,1585813,1612665411,MERV - XMEV - GGAL - 24hs,6870.0,2025-05-09 17:54:21,408,2025-05-09 17:54:24.510,6860.0,12636,6850.0,9562,6840.0,22251,6830.0,2805,6820.0,6364,6870.0,1092,6880.0,22701,6890.0,10536,6900.0,32045,6910.0,18340,2025-05-09 17:54:24.428,,2147483647,1232905,False,nan
9780,1586037,1612665680,MERV - XMEV - GGAL - 24hs,6870.0,2025-05-09 17:54:21,408,2025-05-09 17:54:26.524,6860.0,12636,6850.0,9562,6840.0,22251,6830.0,2805,6820.0,6364,6870.0,1092,6880.0,22701,6890.0,10536,6900.0,27045,6910.0,23340,2025-05-09 17:54:26.444,,2147483647,1232905,False,nan
9781,1586537,1612666344,MERV - XMEV - GGAL - 24hs,6860.0,2025-05-09 17:54:30,1,2025-05-09 17:54:30.598,6860.0,12636,6850.0,9562,6840.0,22251,6830.0,2805,6820.0,6364,6870.0,1092,6880.0,22701,6890.0,10536,6900.0,27045,6910.0,23340,2025-05-09 17:54:30.515,,2147483647,1232905,True,bid
9782,1586607,1612666442,MERV - XMEV - GGAL - 24hs,6860.0,2025-05-09 17:54:30,1,2025-05-09 17:54:31.279,6860.0,12635,6850.0,9562,6840.0,22251,6830.0,2805,6820.0,6364,6870.0,1092,6880.0,22701,6890.0,10536,6900.0,27045,6910.0,23340,2025-05-09 17:54:31.185,,2147483647,1232905,False,nan
9783,1586670,1612666517,MERV - XMEV - GGAL - 24hs,6860.0,2025-05-09 17:54:30,1,2025-05-09 17:54:31.768,6860.0,12635,6850.0,9562,6840.0,22251,6830.0,2805,6820.0,6364,6870.0,1092,6880.0,22701,6890.0,10536,6900.0,27045,6910.0,23340,2025-05-09 17:54:31.684,,2147483647,1232906,False,nan
9784,1586967,1612666914,MERV - XMEV - GGAL - 24hs,6870.0,2025-05-09 17:54:35,20,2025-05-09 17:54:35.222,6860.0,12635,6850.0,9562,6840.0,22251,6830.0,2805,6820.0,6364,6870.0,1092,6880.0,22701,6890.0,10536,6900.0,27045,6910.0,23340,2025-05-09 17:54:35.140,,2147483647,1232906,True,offer
9785,1587034,1612667006,MERV - XMEV - GGAL - 24hs,6870.0,2025-05-09 17:54:35,20,2025-05-09 17:54:35.939,6860.0,12635,6850.0,9562,6840.0,22251,6830.0,2805,6820.0,6364,6870.0,1072,6880.0,22701,6890.0,10536,6900.0,27045,6910.0,23340,2025-05-09 17:54:35.804,,2147483647,1232906,False,nan
9786,1587086,1612667069,MERV - XMEV - GGAL - 24hs,6870.0,2025-05-09 17:54:36,20,2025-05-09 17:54:36.395,6860.0,12635,6850.0,9562,6840.0,22251,6830.0,2805,6820.0,6364,6870.0,1072,6880.0,22701,6890.0,10536,6900.0,27045,6910.0,23340,2025-05-09 17:54:36.307,,2147483647,1232926,True,offer
9787,1587200,1612667199,MERV - XMEV - GGAL - 24hs,6870.0,2025-05-09 17:54:36,20,2025-05-09 17:54:37.076,6860.0,12635,6850.0,9562,6840.0,22251,6830.0,2805,6820.0,6364,6870.0,1052,6880.0,22701,6890.0,10536,6900.0,27045,6910.0,23340,2025-05-09 17:54:36.987,,2147483647,1232926,False,nan
9788,1587234,1612667239,MERV - XMEV - GGAL - 24hs,6870.0,2025-05-09 17:54:36,20,2025-05-09 17:54:38.087,6860.0,12635,6850.0,9562,6840.0,22251,6830.0,2805,6820.0,6364,6870.0,1052,6880.0,22701,6890.0,10536,6900.0,27045,6910.0,23340,2025-05-09 17:54:37.997,,2147483647,1232946,False,nan
9789,1588032,1612668307,MERV - XMEV - GGAL - 24hs,6870.0,2025-05-09 17:54:36,20,2025-05-09 17:54:50.009,6860.0,12635,6850.0,9562,6840.0,22251,6830.0,2805,6820.0,6364,6870.0,1052,6880.0,22701,6890.0,10662,6900.0,27045,6910.0,23340,2025-05-09 17:54:49.926,,2147483647,1232946,False,nan
9790,1588578,1612669041,MERV - XMEV - GGAL - 24hs,6870.0,2025-05-09 17:54:36,20,2025-05-09 17:54:55.871,6860.0,12635,6850.0,9562,6840.0,22251,6830.0,3805,6820.0,5364,6870.0,1052,6880.0,22701,6890.0,10662,6900.0,27045,6910.0,23340,2025-05-09 17:54:55.786,,2147483647,1232946,False,nan
9791,1589442,1612670159,MERV - XMEV - GGAL - 24hs,6870.0,2025-05-09 17:54:36,20,2025-05-09 17:55:04.971,6860.0,12635,6850.0,9162,6840.0,7251,6830.0,17805,6820.0,5364,6870.0,1052,6880.0,22701,6890.0,22662,6900.0,20045,6910.0,18340,2025-05-09 17:55:04.890,,2147483647,1232946,False,nan
9792,1589848,1612670670,MERV - XMEV - GGAL - 24hs,6870.0,2025-05-09 17:54:36,20,2025-05-09 17:55:09.610,6860.0,12635,6850.0,9854,6840.0,7251,6830.0,17805,6820.0,5364,6870.0,1052,6880.0,22701,6890.0,22662,6900.0,20045,6910.0,18340,2025-05-09 17:55:09.524,,2147483647,1232946,False,nan
9793,1590020,1612670879,MERV - XMEV - GGAL - 24hs,6870.0,2025-05-09 17:55:10,80,2025-05-09 17:55:10.649,6860.0,12635,6850.0,9854,6840.0,7251,6830.0,17805,6820.0,5364,6870.0,1052,6880.0,22701,6890.0,22662,6900.0,20045,6910.0,18340,2025-05-09 17:55:10.567,,2147483647,1232946,True,offer
9794,1590102,1612670982,MERV - XMEV - GGAL - 24hs,6870.0,2025-05-09 17:55:10,80,2025-05-09 17:55:11.313,6860.0,12635,6850.0,9854,6840.0,7251,6830.0,17805,6820.0,5364,6870.0,972,6880.0,22701,6890.0,22662,6900.0,20045,6910.0,18340,2025-05-09 17:55:11.231,,2147483647,1232946,False,nan
9795,1590280,1612671187,MERV - XMEV - GGAL - 24hs,6870.0,2025-05-09 17:55:10,80,2025-05-09 17:55:11.986,6860.0,12635,6850.0,9854,6840.0,7251,6830.0,17805,6820.0,5364,6870.0,972,6880.0,22701,6890.0,22662,6900.0,20045,6910.0,18340,2025-05-09 17:55:11.732,,2147483647,1233026,False,nan
9796,1590450,1612671401,MERV - XMEV - GGAL - 24hs,6870.0,2025-05-09 17:55:10,80,2025-05-09 17:55:12.643,6860.0,13327,6850.0,9162,6840.0,7251,6830.0,17805,6820.0,5364,6870.0,972,6880.0,22701,6890.0,22662,6900.0,20045,6910.0,18340,2025-05-09 17:55:12.232,,2147483647,1233026,False,nan
9797,1591031,1612672161,MERV - XMEV - GGAL - 24hs,6870.0,2025-05-09 17:55:16,1,2025-05-09 17:55:16.253,6860.0,13327,6850.0,9162,6840.0,7251,6830.0,17805,6820.0,5364,6870.0,972,6880.0,22701,6890.0,22662,6900.0,20045,6910.0,18340,2025-05-09 17:55:16.171,,2147483647,1233026,True,offer
9798,1591107,1612672274,MERV - XMEV - GGAL - 24hs,6870.0,2025-05-09 17:55:16,2,2025-05-09 17:55:16.753,6860.0,13327,6850.0,9162,6840.0,7251,6830.0,17805,6820.0,5364,6870.0,972,6880.0,22701,6890.0,22662,6900.0,20045,6910.0,18340,2025-05-09 17:55:16.671,,2147483647,1233027,False,nan
9799,1591176,1612672371,MERV - XMEV - GGAL - 24hs,6870.0,2025-05-09 17:55:16,2,2025-05-09 17:55:17.254,6860.0,13327,6850.0,9162,6840.0,7251,6830.0,17805,6820.0,5364,6870.0,969,6880.0,22701,6890.0,22662,6900.0,20045,6910.0,18340,2025-05-09 17:55:17.171,,2147483647,1233029,False,nan
9800,1591961,1612673427,MERV - XMEV - GGAL - 24hs,6870.0,2025-05-09 17:55:22,3,2025-05-09 17:55:23.096,6860.0,13327,6850.0,9162,6840.0,7251,6830.0,17805,6820.0,5364,6870.0,969,6880.0,22701,6890.0,22662,6900.0,20045,6910.0,18340,2025-05-09 17:55:23.008,,2147483647,1233029,True,offer
9801,1592002,1612673479,MERV - XMEV - GGAL - 24hs,6870.0,2025-05-09 17:55:22,3,2025-05-09 17:55:23.782,6860.0,13327,6850.0,9162,6840.0,7251,6830.0,17805,6820.0,5364,6870.0,969,6880.0,22701,6890.0,22662,6900.0,20045,6910.0,18340,2025-05-09 17:55:23.696,,2147483647,1233032,False,nan
9802,1592084,1612673574,MERV - XMEV - GGAL - 24hs,6870.0,2025-05-09 17:55:22,3,2025-05-09 17:55:24.283,6860.0,13327,6850.0,9162,6840.0,7251,6830.0,17805,6820.0,5364,6870.0,966,6880.0,22701,6890.0,22662,6900.0,20045,6910.0,18340,2025-05-09 17:55:24.196,,2147483647,1233032,False,nan
9803,1592713,1612674388,MERV - XMEV - GGAL - 24hs,6860.0,2025-05-09 17:55:28,75,2025-05-09 17:55:28.761,6860.0,13327,6850.0,9162,6840.0,7251,6830.0,17805,6820.0,5364,6870.0,966,6880.0,22701,6890.0,22662,6900.0,20045,6910.0,18340,2025-05-09 17:55:28.680,,2147483647,1233032,True,bid
9804,1592767,1612674457,MERV - XMEV - GGAL - 24hs,6860.0,2025-05-09 17:55:28,75,2025-05-09 17:55:29.434,6860.0,13252,6850.0,9162,6840.0,7251,6830.0,17805,6820.0,5364,6870.0,966,6880.0,22701,6890.0,22662,6900.0,20045,6910.0,18340,2025-05-09 17:55:29.353,,2147483647,1233032,False,nan
9805,1592815,1612674515,MERV - XMEV - GGAL - 24hs,6860.0,2025-05-09 17:55:28,75,2025-05-09 17:55:29.930,6860.0,13252,6850.0,9162,6840.0,7251,6830.0,17805,6820.0,5364,6870.0,966,6880.0,22701,6890.0,22662,6900.0,20045,6910.0,18340,2025-05-09 17:55:29.849,,2147483647,1233107,False,nan
9806,1592932,1612674663,MERV - XMEV - GGAL - 24hs,6860.0,2025-05-09 17:55:30,308,2025-05-09 17:55:30.920,6860.0,13252,6850.0,9162,6840.0,7251,6830.0,17805,6820.0,5364,6870.0,966,6880.0,22701,6890.0,22662,6900.0,20045,6910.0,18340,2025-05-09 17:55:30.839,,2147483647,1233107,True,bid
9807,1592995,1612674744,MERV - XMEV - GGAL - 24hs,6860.0,2025-05-09 17:55:30,308,2025-05-09 17:55:31.599,6860.0,12944,6850.0,9162,6840.0,7251,6830.0,17805,6820.0,5364,6870.0,966,6880.0,22701,6890.0,22662,6900.0,20045,6910.0,18340,2025-05-09 17:55:31.507,,2147483647,1233107,False,nan
9808,1593039,1612674798,MERV - XMEV - GGAL - 24hs,6860.0,2025-05-09 17:55:30,308,2025-05-09 17:55:32.088,6860.0,12944,6850.0,9162,6840.0,7251,6830.0,17805,6820.0,5364,6870.0,966,6880.0,22701,6890.0,22662,6900.0,20045,6910.0,18340,2025-05-09 17:55:32.007,,2147483647,1233415,False,nan
9809,1593844,1612675853,MERV - XMEV - GGAL - 24hs,6860.0,2025-05-09 17:55:30,308,2025-05-09 17:55:38.563,6860.0,12597,6850.0,9162,6840.0,7251,6830.0,17805,6820.0,6364,6870.0,966,6880.0,22701,6890.0,22662,6900.0,20045,6910.0,18340,2025-05-09 17:55:38.099,,2147483647,1233415,False,nan
9810,1593980,1612676048,MERV - XMEV - GGAL - 24hs,6870.0,2025-05-09 17:55:39,1,2025-05-09 17:55:39.343,6860.0,12597,6850.0,9162,6840.0,7251,6830.0,17805,6820.0,6364,6870.0,966,6880.0,22701,6890.0,22662,6900.0,20045,6910.0,18340,2025-05-09 17:55:39.261,,2147483647,1233415,True,offer
9811,1594090,1612676198,MERV - XMEV - GGAL - 24hs,6870.0,2025-05-09 17:55:39,1,2025-05-09 17:55:40.028,6860.0,12597,6850.0,9162,6840.0,7251,6830.0,17805,6820.0,6364,6870.0,965,6880.0,22701,6890.0,22662,6900.0,20045,6910.0,18340,2025-05-09 17:55:39.930,,2147483647,1233415,False,nan
9812,1594154,1612676288,MERV - XMEV - GGAL - 24hs,6870.0,2025-05-09 17:55:39,1,2025-05-09 17:55:40.520,6860.0,12597,6850.0,9162,6840.0,7251,6830.0,17805,6820.0,6364,6870.0,965,6880.0,22701,6890.0,22662,6900.0,20045,6910.0,18340,2025-05-09 17:55:40.430,,2147483647,1233416,False,nan
9813,1594276,1612676448,MERV - XMEV - GGAL - 24hs,6870.0,2025-05-09 17:55:39,1,2025-05-09 17:55:41.105,6860.0,12597,6850.0,9162,6840.0,7251,6830.0,17805,6820.0,6364,6870.0,2465,6880.0,22701,6890.0,22662,6900.0,20045,6910.0,18340,2025-05-09 17:55:41.023,,2147483647,1233416,False,nan
9814,1594835,1612677240,MERV - XMEV - GGAL - 24hs,6870.0,2025-05-09 17:55:46,71,2025-05-09 17:55:46.623,6860.0,12597,6850.0,9162,6840.0,7251,6830.0,17805,6820.0,6364,6870.0,2465,6880.0,22701,6890.0,22662,6900.0,20045,6910.0,18340,2025-05-09 17:55:46.486,,2147483647,1233416,True,offer
9815,1594950,1612677402,MERV - XMEV - GGAL - 24hs,6870.0,2025-05-09 17:55:46,71,2025-05-09 17:55:47.127,6860.0,12597,6850.0,9162,6840.0,7251,6830.0,17805,6820.0,6364,6870.0,2394,6880.0,22701,6890.0,22662,6900.0,20045,6910.0,18340,2025-05-09 17:55:46.981,,2147483647,1233416,False,nan
9816,1594987,1612677456,MERV - XMEV - GGAL - 24hs,6870.0,2025-05-09 17:55:46,71,2025-05-09 17:55:47.566,6860.0,12597,6850.0,9162,6840.0,7251,6830.0,17805,6820.0,6364,6870.0,2394,6880.0,22701,6890.0,22662,6900.0,20045,6910.0,18340,2025-05-09 17:55:47.481,,2147483647,1233487,False,nan
9817,1595025,1612677512,MERV - XMEV - GGAL - 24hs,6870.0,2025-05-09 17:55:46,71,2025-05-09 17:55:48.063,6860.0,13097,6850.0,9162,6840.0,7251,6830.0,17805,6820.0,6364,6870.0,2394,6880.0,22701,6890.0,22662,6900.0,20045,6910.0,18340,2025-05-09 17:55:47.981,,2147483647,1233487,False,nan
9818,1595276,1612677859,MERV - XMEV - GGAL - 24hs,6860.0,2025-05-09 17:55:49,2500,2025-05-09 17:55:50.035,6860.0,13097,6850.0,9162,6840.0,7251,6830.0,17805,6820.0,6364,6870.0,2394,6880.0,22701,6890.0,22662,6900.0,20045,6910.0,18340,2025-05-09 17:55:49.867,,2147483647,1233487,True,bid
9819,1595364,1612677970,MERV - XMEV - GGAL - 24hs,6860.0,2025-05-09 17:55:49,2500,2025-05-09 17:55:50.608,6860.0,13097,6850.0,9162,6840.0,7251,6830.0,17805,6820.0,6364,6870.0,2394,6880.0,22701,6890.0,22662,6900.0,20045,6910.0,18340,2025-05-09 17:55:50.523,,2147483647,1235987,False,nan
9820,1595433,1612678057,MERV - XMEV - GGAL - 24hs,6860.0,2025-05-09 17:55:49,2500,2025-05-09 17:55:51.107,6860.0,10597,6850.0,9162,6840.0,7251,6830.0,17805,6820.0,6364,6870.0,2394,6880.0,22701,6890.0,22662,6900.0,20045,6910.0,18340,2025-05-09 17:55:51.023,,2147483647,1235987,False,nan
9821,1596043,1612678897,MERV - XMEV - GGAL - 24hs,6860.0,2025-05-09 17:55:49,2500,2025-05-09 17:55:55.766,6860.0,10597,6850.0,9162,6840.0,7251,6830.0,17805,6820.0,6364,6870.0,2394,6880.0,24201,6890.0,22662,6900.0,20045,6910.0,18340,2025-05-09 17:55:55.594,,2147483647,1235987,False,nan
9822,1596460,1612679451,MERV - XMEV - GGAL - 24hs,6860.0,2025-05-09 17:55:49,2500,2025-05-09 17:56:00.414,6860.0,10597,6850.0,9162,6840.0,7251,6830.0,17805,6820.0,6364,6870.0,2394,6880.0,24201,6890.0,12662,6900.0,30045,6910.0,18340,2025-05-09 17:56:00.331,,2147483647,1235987,False,nan
9823,1596588,1612679611,MERV - XMEV - GGAL - 24hs,6870.0,2025-05-09 17:56:00,5,2025-05-09 17:56:01.068,6860.0,10597,6850.0,9162,6840.0,7251,6830.0,17805,6820.0,6364,6870.0,2394,6880.0,24201,6890.0,12662,6900.0,30045,6910.0,18340,2025-05-09 17:56:00.832,,2147483647,1235987,True,offer
9824,1596666,1612679719,MERV - XMEV - GGAL - 24hs,6870.0,2025-05-09 17:56:00,5,2025-05-09 17:56:01.413,6860.0,10597,6850.0,9162,6840.0,7251,6830.0,17805,6820.0,6364,6870.0,2389,6880.0,24201,6890.0,12662,6900.0,30045,6910.0,18340,2025-05-09 17:56:01.332,,2147483647,1235987,False,nan
9825,1596741,1612679826,MERV - XMEV - GGAL - 24hs,6870.0,2025-05-09 17:56:00,5,2025-05-09 17:56:01.944,6860.0,10597,6850.0,9162,6840.0,7251,6830.0,17805,6820.0,6364,6870.0,2389,6880.0,24201,6890.0,12662,6900.0,30045,6910.0,18340,2025-05-09 17:56:01.832,,2147483647,1235992,False,nan
9826,1596785,1612679880,MERV - XMEV - GGAL - 24hs,6870.0,2025-05-09 17:56:00,5,2025-05-09 17:56:02.417,6860.0,10944,6850.0,9162,6840.0,7251,6830.0,17805,6820.0,6364,6870.0,2389,6880.0,24201,6890.0,12662,6900.0,30045,6910.0,18340,2025-05-09 17:56:02.331,,2147483647,1235992,False,nan
9827,1596909,1612680042,MERV - XMEV - GGAL - 24hs,6870.0,2025-05-09 17:56:00,5,2025-05-09 17:56:03.912,6860.0,10669,6850.0,9162,6840.0,7251,6830.0,17805,6820.0,6364,6870.0,2389,6880.0,24201,6890.0,10662,6900.0,32045,6910.0,18340,2025-05-09 17:56:03.830,,2147483647,1235992,False,nan
9828,1597266,1612680469,MERV - XMEV - GGAL - 24hs,6870.0,2025-05-09 17:56:00,5,2025-05-09 17:56:05.531,6860.0,11016,6850.0,9162,6840.0,7251,6830.0,17805,6820.0,6364,6870.0,2389,6880.0,24201,6890.0,10662,6900.0,32045,6910.0,18340,2025-05-09 17:56:05.135,,2147483647,1235992,False,nan
9829,1597347,1612680567,MERV - XMEV - GGAL - 24hs,6870.0,2025-05-09 17:56:05,400,2025-05-09 17:56:05.825,6860.0,11016,6850.0,9162,6840.0,7251,6830.0,17805,6820.0,6364,6870.0,2389,6880.0,24201,6890.0,10662,6900.0,32045,6910.0,18340,2025-05-09 17:56:05.636,,2147483647,1235992,True,offer
9830,1597383,1612680609,MERV - XMEV - GGAL - 24hs,6870.0,2025-05-09 17:56:05,400,2025-05-09 17:56:06.217,6860.0,10938,6850.0,9329,6840.0,7251,6830.0,17805,6820.0,6364,6870.0,1989,6880.0,24201,6890.0,10662,6900.0,32045,6910.0,18340,2025-05-09 17:56:06.135,,2147483647,1236392,False,nan
9831,1597493,1612680751,MERV - XMEV - GGAL - 24hs,6870.0,2025-05-09 17:56:05,400,2025-05-09 17:56:07.344,6860.0,10938,6850.0,9329,6840.0,7251,6830.0,17805,6820.0,6364,6870.0,1989,6880.0,24201,6890.0,10662,6900.0,27045,6910.0,23340,2025-05-09 17:56:07.262,,2147483647,1236392,False,nan
9832,1597590,1612680896,MERV - XMEV - GGAL - 24hs,6870.0,2025-05-09 17:56:05,400,2025-05-09 17:56:08.106,6860.0,10944,6850.0,9329,6840.0,7251,6830.0,17805,6820.0,6364,6870.0,1989,6880.0,24201,6890.0,10662,6900.0,27045,6910.0,23340,2025-05-09 17:56:08.024,,2147483647,1236392,False,nan
9833,1597635,1612680966,MERV - XMEV - GGAL - 24hs,6870.0,2025-05-09 17:56:08,17,2025-05-09 17:56:08.613,6860.0,10944,6850.0,9329,6840.0,7251,6830.0,17805,6820.0,6364,6870.0,1989,6880.0,24201,6890.0,10662,6900.0,27045,6910.0,23340,2025-05-09 17:56:08.526,,2147483647,1236392,True,offer
9834,1597671,1612681014,MERV - XMEV - GGAL - 24hs,6870.0,2025-05-09 17:56:08,17,2025-05-09 17:56:09.116,6860.0,10944,6850.0,9329,6840.0,7251,6830.0,17805,6820.0,6364,6870.0,1972,6880.0,24201,6890.0,10662,6900.0,27045,6910.0,23340,2025-05-09 17:56:09.029,,2147483647,1236409,False,nan
9835,1597773,1612681134,MERV - XMEV - GGAL - 24hs,6870.0,2025-05-09 17:56:10,3,2025-05-09 17:56:10.125,6860.0,10944,6850.0,9329,6840.0,7251,6830.0,17805,6820.0,6364,6870.0,1972,6880.0,24201,6890.0,10662,6900.0,27045,6910.0,23340,2025-05-09 17:56:10.041,,2147483647,1236409,True,offer
9836,1597830,1612681215,MERV - XMEV - GGAL - 24hs,6870.0,2025-05-09 17:56:10,3,2025-05-09 17:56:10.789,6860.0,10944,6850.0,9329,6840.0,7251,6830.0,17805,6820.0,6364,6870.0,1969,6880.0,24201,6890.0,10662,6900.0,28545,6910.0,23340,2025-05-09 17:56:10.707,,2147483647,1236409,False,nan
9837,1597867,1612681262,MERV - XMEV - GGAL - 24hs,6870.0,2025-05-09 17:56:10,3,2025-05-09 17:56:11.293,6860.0,10944,6850.0,9329,6840.0,7251,6830.0,17805,6820.0,6364,6870.0,1969,6880.0,24201,6890.0,10662,6900.0,28545,6910.0,23340,2025-05-09 17:56:11.207,,2147483647,1236412,False,nan
9838,1598037,1612681478,MERV - XMEV - GGAL - 24hs,6870.0,2025-05-09 17:56:10,3,2025-05-09 17:56:12.736,6860.0,10944,6850.0,9329,6840.0,7251,6830.0,18805,6820.0,5364,6870.0,1969,6880.0,24201,6890.0,10662,6900.0,28545,6910.0,23340,2025-05-09 17:56:12.654,,2147483647,1236412,False,nan
9839,1598125,1612681594,MERV - XMEV - GGAL - 24hs,6870.0,2025-05-09 17:56:10,3,2025-05-09 17:56:13.475,6860.0,11291,6850.0,9329,6840.0,7251,6830.0,18805,6820.0,5364,6870.0,1969,6880.0,24201,6890.0,10662,6900.0,28545,6910.0,23340,2025-05-09 17:56:13.393,,2147483647,1236412,False,nan
9840,1598180,1612681691,MERV - XMEV - GGAL - 24hs,6870.0,2025-05-09 17:56:14,230,2025-05-09 17:56:14.690,6860.0,11291,6850.0,9329,6840.0,7251,6830.0,18805,6820.0,5364,6870.0,1969,6880.0,24201,6890.0,10662,6900.0,28545,6910.0,23340,2025-05-09 17:56:14.602,,2147483647,1236412,True,offer
9841,1598244,1612681797,MERV - XMEV - GGAL - 24hs,6870.0,2025-05-09 17:56:14,230,2025-05-09 17:56:15.027,6860.0,10597,6850.0,9329,6840.0,7251,6830.0,18805,6820.0,5364,6870.0,1739,6880.0,24201,6890.0,10662,6900.0,28545,6910.0,23340,2025-05-09 17:56:14.721,,2147483647,1236412,False,nan
9842,1598288,1612681857,MERV - XMEV - GGAL - 24hs,6870.0,2025-05-09 17:56:14,230,2025-05-09 17:56:15.218,6860.0,10597,6850.0,9329,6840.0,7251,6830.0,18805,6820.0,5364,6870.0,1739,6880.0,24201,6890.0,10662,6900.0,28545,6910.0,23340,2025-05-09 17:56:15.075,,2147483647,1236642,False,nan
9843,1598423,1612682057,MERV - XMEV - GGAL - 24hs,6870.0,2025-05-09 17:56:14,230,2025-05-09 17:56:16.862,6860.0,10597,6850.0,9329,6840.0,7251,6830.0,18805,6820.0,5364,6870.0,4239,6880.0,24201,6890.0,10662,6900.0,28545,6910.0,20840,2025-05-09 17:56:16.780,,2147483647,1236642,False,nan
9844,1598495,1612682154,MERV - XMEV - GGAL - 24hs,6870.0,2025-05-09 17:56:14,230,2025-05-09 17:56:17.688,6860.0,10252,6850.0,9711,6840.0,7251,6830.0,18805,6820.0,5364,6870.0,4239,6880.0,24201,6890.0,10662,6900.0,28545,6910.0,20840,2025-05-09 17:56:17.605,,2147483647,1236642,False,nan
9845,1598562,1612682252,MERV - XMEV - GGAL - 24hs,6870.0,2025-05-09 17:56:18,239,2025-05-09 17:56:18.837,6860.0,10252,6850.0,9711,6840.0,7251,6830.0,18805,6820.0,5364,6870.0,4239,6880.0,24201,6890.0,10662,6900.0,28545,6910.0,20840,2025-05-09 17:56:18.755,,2147483647,1236642,True,offer
9846,1598597,1612682298,MERV - XMEV - GGAL - 24hs,6870.0,2025-05-09 17:56:18,261,2025-05-09 17:56:19.336,6860.0,10252,6850.0,9711,6840.0,7251,6830.0,18805,6820.0,5364,6870.0,4239,6880.0,24201,6890.0,10662,6900.0,28545,6910.0,20840,2025-05-09 17:56:19.255,,2147483647,1236642,False,nan
9847,1598694,1612682421,MERV - XMEV - GGAL - 24hs,6870.0,2025-05-09 17:56:18,261,2025-05-09 17:56:19.836,6860.0,10252,6850.0,10715,6840.0,7251,6830.0,18805,6820.0,5364,6870.0,3739,6880.0,24201,6890.0,10662,6900.0,28545,6910.0,20840,2025-05-09 17:56:19.755,,2147483647,1237142,False,nan
9848,1598994,1612682793,MERV - XMEV - GGAL - 24hs,6870.0,2025-05-09 17:56:18,261,2025-05-09 17:56:22.941,6860.0,10252,6850.0,10752,6840.0,7251,6830.0,18805,6820.0,5364,6870.0,3739,6880.0,24201,6890.0,10662,6900.0,28545,6910.0,20840,2025-05-09 17:56:22.859,,2147483647,1237142,False,nan
9849,1599020,1612682823,MERV - XMEV - GGAL - 24hs,6860.0,2025-05-09 17:56:23,9,2025-05-09 17:56:23.441,6860.0,10252,6850.0,10752,6840.0,7251,6830.0,18805,6820.0,5364,6870.0,3739,6880.0,24201,6890.0,10662,6900.0,28545,6910.0,20840,2025-05-09 17:56:23.360,,2147483647,1237142,True,bid
9850,1599069,1612682910,MERV - XMEV - GGAL - 24hs,6860.0,2025-05-09 17:56:23,9,2025-05-09 17:56:24.088,6860.0,10243,6850.0,10752,6840.0,7251,6830.0,18805,6820.0,5364,6870.0,3739,6880.0,24201,6890.0,10662,6900.0,28545,6910.0,20840,2025-05-09 17:56:24.006,,2147483647,1237142,False,nan
9851,1599151,1612683015,MERV - XMEV - GGAL - 24hs,6860.0,2025-05-09 17:56:23,9,2025-05-09 17:56:24.609,6860.0,10243,6850.0,10752,6840.0,7251,6830.0,18805,6820.0,5364,6870.0,3739,6880.0,24201,6890.0,10662,6900.0,28545,6910.0,20840,2025-05-09 17:56:24.506,,2147483647,1237151,False,nan
9852,1600122,1612684439,MERV - XMEV - GGAL - 24hs,6870.0,2025-05-09 17:56:34,6,2025-05-09 17:56:34.784,6860.0,10243,6850.0,10752,6840.0,7251,6830.0,18805,6820.0,5364,6870.0,3739,6880.0,24201,6890.0,10662,6900.0,28545,6910.0,20840,2025-05-09 17:56:34.694,,2147483647,1237151,True,offer
9853,1600185,1612684519,MERV - XMEV - GGAL - 24hs,6870.0,2025-05-09 17:56:34,6,2025-05-09 17:56:35.285,6860.0,10243,6850.0,10752,6840.0,7251,6830.0,18805,6820.0,5364,6870.0,3733,6880.0,24201,6890.0,10662,6900.0,28545,6910.0,20840,2025-05-09 17:56:35.192,,2147483647,1237151,False,nan
9854,1600244,1612684591,MERV - XMEV - GGAL - 24hs,6870.0,2025-05-09 17:56:34,6,2025-05-09 17:56:35.781,6860.0,10243,6850.0,10752,6840.0,7251,6830.0,18805,6820.0,5364,6870.0,3733,6880.0,24201,6890.0,10662,6900.0,28545,6910.0,20840,2025-05-09 17:56:35.694,,2147483647,1237157,False,nan
9855,1601744,1612686574,MERV - XMEV - GGAL - 24hs,6870.0,2025-05-09 17:56:34,6,2025-05-09 17:56:49.335,6860.0,10243,6850.0,10752,6840.0,22251,6830.0,3805,6820.0,5364,6870.0,3733,6880.0,24201,6890.0,10662,6900.0,28545,6910.0,21340,2025-05-09 17:56:49.240,,2147483647,1237157,False,nan
9856,1601847,1612686706,MERV - XMEV - GGAL - 24hs,6870.0,2025-05-09 17:56:34,6,2025-05-09 17:56:50.292,6860.0,10588,6850.0,9329,6840.0,22251,6830.0,3805,6820.0,5364,6870.0,3733,6880.0,24201,6890.0,10662,6900.0,28545,6910.0,21340,2025-05-09 17:56:50.206,,2147483647,1237157,False,nan
9857,1601977,1612686886,MERV - XMEV - GGAL - 24hs,6870.0,2025-05-09 17:56:34,6,2025-05-09 17:56:51.389,6860.0,10588,6850.0,9329,6840.0,22251,6830.0,3805,6820.0,5364,6870.0,1233,6880.0,26701,6890.0,10662,6900.0,28545,6910.0,21340,2025-05-09 17:56:51.300,,2147483647,1237157,False,nan
9858,1602611,1612687689,MERV - XMEV - GGAL - 24hs,6870.0,2025-05-09 17:56:54,13,2025-05-09 17:56:55.810,6860.0,10588,6850.0,9329,6840.0,22251,6830.0,3805,6820.0,5364,6870.0,1233,6880.0,26701,6890.0,10662,6900.0,28545,6910.0,21340,2025-05-09 17:56:55.219,,2147483647,1237157,True,offer
9859,1602742,1612687871,MERV - XMEV - GGAL - 24hs,6870.0,2025-05-09 17:56:54,13,2025-05-09 17:56:56.359,6860.0,10588,6850.0,9329,6840.0,22251,6830.0,3805,6820.0,5364,6870.0,1220,6880.0,26701,6890.0,10662,6900.0,28545,6910.0,21340,2025-05-09 17:56:55.720,,2147483647,1237170,False,nan
9860,1603787,1612689171,MERV - XMEV - GGAL - 24hs,6870.0,2025-05-09 17:57:03,43,2025-05-09 17:57:03.768,6860.0,10588,6850.0,9329,6840.0,22251,6830.0,3805,6820.0,5364,6870.0,1220,6880.0,26701,6890.0,10662,6900.0,28545,6910.0,21340,2025-05-09 17:57:03.685,,2147483647,1237170,True,offer
9861,1603833,1612689233,MERV - XMEV - GGAL - 24hs,6870.0,2025-05-09 17:57:03,43,2025-05-09 17:57:04.516,6860.0,10588,6850.0,24329,6840.0,8251,6830.0,2805,6820.0,5364,6870.0,1177,6880.0,26701,6890.0,10662,6900.0,28545,6910.0,21340,2025-05-09 17:57:04.348,,2147483647,1237170,False,nan
9862,1603890,1612689335,MERV - XMEV - GGAL - 24hs,6870.0,2025-05-09 17:57:03,43,2025-05-09 17:57:04.931,6860.0,10588,6850.0,24329,6840.0,8251,6830.0,2805,6820.0,5364,6870.0,1177,6880.0,26701,6890.0,10662,6900.0,28545,6910.0,21340,2025-05-09 17:57:04.848,,2147483647,1237213,False,nan
9863,1603950,1612689417,MERV - XMEV - GGAL - 24hs,6870.0,2025-05-09 17:57:03,43,2025-05-09 17:57:05.521,6860.0,10935,6850.0,24329,6840.0,8251,6830.0,2805,6820.0,5364,6870.0,1177,6880.0,26701,6890.0,10662,6900.0,26545,6910.0,23340,2025-05-09 17:57:05.437,,2147483647,1237213,False,nan
9864,1604335,1612689866,MERV - XMEV - GGAL - 24hs,6870.0,2025-05-09 17:57:07,3,2025-05-09 17:57:07.787,6860.0,10935,6850.0,24329,6840.0,8251,6830.0,2805,6820.0,5364,6870.0,1177,6880.0,26701,6890.0,10662,6900.0,26545,6910.0,23340,2025-05-09 17:57:07.697,,2147483647,1237213,True,offer
9865,1604400,1612689952,MERV - XMEV - GGAL - 24hs,6870.0,2025-05-09 17:57:07,3,2025-05-09 17:57:08.300,6860.0,10935,6850.0,24329,6840.0,8251,6830.0,2805,6820.0,5364,6870.0,1174,6880.0,26701,6890.0,10662,6900.0,26545,6910.0,23340,2025-05-09 17:57:08.216,,2147483647,1237213,False,nan
9866,1604450,1612690015,MERV - XMEV - GGAL - 24hs,6870.0,2025-05-09 17:57:07,3,2025-05-09 17:57:08.814,6860.0,10935,6850.0,24329,6840.0,8251,6830.0,2805,6820.0,5364,6870.0,1174,6880.0,26701,6890.0,10662,6900.0,26545,6910.0,23340,2025-05-09 17:57:08.720,,2147483647,1237216,False,nan
9867,1604686,1612690324,MERV - XMEV - GGAL - 24hs,6860.0,2025-05-09 17:57:10,1,2025-05-09 17:57:10.704,6860.0,10935,6850.0,24329,6840.0,8251,6830.0,2805,6820.0,5364,6870.0,1174,6880.0,26701,6890.0,10662,6900.0,26545,6910.0,23340,2025-05-09 17:57:10.557,,2147483647,1237216,True,bid
9868,1604747,1612690404,MERV - XMEV - GGAL - 24hs,6860.0,2025-05-09 17:57:10,1,2025-05-09 17:57:11.315,6860.0,10934,6850.0,24329,6840.0,8251,6830.0,2805,6820.0,5364,6870.0,1174,6880.0,26701,6890.0,10662,6900.0,26545,6910.0,23340,2025-05-09 17:57:11.227,,2147483647,1237216,False,nan
9869,1604796,1612690476,MERV - XMEV - GGAL - 24hs,6860.0,2025-05-09 17:57:10,1,2025-05-09 17:57:11.821,6860.0,10934,6850.0,24329,6840.0,8251,6830.0,2805,6820.0,5364,6870.0,1174,6880.0,26701,6890.0,10662,6900.0,26545,6910.0,23340,2025-05-09 17:57:11.727,,2147483647,1237217,False,nan
9870,1605193,1612691043,MERV - XMEV - GGAL - 24hs,6870.0,2025-05-09 17:57:15,4,2025-05-09 17:57:15.757,6860.0,10934,6850.0,24329,6840.0,8251,6830.0,2805,6820.0,5364,6870.0,1174,6880.0,26701,6890.0,10662,6900.0,26545,6910.0,23340,2025-05-09 17:57:15.675,,2147483647,1237217,True,offer
9871,1605239,1612691113,MERV - XMEV - GGAL - 24hs,6870.0,2025-05-09 17:57:15,4,2025-05-09 17:57:16.422,6860.0,10934,6850.0,24329,6840.0,8251,6830.0,2805,6820.0,5364,6870.0,1170,6880.0,26701,6890.0,10662,6900.0,26545,6910.0,23340,2025-05-09 17:57:16.339,,2147483647,1237217,False,nan
9872,1605280,1612691171,MERV - XMEV - GGAL - 24hs,6870.0,2025-05-09 17:57:15,4,2025-05-09 17:57:16.923,6860.0,10934,6850.0,24329,6840.0,8251,6830.0,2805,6820.0,5364,6870.0,1170,6880.0,26701,6890.0,10662,6900.0,26545,6910.0,23340,2025-05-09 17:57:16.838,,2147483647,1237221,False,nan
9873,1605357,1612691271,MERV - XMEV - GGAL - 24hs,6870.0,2025-05-09 17:57:15,4,2025-05-09 17:57:17.519,6860.0,12321,6850.0,24329,6840.0,8251,6830.0,2805,6820.0,5364,6870.0,1170,6880.0,26701,6890.0,10662,6900.0,26545,6910.0,23340,2025-05-09 17:57:17.338,,2147483647,1237221,False,nan
9874,1605540,1612691489,MERV - XMEV - GGAL - 24hs,6870.0,2025-05-09 17:57:15,4,2025-05-09 17:57:18.847,6860.0,12668,6850.0,24329,6840.0,8251,6830.0,2805,6820.0,5364,6870.0,1170,6880.0,26701,6890.0,10662,6900.0,26545,6910.0,23340,2025-05-09 17:57:18.763,,2147483647,1237221,False,nan
9875,1605805,1612691834,MERV - XMEV - GGAL - 24hs,6870.0,2025-05-09 17:57:15,4,2025-05-09 17:57:20.818,6860.0,12668,6850.0,24329,6840.0,8251,6830.0,2805,6820.0,5364,6870.0,1170,6880.0,26701,6890.0,10662,6900.0,16545,6910.0,33340,2025-05-09 17:57:20.533,,2147483647,1237221,False,nan
9876,1605982,1612692064,MERV - XMEV - GGAL - 24hs,6870.0,2025-05-09 17:57:15,4,2025-05-09 17:57:21.774,6860.0,12668,6850.0,24329,6840.0,8251,6830.0,2805,6820.0,5364,6870.0,1420,6880.0,26701,6890.0,10662,6900.0,16295,6910.0,33340,2025-05-09 17:57:21.686,,2147483647,1237221,False,nan
9877,1606315,1612692499,MERV - XMEV - GGAL - 24hs,6870.0,2025-05-09 17:57:23,2,2025-05-09 17:57:23.924,6860.0,12668,6850.0,24329,6840.0,8251,6830.0,2805,6820.0,5364,6870.0,1420,6880.0,26701,6890.0,10662,6900.0,16295,6910.0,33340,2025-05-09 17:57:23.838,,2147483647,1237221,True,offer
9878,1606408,1612692611,MERV - XMEV - GGAL - 24hs,6870.0,2025-05-09 17:57:23,2,2025-05-09 17:57:24.591,6860.0,12668,6850.0,24329,6840.0,8251,6830.0,2805,6820.0,5364,6870.0,1418,6880.0,26701,6890.0,10662,6900.0,16295,6910.0,33340,2025-05-09 17:57:24.508,,2147483647,1237221,False,nan
9879,1606455,1612692674,MERV - XMEV - GGAL - 24hs,6870.0,2025-05-09 17:57:23,2,2025-05-09 17:57:25.085,6860.0,12668,6850.0,24329,6840.0,8251,6830.0,2805,6820.0,5364,6870.0,1418,6880.0,26701,6890.0,10662,6900.0,16295,6910.0,33340,2025-05-09 17:57:25.003,,2147483647,1237223,False,nan
9880,1606549,1612692791,MERV - XMEV - GGAL - 24hs,6870.0,2025-05-09 17:57:23,2,2025-05-09 17:57:25.715,6860.0,13631,6850.0,24329,6840.0,8251,6830.0,2805,6820.0,5364,6870.0,1418,6880.0,26701,6890.0,10662,6900.0,16295,6910.0,33340,2025-05-09 17:57:25.606,,2147483647,1237223,False,nan
9881,1606873,1612693207,MERV - XMEV - GGAL - 24hs,6870.0,2025-05-09 17:57:23,2,2025-05-09 17:57:27.228,6860.0,13284,6850.0,24329,6840.0,8251,6830.0,2805,6820.0,5364,6870.0,1418,6880.0,26701,6890.0,10662,6900.0,16295,6910.0,33340,2025-05-09 17:57:27.076,,2147483647,1237223,False,nan
9882,1607132,1612693578,MERV - XMEV - GGAL - 24hs,6870.0,2025-05-09 17:57:23,2,2025-05-09 17:57:29.250,6860.0,13284,6850.0,24129,6840.0,7251,6830.0,3805,6820.0,5364,6870.0,1418,6880.0,26701,6890.0,10662,6900.0,16295,6910.0,33340,2025-05-09 17:57:28.572,,2147483647,1237223,False,nan
9883,1607251,1612693745,MERV - XMEV - GGAL - 24hs,6870.0,2025-05-09 17:57:23,2,2025-05-09 17:57:29.791,6860.0,12591,6850.0,24129,6840.0,7251,6830.0,3805,6820.0,5364,6870.0,1418,6880.0,26701,6890.0,10662,6900.0,16295,6910.0,28340,2025-05-09 17:57:29.507,,2147483647,1237223,False,nan
9884,1607441,1612693969,MERV - XMEV - GGAL - 24hs,6870.0,2025-05-09 17:57:23,2,2025-05-09 17:57:30.774,6860.0,12244,6850.0,24129,6840.0,7251,6830.0,3805,6820.0,5364,6870.0,1418,6880.0,26701,6890.0,10662,6900.0,16295,6910.0,28340,2025-05-09 17:57:30.525,,2147483647,1237223,False,nan
9885,1607504,1612694044,MERV - XMEV - GGAL - 24hs,6860.0,2025-05-09 17:57:30,5,2025-05-09 17:57:31.108,6860.0,12244,6850.0,24129,6840.0,7251,6830.0,3805,6820.0,5364,6870.0,1418,6880.0,26701,6890.0,10662,6900.0,16295,6910.0,28340,2025-05-09 17:57:31.022,,2147483647,1237241,True,bid
9886,1607534,1612694081,MERV - XMEV - GGAL - 24hs,6860.0,2025-05-09 17:57:30,5,2025-05-09 17:57:31.606,6860.0,12239,6850.0,24129,6840.0,7251,6830.0,3805,6820.0,5364,6870.0,1400,6880.0,26701,6890.0,10662,6900.0,16295,6910.0,28340,2025-05-09 17:57:31.522,,2147483647,1237246,False,nan
9887,1608423,1612695312,MERV - XMEV - GGAL - 24hs,6860.0,2025-05-09 17:57:30,5,2025-05-09 17:57:37.462,6860.0,12239,6850.0,24131,6840.0,7251,6830.0,3805,6820.0,5364,6870.0,1400,6880.0,26701,6890.0,10662,6900.0,16295,6910.0,28340,2025-05-09 17:57:37.379,,2147483647,1237246,False,nan
9888,1608639,1612695589,MERV - XMEV - GGAL - 24hs,6860.0,2025-05-09 17:57:30,5,2025-05-09 17:57:38.887,6860.0,10237,6850.0,24131,6840.0,8093,6830.0,3805,6820.0,5364,6870.0,1400,6880.0,26701,6890.0,10662,6900.0,16295,6910.0,28340,2025-05-09 17:57:38.804,,2147483647,1237246,False,nan
9889,1608731,1612695704,MERV - XMEV - GGAL - 24hs,6860.0,2025-05-09 17:57:30,5,2025-05-09 17:57:39.641,6860.0,10237,6850.0,24131,6840.0,8786,6830.0,3805,6820.0,5364,6870.0,1400,6880.0,26701,6890.0,10662,6900.0,16295,6910.0,28340,2025-05-09 17:57:39.557,,2147483647,1237246,False,nan
9890,1608844,1612695841,MERV - XMEV - GGAL - 24hs,6860.0,2025-05-09 17:57:30,5,2025-05-09 17:57:40.387,6860.0,10237,6850.0,24131,6840.0,7746,6830.0,3805,6820.0,5364,6870.0,1400,6880.0,26701,6890.0,10662,6900.0,16295,6910.0,28340,2025-05-09 17:57:40.298,,2147483647,1237246,False,nan
9891,1609606,1612696783,MERV - XMEV - GGAL - 24hs,6860.0,2025-05-09 17:57:43,20,2025-05-09 17:57:43.953,6860.0,10237,6850.0,24131,6840.0,7746,6830.0,3805,6820.0,5364,6870.0,1400,6880.0,26701,6890.0,10662,6900.0,16295,6910.0,28340,2025-05-09 17:57:43.870,,2147483647,1237246,True,bid
9892,1609799,1612697014,MERV - XMEV - GGAL - 24hs,6860.0,2025-05-09 17:57:43,20,2025-05-09 17:57:44.696,6860.0,10217,6850.0,24131,6840.0,7746,6830.0,3805,6820.0,5364,6870.0,1400,6880.0,26701,6890.0,10662,6900.0,16295,6910.0,28340,2025-05-09 17:57:44.543,,2147483647,1237246,False,nan
9893,1609973,1612697223,MERV - XMEV - GGAL - 24hs,6860.0,2025-05-09 17:57:43,20,2025-05-09 17:57:45.338,6860.0,10217,6850.0,24131,6840.0,7746,6830.0,3805,6820.0,5364,6870.0,1400,6880.0,26701,6890.0,10662,6900.0,16295,6910.0,28340,2025-05-09 17:57:45.043,,2147483647,1237266,False,nan
9894,1610115,1612697416,MERV - XMEV - GGAL - 24hs,6860.0,2025-05-09 17:57:43,20,2025-05-09 17:57:45.980,6860.0,10217,6850.0,24513,6840.0,7251,6830.0,3805,6820.0,5364,6870.0,1400,6880.0,26701,6890.0,10662,6900.0,16295,6910.0,28340,2025-05-09 17:57:45.547,,2147483647,1237266,False,nan
9895,1611571,1612699227,MERV - XMEV - GGAL - 24hs,6860.0,2025-05-09 17:57:43,20,2025-05-09 17:57:55.068,6860.0,10217,6850.0,24513,6840.0,8251,6830.0,2805,6820.0,5364,6870.0,1400,6880.0,26701,6890.0,10662,6900.0,16295,6910.0,28340,2025-05-09 17:57:54.963,,2147483647,1237266,False,nan
9896,1611975,1612699742,MERV - XMEV - GGAL - 24hs,6860.0,2025-05-09 17:57:57,9,2025-05-09 17:57:57.866,6860.0,10217,6850.0,24513,6840.0,8251,6830.0,2805,6820.0,5364,6870.0,1400,6880.0,26701,6890.0,10662,6900.0,16295,6910.0,28340,2025-05-09 17:57:57.779,,2147483647,1237266,True,bid
9897,1612125,1612699920,MERV - XMEV - GGAL - 24hs,6860.0,2025-05-09 17:57:57,9,2025-05-09 17:57:58.628,6860.0,10208,6850.0,24513,6840.0,8251,6830.0,2805,6820.0,5364,6870.0,1400,6880.0,26701,6890.0,10662,6900.0,16295,6910.0,28340,2025-05-09 17:57:58.444,,2147483647,1237266,False,nan
9898,1612200,1612700023,MERV - XMEV - GGAL - 24hs,6860.0,2025-05-09 17:57:57,9,2025-05-09 17:57:59.087,6860.0,10208,6850.0,24513,6840.0,8251,6830.0,2805,6820.0,5364,6870.0,1400,6880.0,26701,6890.0,10662,6900.0,16295,6910.0,28340,2025-05-09 17:57:58.945,,2147483647,1237275,False,nan
9899,1612730,1612700662,MERV - XMEV - GGAL - 24hs,6860.0,2025-05-09 17:57:57,9,2025-05-09 17:58:02.459,6860.0,10208,6850.0,24513,6840.0,8251,6830.0,2805,6820.0,5364,6870.0,1150,6880.0,26701,6890.0,10662,6900.0,16295,6910.0,28340,2025-05-09 17:58:02.348,,2147483647,1237275,False,nan
9900,1614431,1612702763,MERV - XMEV - GGAL - 24hs,6860.0,2025-05-09 17:58:16,10,2025-05-09 17:58:16.653,6860.0,10208,6850.0,24513,6840.0,8251,6830.0,2805,6820.0,5364,6870.0,1150,6880.0,26701,6890.0,10662,6900.0,16295,6910.0,28340,2025-05-09 17:58:16.565,,2147483647,1237275,True,bid
9901,1614478,1612702821,MERV - XMEV - GGAL - 24hs,6860.0,2025-05-09 17:58:16,10,2025-05-09 17:58:17.147,6860.0,10198,6850.0,24513,6840.0,8251,6830.0,2805,6820.0,5364,6870.0,1150,6880.0,26701,6890.0,10662,6900.0,16295,6910.0,28340,2025-05-09 17:58:17.064,,2147483647,1237275,False,nan
9902,1614508,1612702856,MERV - XMEV - GGAL - 24hs,6860.0,2025-05-09 17:58:16,10,2025-05-09 17:58:17.647,6860.0,10198,6850.0,24513,6840.0,8251,6830.0,2805,6820.0,5364,6870.0,1150,6880.0,26701,6890.0,10662,6900.0,16295,6910.0,28340,2025-05-09 17:58:17.565,,2147483647,1237285,False,nan
9903,1614653,1612703042,MERV - XMEV - GGAL - 24hs,6860.0,2025-05-09 17:58:16,10,2025-05-09 17:58:19.539,6860.0,10198,6850.0,24517,6840.0,8251,6830.0,2805,6820.0,5364,6870.0,1150,6880.0,26701,6890.0,10662,6900.0,16295,6910.0,28340,2025-05-09 17:58:19.453,,2147483647,1237285,False,nan
9904,1614981,1612703452,MERV - XMEV - GGAL - 24hs,6860.0,2025-05-09 17:58:16,10,2025-05-09 17:58:22.772,6860.0,10198,6850.0,24517,6840.0,8251,6830.0,2805,6820.0,5364,6870.0,1150,6880.0,26701,6890.0,10662,6900.0,16295,6910.0,18340,2025-05-09 17:58:22.660,,2147483647,1237285,False,nan
9905,1615411,1612703960,MERV - XMEV - GGAL - 24hs,6870.0,2025-05-09 17:58:24,20,2025-05-09 17:58:25.431,6860.0,10198,6850.0,24517,6840.0,8251,6830.0,2805,6820.0,5364,6870.0,1150,6880.0,26701,6890.0,10662,6900.0,16295,6910.0,18340,2025-05-09 17:58:25.028,,2147483647,1237285,True,offer
9906,1615461,1612704031,MERV - XMEV - GGAL - 24hs,6870.0,2025-05-09 17:58:24,20,2025-05-09 17:58:25.667,6860.0,10198,6850.0,24517,6840.0,8251,6830.0,2805,6820.0,5364,6870.0,1130,6880.0,26701,6890.0,10662,6900.0,16295,6910.0,18340,2025-05-09 17:58:25.575,,2147483647,1237285,False,nan
9907,1615514,1612704113,MERV - XMEV - GGAL - 24hs,6870.0,2025-05-09 17:58:24,20,2025-05-09 17:58:26.183,6860.0,10198,6850.0,24517,6840.0,8251,6830.0,2805,6820.0,5364,6870.0,1130,6880.0,26701,6890.0,10662,6900.0,16295,6910.0,18340,2025-05-09 17:58:26.076,,2147483647,1237305,False,nan
9908,1616015,1612704731,MERV - XMEV - GGAL - 24hs,6870.0,2025-05-09 17:58:24,20,2025-05-09 17:58:31.461,6860.0,10198,6850.0,24480,6840.0,8251,6830.0,2805,6820.0,5364,6870.0,1130,6880.0,26701,6890.0,10662,6900.0,16295,6910.0,18340,2025-05-09 17:58:31.378,,2147483647,1237305,False,nan
9909,1616491,1612705318,MERV - XMEV - GGAL - 24hs,6870.0,2025-05-09 17:58:24,20,2025-05-09 17:58:35.007,6860.0,10198,6850.0,9480,6840.0,22251,6830.0,3805,6820.0,5364,6870.0,1130,6880.0,26701,6890.0,10662,6900.0,16295,6910.0,18340,2025-05-09 17:58:34.917,,2147483647,1237305,False,nan
9910,1616558,1612705412,MERV - XMEV - GGAL - 24hs,6870.0,2025-05-09 17:58:24,20,2025-05-09 17:58:35.699,6860.0,10198,6850.0,9827,6840.0,22251,6830.0,3805,6820.0,5364,6870.0,1130,6880.0,26701,6890.0,10662,6900.0,16295,6910.0,18360,2025-05-09 17:58:35.615,,2147483647,1237305,False,nan
9911,1616851,1612705787,MERV - XMEV - GGAL - 24hs,6870.0,2025-05-09 17:58:24,20,2025-05-09 17:58:38.215,6860.0,10198,6850.0,9824,6840.0,22251,6830.0,3805,6820.0,5364,6870.0,1130,6880.0,26701,6890.0,10662,6900.0,16295,6910.0,18360,2025-05-09 17:58:38.131,,2147483647,1237305,False,nan
9912,1617069,1612706197,MERV - XMEV - GGAL - 24hs,6870.0,2025-05-09 17:58:24,20,2025-05-09 17:58:40.449,6860.0,10198,6850.0,9827,6840.0,22251,6830.0,3805,6820.0,5364,6870.0,1130,6880.0,26701,6890.0,10662,6900.0,16295,6910.0,18360,2025-05-09 17:58:40.365,,2147483647,1237305,False,nan
9913,1617168,1612706325,MERV - XMEV - GGAL - 24hs,6870.0,2025-05-09 17:58:24,20,2025-05-09 17:58:41.277,6860.0,10198,6850.0,9827,6840.0,22251,6830.0,3805,6820.0,5484,6870.0,1130,6880.0,26701,6890.0,10662,6900.0,16295,6910.0,18360,2025-05-09 17:58:41.190,,2147483647,1237305,False,nan
9914,1617383,1612706640,MERV - XMEV - GGAL - 24hs,6870.0,2025-05-09 17:58:24,20,2025-05-09 17:58:43.242,6860.0,10198,6850.0,10174,6840.0,22251,6830.0,3805,6820.0,5484,6870.0,1130,6880.0,26701,6890.0,10662,6900.0,16295,6910.0,18360,2025-05-09 17:58:43.157,,2147483647,1237305,False,nan
9915,1617440,1612706707,MERV - XMEV - GGAL - 24hs,6870.0,2025-05-09 17:58:43,101,2025-05-09 17:58:43.743,6860.0,10198,6850.0,10174,6840.0,22251,6830.0,3805,6820.0,5484,6870.0,1130,6880.0,26701,6890.0,10662,6900.0,16295,6910.0,18360,2025-05-09 17:58:43.658,,2147483647,1237305,True,offer
9916,1617484,1612706765,MERV - XMEV - GGAL - 24hs,6870.0,2025-05-09 17:58:43,101,2025-05-09 17:58:44.241,6860.0,10198,6850.0,9827,6840.0,22251,6830.0,3805,6820.0,5484,6870.0,1029,6880.0,26701,6890.0,10662,6900.0,16295,6910.0,18360,2025-05-09 17:58:44.157,,2147483647,1237305,False,nan
9917,1617524,1612706820,MERV - XMEV - GGAL - 24hs,6870.0,2025-05-09 17:58:43,101,2025-05-09 17:58:44.741,6860.0,10198,6850.0,9827,6840.0,22251,6830.0,3805,6820.0,5484,6870.0,1029,6880.0,26701,6890.0,10662,6900.0,16295,6910.0,18360,2025-05-09 17:58:44.658,,2147483647,1237406,False,nan
9918,1618492,1612708168,MERV - XMEV - GGAL - 24hs,6860.0,2025-05-09 17:58:55,4,2025-05-09 17:58:55.179,6860.0,10198,6850.0,9827,6840.0,22251,6830.0,3805,6820.0,5484,6870.0,1029,6880.0,26701,6890.0,10662,6900.0,16295,6910.0,18360,2025-05-09 17:58:55.091,,2147483647,1237406,True,bid
9919,1618552,1612708251,MERV - XMEV - GGAL - 24hs,6860.0,2025-05-09 17:58:55,4,2025-05-09 17:58:55.840,6860.0,10194,6850.0,9827,6840.0,22251,6830.0,3805,6820.0,5484,6870.0,1029,6880.0,26701,6890.0,10662,6900.0,16295,6910.0,18360,2025-05-09 17:58:55.752,,2147483647,1237406,False,nan
9920,1618588,1612708325,MERV - XMEV - GGAL - 24hs,6860.0,2025-05-09 17:58:55,4,2025-05-09 17:58:56.367,6860.0,10194,6850.0,9827,6840.0,22251,6830.0,3805,6820.0,5484,6870.0,1029,6880.0,26701,6890.0,10662,6900.0,16295,6910.0,18360,2025-05-09 17:58:56.251,,2147483647,1237410,False,nan
9921,1618657,1612708467,MERV - XMEV - GGAL - 24hs,6870.0,2025-05-09 17:58:57,62,2025-05-09 17:58:57.138,6860.0,10194,6850.0,9827,6840.0,22251,6830.0,3805,6820.0,5484,6870.0,1029,6880.0,26701,6890.0,10662,6900.0,16295,6910.0,18360,2025-05-09 17:58:57.054,,2147483647,1237410,True,offer
9922,1618690,1612708519,MERV - XMEV - GGAL - 24hs,6870.0,2025-05-09 17:58:57,62,2025-05-09 17:58:57.781,6860.0,10194,6850.0,9827,6840.0,22251,6830.0,3805,6820.0,5484,6870.0,967,6880.0,26701,6890.0,10662,6900.0,16295,6910.0,18360,2025-05-09 17:58:57.695,,2147483647,1237410,False,nan
9923,1618715,1612708553,MERV - XMEV - GGAL - 24hs,6870.0,2025-05-09 17:58:57,62,2025-05-09 17:58:58.283,6860.0,10194,6850.0,9827,6840.0,22251,6830.0,3805,6820.0,5484,6870.0,967,6880.0,26701,6890.0,10662,6900.0,16295,6910.0,18360,2025-05-09 17:58:58.197,,2147483647,1237472,False,nan
9924,1618889,1612708779,MERV - XMEV - GGAL - 24hs,6870.0,2025-05-09 17:59:00,967,2025-05-09 17:59:00.855,6860.0,10194,6850.0,9827,6840.0,22251,6830.0,3805,6820.0,5484,6870.0,967,6880.0,26701,6890.0,10662,6900.0,16295,6910.0,18360,2025-05-09 17:59:00.735,,2147483647,1237472,True,offer
9925,1618942,1612708844,MERV - XMEV - GGAL - 24hs,6870.0,2025-05-09 17:59:01,2,2025-05-09 17:59:01.321,6860.0,10194,6850.0,9827,6840.0,22251,6830.0,3805,6820.0,5484,6870.0,1500,6880.0,26701,6890.0,10662,6900.0,16295,6910.0,18360,2025-05-09 17:59:01.235,,2147483647,1238472,True,offer
9926,1619008,1612708919,MERV - XMEV - GGAL - 24hs,6870.0,2025-05-09 17:59:01,2,2025-05-09 17:59:01.821,6860.0,10194,6850.0,9827,6840.0,22251,6830.0,3805,6820.0,5484,6870.0,1498,6880.0,26701,6890.0,10662,6900.0,16295,6910.0,18360,2025-05-09 17:59:01.735,,2147483647,1238474,False,nan
9927,1619517,1612709718,MERV - XMEV - GGAL - 24hs,6870.0,2025-05-09 17:59:01,2,2025-05-09 17:59:07.172,6860.0,10194,6850.0,9827,6840.0,22251,6830.0,3805,6820.0,5484,6870.0,1498,6880.0,26701,6890.0,10662,6900.0,16295,6910.0,16360,2025-05-09 17:59:07.079,,2147483647,1238474,False,nan
9928,1619599,1612709854,MERV - XMEV - GGAL - 24hs,6870.0,2025-05-09 17:59:07,21,2025-05-09 17:59:07.735,6860.0,10194,6850.0,9827,6840.0,22251,6830.0,3805,6820.0,5484,6870.0,1498,6880.0,26701,6890.0,10662,6900.0,16295,6910.0,16360,2025-05-09 17:59:07.576,,2147483647,1238474,True,offer
9929,1619644,1612709936,MERV - XMEV - GGAL - 24hs,6870.0,2025-05-09 17:59:07,21,2025-05-09 17:59:08.160,6860.0,10194,6850.0,9827,6840.0,22251,6830.0,3805,6820.0,5484,6870.0,1477,6880.0,26701,6890.0,10662,6900.0,16295,6910.0,16360,2025-05-09 17:59:08.076,,2147483647,1238495,False,nan
9930,1619974,1612710351,MERV - XMEV - GGAL - 24hs,6870.0,2025-05-09 17:59:07,21,2025-05-09 17:59:11.743,6860.0,10194,6850.0,9828,6840.0,22251,6830.0,3805,6820.0,5484,6870.0,1477,6880.0,26701,6890.0,10662,6900.0,16295,6910.0,16360,2025-05-09 17:59:11.660,,2147483647,1238495,False,nan
9931,1620302,1612710784,MERV - XMEV - GGAL - 24hs,6870.0,2025-05-09 17:59:15,2,2025-05-09 17:59:15.919,6860.0,10194,6850.0,9828,6840.0,22251,6830.0,3805,6820.0,5484,6870.0,1477,6880.0,26701,6890.0,10662,6900.0,16295,6910.0,16360,2025-05-09 17:59:15.835,,2147483647,1238495,True,offer
9932,1620345,1612710844,MERV - XMEV - GGAL - 24hs,6870.0,2025-05-09 17:59:15,2,2025-05-09 17:59:16.421,6860.0,10194,6850.0,10028,6840.0,22251,6830.0,3805,6820.0,5484,6870.0,1475,6880.0,26701,6890.0,10662,6900.0,16295,6910.0,16360,2025-05-09 17:59:16.335,,2147483647,1238495,False,nan
9933,1620397,1612710906,MERV - XMEV - GGAL - 24hs,6870.0,2025-05-09 17:59:16,86,2025-05-09 17:59:16.924,6860.0,10194,6850.0,10028,6840.0,22251,6830.0,3805,6820.0,5484,6870.0,1389,6880.0,26701,6890.0,10662,6900.0,16295,6910.0,16360,2025-05-09 17:59:16.836,,2147483647,1238497,True,offer
9934,1620440,1612710964,MERV - XMEV - GGAL - 24hs,6870.0,2025-05-09 17:59:16,86,2025-05-09 17:59:17.439,6860.0,10194,6850.0,10028,6840.0,22251,6830.0,3805,6820.0,5484,6870.0,1389,6880.0,26701,6890.0,10662,6900.0,16295,6910.0,16360,2025-05-09 17:59:17.353,,2147483647,1238583,False,nan
9935,1622734,1612713910,MERV - XMEV - GGAL - 24hs,6870.0,2025-05-09 17:59:33,1,2025-05-09 17:59:33.711,6860.0,10194,6850.0,10028,6840.0,22251,6830.0,3805,6820.0,5484,6870.0,1389,6880.0,26701,6890.0,10662,6900.0,16295,6910.0,16360,2025-05-09 17:59:33.622,,2147483647,1238583,True,offer
9936,1622789,1612713975,MERV - XMEV - GGAL - 24hs,6870.0,2025-05-09 17:59:33,1,2025-05-09 17:59:34.302,6860.0,10194,6850.0,10028,6840.0,22251,6830.0,3805,6820.0,5484,6870.0,1388,6880.0,26701,6890.0,10662,6900.0,16295,6910.0,18360,2025-05-09 17:59:34.214,,2147483647,1238583,False,nan
9937,1622865,1612714071,MERV - XMEV - GGAL - 24hs,6870.0,2025-05-09 17:59:33,1,2025-05-09 17:59:34.811,6860.0,10194,6850.0,10028,6840.0,22251,6830.0,3805,6820.0,5484,6870.0,1388,6880.0,26701,6890.0,10662,6900.0,16295,6910.0,18360,2025-05-09 17:59:34.715,,2147483647,1238584,False,nan
9938,1623283,1612714596,MERV - XMEV - GGAL - 24hs,6870.0,2025-05-09 17:59:37,20,2025-05-09 17:59:37.833,6860.0,10194,6850.0,10028,6840.0,22251,6830.0,3805,6820.0,5484,6870.0,1388,6880.0,26701,6890.0,10662,6900.0,16295,6910.0,18360,2025-05-09 17:59:37.749,,2147483647,1238584,True,offer
9939,1623354,1612714685,MERV - XMEV - GGAL - 24hs,6870.0,2025-05-09 17:59:37,20,2025-05-09 17:59:39.451,6860.0,10194,6850.0,10028,6840.0,22251,6830.0,3805,6820.0,5484,6870.0,1368,6880.0,26701,6890.0,10662,6900.0,16295,6910.0,18360,2025-05-09 17:59:39.336,,2147483647,1238584,False,nan
9940,1623431,1612714784,MERV - XMEV - GGAL - 24hs,6870.0,2025-05-09 17:59:37,20,2025-05-09 17:59:39.932,6860.0,10194,6850.0,10028,6840.0,22251,6830.0,3805,6820.0,5484,6870.0,1368,6880.0,26701,6890.0,10662,6900.0,16295,6910.0,18360,2025-05-09 17:59:39.834,,2147483647,1238604,False,nan
9941,1623695,1612715117,MERV - XMEV - GGAL - 24hs,6870.0,2025-05-09 17:59:37,20,2025-05-09 17:59:41.820,6860.0,10194,6850.0,10028,6840.0,22251,6830.0,3805,6820.0,5484,6870.0,1368,6880.0,26701,6890.0,10662,6900.0,16295,6910.0,28360,2025-05-09 17:59:41.713,,2147483647,1238604,False,nan
9942,1623742,1612715172,MERV - XMEV - GGAL - 24hs,6870.0,2025-05-09 17:59:41,199,2025-05-09 17:59:42.308,6860.0,10194,6850.0,10028,6840.0,22251,6830.0,3805,6820.0,5484,6870.0,1368,6880.0,26701,6890.0,10662,6900.0,16295,6910.0,28360,2025-05-09 17:59:42.213,,2147483647,1238604,True,offer
9943,1623780,1612715239,MERV - XMEV - GGAL - 24hs,6870.0,2025-05-09 17:59:41,199,2025-05-09 17:59:42.803,6860.0,10194,6850.0,9528,6840.0,22251,6830.0,3805,6820.0,5484,6870.0,1169,6880.0,26701,6890.0,10662,6900.0,16295,6910.0,28360,2025-05-09 17:59:42.714,,2147483647,1238803,False,nan
9944,1623854,1612715337,MERV - XMEV - GGAL - 24hs,6870.0,2025-05-09 17:59:41,199,2025-05-09 17:59:43.975,6860.0,10194,6850.0,9528,6840.0,22251,6830.0,3805,6820.0,5484,6870.0,1902,6880.0,26701,6890.0,10662,6900.0,16295,6910.0,28360,2025-05-09 17:59:43.890,,2147483647,1238803,False,nan
9945,1624096,1612715636,MERV - XMEV - GGAL - 24hs,6870.0,2025-05-09 17:59:41,199,2025-05-09 17:59:47.058,6860.0,10194,6850.0,24528,6840.0,7251,6830.0,3805,6820.0,5484,6870.0,1902,6880.0,26701,6890.0,10662,6900.0,16295,6910.0,28360,2025-05-09 17:59:46.962,,2147483647,1238803,False,nan
9946,1625222,1612717011,MERV - XMEV - GGAL - 24hs,6870.0,2025-05-09 17:59:41,199,2025-05-09 17:59:55.430,6860.0,10194,6850.0,25222,6840.0,7251,6830.0,3805,6820.0,5484,6870.0,1902,6880.0,26701,6890.0,10662,6900.0,16295,6910.0,28360,2025-05-09 17:59:55.280,,2147483647,1238803,False,nan
9947,1625702,1612717601,MERV - XMEV - GGAL - 24hs,6860.0,2025-05-09 18:00:00,8,2025-05-09 18:00:00.169,6860.0,10194,6850.0,25222,6840.0,7251,6830.0,3805,6820.0,5484,6870.0,1902,6880.0,26701,6890.0,10662,6900.0,16295,6910.0,28360,2025-05-09 18:00:00.085,,2147483647,1238803,True,bid
9948,1625809,1612717726,MERV - XMEV - GGAL - 24hs,6860.0,2025-05-09 18:00:00,8,2025-05-09 18:00:00.831,6860.0,10186,6850.0,25222,6840.0,7251,6830.0,3805,6820.0,5484,6870.0,1902,6880.0,26701,6890.0,10662,6900.0,16295,6910.0,28360,2025-05-09 18:00:00.744,,2147483647,1238803,False,nan
9949,1625942,1612717885,MERV - XMEV - GGAL - 24hs,6860.0,2025-05-09 18:00:00,8,2025-05-09 18:00:01.428,6860.0,10186,6850.0,25222,6840.0,7251,6830.0,3805,6820.0,5484,6870.0,1902,6880.0,26701,6890.0,10662,6900.0,16295,6910.0,28360,2025-05-09 18:00:01.244,,2147483647,1238811,False,nan
9950,1626013,1612717965,MERV - XMEV - GGAL - 24hs,6860.0,2025-05-09 18:00:00,8,2025-05-09 18:00:01.855,6860.0,10186,6850.0,24875,6840.0,7251,6830.0,3805,6820.0,5484,6870.0,1902,6880.0,26701,6890.0,10662,6900.0,16295,6910.0,28360,2025-05-09 18:00:01.746,,2147483647,1238811,False,nan
9951,1626086,1612718050,MERV - XMEV - GGAL - 24hs,6860.0,2025-05-09 18:00:00,8,2025-05-09 18:00:02.427,6860.0,10186,6850.0,24528,6840.0,7251,6830.0,3805,6820.0,5484,6870.0,1902,6880.0,26701,6890.0,10662,6900.0,16295,6910.0,28360,2025-05-09 18:00:02.343,,2147483647,1238811,False,nan
9952,1626343,1612718368,MERV - XMEV - GGAL - 24hs,6860.0,2025-05-09 18:00:00,8,2025-05-09 18:00:04.177,6860.0,10186,6850.0,24875,6840.0,7251,6830.0,3805,6820.0,5484,6870.0,1902,6880.0,26701,6890.0,10662,6900.0,16295,6910.0,28360,2025-05-09 18:00:04.082,,2147483647,1238811,False,nan
9953,1626403,1612718439,MERV - XMEV - GGAL - 24hs,6870.0,2025-05-09 18:00:04,8,2025-05-09 18:00:04.679,6860.0,10186,6850.0,24875,6840.0,7251,6830.0,3805,6820.0,5484,6870.0,1902,6880.0,26701,6890.0,10662,6900.0,16295,6910.0,28360,2025-05-09 18:00:04.582,,2147483647,1238811,True,offer
9954,1626451,1612718495,MERV - XMEV - GGAL - 24hs,6870.0,2025-05-09 18:00:04,1000,2025-05-09 18:00:05.184,6860.0,10186,6850.0,24875,6840.0,7251,6830.0,3805,6820.0,5484,6870.0,894,6880.0,26701,6890.0,10662,6900.0,16295,6910.0,28360,2025-05-09 18:00:05.091,,2147483647,1238819,False,nan
9955,1626491,1612718544,MERV - XMEV - GGAL - 24hs,6870.0,2025-05-09 18:00:04,1000,2025-05-09 18:00:05.669,6860.0,10186,6850.0,24875,6840.0,7251,6830.0,3805,6820.0,5484,6870.0,894,6880.0,26701,6890.0,10662,6900.0,16295,6910.0,28360,2025-05-09 18:00:05.584,,2147483647,1239819,False,nan
9956,1627174,1612719408,MERV - XMEV - GGAL - 24hs,6870.0,2025-05-09 18:00:12,161,2025-05-09 18:00:12.674,6860.0,10186,6850.0,24875,6840.0,7251,6830.0,3805,6820.0,5484,6870.0,894,6880.0,26701,6890.0,10662,6900.0,16295,6910.0,28360,2025-05-09 18:00:12.589,,2147483647,1239819,True,offer
9957,1627214,1612719462,MERV - XMEV - GGAL - 24hs,6870.0,2025-05-09 18:00:12,155,2025-05-09 18:00:13.200,6860.0,10186,6850.0,24875,6840.0,7251,6830.0,3805,6820.0,5484,6870.0,894,6880.0,26701,6890.0,10662,6900.0,16295,6910.0,28360,2025-05-09 18:00:13.091,,2147483647,1239819,False,nan
9958,1627354,1612719640,MERV - XMEV - GGAL - 24hs,6870.0,2025-05-09 18:00:12,155,2025-05-09 18:00:13.755,6860.0,10186,6850.0,24875,6840.0,7251,6830.0,3805,6820.0,5484,6870.0,2078,6880.0,26701,6890.0,10662,6900.0,16295,6910.0,28360,2025-05-09 18:00:13.589,,2147483647,1240135,False,nan
9959,1627412,1612719733,MERV - XMEV - GGAL - 24hs,6870.0,2025-05-09 18:00:12,155,2025-05-09 18:00:14.684,6860.0,10186,6850.0,24528,6840.0,7251,6830.0,3805,6820.0,5484,6870.0,2078,6880.0,26701,6890.0,10662,6900.0,16295,6910.0,28360,2025-05-09 18:00:14.599,,2147483647,1240135,False,nan
9960,1627508,1612719853,MERV - XMEV - GGAL - 24hs,6870.0,2025-05-09 18:00:12,155,2025-05-09 18:00:16.019,6860.0,10186,6850.0,24934,6840.0,7251,6830.0,3805,6820.0,5484,6870.0,2078,6880.0,26701,6890.0,10662,6900.0,16295,6910.0,28360,2025-05-09 18:00:15.935,,2147483647,1240135,False,nan
9961,1627751,1612720142,MERV - XMEV - GGAL - 24hs,6870.0,2025-05-09 18:00:12,155,2025-05-09 18:00:17.648,6860.0,10186,6850.0,25628,6840.0,7251,6830.0,3805,6820.0,5484,6870.0,2078,6880.0,26701,6890.0,10662,6900.0,16295,6910.0,28360,2025-05-09 18:00:17.509,,2147483647,1240135,False,nan
9962,1628153,1612720645,MERV - XMEV - GGAL - 24hs,6860.0,2025-05-09 18:00:21,50,2025-05-09 18:00:22.086,6860.0,10186,6850.0,25628,6840.0,7251,6830.0,3805,6820.0,5484,6870.0,2078,6880.0,26701,6890.0,10662,6900.0,16295,6910.0,28360,2025-05-09 18:00:21.995,,2147483647,1240135,True,bid
9963,1628228,1612720744,MERV - XMEV - GGAL - 24hs,6860.0,2025-05-09 18:00:21,50,2025-05-09 18:00:22.745,6860.0,10136,6850.0,25628,6840.0,7251,6830.0,3805,6820.0,5484,6870.0,2078,6880.0,26701,6890.0,10662,6900.0,16295,6910.0,28360,2025-05-09 18:00:22.661,,2147483647,1240135,False,nan
9964,1628269,1612720796,MERV - XMEV - GGAL - 24hs,6860.0,2025-05-09 18:00:21,50,2025-05-09 18:00:23.249,6860.0,10136,6850.0,25628,6840.0,7251,6830.0,3805,6820.0,5484,6870.0,2078,6880.0,26701,6890.0,10662,6900.0,16295,6910.0,28360,2025-05-09 18:00:23.162,,2147483647,1240185,False,nan
9965,1628703,1612721351,MERV - XMEV - GGAL - 24hs,6860.0,2025-05-09 18:00:21,50,2025-05-09 18:00:29.127,6860.0,10236,6850.0,25528,6840.0,7251,6830.0,3805,6820.0,5484,6870.0,2078,6880.0,26701,6890.0,10662,6900.0,16295,6910.0,28360,2025-05-09 18:00:29.042,,2147483647,1240185,False,nan
9966,1629745,1612722742,MERV - XMEV - GGAL - 24hs,6860.0,2025-05-09 18:00:21,50,2025-05-09 18:00:41.367,6860.0,10136,6850.0,25628,6840.0,7251,6830.0,3805,6820.0,5484,6870.0,2078,6880.0,26701,6890.0,10662,6900.0,16295,6910.0,28360,2025-05-09 18:00:41.278,,2147483647,1240185,False,nan
9967,1630113,1612723237,MERV - XMEV - GGAL - 24hs,6870.0,2025-05-09 18:00:45,3,2025-05-09 18:00:45.805,6860.0,10136,6850.0,25628,6840.0,7251,6830.0,3805,6820.0,5484,6870.0,2078,6880.0,26701,6890.0,10662,6900.0,16295,6910.0,28360,2025-05-09 18:00:45.710,,2147483647,1240185,True,offer
9968,1630159,1612723294,MERV - XMEV - GGAL - 24hs,6870.0,2025-05-09 18:00:45,3,2025-05-09 18:00:46.459,6860.0,10136,6850.0,25628,6840.0,7251,6830.0,3805,6820.0,5484,6870.0,2075,6880.0,26701,6890.0,10662,6900.0,16295,6910.0,28360,2025-05-09 18:00:46.375,,2147483647,1240185,False,nan
9969,1630203,1612723352,MERV - XMEV - GGAL - 24hs,6870.0,2025-05-09 18:00:45,3,2025-05-09 18:00:47.236,6860.0,10136,6850.0,25628,6840.0,7251,6830.0,3805,6820.0,5484,6870.0,2075,6880.0,26701,6890.0,10662,6900.0,16295,6910.0,28360,2025-05-09 18:00:47.015,,2147483647,1240188,False,nan
9970,1630331,1612723511,MERV - XMEV - GGAL - 24hs,6870.0,2025-05-09 18:00:45,3,2025-05-09 18:00:48.774,6860.0,10142,6850.0,25281,6840.0,7251,6830.0,3805,6820.0,5484,6870.0,2075,6880.0,26701,6890.0,10662,6900.0,16295,6910.0,28360,2025-05-09 18:00:48.684,,2147483647,1240188,False,nan
9971,1630388,1612723580,MERV - XMEV - GGAL - 24hs,6870.0,2025-05-09 18:00:45,3,2025-05-09 18:00:49.541,6860.0,10142,6850.0,24934,6840.0,7251,6830.0,3805,6820.0,5484,6870.0,2075,6880.0,26701,6890.0,10662,6900.0,16295,6910.0,28360,2025-05-09 18:00:49.453,,2147483647,1240188,False,nan
9972,1630564,1612723785,MERV - XMEV - GGAL - 24hs,6860.0,2025-05-09 18:00:51,17,2025-05-09 18:00:52.084,6860.0,10142,6850.0,24934,6840.0,7251,6830.0,3805,6820.0,5484,6870.0,2075,6880.0,26701,6890.0,10662,6900.0,16295,6910.0,28360,2025-05-09 18:00:51.997,,2147483647,1240188,True,bid
9973,1630654,1612723894,MERV - XMEV - GGAL - 24hs,6860.0,2025-05-09 18:00:51,17,2025-05-09 18:00:52.746,6860.0,10125,6850.0,24934,6840.0,7251,6830.0,3805,6820.0,5484,6870.0,2075,6880.0,26701,6890.0,10662,6900.0,16295,6910.0,28360,2025-05-09 18:00:52.662,,2147483647,1240188,False,nan
9974,1630683,1612723929,MERV - XMEV - GGAL - 24hs,6860.0,2025-05-09 18:00:52,58,2025-05-09 18:00:53.247,6860.0,10125,6850.0,24934,6840.0,7251,6830.0,3805,6820.0,5484,6870.0,2075,6880.0,26701,6890.0,10662,6900.0,16295,6910.0,28360,2025-05-09 18:00:53.162,,2147483647,1240205,True,bid
9975,1630717,1612723974,MERV - XMEV - GGAL - 24hs,6860.0,2025-05-09 18:00:52,58,2025-05-09 18:00:53.747,6860.0,10067,6850.0,24934,6840.0,7251,6830.0,3805,6820.0,5484,6870.0,2075,6880.0,26701,6890.0,10662,6900.0,16295,6910.0,28360,2025-05-09 18:00:53.663,,2147483647,1240263,False,nan
9976,1630899,1612724204,MERV - XMEV - GGAL - 24hs,6860.0,2025-05-09 18:00:52,58,2025-05-09 18:00:55.740,6860.0,10067,6850.0,24934,6840.0,7251,6830.0,3805,6820.0,5484,6870.0,4575,6880.0,26701,6890.0,8162,6900.0,16295,6910.0,29085,2025-05-09 18:00:55.607,,2147483647,1240263,False,nan
9977,1631138,1612724497,MERV - XMEV - GGAL - 24hs,6860.0,2025-05-09 18:00:58,300,2025-05-09 18:00:58.495,6860.0,10067,6850.0,24934,6840.0,7251,6830.0,3805,6820.0,5484,6870.0,4575,6880.0,26701,6890.0,8162,6900.0,16295,6910.0,29085,2025-05-09 18:00:58.410,,2147483647,1240263,True,bid
9978,1631312,1612724692,MERV - XMEV - GGAL - 24hs,6860.0,2025-05-09 18:00:58,300,2025-05-09 18:00:59.188,6860.0,9767,6850.0,24934,6840.0,7251,6830.0,3805,6820.0,5484,6870.0,4575,6880.0,26701,6890.0,8162,6900.0,16295,6910.0,29085,2025-05-09 18:00:59.082,,2147483647,1240263,False,nan
9979,1631344,1612724740,MERV - XMEV - GGAL - 24hs,6860.0,2025-05-09 18:00:58,300,2025-05-09 18:00:59.675,6860.0,9767,6850.0,24934,6840.0,7251,6830.0,3805,6820.0,5484,6870.0,4575,6880.0,26701,6890.0,8162,6900.0,16295,6910.0,29085,2025-05-09 18:00:59.584,,2147483647,1240563,False,nan
9980,1631675,1612725162,MERV - XMEV - GGAL - 24hs,6870.0,2025-05-09 18:01:01,217,2025-05-09 18:01:02.084,6860.0,9767,6850.0,24934,6840.0,7251,6830.0,3805,6820.0,5484,6870.0,4575,6880.0,26701,6890.0,8162,6900.0,16295,6910.0,29085,2025-05-09 18:01:01.991,,2147483647,1240563,True,offer
9981,1631750,1612725252,MERV - XMEV - GGAL - 24hs,6870.0,2025-05-09 18:01:01,217,2025-05-09 18:01:02.745,6860.0,9767,6850.0,24934,6840.0,7251,6830.0,3805,6820.0,5484,6870.0,4358,6880.0,26701,6890.0,8162,6900.0,16295,6910.0,29085,2025-05-09 18:01:02.659,,2147483647,1240563,False,nan
9982,1631794,1612725306,MERV - XMEV - GGAL - 24hs,6870.0,2025-05-09 18:01:02,36,2025-05-09 18:01:03.272,6860.0,9767,6850.0,24934,6840.0,7251,6830.0,3805,6820.0,5484,6870.0,4358,6880.0,26701,6890.0,8162,6900.0,16295,6910.0,29085,2025-05-09 18:01:03.160,,2147483647,1240780,True,offer
9983,1631838,1612725356,MERV - XMEV - GGAL - 24hs,6870.0,2025-05-09 18:01:02,36,2025-05-09 18:01:04.229,6860.0,9767,6850.0,24934,6840.0,7251,6830.0,3805,6820.0,5484,6870.0,4322,6880.0,26701,6890.0,8162,6900.0,16295,6910.0,29085,2025-05-09 18:01:04.108,,2147483647,1240816,False,nan
9984,1632177,1612725782,MERV - XMEV - GGAL - 24hs,6870.0,2025-05-09 18:01:06,17,2025-05-09 18:01:07.044,6860.0,9767,6850.0,24934,6840.0,7251,6830.0,3805,6820.0,5484,6870.0,4322,6880.0,26701,6890.0,8162,6900.0,16295,6910.0,29085,2025-05-09 18:01:06.960,,2147483647,1240816,True,offer
9985,1632223,1612725843,MERV - XMEV - GGAL - 24hs,6870.0,2025-05-09 18:01:06,17,2025-05-09 18:01:07.710,6860.0,9767,6850.0,24934,6840.0,7251,6830.0,3805,6820.0,5484,6870.0,4305,6880.0,26701,6890.0,8162,6900.0,16295,6910.0,29085,2025-05-09 18:01:07.626,,2147483647,1240816,False,nan
9986,1632276,1612725908,MERV - XMEV - GGAL - 24hs,6870.0,2025-05-09 18:01:06,17,2025-05-09 18:01:08.215,6860.0,9767,6850.0,24934,6840.0,7251,6830.0,3805,6820.0,5484,6870.0,4305,6880.0,26701,6890.0,8162,6900.0,16295,6910.0,29085,2025-05-09 18:01:08.126,,2147483647,1240833,False,nan
9987,1632960,1612726794,MERV - XMEV - GGAL - 24hs,6870.0,2025-05-09 18:01:06,17,2025-05-09 18:01:15.407,6860.0,24767,6850.0,11321,6840.0,8251,6830.0,2805,6820.0,5484,6870.0,4305,6880.0,26701,6890.0,8162,6900.0,16295,6910.0,29085,2025-05-09 18:01:15.312,,2147483647,1240833,False,nan
9988,1633048,1612726911,MERV - XMEV - GGAL - 24hs,6870.0,2025-05-09 18:01:15,1395,2025-05-09 18:01:15.951,6860.0,24767,6850.0,11321,6840.0,8251,6830.0,2805,6820.0,5484,6870.0,4305,6880.0,26701,6890.0,8162,6900.0,16295,6910.0,29085,2025-05-09 18:01:15.812,,2147483647,1240833,True,offer
9989,1633102,1612726997,MERV - XMEV - GGAL - 24hs,6870.0,2025-05-09 18:01:15,1395,2025-05-09 18:01:16.499,6860.0,24767,6850.0,12015,6840.0,8251,6830.0,2805,6820.0,5484,6870.0,2605,6880.0,26701,6890.0,8162,6900.0,16295,6910.0,29085,2025-05-09 18:01:16.311,,2147483647,1240833,False,nan
9990,1633259,1612727190,MERV - XMEV - GGAL - 24hs,6870.0,2025-05-09 18:01:15,1395,2025-05-09 18:01:17.099,6860.0,24767,6850.0,12015,6840.0,8251,6830.0,2805,6820.0,5484,6870.0,2605,6880.0,26701,6890.0,8162,6900.0,16295,6910.0,29085,2025-05-09 18:01:16.812,,2147483647,1242533,False,nan
9991,1633331,1612727286,MERV - XMEV - GGAL - 24hs,6860.0,2025-05-09 18:01:16,12,2025-05-09 18:01:17.396,6860.0,24767,6850.0,12015,6840.0,8251,6830.0,2805,6820.0,5484,6870.0,2605,6880.0,26701,6890.0,8162,6900.0,16295,6910.0,29085,2025-05-09 18:01:17.311,,2147483647,1242533,True,bid
9992,1633387,1612727363,MERV - XMEV - GGAL - 24hs,6860.0,2025-05-09 18:01:16,12,2025-05-09 18:01:17.896,6860.0,24755,6850.0,12015,6840.0,8251,6830.0,2805,6820.0,5484,6870.0,2605,6880.0,26701,6890.0,8162,6900.0,16295,6910.0,29085,2025-05-09 18:01:17.811,,2147483647,1242545,False,nan
9993,1634344,1612728543,MERV - XMEV - GGAL - 24hs,6860.0,2025-05-09 18:01:16,12,2025-05-09 18:01:24.652,6860.0,24755,6850.0,10628,6840.0,8251,6830.0,2805,6820.0,5484,6870.0,2605,6880.0,26701,6890.0,8162,6900.0,16295,6910.0,29085,2025-05-09 18:01:24.537,,2147483647,1242545,False,nan
9994,1634538,1612728799,MERV - XMEV - GGAL - 24hs,6860.0,2025-05-09 18:01:16,12,2025-05-09 18:01:26.127,6860.0,25095,6850.0,8836,6840.0,8251,6830.0,2805,6820.0,5484,6870.0,2605,6880.0,26701,6890.0,8162,6900.0,16295,6910.0,29085,2025-05-09 18:01:26.041,,2147483647,1242545,False,nan
9995,1634667,1612728956,MERV - XMEV - GGAL - 24hs,6860.0,2025-05-09 18:01:16,12,2025-05-09 18:01:27.231,6860.0,25095,6850.0,9336,6840.0,8251,6830.0,2805,6820.0,5484,6870.0,2605,6880.0,26701,6890.0,8162,6900.0,16295,6910.0,29085,2025-05-09 18:01:27.147,,2147483647,1242545,False,nan
9996,1634880,1612729210,MERV - XMEV - GGAL - 24hs,6860.0,2025-05-09 18:01:16,12,2025-05-09 18:01:29.039,6860.0,24755,6850.0,12109,6840.0,8251,6830.0,2805,6820.0,5484,6870.0,2605,6880.0,26701,6890.0,8162,6900.0,16295,6910.0,29085,2025-05-09 18:01:28.946,,2147483647,1242545,False,nan
9997,1634958,1612729316,MERV - XMEV - GGAL - 24hs,6860.0,2025-05-09 18:01:16,12,2025-05-09 18:01:29.860,6860.0,24755,6850.0,12456,6840.0,8251,6830.0,2805,6820.0,5484,6870.0,2605,6880.0,26701,6890.0,8162,6900.0,16295,6910.0,29085,2025-05-09 18:01:29.709,,2147483647,1242545,False,nan
9998,1634990,1612729355,MERV - XMEV - GGAL - 24hs,6870.0,2025-05-09 18:01:29,10,2025-05-09 18:01:30.303,6860.0,24755,6850.0,12456,6840.0,8251,6830.0,2805,6820.0,5484,6870.0,2605,6880.0,26701,6890.0,8162,6900.0,16295,6910.0,29085,2025-05-09 18:01:30.210,,2147483647,1242545,True,offer
9999,1635025,1612729402,MERV - XMEV - GGAL - 24hs,6870.0,2025-05-09 18:01:29,10,2025-05-09 18:01:30.799,6860.0,24755,6850.0,12456,6840.0,8251,6830.0,2805,6820.0,5484,6870.0,2595,6880.0,26701,6890.0,8162,6900.0,16295,6910.0,29085,2025-05-09 18:01:30.715,,2147483647,1242555,False,nan
10000,1635076,1612729460,MERV - XMEV - GGAL - 24hs,6870.0,2025-05-09 18:01:30,17,2025-05-09 18:01:31.299,6860.0,24755,6850.0,12456,6840.0,8251,6830.0,2805,6820.0,5484,6870.0,2595,6880.0,26701,6890.0,8162,6900.0,16295,6910.0,29085,2025-05-09 18:01:31.215,,2147483647,1242555,True,offer
10001,1635106,1612729515,MERV - XMEV - GGAL - 24hs,6870.0,2025-05-09 18:01:30,17,2025-05-09 18:01:31.803,6860.0,24755,6850.0,12456,6840.0,8251,6830.0,2805,6820.0,5484,6870.0,2578,6880.0,26701,6890.0,8162,6900.0,16295,6910.0,29085,2025-05-09 18:01:31.715,,2147483647,1242572,False,nan
10002,1636085,1612730773,MERV - XMEV - GGAL - 24hs,6870.0,2025-05-09 18:01:30,17,2025-05-09 18:01:40.295,6860.0,24755,6850.0,10375,6840.0,8251,6830.0,2805,6820.0,5484,6870.0,2578,6880.0,26701,6890.0,8162,6900.0,16295,6910.0,29085,2025-05-09 18:01:40.210,,2147483647,1242572,False,nan
10003,1636736,1612731623,MERV - XMEV - GGAL - 24hs,6870.0,2025-05-09 18:01:48,1,2025-05-09 18:01:48.162,6860.0,24755,6850.0,10375,6840.0,8251,6830.0,2805,6820.0,5484,6870.0,2578,6880.0,26701,6890.0,8162,6900.0,16295,6910.0,29085,2025-05-09 18:01:48.074,,2147483647,1242572,True,offer
10004,1636831,1612731731,MERV - XMEV - GGAL - 24hs,6870.0,2025-05-09 18:01:48,1,2025-05-09 18:01:48.904,6860.0,24755,6850.0,10375,6840.0,8251,6830.0,2805,6820.0,5484,6870.0,2577,6880.0,26701,6890.0,8162,6900.0,16295,6910.0,29085,2025-05-09 18:01:48.737,,2147483647,1242572,False,nan
10005,1636909,1612731826,MERV - XMEV - GGAL - 24hs,6870.0,2025-05-09 18:01:48,1,2025-05-09 18:01:49.323,6860.0,24755,6850.0,10375,6840.0,8251,6830.0,2805,6820.0,5484,6870.0,2577,6880.0,26701,6890.0,8162,6900.0,16295,6910.0,29085,2025-05-09 18:01:49.237,,2147483647,1242573,False,nan
10006,1637137,1612732152,MERV - XMEV - GGAL - 24hs,6870.0,2025-05-09 18:01:48,1,2025-05-09 18:01:51.575,6860.0,24755,6850.0,13844,6840.0,8251,6830.0,2805,6820.0,5484,6870.0,2577,6880.0,26701,6890.0,8162,6900.0,16295,6910.0,19085,2025-05-09 18:01:51.484,,2147483647,1242573,False,nan
10007,1637795,1612732964,MERV - XMEV - GGAL - 24hs,6870.0,2025-05-09 18:01:58,77,2025-05-09 18:01:58.381,6860.0,24755,6850.0,13844,6840.0,8251,6830.0,2805,6820.0,5484,6870.0,2577,6880.0,26701,6890.0,8162,6900.0,16295,6910.0,19085,2025-05-09 18:01:58.292,,2147483647,1242573,True,offer
10008,1637845,1612733024,MERV - XMEV - GGAL - 24hs,6870.0,2025-05-09 18:01:58,393,2025-05-09 18:01:58.880,6860.0,24755,6850.0,13844,6840.0,8251,6830.0,2805,6820.0,5484,6870.0,2577,6880.0,26701,6890.0,8162,6900.0,16295,6910.0,19085,2025-05-09 18:01:58.792,,2147483647,1242573,False,nan
10009,1637870,1612733063,MERV - XMEV - GGAL - 24hs,6870.0,2025-05-09 18:01:58,393,2025-05-09 18:01:59.378,6860.0,24755,6850.0,13844,6840.0,8251,6830.0,2805,6820.0,5484,6870.0,3607,6880.0,26701,6890.0,8162,6900.0,16295,6910.0,19085,2025-05-09 18:01:59.293,,2147483647,1243043,False,nan
10010,1637956,1612733178,MERV - XMEV - GGAL - 24hs,6860.0,2025-05-09 18:02:00,2,2025-05-09 18:02:00.623,6860.0,24755,6850.0,13844,6840.0,8251,6830.0,2805,6820.0,5484,6870.0,3607,6880.0,26701,6890.0,8162,6900.0,16295,6910.0,19085,2025-05-09 18:02:00.537,,2147483647,1243043,True,bid
10011,1637984,1612733217,MERV - XMEV - GGAL - 24hs,6860.0,2025-05-09 18:02:00,2,2025-05-09 18:02:01.283,6860.0,24753,6850.0,13844,6840.0,8251,6830.0,2805,6820.0,5484,6870.0,3607,6880.0,26701,6890.0,8162,6900.0,16295,6910.0,19085,2025-05-09 18:02:01.199,,2147483647,1243043,False,nan
10012,1638019,1612733259,MERV - XMEV - GGAL - 24hs,6860.0,2025-05-09 18:02:00,2,2025-05-09 18:02:01.792,6860.0,24753,6850.0,13844,6840.0,8251,6830.0,2805,6820.0,5484,6870.0,3607,6880.0,26701,6890.0,8162,6900.0,16295,6910.0,19085,2025-05-09 18:02:01.699,,2147483647,1243045,False,nan
10013,1638121,1612733388,MERV - XMEV - GGAL - 24hs,6860.0,2025-05-09 18:02:00,2,2025-05-09 18:02:03.149,6860.0,24753,6850.0,14250,6840.0,8251,6830.0,2805,6820.0,5484,6870.0,3607,6880.0,26701,6890.0,8162,6900.0,16295,6910.0,19085,2025-05-09 18:02:03.060,,2147483647,1243045,False,nan
10014,1638197,1612733497,MERV - XMEV - GGAL - 24hs,6870.0,2025-05-09 18:02:04,330,2025-05-09 18:02:04.186,6860.0,24753,6850.0,14250,6840.0,8251,6830.0,2805,6820.0,5484,6870.0,3607,6880.0,26701,6890.0,8162,6900.0,16295,6910.0,19085,2025-05-09 18:02:04.100,,2147483647,1243045,True,offer
10015,1638245,1612733556,MERV - XMEV - GGAL - 24hs,6870.0,2025-05-09 18:02:04,330,2025-05-09 18:02:04.845,6860.0,24753,6850.0,14250,6840.0,8251,6830.0,2805,6820.0,5484,6870.0,3277,6880.0,26701,6890.0,8162,6900.0,16295,6910.0,19085,2025-05-09 18:02:04.760,,2147483647,1243045,False,nan
10016,1638281,1612733603,MERV - XMEV - GGAL - 24hs,6870.0,2025-05-09 18:02:04,330,2025-05-09 18:02:05.346,6860.0,24753,6850.0,14250,6840.0,8251,6830.0,2805,6820.0,5484,6870.0,3277,6880.0,26701,6890.0,8162,6900.0,16295,6910.0,19085,2025-05-09 18:02:05.260,,2147483647,1243375,False,nan
10017,1638444,1612733798,MERV - XMEV - GGAL - 24hs,6870.0,2025-05-09 18:02:07,640,2025-05-09 18:02:07.119,6860.0,24753,6850.0,14250,6840.0,8251,6830.0,2805,6820.0,5484,6870.0,3277,6880.0,26701,6890.0,8162,6900.0,16295,6910.0,19085,2025-05-09 18:02:07.029,,2147483647,1243375,True,offer
10018,1638522,1612733894,MERV - XMEV - GGAL - 24hs,6870.0,2025-05-09 18:02:07,640,2025-05-09 18:02:07.792,6860.0,24753,6850.0,14250,6840.0,8251,6830.0,2805,6820.0,5484,6870.0,2637,6880.0,26701,6890.0,8162,6900.0,16295,6910.0,19085,2025-05-09 18:02:07.692,,2147483647,1243375,False,nan
10019,1638565,1612733947,MERV - XMEV - GGAL - 24hs,6870.0,2025-05-09 18:02:07,640,2025-05-09 18:02:08.279,6860.0,24753,6850.0,14250,6840.0,8251,6830.0,2805,6820.0,5484,6870.0,2637,6880.0,26701,6890.0,8162,6900.0,16295,6910.0,19085,2025-05-09 18:02:08.191,,2147483647,1244015,False,nan
10020,1638806,1612734242,MERV - XMEV - GGAL - 24hs,6870.0,2025-05-09 18:02:07,640,2025-05-09 18:02:10.999,6860.0,24753,6850.0,14250,6840.0,8251,6830.0,2805,6820.0,5484,6870.0,3236,6880.0,26701,6890.0,8162,6900.0,16295,6910.0,19085,2025-05-09 18:02:10.912,,2147483647,1244015,False,nan
10021,1638858,1612734315,MERV - XMEV - GGAL - 24hs,6870.0,2025-05-09 18:02:11,40,2025-05-09 18:02:11.796,6860.0,24753,6850.0,14250,6840.0,8251,6830.0,2805,6820.0,5484,6870.0,3236,6880.0,26701,6890.0,8162,6900.0,16295,6910.0,19085,2025-05-09 18:02:11.706,,2147483647,1244015,True,offer
10022,1638894,1612734363,MERV - XMEV - GGAL - 24hs,6870.0,2025-05-09 18:02:11,40,2025-05-09 18:02:12.298,6860.0,24753,6850.0,14250,6840.0,8251,6830.0,2805,6820.0,5484,6870.0,3196,6880.0,26701,6890.0,8162,6900.0,16295,6910.0,19085,2025-05-09 18:02:12.205,,2147483647,1244015,False,nan
10023,1638931,1612734422,MERV - XMEV - GGAL - 24hs,6870.0,2025-05-09 18:02:11,40,2025-05-09 18:02:12.799,6860.0,24753,6850.0,14250,6840.0,8251,6830.0,2805,6820.0,5484,6870.0,3196,6880.0,26701,6890.0,8162,6900.0,16295,6910.0,19085,2025-05-09 18:02:12.710,,2147483647,1244055,False,nan
10024,1639368,1612734958,MERV - XMEV - GGAL - 24hs,6870.0,2025-05-09 18:02:11,40,2025-05-09 18:02:17.498,6860.0,24753,6850.0,14250,6840.0,8251,6830.0,2805,6820.0,5484,6870.0,3196,6880.0,26701,6890.0,8162,6900.0,16295,6910.0,17085,2025-05-09 18:02:17.409,,2147483647,1244055,False,nan
10025,1639482,1612735109,MERV - XMEV - GGAL - 24hs,6870.0,2025-05-09 18:02:18,949,2025-05-09 18:02:18.752,6860.0,24753,6850.0,14250,6840.0,8251,6830.0,2805,6820.0,5484,6870.0,3196,6880.0,26701,6890.0,8162,6900.0,16295,6910.0,17085,2025-05-09 18:02:18.667,,2147483647,1244055,True,offer
10026,1639537,1612735176,MERV - XMEV - GGAL - 24hs,6870.0,2025-05-09 18:02:18,949,2025-05-09 18:02:19.253,6860.0,24753,6850.0,14250,6840.0,8251,6830.0,2805,6820.0,5484,6870.0,2247,6880.0,26701,6890.0,8162,6900.0,16295,6910.0,17085,2025-05-09 18:02:19.166,,2147483647,1244055,False,nan
10027,1639578,1612735228,MERV - XMEV - GGAL - 24hs,6870.0,2025-05-09 18:02:18,949,2025-05-09 18:02:19.751,6860.0,24753,6850.0,14250,6840.0,8251,6830.0,2805,6820.0,5484,6870.0,2247,6880.0,26701,6890.0,8162,6900.0,16295,6910.0,17085,2025-05-09 18:02:19.666,,2147483647,1245004,False,nan
10028,1639844,1612735608,MERV - XMEV - GGAL - 24hs,6860.0,2025-05-09 18:02:22,4,2025-05-09 18:02:23.127,6860.0,24753,6850.0,14250,6840.0,8251,6830.0,2805,6820.0,5484,6870.0,2247,6880.0,26701,6890.0,8162,6900.0,16295,6910.0,17085,2025-05-09 18:02:23.043,,2147483647,1245004,True,bid
10029,1639906,1612735696,MERV - XMEV - GGAL - 24hs,6860.0,2025-05-09 18:02:22,4,2025-05-09 18:02:23.784,6860.0,24753,6850.0,14250,6840.0,8251,6830.0,2805,6820.0,5484,6870.0,2247,6880.0,26701,6890.0,8162,6900.0,16295,6910.0,17085,2025-05-09 18:02:23.675,,2147483647,1245008,False,nan
10030,1639963,1612735778,MERV - XMEV - GGAL - 24hs,6860.0,2025-05-09 18:02:22,4,2025-05-09 18:02:24.260,6860.0,24749,6850.0,14250,6840.0,8251,6830.0,2805,6820.0,5484,6870.0,2247,6880.0,26701,6890.0,8162,6900.0,16295,6910.0,17085,2025-05-09 18:02:24.175,,2147483647,1245008,False,nan
10031,1640250,1612736152,MERV - XMEV - GGAL - 24hs,6860.0,2025-05-09 18:02:22,4,2025-05-09 18:02:26.678,6860.0,24749,6850.0,20146,6840.0,8251,6830.0,2805,6820.0,5484,6870.0,2247,6880.0,26701,6890.0,8036,6900.0,16295,6910.0,17085,2025-05-09 18:02:26.577,,2147483647,1245008,False,nan
10032,1640324,1612736240,MERV - XMEV - GGAL - 24hs,6870.0,2025-05-09 18:02:26,1352,2025-05-09 18:02:27.176,6860.0,24749,6850.0,20146,6840.0,8251,6830.0,2805,6820.0,5484,6870.0,2247,6880.0,26701,6890.0,8036,6900.0,16295,6910.0,17085,2025-05-09 18:02:27.075,,2147483647,1245008,True,offer
10033,1640380,1612736308,MERV - XMEV - GGAL - 24hs,6870.0,2025-05-09 18:02:26,1352,2025-05-09 18:02:27.660,6860.0,24749,6850.0,20146,6840.0,8251,6830.0,2805,6820.0,5484,6870.0,3247,6880.0,26701,6890.0,8036,6900.0,16295,6910.0,17085,2025-05-09 18:02:27.574,,2147483647,1246508,False,nan
10034,1640489,1612736440,MERV - XMEV - GGAL - 24hs,6870.0,2025-05-09 18:02:28,14,2025-05-09 18:02:28.664,6860.0,24749,6850.0,20146,6840.0,8251,6830.0,2805,6820.0,5484,6870.0,3247,6880.0,26701,6890.0,8036,6900.0,16295,6910.0,17085,2025-05-09 18:02:28.567,,2147483647,1246508,True,offer
10035,1640573,1612736551,MERV - XMEV - GGAL - 24hs,6870.0,2025-05-09 18:02:28,14,2025-05-09 18:02:29.155,6860.0,24749,6850.0,16678,6840.0,8251,6830.0,2805,6820.0,5484,6870.0,3233,6880.0,26701,6890.0,8036,6900.0,16295,6910.0,17085,2025-05-09 18:02:29.066,,2147483647,1246508,False,nan
10036,1640605,1612736602,MERV - XMEV - GGAL - 24hs,6870.0,2025-05-09 18:02:28,14,2025-05-09 18:02:29.663,6860.0,24749,6850.0,16678,6840.0,8251,6830.0,2805,6820.0,5484,6870.0,3233,6880.0,26701,6890.0,8036,6900.0,16295,6910.0,17085,2025-05-09 18:02:29.569,,2147483647,1246522,False,nan
10037,1640812,1612736892,MERV - XMEV - GGAL - 24hs,6870.0,2025-05-09 18:02:28,14,2025-05-09 18:02:31.763,6860.0,24749,6850.0,19799,6840.0,8251,6830.0,2805,6820.0,5484,6870.0,3233,6880.0,26701,6890.0,8036,6900.0,16295,6910.0,17085,2025-05-09 18:02:31.658,,2147483647,1246522,False,nan
10038,1640869,1612736960,MERV - XMEV - GGAL - 24hs,6870.0,2025-05-09 18:02:32,1,2025-05-09 18:02:32.245,6860.0,24749,6850.0,19799,6840.0,8251,6830.0,2805,6820.0,5484,6870.0,3233,6880.0,26701,6890.0,8036,6900.0,16295,6910.0,17085,2025-05-09 18:02:32.160,,2147483647,1246522,True,offer
10039,1640906,1612737001,MERV - XMEV - GGAL - 24hs,6870.0,2025-05-09 18:02:32,367,2025-05-09 18:02:32.745,6860.0,24749,6850.0,19799,6840.0,8251,6830.0,2805,6820.0,5484,6870.0,3233,6880.0,26701,6890.0,8036,6900.0,16295,6910.0,17085,2025-05-09 18:02:32.660,,2147483647,1246523,False,nan
10040,1640961,1612737088,MERV - XMEV - GGAL - 24hs,6870.0,2025-05-09 18:02:32,367,2025-05-09 18:02:33.245,6860.0,24749,6850.0,19799,6840.0,8251,6830.0,2805,6820.0,5484,6870.0,4232,6880.0,26701,6890.0,8036,6900.0,16295,6910.0,17085,2025-05-09 18:02:33.160,,2147483647,1247023,False,nan
10041,1640997,1612737147,MERV - XMEV - GGAL - 24hs,6870.0,2025-05-09 18:02:32,367,2025-05-09 18:02:33.759,6860.0,24749,6850.0,20146,6840.0,8251,6830.0,2805,6820.0,5484,6870.0,4232,6880.0,26701,6890.0,8036,6900.0,16295,6910.0,17085,2025-05-09 18:02:33.660,,2147483647,1247023,False,nan
10042,1641205,1612737409,MERV - XMEV - GGAL - 24hs,6870.0,2025-05-09 18:02:32,367,2025-05-09 18:02:35.679,6860.0,24749,6850.0,19799,6840.0,8251,6830.0,2805,6820.0,5484,6870.0,4232,6880.0,26701,6890.0,8036,6900.0,16295,6910.0,17085,2025-05-09 18:02:35.594,,2147483647,1247023,False,nan
10043,1641472,1612737749,MERV - XMEV - GGAL - 24hs,6870.0,2025-05-09 18:02:32,367,2025-05-09 18:02:39.459,6860.0,24749,6850.0,20493,6840.0,8251,6830.0,2805,6820.0,5484,6870.0,4232,6880.0,26701,6890.0,8036,6900.0,16295,6910.0,17085,2025-05-09 18:02:39.368,,2147483647,1247023,False,nan
10044,1641513,1612737795,MERV - XMEV - GGAL - 24hs,6870.0,2025-05-09 18:02:39,2,2025-05-09 18:02:39.595,6860.0,24749,6850.0,20493,6840.0,8251,6830.0,2805,6820.0,5484,6870.0,4232,6880.0,26701,6890.0,8036,6900.0,16295,6910.0,17085,2025-05-09 18:02:39.468,,2147483647,1247023,True,offer
10045,1641569,1612737857,MERV - XMEV - GGAL - 24hs,6870.0,2025-05-09 18:02:39,2,2025-05-09 18:02:40.139,6860.0,24749,6850.0,20493,6840.0,8251,6830.0,2805,6820.0,5484,6870.0,4230,6880.0,26701,6890.0,8036,6900.0,16295,6910.0,17085,2025-05-09 18:02:40.053,,2147483647,1247023,False,nan
10046,1641621,1612737912,MERV - XMEV - GGAL - 24hs,6870.0,2025-05-09 18:02:39,2,2025-05-09 18:02:40.670,6860.0,24749,6850.0,20493,6840.0,8251,6830.0,2805,6820.0,5484,6870.0,4230,6880.0,26701,6890.0,8036,6900.0,16295,6910.0,17085,2025-05-09 18:02:40.573,,2147483647,1247025,False,nan
10047,1641726,1612738049,MERV - XMEV - GGAL - 24hs,6870.0,2025-05-09 18:02:39,2,2025-05-09 18:02:41.580,6860.0,24749,6850.0,20393,6840.0,8251,6830.0,2805,6820.0,5484,6870.0,4230,6880.0,26701,6890.0,8036,6900.0,16295,6910.0,17085,2025-05-09 18:02:41.481,,2147483647,1247025,False,nan
10048,1641794,1612738139,MERV - XMEV - GGAL - 24hs,6870.0,2025-05-09 18:02:39,2,2025-05-09 18:02:42.379,6860.0,24749,6850.0,20046,6840.0,8251,6830.0,2805,6820.0,5484,6870.0,4230,6880.0,26701,6890.0,8036,6900.0,16295,6910.0,17085,2025-05-09 18:02:42.288,,2147483647,1247025,False,nan
10049,1642732,1612739326,MERV - XMEV - GGAL - 24hs,6870.0,2025-05-09 18:02:39,2,2025-05-09 18:02:50.638,6860.0,24749,6850.0,19699,6840.0,8251,6830.0,2805,6820.0,5484,6870.0,4230,6880.0,26701,6890.0,8036,6900.0,16295,6910.0,17065,2025-05-09 18:02:50.482,,2147483647,1247025,False,nan
10050,1643214,1612739905,MERV - XMEV - GGAL - 24hs,6870.0,2025-05-09 18:02:39,2,2025-05-09 18:02:53.674,6860.0,24749,6850.0,20046,6840.0,8251,6830.0,2805,6820.0,5484,6870.0,4230,6880.0,26701,6890.0,8036,6900.0,16295,6910.0,17065,2025-05-09 18:02:53.582,,2147483647,1247025,False,nan
10051,1643250,1612739953,MERV - XMEV - GGAL - 24hs,6870.0,2025-05-09 18:02:53,15,2025-05-09 18:02:54.168,6860.0,24749,6850.0,20046,6840.0,8251,6830.0,2805,6820.0,5484,6870.0,4230,6880.0,26701,6890.0,8036,6900.0,16295,6910.0,17065,2025-05-09 18:02:54.079,,2147483647,1247025,True,offer
10052,1643353,1612740063,MERV - XMEV - GGAL - 24hs,6870.0,2025-05-09 18:02:53,15,2025-05-09 18:02:54.695,6860.0,24749,6850.0,20046,6840.0,8251,6830.0,2805,6820.0,5484,6870.0,4215,6880.0,26701,6890.0,8036,6900.0,16295,6910.0,17065,2025-05-09 18:02:54.586,,2147483647,1247040,False,nan
10053,1643415,1612740141,MERV - XMEV - GGAL - 24hs,6870.0,2025-05-09 18:02:53,15,2025-05-09 18:02:55.667,6860.0,24749,6850.0,20393,6840.0,8251,6830.0,2805,6820.0,5484,6870.0,4215,6880.0,26701,6890.0,8036,6900.0,16295,6910.0,17065,2025-05-09 18:02:55.581,,2147483647,1247040,False,nan
10054,1643781,1612740626,MERV - XMEV - GGAL - 24hs,6870.0,2025-05-09 18:02:58,2,2025-05-09 18:02:58.426,6860.0,24749,6850.0,20393,6840.0,8251,6830.0,2805,6820.0,5484,6870.0,4215,6880.0,26701,6890.0,8036,6900.0,16295,6910.0,17065,2025-05-09 18:02:58.114,,2147483647,1247040,True,offer
10055,1643821,1612740667,MERV - XMEV - GGAL - 24hs,6870.0,2025-05-09 18:02:58,2,2025-05-09 18:02:58.706,6860.0,24749,6850.0,20046,6840.0,8251,6830.0,2805,6820.0,5484,6870.0,4213,6880.0,26701,6890.0,8036,6900.0,16295,6910.0,17065,2025-05-09 18:02:58.618,,2147483647,1247040,False,nan
10056,1643863,1612740726,MERV - XMEV - GGAL - 24hs,6870.0,2025-05-09 18:02:58,2,2025-05-09 18:02:59.199,6860.0,24749,6850.0,20046,6840.0,8251,6830.0,2805,6820.0,5484,6870.0,4213,6880.0,26701,6890.0,8036,6900.0,16295,6910.0,17065,2025-05-09 18:02:59.114,,2147483647,1247042,False,nan
10057,1643912,1612740785,MERV - XMEV - GGAL - 24hs,6870.0,2025-05-09 18:02:59,133,2025-05-09 18:02:59.712,6860.0,24749,6850.0,20046,6840.0,8251,6830.0,2805,6820.0,5484,6870.0,4213,6880.0,26701,6890.0,8036,6900.0,16295,6910.0,17065,2025-05-09 18:02:59.615,,2147483647,1247042,True,offer
10058,1643987,1612740892,MERV - XMEV - GGAL - 24hs,6870.0,2025-05-09 18:02:59,133,2025-05-09 18:03:00.272,6860.0,24749,6850.0,20046,6840.0,8251,6830.0,2805,6820.0,5484,6870.0,4080,6880.0,26701,6890.0,8036,6900.0,16295,6910.0,17065,2025-05-09 18:03:00.115,,2147483647,1247175,False,nan
10059,1644055,1612740988,MERV - XMEV - GGAL - 24hs,6870.0,2025-05-09 18:03:00,53,2025-05-09 18:03:00.704,6860.0,24749,6850.0,20046,6840.0,8251,6830.0,2805,6820.0,5484,6870.0,4080,6880.0,26701,6890.0,8036,6900.0,16295,6910.0,17065,2025-05-09 18:03:00.615,,2147483647,1247175,True,offer
10060,1644192,1612741169,MERV - XMEV - GGAL - 24hs,6870.0,2025-05-09 18:03:00,53,2025-05-09 18:03:01.362,6860.0,24749,6850.0,20044,6840.0,8251,6830.0,7805,6820.0,5484,6870.0,3947,6880.0,26701,6890.0,8036,6900.0,16295,6910.0,17065,2025-05-09 18:03:01.114,,2147483647,1247175,False,nan
10061,1644232,1612741226,MERV - XMEV - GGAL - 24hs,6870.0,2025-05-09 18:03:00,53,2025-05-09 18:03:01.706,6860.0,24749,6850.0,20044,6840.0,8251,6830.0,7805,6820.0,5484,6870.0,3947,6880.0,26701,6890.0,8036,6900.0,16295,6910.0,17065,2025-05-09 18:03:01.620,,2147483647,1247308,False,nan
10062,1644324,1612741348,MERV - XMEV - GGAL - 24hs,6870.0,2025-05-09 18:03:00,53,2025-05-09 18:03:02.714,6860.0,24749,6850.0,20391,6840.0,8251,6830.0,7805,6820.0,5484,6870.0,3947,6880.0,26701,6890.0,8036,6900.0,16295,6910.0,17065,2025-05-09 18:03:02.627,,2147483647,1247308,False,nan
10063,1644445,1612741508,MERV - XMEV - GGAL - 24hs,6870.0,2025-05-09 18:03:00,53,2025-05-09 18:03:03.699,6860.0,24749,6850.0,20258,6840.0,8251,6830.0,7805,6820.0,5484,6870.0,3947,6880.0,26701,6890.0,8036,6900.0,16295,6910.0,17065,2025-05-09 18:03:03.608,,2147483647,1247308,False,nan
10064,1644603,1612741716,MERV - XMEV - GGAL - 24hs,6870.0,2025-05-09 18:03:00,53,2025-05-09 18:03:05.437,6860.0,24749,6850.0,20605,6840.0,8251,6830.0,7805,6820.0,5484,6870.0,3947,6880.0,26701,6890.0,8036,6900.0,16294,6910.0,17065,2025-05-09 18:03:05.348,,2147483647,1247308,False,nan
10065,1644671,1612741793,MERV - XMEV - GGAL - 24hs,6870.0,2025-05-09 18:03:05,53,2025-05-09 18:03:05.937,6860.0,24749,6850.0,20605,6840.0,8251,6830.0,7805,6820.0,5484,6870.0,3947,6880.0,26701,6890.0,8036,6900.0,16294,6910.0,17065,2025-05-09 18:03:05.847,,2147483647,1247308,True,offer
10066,1644730,1612741866,MERV - XMEV - GGAL - 24hs,6870.0,2025-05-09 18:03:05,53,2025-05-09 18:03:06.559,6860.0,24749,6850.0,20605,6840.0,8251,6830.0,7805,6820.0,5484,6870.0,3947,6880.0,26701,6890.0,8036,6900.0,16294,6910.0,17065,2025-05-09 18:03:06.473,,2147483647,1249808,False,nan
10067,1644924,1612742106,MERV - XMEV - GGAL - 24hs,6870.0,2025-05-09 18:03:05,53,2025-05-09 18:03:07.498,6860.0,24749,6850.0,19911,6840.0,8251,6830.0,7805,6820.0,5484,6870.0,3947,6880.0,26701,6890.0,8036,6900.0,16294,6910.0,17065,2025-05-09 18:03:07.329,,2147483647,1249808,False,nan
10068,1645164,1612742394,MERV - XMEV - GGAL - 24hs,6870.0,2025-05-09 18:03:05,53,2025-05-09 18:03:08.614,6860.0,24764,6850.0,20911,6840.0,7251,6830.0,7805,6820.0,5484,6870.0,3947,6880.0,26701,6890.0,8036,6900.0,16294,6910.0,17065,2025-05-09 18:03:08.524,,2147483647,1249808,False,nan
10069,1645696,1612743116,MERV - XMEV - GGAL - 24hs,6870.0,2025-05-09 18:03:05,53,2025-05-09 18:03:15.637,6860.0,24764,6850.0,20505,6840.0,7251,6830.0,7805,6820.0,5484,6870.0,3947,6880.0,26701,6890.0,8036,6900.0,16294,6910.0,17065,2025-05-09 18:03:15.552,,2147483647,1249808,False,nan
10070,1645945,1612743427,MERV - XMEV - GGAL - 24hs,6870.0,2025-05-09 18:03:05,53,2025-05-09 18:03:19.055,6860.0,24764,6850.0,20505,6840.0,7251,6830.0,7805,6820.0,5484,6870.0,3958,6880.0,26701,6890.0,8036,6900.0,16294,6910.0,17065,2025-05-09 18:03:18.969,,2147483647,1249808,False,nan
10071,1646087,1612743614,MERV - XMEV - GGAL - 24hs,6870.0,2025-05-09 18:03:05,53,2025-05-09 18:03:20.714,6860.0,24764,6850.0,13221,6840.0,7251,6830.0,7805,6820.0,5484,6870.0,3958,6880.0,26701,6890.0,8036,6900.0,16294,6910.0,17065,2025-05-09 18:03:20.624,,2147483647,1249808,False,nan
10072,1646156,1612743698,MERV - XMEV - GGAL - 24hs,6870.0,2025-05-09 18:03:05,53,2025-05-09 18:03:21.572,6860.0,24764,6850.0,10101,6840.0,8700,6830.0,7805,6820.0,5484,6870.0,3958,6880.0,26701,6890.0,8036,6900.0,16294,6910.0,17065,2025-05-09 18:03:21.381,,2147483647,1249808,False,nan
10073,1646229,1612743786,MERV - XMEV - GGAL - 24hs,6870.0,2025-05-09 18:03:05,53,2025-05-09 18:03:22.221,6860.0,24764,6850.0,10101,6840.0,9047,6830.0,7805,6820.0,5484,6870.0,3958,6880.0,26701,6890.0,8036,6900.0,16294,6910.0,17065,2025-05-09 18:03:22.128,,2147483647,1249808,False,nan
10074,1646293,1612743866,MERV - XMEV - GGAL - 24hs,6870.0,2025-05-09 18:03:22,7,2025-05-09 18:03:22.715,6860.0,24764,6850.0,10101,6840.0,9047,6830.0,7805,6820.0,5484,6870.0,3958,6880.0,26701,6890.0,8036,6900.0,16294,6910.0,17065,2025-05-09 18:03:22.630,,2147483647,1249808,True,offer
10075,1646347,1612743934,MERV - XMEV - GGAL - 24hs,6870.0,2025-05-09 18:03:22,7,2025-05-09 18:03:23.251,6860.0,24764,6850.0,10101,6840.0,9047,6830.0,7805,6820.0,5484,6870.0,3951,6880.0,26701,6890.0,8036,6900.0,16294,6910.0,17065,2025-05-09 18:03:23.166,,2147483647,1249808,False,nan
10076,1646400,1612744003,MERV - XMEV - GGAL - 24hs,6870.0,2025-05-09 18:03:22,7,2025-05-09 18:03:23.764,6860.0,24764,6850.0,10101,6840.0,9047,6830.0,7805,6820.0,5484,6870.0,3951,6880.0,26701,6890.0,8036,6900.0,16294,6910.0,17065,2025-05-09 18:03:23.666,,2147483647,1249815,False,nan
10077,1646523,1612744157,MERV - XMEV - GGAL - 24hs,6870.0,2025-05-09 18:03:22,7,2025-05-09 18:03:24.723,6860.0,25364,6850.0,9601,6840.0,9047,6830.0,7805,6820.0,5484,6870.0,3951,6880.0,26701,6890.0,8036,6900.0,16294,6910.0,17065,2025-05-09 18:03:24.636,,2147483647,1249815,False,nan
10078,1646655,1612744320,MERV - XMEV - GGAL - 24hs,6870.0,2025-05-09 18:03:22,7,2025-05-09 18:03:25.931,6860.0,25364,6850.0,9593,6840.0,9047,6830.0,7805,6820.0,5484,6870.0,3951,6880.0,26701,6890.0,8036,6900.0,16294,6910.0,17065,2025-05-09 18:03:25.840,,2147483647,1249815,False,nan
10079,1646697,1612744373,MERV - XMEV - GGAL - 24hs,6870.0,2025-05-09 18:03:25,5,2025-05-09 18:03:26.432,6860.0,25364,6850.0,9593,6840.0,9047,6830.0,7805,6820.0,5484,6870.0,3951,6880.0,26701,6890.0,8036,6900.0,16294,6910.0,17065,2025-05-09 18:03:26.341,,2147483647,1249815,True,offer
10080,1646754,1612744438,MERV - XMEV - GGAL - 24hs,6870.0,2025-05-09 18:03:25,5,2025-05-09 18:03:26.931,6860.0,25364,6850.0,9593,6840.0,9047,6830.0,7805,6820.0,5314,6870.0,3946,6880.0,26701,6890.0,8036,6900.0,16294,6910.0,17065,2025-05-09 18:03:26.840,,2147483647,1249820,False,nan
10081,1647609,1612745529,MERV - XMEV - GGAL - 24hs,6870.0,2025-05-09 18:03:33,1,2025-05-09 18:03:33.466,6860.0,25364,6850.0,9593,6840.0,9047,6830.0,7805,6820.0,5314,6870.0,3946,6880.0,26701,6890.0,8036,6900.0,16294,6910.0,17065,2025-05-09 18:03:33.377,,2147483647,1249820,True,offer
10082,1647690,1612745626,MERV - XMEV - GGAL - 24hs,6870.0,2025-05-09 18:03:33,1,2025-05-09 18:03:34.126,6860.0,25364,6850.0,9593,6840.0,9047,6830.0,7805,6820.0,5314,6870.0,3945,6880.0,26701,6890.0,8036,6900.0,16294,6910.0,17065,2025-05-09 18:03:34.041,,2147483647,1249820,False,nan
10083,1647729,1612745673,MERV - XMEV - GGAL - 24hs,6870.0,2025-05-09 18:03:33,1,2025-05-09 18:03:34.626,6860.0,25364,6850.0,9593,6840.0,9047,6830.0,7805,6820.0,5314,6870.0,3945,6880.0,26701,6890.0,8036,6900.0,16294,6910.0,17065,2025-05-09 18:03:34.541,,2147483647,1249821,False,nan
10084,1647783,1612745740,MERV - XMEV - GGAL - 24hs,6870.0,2025-05-09 18:03:33,1,2025-05-09 18:03:35.126,6860.0,25364,6850.0,9593,6840.0,9394,6830.0,7805,6820.0,5314,6870.0,3945,6880.0,26701,6890.0,8036,6900.0,16294,6910.0,17065,2025-05-09 18:03:35.041,,2147483647,1249821,False,nan
10085,1648381,1612746508,MERV - XMEV - GGAL - 24hs,6860.0,2025-05-09 18:03:41,144,2025-05-09 18:03:41.695,6860.0,25364,6850.0,9593,6840.0,9394,6830.0,7805,6820.0,5314,6870.0,3945,6880.0,26701,6890.0,8036,6900.0,16294,6910.0,17065,2025-05-09 18:03:41.593,,2147483647,1249821,True,bid
10086,1648438,1612746586,MERV - XMEV - GGAL - 24hs,6870.0,2025-05-09 18:03:41,3,2025-05-09 18:03:42.181,6860.0,25364,6850.0,9593,6840.0,9394,6830.0,7805,6820.0,5314,6870.0,3945,6880.0,26701,6890.0,8036,6900.0,16294,6910.0,17065,2025-05-09 18:03:42.092,,2147483647,1250022,False,nan
10087,1648476,1612746639,MERV - XMEV - GGAL - 24hs,6870.0,2025-05-09 18:03:42,25,2025-05-09 18:03:42.677,6860.0,25220,6850.0,9593,6840.0,9394,6830.0,7805,6820.0,5314,6870.0,3860,6880.0,26701,6890.0,8036,6900.0,16294,6910.0,17065,2025-05-09 18:03:42.592,,2147483647,1250050,True,offer
10088,1648516,1612746699,MERV - XMEV - GGAL - 24hs,6870.0,2025-05-09 18:03:42,19,2025-05-09 18:03:43.182,6860.0,25220,6850.0,9593,6840.0,9394,6830.0,7805,6820.0,5314,6870.0,3860,6880.0,26701,6890.0,8036,6900.0,16294,6910.0,17065,2025-05-09 18:03:43.097,,2147483647,1250050,False,nan
10089,1648556,1612746754,MERV - XMEV - GGAL - 24hs,6870.0,2025-05-09 18:03:42,19,2025-05-09 18:03:43.678,6860.0,25220,6850.0,9569,6840.0,9561,6830.0,7805,6820.0,5314,6870.0,3841,6880.0,26701,6890.0,8036,6900.0,16294,6910.0,17065,2025-05-09 18:03:43.591,,2147483647,1250069,False,nan
10090,1648589,1612746805,MERV - XMEV - GGAL - 24hs,6870.0,2025-05-09 18:03:44,330,2025-05-09 18:03:44.182,6860.0,25220,6850.0,9569,6840.0,9561,6830.0,7805,6820.0,5314,6870.0,3841,6880.0,26701,6890.0,8036,6900.0,16294,6910.0,17065,2025-05-09 18:03:44.095,,2147483647,1250069,True,offer
10091,1648627,1612746851,MERV - XMEV - GGAL - 24hs,6870.0,2025-05-09 18:03:44,330,2025-05-09 18:03:44.687,6860.0,25220,6850.0,9569,6840.0,9561,6830.0,7805,6820.0,5314,6870.0,3511,6880.0,26701,6890.0,8036,6900.0,16294,6910.0,17065,2025-05-09 18:03:44.595,,2147483647,1250069,False,nan
10092,1648657,1612746894,MERV - XMEV - GGAL - 24hs,6870.0,2025-05-09 18:03:44,330,2025-05-09 18:03:45.182,6860.0,25220,6850.0,9569,6840.0,9561,6830.0,7805,6820.0,5314,6870.0,3511,6880.0,26701,6890.0,8036,6900.0,16294,6910.0,17065,2025-05-09 18:03:45.096,,2147483647,1250399,False,nan
10093,1648688,1612746946,MERV - XMEV - GGAL - 24hs,6870.0,2025-05-09 18:03:44,330,2025-05-09 18:03:45.682,6860.0,25220,6850.0,9569,6840.0,9214,6830.0,7805,6820.0,5314,6870.0,3511,6880.0,26701,6890.0,8036,6900.0,16294,6910.0,17065,2025-05-09 18:03:45.596,,2147483647,1250399,False,nan
10094,1648816,1612747103,MERV - XMEV - GGAL - 24hs,6870.0,2025-05-09 18:03:44,330,2025-05-09 18:03:46.963,6860.0,25220,6850.0,13730,6840.0,7418,6830.0,7805,6820.0,5314,6870.0,3511,6880.0,26701,6890.0,8036,6900.0,16294,6910.0,17065,2025-05-09 18:03:46.873,,2147483647,1250399,False,nan
10095,1648877,1612747173,MERV - XMEV - GGAL - 24hs,6870.0,2025-05-09 18:03:46,1086,2025-05-09 18:03:47.454,6860.0,25220,6850.0,13730,6840.0,7418,6830.0,7805,6820.0,5314,6870.0,3511,6880.0,26701,6890.0,8036,6900.0,16294,6910.0,17065,2025-05-09 18:03:47.368,,2147483647,1250399,True,offer
10096,1649029,1612747354,MERV - XMEV - GGAL - 24hs,6870.0,2025-05-09 18:03:47,132,2025-05-09 18:03:48.855,6860.0,25220,6850.0,11730,6840.0,7418,6830.0,7805,6820.0,5314,6870.0,2914,6880.0,26701,6890.0,8036,6900.0,16294,6910.0,17065,2025-05-09 18:03:48.386,,2147483647,1264399,True,offer
10097,1649094,1612747436,MERV - XMEV - GGAL - 24hs,6870.0,2025-05-09 18:03:47,132,2025-05-09 18:03:49.092,6860.0,25220,6850.0,11730,6840.0,7418,6830.0,7805,6820.0,5314,6870.0,2782,6880.0,26701,6890.0,8036,6900.0,16294,6910.0,17065,2025-05-09 18:03:48.492,,2147483647,1264531,False,nan
10098,1649201,1612747566,MERV - XMEV - GGAL - 24hs,6870.0,2025-05-09 18:03:47,132,2025-05-09 18:03:49.895,6860.0,25220,6850.0,11730,6840.0,7418,6830.0,7805,6820.0,5314,6870.0,2782,6880.0,26701,6890.0,8036,6900.0,16294,6910.0,19065,2025-05-09 18:03:49.807,,2147483647,1264531,False,nan
10099,1649335,1612747710,MERV - XMEV - GGAL - 24hs,6870.0,2025-05-09 18:03:47,132,2025-05-09 18:03:50.635,6860.0,25220,6850.0,11730,6840.0,7418,6830.0,7805,6820.0,5314,6870.0,2782,6880.0,12701,6890.0,8036,6900.0,16294,6910.0,19065,2025-05-09 18:03:50.542,,2147483647,1264531,False,nan
10100,1649481,1612747883,MERV - XMEV - GGAL - 24hs,6870.0,2025-05-09 18:03:47,132,2025-05-09 18:03:51.754,6860.0,24620,6850.0,11730,6840.0,7418,6830.0,7805,6820.0,5314,6870.0,2782,6880.0,12701,6890.0,8036,6900.0,16294,6910.0,19065,2025-05-09 18:03:51.669,,2147483647,1264531,False,nan
10101,1649524,1612747938,MERV - XMEV - GGAL - 24hs,6870.0,2025-05-09 18:03:51,2,2025-05-09 18:03:52.254,6860.0,24620,6850.0,11730,6840.0,7418,6830.0,7805,6820.0,5314,6870.0,2782,6880.0,12701,6890.0,8036,6900.0,16294,6910.0,19065,2025-05-09 18:03:52.169,,2147483647,1264531,True,offer
10102,1649593,1612748033,MERV - XMEV - GGAL - 24hs,6870.0,2025-05-09 18:03:51,2,2025-05-09 18:03:52.775,6860.0,24620,6850.0,11730,6840.0,7418,6830.0,7805,6820.0,5314,6870.0,2780,6880.0,12701,6890.0,8036,6900.0,16294,6910.0,19065,2025-05-09 18:03:52.671,,2147483647,1264533,False,nan
10103,1649884,1612748378,MERV - XMEV - GGAL - 24hs,6870.0,2025-05-09 18:03:55,61,2025-05-09 18:03:55.278,6860.0,24620,6850.0,11730,6840.0,7418,6830.0,7805,6820.0,5314,6870.0,2780,6880.0,12701,6890.0,8036,6900.0,16294,6910.0,19065,2025-05-09 18:03:55.189,,2147483647,1264533,True,offer
10104,1649926,1612748437,MERV - XMEV - GGAL - 24hs,6870.0,2025-05-09 18:03:55,61,2025-05-09 18:03:55.954,6860.0,24620,6850.0,11730,6840.0,7418,6830.0,7805,6820.0,5314,6870.0,2719,6880.0,12701,6890.0,8036,6900.0,16294,6910.0,19065,2025-05-09 18:03:55.862,,2147483647,1264533,False,nan
10105,1649969,1612748495,MERV - XMEV - GGAL - 24hs,6870.0,2025-05-09 18:03:55,61,2025-05-09 18:03:56.446,6860.0,24620,6850.0,11730,6840.0,7418,6830.0,7805,6820.0,5314,6870.0,2719,6880.0,12701,6890.0,8036,6900.0,16294,6910.0,19065,2025-05-09 18:03:56.351,,2147483647,1264594,False,nan
10106,1650009,1612748542,MERV - XMEV - GGAL - 24hs,6870.0,2025-05-09 18:03:55,61,2025-05-09 18:03:56.935,6860.0,24621,6850.0,11730,6840.0,7418,6830.0,7805,6820.0,5314,6870.0,2719,6880.0,12701,6890.0,8036,6900.0,16344,6910.0,19065,2025-05-09 18:03:56.849,,2147483647,1264594,False,nan
10107,1650135,1612748713,MERV - XMEV - GGAL - 24hs,6870.0,2025-05-09 18:03:55,61,2025-05-09 18:03:58.693,6860.0,24621,6850.0,14158,6840.0,7418,6830.0,7805,6820.0,5314,6870.0,2719,6880.0,12701,6890.0,8036,6900.0,16344,6910.0,19065,2025-05-09 18:03:58.607,,2147483647,1264594,False,nan
10108,1650245,1612748852,MERV - XMEV - GGAL - 24hs,6870.0,2025-05-09 18:03:55,61,2025-05-09 18:03:59.569,6860.0,28781,6850.0,7569,6840.0,7418,6830.0,2805,6820.0,7314,6870.0,2719,6880.0,12701,6890.0,8036,6900.0,16344,6910.0,19065,2025-05-09 18:03:59.483,,2147483647,1264594,False,nan
10109,1650502,1612749160,MERV - XMEV - GGAL - 24hs,6870.0,2025-05-09 18:03:55,61,2025-05-09 18:04:00.608,6860.0,30862,6850.0,7569,6840.0,7418,6830.0,2805,6820.0,7314,6870.0,2719,6880.0,12701,6890.0,8036,6900.0,16344,6910.0,19065,2025-05-09 18:04:00.427,,2147483647,1264594,False,nan
10110,1650958,1612749724,MERV - XMEV - GGAL - 24hs,6870.0,2025-05-09 18:04:02,1305,2025-05-09 18:04:02.912,6860.0,30862,6850.0,7569,6840.0,7418,6830.0,2805,6820.0,7314,6870.0,2719,6880.0,12701,6890.0,8036,6900.0,16344,6910.0,19065,2025-05-09 18:04:02.825,,2147483647,1264594,True,offer
10111,1650998,1612749776,MERV - XMEV - GGAL - 24hs,6880.0,2025-05-09 18:04:03,4981,2025-05-09 18:04:03.414,6860.0,30862,6850.0,7569,6840.0,7418,6830.0,2805,6820.0,7314,6870.0,2719,6880.0,12701,6890.0,8036,6900.0,16344,6910.0,19065,2025-05-09 18:04:03.326,,2147483647,1280769,True,offer
10112,1651119,1612749932,MERV - XMEV - GGAL - 24hs,6880.0,2025-05-09 18:04:03,480,2025-05-09 18:04:03.963,6860.0,15900,6850.0,6569,6840.0,10418,6830.0,2802,6820.0,10314,6880.0,1500,6890.0,8036,6900.0,16344,6910.0,17065,6920.0,13612,2025-05-09 18:04:03.834,,2147483647,1298769,False,nan
10113,1651285,1612750129,MERV - XMEV - GGAL - 24hs,6880.0,2025-05-09 18:04:03,600,2025-05-09 18:04:05.028,6870.0,2754,6860.0,9621,6850.0,6569,6840.0,7418,6830.0,4805,6880.0,900,6890.0,8036,6900.0,16344,6910.0,17065,6920.0,13612,2025-05-09 18:04:04.575,,2147483647,1313769,False,nan
10114,1651546,1612750439,MERV - XMEV - GGAL - 24hs,6870.0,2025-05-09 18:04:04,156,2025-05-09 18:04:05.970,6870.0,2754,6860.0,9621,6850.0,6569,6840.0,7418,6830.0,4805,6880.0,900,6890.0,8036,6900.0,16344,6910.0,17065,6920.0,13612,2025-05-09 18:04:05.026,,2147483647,1317014,True,bid
10115,1651649,1612750582,MERV - XMEV - GGAL - 24hs,6870.0,2025-05-09 18:04:04,156,2025-05-09 18:04:06.383,6860.0,9697,6850.0,6569,6840.0,7592,6830.0,4802,6820.0,10314,6880.0,900,6890.0,8036,6900.0,16344,6910.0,17065,6920.0,13612,2025-05-09 18:04:05.527,,2147483647,1317014,False,nan
10116,1651689,1612750629,MERV - XMEV - GGAL - 24hs,6870.0,2025-05-09 18:04:04,156,2025-05-09 18:04:06.520,6870.0,4214,6860.0,9621,6850.0,6569,6840.0,7592,6830.0,4809,6880.0,900,6890.0,8036,6900.0,16344,6910.0,17065,6920.0,15612,2025-05-09 18:04:06.026,,2147483647,1317014,False,nan
10117,1652361,1612751489,MERV - XMEV - GGAL - 24hs,6870.0,2025-05-09 18:04:04,156,2025-05-09 18:04:13.880,6870.0,3867,6860.0,9621,6850.0,6569,6840.0,7592,6830.0,4809,6880.0,900,6890.0,8036,6900.0,16344,6910.0,17065,6920.0,15612,2025-05-09 18:04:13.785,,2147483647,1317014,False,nan
10118,1652609,1612751814,MERV - XMEV - GGAL - 24hs,6870.0,2025-05-09 18:04:04,156,2025-05-09 18:04:15.448,6870.0,4560,6860.0,9621,6850.0,6569,6840.0,7592,6830.0,4809,6880.0,900,6890.0,8036,6900.0,16344,6910.0,17065,6920.0,15612,2025-05-09 18:04:15.305,,2147483647,1317014,False,nan
10119,1653077,1612752394,MERV - XMEV - GGAL - 24hs,6870.0,2025-05-09 18:04:04,156,2025-05-09 18:04:17.957,6870.0,3867,6860.0,9621,6850.0,6569,6840.0,7592,6830.0,4809,6880.0,900,6890.0,8036,6900.0,16344,6910.0,17065,6920.0,15612,2025-05-09 18:04:17.869,,2147483647,1317014,False,nan
10120,1653772,1612753218,MERV - XMEV - GGAL - 24hs,6880.0,2025-05-09 18:04:21,1,2025-05-09 18:04:21.935,6870.0,3867,6860.0,9621,6850.0,6569,6840.0,7592,6830.0,4809,6880.0,900,6890.0,8036,6900.0,16344,6910.0,17065,6920.0,15612,2025-05-09 18:04:21.848,,2147483647,1317014,True,offer
10121,1653835,1612753295,MERV - XMEV - GGAL - 24hs,6880.0,2025-05-09 18:04:21,1,2025-05-09 18:04:22.603,6870.0,3867,6860.0,9621,6850.0,6569,6840.0,7592,6830.0,4809,6880.0,899,6890.0,8036,6900.0,16344,6910.0,17065,6920.0,15612,2025-05-09 18:04:22.511,,2147483647,1317014,False,nan
10122,1653934,1612753423,MERV - XMEV - GGAL - 24hs,6880.0,2025-05-09 18:04:21,1,2025-05-09 18:04:23.128,6870.0,3867,6860.0,9621,6850.0,6569,6840.0,7592,6830.0,4809,6880.0,899,6890.0,8036,6900.0,16344,6910.0,17065,6920.0,15612,2025-05-09 18:04:23.012,,2147483647,1317015,False,nan
10123,1654851,1612754600,MERV - XMEV - GGAL - 24hs,6880.0,2025-05-09 18:04:31,65,2025-05-09 18:04:31.131,6870.0,3867,6860.0,9621,6850.0,6569,6840.0,7592,6830.0,4809,6880.0,899,6890.0,8036,6900.0,16344,6910.0,17065,6920.0,15612,2025-05-09 18:04:31.043,,2147483647,1317015,True,offer
10124,1654895,1612754655,MERV - XMEV - GGAL - 24hs,6880.0,2025-05-09 18:04:31,65,2025-05-09 18:04:31.643,6870.0,3867,6860.0,9621,6850.0,6569,6840.0,7592,6830.0,4809,6880.0,834,6890.0,8036,6900.0,16344,6910.0,17065,6920.0,15612,2025-05-09 18:04:31.545,,2147483647,1317015,False,nan
10125,1654959,1612754741,MERV - XMEV - GGAL - 24hs,6880.0,2025-05-09 18:04:31,65,2025-05-09 18:04:32.131,6870.0,3867,6860.0,9621,6850.0,6569,6840.0,7592,6830.0,4809,6880.0,834,6890.0,8036,6900.0,16344,6910.0,17065,6920.0,15612,2025-05-09 18:04:32.043,,2147483647,1317080,False,nan
10126,1655087,1612754912,MERV - XMEV - GGAL - 24hs,6880.0,2025-05-09 18:04:31,65,2025-05-09 18:04:32.935,6870.0,3868,6860.0,9621,6850.0,6569,6840.0,7592,6830.0,4809,6880.0,834,6890.0,8036,6900.0,16344,6910.0,17065,6920.0,15612,2025-05-09 18:04:32.807,,2147483647,1317080,False,nan
10127,1655305,1612755175,MERV - XMEV - GGAL - 24hs,6880.0,2025-05-09 18:04:31,65,2025-05-09 18:04:34.832,6870.0,3868,6860.0,9621,6850.0,6569,6840.0,7592,6830.0,4809,6880.0,834,6890.0,8036,6900.0,16344,6910.0,17065,6920.0,20612,2025-05-09 18:04:34.712,,2147483647,1317080,False,nan
10128,1655485,1612755410,MERV - XMEV - GGAL - 24hs,6870.0,2025-05-09 18:04:36,101,2025-05-09 18:04:36.313,6870.0,3868,6860.0,9621,6850.0,6569,6840.0,7592,6830.0,4809,6880.0,834,6890.0,8036,6900.0,16344,6910.0,17065,6920.0,20612,2025-05-09 18:04:36.208,,2147483647,1317080,True,bid
10129,1655698,1612755673,MERV - XMEV - GGAL - 24hs,6870.0,2025-05-09 18:04:36,101,2025-05-09 18:04:37.103,6870.0,300,6860.0,9621,6850.0,6569,6840.0,7592,6830.0,4809,6880.0,834,6890.0,8036,6900.0,16344,6910.0,17065,6920.0,20612,2025-05-09 18:04:36.880,,2147483647,1317080,False,nan
10130,1655810,1612755807,MERV - XMEV - GGAL - 24hs,6870.0,2025-05-09 18:04:36,101,2025-05-09 18:04:37.498,6870.0,300,6860.0,9621,6850.0,6569,6840.0,7592,6830.0,4809,6880.0,834,6890.0,8036,6900.0,16344,6910.0,17065,6920.0,20612,2025-05-09 18:04:37.381,,2147483647,1317181,False,nan
10131,1655855,1612755875,MERV - XMEV - GGAL - 24hs,6870.0,2025-05-09 18:04:36,101,2025-05-09 18:04:37.970,6870.0,346,6860.0,9621,6850.0,6569,6840.0,7592,6830.0,4809,6880.0,834,6890.0,8036,6900.0,16344,6910.0,17065,6920.0,20612,2025-05-09 18:04:37.880,,2147483647,1317181,False,nan
10132,1656393,1612756596,MERV - XMEV - GGAL - 24hs,6880.0,2025-05-09 18:04:42,830,2025-05-09 18:04:42.797,6870.0,346,6860.0,9621,6850.0,6569,6840.0,7592,6830.0,4809,6880.0,834,6890.0,8036,6900.0,16344,6910.0,17065,6920.0,20612,2025-05-09 18:04:42.711,,2147483647,1317181,True,offer
10133,1656433,1612756646,MERV - XMEV - GGAL - 24hs,6880.0,2025-05-09 18:04:42,830,2025-05-09 18:04:43.297,6870.0,15346,6860.0,9621,6850.0,6569,6840.0,7592,6830.0,4809,6880.0,4,6890.0,8036,6900.0,16344,6910.0,17065,6920.0,15612,2025-05-09 18:04:43.211,,2147483647,1317181,False,nan
10134,1656464,1612756683,MERV - XMEV - GGAL - 24hs,6880.0,2025-05-09 18:04:42,830,2025-05-09 18:04:43.798,6870.0,15346,6860.0,9621,6850.0,6569,6840.0,7592,6830.0,4809,6880.0,4,6890.0,8036,6900.0,16344,6910.0,17065,6920.0,15612,2025-05-09 18:04:43.711,,2147483647,1318011,False,nan
10135,1656678,1612756974,MERV - XMEV - GGAL - 24hs,6870.0,2025-05-09 18:04:45,1,2025-05-09 18:04:45.675,6870.0,15346,6860.0,9621,6850.0,6569,6840.0,7592,6830.0,4809,6880.0,4,6890.0,8036,6900.0,16344,6910.0,17065,6920.0,15612,2025-05-09 18:04:45.446,,2147483647,1318011,True,bid
10136,1656717,1612757023,MERV - XMEV - GGAL - 24hs,6870.0,2025-05-09 18:04:45,3,2025-05-09 18:04:46.035,6870.0,15346,6860.0,9621,6850.0,6569,6840.0,7592,6830.0,4809,6880.0,4,6890.0,8036,6900.0,16344,6910.0,17065,6920.0,15612,2025-05-09 18:04:45.946,,2147483647,1318011,False,nan
10137,1656751,1612757074,MERV - XMEV - GGAL - 24hs,6870.0,2025-05-09 18:04:45,3,2025-05-09 18:04:46.531,6870.0,15342,6860.0,9621,6850.0,6569,6840.0,7592,6830.0,4809,6880.0,4,6890.0,8036,6900.0,16344,6910.0,17065,6920.0,13612,2025-05-09 18:04:46.446,,2147483647,1318015,False,nan
10138,1657062,1612757472,MERV - XMEV - GGAL - 24hs,6870.0,2025-05-09 18:04:45,3,2025-05-09 18:04:49.368,6870.0,15342,6860.0,9621,6850.0,6569,6840.0,7592,6830.0,4809,6880.0,4,6890.0,8036,6900.0,16344,6910.0,17065,6920.0,13662,2025-05-09 18:04:49.247,,2147483647,1318015,False,nan
10139,1658125,1612758755,MERV - XMEV - GGAL - 24hs,6880.0,2025-05-09 18:04:57,2,2025-05-09 18:04:57.799,6870.0,15342,6860.0,9621,6850.0,6569,6840.0,7592,6830.0,4809,6880.0,4,6890.0,8036,6900.0,16344,6910.0,17065,6920.0,13662,2025-05-09 18:04:57.712,,2147483647,1318015,True,offer
10140,1658191,1612758850,MERV - XMEV - GGAL - 24hs,6880.0,2025-05-09 18:04:57,1,2025-05-09 18:04:58.303,6870.0,15342,6860.0,9621,6850.0,6569,6840.0,7592,6830.0,4809,6880.0,4,6890.0,8036,6900.0,16344,6910.0,17065,6920.0,13662,2025-05-09 18:04:58.212,,2147483647,1318017,False,nan
10141,1658249,1612758928,MERV - XMEV - GGAL - 24hs,6880.0,2025-05-09 18:04:57,1,2025-05-09 18:04:58.835,6870.0,15342,6860.0,9621,6850.0,6569,6840.0,7592,6830.0,4809,6880.0,1,6890.0,8036,6900.0,16344,6910.0,17065,6920.0,13662,2025-05-09 18:04:58.712,,2147483647,1318018,False,nan
10142,1659040,1612759978,MERV - XMEV - GGAL - 24hs,6880.0,2025-05-09 18:05:05,1,2025-05-09 18:05:06.052,6870.0,15342,6860.0,9621,6850.0,6569,6840.0,7592,6830.0,4809,6880.0,1,6890.0,8036,6900.0,16344,6910.0,17065,6920.0,13662,2025-05-09 18:05:05.961,,2147483647,1318018,True,offer
10143,1659125,1612760075,MERV - XMEV - GGAL - 24hs,6880.0,2025-05-09 18:05:05,99,2025-05-09 18:05:06.547,6870.0,15342,6860.0,9621,6850.0,6569,6840.0,7592,6830.0,4809,6880.0,1,6890.0,8036,6900.0,16344,6910.0,17065,6920.0,13662,2025-05-09 18:05:06.457,,2147483647,1318018,False,nan
10144,1659198,1612760156,MERV - XMEV - GGAL - 24hs,6880.0,2025-05-09 18:05:05,99,2025-05-09 18:05:07.057,6870.0,15000,6860.0,9621,6850.0,6911,6840.0,7592,6830.0,4809,6880.0,650,6890.0,8336,6900.0,16344,6910.0,17065,6920.0,13662,2025-05-09 18:05:06.951,,2147483647,1318118,False,nan
10145,1659864,1612760962,MERV - XMEV - GGAL - 24hs,6880.0,2025-05-09 18:05:05,99,2025-05-09 18:05:12.850,6870.0,15000,6860.0,9621,6850.0,6911,6840.0,7592,6830.0,4809,6880.0,650,6890.0,8336,6900.0,16344,6910.0,17090,6920.0,13662,2025-05-09 18:05:12.762,,2147483647,1318118,False,nan
10146,1660193,1612761353,MERV - XMEV - GGAL - 24hs,6880.0,2025-05-09 18:05:15,1,2025-05-09 18:05:15.276,6870.0,15000,6860.0,9621,6850.0,6911,6840.0,7592,6830.0,4809,6880.0,650,6890.0,8336,6900.0,16344,6910.0,17090,6920.0,13662,2025-05-09 18:05:15.190,,2147483647,1318118,True,offer
10147,1660237,1612761406,MERV - XMEV - GGAL - 24hs,6880.0,2025-05-09 18:05:15,1,2025-05-09 18:05:15.941,6870.0,15000,6860.0,9621,6850.0,6911,6840.0,7592,6830.0,4809,6880.0,649,6890.0,8336,6900.0,16344,6910.0,17090,6920.0,13662,2025-05-09 18:05:15.856,,2147483647,1318118,False,nan
10148,1660316,1612761496,MERV - XMEV - GGAL - 24hs,6880.0,2025-05-09 18:05:16,10,2025-05-09 18:05:16.451,6870.0,15000,6860.0,9621,6850.0,6911,6840.0,7592,6830.0,4809,6880.0,649,6890.0,8336,6900.0,16344,6910.0,17090,6920.0,13662,2025-05-09 18:05:16.355,,2147483647,1318119,True,offer
10149,1660352,1612761540,MERV - XMEV - GGAL - 24hs,6880.0,2025-05-09 18:05:16,10,2025-05-09 18:05:16.947,6870.0,15000,6860.0,9621,6850.0,6911,6840.0,7592,6830.0,4809,6880.0,639,6890.0,8336,6900.0,16344,6910.0,17090,6920.0,13662,2025-05-09 18:05:16.856,,2147483647,1318129,False,nan
10150,1661068,1612762445,MERV - XMEV - GGAL - 24hs,6880.0,2025-05-09 18:05:16,10,2025-05-09 18:05:21.667,6870.0,15000,6860.0,9621,6850.0,6911,6840.0,7592,6830.0,4809,6880.0,639,6890.0,8336,6900.0,16223,6910.0,17090,6920.0,13783,2025-05-09 18:05:21.579,,2147483647,1318129,False,nan
10151,1661312,1612762742,MERV - XMEV - GGAL - 24hs,6880.0,2025-05-09 18:05:16,10,2025-05-09 18:05:22.974,6870.0,15000,6860.0,9621,6850.0,6766,6840.0,7592,6830.0,4809,6880.0,639,6890.0,8336,6900.0,16223,6910.0,17090,6920.0,18783,2025-05-09 18:05:22.801,,2147483647,1318129,False,nan
10152,1661703,1612763224,MERV - XMEV - GGAL - 24hs,6880.0,2025-05-09 18:05:25,150,2025-05-09 18:05:25.476,6870.0,15000,6860.0,9621,6850.0,6766,6840.0,7592,6830.0,4809,6880.0,639,6890.0,8336,6900.0,16223,6910.0,17090,6920.0,18783,2025-05-09 18:05:25.381,,2147483647,1318129,True,offer
10153,1661813,1612763378,MERV - XMEV - GGAL - 24hs,6880.0,2025-05-09 18:05:25,150,2025-05-09 18:05:26.104,6870.0,15000,6860.0,9621,6850.0,6766,6840.0,7592,6830.0,4809,6880.0,489,6890.0,8336,6900.0,16223,6910.0,17090,6920.0,18783,2025-05-09 18:05:26.003,,2147483647,1318129,False,nan
10154,1661852,1612763427,MERV - XMEV - GGAL - 24hs,6880.0,2025-05-09 18:05:25,150,2025-05-09 18:05:26.838,6870.0,15000,6860.0,9621,6850.0,6766,6840.0,7592,6830.0,4809,6880.0,489,6890.0,8336,6900.0,16223,6910.0,17090,6920.0,18783,2025-05-09 18:05:26.644,,2147483647,1318279,False,nan
10155,1662372,1612764044,MERV - XMEV - GGAL - 24hs,6880.0,2025-05-09 18:05:30,489,2025-05-09 18:05:30.283,6870.0,15000,6860.0,9621,6850.0,6766,6840.0,7592,6830.0,4809,6880.0,489,6890.0,8336,6900.0,16223,6910.0,17090,6920.0,18783,2025-05-09 18:05:30.195,,2147483647,1318279,True,offer
10156,1662413,1612764089,MERV - XMEV - GGAL - 24hs,6890.0,2025-05-09 18:05:30,1,2025-05-09 18:05:30.783,6870.0,15076,6860.0,9621,6850.0,6766,6840.0,7592,6830.0,4802,6890.0,8335,6900.0,16223,6910.0,17090,6920.0,20783,6930.0,10015,2025-05-09 18:05:30.694,,2147483647,1318279,False,nan
10157,1662451,1612764132,MERV - XMEV - GGAL - 24hs,6890.0,2025-05-09 18:05:30,1,2025-05-09 18:05:31.281,6870.0,15076,6860.0,9621,6850.0,6766,6840.0,7592,6830.0,4802,6890.0,8335,6900.0,16223,6910.0,17090,6920.0,20783,6930.0,10015,2025-05-09 18:05:31.194,,2147483647,1318769,False,nan
10158,1662496,1612764192,MERV - XMEV - GGAL - 24hs,6890.0,2025-05-09 18:05:30,1,2025-05-09 18:05:31.782,6870.0,15076,6860.0,9606,6850.0,6766,6840.0,7592,6830.0,4802,6890.0,8335,6900.0,16223,6910.0,17090,6920.0,20783,6930.0,10015,2025-05-09 18:05:31.695,,2147483647,1318769,False,nan
10159,1662675,1612764427,MERV - XMEV - GGAL - 24hs,6890.0,2025-05-09 18:05:30,1,2025-05-09 18:05:33.342,6870.0,15076,6860.0,9606,6850.0,6766,6840.0,7592,6830.0,4802,6890.0,8556,6900.0,16223,6910.0,17090,6920.0,18783,6930.0,12015,2025-05-09 18:05:33.253,,2147483647,1318769,False,nan
10160,1663781,1612765862,MERV - XMEV - GGAL - 24hs,6870.0,2025-05-09 18:05:44,92,2025-05-09 18:05:44.163,6870.0,15076,6860.0,9606,6850.0,6766,6840.0,7592,6830.0,4802,6890.0,8556,6900.0,16223,6910.0,17090,6920.0,18783,6930.0,12015,2025-05-09 18:05:44.075,,2147483647,1318769,True,bid
10161,1663830,1612765922,MERV - XMEV - GGAL - 24hs,6870.0,2025-05-09 18:05:44,92,2025-05-09 18:05:44.666,6880.0,2,6870.0,14909,6860.0,9606,6850.0,6766,6840.0,7599,6890.0,8556,6900.0,16223,6910.0,17090,6920.0,18783,6930.0,12015,2025-05-09 18:05:44.576,,2147483647,1318769,False,nan
10162,1663874,1612765977,MERV - XMEV - GGAL - 24hs,6870.0,2025-05-09 18:05:44,92,2025-05-09 18:05:45.166,6880.0,2,6870.0,14909,6860.0,9606,6850.0,6766,6840.0,7599,6890.0,8556,6900.0,16223,6910.0,17090,6920.0,18783,6930.0,12015,2025-05-09 18:05:45.076,,2147483647,1318861,False,nan
10163,1663926,1612766049,MERV - XMEV - GGAL - 24hs,6870.0,2025-05-09 18:05:44,92,2025-05-09 18:05:45.668,6880.0,7,6870.0,14909,6860.0,9606,6850.0,6766,6840.0,7599,6890.0,8556,6900.0,16223,6910.0,17090,6920.0,18783,6930.0,12015,2025-05-09 18:05:45.575,,2147483647,1318861,False,nan
10164,1664317,1612766508,MERV - XMEV - GGAL - 24hs,6870.0,2025-05-09 18:05:44,92,2025-05-09 18:05:48.844,6880.0,7,6870.0,1,6860.0,24514,6850.0,6766,6840.0,7599,6890.0,8556,6900.0,16223,6910.0,3090,6920.0,18783,6930.0,12015,2025-05-09 18:05:48.698,,2147483647,1318861,False,nan
10165,1666284,1612768940,MERV - XMEV - GGAL - 24hs,6890.0,2025-05-09 18:06:05,15,2025-05-09 18:06:05.428,6880.0,7,6870.0,1,6860.0,24514,6850.0,6766,6840.0,7599,6890.0,8556,6900.0,16223,6910.0,3090,6920.0,18783,6930.0,12015,2025-05-09 18:06:05.341,,2147483647,1318861,True,offer
10166,1666322,1612768988,MERV - XMEV - GGAL - 24hs,6890.0,2025-05-09 18:06:05,15,2025-05-09 18:06:05.923,6880.0,7,6870.0,1,6860.0,24514,6850.0,6766,6840.0,7599,6890.0,8541,6900.0,16223,6910.0,3090,6920.0,18783,6930.0,12015,2025-05-09 18:06:05.837,,2147483647,1318861,False,nan
10167,1666344,1612769020,MERV - XMEV - GGAL - 24hs,6890.0,2025-05-09 18:06:05,15,2025-05-09 18:06:06.425,6880.0,7,6870.0,1,6860.0,24514,6850.0,6766,6840.0,7599,6890.0,8541,6900.0,16223,6910.0,3090,6920.0,18783,6930.0,12015,2025-05-09 18:06:06.338,,2147483647,1318876,False,nan
10168,1666506,1612769234,MERV - XMEV - GGAL - 24hs,6890.0,2025-05-09 18:06:05,15,2025-05-09 18:06:08.235,6880.0,7,6870.0,1,6860.0,24514,6850.0,6766,6840.0,7599,6890.0,8541,6900.0,16223,6910.0,3090,6920.0,20783,6930.0,10015,2025-05-09 18:06:08.136,,2147483647,1318876,False,nan
10169,1666563,1612769309,MERV - XMEV - GGAL - 24hs,6890.0,2025-05-09 18:06:08,2,2025-05-09 18:06:08.736,6880.0,7,6870.0,1,6860.0,24514,6850.0,6766,6840.0,7599,6890.0,8541,6900.0,16223,6910.0,3090,6920.0,20783,6930.0,10015,2025-05-09 18:06:08.643,,2147483647,1318876,True,offer
10170,1666609,1612769383,MERV - XMEV - GGAL - 24hs,6890.0,2025-05-09 18:06:08,2,2025-05-09 18:06:09.229,6880.0,7,6870.0,1,6860.0,24514,6850.0,6766,6840.0,7599,6890.0,8539,6900.0,16223,6910.0,3090,6920.0,20783,6930.0,10015,2025-05-09 18:06:09.142,,2147483647,1318878,False,nan
10171,1668487,1612771797,MERV - XMEV - GGAL - 24hs,6890.0,2025-05-09 18:06:08,2,2025-05-09 18:06:27.307,6880.0,7,6870.0,101,6860.0,24514,6850.0,6766,6840.0,7599,6890.0,8539,6900.0,16223,6910.0,3090,6920.0,20783,6930.0,10015,2025-05-09 18:06:27.221,,2147483647,1318878,False,nan
10172,1668950,1612772388,MERV - XMEV - GGAL - 24hs,6890.0,2025-05-09 18:06:08,2,2025-05-09 18:06:31.826,6880.0,7,6870.0,101,6860.0,24514,6850.0,6780,6840.0,7599,6890.0,8539,6900.0,16223,6910.0,3090,6920.0,20783,6930.0,10015,2025-05-09 18:06:31.739,,2147483647,1318878,False,nan
10173,1669434,1612772988,MERV - XMEV - GGAL - 24hs,6890.0,2025-05-09 18:06:08,2,2025-05-09 18:06:36.292,6880.0,7,6870.0,406,6860.0,24514,6850.0,6780,6840.0,7599,6890.0,8539,6900.0,16223,6910.0,3090,6920.0,20783,6930.0,10015,2025-05-09 18:06:36.206,,2147483647,1318878,False,nan
10174,1669562,1612773152,MERV - XMEV - GGAL - 24hs,6890.0,2025-05-09 18:06:08,2,2025-05-09 18:06:38.132,6880.0,7,6870.0,408,6860.0,24514,6850.0,6780,6840.0,7599,6890.0,8539,6900.0,16223,6910.0,3090,6920.0,20783,6930.0,10015,2025-05-09 18:06:38.044,,2147483647,1318878,False,nan
10175,1669632,1612773230,MERV - XMEV - GGAL - 24hs,6890.0,2025-05-09 18:06:08,2,2025-05-09 18:06:38.844,6880.0,7,6870.0,508,6860.0,24514,6850.0,6780,6840.0,7599,6890.0,8539,6900.0,16223,6910.0,3090,6920.0,20783,6930.0,10015,2025-05-09 18:06:38.750,,2147483647,1318878,False,nan
10176,1669872,1612773515,MERV - XMEV - GGAL - 24hs,6890.0,2025-05-09 18:06:08,2,2025-05-09 18:06:41.179,6880.0,7,6870.0,508,6860.0,24514,6850.0,6780,6840.0,7599,6890.0,8539,6900.0,16223,6910.0,3090,6920.0,30783,6930.0,15,2025-05-09 18:06:41.082,,2147483647,1318878,False,nan
10177,1670230,1612773964,MERV - XMEV - GGAL - 24hs,6890.0,2025-05-09 18:06:08,2,2025-05-09 18:06:45.362,6880.0,7,6870.0,508,6860.0,24514,6850.0,6780,6840.0,7599,6890.0,8649,6900.0,16223,6910.0,3090,6920.0,30783,6930.0,15,2025-05-09 18:06:45.275,,2147483647,1318878,False,nan
10178,1670299,1612774046,MERV - XMEV - GGAL - 24hs,6890.0,2025-05-09 18:06:08,2,2025-05-09 18:06:46.482,6880.0,7,6870.0,1837,6860.0,24514,6850.0,6780,6840.0,7599,6890.0,8649,6900.0,16223,6910.0,3090,6920.0,30783,6930.0,15,2025-05-09 18:06:46.395,,2147483647,1318878,False,nan
10179,1670618,1612774473,MERV - XMEV - GGAL - 24hs,6890.0,2025-05-09 18:06:08,2,2025-05-09 18:06:50.636,6880.0,24,6870.0,1837,6860.0,24514,6850.0,6780,6840.0,7599,6890.0,8649,6900.0,16223,6910.0,3090,6920.0,30783,6930.0,15,2025-05-09 18:06:50.548,,2147483647,1318878,False,nan
10180,1670832,1612774741,MERV - XMEV - GGAL - 24hs,6890.0,2025-05-09 18:06:08,2,2025-05-09 18:06:53.420,6880.0,24,6870.0,1837,6860.0,24514,6850.0,6880,6840.0,7599,6890.0,8649,6900.0,16223,6910.0,3090,6920.0,30783,6930.0,15,2025-05-09 18:06:53.294,,2147483647,1318878,False,nan
10181,1671160,1612775157,MERV - XMEV - GGAL - 24hs,6890.0,2025-05-09 18:06:56,145,2025-05-09 18:06:56.344,6880.0,24,6870.0,1837,6860.0,24514,6850.0,6880,6840.0,7599,6890.0,8649,6900.0,16223,6910.0,3090,6920.0,30783,6930.0,15,2025-05-09 18:06:56.254,,2147483647,1318878,True,offer
10182,1671257,1612775283,MERV - XMEV - GGAL - 24hs,6890.0,2025-05-09 18:06:56,145,2025-05-09 18:06:57.398,6880.0,24,6870.0,1837,6860.0,24514,6850.0,6880,6840.0,7599,6890.0,8504,6900.0,16223,6910.0,3090,6920.0,30783,6930.0,15,2025-05-09 18:06:57.289,,2147483647,1318878,False,nan
10183,1671347,1612775407,MERV - XMEV - GGAL - 24hs,6890.0,2025-05-09 18:06:56,145,2025-05-09 18:06:57.775,6880.0,24,6870.0,1837,6860.0,24514,6850.0,6880,6840.0,7599,6890.0,8504,6900.0,16223,6910.0,3090,6920.0,30783,6930.0,15,2025-05-09 18:06:57.395,,2147483647,1319023,False,nan
10184,1671662,1612775815,MERV - XMEV - GGAL - 24hs,6890.0,2025-05-09 18:06:56,145,2025-05-09 18:06:59.336,6880.0,24,6870.0,1837,6860.0,24856,6850.0,6538,6840.0,7599,6890.0,8504,6900.0,16223,6910.0,3090,6920.0,30783,6930.0,15,2025-05-09 18:06:59.243,,2147483647,1319023,False,nan
10185,1671728,1612775899,MERV - XMEV - GGAL - 24hs,6890.0,2025-05-09 18:06:59,191,2025-05-09 18:06:59.834,6880.0,24,6870.0,1837,6860.0,24856,6850.0,6538,6840.0,7599,6890.0,8504,6900.0,16223,6910.0,3090,6920.0,30783,6930.0,15,2025-05-09 18:06:59.744,,2147483647,1319023,True,offer
10186,1671768,1612775950,MERV - XMEV - GGAL - 24hs,6890.0,2025-05-09 18:06:59,191,2025-05-09 18:07:00.333,6880.0,24,6870.0,1837,6860.0,24856,6850.0,6538,6840.0,7599,6890.0,8313,6900.0,16223,6910.0,3090,6920.0,30783,6930.0,15,2025-05-09 18:07:00.245,,2147483647,1319214,False,nan
10187,1672573,1612776997,MERV - XMEV - GGAL - 24hs,6890.0,2025-05-09 18:06:59,191,2025-05-09 18:07:07.840,6880.0,24,6870.0,1837,6860.0,24900,6850.0,6538,6840.0,7599,6890.0,8313,6900.0,16223,6910.0,3090,6920.0,30783,6930.0,15,2025-05-09 18:07:07.723,,2147483647,1319214,False,nan
10188,1673058,1612777691,MERV - XMEV - GGAL - 24hs,6890.0,2025-05-09 18:06:59,191,2025-05-09 18:07:13.571,6880.0,24,6870.0,1837,6860.0,24900,6850.0,6538,6840.0,7599,6890.0,8313,6900.0,16223,6910.0,3090,6920.0,25783,6930.0,5015,2025-05-09 18:07:13.466,,2147483647,1319214,False,nan
10189,1673293,1612777972,MERV - XMEV - GGAL - 24hs,6880.0,2025-05-09 18:07:15,2,2025-05-09 18:07:15.648,6880.0,24,6870.0,1837,6860.0,24900,6850.0,6538,6840.0,7599,6890.0,8313,6900.0,16223,6910.0,3090,6920.0,25783,6930.0,5015,2025-05-09 18:07:15.562,,2147483647,1319214,True,bid
10190,1673328,1612778008,MERV - XMEV - GGAL - 24hs,6880.0,2025-05-09 18:07:15,17,2025-05-09 18:07:16.148,6880.0,24,6870.0,1837,6860.0,24900,6850.0,6538,6840.0,7599,6890.0,8313,6900.0,16223,6910.0,3090,6920.0,25783,6930.0,5015,2025-05-09 18:07:16.062,,2147483647,1319214,False,nan
10191,1673364,1612778050,MERV - XMEV - GGAL - 24hs,6880.0,2025-05-09 18:07:16,500,2025-05-09 18:07:16.647,6870.0,1837,6860.0,24900,6850.0,6538,6840.0,7599,6830.0,4802,6880.0,24976,6890.0,8313,6900.0,16223,6910.0,3090,6920.0,25783,2025-05-09 18:07:16.562,,2147483647,1319238,True,bid
10192,1673409,1612778115,MERV - XMEV - GGAL - 24hs,6880.0,2025-05-09 18:07:17,91,2025-05-09 18:07:17.156,6870.0,1837,6860.0,24900,6850.0,6538,6840.0,7599,6830.0,4802,6880.0,24976,6890.0,8313,6900.0,16223,6910.0,3090,6920.0,25783,2025-05-09 18:07:17.070,,2147483647,1319920,True,offer
10193,1673446,1612778158,MERV - XMEV - GGAL - 24hs,6880.0,2025-05-09 18:07:17,91,2025-05-09 18:07:17.656,6870.0,1837,6860.0,24900,6850.0,6538,6840.0,7599,6830.0,4802,6880.0,24203,6890.0,8313,6900.0,16223,6910.0,3090,6920.0,25783,2025-05-09 18:07:17.570,,2147483647,1320011,False,nan
10194,1673480,1612778196,MERV - XMEV - GGAL - 24hs,6880.0,2025-05-09 18:07:17,136,2025-05-09 18:07:18.159,6870.0,1837,6860.0,24900,6850.0,6538,6840.0,7599,6830.0,4802,6880.0,24203,6890.0,8313,6900.0,16223,6910.0,3090,6920.0,25783,2025-05-09 18:07:18.071,,2147483647,1320011,False,nan
10195,1673526,1612778256,MERV - XMEV - GGAL - 24hs,6880.0,2025-05-09 18:07:17,136,2025-05-09 18:07:18.656,6870.0,1837,6860.0,24900,6850.0,6538,6840.0,7599,6830.0,4802,6880.0,24067,6890.0,8313,6900.0,16223,6910.0,3090,6920.0,25783,2025-05-09 18:07:18.571,,2147483647,1320147,False,nan
10196,1674103,1612778972,MERV - XMEV - GGAL - 24hs,6880.0,2025-05-09 18:07:24,227,2025-05-09 18:07:24.649,6870.0,1837,6860.0,24900,6850.0,6538,6840.0,7599,6830.0,4802,6880.0,24067,6890.0,8313,6900.0,16223,6910.0,3090,6920.0,25783,2025-05-09 18:07:24.562,,2147483647,1320147,True,offer
10197,1674131,1612779005,MERV - XMEV - GGAL - 24hs,6880.0,2025-05-09 18:07:24,227,2025-05-09 18:07:25.149,6870.0,1837,6860.0,24900,6850.0,6538,6840.0,7599,6830.0,4802,6880.0,23840,6890.0,8313,6900.0,16223,6910.0,3090,6920.0,25783,2025-05-09 18:07:25.062,,2147483647,1320147,False,nan
10198,1674190,1612779084,MERV - XMEV - GGAL - 24hs,6880.0,2025-05-09 18:07:24,227,2025-05-09 18:07:25.694,6870.0,1837,6860.0,24900,6850.0,6538,6840.0,7599,6830.0,4802,6880.0,23840,6890.0,8313,6900.0,16223,6910.0,3090,6920.0,25783,2025-05-09 18:07:25.601,,2147483647,1320374,False,nan
10199,1674231,1612779160,MERV - XMEV - GGAL - 24hs,6880.0,2025-05-09 18:07:26,417,2025-05-09 18:07:26.208,6870.0,1837,6860.0,24900,6850.0,6538,6840.0,7599,6830.0,4802,6880.0,23840,6890.0,8313,6900.0,16223,6910.0,3090,6920.0,25783,2025-05-09 18:07:26.119,,2147483647,1320374,True,offer
10200,1674286,1612779231,MERV - XMEV - GGAL - 24hs,6880.0,2025-05-09 18:07:26,417,2025-05-09 18:07:26.896,6870.0,1837,6860.0,24900,6850.0,6538,6840.0,7599,6830.0,4802,6880.0,23423,6890.0,8313,6900.0,16223,6910.0,3090,6920.0,25783,2025-05-09 18:07:26.809,,2147483647,1320374,False,nan
10201,1674315,1612779270,MERV - XMEV - GGAL - 24hs,6880.0,2025-05-09 18:07:26,417,2025-05-09 18:07:27.395,6870.0,1837,6860.0,24900,6850.0,6538,6840.0,7599,6830.0,4802,6880.0,23423,6890.0,8313,6900.0,16223,6910.0,3090,6920.0,25783,2025-05-09 18:07:27.309,,2147483647,1320791,False,nan
10202,1674957,1612780109,MERV - XMEV - GGAL - 24hs,6880.0,2025-05-09 18:07:26,417,2025-05-09 18:07:34.088,6870.0,2179,6860.0,24558,6850.0,6538,6840.0,7599,6830.0,4802,6880.0,23423,6890.0,8313,6900.0,16223,6910.0,3090,6920.0,23783,2025-05-09 18:07:33.993,,2147483647,1320791,False,nan
10203,1675081,1612780250,MERV - XMEV - GGAL - 24hs,6880.0,2025-05-09 18:07:34,1,2025-05-09 18:07:34.587,6870.0,2179,6860.0,24558,6850.0,6538,6840.0,7599,6830.0,4802,6880.0,23423,6890.0,8313,6900.0,16223,6910.0,3090,6920.0,23783,2025-05-09 18:07:34.494,,2147483647,1320791,True,offer
10204,1675149,1612780352,MERV - XMEV - GGAL - 24hs,6880.0,2025-05-09 18:07:34,1,2025-05-09 18:07:35.098,6870.0,2179,6860.0,24558,6850.0,6538,6840.0,7599,6830.0,4802,6880.0,23422,6890.0,8313,6900.0,16223,6910.0,3090,6920.0,23783,2025-05-09 18:07:35.012,,2147483647,1320791,False,nan
10205,1675210,1612780428,MERV - XMEV - GGAL - 24hs,6880.0,2025-05-09 18:07:34,1,2025-05-09 18:07:35.607,6870.0,2179,6860.0,24558,6850.0,6538,6840.0,7599,6830.0,4802,6880.0,23422,6890.0,8313,6900.0,16223,6910.0,3090,6920.0,23783,2025-05-09 18:07:35.512,,2147483647,1320792,False,nan
10206,1675632,1612780986,MERV - XMEV - GGAL - 24hs,6880.0,2025-05-09 18:07:34,1,2025-05-09 18:07:38.960,6870.0,2179,6860.0,24558,6850.0,6538,6840.0,7599,6830.0,2802,6880.0,23422,6890.0,8313,6900.0,16223,6910.0,3090,6920.0,23783,2025-05-09 18:07:38.868,,2147483647,1320792,False,nan
10207,1676788,1612782672,MERV - XMEV - GGAL - 24hs,6880.0,2025-05-09 18:07:51,1,2025-05-09 18:07:51.598,6870.0,2179,6860.0,24558,6850.0,6538,6840.0,7599,6830.0,2802,6880.0,23422,6890.0,8313,6900.0,16223,6910.0,3090,6920.0,23783,2025-05-09 18:07:51.509,,2147483647,1320792,True,offer
10208,1676838,1612782744,MERV - XMEV - GGAL - 24hs,6880.0,2025-05-09 18:07:51,1,2025-05-09 18:07:52.258,6870.0,2179,6860.0,24558,6850.0,6538,6840.0,7599,6830.0,2802,6880.0,23421,6890.0,8313,6900.0,16223,6910.0,3090,6920.0,23783,2025-05-09 18:07:52.172,,2147483647,1320792,False,nan
10209,1676874,1612782795,MERV - XMEV - GGAL - 24hs,6880.0,2025-05-09 18:07:51,1,2025-05-09 18:07:52.757,6870.0,2179,6860.0,24558,6850.0,6538,6840.0,7599,6830.0,2802,6880.0,23421,6890.0,8313,6900.0,16223,6910.0,3090,6920.0,23783,2025-05-09 18:07:52.671,,2147483647,1320793,False,nan
10210,1677031,1612782994,MERV - XMEV - GGAL - 24hs,6880.0,2025-05-09 18:07:51,1,2025-05-09 18:07:54.967,6870.0,2179,6860.0,24558,6850.0,6538,6840.0,7599,6830.0,2802,6880.0,23421,6890.0,8313,6900.0,16223,6910.0,3090,6920.0,13783,2025-05-09 18:07:54.858,,2147483647,1320793,False,nan
10211,1677084,1612783049,MERV - XMEV - GGAL - 24hs,6870.0,2025-05-09 18:07:54,1,2025-05-09 18:07:55.443,6870.0,2179,6860.0,24558,6850.0,6538,6840.0,7599,6830.0,2802,6880.0,23421,6890.0,8313,6900.0,16223,6910.0,3090,6920.0,13783,2025-05-09 18:07:55.356,,2147483647,1320793,True,bid
10212,1677138,1612783120,MERV - XMEV - GGAL - 24hs,6870.0,2025-05-09 18:07:54,1,2025-05-09 18:07:55.942,6870.0,2177,6860.0,24558,6850.0,6538,6840.0,7599,6830.0,2802,6880.0,23421,6890.0,8313,6900.0,16223,6910.0,3090,6920.0,13783,2025-05-09 18:07:55.856,,2147483647,1320795,False,nan
10213,1677335,1612783394,MERV - XMEV - GGAL - 24hs,6880.0,2025-05-09 18:07:58,15,2025-05-09 18:07:58.457,6870.0,2177,6860.0,24558,6850.0,6538,6840.0,7599,6830.0,2802,6880.0,23421,6890.0,8313,6900.0,16223,6910.0,3090,6920.0,13783,2025-05-09 18:07:58.365,,2147483647,1320795,True,offer
10214,1677377,1612783448,MERV - XMEV - GGAL - 24hs,6880.0,2025-05-09 18:07:58,423,2025-05-09 18:07:58.956,6870.0,2177,6860.0,24563,6850.0,6538,6840.0,7599,6830.0,2802,6880.0,22983,6890.0,8313,6900.0,16223,6910.0,3090,6920.0,13783,2025-05-09 18:07:58.865,,2147483647,1320810,False,nan
10215,1677431,1612783515,MERV - XMEV - GGAL - 24hs,6880.0,2025-05-09 18:07:59,2,2025-05-09 18:07:59.472,6870.0,2177,6860.0,24563,6850.0,6538,6840.0,7599,6830.0,2802,6880.0,22983,6890.0,8313,6900.0,16223,6910.0,3090,6920.0,13783,2025-05-09 18:07:59.367,,2147483647,1321233,True,offer
10216,1677550,1612783679,MERV - XMEV - GGAL - 24hs,6880.0,2025-05-09 18:07:59,2,2025-05-09 18:08:00.203,6870.0,2177,6860.0,9655,6850.0,21446,6840.0,7599,6830.0,2802,6880.0,22981,6890.0,8313,6900.0,16223,6910.0,3090,6920.0,30783,2025-05-09 18:08:00.032,,2147483647,1321233,False,nan
10217,1677595,1612783737,MERV - XMEV - GGAL - 24hs,6880.0,2025-05-09 18:07:59,2,2025-05-09 18:08:00.619,6870.0,2177,6860.0,9655,6850.0,21446,6840.0,7599,6830.0,2802,6880.0,22981,6890.0,8313,6900.0,16223,6910.0,3090,6920.0,30783,2025-05-09 18:08:00.533,,2147483647,1321235,False,nan
10218,1677648,1612783802,MERV - XMEV - GGAL - 24hs,6880.0,2025-05-09 18:07:59,2,2025-05-09 18:08:01.119,6870.0,2177,6860.0,9655,6850.0,21446,6840.0,7599,6830.0,2802,6880.0,22981,6890.0,8313,6900.0,16223,6910.0,3090,6920.0,25783,2025-05-09 18:08:01.033,,2147483647,1321235,False,nan
10219,1677851,1612784049,MERV - XMEV - GGAL - 24hs,6880.0,2025-05-09 18:07:59,2,2025-05-09 18:08:03.111,6870.0,2177,6860.0,24563,6850.0,6538,6840.0,7599,6830.0,2802,6880.0,22981,6890.0,8313,6900.0,16223,6910.0,3090,6920.0,25783,2025-05-09 18:08:02.971,,2147483647,1321235,False,nan
10220,1678277,1612784575,MERV - XMEV - GGAL - 24hs,6880.0,2025-05-09 18:07:59,2,2025-05-09 18:08:06.654,6870.0,2177,6860.0,24563,6850.0,7538,6840.0,7599,6830.0,2802,6880.0,22981,6890.0,8313,6900.0,16223,6910.0,3090,6920.0,25783,2025-05-09 18:08:06.554,,2147483647,1321235,False,nan
10221,1678304,1612784608,MERV - XMEV - GGAL - 24hs,6880.0,2025-05-09 18:08:06,1000,2025-05-09 18:08:07.141,6870.0,2177,6860.0,24563,6850.0,7538,6840.0,7599,6830.0,2802,6880.0,22981,6890.0,8313,6900.0,16223,6910.0,3090,6920.0,25783,2025-05-09 18:08:07.055,,2147483647,1321235,True,offer
10222,1678326,1612784635,MERV - XMEV - GGAL - 24hs,6880.0,2025-05-09 18:08:06,1000,2025-05-09 18:08:07.641,6870.0,2177,6860.0,24563,6850.0,7538,6840.0,7599,6830.0,2802,6880.0,21981,6890.0,8313,6900.0,16223,6910.0,3090,6920.0,25783,2025-05-09 18:08:07.554,,2147483647,1321235,False,nan
10223,1678362,1612784682,MERV - XMEV - GGAL - 24hs,6880.0,2025-05-09 18:08:06,1000,2025-05-09 18:08:08.146,6870.0,2177,6860.0,24563,6850.0,7538,6840.0,7599,6830.0,2802,6880.0,21981,6890.0,8313,6900.0,16223,6910.0,3090,6920.0,25783,2025-05-09 18:08:08.059,,2147483647,1322235,False,nan
10224,1678728,1612785147,MERV - XMEV - GGAL - 24hs,6880.0,2025-05-09 18:08:06,1000,2025-05-09 18:08:11.270,6870.0,2177,6860.0,9655,6850.0,21446,6840.0,8599,6830.0,2802,6880.0,21981,6890.0,8313,6900.0,16223,6910.0,3090,6920.0,30783,2025-05-09 18:08:11.182,,2147483647,1322235,False,nan
10225,1679880,1612786589,MERV - XMEV - GGAL - 24hs,6880.0,2025-05-09 18:08:06,1000,2025-05-09 18:08:24.569,6870.0,1835,6860.0,9655,6850.0,21788,6840.0,8599,6830.0,2802,6880.0,21981,6890.0,8313,6900.0,16223,6910.0,3090,6920.0,30783,2025-05-09 18:08:24.478,,2147483647,1322235,False,nan
10226,1679949,1612786684,MERV - XMEV - GGAL - 24hs,6870.0,2025-05-09 18:08:25,99,2025-05-09 18:08:25.803,6870.0,1835,6860.0,9655,6850.0,21788,6840.0,8599,6830.0,2802,6880.0,21981,6890.0,8313,6900.0,16223,6910.0,3090,6920.0,30783,2025-05-09 18:08:25.715,,2147483647,1322235,True,bid
10227,1679976,1612786718,MERV - XMEV - GGAL - 24hs,6870.0,2025-05-09 18:08:25,118,2025-05-09 18:08:26.303,6870.0,1835,6860.0,9655,6850.0,21788,6840.0,8599,6830.0,2802,6880.0,21981,6890.0,8313,6900.0,16223,6910.0,3090,6920.0,30783,2025-05-09 18:08:26.215,,2147483647,1322235,False,nan
10228,1680039,1612786805,MERV - XMEV - GGAL - 24hs,6870.0,2025-05-09 18:08:25,118,2025-05-09 18:08:26.802,6860.0,9655,6850.0,21788,6840.0,8599,6830.0,2802,6820.0,5312,6870.0,168,6880.0,21981,6890.0,8313,6900.0,16223,6910.0,3090,2025-05-09 18:08:26.715,,2147483647,1324188,False,nan
10229,1680101,1612786901,MERV - XMEV - GGAL - 24hs,6870.0,2025-05-09 18:08:25,118,2025-05-09 18:08:27.938,6860.0,9655,6850.0,21812,6840.0,8432,6830.0,2802,6820.0,5312,6870.0,168,6880.0,21981,6890.0,8313,6900.0,16223,6910.0,3090,2025-05-09 18:08:27.849,,2147483647,1324188,False,nan
10230,1680399,1612787280,MERV - XMEV - GGAL - 24hs,6870.0,2025-05-09 18:08:25,118,2025-05-09 18:08:31.618,6860.0,9655,6850.0,6904,6840.0,7432,6830.0,17710,6820.0,6312,6870.0,168,6880.0,21981,6890.0,8313,6900.0,16223,6910.0,15090,2025-05-09 18:08:31.496,,2147483647,1324188,False,nan
10231,1680625,1612787620,MERV - XMEV - GGAL - 24hs,6870.0,2025-05-09 18:08:34,1,2025-05-09 18:08:34.277,6860.0,9655,6850.0,6904,6840.0,7432,6830.0,17710,6820.0,6312,6870.0,168,6880.0,21981,6890.0,8313,6900.0,16223,6910.0,15090,2025-05-09 18:08:34.190,,2147483647,1324188,True,offer
10232,1680681,1612787691,MERV - XMEV - GGAL - 24hs,6870.0,2025-05-09 18:08:34,1,2025-05-09 18:08:34.943,6860.0,9655,6850.0,6904,6840.0,7432,6830.0,17710,6820.0,6312,6870.0,167,6880.0,21981,6890.0,8313,6900.0,16223,6910.0,15090,2025-05-09 18:08:34.855,,2147483647,1324188,False,nan
10233,1680752,1612787776,MERV - XMEV - GGAL - 24hs,6870.0,2025-05-09 18:08:34,1,2025-05-09 18:08:35.522,6860.0,9655,6850.0,6904,6840.0,7432,6830.0,17710,6820.0,6312,6870.0,167,6880.0,21981,6890.0,8313,6900.0,16223,6910.0,15090,2025-05-09 18:08:35.362,,2147483647,1324189,False,nan
10234,1681019,1612788172,MERV - XMEV - GGAL - 24hs,6870.0,2025-05-09 18:08:34,1,2025-05-09 18:08:36.744,6860.0,9997,6850.0,6562,6840.0,7432,6830.0,17710,6820.0,6312,6870.0,167,6880.0,21981,6890.0,8313,6900.0,16223,6910.0,15090,2025-05-09 18:08:36.172,,2147483647,1324189,False,nan
10235,1681127,1612788310,MERV - XMEV - GGAL - 24hs,6870.0,2025-05-09 18:08:34,1,2025-05-09 18:08:37.160,6860.0,10497,6850.0,6562,6840.0,7432,6830.0,17710,6820.0,6312,6870.0,167,6880.0,21981,6890.0,8313,6900.0,16223,6910.0,15090,2025-05-09 18:08:37.059,,2147483647,1324189,False,nan
10236,1681344,1612788611,MERV - XMEV - GGAL - 24hs,6870.0,2025-05-09 18:08:34,1,2025-05-09 18:08:39.755,6860.0,10497,6850.0,6562,6840.0,7432,6830.0,17710,6820.0,6312,6870.0,121,6880.0,21981,6890.0,8313,6900.0,16223,6910.0,15090,2025-05-09 18:08:39.668,,2147483647,1324189,False,nan
10237,1681406,1612788681,MERV - XMEV - GGAL - 24hs,6870.0,2025-05-09 18:08:40,5,2025-05-09 18:08:40.254,6860.0,10497,6850.0,6562,6840.0,7432,6830.0,17710,6820.0,6312,6870.0,121,6880.0,21981,6890.0,8313,6900.0,16223,6910.0,15090,2025-05-09 18:08:40.168,,2147483647,1324189,True,offer
10238,1681440,1612788726,MERV - XMEV - GGAL - 24hs,6870.0,2025-05-09 18:08:40,5,2025-05-09 18:08:40.831,6860.0,10497,6850.0,6562,6840.0,7432,6830.0,17710,6820.0,6312,6870.0,116,6880.0,21981,6890.0,8313,6900.0,16223,6910.0,15090,2025-05-09 18:08:40.744,,2147483647,1324189,False,nan
10239,1681476,1612788773,MERV - XMEV - GGAL - 24hs,6870.0,2025-05-09 18:08:40,5,2025-05-09 18:08:41.331,6860.0,10497,6850.0,6562,6840.0,7432,6830.0,17710,6820.0,6312,6870.0,116,6880.0,21981,6890.0,8313,6900.0,16223,6910.0,15090,2025-05-09 18:08:41.244,,2147483647,1324194,False,nan
10240,1681588,1612788916,MERV - XMEV - GGAL - 24hs,6870.0,2025-05-09 18:08:43,116,2025-05-09 18:08:43.139,6860.0,10497,6850.0,6562,6840.0,7432,6830.0,17710,6820.0,6312,6870.0,116,6880.0,21981,6890.0,8313,6900.0,16223,6910.0,15090,2025-05-09 18:08:43.050,,2147483647,1324194,True,offer
10241,1681648,1612788990,MERV - XMEV - GGAL - 24hs,6870.0,2025-05-09 18:08:43,116,2025-05-09 18:08:44.094,6870.0,52,6860.0,10497,6850.0,6562,6840.0,7425,6830.0,17710,6880.0,21981,6890.0,8313,6900.0,16223,6910.0,15090,6920.0,18662,2025-05-09 18:08:43.976,,2147483647,1324194,False,nan
10242,1681685,1612789037,MERV - XMEV - GGAL - 24hs,6870.0,2025-05-09 18:08:43,116,2025-05-09 18:08:44.303,6870.0,52,6860.0,10497,6850.0,6562,6840.0,7425,6830.0,17710,6880.0,21981,6890.0,8313,6900.0,16223,6910.0,15090,6920.0,18662,2025-05-09 18:08:44.216,,2147483647,1324310,False,nan
10243,1682223,1612789733,MERV - XMEV - GGAL - 24hs,6870.0,2025-05-09 18:08:51,52,2025-05-09 18:08:51.313,6870.0,52,6860.0,10497,6850.0,6562,6840.0,7425,6830.0,17710,6880.0,21981,6890.0,8313,6900.0,16223,6910.0,15090,6920.0,18662,2025-05-09 18:08:51.223,,2147483647,1324310,True,bid
10244,1682253,1612789781,MERV - XMEV - GGAL - 24hs,6870.0,2025-05-09 18:08:51,52,2025-05-09 18:08:51.972,6860.0,10497,6850.0,6562,6840.0,7425,6830.0,17710,6820.0,6319,6880.0,21981,6890.0,8313,6900.0,16223,6910.0,15090,6920.0,18662,2025-05-09 18:08:51.886,,2147483647,1324310,False,nan
10245,1682283,1612789823,MERV - XMEV - GGAL - 24hs,6870.0,2025-05-09 18:08:51,52,2025-05-09 18:08:52.479,6860.0,10497,6850.0,6562,6840.0,7425,6830.0,17710,6820.0,6319,6880.0,21981,6890.0,8313,6900.0,16223,6910.0,15090,6920.0,18662,2025-05-09 18:08:52.387,,2147483647,1324362,False,nan
10246,1682326,1612789880,MERV - XMEV - GGAL - 24hs,6870.0,2025-05-09 18:08:51,52,2025-05-09 18:08:52.972,6860.0,10573,6850.0,6562,6840.0,7425,6830.0,17710,6820.0,6312,6880.0,21981,6890.0,8313,6900.0,16223,6910.0,15090,6920.0,18662,2025-05-09 18:08:52.886,,2147483647,1324362,False,nan
10247,1682482,1612790069,MERV - XMEV - GGAL - 24hs,6860.0,2025-05-09 18:08:54,2,2025-05-09 18:08:54.963,6860.0,10573,6850.0,6562,6840.0,7425,6830.0,17710,6820.0,6312,6880.0,21981,6890.0,8313,6900.0,16223,6910.0,15090,6920.0,18662,2025-05-09 18:08:54.876,,2147483647,1324362,True,bid
10248,1682512,1612790110,MERV - XMEV - GGAL - 24hs,6860.0,2025-05-09 18:08:54,2,2025-05-09 18:08:55.629,6860.0,10571,6850.0,6562,6840.0,7425,6830.0,17410,6820.0,6312,6880.0,21981,6890.0,8313,6900.0,16223,6910.0,15090,6920.0,18662,2025-05-09 18:08:55.540,,2147483647,1324362,False,nan
10249,1682543,1612790147,MERV - XMEV - GGAL - 24hs,6860.0,2025-05-09 18:08:54,2,2025-05-09 18:08:56.127,6860.0,10571,6850.0,6562,6840.0,7425,6830.0,17410,6820.0,6312,6880.0,21981,6890.0,8313,6900.0,16223,6910.0,15090,6920.0,18662,2025-05-09 18:08:56.040,,2147483647,1324364,False,nan
10250,1682721,1612790369,MERV - XMEV - GGAL - 24hs,6860.0,2025-05-09 18:08:54,2,2025-05-09 18:08:58.357,6860.0,10579,6850.0,6538,6840.0,7425,6830.0,17410,6820.0,6312,6880.0,21981,6890.0,8313,6900.0,16223,6910.0,15090,6920.0,18662,2025-05-09 18:08:58.268,,2147483647,1324364,False,nan
10251,1682747,1612790402,MERV - XMEV - GGAL - 24hs,6860.0,2025-05-09 18:08:58,5,2025-05-09 18:08:58.855,6860.0,10579,6850.0,6538,6840.0,7425,6830.0,17410,6820.0,6312,6880.0,21981,6890.0,8313,6900.0,16223,6910.0,15090,6920.0,18662,2025-05-09 18:08:58.769,,2147483647,1324364,True,bid
10252,1682802,1612790469,MERV - XMEV - GGAL - 24hs,6860.0,2025-05-09 18:08:58,8,2025-05-09 18:08:59.358,6860.0,10579,6850.0,6538,6840.0,7425,6830.0,17410,6820.0,6312,6880.0,21981,6890.0,8313,6900.0,16223,6910.0,15090,6920.0,18662,2025-05-09 18:08:59.269,,2147483647,1324364,False,nan
10253,1682839,1612790516,MERV - XMEV - GGAL - 24hs,6860.0,2025-05-09 18:08:59,554,2025-05-09 18:08:59.858,6850.0,6538,6840.0,7425,6830.0,17410,6820.0,6312,6810.0,32043,6860.0,11377,6890.0,8313,6900.0,16223,6910.0,15090,6920.0,18669,2025-05-09 18:08:59.769,,2147483647,1336007,True,bid
10254,1682883,1612790569,MERV - XMEV - GGAL - 24hs,6860.0,2025-05-09 18:08:59,1040,2025-05-09 18:09:00.362,6850.0,6538,6840.0,7425,6830.0,17410,6820.0,6312,6810.0,32043,6860.0,8744,6890.0,8313,6900.0,16223,6910.0,15090,6920.0,18669,2025-05-09 18:09:00.275,,2147483647,1336561,False,nan
10255,1682936,1612790645,MERV - XMEV - GGAL - 24hs,6860.0,2025-05-09 18:09:00,38,2025-05-09 18:09:00.855,6850.0,6538,6840.0,7425,6830.0,17410,6820.0,6312,6810.0,32043,6860.0,8744,6890.0,8313,6900.0,16223,6910.0,15090,6920.0,18669,2025-05-09 18:09:00.769,,2147483647,1337601,True,offer
10256,1682974,1612790694,MERV - XMEV - GGAL - 24hs,6860.0,2025-05-09 18:09:00,38,2025-05-09 18:09:01.355,6850.0,6538,6840.0,11302,6830.0,17410,6820.0,6312,6810.0,32043,6860.0,8706,6890.0,8313,6900.0,16223,6910.0,15090,6920.0,18669,2025-05-09 18:09:01.268,,2147483647,1337601,False,nan
10257,1683042,1612790788,MERV - XMEV - GGAL - 24hs,6860.0,2025-05-09 18:09:00,38,2025-05-09 18:09:01.856,6850.0,6538,6840.0,7796,6830.0,17410,6820.0,6312,6810.0,32043,6860.0,8706,6890.0,8313,6900.0,16223,6910.0,15090,6920.0,18669,2025-05-09 18:09:01.769,,2147483647,1337639,False,nan
10258,1683080,1612790832,MERV - XMEV - GGAL - 24hs,6860.0,2025-05-09 18:09:02,115,2025-05-09 18:09:02.678,6850.0,6538,6840.0,7796,6830.0,17410,6820.0,6312,6810.0,32043,6860.0,8706,6890.0,8313,6900.0,16223,6910.0,15090,6920.0,18669,2025-05-09 18:09:02.485,,2147483647,1337639,True,offer
10259,1683136,1612790933,MERV - XMEV - GGAL - 24hs,6860.0,2025-05-09 18:09:02,115,2025-05-09 18:09:03.006,6850.0,6538,6840.0,22704,6830.0,2502,6820.0,6312,6810.0,32043,6860.0,8591,6890.0,8313,6900.0,16223,6910.0,20090,6920.0,13669,2025-05-09 18:09:02.894,,2147483647,1337639,False,nan
10260,1683215,1612791052,MERV - XMEV - GGAL - 24hs,6860.0,2025-05-09 18:09:02,115,2025-05-09 18:09:03.485,6850.0,6538,6840.0,22704,6830.0,2502,6820.0,6312,6810.0,32043,6860.0,8591,6890.0,8313,6900.0,16223,6910.0,20090,6920.0,13669,2025-05-09 18:09:03.392,,2147483647,1337754,False,nan
10261,1683262,1612791112,MERV - XMEV - GGAL - 24hs,6860.0,2025-05-09 18:09:02,115,2025-05-09 18:09:03.982,6850.0,6538,6840.0,23088,6830.0,2502,6820.0,6312,6810.0,32043,6860.0,8591,6890.0,8313,6900.0,16223,6910.0,20090,6920.0,13669,2025-05-09 18:09:03.892,,2147483647,1337754,False,nan
10262,1683458,1612791382,MERV - XMEV - GGAL - 24hs,6860.0,2025-05-09 18:09:02,115,2025-05-09 18:09:05.172,6850.0,6538,6840.0,8180,6830.0,17410,6820.0,5312,6810.0,33043,6860.0,8591,6890.0,8313,6900.0,16223,6910.0,20090,6920.0,13669,2025-05-09 18:09:05.086,,2147483647,1337754,False,nan
10263,1683562,1612791517,MERV - XMEV - GGAL - 24hs,6860.0,2025-05-09 18:09:02,115,2025-05-09 18:09:05.892,6850.0,6538,6840.0,8874,6830.0,17410,6820.0,5312,6810.0,33043,6860.0,8591,6890.0,8313,6900.0,16223,6910.0,20090,6920.0,13669,2025-05-09 18:09:05.806,,2147483647,1337754,False,nan
10264,1683675,1612791685,MERV - XMEV - GGAL - 24hs,6860.0,2025-05-09 18:09:06,8591,2025-05-09 18:09:06.407,6860.0,115,6850.0,6538,6840.0,7833,6830.0,17410,6820.0,5312,6890.0,8313,6900.0,16223,6910.0,20090,6920.0,13669,6930.0,15,2025-05-09 18:09:06.305,,2147483647,1337754,True,offer
10265,1683724,1612791754,MERV - XMEV - GGAL - 24hs,6860.0,2025-05-09 18:09:06,8591,2025-05-09 18:09:06.988,6860.0,115,6850.0,6538,6840.0,7833,6830.0,17410,6820.0,5312,6890.0,8313,6900.0,16223,6910.0,20090,6920.0,13669,6930.0,15,2025-05-09 18:09:06.893,,2147483647,1346345,False,nan
10266,1683784,1612791824,MERV - XMEV - GGAL - 24hs,6860.0,2025-05-09 18:09:06,8591,2025-05-09 18:09:07.484,6860.0,115,6850.0,6538,6840.0,8874,6830.0,17410,6820.0,5312,6890.0,8389,6900.0,16223,6910.0,20090,6920.0,13662,6930.0,15,2025-05-09 18:09:07.392,,2147483647,1346345,False,nan
10267,1683995,1612792067,MERV - XMEV - GGAL - 24hs,6860.0,2025-05-09 18:09:06,8591,2025-05-09 18:09:08.295,6860.0,115,6850.0,6538,6840.0,9221,6830.0,17410,6820.0,5312,6890.0,8389,6900.0,16223,6910.0,20090,6920.0,13662,6930.0,15,2025-05-09 18:09:07.985,,2147483647,1346345,False,nan
10268,1684262,1612792402,MERV - XMEV - GGAL - 24hs,6860.0,2025-05-09 18:09:09,98,2025-05-09 18:09:10.083,6860.0,115,6850.0,6538,6840.0,9221,6830.0,17410,6820.0,5312,6890.0,8389,6900.0,16223,6910.0,20090,6920.0,13662,6930.0,15,2025-05-09 18:09:09.996,,2147483647,1346345,True,bid
10269,1684324,1612792472,MERV - XMEV - GGAL - 24hs,6860.0,2025-05-09 18:09:09,98,2025-05-09 18:09:10.796,6860.0,115,6850.0,6538,6840.0,9221,6830.0,17410,6820.0,5312,6890.0,8389,6900.0,16223,6910.0,20090,6920.0,13662,6930.0,15,2025-05-09 18:09:10.685,,2147483647,1346443,False,nan
10270,1684373,1612792532,MERV - XMEV - GGAL - 24hs,6860.0,2025-05-09 18:09:09,98,2025-05-09 18:09:11.267,6860.0,3224,6850.0,6538,6840.0,9221,6830.0,17410,6820.0,5312,6890.0,8389,6900.0,16223,6910.0,20090,6920.0,13662,6930.0,15,2025-05-09 18:09:11.181,,2147483647,1346443,False,nan
10271,1684560,1612792830,MERV - XMEV - GGAL - 24hs,6860.0,2025-05-09 18:09:13,17,2025-05-09 18:09:13.774,6860.0,3224,6850.0,6538,6840.0,9221,6830.0,17410,6820.0,5312,6890.0,8389,6900.0,16223,6910.0,20090,6920.0,13662,6930.0,15,2025-05-09 18:09:13.687,,2147483647,1346443,True,bid
10272,1684614,1612792927,MERV - XMEV - GGAL - 24hs,6860.0,2025-05-09 18:09:13,604,2025-05-09 18:09:14.334,6860.0,2603,6850.0,6538,6840.0,9221,6830.0,17410,6820.0,5312,6880.0,376,6890.0,8013,6900.0,16223,6910.0,20090,6920.0,13662,2025-05-09 18:09:14.186,,2147483647,1346443,False,nan
10273,1684653,1612792997,MERV - XMEV - GGAL - 24hs,6860.0,2025-05-09 18:09:13,604,2025-05-09 18:09:14.776,6860.0,2603,6850.0,6538,6840.0,9221,6830.0,17410,6820.0,5312,6880.0,376,6890.0,8013,6900.0,16223,6910.0,20090,6920.0,13662,2025-05-09 18:09:14.687,,2147483647,1347064,False,nan
10274,1684931,1612793342,MERV - XMEV - GGAL - 24hs,6860.0,2025-05-09 18:09:13,604,2025-05-09 18:09:18.232,6860.0,2603,6850.0,6538,6840.0,9221,6830.0,17410,6820.0,5412,6880.0,12579,6890.0,8013,6900.0,16223,6910.0,20090,6920.0,13662,2025-05-09 18:09:18.145,,2147483647,1347064,False,nan
10275,1684987,1612793418,MERV - XMEV - GGAL - 24hs,6860.0,2025-05-09 18:09:13,604,2025-05-09 18:09:19.113,6860.0,2603,6850.0,6538,6840.0,24129,6830.0,2502,6820.0,6412,6880.0,12579,6890.0,8013,6900.0,16223,6910.0,20090,6920.0,13662,2025-05-09 18:09:19.026,,2147483647,1347064,False,nan
10276,1685033,1612793475,MERV - XMEV - GGAL - 24hs,6860.0,2025-05-09 18:09:19,44,2025-05-09 18:09:19.695,6860.0,2603,6850.0,6538,6840.0,24129,6830.0,2502,6820.0,6412,6880.0,12579,6890.0,8013,6900.0,16223,6910.0,20090,6920.0,13662,2025-05-09 18:09:19.608,,2147483647,1347064,True,bid
10277,1685076,1612793528,MERV - XMEV - GGAL - 24hs,6860.0,2025-05-09 18:09:19,44,2025-05-09 18:09:20.714,6860.0,2559,6850.0,6538,6840.0,24129,6830.0,2502,6820.0,6412,6880.0,12579,6890.0,8013,6900.0,16223,6910.0,20090,6920.0,13662,2025-05-09 18:09:20.627,,2147483647,1347064,False,nan
10278,1685117,1612793577,MERV - XMEV - GGAL - 24hs,6860.0,2025-05-09 18:09:19,44,2025-05-09 18:09:20.864,6860.0,2559,6850.0,6538,6840.0,24129,6830.0,2502,6820.0,6412,6880.0,12579,6890.0,8013,6900.0,16223,6910.0,20090,6920.0,13662,2025-05-09 18:09:20.727,,2147483647,1347108,False,nan
10279,1685198,1612793690,MERV - XMEV - GGAL - 24hs,6860.0,2025-05-09 18:09:19,44,2025-05-09 18:09:21.891,6860.0,2559,6850.0,6538,6840.0,24129,6830.0,2502,6820.0,6412,6880.0,12579,6890.0,9013,6900.0,16223,6910.0,20090,6920.0,13662,2025-05-09 18:09:21.803,,2147483647,1347108,False,nan
10280,1685251,1612793752,MERV - XMEV - GGAL - 24hs,6860.0,2025-05-09 18:09:19,44,2025-05-09 18:09:22.849,6870.0,3,6860.0,2559,6850.0,6538,6840.0,24129,6830.0,2502,6880.0,12503,6890.0,9013,6900.0,16223,6910.0,20090,6920.0,13669,2025-05-09 18:09:22.761,,2147483647,1347108,False,nan
10281,1685297,1612793812,MERV - XMEV - GGAL - 24hs,6870.0,2025-05-09 18:09:22,1,2025-05-09 18:09:23.348,6870.0,3,6860.0,2559,6850.0,6538,6840.0,24129,6830.0,2502,6880.0,12503,6890.0,9013,6900.0,16223,6910.0,20090,6920.0,13669,2025-05-09 18:09:23.261,,2147483647,1347108,True,bid
10282,1685368,1612793895,MERV - XMEV - GGAL - 24hs,6870.0,2025-05-09 18:09:22,1,2025-05-09 18:09:23.848,6870.0,2,6860.0,2559,6850.0,6538,6840.0,24129,6830.0,2502,6880.0,12503,6890.0,9013,6900.0,16223,6910.0,20090,6920.0,13669,2025-05-09 18:09:23.761,,2147483647,1347109,False,nan
10283,1685722,1612794344,MERV - XMEV - GGAL - 24hs,6870.0,2025-05-09 18:09:22,1,2025-05-09 18:09:26.471,6870.0,2,6860.0,2559,6850.0,6538,6840.0,24129,6830.0,2502,6880.0,12503,6890.0,9013,6900.0,18223,6910.0,18090,6920.0,13669,2025-05-09 18:09:26.362,,2147483647,1347109,False,nan
10284,1686206,1612794962,MERV - XMEV - GGAL - 24hs,6880.0,2025-05-09 18:09:30,4,2025-05-09 18:09:30.899,6870.0,2,6860.0,2559,6850.0,6538,6840.0,24129,6830.0,2502,6880.0,12503,6890.0,9013,6900.0,18223,6910.0,18090,6920.0,13669,2025-05-09 18:09:30.812,,2147483647,1347109,True,offer
10285,1686315,1612795096,MERV - XMEV - GGAL - 24hs,6880.0,2025-05-09 18:09:30,4,2025-05-09 18:09:31.571,6870.0,2,6860.0,2559,6850.0,6538,6840.0,24129,6830.0,2502,6880.0,12499,6890.0,9013,6900.0,18223,6910.0,18090,6920.0,13669,2025-05-09 18:09:31.483,,2147483647,1347109,False,nan
10286,1686352,1612795186,MERV - XMEV - GGAL - 24hs,6880.0,2025-05-09 18:09:30,4,2025-05-09 18:09:32.087,6870.0,2,6860.0,2559,6850.0,6538,6840.0,24129,6830.0,2502,6880.0,12499,6890.0,9013,6900.0,18223,6910.0,18090,6920.0,13669,2025-05-09 18:09:31.984,,2147483647,1347113,False,nan
10287,1686808,1612795847,MERV - XMEV - GGAL - 24hs,6880.0,2025-05-09 18:09:30,4,2025-05-09 18:09:36.107,6870.0,5,6860.0,2559,6850.0,6538,6840.0,24129,6830.0,2502,6880.0,12499,6890.0,9013,6900.0,18223,6910.0,18090,6920.0,13669,2025-05-09 18:09:36.009,,2147483647,1347113,False,nan
10288,1687132,1612796211,MERV - XMEV - GGAL - 24hs,6880.0,2025-05-09 18:09:30,4,2025-05-09 18:09:37.304,6870.0,5,6860.0,2559,6850.0,6538,6840.0,23782,6830.0,2502,6880.0,12499,6890.0,9013,6900.0,18223,6910.0,18090,6920.0,13669,2025-05-09 18:09:37.022,,2147483647,1347113,False,nan
10289,1687702,1612796877,MERV - XMEV - GGAL - 24hs,6880.0,2025-05-09 18:09:30,4,2025-05-09 18:09:40.235,6870.0,5,6860.0,2559,6850.0,6538,6840.0,23435,6830.0,2502,6880.0,12499,6890.0,9013,6900.0,18223,6910.0,18090,6920.0,13669,2025-05-09 18:09:40.147,,2147483647,1347113,False,nan
10290,1688181,1612797505,MERV - XMEV - GGAL - 24hs,6880.0,2025-05-09 18:09:30,4,2025-05-09 18:09:45.376,6870.0,5,6860.0,2559,6850.0,6538,6840.0,23435,6830.0,2502,6880.0,12499,6890.0,8013,6900.0,18223,6910.0,18090,6920.0,13669,2025-05-09 18:09:45.286,,2147483647,1347113,False,nan
10291,1688270,1612797635,MERV - XMEV - GGAL - 24hs,6880.0,2025-05-09 18:09:30,4,2025-05-09 18:09:46.371,6870.0,5,6860.0,2559,6850.0,6538,6840.0,23435,6830.0,2502,6880.0,12499,6890.0,8013,6900.0,28223,6910.0,8090,6920.0,13669,2025-05-09 18:09:46.256,,2147483647,1347113,False,nan
10292,1688683,1612798173,MERV - XMEV - GGAL - 24hs,6880.0,2025-05-09 18:09:30,4,2025-05-09 18:09:50.471,6870.0,5,6860.0,2559,6850.0,6538,6840.0,23435,6830.0,2502,6880.0,12499,6890.0,8014,6900.0,28223,6910.0,8090,6920.0,13669,2025-05-09 18:09:50.385,,2147483647,1347113,False,nan
10293,1689394,1612799059,MERV - XMEV - GGAL - 24hs,6880.0,2025-05-09 18:09:30,4,2025-05-09 18:09:54.866,6870.0,5,6860.0,2559,6850.0,6538,6840.0,23212,6830.0,2502,6880.0,12499,6890.0,8014,6900.0,28223,6910.0,8090,6920.0,13669,2025-05-09 18:09:54.778,,2147483647,1347113,False,nan
10294,1689465,1612799148,MERV - XMEV - GGAL - 24hs,6880.0,2025-05-09 18:09:30,4,2025-05-09 18:09:56.059,6870.0,5,6860.0,2559,6850.0,6538,6840.0,23212,6830.0,2502,6880.0,12499,6890.0,8014,6900.0,26223,6910.0,10090,6920.0,13669,2025-05-09 18:09:55.968,,2147483647,1347113,False,nan
10295,1689500,1612799199,MERV - XMEV - GGAL - 24hs,6880.0,2025-05-09 18:09:56,40,2025-05-09 18:09:56.581,6870.0,5,6860.0,2559,6850.0,6538,6840.0,23212,6830.0,2502,6880.0,12499,6890.0,8014,6900.0,26223,6910.0,10090,6920.0,13669,2025-05-09 18:09:56.493,,2147483647,1347113,True,offer
10296,1689547,1612799265,MERV - XMEV - GGAL - 24hs,6880.0,2025-05-09 18:09:56,40,2025-05-09 18:09:57.243,6870.0,5,6860.0,2559,6850.0,6538,6840.0,23212,6830.0,2502,6880.0,12459,6890.0,8014,6900.0,26223,6910.0,10090,6920.0,13669,2025-05-09 18:09:57.156,,2147483647,1347113,False,nan
10297,1689610,1612799366,MERV - XMEV - GGAL - 24hs,6880.0,2025-05-09 18:09:56,40,2025-05-09 18:09:57.743,6870.0,5,6860.0,2559,6850.0,6538,6840.0,23212,6830.0,2502,6880.0,12459,6890.0,8014,6900.0,26223,6910.0,10090,6920.0,13669,2025-05-09 18:09:57.657,,2147483647,1347153,False,nan
10298,1689679,1612799464,MERV - XMEV - GGAL - 24hs,6880.0,2025-05-09 18:09:56,40,2025-05-09 18:09:58.771,6870.0,5,6860.0,2559,6850.0,6538,6840.0,23212,6830.0,2502,6880.0,12459,6890.0,8014,6900.0,16223,6910.0,20090,6920.0,13669,2025-05-09 18:09:58.673,,2147483647,1347153,False,nan
10299,1690275,1612800224,MERV - XMEV - GGAL - 24hs,6880.0,2025-05-09 18:09:56,40,2025-05-09 18:10:04.338,6870.0,5,6860.0,2602,6850.0,6538,6840.0,23175,6830.0,2502,6880.0,12459,6890.0,8014,6900.0,16223,6910.0,20090,6920.0,13669,2025-05-09 18:10:04.242,,2147483647,1347153,False,nan
10300,1690377,1612800394,MERV - XMEV - GGAL - 24hs,6880.0,2025-05-09 18:09:56,40,2025-05-09 18:10:05.092,6870.0,5,6860.0,2602,6850.0,6538,6840.0,23175,6830.0,2502,6880.0,12459,6890.0,8014,6900.0,15823,6910.0,20090,6920.0,13669,2025-05-09 18:10:04.999,,2147483647,1347153,False,nan
10301,1691352,1612801678,MERV - XMEV - GGAL - 24hs,6880.0,2025-05-09 18:09:56,40,2025-05-09 18:10:14.156,6870.0,5,6860.0,2602,6850.0,6538,6840.0,23521,6830.0,2502,6880.0,12459,6890.0,8014,6900.0,15823,6910.0,20090,6920.0,13669,2025-05-09 18:10:14.069,,2147483647,1347153,False,nan
10302,1691446,1612801804,MERV - XMEV - GGAL - 24hs,6880.0,2025-05-09 18:09:56,40,2025-05-09 18:10:15.460,6870.0,5,6860.0,2652,6850.0,6538,6840.0,23521,6830.0,2502,6880.0,12459,6890.0,8014,6900.0,15823,6910.0,20090,6920.0,13669,2025-05-09 18:10:15.370,,2147483647,1347153,False,nan
10303,1691857,1612802385,MERV - XMEV - GGAL - 24hs,6880.0,2025-05-09 18:09:56,40,2025-05-09 18:10:18.570,6870.0,8,6860.0,2652,6850.0,6538,6840.0,23521,6830.0,2502,6880.0,12459,6890.0,8014,6900.0,15823,6910.0,20090,6920.0,13669,2025-05-09 18:10:18.483,,2147483647,1347153,False,nan
10304,1692060,1612802664,MERV - XMEV - GGAL - 24hs,6880.0,2025-05-09 18:09:56,40,2025-05-09 18:10:21.231,6870.0,8,6860.0,2652,6850.0,6538,6840.0,23175,6830.0,2502,6880.0,12459,6890.0,8014,6900.0,15823,6910.0,20090,6920.0,13669,2025-05-09 18:10:21.144,,2147483647,1347153,False,nan
10305,1692166,1612802799,MERV - XMEV - GGAL - 24hs,6880.0,2025-05-09 18:09:56,40,2025-05-09 18:10:22.979,6870.0,8,6860.0,2652,6850.0,6538,6840.0,22481,6830.0,2502,6880.0,12459,6890.0,8014,6900.0,15823,6910.0,20090,6920.0,13669,2025-05-09 18:10:22.776,,2147483647,1347153,False,nan
10306,1692227,1612802901,MERV - XMEV - GGAL - 24hs,6880.0,2025-05-09 18:10:22,182,2025-05-09 18:10:23.295,6870.0,8,6860.0,2652,6850.0,6538,6840.0,22481,6830.0,2502,6880.0,12459,6890.0,8014,6900.0,15823,6910.0,20090,6920.0,13669,2025-05-09 18:10:22.882,,2147483647,1347153,True,offer
10307,1692264,1612802947,MERV - XMEV - GGAL - 24hs,6880.0,2025-05-09 18:10:22,182,2025-05-09 18:10:23.442,6870.0,8,6860.0,2652,6850.0,6538,6840.0,22481,6830.0,2502,6880.0,12277,6890.0,8014,6900.0,15823,6910.0,20090,6920.0,13669,2025-05-09 18:10:23.273,,2147483647,1347335,False,nan
10308,1693257,1612804245,MERV - XMEV - GGAL - 24hs,6880.0,2025-05-09 18:10:29,74,2025-05-09 18:10:29.798,6870.0,8,6860.0,2652,6850.0,6538,6840.0,22481,6830.0,2502,6880.0,12277,6890.0,8014,6900.0,15823,6910.0,20090,6920.0,13669,2025-05-09 18:10:29.711,,2147483647,1347335,True,offer
10309,1693292,1612804289,MERV - XMEV - GGAL - 24hs,6880.0,2025-05-09 18:10:29,284,2025-05-09 18:10:30.300,6870.0,8,6860.0,2652,6850.0,6538,6840.0,22481,6830.0,2502,6880.0,11919,6890.0,8014,6900.0,15823,6910.0,20090,6920.0,13669,2025-05-09 18:10:30.211,,2147483647,1347335,False,nan
10310,1693356,1612804368,MERV - XMEV - GGAL - 24hs,6880.0,2025-05-09 18:10:29,284,2025-05-09 18:10:30.798,6870.0,8,6860.0,2652,6850.0,6538,6840.0,22481,6830.0,2502,6880.0,11919,6890.0,8014,6900.0,15823,6910.0,20090,6920.0,13669,2025-05-09 18:10:30.711,,2147483647,1347693,False,nan
10311,1693518,1612804571,MERV - XMEV - GGAL - 24hs,6870.0,2025-05-09 18:10:32,1,2025-05-09 18:10:32.703,6870.0,8,6860.0,2652,6850.0,6538,6840.0,22481,6830.0,2502,6880.0,11919,6890.0,8014,6900.0,15823,6910.0,20090,6920.0,13669,2025-05-09 18:10:32.616,,2147483647,1347693,True,bid
10312,1693576,1612804640,MERV - XMEV - GGAL - 24hs,6870.0,2025-05-09 18:10:32,1,2025-05-09 18:10:33.403,6870.0,7,6860.0,2652,6850.0,6538,6840.0,22481,6830.0,2502,6880.0,11919,6890.0,8014,6900.0,15823,6910.0,20090,6920.0,13669,2025-05-09 18:10:33.288,,2147483647,1347693,False,nan
10313,1693626,1612804697,MERV - XMEV - GGAL - 24hs,6870.0,2025-05-09 18:10:32,1,2025-05-09 18:10:33.875,6870.0,7,6860.0,2652,6850.0,6538,6840.0,22481,6830.0,2502,6880.0,11919,6890.0,8014,6900.0,15823,6910.0,20090,6920.0,13669,2025-05-09 18:10:33.788,,2147483647,1347694,False,nan
10314,1694183,1612805418,MERV - XMEV - GGAL - 24hs,6870.0,2025-05-09 18:10:41,1,2025-05-09 18:10:41.101,6870.0,7,6860.0,2652,6850.0,6538,6840.0,22481,6830.0,2502,6880.0,11919,6890.0,8014,6900.0,15823,6910.0,20090,6920.0,13669,2025-05-09 18:10:41.011,,2147483647,1347694,True,bid
10315,1694218,1612805462,MERV - XMEV - GGAL - 24hs,6870.0,2025-05-09 18:10:41,5,2025-05-09 18:10:41.602,6870.0,7,6860.0,2652,6850.0,6538,6840.0,22481,6830.0,2502,6880.0,11919,6890.0,8014,6900.0,15823,6910.0,20090,6920.0,13669,2025-05-09 18:10:41.512,,2147483647,1347701,False,nan
10316,1694259,1612805519,MERV - XMEV - GGAL - 24hs,6870.0,2025-05-09 18:10:41,22,2025-05-09 18:10:42.098,6860.0,2652,6850.0,6538,6840.0,22481,6830.0,2502,6820.0,6412,6870.0,948,6880.0,11919,6890.0,8014,6900.0,15823,6910.0,20090,2025-05-09 18:10:42.011,,2147483647,1347706,False,nan
10317,1694326,1612805601,MERV - XMEV - GGAL - 24hs,6860.0,2025-05-09 18:10:42,881,2025-05-09 18:10:42.599,6860.0,2652,6850.0,6538,6840.0,22481,6830.0,2502,6820.0,6412,6870.0,948,6880.0,11919,6890.0,8014,6900.0,15823,6910.0,20090,2025-05-09 18:10:42.512,,2147483647,1347706,True,bid
10318,1694362,1612805647,MERV - XMEV - GGAL - 24hs,6860.0,2025-05-09 18:10:42,881,2025-05-09 18:10:43.099,6860.0,1771,6850.0,6538,6840.0,22481,6830.0,2502,6820.0,6412,6870.0,926,6880.0,11919,6890.0,8014,6900.0,15823,6910.0,20090,2025-05-09 18:10:43.012,,2147483647,1348609,False,nan
10319,1694474,1612805809,MERV - XMEV - GGAL - 24hs,6860.0,2025-05-09 18:10:42,881,2025-05-09 18:10:44.220,6860.0,1771,6850.0,6538,6840.0,22481,6830.0,2502,6820.0,6412,6870.0,956,6880.0,11919,6890.0,8014,6900.0,15823,6910.0,20090,2025-05-09 18:10:44.116,,2147483647,1348609,False,nan
10320,1694952,1612806526,MERV - XMEV - GGAL - 24hs,6870.0,2025-05-09 18:10:49,3,2025-05-09 18:10:49.876,6860.0,1771,6850.0,6538,6840.0,22481,6830.0,2502,6820.0,6412,6870.0,956,6880.0,11919,6890.0,8014,6900.0,15823,6910.0,20090,2025-05-09 18:10:49.789,,2147483647,1348609,True,offer
10321,1695022,1612806617,MERV - XMEV - GGAL - 24hs,6870.0,2025-05-09 18:10:49,3,2025-05-09 18:10:50.544,6860.0,1771,6850.0,6538,6840.0,22481,6830.0,2502,6820.0,6412,6870.0,953,6880.0,11919,6890.0,8014,6900.0,15823,6910.0,20090,2025-05-09 18:10:50.455,,2147483647,1348609,False,nan
10322,1695075,1612806683,MERV - XMEV - GGAL - 24hs,6870.0,2025-05-09 18:10:49,3,2025-05-09 18:10:51.043,6860.0,1771,6850.0,6538,6840.0,22481,6830.0,2502,6820.0,6412,6870.0,953,6880.0,11919,6890.0,8014,6900.0,15823,6910.0,20090,2025-05-09 18:10:50.955,,2147483647,1348612,False,nan
10323,1695168,1612806801,MERV - XMEV - GGAL - 24hs,6870.0,2025-05-09 18:10:52,2,2025-05-09 18:10:52.498,6860.0,1771,6850.0,6538,6840.0,22481,6830.0,2502,6820.0,6412,6870.0,953,6880.0,11919,6890.0,8014,6900.0,15823,6910.0,20090,2025-05-09 18:10:52.409,,2147483647,1348612,True,offer
10324,1695211,1612806859,MERV - XMEV - GGAL - 24hs,6870.0,2025-05-09 18:10:52,2,2025-05-09 18:10:53.106,6860.0,1771,6850.0,6538,6840.0,22481,6830.0,2502,6820.0,6412,6870.0,951,6880.0,11919,6890.0,8014,6900.0,15823,6910.0,20090,2025-05-09 18:10:53.017,,2147483647,1348612,False,nan
10325,1695261,1612806918,MERV - XMEV - GGAL - 24hs,6870.0,2025-05-09 18:10:52,2,2025-05-09 18:10:53.606,6860.0,1771,6850.0,6538,6840.0,22481,6830.0,2502,6820.0,6412,6870.0,951,6880.0,11919,6890.0,8014,6900.0,15823,6910.0,20090,2025-05-09 18:10:53.516,,2147483647,1348614,False,nan
10326,1695316,1612807007,MERV - XMEV - GGAL - 24hs,6870.0,2025-05-09 18:10:52,2,2025-05-09 18:10:54.229,6860.0,1771,6850.0,7038,6840.0,22828,6830.0,2502,6820.0,6412,6870.0,951,6880.0,11919,6890.0,8014,6900.0,15823,6910.0,20090,2025-05-09 18:10:54.134,,2147483647,1348614,False,nan
10327,1695589,1612807347,MERV - XMEV - GGAL - 24hs,6870.0,2025-05-09 18:10:57,221,2025-05-09 18:10:57.646,6860.0,1771,6850.0,7038,6840.0,22828,6830.0,2502,6820.0,6412,6870.0,951,6880.0,11919,6890.0,8014,6900.0,15823,6910.0,20090,2025-05-09 18:10:57.559,,2147483647,1348614,True,offer
10328,1695634,1612807404,MERV - XMEV - GGAL - 24hs,6870.0,2025-05-09 18:10:57,221,2025-05-09 18:10:58.315,6860.0,1771,6850.0,7038,6840.0,22828,6830.0,2502,6820.0,6412,6870.0,730,6880.0,11919,6890.0,8014,6900.0,15823,6910.0,20090,2025-05-09 18:10:58.223,,2147483647,1348614,False,nan
10329,1695695,1612807479,MERV - XMEV - GGAL - 24hs,6870.0,2025-05-09 18:10:57,221,2025-05-09 18:10:58.817,6860.0,1771,6850.0,7038,6840.0,22828,6830.0,2502,6820.0,6412,6870.0,730,6880.0,11919,6890.0,8014,6900.0,15823,6910.0,20090,2025-05-09 18:10:58.726,,2147483647,1348835,False,nan
10330,1695864,1612807704,MERV - XMEV - GGAL - 24hs,6870.0,2025-05-09 18:10:57,221,2025-05-09 18:11:00.239,6860.0,1771,6850.0,7038,6840.0,22828,6830.0,2502,6820.0,6412,6870.0,730,6880.0,11919,6890.0,8064,6900.0,15823,6910.0,20090,2025-05-09 18:11:00.147,,2147483647,1348835,False,nan
10331,1696053,1612807954,MERV - XMEV - GGAL - 24hs,6870.0,2025-05-09 18:11:02,25,2025-05-09 18:11:02.165,6860.0,1771,6850.0,7038,6840.0,22828,6830.0,2502,6820.0,6412,6870.0,730,6880.0,11919,6890.0,8064,6900.0,15823,6910.0,20090,2025-05-09 18:11:02.059,,2147483647,1348835,True,offer
10332,1696307,1612808225,MERV - XMEV - GGAL - 24hs,6870.0,2025-05-09 18:11:02,25,2025-05-09 18:11:03.030,6860.0,1771,6850.0,7038,6840.0,22828,6830.0,2502,6820.0,6412,6870.0,705,6880.0,11919,6890.0,8064,6900.0,15823,6910.0,20090,2025-05-09 18:11:02.558,,2147483647,1348835,False,nan
10333,1696443,1612808417,MERV - XMEV - GGAL - 24hs,6870.0,2025-05-09 18:11:02,25,2025-05-09 18:11:03.636,6860.0,1771,6850.0,7038,6840.0,22828,6830.0,2502,6820.0,6412,6870.0,705,6880.0,11919,6890.0,8064,6900.0,15823,6910.0,20090,2025-05-09 18:11:03.059,,2147483647,1348860,False,nan
10334,1696751,1612808810,MERV - XMEV - GGAL - 24hs,6870.0,2025-05-09 18:11:02,25,2025-05-09 18:11:04.962,6860.0,1721,6850.0,7088,6840.0,22828,6830.0,2502,6820.0,6412,6870.0,705,6880.0,11919,6890.0,8064,6900.0,15823,6910.0,20090,2025-05-09 18:11:04.426,,2147483647,1348860,False,nan
10335,1697178,1612809343,MERV - XMEV - GGAL - 24hs,6870.0,2025-05-09 18:11:08,2,2025-05-09 18:11:09.179,6860.0,1721,6850.0,7088,6840.0,22828,6830.0,2502,6820.0,6412,6870.0,705,6880.0,11919,6890.0,8064,6900.0,15823,6910.0,20090,2025-05-09 18:11:09.069,,2147483647,1348860,True,offer
10336,1697257,1612809442,MERV - XMEV - GGAL - 24hs,6870.0,2025-05-09 18:11:08,2,2025-05-09 18:11:09.678,6860.0,1721,6850.0,7088,6840.0,22828,6830.0,2502,6820.0,6412,6870.0,703,6880.0,11919,6890.0,8064,6900.0,15823,6910.0,20090,2025-05-09 18:11:09.569,,2147483647,1348862,False,nan
10337,1697672,1612810052,MERV - XMEV - GGAL - 24hs,6870.0,2025-05-09 18:11:13,673,2025-05-09 18:11:14.087,6860.0,1721,6850.0,7088,6840.0,22828,6830.0,2502,6820.0,6412,6870.0,703,6880.0,11919,6890.0,8064,6900.0,15823,6910.0,20090,2025-05-09 18:11:13.998,,2147483647,1348862,True,offer
10338,1697720,1612810112,MERV - XMEV - GGAL - 24hs,6870.0,2025-05-09 18:11:13,30,2025-05-09 18:11:14.586,6870.0,1297,6860.0,1721,6850.0,7088,6840.0,23175,6830.0,2502,6880.0,11919,6890.0,8064,6900.0,15823,6910.0,20090,6920.0,7289,2025-05-09 18:11:14.498,,2147483647,1348862,False,nan
10339,1697773,1612810176,MERV - XMEV - GGAL - 24hs,6870.0,2025-05-09 18:11:13,30,2025-05-09 18:11:15.091,6870.0,1297,6860.0,1721,6850.0,7088,6840.0,23175,6830.0,2502,6880.0,11919,6890.0,8064,6900.0,15823,6910.0,20090,6920.0,7289,2025-05-09 18:11:14.998,,2147483647,1349565,False,nan
10340,1697966,1612810457,MERV - XMEV - GGAL - 24hs,6870.0,2025-05-09 18:11:13,30,2025-05-09 18:11:17.660,6870.0,1297,6860.0,1721,6850.0,7088,6840.0,23175,6830.0,2502,6880.0,11919,6890.0,8064,6900.0,32823,6910.0,3090,6920.0,7289,2025-05-09 18:11:17.568,,2147483647,1349565,False,nan
10341,1698112,1612810642,MERV - XMEV - GGAL - 24hs,6870.0,2025-05-09 18:11:13,30,2025-05-09 18:11:19.297,6870.0,1297,6860.0,1721,6850.0,7088,6840.0,23175,6830.0,3502,6880.0,11919,6890.0,8064,6900.0,15823,6910.0,20090,6920.0,7289,2025-05-09 18:11:19.209,,2147483647,1349565,False,nan
10342,1698889,1612811712,MERV - XMEV - GGAL - 24hs,6870.0,2025-05-09 18:11:13,30,2025-05-09 18:11:28.313,6870.0,1297,6860.0,1721,6850.0,7092,6840.0,23175,6830.0,3502,6880.0,11919,6890.0,8064,6900.0,15823,6910.0,20090,6920.0,7289,2025-05-09 18:11:28.212,,2147483647,1349565,False,nan
10343,1699020,1612811879,MERV - XMEV - GGAL - 24hs,6870.0,2025-05-09 18:11:13,30,2025-05-09 18:11:29.930,6870.0,1297,6860.0,1721,6850.0,22000,6840.0,8267,6830.0,3502,6880.0,11919,6890.0,8064,6900.0,15823,6910.0,20090,6920.0,7289,2025-05-09 18:11:29.842,,2147483647,1349565,False,nan
10344,1699117,1612811994,MERV - XMEV - GGAL - 24hs,6870.0,2025-05-09 18:11:13,30,2025-05-09 18:11:31.334,6870.0,1297,6860.0,1721,6850.0,22000,6840.0,8270,6830.0,3502,6880.0,11919,6890.0,8064,6900.0,15823,6910.0,20090,6920.0,7289,2025-05-09 18:11:31.245,,2147483647,1349565,False,nan
10345,1699614,1612812630,MERV - XMEV - GGAL - 24hs,6870.0,2025-05-09 18:11:13,30,2025-05-09 18:11:38.406,6870.0,1297,6860.0,1721,6850.0,22000,6840.0,8617,6830.0,3502,6880.0,11919,6890.0,8064,6900.0,15823,6910.0,8090,6920.0,19289,2025-05-09 18:11:38.319,,2147483647,1349565,False,nan
10346,1699917,1612812999,MERV - XMEV - GGAL - 24hs,6870.0,2025-05-09 18:11:13,30,2025-05-09 18:11:39.903,6870.0,1297,6860.0,1721,6850.0,22000,6840.0,8270,6830.0,3502,6880.0,11919,6890.0,8064,6900.0,15823,6910.0,3090,6920.0,24289,2025-05-09 18:11:39.325,,2147483647,1349565,False,nan
10347,1700581,1612813833,MERV - XMEV - GGAL - 24hs,6880.0,2025-05-09 18:11:42,17,2025-05-09 18:11:43.250,6870.0,1297,6860.0,1721,6850.0,22000,6840.0,8270,6830.0,3502,6880.0,11919,6890.0,8064,6900.0,15823,6910.0,3090,6920.0,24289,2025-05-09 18:11:42.460,,2147483647,1349565,True,offer
10348,1700679,1612813950,MERV - XMEV - GGAL - 24hs,6880.0,2025-05-09 18:11:42,17,2025-05-09 18:11:43.634,6870.0,1297,6860.0,1721,6850.0,22000,6840.0,8270,6830.0,3502,6880.0,11902,6890.0,8064,6900.0,15823,6910.0,3090,6920.0,24289,2025-05-09 18:11:43.116,,2147483647,1349565,False,nan
10349,1700716,1612813997,MERV - XMEV - GGAL - 24hs,6880.0,2025-05-09 18:11:42,17,2025-05-09 18:11:43.787,6870.0,1297,6860.0,1721,6850.0,22000,6840.0,8270,6830.0,3502,6880.0,11902,6890.0,8064,6900.0,15823,6910.0,3090,6920.0,24289,2025-05-09 18:11:43.621,,2147483647,1349582,False,nan
10350,1700753,1612814047,MERV - XMEV - GGAL - 24hs,6870.0,2025-05-09 18:11:43,285,2025-05-09 18:11:44.215,6870.0,1297,6860.0,1721,6850.0,22000,6840.0,8270,6830.0,3502,6880.0,11902,6890.0,8064,6900.0,15823,6910.0,3090,6920.0,24289,2025-05-09 18:11:44.116,,2147483647,1349582,True,bid
10351,1700834,1612814140,MERV - XMEV - GGAL - 24hs,6870.0,2025-05-09 18:11:43,285,2025-05-09 18:11:44.712,6870.0,1012,6860.0,1721,6850.0,22000,6840.0,8270,6830.0,3502,6880.0,11902,6890.0,8064,6900.0,15823,6910.0,3090,6920.0,24289,2025-05-09 18:11:44.616,,2147483647,1349867,False,nan
10352,1701196,1612814593,MERV - XMEV - GGAL - 24hs,6870.0,2025-05-09 18:11:43,285,2025-05-09 18:11:47.466,6870.0,1032,6860.0,1721,6850.0,22000,6840.0,8270,6830.0,3502,6880.0,11902,6890.0,8064,6900.0,15823,6910.0,3090,6920.0,24289,2025-05-09 18:11:47.378,,2147483647,1349867,False,nan
10353,1701373,1612814804,MERV - XMEV - GGAL - 24hs,6880.0,2025-05-09 18:11:49,1,2025-05-09 18:11:49.460,6870.0,1032,6860.0,1721,6850.0,22000,6840.0,8270,6830.0,3502,6880.0,11902,6890.0,8064,6900.0,15823,6910.0,3090,6920.0,24289,2025-05-09 18:11:49.369,,2147483647,1349867,True,offer
10354,1701420,1612814856,MERV - XMEV - GGAL - 24hs,6880.0,2025-05-09 18:11:49,1,2025-05-09 18:11:50.144,6870.0,1032,6860.0,1721,6850.0,22000,6840.0,8270,6830.0,3502,6880.0,11902,6890.0,8064,6900.0,15823,6910.0,3090,6920.0,24289,2025-05-09 18:11:50.053,,2147483647,1349868,False,nan
10355,1701495,1612814947,MERV - XMEV - GGAL - 24hs,6880.0,2025-05-09 18:11:49,1,2025-05-09 18:11:50.640,6870.0,1032,6860.0,1723,6850.0,22000,6840.0,8270,6830.0,3502,6880.0,11901,6890.0,8064,6900.0,15823,6910.0,3090,6920.0,24289,2025-05-09 18:11:50.553,,2147483647,1349868,False,nan
10356,1701549,1612815009,MERV - XMEV - GGAL - 24hs,6880.0,2025-05-09 18:11:49,1,2025-05-09 18:11:51.146,6870.0,1032,6860.0,1726,6850.0,22000,6840.0,8270,6830.0,3502,6880.0,11901,6890.0,14444,6900.0,15823,6910.0,3090,6920.0,24689,2025-05-09 18:11:51.052,,2147483647,1349868,False,nan
10357,1702104,1612815705,MERV - XMEV - GGAL - 24hs,6880.0,2025-05-09 18:11:49,1,2025-05-09 18:11:57.046,6870.0,1032,6860.0,1726,6850.0,22000,6840.0,8267,6830.0,3502,6880.0,11901,6890.0,14444,6900.0,15823,6910.0,3090,6920.0,24689,2025-05-09 18:11:56.958,,2147483647,1349868,False,nan
10358,1702193,1612815816,MERV - XMEV - GGAL - 24hs,6880.0,2025-05-09 18:11:49,1,2025-05-09 18:11:58.039,6870.0,1032,6860.0,1726,6850.0,22000,6840.0,8231,6830.0,3502,6880.0,11901,6890.0,14444,6900.0,15823,6910.0,3090,6920.0,24689,2025-05-09 18:11:57.945,,2147483647,1349868,False,nan
10359,1702268,1612815908,MERV - XMEV - GGAL - 24hs,6880.0,2025-05-09 18:11:49,1,2025-05-09 18:11:59.098,6870.0,1072,6860.0,1726,6850.0,22000,6840.0,8231,6830.0,3502,6880.0,11901,6890.0,14444,6900.0,15823,6910.0,3090,6920.0,24689,2025-05-09 18:11:58.931,,2147483647,1349868,False,nan
10360,1702370,1612816057,MERV - XMEV - GGAL - 24hs,6870.0,2025-05-09 18:11:59,4,2025-05-09 18:11:59.765,6870.0,1072,6860.0,1726,6850.0,22000,6840.0,8231,6830.0,3502,6880.0,11901,6890.0,14444,6900.0,15823,6910.0,3090,6920.0,24689,2025-05-09 18:11:59.676,,2147483647,1349868,True,bid
10361,1702400,1612816103,MERV - XMEV - GGAL - 24hs,6870.0,2025-05-09 18:11:59,4,2025-05-09 18:12:00.430,6870.0,1068,6860.0,1726,6850.0,22000,6840.0,8231,6830.0,3502,6880.0,11901,6890.0,14444,6900.0,15823,6910.0,3090,6920.0,24689,2025-05-09 18:12:00.343,,2147483647,1349868,False,nan
10362,1702427,1612816148,MERV - XMEV - GGAL - 24hs,6870.0,2025-05-09 18:11:59,4,2025-05-09 18:12:00.931,6870.0,1068,6860.0,1726,6850.0,22000,6840.0,8231,6830.0,3502,6880.0,11901,6890.0,14444,6900.0,15823,6910.0,3090,6920.0,24689,2025-05-09 18:12:00.843,,2147483647,1349872,False,nan
10363,1702587,1612816365,MERV - XMEV - GGAL - 24hs,6870.0,2025-05-09 18:12:02,13,2025-05-09 18:12:02.820,6870.0,1068,6860.0,1726,6850.0,22000,6840.0,8231,6830.0,3502,6880.0,11901,6890.0,14444,6900.0,15823,6910.0,3090,6920.0,24689,2025-05-09 18:12:02.732,,2147483647,1349872,True,bid
10364,1702641,1612816439,MERV - XMEV - GGAL - 24hs,6870.0,2025-05-09 18:12:02,13,2025-05-09 18:12:03.481,6870.0,1055,6860.0,1726,6850.0,22000,6840.0,9231,6830.0,2502,6880.0,11901,6890.0,14444,6900.0,15823,6910.0,3090,6920.0,24689,2025-05-09 18:12:03.393,,2147483647,1349872,False,nan
10365,1702678,1612816481,MERV - XMEV - GGAL - 24hs,6870.0,2025-05-09 18:12:02,13,2025-05-09 18:12:03.981,6870.0,1055,6860.0,1726,6850.0,22000,6840.0,9231,6830.0,2502,6880.0,11901,6890.0,14444,6900.0,15823,6910.0,3090,6920.0,24689,2025-05-09 18:12:03.892,,2147483647,1349885,False,nan
10366,1703073,1612816956,MERV - XMEV - GGAL - 24hs,6870.0,2025-05-09 18:12:06,88,2025-05-09 18:12:06.559,6870.0,1055,6860.0,1726,6850.0,22000,6840.0,9231,6830.0,2502,6880.0,11901,6890.0,14444,6900.0,15823,6910.0,3090,6920.0,24689,2025-05-09 18:12:06.467,,2147483647,1349885,True,bid
10367,1703191,1612817104,MERV - XMEV - GGAL - 24hs,6870.0,2025-05-09 18:12:06,88,2025-05-09 18:12:07.404,6870.0,1055,6860.0,1726,6850.0,22000,6840.0,9231,6830.0,2502,6880.0,11901,6890.0,14444,6900.0,15823,6910.0,3090,6920.0,24689,2025-05-09 18:12:07.194,,2147483647,1349973,False,nan
10368,1703275,1612817209,MERV - XMEV - GGAL - 24hs,6870.0,2025-05-09 18:12:06,88,2025-05-09 18:12:07.781,6870.0,967,6860.0,1726,6850.0,22000,6840.0,9231,6830.0,2502,6880.0,11901,6890.0,14444,6900.0,15823,6910.0,3090,6920.0,24689,2025-05-09 18:12:07.694,,2147483647,1349973,False,nan
10369,1703364,1612817317,MERV - XMEV - GGAL - 24hs,6870.0,2025-05-09 18:12:06,88,2025-05-09 18:12:08.960,6870.0,967,6860.0,1726,6850.0,22000,6840.0,8879,6830.0,2502,6880.0,11901,6890.0,14444,6900.0,15823,6910.0,3090,6920.0,24689,2025-05-09 18:12:08.873,,2147483647,1349973,False,nan
10370,1703520,1612817526,MERV - XMEV - GGAL - 24hs,6870.0,2025-05-09 18:12:11,14,2025-05-09 18:12:11.120,6870.0,967,6860.0,1726,6850.0,22000,6840.0,8879,6830.0,2502,6880.0,11901,6890.0,14444,6900.0,15823,6910.0,3090,6920.0,24689,2025-05-09 18:12:11.019,,2147483647,1349973,True,bid
10371,1703583,1612817603,MERV - XMEV - GGAL - 24hs,6870.0,2025-05-09 18:12:11,14,2025-05-09 18:12:11.777,6870.0,953,6860.0,1726,6850.0,22000,6840.0,8879,6830.0,2502,6880.0,11901,6890.0,14444,6900.0,15823,6910.0,3090,6920.0,24689,2025-05-09 18:12:11.688,,2147483647,1349973,False,nan
10372,1703633,1612817675,MERV - XMEV - GGAL - 24hs,6870.0,2025-05-09 18:12:11,14,2025-05-09 18:12:12.323,6870.0,953,6860.0,1726,6850.0,22000,6840.0,8879,6830.0,2502,6880.0,11901,6890.0,14444,6900.0,15823,6910.0,3090,6920.0,24689,2025-05-09 18:12:12.188,,2147483647,1349987,False,nan
10373,1703931,1612818068,MERV - XMEV - GGAL - 24hs,6880.0,2025-05-09 18:12:15,1671,2025-05-09 18:12:15.545,6870.0,953,6860.0,1726,6850.0,22000,6840.0,8879,6830.0,2502,6880.0,11901,6890.0,14444,6900.0,15823,6910.0,3090,6920.0,24689,2025-05-09 18:12:15.457,,2147483647,1349987,True,offer
10374,1703978,1612818124,MERV - XMEV - GGAL - 24hs,6880.0,2025-05-09 18:12:15,1671,2025-05-09 18:12:16.202,6870.0,953,6860.0,48,6850.0,22000,6840.0,8879,6830.0,2502,6880.0,10230,6890.0,14444,6900.0,15823,6910.0,3090,6920.0,24689,2025-05-09 18:12:16.113,,2147483647,1349987,False,nan
10375,1704015,1612818170,MERV - XMEV - GGAL - 24hs,6880.0,2025-05-09 18:12:15,1671,2025-05-09 18:12:16.693,6870.0,953,6860.0,48,6850.0,22000,6840.0,8879,6830.0,2502,6880.0,10230,6890.0,14444,6900.0,15823,6910.0,3090,6920.0,24689,2025-05-09 18:12:16.605,,2147483647,1351658,False,nan
10376,1704866,1612819265,MERV - XMEV - GGAL - 24hs,6880.0,2025-05-09 18:12:15,1671,2025-05-09 18:12:24.664,6870.0,953,6860.0,548,6850.0,22000,6840.0,8879,6830.0,2502,6880.0,10230,6890.0,14444,6900.0,15823,6910.0,3090,6920.0,24689,2025-05-09 18:12:24.568,,2147483647,1351658,False,nan
10377,1705173,1612819693,MERV - XMEV - GGAL - 24hs,6880.0,2025-05-09 18:12:29,2,2025-05-09 18:12:29.147,6870.0,953,6860.0,548,6850.0,22000,6840.0,8879,6830.0,2502,6880.0,10230,6890.0,14444,6900.0,15823,6910.0,3090,6920.0,24689,2025-05-09 18:12:29.057,,2147483647,1351658,True,offer
10378,1705238,1612819770,MERV - XMEV - GGAL - 24hs,6880.0,2025-05-09 18:12:29,2,2025-05-09 18:12:29.756,6870.0,953,6860.0,548,6850.0,22000,6840.0,8869,6830.0,2502,6880.0,10228,6890.0,14444,6900.0,15823,6910.0,3090,6920.0,24689,2025-05-09 18:12:29.668,,2147483647,1351658,False,nan
10379,1705267,1612819812,MERV - XMEV - GGAL - 24hs,6880.0,2025-05-09 18:12:29,2,2025-05-09 18:12:30.260,6870.0,953,6860.0,548,6850.0,22000,6840.0,8869,6830.0,2502,6880.0,10228,6890.0,14444,6900.0,15823,6910.0,3090,6920.0,24689,2025-05-09 18:12:30.169,,2147483647,1351660,False,nan
10380,1705391,1612819983,MERV - XMEV - GGAL - 24hs,6880.0,2025-05-09 18:12:31,5000,2025-05-09 18:12:31.618,6870.0,953,6860.0,548,6850.0,22000,6840.0,8869,6830.0,2502,6880.0,10228,6890.0,14444,6900.0,15823,6910.0,3090,6920.0,24689,2025-05-09 18:12:31.528,,2147483647,1351660,True,offer
10381,1705438,1612820038,MERV - XMEV - GGAL - 24hs,6880.0,2025-05-09 18:12:31,5000,2025-05-09 18:12:32.278,6870.0,953,6860.0,548,6850.0,22000,6840.0,8869,6830.0,2502,6880.0,5228,6890.0,14444,6900.0,15823,6910.0,3090,6920.0,24689,2025-05-09 18:12:32.190,,2147483647,1351660,False,nan
10382,1705483,1612820091,MERV - XMEV - GGAL - 24hs,6880.0,2025-05-09 18:12:32,1,2025-05-09 18:12:32.779,6870.0,953,6860.0,548,6850.0,22000,6840.0,8869,6830.0,2502,6880.0,5228,6890.0,14444,6900.0,15823,6910.0,3090,6920.0,24689,2025-05-09 18:12:32.691,,2147483647,1356660,True,offer
10383,1705586,1612820233,MERV - XMEV - GGAL - 24hs,6880.0,2025-05-09 18:12:32,1,2025-05-09 18:12:33.441,6870.0,953,6860.0,548,6850.0,22000,6840.0,9216,6830.0,2502,6880.0,5227,6890.0,14444,6900.0,15823,6910.0,3090,6920.0,24689,2025-05-09 18:12:33.352,,2147483647,1356660,False,nan
10384,1705616,1612820283,MERV - XMEV - GGAL - 24hs,6880.0,2025-05-09 18:12:32,1,2025-05-09 18:12:33.943,6870.0,953,6860.0,548,6850.0,22000,6840.0,9216,6830.0,2502,6880.0,5227,6890.0,14444,6900.0,15823,6910.0,3090,6920.0,24689,2025-05-09 18:12:33.853,,2147483647,1356661,False,nan
10385,1706010,1612820775,MERV - XMEV - GGAL - 24hs,6870.0,2025-05-09 18:12:38,57,2025-05-09 18:12:38.677,6870.0,953,6860.0,548,6850.0,22000,6840.0,9216,6830.0,2502,6880.0,5227,6890.0,14444,6900.0,15823,6910.0,3090,6920.0,24689,2025-05-09 18:12:38.588,,2147483647,1356661,True,bid
10386,1706087,1612820863,MERV - XMEV - GGAL - 24hs,6870.0,2025-05-09 18:12:38,57,2025-05-09 18:12:39.339,6870.0,896,6860.0,548,6850.0,22000,6840.0,9216,6830.0,2502,6880.0,5227,6890.0,14444,6900.0,15823,6910.0,3090,6920.0,24689,2025-05-09 18:12:39.250,,2147483647,1356661,False,nan
10387,1706132,1612820923,MERV - XMEV - GGAL - 24hs,6870.0,2025-05-09 18:12:38,57,2025-05-09 18:12:39.846,6870.0,896,6860.0,548,6850.0,22000,6840.0,9216,6830.0,2502,6880.0,5227,6890.0,14444,6900.0,15823,6910.0,3090,6920.0,24689,2025-05-09 18:12:39.750,,2147483647,1356718,False,nan
10388,1706533,1612821470,MERV - XMEV - GGAL - 24hs,6880.0,2025-05-09 18:12:44,2,2025-05-09 18:12:44.677,6870.0,896,6860.0,548,6850.0,22000,6840.0,9216,6830.0,2502,6880.0,5227,6890.0,14444,6900.0,15823,6910.0,3090,6920.0,24689,2025-05-09 18:12:44.583,,2147483647,1356718,True,offer
10389,1706564,1612821522,MERV - XMEV - GGAL - 24hs,6870.0,2025-05-09 18:12:44,13,2025-05-09 18:12:45.171,6870.0,896,6860.0,548,6850.0,22000,6840.0,9216,6830.0,2502,6880.0,5227,6890.0,14444,6900.0,15823,6910.0,3090,6920.0,24689,2025-05-09 18:12:45.083,,2147483647,1357040,False,nan
10390,1706600,1612821584,MERV - XMEV - GGAL - 24hs,6870.0,2025-05-09 18:12:44,13,2025-05-09 18:12:46.019,6870.0,883,6860.0,548,6850.0,22000,6840.0,9216,6830.0,2502,6880.0,4905,6890.0,14444,6900.0,15823,6910.0,3090,6920.0,24689,2025-05-09 18:12:45.820,,2147483647,1357053,False,nan
10391,1706656,1612821665,MERV - XMEV - GGAL - 24hs,6870.0,2025-05-09 18:12:46,13,2025-05-09 18:12:46.308,6870.0,883,6860.0,548,6850.0,22000,6840.0,9216,6830.0,2502,6880.0,4905,6890.0,14444,6900.0,15823,6910.0,3090,6920.0,24689,2025-05-09 18:12:46.220,,2147483647,1357053,True,bid
10392,1706696,1612821729,MERV - XMEV - GGAL - 24hs,6870.0,2025-05-09 18:12:46,13,2025-05-09 18:12:46.984,6870.0,870,6860.0,548,6850.0,22000,6840.0,9216,6830.0,2502,6880.0,4905,6890.0,14444,6900.0,15823,6910.0,3090,6920.0,24689,2025-05-09 18:12:46.894,,2147483647,1357053,False,nan
10393,1706730,1612821779,MERV - XMEV - GGAL - 24hs,6870.0,2025-05-09 18:12:46,13,2025-05-09 18:12:47.477,6870.0,870,6860.0,548,6850.0,22000,6840.0,9216,6830.0,2502,6880.0,4905,6890.0,14444,6900.0,15823,6910.0,3090,6920.0,24689,2025-05-09 18:12:47.386,,2147483647,1357066,False,nan
10394,1706758,1612821821,MERV - XMEV - GGAL - 24hs,6870.0,2025-05-09 18:12:47,7,2025-05-09 18:12:47.976,6870.0,870,6860.0,548,6850.0,22000,6840.0,9216,6830.0,2502,6880.0,4905,6890.0,14444,6900.0,15823,6910.0,3090,6920.0,24689,2025-05-09 18:12:47.886,,2147483647,1357066,True,bid
10395,1706784,1612821869,MERV - XMEV - GGAL - 24hs,6870.0,2025-05-09 18:12:47,7,2025-05-09 18:12:48.474,6870.0,863,6860.0,548,6850.0,22000,6840.0,9216,6830.0,2502,6880.0,4905,6890.0,14444,6900.0,15823,6910.0,3090,6920.0,24689,2025-05-09 18:12:48.387,,2147483647,1357073,False,nan
10396,1707544,1612822855,MERV - XMEV - GGAL - 24hs,6870.0,2025-05-09 18:12:47,7,2025-05-09 18:12:59.600,6870.0,863,6860.0,548,6850.0,22000,6840.0,9910,6830.0,2502,6880.0,4905,6890.0,14444,6900.0,15823,6910.0,3090,6920.0,24689,2025-05-09 18:12:59.512,,2147483647,1357073,False,nan
10397,1707948,1612823367,MERV - XMEV - GGAL - 24hs,6880.0,2025-05-09 18:13:04,430,2025-05-09 18:13:04.289,6870.0,863,6860.0,548,6850.0,22000,6840.0,9910,6830.0,2502,6880.0,4905,6890.0,14444,6900.0,15823,6910.0,3090,6920.0,24689,2025-05-09 18:13:04.198,,2147483647,1357073,True,offer
10398,1708033,1612823476,MERV - XMEV - GGAL - 24hs,6880.0,2025-05-09 18:13:04,430,2025-05-09 18:13:04.953,6870.0,863,6860.0,548,6850.0,22000,6840.0,9910,6830.0,2502,6880.0,4475,6890.0,14444,6900.0,15823,6910.0,3090,6920.0,24689,2025-05-09 18:13:04.863,,2147483647,1357073,False,nan
10399,1708084,1612823537,MERV - XMEV - GGAL - 24hs,6880.0,2025-05-09 18:13:04,430,2025-05-09 18:13:05.454,6870.0,863,6860.0,548,6850.0,22000,6840.0,9910,6830.0,2502,6880.0,4475,6890.0,14444,6900.0,15823,6910.0,3090,6920.0,24689,2025-05-09 18:13:05.363,,2147483647,1357503,False,nan
10400,1708434,1612823965,MERV - XMEV - GGAL - 24hs,6880.0,2025-05-09 18:13:04,430,2025-05-09 18:13:08.387,6870.0,863,6860.0,548,6850.0,22000,6840.0,9563,6830.0,2502,6880.0,4475,6890.0,14444,6900.0,15823,6910.0,3090,6920.0,24689,2025-05-09 18:13:08.294,,2147483647,1357503,False,nan
10401,1709492,1612825286,MERV - XMEV - GGAL - 24hs,6880.0,2025-05-09 18:13:04,430,2025-05-09 18:13:19.524,6870.0,864,6860.0,548,6850.0,22000,6840.0,9563,6830.0,2502,6880.0,4475,6890.0,14444,6900.0,15823,6910.0,3090,6920.0,24689,2025-05-09 18:13:19.425,,2147483647,1357503,False,nan
10402,1709963,1612825848,MERV - XMEV - GGAL - 24hs,6870.0,2025-05-09 18:13:23,2,2025-05-09 18:13:23.166,6870.0,864,6860.0,548,6850.0,22000,6840.0,9563,6830.0,2502,6880.0,4475,6890.0,14444,6900.0,15823,6910.0,3090,6920.0,24689,2025-05-09 18:13:23.078,,2147483647,1357503,True,bid
10403,1710065,1612825968,MERV - XMEV - GGAL - 24hs,6870.0,2025-05-09 18:13:23,2,2025-05-09 18:13:23.832,6870.0,862,6860.0,548,6850.0,22000,6840.0,9563,6830.0,2502,6880.0,4475,6890.0,14444,6900.0,15823,6910.0,3090,6920.0,24689,2025-05-09 18:13:23.742,,2147483647,1357503,False,nan
10404,1710106,1612826020,MERV - XMEV - GGAL - 24hs,6880.0,2025-05-09 18:13:24,3,2025-05-09 18:13:24.335,6870.0,862,6860.0,548,6850.0,22000,6840.0,9563,6830.0,2502,6880.0,4475,6890.0,14444,6900.0,15823,6910.0,3090,6920.0,24689,2025-05-09 18:13:24.245,,2147483647,1357505,True,offer
10405,1710155,1612826089,MERV - XMEV - GGAL - 24hs,6880.0,2025-05-09 18:13:24,3,2025-05-09 18:13:24.897,6870.0,862,6860.0,548,6850.0,22000,6840.0,9563,6830.0,2502,6880.0,4472,6890.0,14444,6900.0,15823,6910.0,3090,6920.0,24689,2025-05-09 18:13:24.808,,2147483647,1357505,False,nan
10406,1710190,1612826135,MERV - XMEV - GGAL - 24hs,6880.0,2025-05-09 18:13:24,3,2025-05-09 18:13:25.397,6870.0,862,6860.0,548,6850.0,22000,6840.0,9563,6830.0,2502,6880.0,4472,6890.0,14444,6900.0,15823,6910.0,3090,6920.0,24689,2025-05-09 18:13:25.306,,2147483647,1357508,False,nan
10407,1710218,1612826167,MERV - XMEV - GGAL - 24hs,6880.0,2025-05-09 18:13:24,3,2025-05-09 18:13:25.992,6870.0,862,6860.0,548,6850.0,22000,6840.0,8869,6830.0,2502,6880.0,4472,6890.0,14444,6900.0,15823,6910.0,3090,6920.0,24689,2025-05-09 18:13:25.904,,2147483647,1357508,False,nan
10408,1710305,1612826277,MERV - XMEV - GGAL - 24hs,6880.0,2025-05-09 18:13:24,3,2025-05-09 18:13:27.278,6870.0,862,6860.0,548,6850.0,22000,6840.0,8522,6830.0,2502,6880.0,4472,6890.0,14444,6900.0,15823,6910.0,3090,6920.0,24689,2025-05-09 18:13:27.185,,2147483647,1357508,False,nan
10409,1710391,1612826385,MERV - XMEV - GGAL - 24hs,6880.0,2025-05-09 18:13:24,3,2025-05-09 18:13:28.016,6870.0,862,6860.0,548,6850.0,22000,6840.0,8519,6830.0,2502,6880.0,4472,6890.0,14444,6900.0,15823,6910.0,3090,6920.0,24689,2025-05-09 18:13:27.928,,2147483647,1357508,False,nan
10410,1710445,1612826448,MERV - XMEV - GGAL - 24hs,6880.0,2025-05-09 18:13:28,14,2025-05-09 18:13:28.580,6870.0,862,6860.0,548,6850.0,22000,6840.0,8519,6830.0,2502,6880.0,4472,6890.0,14444,6900.0,15823,6910.0,3090,6920.0,24689,2025-05-09 18:13:28.493,,2147483647,1357508,True,offer
10411,1710492,1612826508,MERV - XMEV - GGAL - 24hs,6880.0,2025-05-09 18:13:28,50,2025-05-09 18:13:29.555,6870.0,862,6860.0,548,6850.0,22000,6840.0,8519,6830.0,2502,6880.0,4472,6890.0,14444,6900.0,15823,6910.0,3090,6920.0,24689,2025-05-09 18:13:29.437,,2147483647,1357522,False,nan
10412,1710541,1612826567,MERV - XMEV - GGAL - 24hs,6880.0,2025-05-09 18:13:28,50,2025-05-09 18:13:29.740,6870.0,862,6860.0,548,6850.0,22000,6840.0,8519,6830.0,2502,6880.0,4408,6890.0,14444,6900.0,15823,6910.0,3090,6920.0,24689,2025-05-09 18:13:29.553,,2147483647,1357572,False,nan
10413,1710933,1612827063,MERV - XMEV - GGAL - 24hs,6880.0,2025-05-09 18:13:34,2,2025-05-09 18:13:34.528,6870.0,862,6860.0,548,6850.0,22000,6840.0,8519,6830.0,2502,6880.0,4408,6890.0,14444,6900.0,15823,6910.0,3090,6920.0,24689,2025-05-09 18:13:34.439,,2147483647,1357572,True,offer
10414,1710960,1612827100,MERV - XMEV - GGAL - 24hs,6880.0,2025-05-09 18:13:34,2,2025-05-09 18:13:35.037,6870.0,862,6860.0,548,6850.0,22000,6840.0,8519,6830.0,2502,6880.0,4406,6890.0,14444,6900.0,15823,6910.0,3090,6920.0,24689,2025-05-09 18:13:34.947,,2147483647,1357572,False,nan
10415,1711011,1612827167,MERV - XMEV - GGAL - 24hs,6880.0,2025-05-09 18:13:34,2,2025-05-09 18:13:35.540,6870.0,862,6860.0,548,6850.0,22000,6840.0,8519,6830.0,2502,6880.0,4406,6890.0,14444,6900.0,15823,6910.0,3090,6920.0,24689,2025-05-09 18:13:35.450,,2147483647,1357574,False,nan
10416,1712123,1612828601,MERV - XMEV - GGAL - 24hs,6880.0,2025-05-09 18:13:46,359,2025-05-09 18:13:46.192,6870.0,862,6860.0,548,6850.0,22000,6840.0,8519,6830.0,2502,6880.0,4406,6890.0,14444,6900.0,15823,6910.0,3090,6920.0,24689,2025-05-09 18:13:46.101,,2147483647,1357574,True,offer
10417,1712163,1612828653,MERV - XMEV - GGAL - 24hs,6880.0,2025-05-09 18:13:46,359,2025-05-09 18:13:46.850,6870.0,862,6860.0,548,6850.0,22000,6840.0,8519,6830.0,2502,6880.0,4047,6890.0,14444,6900.0,15823,6910.0,3090,6920.0,24689,2025-05-09 18:13:46.762,,2147483647,1357574,False,nan
10418,1712202,1612828707,MERV - XMEV - GGAL - 24hs,6880.0,2025-05-09 18:13:46,359,2025-05-09 18:13:47.350,6870.0,862,6860.0,548,6850.0,22000,6840.0,8519,6830.0,2502,6880.0,4047,6890.0,14444,6900.0,15823,6910.0,3090,6920.0,24689,2025-05-09 18:13:47.261,,2147483647,1357933,False,nan
10419,1712962,1612829741,MERV - XMEV - GGAL - 24hs,6880.0,2025-05-09 18:13:46,359,2025-05-09 18:13:57.480,6870.0,862,6860.0,548,6850.0,15805,6840.0,8519,6830.0,2502,6880.0,4047,6890.0,14444,6900.0,15823,6910.0,3090,6920.0,24689,2025-05-09 18:13:57.392,,2147483647,1357933,False,nan
10420,1713391,1612830253,MERV - XMEV - GGAL - 24hs,6880.0,2025-05-09 18:13:46,359,2025-05-09 18:14:00.730,6870.0,862,6860.0,548,6850.0,15805,6840.0,8519,6830.0,5502,6880.0,4047,6890.0,14444,6900.0,15823,6910.0,3090,6920.0,24689,2025-05-09 18:14:00.459,,2147483647,1357933,False,nan
10421,1713939,1612830933,MERV - XMEV - GGAL - 24hs,6870.0,2025-05-09 18:14:05,8,2025-05-09 18:14:05.308,6870.0,862,6860.0,548,6850.0,15805,6840.0,8519,6830.0,5502,6880.0,4047,6890.0,14444,6900.0,15823,6910.0,3090,6920.0,24689,2025-05-09 18:14:05.205,,2147483647,1357933,True,bid
10422,1714176,1612831221,MERV - XMEV - GGAL - 24hs,6870.0,2025-05-09 18:14:05,8,2025-05-09 18:14:06.675,6870.0,854,6860.0,548,6850.0,15805,6840.0,8519,6830.0,2502,6880.0,4047,6890.0,14444,6900.0,15823,6910.0,3090,6920.0,24689,2025-05-09 18:14:06.185,,2147483647,1357933,False,nan
10423,1714343,1612831440,MERV - XMEV - GGAL - 24hs,6870.0,2025-05-09 18:14:05,8,2025-05-09 18:14:07.355,6870.0,854,6860.0,548,6850.0,15805,6840.0,8519,6830.0,2502,6880.0,4047,6890.0,14444,6900.0,15823,6910.0,3090,6920.0,24689,2025-05-09 18:14:06.634,,2147483647,1357941,False,nan
10424,1714528,1612831681,MERV - XMEV - GGAL - 24hs,6870.0,2025-05-09 18:14:08,500,2025-05-09 18:14:08.655,6870.0,854,6860.0,548,6850.0,15805,6840.0,8519,6830.0,2502,6880.0,4047,6890.0,14444,6900.0,15823,6910.0,3090,6920.0,24689,2025-05-09 18:14:08.562,,2147483647,1357941,True,bid
10425,1714573,1612831745,MERV - XMEV - GGAL - 24hs,6870.0,2025-05-09 18:14:08,2,2025-05-09 18:14:09.155,6870.0,854,6860.0,548,6850.0,15805,6840.0,8519,6830.0,2502,6880.0,4047,6890.0,14444,6900.0,15823,6910.0,3090,6920.0,24689,2025-05-09 18:14:09.062,,2147483647,1358441,False,nan
10426,1714644,1612831849,MERV - XMEV - GGAL - 24hs,6870.0,2025-05-09 18:14:08,2,2025-05-09 18:14:09.673,6870.0,352,6860.0,548,6850.0,15805,6840.0,9213,6830.0,2502,6880.0,4047,6890.0,14444,6900.0,15823,6910.0,3090,6920.0,19689,2025-05-09 18:14:09.562,,2147483647,1358443,False,nan
10427,1714989,1612832322,MERV - XMEV - GGAL - 24hs,6880.0,2025-05-09 18:14:13,41,2025-05-09 18:14:13.347,6870.0,352,6860.0,548,6850.0,15805,6840.0,9213,6830.0,2502,6880.0,4047,6890.0,14444,6900.0,15823,6910.0,3090,6920.0,19689,2025-05-09 18:14:13.255,,2147483647,1358443,True,offer
10428,1715042,1612832387,MERV - XMEV - GGAL - 24hs,6880.0,2025-05-09 18:14:13,41,2025-05-09 18:14:14.006,6870.0,352,6860.0,548,6850.0,15805,6840.0,9213,6830.0,2502,6880.0,4006,6890.0,14444,6900.0,15823,6910.0,3090,6920.0,19689,2025-05-09 18:14:13.916,,2147483647,1358443,False,nan
10429,1715086,1612832443,MERV - XMEV - GGAL - 24hs,6880.0,2025-05-09 18:14:13,41,2025-05-09 18:14:14.511,6870.0,352,6860.0,548,6850.0,15805,6840.0,9213,6830.0,2502,6880.0,4006,6890.0,14444,6900.0,15823,6910.0,3090,6920.0,19689,2025-05-09 18:14:14.416,,2147483647,1358484,False,nan
10430,1715389,1612832811,MERV - XMEV - GGAL - 24hs,6880.0,2025-05-09 18:14:13,41,2025-05-09 18:14:18.702,6870.0,362,6860.0,548,6850.0,15805,6840.0,9213,6830.0,2502,6880.0,4006,6890.0,14444,6900.0,15823,6910.0,3090,6920.0,19689,2025-05-09 18:14:18.614,,2147483647,1358484,False,nan
10431,1715442,1612832874,MERV - XMEV - GGAL - 24hs,6880.0,2025-05-09 18:14:18,58,2025-05-09 18:14:19.203,6870.0,362,6860.0,548,6850.0,15805,6840.0,9213,6830.0,2502,6880.0,4006,6890.0,14444,6900.0,15823,6910.0,3090,6920.0,19689,2025-05-09 18:14:19.115,,2147483647,1358484,True,offer
10432,1715476,1612832938,MERV - XMEV - GGAL - 24hs,6880.0,2025-05-09 18:14:18,58,2025-05-09 18:14:19.746,6870.0,362,6860.0,548,6850.0,15805,6840.0,9213,6830.0,2502,6880.0,3948,6890.0,14444,6900.0,15823,6910.0,3090,6920.0,19689,2025-05-09 18:14:19.658,,2147483647,1358484,False,nan
10433,1715513,1612832999,MERV - XMEV - GGAL - 24hs,6880.0,2025-05-09 18:14:18,58,2025-05-09 18:14:20.246,6870.0,362,6860.0,548,6850.0,15805,6840.0,9213,6830.0,2502,6880.0,3948,6890.0,14444,6900.0,15823,6910.0,3090,6920.0,19689,2025-05-09 18:14:20.158,,2147483647,1358542,False,nan
10434,1715608,1612833143,MERV - XMEV - GGAL - 24hs,6880.0,2025-05-09 18:14:18,58,2025-05-09 18:14:21.581,6870.0,362,6860.0,548,6850.0,15805,6840.0,9209,6830.0,2502,6880.0,3948,6890.0,14444,6900.0,15823,6910.0,3090,6920.0,19689,2025-05-09 18:14:21.493,,2147483647,1358542,False,nan
10435,1715706,1612833268,MERV - XMEV - GGAL - 24hs,6870.0,2025-05-09 18:14:22,2,2025-05-09 18:14:22.956,6870.0,362,6860.0,548,6850.0,15805,6840.0,9209,6830.0,2502,6880.0,3948,6890.0,14444,6900.0,15823,6910.0,3090,6920.0,19689,2025-05-09 18:14:22.868,,2147483647,1358542,True,bid
10436,1715737,1612833315,MERV - XMEV - GGAL - 24hs,6870.0,2025-05-09 18:14:22,2,2025-05-09 18:14:23.458,6870.0,360,6860.0,548,6850.0,15805,6840.0,9151,6830.0,2502,6880.0,3948,6890.0,14444,6900.0,15823,6910.0,3090,6920.0,19689,2025-05-09 18:14:23.369,,2147483647,1358542,False,nan
10437,1715770,1612833353,MERV - XMEV - GGAL - 24hs,6870.0,2025-05-09 18:14:22,2,2025-05-09 18:14:23.958,6870.0,360,6860.0,548,6850.0,15805,6840.0,9151,6830.0,2502,6880.0,3948,6890.0,14444,6900.0,15823,6910.0,3090,6920.0,19689,2025-05-09 18:14:23.869,,2147483647,1358544,False,nan
10438,1716176,1612833884,MERV - XMEV - GGAL - 24hs,6870.0,2025-05-09 18:14:22,2,2025-05-09 18:14:28.167,6870.0,360,6860.0,548,6850.0,897,6840.0,23059,6830.0,3502,6880.0,3948,6890.0,14444,6900.0,15823,6910.0,5090,6920.0,22689,2025-05-09 18:14:28.077,,2147483647,1358544,False,nan
10439,1716516,1612834329,MERV - XMEV - GGAL - 24hs,6880.0,2025-05-09 18:14:32,72,2025-05-09 18:14:32.634,6870.0,360,6860.0,548,6850.0,897,6840.0,23059,6830.0,3502,6880.0,3948,6890.0,14444,6900.0,15823,6910.0,5090,6920.0,22689,2025-05-09 18:14:32.544,,2147483647,1358544,True,offer
10440,1716569,1612834398,MERV - XMEV - GGAL - 24hs,6880.0,2025-05-09 18:14:32,72,2025-05-09 18:14:33.132,6870.0,360,6860.0,548,6850.0,897,6840.0,23059,6830.0,3502,6880.0,3876,6890.0,14444,6900.0,15823,6910.0,3090,6920.0,24689,2025-05-09 18:14:33.044,,2147483647,1358544,False,nan
10441,1716601,1612834432,MERV - XMEV - GGAL - 24hs,6880.0,2025-05-09 18:14:32,72,2025-05-09 18:14:33.631,6870.0,360,6860.0,548,6850.0,897,6840.0,23059,6830.0,3502,6880.0,3876,6890.0,14444,6900.0,15823,6910.0,3090,6920.0,24689,2025-05-09 18:14:33.544,,2147483647,1358616,False,nan
10442,1716631,1612834473,MERV - XMEV - GGAL - 24hs,6880.0,2025-05-09 18:14:33,10,2025-05-09 18:14:34.132,6870.0,360,6860.0,548,6850.0,897,6840.0,23059,6830.0,3502,6880.0,3876,6890.0,14444,6900.0,15823,6910.0,3090,6920.0,24689,2025-05-09 18:14:34.044,,2147483647,1358616,True,offer
10443,1716679,1612834537,MERV - XMEV - GGAL - 24hs,6880.0,2025-05-09 18:14:34,293,2025-05-09 18:14:34.632,6870.0,360,6860.0,548,6850.0,897,6840.0,23059,6830.0,3502,6880.0,3866,6890.0,14444,6900.0,15823,6910.0,3090,6920.0,24689,2025-05-09 18:14:34.544,,2147483647,1358626,True,offer
10444,1716708,1612834571,MERV - XMEV - GGAL - 24hs,6880.0,2025-05-09 18:14:34,293,2025-05-09 18:14:35.486,6870.0,360,6860.0,548,6850.0,897,6840.0,23059,6830.0,3502,6880.0,3573,6890.0,14444,6900.0,15823,6910.0,3090,6920.0,24689,2025-05-09 18:14:35.371,,2147483647,1358919,False,nan
10445,1717637,1612835867,MERV - XMEV - GGAL - 24hs,6880.0,2025-05-09 18:14:45,1,2025-05-09 18:14:45.385,6870.0,360,6860.0,548,6850.0,897,6840.0,23059,6830.0,3502,6880.0,3573,6890.0,14444,6900.0,15823,6910.0,3090,6920.0,24689,2025-05-09 18:14:45.297,,2147483647,1358919,True,offer
10446,1717682,1612835922,MERV - XMEV - GGAL - 24hs,6880.0,2025-05-09 18:14:45,1,2025-05-09 18:14:45.944,6870.0,360,6860.0,548,6850.0,905,6840.0,23059,6830.0,3502,6880.0,3572,6890.0,14444,6900.0,15823,6910.0,3090,6920.0,24689,2025-05-09 18:14:45.855,,2147483647,1358919,False,nan
10447,1717714,1612835964,MERV - XMEV - GGAL - 24hs,6880.0,2025-05-09 18:14:45,1,2025-05-09 18:14:46.449,6870.0,360,6860.0,548,6850.0,905,6840.0,23059,6830.0,3502,6880.0,3572,6890.0,14444,6900.0,15823,6910.0,3090,6920.0,24689,2025-05-09 18:14:46.355,,2147483647,1358920,False,nan
10448,1717913,1612836212,MERV - XMEV - GGAL - 24hs,6880.0,2025-05-09 18:14:45,1,2025-05-09 18:14:48.752,6870.0,360,6860.0,548,6850.0,905,6840.0,23059,6830.0,3502,6880.0,3572,6890.0,14444,6900.0,15823,6910.0,5090,6920.0,22689,2025-05-09 18:14:48.664,,2147483647,1358920,False,nan
10449,1718045,1612836393,MERV - XMEV - GGAL - 24hs,6880.0,2025-05-09 18:14:50,1,2025-05-09 18:14:50.933,6870.0,360,6860.0,548,6850.0,905,6840.0,23059,6830.0,3502,6880.0,3572,6890.0,14444,6900.0,15823,6910.0,5090,6920.0,22689,2025-05-09 18:14:50.844,,2147483647,1358920,True,offer
10450,1718069,1612836430,MERV - XMEV - GGAL - 24hs,6880.0,2025-05-09 18:14:50,1,2025-05-09 18:14:51.433,6870.0,360,6860.0,548,6850.0,905,6840.0,23059,6830.0,3502,6880.0,3571,6890.0,14444,6900.0,15823,6910.0,5090,6920.0,22689,2025-05-09 18:14:51.344,,2147483647,1358920,False,nan
10451,1718100,1612836468,MERV - XMEV - GGAL - 24hs,6880.0,2025-05-09 18:14:50,1,2025-05-09 18:14:51.934,6870.0,360,6860.0,548,6850.0,905,6840.0,23059,6830.0,3502,6880.0,3571,6890.0,14444,6900.0,15823,6910.0,5090,6920.0,22689,2025-05-09 18:14:51.845,,2147483647,1358921,False,nan
10452,1718320,1612836769,MERV - XMEV - GGAL - 24hs,6880.0,2025-05-09 18:14:53,9,2025-05-09 18:14:54.467,6870.0,360,6860.0,548,6850.0,905,6840.0,23059,6830.0,3502,6880.0,3571,6890.0,14444,6900.0,15823,6910.0,5090,6920.0,22689,2025-05-09 18:14:54.095,,2147483647,1358921,True,offer
10453,1718452,1612836924,MERV - XMEV - GGAL - 24hs,6880.0,2025-05-09 18:14:53,9,2025-05-09 18:14:54.948,6870.0,360,6860.0,548,6850.0,905,6840.0,23059,6830.0,3502,6880.0,3571,6890.0,14444,6900.0,15823,6910.0,5090,6920.0,22689,2025-05-09 18:14:54.657,,2147483647,1358930,False,nan
10454,1718555,1612837062,MERV - XMEV - GGAL - 24hs,6880.0,2025-05-09 18:14:53,9,2025-05-09 18:14:55.362,6870.0,360,6860.0,548,6850.0,905,6840.0,23059,6830.0,3502,6880.0,3562,6890.0,14444,6900.0,15823,6910.0,5090,6920.0,22689,2025-05-09 18:14:55.144,,2147483647,1358930,False,nan
10455,1718848,1612837461,MERV - XMEV - GGAL - 24hs,6880.0,2025-05-09 18:14:56,2000,2025-05-09 18:14:57.031,6870.0,360,6860.0,548,6850.0,905,6840.0,23059,6830.0,3502,6880.0,3562,6890.0,14444,6900.0,15823,6910.0,5090,6920.0,22689,2025-05-09 18:14:56.943,,2147483647,1358930,True,offer
10456,1718892,1612837530,MERV - XMEV - GGAL - 24hs,6880.0,2025-05-09 18:14:56,2000,2025-05-09 18:14:57.693,6870.0,360,6860.0,548,6850.0,905,6840.0,23059,6830.0,3502,6880.0,1562,6890.0,14444,6900.0,15823,6910.0,5090,6920.0,22689,2025-05-09 18:14:57.605,,2147483647,1358930,False,nan
10457,1718934,1612837586,MERV - XMEV - GGAL - 24hs,6880.0,2025-05-09 18:14:56,2000,2025-05-09 18:14:58.192,6870.0,360,6860.0,548,6850.0,905,6840.0,23059,6830.0,3502,6880.0,1562,6890.0,14444,6900.0,15823,6910.0,5090,6920.0,22689,2025-05-09 18:14:58.105,,2147483647,1360930,False,nan
10458,1719057,1612837737,MERV - XMEV - GGAL - 24hs,6880.0,2025-05-09 18:14:56,2000,2025-05-09 18:14:59.108,6870.0,360,6860.0,548,6850.0,905,6840.0,26181,6830.0,3502,6880.0,1562,6890.0,14444,6900.0,15823,6910.0,5090,6920.0,22689,2025-05-09 18:14:58.918,,2147483647,1360930,False,nan
10459,1719695,1612838538,MERV - XMEV - GGAL - 24hs,6880.0,2025-05-09 18:15:03,1,2025-05-09 18:15:03.467,6870.0,360,6860.0,548,6850.0,905,6840.0,26181,6830.0,3502,6880.0,1562,6890.0,14444,6900.0,15823,6910.0,5090,6920.0,22689,2025-05-09 18:15:03.371,,2147483647,1360930,True,offer
10460,1719791,1612838653,MERV - XMEV - GGAL - 24hs,6880.0,2025-05-09 18:15:03,1,2025-05-09 18:15:04.135,6870.0,360,6860.0,548,6850.0,905,6840.0,26181,6830.0,3502,6880.0,1561,6890.0,14444,6900.0,15823,6910.0,5090,6920.0,22689,2025-05-09 18:15:04.043,,2147483647,1360930,False,nan
10461,1719824,1612838691,MERV - XMEV - GGAL - 24hs,6880.0,2025-05-09 18:15:03,1,2025-05-09 18:15:04.631,6870.0,360,6860.0,548,6850.0,905,6840.0,26181,6830.0,3502,6880.0,1561,6890.0,14444,6900.0,15823,6910.0,5090,6920.0,22689,2025-05-09 18:15:04.543,,2147483647,1360931,False,nan
10462,1720158,1612839138,MERV - XMEV - GGAL - 24hs,6870.0,2025-05-09 18:15:08,28,2025-05-09 18:15:09.038,6870.0,360,6860.0,548,6850.0,905,6840.0,26181,6830.0,3502,6880.0,1561,6890.0,14444,6900.0,15823,6910.0,5090,6920.0,22689,2025-05-09 18:15:08.949,,2147483647,1360931,True,bid
10463,1720175,1612839163,MERV - XMEV - GGAL - 24hs,6870.0,2025-05-09 18:15:09,39,2025-05-09 18:15:09.548,6870.0,360,6860.0,548,6850.0,905,6840.0,26181,6830.0,3502,6880.0,1561,6890.0,14444,6900.0,15823,6910.0,5090,6920.0,22689,2025-05-09 18:15:09.454,,2147483647,1360959,True,bid
10464,1720209,1612839205,MERV - XMEV - GGAL - 24hs,6870.0,2025-05-09 18:15:09,39,2025-05-09 18:15:10.043,6870.0,12,6860.0,548,6850.0,905,6840.0,26181,6830.0,3502,6880.0,1561,6890.0,14444,6900.0,15823,6910.0,5090,6920.0,22689,2025-05-09 18:15:09.953,,2147483647,1361279,False,nan
10465,1720353,1612839427,MERV - XMEV - GGAL - 24hs,6870.0,2025-05-09 18:15:09,39,2025-05-09 18:15:11.667,6870.0,12,6860.0,548,6850.0,1155,6840.0,26181,6830.0,3252,6880.0,1561,6890.0,14444,6900.0,15823,6910.0,5090,6920.0,22689,2025-05-09 18:15:11.577,,2147483647,1361279,False,nan
10466,1720560,1612839767,MERV - XMEV - GGAL - 24hs,6870.0,2025-05-09 18:15:09,39,2025-05-09 18:15:14.418,6870.0,12,6860.0,548,6850.0,1155,6840.0,26173,6830.0,3252,6880.0,1561,6890.0,14444,6900.0,15823,6910.0,5090,6920.0,22689,2025-05-09 18:15:14.330,,2147483647,1361279,False,nan
10467,1721020,1612840355,MERV - XMEV - GGAL - 24hs,6880.0,2025-05-09 18:15:18,287,2025-05-09 18:15:18.798,6870.0,12,6860.0,548,6850.0,1155,6840.0,26173,6830.0,3252,6880.0,1561,6890.0,14444,6900.0,15823,6910.0,5090,6920.0,22689,2025-05-09 18:15:18.711,,2147483647,1361279,True,offer
10468,1721069,1612840421,MERV - XMEV - GGAL - 24hs,6880.0,2025-05-09 18:15:18,287,2025-05-09 18:15:19.464,6870.0,12,6860.0,548,6850.0,1155,6840.0,26173,6830.0,3252,6880.0,1274,6890.0,14444,6900.0,15823,6910.0,5090,6920.0,22689,2025-05-09 18:15:19.373,,2147483647,1361279,False,nan
10469,1721106,1612840465,MERV - XMEV - GGAL - 24hs,6880.0,2025-05-09 18:15:18,287,2025-05-09 18:15:19.969,6870.0,12,6860.0,548,6850.0,1155,6840.0,26173,6830.0,3252,6880.0,1274,6890.0,14444,6900.0,15823,6910.0,5090,6920.0,22689,2025-05-09 18:15:19.874,,2147483647,1361566,False,nan
10470,1721150,1612840528,MERV - XMEV - GGAL - 24hs,6870.0,2025-05-09 18:15:19,1,2025-05-09 18:15:20.466,6870.0,12,6860.0,548,6850.0,1155,6840.0,26173,6830.0,3252,6880.0,1274,6890.0,14444,6900.0,15823,6910.0,5090,6920.0,22689,2025-05-09 18:15:20.374,,2147483647,1361566,True,bid
10471,1721223,1612840617,MERV - XMEV - GGAL - 24hs,6870.0,2025-05-09 18:15:19,1,2025-05-09 18:15:20.979,6870.0,11,6860.0,548,6850.0,1155,6840.0,26173,6830.0,3252,6880.0,1274,6890.0,14444,6900.0,15823,6910.0,5090,6920.0,22689,2025-05-09 18:15:20.873,,2147483647,1361567,False,nan
10472,1721351,1612840810,MERV - XMEV - GGAL - 24hs,6870.0,2025-05-09 18:15:19,1,2025-05-09 18:15:22.352,6870.0,11,6860.0,548,6850.0,1155,6840.0,26148,6830.0,3252,6880.0,1274,6890.0,14444,6900.0,15823,6910.0,5090,6920.0,22689,2025-05-09 18:15:22.244,,2147483647,1361567,False,nan
10473,1721504,1612841020,MERV - XMEV - GGAL - 24hs,6870.0,2025-05-09 18:15:19,1,2025-05-09 18:15:24.146,6870.0,11,6860.0,548,6850.0,1155,6840.0,25801,6830.0,3252,6880.0,1274,6890.0,14444,6900.0,15823,6910.0,5090,6920.0,22689,2025-05-09 18:15:24.058,,2147483647,1361567,False,nan
10474,1721575,1612841108,MERV - XMEV - GGAL - 24hs,6870.0,2025-05-09 18:15:19,1,2025-05-09 18:15:25.173,6870.0,11,6860.0,548,6850.0,2480,6840.0,22333,6830.0,3252,6880.0,1274,6890.0,14444,6900.0,15823,6910.0,5090,6920.0,22689,2025-05-09 18:15:25.085,,2147483647,1361567,False,nan
10475,1721624,1612841168,MERV - XMEV - GGAL - 24hs,6870.0,2025-05-09 18:15:19,1,2025-05-09 18:15:25.936,6870.0,11,6860.0,548,6850.0,2451,6840.0,22333,6830.0,3252,6880.0,1274,6890.0,14444,6900.0,15823,6910.0,5090,6920.0,22689,2025-05-09 18:15:25.838,,2147483647,1361567,False,nan
10476,1721831,1612841442,MERV - XMEV - GGAL - 24hs,6870.0,2025-05-09 18:15:19,1,2025-05-09 18:15:28.171,6870.0,11,6860.0,548,6850.0,1500,6840.0,22333,6830.0,3252,6880.0,1274,6890.0,14444,6900.0,15823,6910.0,5090,6920.0,22689,2025-05-09 18:15:28.080,,2147483647,1361567,False,nan
10477,1722078,1612841776,MERV - XMEV - GGAL - 24hs,6870.0,2025-05-09 18:15:19,1,2025-05-09 18:15:30.682,6870.0,11,6860.0,548,6850.0,16408,6840.0,7425,6830.0,3252,6880.0,1274,6890.0,14444,6900.0,15823,6910.0,5090,6920.0,22689,2025-05-09 18:15:30.595,,2147483647,1361567,False,nan
10478,1722207,1612841971,MERV - XMEV - GGAL - 24hs,6870.0,2025-05-09 18:15:19,1,2025-05-09 18:15:31.948,6870.0,11,6860.0,548,6850.0,16379,6840.0,7425,6830.0,3252,6880.0,1274,6890.0,14223,6900.0,15823,6910.0,5090,6920.0,22689,2025-05-09 18:15:31.855,,2147483647,1361567,False,nan
10479,1722309,1612842153,MERV - XMEV - GGAL - 24hs,6870.0,2025-05-09 18:15:19,1,2025-05-09 18:15:33.206,6870.0,11,6860.0,548,6850.0,16408,6840.0,7425,6830.0,3252,6880.0,2724,6890.0,14223,6900.0,15823,6910.0,5090,6920.0,22689,2025-05-09 18:15:33.079,,2147483647,1361567,False,nan
10480,1722614,1612842555,MERV - XMEV - GGAL - 24hs,6880.0,2025-05-09 18:15:35,5,2025-05-09 18:15:36.508,6870.0,11,6860.0,548,6850.0,16408,6840.0,7425,6830.0,3252,6880.0,2724,6890.0,14223,6900.0,15823,6910.0,5090,6920.0,22689,2025-05-09 18:15:36.388,,2147483647,1361567,True,offer
10481,1722667,1612842620,MERV - XMEV - GGAL - 24hs,6880.0,2025-05-09 18:15:35,2,2025-05-09 18:15:36.715,6870.0,11,6860.0,548,6850.0,16408,6840.0,7425,6830.0,3252,6880.0,2724,6890.0,14223,6900.0,15823,6910.0,5090,6920.0,22689,2025-05-09 18:15:36.496,,2147483647,1361567,False,nan
10482,1722733,1612842702,MERV - XMEV - GGAL - 24hs,6880.0,2025-05-09 18:15:35,2,2025-05-09 18:15:37.048,6870.0,11,6860.0,548,6850.0,17073,6840.0,7425,6830.0,3252,6880.0,2717,6890.0,14223,6900.0,15823,6910.0,5090,6920.0,22689,2025-05-09 18:15:36.959,,2147483647,1361574,False,nan
10483,1722811,1612842793,MERV - XMEV - GGAL - 24hs,6880.0,2025-05-09 18:15:35,2,2025-05-09 18:15:37.708,6870.0,11,6860.0,548,6850.0,17449,6840.0,7425,6830.0,3252,6880.0,2717,6890.0,14223,6900.0,15823,6910.0,5090,6920.0,22689,2025-05-09 18:15:37.616,,2147483647,1361574,False,nan
10484,1723505,1612843646,MERV - XMEV - GGAL - 24hs,6870.0,2025-05-09 18:15:45,1,2025-05-09 18:15:45.918,6870.0,11,6860.0,548,6850.0,17449,6840.0,7425,6830.0,3252,6880.0,2717,6890.0,14223,6900.0,15823,6910.0,5090,6920.0,22689,2025-05-09 18:15:45.822,,2147483647,1361574,True,bid
10485,1723624,1612843787,MERV - XMEV - GGAL - 24hs,6870.0,2025-05-09 18:15:45,6,2025-05-09 18:15:46.410,6870.0,11,6860.0,548,6850.0,17449,6840.0,7425,6830.0,3252,6880.0,2717,6890.0,14223,6900.0,15823,6910.0,5090,6920.0,22689,2025-05-09 18:15:46.320,,2147483647,1361574,False,nan
10486,1723675,1612843857,MERV - XMEV - GGAL - 24hs,6870.0,2025-05-09 18:15:45,6,2025-05-09 18:15:46.911,6870.0,4,6860.0,548,6850.0,17420,6840.0,7425,6830.0,3252,6880.0,2717,6890.0,14223,6900.0,15823,6910.0,5090,6920.0,22689,2025-05-09 18:15:46.821,,2147483647,1361581,False,nan
10487,1723763,1612843963,MERV - XMEV - GGAL - 24hs,6870.0,2025-05-09 18:15:45,6,2025-05-09 18:15:47.708,6870.0,4,6860.0,548,6850.0,17449,6840.0,7425,6830.0,3252,6880.0,2717,6890.0,14223,6900.0,15823,6910.0,15090,6920.0,12689,2025-05-09 18:15:47.614,,2147483647,1361581,False,nan
10488,1723927,1612844174,MERV - XMEV - GGAL - 24hs,6870.0,2025-05-09 18:15:45,6,2025-05-09 18:15:50.146,6870.0,4,6860.0,548,6850.0,17440,6840.0,7425,6830.0,3252,6880.0,2717,6890.0,14223,6900.0,15823,6910.0,15090,6920.0,12689,2025-05-09 18:15:50.057,,2147483647,1361581,False,nan
10489,1724147,1612844459,MERV - XMEV - GGAL - 24hs,6880.0,2025-05-09 18:15:52,37,2025-05-09 18:15:52.429,6870.0,4,6860.0,548,6850.0,17440,6840.0,7425,6830.0,3252,6880.0,2717,6890.0,14223,6900.0,15823,6910.0,15090,6920.0,12689,2025-05-09 18:15:52.338,,2147483647,1361581,True,offer
10490,1724188,1612844513,MERV - XMEV - GGAL - 24hs,6880.0,2025-05-09 18:15:52,37,2025-05-09 18:15:53.099,6870.0,6199,6860.0,548,6850.0,17440,6840.0,7425,6830.0,3252,6880.0,2680,6890.0,14223,6900.0,15823,6910.0,15090,6920.0,12689,2025-05-09 18:15:53.008,,2147483647,1361581,False,nan
10491,1724222,1612844565,MERV - XMEV - GGAL - 24hs,6880.0,2025-05-09 18:15:52,37,2025-05-09 18:15:53.597,6870.0,6199,6860.0,548,6850.0,17440,6840.0,7425,6830.0,3252,6880.0,2680,6890.0,14223,6900.0,15823,6910.0,15090,6920.0,12689,2025-05-09 18:15:53.509,,2147483647,1361618,False,nan
10492,1724255,1612844599,MERV - XMEV - GGAL - 24hs,6880.0,2025-05-09 18:15:53,11,2025-05-09 18:15:54.141,6870.0,6199,6860.0,548,6850.0,17440,6840.0,7425,6830.0,3252,6880.0,2680,6890.0,14223,6900.0,15823,6910.0,15090,6920.0,12689,2025-05-09 18:15:54.049,,2147483647,1361618,True,offer
10493,1724306,1612844665,MERV - XMEV - GGAL - 24hs,6880.0,2025-05-09 18:15:53,11,2025-05-09 18:15:54.804,6870.0,6199,6860.0,548,6850.0,17440,6840.0,7425,6830.0,3252,6880.0,2669,6890.0,14223,6900.0,15823,6910.0,15090,6920.0,12689,2025-05-09 18:15:54.716,,2147483647,1361618,False,nan
10494,1724376,1612844760,MERV - XMEV - GGAL - 24hs,6880.0,2025-05-09 18:15:53,11,2025-05-09 18:15:55.302,6870.0,6199,6860.0,548,6850.0,17440,6840.0,7425,6830.0,3252,6880.0,2669,6890.0,14223,6900.0,15823,6910.0,15090,6920.0,12689,2025-05-09 18:15:55.215,,2147483647,1361629,False,nan
10495,1724901,1612845413,MERV - XMEV - GGAL - 24hs,6880.0,2025-05-09 18:15:53,11,2025-05-09 18:16:00.454,6870.0,6199,6860.0,548,6850.0,17449,6840.0,7425,6830.0,3252,6880.0,2669,6890.0,14223,6900.0,15823,6910.0,15090,6920.0,12689,2025-05-09 18:16:00.365,,2147483647,1361629,False,nan
10496,1725287,1612845892,MERV - XMEV - GGAL - 24hs,6880.0,2025-05-09 18:15:53,11,2025-05-09 18:16:02.519,6870.0,6199,6860.0,548,6850.0,17833,6840.0,7425,6830.0,3252,6880.0,2669,6890.0,14223,6900.0,15823,6910.0,5090,6920.0,22689,2025-05-09 18:16:02.419,,2147483647,1361629,False,nan
10497,1725501,1612846176,MERV - XMEV - GGAL - 24hs,6880.0,2025-05-09 18:15:53,11,2025-05-09 18:16:03.899,6870.0,6199,6860.0,548,6850.0,18180,6840.0,7425,6830.0,3252,6880.0,2669,6890.0,14223,6900.0,15823,6910.0,5090,6920.0,22689,2025-05-09 18:16:03.763,,2147483647,1361629,False,nan
10498,1725833,1612846612,MERV - XMEV - GGAL - 24hs,6880.0,2025-05-09 18:16:06,21,2025-05-09 18:16:06.130,6870.0,6199,6860.0,548,6850.0,18180,6840.0,7425,6830.0,3252,6880.0,2669,6890.0,14223,6900.0,15823,6910.0,5090,6920.0,22689,2025-05-09 18:16:06.035,,2147483647,1361629,True,offer
10499,1725890,1612846686,MERV - XMEV - GGAL - 24hs,6880.0,2025-05-09 18:16:06,21,2025-05-09 18:16:06.808,6870.0,6199,6860.0,548,6850.0,18180,6840.0,7425,6830.0,3252,6880.0,2669,6890.0,14223,6900.0,15823,6910.0,5090,6920.0,22689,2025-05-09 18:16:06.709,,2147483647,1361650,False,nan
10500,1725924,1612846755,MERV - XMEV - GGAL - 24hs,6880.0,2025-05-09 18:16:06,21,2025-05-09 18:16:07.298,6870.0,6199,6860.0,548,6850.0,18180,6840.0,7425,6830.0,3252,6880.0,2648,6890.0,14223,6900.0,15823,6910.0,5090,6920.0,22689,2025-05-09 18:16:07.208,,2147483647,1361650,False,nan
10501,1726088,1612846951,MERV - XMEV - GGAL - 24hs,6880.0,2025-05-09 18:16:06,21,2025-05-09 18:16:09.624,6870.0,6199,6860.0,548,6850.0,19567,6840.0,7425,6830.0,3252,6880.0,2648,6890.0,14223,6900.0,15823,6910.0,5090,6920.0,22689,2025-05-09 18:16:09.472,,2147483647,1361650,False,nan
10502,1726588,1612847643,MERV - XMEV - GGAL - 24hs,6880.0,2025-05-09 18:16:14,103,2025-05-09 18:16:15.071,6870.0,6199,6860.0,548,6850.0,19567,6840.0,7425,6830.0,3252,6880.0,2648,6890.0,14223,6900.0,15823,6910.0,5090,6920.0,22689,2025-05-09 18:16:14.973,,2147483647,1361650,True,offer
10503,1726788,1612847891,MERV - XMEV - GGAL - 24hs,6880.0,2025-05-09 18:16:14,103,2025-05-09 18:16:15.839,6870.0,6199,6860.0,548,6850.0,19567,6840.0,7425,6830.0,3252,6880.0,2545,6890.0,14223,6900.0,15823,6910.0,5090,6920.0,22689,2025-05-09 18:16:15.638,,2147483647,1361650,False,nan
10504,1726832,1612847938,MERV - XMEV - GGAL - 24hs,6880.0,2025-05-09 18:16:14,103,2025-05-09 18:16:16.226,6870.0,6199,6860.0,548,6850.0,19567,6840.0,7425,6830.0,3252,6880.0,2545,6890.0,14223,6900.0,15823,6910.0,5090,6920.0,22689,2025-05-09 18:16:16.138,,2147483647,1361753,False,nan
10505,1726864,1612847980,MERV - XMEV - GGAL - 24hs,6880.0,2025-05-09 18:16:14,103,2025-05-09 18:16:16.729,6870.0,6199,6860.0,893,6850.0,16063,6840.0,7425,6830.0,3252,6880.0,2545,6890.0,14223,6900.0,15823,6910.0,5090,6920.0,22689,2025-05-09 18:16:16.642,,2147483647,1361753,False,nan
10506,1727402,1612848661,MERV - XMEV - GGAL - 24hs,6880.0,2025-05-09 18:16:21,84,2025-05-09 18:16:21.880,6870.0,6199,6860.0,893,6850.0,16063,6840.0,7425,6830.0,3252,6880.0,2545,6890.0,14223,6900.0,15823,6910.0,5090,6920.0,22689,2025-05-09 18:16:21.768,,2147483647,1361753,True,offer
10507,1727447,1612848709,MERV - XMEV - GGAL - 24hs,6880.0,2025-05-09 18:16:21,84,2025-05-09 18:16:22.509,6870.0,6199,6860.0,893,6850.0,16063,6840.0,7425,6830.0,3252,6880.0,2461,6890.0,14223,6900.0,15823,6910.0,5090,6920.0,22689,2025-05-09 18:16:22.418,,2147483647,1361753,False,nan
10508,1727492,1612848764,MERV - XMEV - GGAL - 24hs,6880.0,2025-05-09 18:16:21,84,2025-05-09 18:16:23.590,6870.0,6199,6860.0,893,6850.0,16063,6840.0,7425,6830.0,3252,6880.0,2461,6890.0,14223,6900.0,15823,6910.0,5090,6920.0,22689,2025-05-09 18:16:23.479,,2147483647,1361837,False,nan
10509,1727777,1612849135,MERV - XMEV - GGAL - 24hs,6880.0,2025-05-09 18:16:21,84,2025-05-09 18:16:26.827,6870.0,6199,6860.0,1587,6850.0,16063,6840.0,7425,6830.0,3252,6880.0,2461,6890.0,14223,6900.0,15823,6910.0,5090,6920.0,22689,2025-05-09 18:16:26.729,,2147483647,1361837,False,nan
10510,1727809,1612849178,MERV - XMEV - GGAL - 24hs,6880.0,2025-05-09 18:16:21,84,2025-05-09 18:16:27.561,6870.0,6199,6860.0,2974,6850.0,16063,6840.0,7425,6830.0,3252,6880.0,2461,6890.0,14223,6900.0,15823,6910.0,5090,6920.0,22689,2025-05-09 18:16:27.464,,2147483647,1361837,False,nan
10511,1728148,1612849608,MERV - XMEV - GGAL - 24hs,6880.0,2025-05-09 18:16:29,1000,2025-05-09 18:16:29.864,6870.0,6199,6860.0,2974,6850.0,16063,6840.0,7425,6830.0,3252,6880.0,2461,6890.0,14223,6900.0,15823,6910.0,5090,6920.0,22689,2025-05-09 18:16:29.761,,2147483647,1361837,True,offer
10512,1728200,1612849673,MERV - XMEV - GGAL - 24hs,6880.0,2025-05-09 18:16:29,1000,2025-05-09 18:16:30.516,6870.0,6199,6860.0,2974,6850.0,16063,6840.0,7425,6830.0,3252,6880.0,1461,6890.0,14223,6900.0,15823,6910.0,5090,6920.0,22689,2025-05-09 18:16:30.428,,2147483647,1361837,False,nan
10513,1728235,1612849717,MERV - XMEV - GGAL - 24hs,6880.0,2025-05-09 18:16:29,1000,2025-05-09 18:16:31.015,6870.0,6199,6860.0,2974,6850.0,16063,6840.0,7425,6830.0,3252,6880.0,1461,6890.0,14223,6900.0,15823,6910.0,5090,6920.0,22689,2025-05-09 18:16:30.928,,2147483647,1362837,False,nan
10514,1728274,1612849767,MERV - XMEV - GGAL - 24hs,6880.0,2025-05-09 18:16:29,1000,2025-05-09 18:16:31.610,6870.0,6199,6860.0,4708,6850.0,16063,6840.0,7425,6830.0,3252,6880.0,1461,6890.0,14223,6900.0,15823,6910.0,5090,6920.0,22689,2025-05-09 18:16:31.518,,2147483647,1362837,False,nan
10515,1728372,1612849891,MERV - XMEV - GGAL - 24hs,6880.0,2025-05-09 18:16:29,1000,2025-05-09 18:16:33.036,6870.0,6199,6860.0,4361,6850.0,16063,6840.0,7425,6830.0,3252,6880.0,1461,6890.0,14223,6900.0,15823,6910.0,5090,6920.0,22689,2025-05-09 18:16:32.938,,2147483647,1362837,False,nan
10516,1728578,1612850152,MERV - XMEV - GGAL - 24hs,6880.0,2025-05-09 18:16:36,2,2025-05-09 18:16:36.100,6870.0,6199,6860.0,4361,6850.0,16063,6840.0,7425,6830.0,3252,6880.0,1461,6890.0,14223,6900.0,15823,6910.0,5090,6920.0,22689,2025-05-09 18:16:36.007,,2147483647,1362837,True,offer
10517,1728620,1612850215,MERV - XMEV - GGAL - 24hs,6880.0,2025-05-09 18:16:36,2,2025-05-09 18:16:36.766,6870.0,6199,6860.0,4361,6850.0,16063,6840.0,7425,6830.0,3252,6880.0,1459,6890.0,14223,6900.0,15823,6910.0,5090,6920.0,22689,2025-05-09 18:16:36.678,,2147483647,1362837,False,nan
10518,1728664,1612850268,MERV - XMEV - GGAL - 24hs,6880.0,2025-05-09 18:16:36,2,2025-05-09 18:16:37.267,6870.0,6199,6860.0,4361,6850.0,16063,6840.0,7425,6830.0,3252,6880.0,1459,6890.0,14223,6900.0,15823,6910.0,5090,6920.0,22689,2025-05-09 18:16:37.178,,2147483647,1362839,False,nan
10519,1729388,1612851174,MERV - XMEV - GGAL - 24hs,6880.0,2025-05-09 18:16:36,2,2025-05-09 18:16:43.589,6870.0,6199,6860.0,3668,6850.0,16063,6840.0,7425,6830.0,3252,6880.0,1459,6890.0,14223,6900.0,15823,6910.0,5090,6920.0,22689,2025-05-09 18:16:43.498,,2147483647,1362839,False,nan
10520,1729562,1612851393,MERV - XMEV - GGAL - 24hs,6880.0,2025-05-09 18:16:36,2,2025-05-09 18:16:44.820,6870.0,6199,6860.0,3321,6850.0,16063,6840.0,7425,6830.0,3252,6880.0,1459,6890.0,14223,6900.0,15823,6910.0,5090,6920.0,22689,2025-05-09 18:16:44.732,,2147483647,1362839,False,nan
10521,1729693,1612851559,MERV - XMEV - GGAL - 24hs,6880.0,2025-05-09 18:16:45,9,2025-05-09 18:16:46.412,6870.0,6199,6860.0,3321,6850.0,16063,6840.0,7425,6830.0,3252,6880.0,1459,6890.0,14223,6900.0,15823,6910.0,5090,6920.0,22689,2025-05-09 18:16:46.188,,2147483647,1362839,True,offer
10522,1729723,1612851593,MERV - XMEV - GGAL - 24hs,6880.0,2025-05-09 18:16:45,386,2025-05-09 18:16:46.589,6870.0,6199,6860.0,3321,6850.0,16063,6840.0,7425,6830.0,3252,6880.0,1459,6890.0,14223,6900.0,15823,6910.0,5090,6920.0,22689,2025-05-09 18:16:46.501,,2147483647,1362839,False,nan
10523,1729761,1612851643,MERV - XMEV - GGAL - 24hs,6880.0,2025-05-09 18:16:45,386,2025-05-09 18:16:47.095,6870.0,6199,6860.0,3321,6850.0,16063,6840.0,7425,6830.0,3252,6880.0,1064,6890.0,14223,6900.0,15823,6910.0,5090,6920.0,22689,2025-05-09 18:16:47.004,,2147483647,1363234,False,nan
10524,1730889,1612853128,MERV - XMEV - GGAL - 24hs,6870.0,2025-05-09 18:16:59,4,2025-05-09 18:16:59.384,6870.0,6199,6860.0,3321,6850.0,16063,6840.0,7425,6830.0,3252,6880.0,1064,6890.0,14223,6900.0,15823,6910.0,5090,6920.0,22689,2025-05-09 18:16:59.291,,2147483647,1363234,True,bid
10525,1730938,1612853193,MERV - XMEV - GGAL - 24hs,6870.0,2025-05-09 18:16:59,2916,2025-05-09 18:16:59.874,6870.0,6199,6860.0,3321,6850.0,16063,6840.0,7425,6830.0,3252,6880.0,1064,6890.0,14223,6900.0,15823,6910.0,5090,6920.0,22689,2025-05-09 18:16:59.785,,2147483647,1363234,False,nan
10526,1730981,1612853249,MERV - XMEV - GGAL - 24hs,6870.0,2025-05-09 18:16:59,2916,2025-05-09 18:17:00.374,6870.0,3279,6860.0,3321,6850.0,16063,6840.0,7425,6830.0,3252,6880.0,1064,6890.0,14223,6900.0,15823,6910.0,5090,6920.0,22689,2025-05-09 18:17:00.285,,2147483647,1366154,False,nan
10527,1731106,1612853414,MERV - XMEV - GGAL - 24hs,6870.0,2025-05-09 18:16:59,2916,2025-05-09 18:17:01.444,6870.0,3279,6860.0,4014,6850.0,16063,6840.0,8425,6830.0,2252,6880.0,1064,6890.0,14223,6900.0,15823,6910.0,5090,6920.0,22689,2025-05-09 18:17:01.336,,2147483647,1366154,False,nan
10528,1731351,1612853709,MERV - XMEV - GGAL - 24hs,6870.0,2025-05-09 18:16:59,2916,2025-05-09 18:17:03.404,6870.0,3279,6860.0,18922,6850.0,2155,6840.0,7425,6830.0,4252,6880.0,1064,6890.0,14223,6900.0,15823,6910.0,3090,6920.0,7689,2025-05-09 18:17:03.307,,2147483647,1366154,False,nan
10529,1731536,1612853968,MERV - XMEV - GGAL - 24hs,6870.0,2025-05-09 18:16:59,2916,2025-05-09 18:17:04.283,6870.0,7091,6860.0,15456,6850.0,2155,6840.0,7425,6830.0,4252,6880.0,1064,6890.0,14223,6900.0,15823,6910.0,3090,6920.0,7689,2025-05-09 18:17:04.061,,2147483647,1366154,False,nan
10530,1731593,1612854047,MERV - XMEV - GGAL - 24hs,6880.0,2025-05-09 18:17:04,1064,2025-05-09 18:17:04.648,6870.0,7091,6860.0,15456,6850.0,2155,6840.0,7425,6830.0,4252,6880.0,1064,6890.0,14223,6900.0,15823,6910.0,3090,6920.0,7689,2025-05-09 18:17:04.560,,2147483647,1366154,True,offer
10531,1731681,1612854159,MERV - XMEV - GGAL - 24hs,6890.0,2025-05-09 18:17:05,50,2025-05-09 18:17:05.148,6870.0,3279,6860.0,15456,6850.0,2155,6840.0,7425,6830.0,4252,6890.0,14223,6900.0,15823,6910.0,3090,6920.0,7689,6930.0,17015,2025-05-09 18:17:05.060,,2147483647,1367218,True,offer
10532,1731748,1612854246,MERV - XMEV - GGAL - 24hs,6890.0,2025-05-09 18:17:05,50,2025-05-09 18:17:05.767,6880.0,985,6870.0,3279,6860.0,15456,6850.0,2155,6840.0,7425,6890.0,11838,6900.0,15823,6910.0,3090,6920.0,7682,6930.0,17015,2025-05-09 18:17:05.668,,2147483647,1367218,False,nan
10533,1731894,1612854439,MERV - XMEV - GGAL - 24hs,6880.0,2025-05-09 18:17:05,499,2025-05-09 18:17:06.576,6880.0,985,6870.0,3279,6860.0,15456,6850.0,2155,6840.0,7425,6890.0,11838,6900.0,15823,6910.0,3090,6920.0,7682,6930.0,17015,2025-05-09 18:17:06.169,,2147483647,1369641,False,nan
10534,1731937,1612854543,MERV - XMEV - GGAL - 24hs,6880.0,2025-05-09 18:17:05,499,2025-05-09 18:17:06.890,6870.0,3306,6860.0,15456,6850.0,2155,6840.0,7425,6830.0,4252,6890.0,11876,6900.0,15823,6910.0,3090,6920.0,7682,6930.0,17015,2025-05-09 18:17:06.668,,2147483647,1370274,False,nan
10535,1731989,1612854638,MERV - XMEV - GGAL - 24hs,6890.0,2025-05-09 18:17:06,35,2025-05-09 18:17:07.267,6880.0,2482,6870.0,3306,6860.0,15456,6850.0,2155,6840.0,7425,6890.0,11765,6900.0,15823,6910.0,3090,6920.0,7682,6930.0,17022,2025-05-09 18:17:07.169,,2147483647,1370274,True,offer
10536,1732038,1612854706,MERV - XMEV - GGAL - 24hs,6890.0,2025-05-09 18:17:06,35,2025-05-09 18:17:08.092,6880.0,2482,6870.0,3306,6860.0,15456,6850.0,2155,6840.0,7425,6890.0,11765,6900.0,15823,6910.0,3090,6920.0,7682,6930.0,17022,2025-05-09 18:17:07.907,,2147483647,1370309,False,nan
10537,1732095,1612854795,MERV - XMEV - GGAL - 24hs,6890.0,2025-05-09 18:17:06,35,2025-05-09 18:17:08.565,6880.0,1056,6870.0,3306,6860.0,15456,6850.0,2155,6840.0,7425,6890.0,11765,6900.0,15823,6910.0,3090,6920.0,7682,6930.0,17022,2025-05-09 18:17:08.477,,2147483647,1370309,False,nan
10538,1732287,1612855061,MERV - XMEV - GGAL - 24hs,6890.0,2025-05-09 18:17:06,35,2025-05-09 18:17:10.620,6880.0,1749,6870.0,3306,6860.0,15456,6850.0,2155,6840.0,7425,6890.0,11765,6900.0,15823,6910.0,3090,6920.0,7682,6930.0,17022,2025-05-09 18:17:10.531,,2147483647,1370309,False,nan
10539,1732407,1612855216,MERV - XMEV - GGAL - 24hs,6890.0,2025-05-09 18:17:06,35,2025-05-09 18:17:11.907,6880.0,1749,6870.0,18214,6860.0,548,6850.0,2155,6840.0,7425,6890.0,11765,6900.0,15823,6910.0,3090,6920.0,7682,6930.0,17022,2025-05-09 18:17:11.770,,2147483647,1370309,False,nan
10540,1732461,1612855289,MERV - XMEV - GGAL - 24hs,6890.0,2025-05-09 18:17:06,35,2025-05-09 18:17:12.596,6880.0,709,6870.0,18214,6860.0,548,6850.0,2155,6840.0,7425,6890.0,11765,6900.0,15823,6910.0,3090,6920.0,7682,6930.0,17022,2025-05-09 18:17:12.506,,2147483647,1370309,False,nan
10541,1732560,1612855421,MERV - XMEV - GGAL - 24hs,6890.0,2025-05-09 18:17:06,35,2025-05-09 18:17:14.086,6880.0,362,6870.0,18214,6860.0,548,6850.0,2155,6840.0,7425,6890.0,11765,6900.0,15823,6910.0,3090,6920.0,7682,6930.0,17022,2025-05-09 18:17:13.993,,2147483647,1370309,False,nan
10542,1733235,1612856274,MERV - XMEV - GGAL - 24hs,6890.0,2025-05-09 18:17:06,35,2025-05-09 18:17:19.729,6880.0,1056,6870.0,18214,6860.0,548,6850.0,2155,6840.0,7425,6890.0,11765,6900.0,15823,6910.0,3090,6920.0,7682,6930.0,17022,2025-05-09 18:17:19.642,,2147483647,1370309,False,nan
10543,1733339,1612856406,MERV - XMEV - GGAL - 24hs,6890.0,2025-05-09 18:17:06,35,2025-05-09 18:17:20.834,6880.0,1056,6870.0,18214,6860.0,548,6850.0,2155,6840.0,7425,6890.0,11765,6900.0,15823,6910.0,3090,6920.0,8682,6930.0,17022,2025-05-09 18:17:20.730,,2147483647,1370309,False,nan
10544,1733587,1612856704,MERV - XMEV - GGAL - 24hs,6890.0,2025-05-09 18:17:06,35,2025-05-09 18:17:23.827,6880.0,1055,6870.0,18214,6860.0,548,6850.0,2155,6840.0,7425,6890.0,11765,6900.0,15823,6910.0,3090,6920.0,8682,6930.0,17022,2025-05-09 18:17:23.736,,2147483647,1370309,False,nan
10545,1733624,1612856749,MERV - XMEV - GGAL - 24hs,6890.0,2025-05-09 18:17:23,7,2025-05-09 18:17:24.321,6880.0,1055,6870.0,18214,6860.0,548,6850.0,2155,6840.0,7425,6890.0,11765,6900.0,15823,6910.0,3090,6920.0,8682,6930.0,17022,2025-05-09 18:17:24.234,,2147483647,1370309,True,offer
10546,1733680,1612856818,MERV - XMEV - GGAL - 24hs,6890.0,2025-05-09 18:17:23,7,2025-05-09 18:17:24.821,6880.0,1055,6870.0,18214,6860.0,548,6850.0,2155,6840.0,7425,6890.0,11758,6900.0,15823,6910.0,3090,6920.0,8682,6930.0,17022,2025-05-09 18:17:24.734,,2147483647,1370316,False,nan
10547,1733809,1612856980,MERV - XMEV - GGAL - 24hs,6890.0,2025-05-09 18:17:25,8,2025-05-09 18:17:26.055,6880.0,1055,6870.0,18214,6860.0,548,6850.0,2155,6840.0,7425,6890.0,11758,6900.0,15823,6910.0,3090,6920.0,8682,6930.0,17022,2025-05-09 18:17:25.966,,2147483647,1370316,True,offer
10548,1733841,1612857025,MERV - XMEV - GGAL - 24hs,6890.0,2025-05-09 18:17:25,2,2025-05-09 18:17:26.555,6880.0,1055,6870.0,3306,6860.0,15456,6850.0,1155,6840.0,8425,6890.0,11748,6900.0,15823,6910.0,3090,6920.0,8682,6930.0,17022,2025-05-09 18:17:26.465,,2147483647,1370316,False,nan
10549,1733879,1612857076,MERV - XMEV - GGAL - 24hs,6890.0,2025-05-09 18:17:25,2,2025-05-09 18:17:27.058,6880.0,1055,6870.0,3306,6860.0,548,6850.0,16063,6840.0,8425,6890.0,11748,6900.0,15823,6910.0,3090,6920.0,8682,6930.0,17022,2025-05-09 18:17:26.966,,2147483647,1370326,False,nan
10550,1733905,1612857110,MERV - XMEV - GGAL - 24hs,6890.0,2025-05-09 18:17:25,2,2025-05-09 18:17:27.615,6880.0,1055,6870.0,18214,6860.0,548,6850.0,2155,6840.0,7425,6890.0,11748,6900.0,15823,6910.0,3090,6920.0,8682,6930.0,17022,2025-05-09 18:17:27.527,,2147483647,1370326,False,nan
10551,1734427,1612857756,MERV - XMEV - GGAL - 24hs,6890.0,2025-05-09 18:17:33,48,2025-05-09 18:17:33.355,6880.0,1055,6870.0,18214,6860.0,548,6850.0,2155,6840.0,7425,6890.0,11748,6900.0,15823,6910.0,3090,6920.0,8682,6930.0,17022,2025-05-09 18:17:33.264,,2147483647,1370326,True,offer
10552,1734467,1612857803,MERV - XMEV - GGAL - 24hs,6890.0,2025-05-09 18:17:33,2,2025-05-09 18:17:33.854,6880.0,1055,6870.0,18214,6860.0,548,6850.0,2155,6840.0,7425,6890.0,11748,6900.0,15823,6910.0,3090,6920.0,8682,6930.0,17022,2025-05-09 18:17:33.764,,2147483647,1370326,False,nan
10553,1734518,1612857865,MERV - XMEV - GGAL - 24hs,6890.0,2025-05-09 18:17:33,2,2025-05-09 18:17:34.354,6880.0,1055,6870.0,18214,6860.0,548,6850.0,2155,6840.0,7425,6890.0,11698,6900.0,15823,6910.0,3090,6920.0,8682,6930.0,17022,2025-05-09 18:17:34.264,,2147483647,1370376,False,nan
10554,1734636,1612858013,MERV - XMEV - GGAL - 24hs,6890.0,2025-05-09 18:17:33,2,2025-05-09 18:17:35.032,6880.0,1055,6870.0,18214,6860.0,548,6850.0,2155,6840.0,8425,6890.0,11698,6900.0,15823,6910.0,3090,6920.0,8682,6930.0,17022,2025-05-09 18:17:34.787,,2147483647,1370376,False,nan
10555,1734937,1612858429,MERV - XMEV - GGAL - 24hs,6890.0,2025-05-09 18:17:33,2,2025-05-09 18:17:37.597,6880.0,1053,6870.0,18214,6860.0,548,6850.0,2155,6840.0,8425,6890.0,11698,6900.0,15823,6910.0,3090,6920.0,8682,6930.0,17022,2025-05-09 18:17:37.510,,2147483647,1370376,False,nan
10556,1735027,1612858563,MERV - XMEV - GGAL - 24hs,6890.0,2025-05-09 18:17:33,2,2025-05-09 18:17:38.675,6880.0,1053,6870.0,18187,6860.0,548,6850.0,2155,6840.0,8425,6890.0,11698,6900.0,15823,6910.0,3090,6920.0,8682,6930.0,17022,2025-05-09 18:17:38.583,,2147483647,1370376,False,nan
10557,1735229,1612858824,MERV - XMEV - GGAL - 24hs,6890.0,2025-05-09 18:17:33,2,2025-05-09 18:17:41.363,6880.0,1063,6870.0,18187,6860.0,548,6850.0,2155,6840.0,8425,6890.0,11698,6900.0,15823,6910.0,3090,6920.0,8682,6930.0,17022,2025-05-09 18:17:41.276,,2147483647,1370376,False,nan
10558,1735739,1612859492,MERV - XMEV - GGAL - 24hs,6890.0,2025-05-09 18:17:33,2,2025-05-09 18:17:46.570,6880.0,1063,6870.0,18187,6860.0,548,6850.0,2155,6840.0,8425,6890.0,11698,6900.0,15823,6910.0,3090,6920.0,8682,6930.0,17081,2025-05-09 18:17:46.481,,2147483647,1370376,False,nan
10559,1736212,1612860097,MERV - XMEV - GGAL - 24hs,6890.0,2025-05-09 18:17:33,2,2025-05-09 18:17:51.956,6880.0,1063,6870.0,18187,6860.0,548,6850.0,2155,6840.0,7425,6890.0,11698,6900.0,15823,6910.0,3090,6920.0,8682,6930.0,17081,2025-05-09 18:17:51.865,,2147483647,1370376,False,nan
10560,1736258,1612860152,MERV - XMEV - GGAL - 24hs,6880.0,2025-05-09 18:17:52,1,2025-05-09 18:17:52.451,6880.0,1063,6870.0,18187,6860.0,548,6850.0,2155,6840.0,7425,6890.0,11698,6900.0,15823,6910.0,3090,6920.0,8682,6930.0,17081,2025-05-09 18:17:52.363,,2147483647,1370376,True,bid
10561,1736305,1612860212,MERV - XMEV - GGAL - 24hs,6880.0,2025-05-09 18:17:52,1,2025-05-09 18:17:52.971,6880.0,1062,6870.0,18187,6860.0,548,6850.0,2155,6840.0,7425,6890.0,11698,6900.0,15823,6910.0,3090,6920.0,8682,6930.0,17081,2025-05-09 18:17:52.883,,2147483647,1370376,False,nan
10562,1736345,1612860262,MERV - XMEV - GGAL - 24hs,6880.0,2025-05-09 18:17:52,1,2025-05-09 18:17:53.472,6880.0,1062,6870.0,18187,6860.0,548,6850.0,2155,6840.0,7425,6890.0,11698,6900.0,15823,6910.0,3090,6920.0,8682,6930.0,17081,2025-05-09 18:17:53.375,,2147483647,1370377,False,nan
10563,1736424,1612860375,MERV - XMEV - GGAL - 24hs,6890.0,2025-05-09 18:17:54,1,2025-05-09 18:17:54.214,6880.0,1062,6870.0,18187,6860.0,548,6850.0,2155,6840.0,7425,6890.0,11698,6900.0,15823,6910.0,3090,6920.0,8682,6930.0,17081,2025-05-09 18:17:54.126,,2147483647,1370377,True,offer
10564,1736484,1612860454,MERV - XMEV - GGAL - 24hs,6890.0,2025-05-09 18:17:54,1,2025-05-09 18:17:54.886,6880.0,1062,6870.0,18187,6860.0,548,6850.0,2155,6840.0,7425,6890.0,11697,6900.0,15823,6910.0,3090,6920.0,8682,6930.0,17081,2025-05-09 18:17:54.786,,2147483647,1370377,False,nan
10565,1736531,1612860511,MERV - XMEV - GGAL - 24hs,6890.0,2025-05-09 18:17:54,1,2025-05-09 18:17:55.373,6880.0,1062,6870.0,18187,6860.0,548,6850.0,2155,6840.0,7425,6890.0,11697,6900.0,15823,6910.0,3090,6920.0,8682,6930.0,17081,2025-05-09 18:17:55.286,,2147483647,1370378,False,nan
10566,1736881,1612860955,MERV - XMEV - GGAL - 24hs,6880.0,2025-05-09 18:17:57,17,2025-05-09 18:17:58.088,6880.0,1062,6870.0,18187,6860.0,548,6850.0,2155,6840.0,7425,6890.0,11697,6900.0,15823,6910.0,3090,6920.0,8682,6930.0,17081,2025-05-09 18:17:57.990,,2147483647,1370378,True,bid
10567,1736921,1612861003,MERV - XMEV - GGAL - 24hs,6880.0,2025-05-09 18:17:57,17,2025-05-09 18:17:58.577,6880.0,10,6870.0,18187,6860.0,548,6850.0,2155,6840.0,7425,6890.0,11697,6900.0,15823,6910.0,3090,6920.0,8682,6930.0,17081,2025-05-09 18:17:58.490,,2147483647,1370378,False,nan
10568,1737034,1612861141,MERV - XMEV - GGAL - 24hs,6880.0,2025-05-09 18:17:57,17,2025-05-09 18:17:59.098,6880.0,10,6870.0,18187,6860.0,548,6850.0,2155,6840.0,7425,6890.0,11697,6900.0,15823,6910.0,3090,6920.0,8682,6930.0,17081,2025-05-09 18:17:58.990,,2147483647,1370395,False,nan
10569,1737091,1612861210,MERV - XMEV - GGAL - 24hs,6880.0,2025-05-09 18:17:57,17,2025-05-09 18:17:59.581,6880.0,10,6870.0,18555,6860.0,548,6850.0,2155,6840.0,7425,6890.0,11697,6900.0,15823,6910.0,3090,6920.0,8682,6930.0,17081,2025-05-09 18:17:59.491,,2147483647,1370395,False,nan
10570,1737170,1612861305,MERV - XMEV - GGAL - 24hs,6880.0,2025-05-09 18:17:57,17,2025-05-09 18:18:00.297,6880.0,10,6870.0,18902,6860.0,548,6850.0,2155,6840.0,7425,6890.0,11697,6900.0,15823,6910.0,3090,6920.0,8682,6930.0,17081,2025-05-09 18:18:00.208,,2147483647,1370395,False,nan
10571,1737796,1612862089,MERV - XMEV - GGAL - 24hs,6890.0,2025-05-09 18:18:05,145,2025-05-09 18:18:05.831,6880.0,10,6870.0,18902,6860.0,548,6850.0,2155,6840.0,7425,6890.0,11697,6900.0,15823,6910.0,3090,6920.0,8682,6930.0,17081,2025-05-09 18:18:05.741,,2147483647,1370395,True,offer
10572,1737868,1612862176,MERV - XMEV - GGAL - 24hs,6890.0,2025-05-09 18:18:05,145,2025-05-09 18:18:06.511,6880.0,10,6870.0,18902,6860.0,548,6850.0,2155,6840.0,7425,6890.0,11552,6900.0,15823,6910.0,3090,6920.0,8682,6930.0,17081,2025-05-09 18:18:06.407,,2147483647,1370395,False,nan
10573,1737921,1612862246,MERV - XMEV - GGAL - 24hs,6890.0,2025-05-09 18:18:05,145,2025-05-09 18:18:07.000,6880.0,10,6870.0,18902,6860.0,548,6850.0,2155,6840.0,7425,6890.0,11552,6900.0,15823,6910.0,3090,6920.0,8682,6930.0,17081,2025-05-09 18:18:06.907,,2147483647,1370540,False,nan
10574,1737951,1612862293,MERV - XMEV - GGAL - 24hs,6890.0,2025-05-09 18:18:05,145,2025-05-09 18:18:07.499,6880.0,10,6870.0,18902,6860.0,548,6850.0,2155,6840.0,7425,6890.0,11552,6900.0,15823,6910.0,4090,6920.0,8682,6930.0,17081,2025-05-09 18:18:07.407,,2147483647,1370540,False,nan
10575,1738204,1612862608,MERV - XMEV - GGAL - 24hs,6890.0,2025-05-09 18:18:10,100,2025-05-09 18:18:10.164,6880.0,10,6870.0,18902,6860.0,548,6850.0,2155,6840.0,7425,6890.0,11552,6900.0,15823,6910.0,4090,6920.0,8682,6930.0,17081,2025-05-09 18:18:10.076,,2147483647,1370540,True,offer
10576,1738271,1612862687,MERV - XMEV - GGAL - 24hs,6890.0,2025-05-09 18:18:10,100,2025-05-09 18:18:10.665,6880.0,10,6870.0,18902,6860.0,548,6850.0,2155,6840.0,7425,6890.0,11452,6900.0,15823,6910.0,4090,6920.0,8682,6930.0,17081,2025-05-09 18:18:10.575,,2147483647,1370540,False,nan
10577,1738311,1612862731,MERV - XMEV - GGAL - 24hs,6890.0,2025-05-09 18:18:10,100,2025-05-09 18:18:11.164,6880.0,10,6870.0,18902,6860.0,548,6850.0,2155,6840.0,7425,6890.0,11452,6900.0,15823,6910.0,4090,6920.0,8682,6930.0,17081,2025-05-09 18:18:11.075,,2147483647,1370640,False,nan
10578,1738747,1612863266,MERV - XMEV - GGAL - 24hs,6890.0,2025-05-09 18:18:14,81,2025-05-09 18:18:14.925,6880.0,10,6870.0,18902,6860.0,548,6850.0,2155,6840.0,7425,6890.0,11452,6900.0,15823,6910.0,4090,6920.0,8682,6930.0,17081,2025-05-09 18:18:14.837,,2147483647,1370640,True,offer
10579,1738800,1612863331,MERV - XMEV - GGAL - 24hs,6890.0,2025-05-09 18:18:14,81,2025-05-09 18:18:15.595,6880.0,10,6870.0,18902,6860.0,548,6850.0,2155,6840.0,7425,6890.0,11371,6900.0,15823,6910.0,4090,6920.0,8682,6930.0,17081,2025-05-09 18:18:15.507,,2147483647,1370640,False,nan
10580,1738852,1612863391,MERV - XMEV - GGAL - 24hs,6890.0,2025-05-09 18:18:14,81,2025-05-09 18:18:16.095,6880.0,10,6870.0,18902,6860.0,548,6850.0,2155,6840.0,7425,6890.0,11371,6900.0,15823,6910.0,4090,6920.0,8682,6930.0,17081,2025-05-09 18:18:16.007,,2147483647,1370721,False,nan
10581,1738962,1612863523,MERV - XMEV - GGAL - 24hs,6890.0,2025-05-09 18:18:14,81,2025-05-09 18:18:16.887,6880.0,10,6870.0,18902,6860.0,548,6850.0,2155,6840.0,7425,6890.0,11371,6900.0,15823,6910.0,4090,6920.0,10682,6930.0,17081,2025-05-09 18:18:16.796,,2147483647,1370721,False,nan
10582,1739042,1612863631,MERV - XMEV - GGAL - 24hs,6890.0,2025-05-09 18:18:18,33,2025-05-09 18:18:18.463,6880.0,10,6870.0,18902,6860.0,548,6850.0,2155,6840.0,7425,6890.0,11371,6900.0,15823,6910.0,4090,6920.0,10682,6930.0,17081,2025-05-09 18:18:18.374,,2147483647,1370721,True,offer
10583,1739101,1612863703,MERV - XMEV - GGAL - 24hs,6890.0,2025-05-09 18:18:18,135,2025-05-09 18:18:18.962,6880.0,10,6870.0,18902,6860.0,548,6850.0,2155,6840.0,7425,6890.0,11203,6900.0,15823,6910.0,4090,6920.0,10682,6930.0,17081,2025-05-09 18:18:18.874,,2147483647,1370721,False,nan
10584,1739194,1612863811,MERV - XMEV - GGAL - 24hs,6890.0,2025-05-09 18:18:18,135,2025-05-09 18:18:19.502,6880.0,10,6870.0,18902,6860.0,548,6850.0,2155,6840.0,7425,6890.0,11203,6900.0,15823,6910.0,4090,6920.0,10682,6930.0,17081,2025-05-09 18:18:19.374,,2147483647,1370889,False,nan
10585,1739392,1612864045,MERV - XMEV - GGAL - 24hs,6890.0,2025-05-09 18:18:18,135,2025-05-09 18:18:21.544,6880.0,10,6870.0,18554,6860.0,548,6850.0,2155,6840.0,7425,6890.0,11203,6900.0,15823,6910.0,4090,6920.0,10682,6930.0,17081,2025-05-09 18:18:21.404,,2147483647,1370889,False,nan
10586,1739623,1612864342,MERV - XMEV - GGAL - 24hs,6890.0,2025-05-09 18:18:18,135,2025-05-09 18:18:23.972,6880.0,10,6870.0,19248,6860.0,548,6850.0,2155,6840.0,7425,6890.0,11203,6900.0,15823,6910.0,4090,6920.0,10682,6930.0,17081,2025-05-09 18:18:23.883,,2147483647,1370889,False,nan
10587,1740140,1612864986,MERV - XMEV - GGAL - 24hs,6890.0,2025-05-09 18:18:18,135,2025-05-09 18:18:31.024,6880.0,10,6870.0,19248,6860.0,548,6850.0,2155,6840.0,7425,6890.0,13309,6900.0,15823,6910.0,4090,6920.0,10682,6930.0,17081,2025-05-09 18:18:30.923,,2147483647,1370889,False,nan
10588,1740312,1612865211,MERV - XMEV - GGAL - 24hs,6890.0,2025-05-09 18:18:18,135,2025-05-09 18:18:33.221,6880.0,10,6870.0,19594,6860.0,548,6850.0,2155,6840.0,7425,6890.0,13309,6900.0,15823,6910.0,4090,6920.0,10682,6930.0,17081,2025-05-09 18:18:33.133,,2147483647,1370889,False,nan
10589,1740379,1612865293,MERV - XMEV - GGAL - 24hs,6890.0,2025-05-09 18:18:18,135,2025-05-09 18:18:33.999,6880.0,10,6870.0,19248,6860.0,548,6850.0,2155,6840.0,7425,6890.0,13309,6900.0,15823,6910.0,4090,6920.0,10682,6930.0,17081,2025-05-09 18:18:33.904,,2147483647,1370889,False,nan
10590,1740558,1612865508,MERV - XMEV - GGAL - 24hs,6890.0,2025-05-09 18:18:18,135,2025-05-09 18:18:36.187,6880.0,10,6870.0,4340,6860.0,548,6850.0,16063,6840.0,8425,6890.0,13309,6900.0,15823,6910.0,4090,6920.0,10682,6930.0,17081,2025-05-09 18:18:36.094,,2147483647,1370889,False,nan
10591,1740660,1612865642,MERV - XMEV - GGAL - 24hs,6890.0,2025-05-09 18:18:18,135,2025-05-09 18:18:37.150,6880.0,10,6870.0,4686,6860.0,548,6850.0,16063,6840.0,8425,6890.0,13309,6900.0,15823,6910.0,4090,6920.0,10682,6930.0,17081,2025-05-09 18:18:37.037,,2147483647,1370889,False,nan
10592,1740890,1612865934,MERV - XMEV - GGAL - 24hs,6890.0,2025-05-09 18:18:18,135,2025-05-09 18:18:39.727,6880.0,10,6870.0,4686,6860.0,548,6850.0,16063,6840.0,8525,6890.0,13309,6900.0,15823,6910.0,4090,6920.0,10682,6930.0,17081,2025-05-09 18:18:39.639,,2147483647,1370889,False,nan
10593,1741130,1612866352,MERV - XMEV - GGAL - 24hs,6890.0,2025-05-09 18:18:42,15,2025-05-09 18:18:43.011,6880.0,10,6870.0,4686,6860.0,548,6850.0,16063,6840.0,8525,6890.0,13309,6900.0,15823,6910.0,4090,6920.0,10682,6930.0,17081,2025-05-09 18:18:42.923,,2147483647,1370889,True,offer
10594,1741167,1612866396,MERV - XMEV - GGAL - 24hs,6890.0,2025-05-09 18:18:42,15,2025-05-09 18:18:43.510,6880.0,3010,6870.0,4686,6860.0,548,6850.0,16063,6840.0,8525,6890.0,13294,6900.0,15823,6910.0,4090,6920.0,10682,6930.0,17081,2025-05-09 18:18:43.422,,2147483647,1370889,False,nan
10595,1741206,1612866449,MERV - XMEV - GGAL - 24hs,6890.0,2025-05-09 18:18:42,15,2025-05-09 18:18:44.011,6880.0,3010,6870.0,4686,6860.0,548,6850.0,16063,6840.0,8525,6890.0,13294,6900.0,15823,6910.0,4090,6920.0,10682,6930.0,17081,2025-05-09 18:18:43.923,,2147483647,1370904,False,nan
10596,1741444,1612866753,MERV - XMEV - GGAL - 24hs,6890.0,2025-05-09 18:18:46,850,2025-05-09 18:18:47.014,6880.0,3010,6870.0,4686,6860.0,548,6850.0,16063,6840.0,8525,6890.0,13294,6900.0,15823,6910.0,4090,6920.0,10682,6930.0,17081,2025-05-09 18:18:46.927,,2147483647,1370904,True,offer
10597,1741502,1612866822,MERV - XMEV - GGAL - 24hs,6890.0,2025-05-09 18:18:47,205,2025-05-09 18:18:47.519,6880.0,3010,6870.0,4686,6860.0,548,6850.0,16063,6840.0,8525,6890.0,13294,6900.0,15823,6910.0,4090,6920.0,10682,6930.0,17081,2025-05-09 18:18:47.431,,2147483647,1371904,True,offer
10598,1741529,1612866864,MERV - XMEV - GGAL - 24hs,6890.0,2025-05-09 18:18:47,205,2025-05-09 18:18:48.014,6880.0,3010,6870.0,4686,6860.0,15456,6850.0,1155,6840.0,8525,6890.0,12089,6900.0,15823,6910.0,4090,6920.0,10682,6930.0,17081,2025-05-09 18:18:47.926,,2147483647,1372109,False,nan
10599,1741649,1612867037,MERV - XMEV - GGAL - 24hs,6890.0,2025-05-09 18:18:47,205,2025-05-09 18:18:49.967,6880.0,3010,6870.0,4686,6860.0,15456,6850.0,1155,6840.0,8525,6890.0,12089,6900.0,15823,6910.0,3590,6920.0,10682,6930.0,17581,2025-05-09 18:18:49.879,,2147483647,1372109,False,nan
10600,1743121,1612868926,MERV - XMEV - GGAL - 24hs,6890.0,2025-05-09 18:18:47,205,2025-05-09 18:18:59.116,6880.0,3010,6870.0,3299,6860.0,15456,6850.0,1155,6840.0,8525,6890.0,12089,6900.0,15823,6910.0,3590,6920.0,10682,6930.0,17581,2025-05-09 18:18:59.022,,2147483647,1372109,False,nan
10601,1743825,1612869855,MERV - XMEV - GGAL - 24hs,6890.0,2025-05-09 18:18:47,205,2025-05-09 18:19:03.939,6880.0,3010,6870.0,4686,6860.0,15456,6850.0,1155,6840.0,8525,6890.0,12089,6900.0,15823,6910.0,3590,6920.0,10682,6930.0,17581,2025-05-09 18:19:03.244,,2147483647,1372109,False,nan
10602,1744043,1612870143,MERV - XMEV - GGAL - 24hs,6890.0,2025-05-09 18:19:06,14,2025-05-09 18:19:06.232,6880.0,3010,6870.0,4686,6860.0,15456,6850.0,1155,6840.0,8525,6890.0,12089,6900.0,15823,6910.0,3590,6920.0,10682,6930.0,17581,2025-05-09 18:19:06.142,,2147483647,1372109,True,offer
10603,1744088,1612870203,MERV - XMEV - GGAL - 24hs,6890.0,2025-05-09 18:19:06,14,2025-05-09 18:19:06.916,6880.0,3010,6870.0,4686,6860.0,15456,6850.0,1155,6840.0,8525,6890.0,12075,6900.0,15823,6910.0,3590,6920.0,10682,6930.0,17581,2025-05-09 18:19:06.824,,2147483647,1372109,False,nan
10604,1744144,1612870269,MERV - XMEV - GGAL - 24hs,6890.0,2025-05-09 18:19:06,14,2025-05-09 18:19:07.414,6880.0,3010,6870.0,4686,6860.0,15456,6850.0,1155,6840.0,8525,6890.0,12075,6900.0,15823,6910.0,3590,6920.0,10682,6930.0,17581,2025-05-09 18:19:07.325,,2147483647,1372123,False,nan
10605,1744629,1612870847,MERV - XMEV - GGAL - 24hs,6890.0,2025-05-09 18:19:06,14,2025-05-09 18:19:14.136,6880.0,3010,6870.0,4340,6860.0,15456,6850.0,1155,6840.0,8525,6890.0,12075,6900.0,15823,6910.0,3590,6920.0,10682,6930.0,17581,2025-05-09 18:19:14.047,,2147483647,1372123,False,nan
10606,1744694,1612870930,MERV - XMEV - GGAL - 24hs,6890.0,2025-05-09 18:19:14,131,2025-05-09 18:19:14.709,6880.0,3010,6870.0,4340,6860.0,15456,6850.0,1155,6840.0,8525,6890.0,12075,6900.0,15823,6910.0,3590,6920.0,10682,6930.0,17581,2025-05-09 18:19:14.619,,2147483647,1372123,True,offer
10607,1744722,1612870961,MERV - XMEV - GGAL - 24hs,6890.0,2025-05-09 18:19:14,545,2025-05-09 18:19:15.207,6880.0,3010,6870.0,4686,6860.0,15456,6850.0,1155,6840.0,8525,6890.0,11399,6900.0,15823,6910.0,3590,6920.0,10682,6930.0,17581,2025-05-09 18:19:15.119,,2147483647,1372123,False,nan
10608,1744743,1612870998,MERV - XMEV - GGAL - 24hs,6890.0,2025-05-09 18:19:14,545,2025-05-09 18:19:15.707,6880.0,3010,6870.0,4686,6860.0,15456,6850.0,1155,6840.0,8525,6890.0,11399,6900.0,15823,6910.0,3590,6920.0,10682,6930.0,17581,2025-05-09 18:19:15.620,,2147483647,1372799,False,nan
10609,1744998,1612871313,MERV - XMEV - GGAL - 24hs,6890.0,2025-05-09 18:19:19,14,2025-05-09 18:19:19.914,6880.0,3010,6870.0,4686,6860.0,15456,6850.0,1155,6840.0,8525,6890.0,11399,6900.0,15823,6910.0,3590,6920.0,10682,6930.0,17581,2025-05-09 18:19:19.824,,2147483647,1372799,True,offer
10610,1745026,1612871344,MERV - XMEV - GGAL - 24hs,6880.0,2025-05-09 18:19:19,240,2025-05-09 18:19:20.414,6880.0,3010,6870.0,4686,6860.0,15456,6850.0,1155,6840.0,8525,6890.0,11399,6900.0,15823,6910.0,3590,6920.0,10682,6930.0,17581,2025-05-09 18:19:20.324,,2147483647,1372813,False,nan
10611,1745051,1612871372,MERV - XMEV - GGAL - 24hs,6880.0,2025-05-09 18:19:19,240,2025-05-09 18:19:20.919,6880.0,2760,6870.0,4686,6860.0,15456,6850.0,1155,6840.0,8525,6890.0,11385,6900.0,15823,6910.0,3590,6920.0,10682,6930.0,17581,2025-05-09 18:19:20.828,,2147483647,1373063,False,nan
10612,1745208,1612871560,MERV - XMEV - GGAL - 24hs,6880.0,2025-05-09 18:19:19,240,2025-05-09 18:19:22.788,6880.0,2760,6870.0,4675,6860.0,15456,6850.0,1155,6840.0,8525,6890.0,11385,6900.0,15823,6910.0,3590,6920.0,10682,6930.0,17581,2025-05-09 18:19:22.646,,2147483647,1373063,False,nan
10613,1745277,1612871643,MERV - XMEV - GGAL - 24hs,6890.0,2025-05-09 18:19:22,14,2025-05-09 18:19:23.247,6880.0,2760,6870.0,4675,6860.0,15456,6850.0,1155,6840.0,8525,6890.0,11385,6900.0,15823,6910.0,3590,6920.0,10682,6930.0,17581,2025-05-09 18:19:23.143,,2147483647,1373063,True,offer
10614,1745333,1612871706,MERV - XMEV - GGAL - 24hs,6890.0,2025-05-09 18:19:22,14,2025-05-09 18:19:23.730,6880.0,2760,6870.0,4675,6860.0,15456,6850.0,1155,6840.0,8525,6890.0,11371,6900.0,15823,6910.0,3590,6920.0,10682,6930.0,17581,2025-05-09 18:19:23.643,,2147483647,1373077,False,nan
10615,1745376,1612871761,MERV - XMEV - GGAL - 24hs,6880.0,2025-05-09 18:19:23,50,2025-05-09 18:19:24.232,6880.0,2760,6870.0,4675,6860.0,15456,6850.0,1155,6840.0,8525,6890.0,11371,6900.0,15823,6910.0,3590,6920.0,10682,6930.0,17581,2025-05-09 18:19:24.143,,2147483647,1373077,True,bid
10616,1745418,1612871822,MERV - XMEV - GGAL - 24hs,6880.0,2025-05-09 18:19:23,50,2025-05-09 18:19:24.731,6880.0,2710,6870.0,4664,6860.0,15456,6850.0,1155,6840.0,8525,6890.0,11371,6900.0,15823,6910.0,3590,6920.0,10682,6930.0,17581,2025-05-09 18:19:24.642,,2147483647,1373127,False,nan
10617,1745609,1612872077,MERV - XMEV - GGAL - 24hs,6890.0,2025-05-09 18:19:27,12,2025-05-09 18:19:27.238,6880.0,2710,6870.0,4664,6860.0,15456,6850.0,1155,6840.0,8525,6890.0,11371,6900.0,15823,6910.0,3590,6920.0,10682,6930.0,17581,2025-05-09 18:19:27.150,,2147483647,1373127,True,offer
10618,1745670,1612872155,MERV - XMEV - GGAL - 24hs,6890.0,2025-05-09 18:19:27,12,2025-05-09 18:19:27.901,6880.0,2710,6870.0,4664,6860.0,15456,6850.0,1155,6840.0,8525,6890.0,11359,6900.0,15823,6910.0,3590,6920.0,10682,6930.0,17581,2025-05-09 18:19:27.812,,2147483647,1373127,False,nan
10619,1745713,1612872210,MERV - XMEV - GGAL - 24hs,6890.0,2025-05-09 18:19:27,12,2025-05-09 18:19:28.404,6880.0,2710,6870.0,4664,6860.0,15456,6850.0,1155,6840.0,8525,6890.0,11359,6900.0,15823,6910.0,3590,6920.0,10682,6930.0,17581,2025-05-09 18:19:28.312,,2147483647,1373139,False,nan
10620,1745803,1612872331,MERV - XMEV - GGAL - 24hs,6890.0,2025-05-09 18:19:29,225,2025-05-09 18:19:30.000,6880.0,2710,6870.0,4664,6860.0,15456,6850.0,1155,6840.0,8525,6890.0,11359,6900.0,15823,6910.0,3590,6920.0,10682,6930.0,17581,2025-05-09 18:19:29.910,,2147483647,1373139,True,offer
10621,1745849,1612872392,MERV - XMEV - GGAL - 24hs,6890.0,2025-05-09 18:19:29,225,2025-05-09 18:19:30.665,6880.0,2710,6870.0,4664,6860.0,15456,6850.0,1155,6840.0,8525,6890.0,11134,6900.0,15823,6910.0,3590,6920.0,10682,6930.0,17581,2025-05-09 18:19:30.575,,2147483647,1373139,False,nan
10622,1745882,1612872431,MERV - XMEV - GGAL - 24hs,6890.0,2025-05-09 18:19:29,225,2025-05-09 18:19:31.161,6880.0,2710,6870.0,4664,6860.0,15456,6850.0,1155,6840.0,8525,6890.0,11134,6900.0,15823,6910.0,3590,6920.0,10682,6930.0,17581,2025-05-09 18:19:31.074,,2147483647,1373364,False,nan
10623,1746032,1612872624,MERV - XMEV - GGAL - 24hs,6890.0,2025-05-09 18:19:29,225,2025-05-09 18:19:32.553,6880.0,2710,6870.0,4664,6860.0,15456,6850.0,1155,6840.0,8525,6890.0,11134,6900.0,15823,6910.0,2865,6920.0,11407,6930.0,17581,2025-05-09 18:19:32.403,,2147483647,1373364,False,nan
10624,1746222,1612872870,MERV - XMEV - GGAL - 24hs,6890.0,2025-05-09 18:19:34,16,2025-05-09 18:19:34.995,6880.0,2710,6870.0,4664,6860.0,15456,6850.0,1155,6840.0,8525,6890.0,11134,6900.0,15823,6910.0,2865,6920.0,11407,6930.0,17581,2025-05-09 18:19:34.906,,2147483647,1373364,True,offer
10625,1746265,1612872927,MERV - XMEV - GGAL - 24hs,6890.0,2025-05-09 18:19:34,16,2025-05-09 18:19:35.642,6880.0,2710,6870.0,4664,6860.0,15456,6850.0,1155,6840.0,8525,6890.0,11118,6900.0,15823,6910.0,2865,6920.0,11407,6930.0,17581,2025-05-09 18:19:35.555,,2147483647,1373364,False,nan
10626,1746293,1612872964,MERV - XMEV - GGAL - 24hs,6890.0,2025-05-09 18:19:34,16,2025-05-09 18:19:36.407,6880.0,2710,6870.0,4664,6860.0,15456,6850.0,1155,6840.0,8525,6890.0,11118,6900.0,15823,6910.0,2865,6920.0,11407,6930.0,17581,2025-05-09 18:19:36.231,,2147483647,1373380,False,nan
10627,1746326,1612873012,MERV - XMEV - GGAL - 24hs,6890.0,2025-05-09 18:19:34,16,2025-05-09 18:19:36.724,6880.0,2710,6870.0,4318,6860.0,15456,6850.0,1155,6840.0,8525,6890.0,11118,6900.0,15823,6910.0,2865,6920.0,11407,6930.0,17581,2025-05-09 18:19:36.631,,2147483647,1373380,False,nan
10628,1746379,1612873083,MERV - XMEV - GGAL - 24hs,6890.0,2025-05-09 18:19:34,16,2025-05-09 18:19:37.830,6880.0,2710,6870.0,4318,6860.0,15456,6850.0,1155,6840.0,5525,6890.0,11118,6900.0,15823,6910.0,2865,6920.0,11407,6930.0,17581,2025-05-09 18:19:37.743,,2147483647,1373380,False,nan
10629,1746482,1612873258,MERV - XMEV - GGAL - 24hs,6890.0,2025-05-09 18:19:39,2,2025-05-09 18:19:39.455,6880.0,2710,6870.0,4318,6860.0,15456,6850.0,1155,6840.0,5525,6890.0,11118,6900.0,15823,6910.0,2865,6920.0,11407,6930.0,17581,2025-05-09 18:19:39.358,,2147483647,1373380,True,offer
10630,1746525,1612873309,MERV - XMEV - GGAL - 24hs,6890.0,2025-05-09 18:19:39,2,2025-05-09 18:19:40.118,6880.0,2710,6870.0,4318,6860.0,15456,6850.0,1155,6840.0,5525,6890.0,11116,6900.0,15823,6910.0,2865,6920.0,11407,6930.0,17581,2025-05-09 18:19:40.030,,2147483647,1373380,False,nan
10631,1746586,1612873379,MERV - XMEV - GGAL - 24hs,6890.0,2025-05-09 18:19:39,2,2025-05-09 18:19:40.618,6880.0,2710,6870.0,4318,6860.0,15456,6850.0,1155,6840.0,5525,6890.0,11116,6900.0,15823,6910.0,2865,6920.0,11407,6930.0,17581,2025-05-09 18:19:40.530,,2147483647,1373382,False,nan
10632,1746764,1612873638,MERV - XMEV - GGAL - 24hs,6890.0,2025-05-09 18:19:42,55,2025-05-09 18:19:42.989,6880.0,2710,6870.0,4318,6860.0,15456,6850.0,1155,6840.0,5525,6890.0,11116,6900.0,15823,6910.0,2865,6920.0,11407,6930.0,17581,2025-05-09 18:19:42.900,,2147483647,1373382,True,offer
10633,1746812,1612873704,MERV - XMEV - GGAL - 24hs,6890.0,2025-05-09 18:19:42,55,2025-05-09 18:19:43.657,6880.0,2710,6870.0,4318,6860.0,15456,6850.0,1155,6840.0,5525,6890.0,11061,6900.0,15823,6910.0,2865,6920.0,11407,6930.0,17581,2025-05-09 18:19:43.569,,2147483647,1373382,False,nan
10634,1746845,1612873777,MERV - XMEV - GGAL - 24hs,6890.0,2025-05-09 18:19:42,55,2025-05-09 18:19:44.156,6880.0,2710,6870.0,4318,6860.0,15456,6850.0,1155,6840.0,5525,6890.0,11061,6900.0,15823,6910.0,2865,6920.0,11407,6930.0,17581,2025-05-09 18:19:44.068,,2147483647,1373437,False,nan
10635,1746887,1612873846,MERV - XMEV - GGAL - 24hs,6890.0,2025-05-09 18:19:44,86,2025-05-09 18:19:44.661,6880.0,2710,6870.0,4318,6860.0,15456,6850.0,1155,6840.0,5525,6890.0,11061,6900.0,15823,6910.0,2865,6920.0,11407,6930.0,17581,2025-05-09 18:19:44.571,,2147483647,1373437,True,offer
10636,1746942,1612873919,MERV - XMEV - GGAL - 24hs,6890.0,2025-05-09 18:19:44,21,2025-05-09 18:19:45.164,6880.0,2710,6870.0,4318,6860.0,15456,6850.0,1155,6840.0,5525,6890.0,11061,6900.0,15823,6910.0,2865,6920.0,11407,6930.0,17581,2025-05-09 18:19:45.071,,2147483647,1375937,False,nan
10637,1746972,1612873970,MERV - XMEV - GGAL - 24hs,6890.0,2025-05-09 18:19:44,21,2025-05-09 18:19:45.660,6880.0,2710,6870.0,4318,6860.0,15456,6850.0,1155,6840.0,5525,6890.0,8540,6900.0,15823,6910.0,2865,6920.0,11407,6930.0,17581,2025-05-09 18:19:45.571,,2147483647,1375958,False,nan
10638,1747250,1612874377,MERV - XMEV - GGAL - 24hs,6890.0,2025-05-09 18:19:44,21,2025-05-09 18:19:49.523,6880.0,2710,6870.0,4318,6860.0,15456,6850.0,1155,6840.0,5525,6890.0,8540,6900.0,15823,6910.0,2865,6920.0,13407,6930.0,15581,2025-05-09 18:19:49.429,,2147483647,1375958,False,nan
10639,1747459,1612874661,MERV - XMEV - GGAL - 24hs,6890.0,2025-05-09 18:19:44,21,2025-05-09 18:19:52.272,6880.0,2710,6870.0,4318,6860.0,15456,6850.0,1155,6840.0,5525,6890.0,8540,6900.0,15823,6910.0,2865,6920.0,28407,6930.0,15581,2025-05-09 18:19:52.177,,2147483647,1375958,False,nan
10640,1747504,1612874729,MERV - XMEV - GGAL - 24hs,6890.0,2025-05-09 18:19:53,3,2025-05-09 18:19:53.206,6880.0,2710,6870.0,4318,6860.0,15456,6850.0,1155,6840.0,5525,6890.0,8540,6900.0,15823,6910.0,2865,6920.0,28407,6930.0,15581,2025-05-09 18:19:53.116,,2147483647,1375958,True,offer
10641,1747524,1612874769,MERV - XMEV - GGAL - 24hs,6890.0,2025-05-09 18:19:53,26,2025-05-09 18:19:53.705,6880.0,2710,6870.0,4318,6860.0,15456,6850.0,1155,6840.0,5525,6890.0,8540,6900.0,15823,6910.0,2865,6920.0,28407,6930.0,15581,2025-05-09 18:19:53.611,,2147483647,1375958,False,nan
10642,1747549,1612874803,MERV - XMEV - GGAL - 24hs,6890.0,2025-05-09 18:19:53,16,2025-05-09 18:19:54.199,6880.0,2710,6870.0,4318,6860.0,15456,6850.0,1155,6840.0,5525,6890.0,8460,6900.0,15823,6910.0,2865,6920.0,28407,6930.0,15581,2025-05-09 18:19:54.111,,2147483647,1376038,False,nan
10643,1747589,1612874857,MERV - XMEV - GGAL - 24hs,6890.0,2025-05-09 18:19:53,16,2025-05-09 18:19:54.721,6880.0,2710,6870.0,4318,6860.0,15456,6850.0,1155,6840.0,5525,6890.0,8444,6900.0,15823,6910.0,2865,6920.0,28407,6930.0,15581,2025-05-09 18:19:54.610,,2147483647,1376054,False,nan
10644,1747839,1612875171,MERV - XMEV - GGAL - 24hs,6890.0,2025-05-09 18:19:57,81,2025-05-09 18:19:57.946,6880.0,2710,6870.0,4318,6860.0,15456,6850.0,1155,6840.0,5525,6890.0,8444,6900.0,15823,6910.0,2865,6920.0,28407,6930.0,15581,2025-05-09 18:19:57.857,,2147483647,1376054,True,offer
10645,1747894,1612875239,MERV - XMEV - GGAL - 24hs,6890.0,2025-05-09 18:19:57,81,2025-05-09 18:19:58.446,6880.0,3710,6870.0,4318,6860.0,15456,6850.0,1155,6840.0,5525,6890.0,8363,6900.0,15823,6910.0,2865,6920.0,28407,6930.0,15581,2025-05-09 18:19:58.357,,2147483647,1376054,False,nan
10646,1747925,1612875281,MERV - XMEV - GGAL - 24hs,6890.0,2025-05-09 18:19:57,81,2025-05-09 18:19:58.946,6880.0,3710,6870.0,4318,6860.0,15456,6850.0,1155,6840.0,5525,6890.0,8363,6900.0,15823,6910.0,2865,6920.0,28407,6930.0,15581,2025-05-09 18:19:58.857,,2147483647,1376135,False,nan
10647,1747954,1612875328,MERV - XMEV - GGAL - 24hs,6890.0,2025-05-09 18:19:59,17,2025-05-09 18:19:59.446,6880.0,3710,6870.0,4318,6860.0,15456,6850.0,1155,6840.0,5525,6890.0,8363,6900.0,15823,6910.0,2865,6920.0,28407,6930.0,15581,2025-05-09 18:19:59.357,,2147483647,1376135,True,offer
10648,1747992,1612875377,MERV - XMEV - GGAL - 24hs,6890.0,2025-05-09 18:19:59,17,2025-05-09 18:19:59.945,6880.0,3710,6870.0,4318,6860.0,15456,6850.0,1155,6840.0,5525,6890.0,8346,6900.0,15823,6910.0,2865,6920.0,28407,6930.0,15581,2025-05-09 18:19:59.857,,2147483647,1376152,False,nan
10649,1748121,1612875563,MERV - XMEV - GGAL - 24hs,6890.0,2025-05-09 18:20:01,3,2025-05-09 18:20:01.676,6880.0,3710,6870.0,4318,6860.0,15456,6850.0,1155,6840.0,5525,6890.0,8346,6900.0,15823,6910.0,2865,6920.0,28407,6930.0,15581,2025-05-09 18:20:01.588,,2147483647,1376152,True,offer
10650,1748184,1612875642,MERV - XMEV - GGAL - 24hs,6890.0,2025-05-09 18:20:01,3,2025-05-09 18:20:02.348,6880.0,1000,6870.0,4318,6860.0,15456,6850.0,1155,6840.0,5525,6890.0,8343,6900.0,15823,6910.0,2865,6920.0,28407,6930.0,15581,2025-05-09 18:20:02.253,,2147483647,1376152,False,nan
10651,1748251,1612875723,MERV - XMEV - GGAL - 24hs,6890.0,2025-05-09 18:20:01,3,2025-05-09 18:20:02.844,6880.0,1000,6870.0,4318,6860.0,15456,6850.0,1155,6840.0,5525,6890.0,8343,6900.0,15823,6910.0,2865,6920.0,28407,6930.0,15581,2025-05-09 18:20:02.753,,2147483647,1376155,False,nan
10652,1748336,1612875838,MERV - XMEV - GGAL - 24hs,6890.0,2025-05-09 18:20:04,17,2025-05-09 18:20:04.202,6880.0,1000,6870.0,4318,6860.0,15456,6850.0,1155,6840.0,5525,6890.0,8343,6900.0,15823,6910.0,2865,6920.0,28407,6930.0,15581,2025-05-09 18:20:04.113,,2147483647,1376155,True,offer
10653,1748372,1612875890,MERV - XMEV - GGAL - 24hs,6890.0,2025-05-09 18:20:04,17,2025-05-09 18:20:04.764,6880.0,1000,6870.0,4664,6860.0,15456,6850.0,1155,6840.0,5525,6890.0,8326,6900.0,15823,6910.0,2865,6920.0,28407,6930.0,15581,2025-05-09 18:20:04.673,,2147483647,1376155,False,nan
10654,1748413,1612875939,MERV - XMEV - GGAL - 24hs,6890.0,2025-05-09 18:20:04,17,2025-05-09 18:20:05.260,6880.0,1000,6870.0,4664,6860.0,15456,6850.0,1155,6840.0,5525,6890.0,8326,6900.0,15823,6910.0,2865,6920.0,28407,6930.0,15581,2025-05-09 18:20:05.173,,2147483647,1376172,False,nan
10655,1748456,1612876015,MERV - XMEV - GGAL - 24hs,6890.0,2025-05-09 18:20:04,17,2025-05-09 18:20:05.760,6880.0,1000,6870.0,4318,6860.0,15456,6850.0,1155,6840.0,5525,6890.0,8326,6900.0,15823,6910.0,2865,6920.0,28407,6930.0,15581,2025-05-09 18:20:05.673,,2147483647,1376172,False,nan
10656,1748541,1612876118,MERV - XMEV - GGAL - 24hs,6890.0,2025-05-09 18:20:04,17,2025-05-09 18:20:06.909,6880.0,1000,6870.0,4664,6860.0,15456,6850.0,1155,6840.0,5525,6890.0,8326,6900.0,15823,6910.0,2865,6920.0,28407,6930.0,15581,2025-05-09 18:20:06.821,,2147483647,1376172,False,nan
10657,1748989,1612876673,MERV - XMEV - GGAL - 24hs,6890.0,2025-05-09 18:20:04,17,2025-05-09 18:20:12.110,6880.0,1000,6870.0,4318,6860.0,15456,6850.0,1155,6840.0,5525,6890.0,8326,6900.0,15823,6910.0,2865,6920.0,28407,6930.0,15581,2025-05-09 18:20:12.021,,2147483647,1376172,False,nan
10658,1749272,1612877040,MERV - XMEV - GGAL - 24hs,6890.0,2025-05-09 18:20:04,17,2025-05-09 18:20:14.828,6880.0,1710,6870.0,4664,6860.0,15456,6850.0,1155,6840.0,5525,6890.0,8326,6900.0,15823,6910.0,2865,6920.0,28407,6930.0,15581,2025-05-09 18:20:14.734,,2147483647,1376172,False,nan
10659,1749306,1612877078,MERV - XMEV - GGAL - 24hs,6890.0,2025-05-09 18:20:15,2000,2025-05-09 18:20:15.423,6880.0,1710,6870.0,4664,6860.0,15456,6850.0,1155,6840.0,5525,6890.0,8326,6900.0,15823,6910.0,2865,6920.0,28407,6930.0,15581,2025-05-09 18:20:15.333,,2147483647,1376172,True,offer
10660,1749340,1612877125,MERV - XMEV - GGAL - 24hs,6890.0,2025-05-09 18:20:15,2000,2025-05-09 18:20:16.087,6880.0,1710,6870.0,4664,6860.0,15456,6850.0,1155,6840.0,5525,6890.0,6326,6900.0,15823,6910.0,2865,6920.0,28407,6930.0,15581,2025-05-09 18:20:15.997,,2147483647,1376172,False,nan
10661,1749385,1612877179,MERV - XMEV - GGAL - 24hs,6890.0,2025-05-09 18:20:15,2000,2025-05-09 18:20:16.585,6880.0,1710,6870.0,4664,6860.0,15456,6850.0,1155,6840.0,5525,6890.0,6326,6900.0,15823,6910.0,2865,6920.0,28407,6930.0,15581,2025-05-09 18:20:16.498,,2147483647,1378172,False,nan
10662,1749418,1612877212,MERV - XMEV - GGAL - 24hs,6890.0,2025-05-09 18:20:15,2000,2025-05-09 18:20:17.085,6880.0,1710,6870.0,4318,6860.0,15456,6850.0,1155,6840.0,5525,6890.0,6326,6900.0,15823,6910.0,2865,6920.0,28407,6930.0,15581,2025-05-09 18:20:16.997,,2147483647,1378172,False,nan
10663,1749454,1612877257,MERV - XMEV - GGAL - 24hs,6890.0,2025-05-09 18:20:15,2000,2025-05-09 18:20:17.616,6880.0,1710,6870.0,4664,6860.0,15456,6850.0,1155,6840.0,5525,6890.0,6326,6900.0,15823,6910.0,2865,6920.0,28407,6930.0,15581,2025-05-09 18:20:17.523,,2147483647,1378172,False,nan
10664,1749496,1612877309,MERV - XMEV - GGAL - 24hs,6890.0,2025-05-09 18:20:18,571,2025-05-09 18:20:18.336,6880.0,1710,6870.0,4664,6860.0,15456,6850.0,1155,6840.0,5525,6890.0,6326,6900.0,15823,6910.0,2865,6920.0,28407,6930.0,15581,2025-05-09 18:20:18.248,,2147483647,1378172,True,offer
10665,1749552,1612877385,MERV - XMEV - GGAL - 24hs,6890.0,2025-05-09 18:20:18,571,2025-05-09 18:20:18.847,6880.0,1710,6870.0,4318,6860.0,15456,6850.0,1155,6840.0,5525,6890.0,5755,6900.0,15823,6910.0,2865,6920.0,28407,6930.0,15581,2025-05-09 18:20:18.748,,2147483647,1378172,False,nan
10666,1749620,1612877520,MERV - XMEV - GGAL - 24hs,6890.0,2025-05-09 18:20:18,571,2025-05-09 18:20:19.391,6880.0,1710,6870.0,4664,6860.0,15456,6850.0,1155,6840.0,5525,6890.0,5755,6900.0,15823,6910.0,2865,6920.0,28407,6930.0,15581,2025-05-09 18:20:19.253,,2147483647,1378743,False,nan
10667,1749642,1612877544,MERV - XMEV - GGAL - 24hs,6880.0,2025-05-09 18:20:19,1,2025-05-09 18:20:19.839,6880.0,1710,6870.0,4664,6860.0,15456,6850.0,1155,6840.0,5525,6890.0,5755,6900.0,15823,6910.0,2865,6920.0,28407,6930.0,15581,2025-05-09 18:20:19.751,,2147483647,1378743,True,bid
10668,1749673,1612877582,MERV - XMEV - GGAL - 24hs,6890.0,2025-05-09 18:20:19,190,2025-05-09 18:20:20.340,6880.0,1710,6870.0,4664,6860.0,15456,6850.0,1155,6840.0,5525,6890.0,5755,6900.0,15823,6910.0,2865,6920.0,28407,6930.0,15581,2025-05-09 18:20:20.252,,2147483647,1378744,False,nan
10669,1749698,1612877609,MERV - XMEV - GGAL - 24hs,6890.0,2025-05-09 18:20:19,190,2025-05-09 18:20:20.839,6880.0,1709,6870.0,4318,6860.0,15456,6850.0,1155,6840.0,5525,6890.0,5565,6900.0,15823,6910.0,2865,6920.0,28407,6930.0,15581,2025-05-09 18:20:20.751,,2147483647,1378934,False,nan
10670,1749732,1612877649,MERV - XMEV - GGAL - 24hs,6890.0,2025-05-09 18:20:19,190,2025-05-09 18:20:21.339,6880.0,1709,6870.0,4664,6860.0,15456,6850.0,1155,6840.0,5525,6890.0,5565,6900.0,15823,6910.0,2865,6920.0,28407,6930.0,15581,2025-05-09 18:20:21.251,,2147483647,1378934,False,nan
10671,1749773,1612877699,MERV - XMEV - GGAL - 24hs,6890.0,2025-05-09 18:20:21,4,2025-05-09 18:20:21.850,6880.0,1709,6870.0,4664,6860.0,15456,6850.0,1155,6840.0,5525,6890.0,5565,6900.0,15823,6910.0,2865,6920.0,28407,6930.0,15581,2025-05-09 18:20:21.751,,2147483647,1378934,True,offer
10672,1749818,1612877757,MERV - XMEV - GGAL - 24hs,6890.0,2025-05-09 18:20:21,4,2025-05-09 18:20:22.352,6880.0,1709,6870.0,4664,6860.0,15556,6850.0,1155,6840.0,5525,6890.0,5561,6900.0,15823,6910.0,2865,6920.0,28407,6930.0,15581,2025-05-09 18:20:22.255,,2147483647,1378938,False,nan
10673,1749963,1612877944,MERV - XMEV - GGAL - 24hs,6890.0,2025-05-09 18:20:21,4,2025-05-09 18:20:24.623,6880.0,1709,6870.0,4318,6860.0,15556,6850.0,1155,6840.0,5525,6890.0,5561,6900.0,15823,6910.0,2865,6920.0,28407,6930.0,15581,2025-05-09 18:20:24.502,,2147483647,1378938,False,nan
10674,1750010,1612878005,MERV - XMEV - GGAL - 24hs,6890.0,2025-05-09 18:20:21,4,2025-05-09 18:20:25.106,6880.0,1709,6870.0,4664,6860.0,15556,6850.0,1155,6840.0,5525,6890.0,5561,6900.0,15823,6910.0,2865,6920.0,28407,6930.0,15581,2025-05-09 18:20:25.008,,2147483647,1378938,False,nan
10675,1750556,1612878689,MERV - XMEV - GGAL - 24hs,6890.0,2025-05-09 18:20:30,2177,2025-05-09 18:20:30.570,6880.0,1709,6870.0,4664,6860.0,15556,6850.0,1155,6840.0,5525,6890.0,5561,6900.0,15823,6910.0,2865,6920.0,28407,6930.0,15581,2025-05-09 18:20:30.481,,2147483647,1378938,True,offer
10676,1750627,1612878791,MERV - XMEV - GGAL - 24hs,6890.0,2025-05-09 18:20:30,2177,2025-05-09 18:20:31.270,6880.0,1709,6870.0,4664,6860.0,15556,6850.0,1155,6840.0,5525,6890.0,3384,6900.0,15823,6910.0,2865,6920.0,28407,6930.0,15581,2025-05-09 18:20:31.158,,2147483647,1378938,False,nan
10677,1750668,1612878836,MERV - XMEV - GGAL - 24hs,6890.0,2025-05-09 18:20:30,2177,2025-05-09 18:20:31.747,6880.0,1709,6870.0,4664,6860.0,15556,6850.0,1155,6840.0,5525,6890.0,3384,6900.0,15823,6910.0,2865,6920.0,28407,6930.0,15581,2025-05-09 18:20:31.659,,2147483647,1381115,False,nan
10678,1751208,1612879493,MERV - XMEV - GGAL - 24hs,6890.0,2025-05-09 18:20:30,2177,2025-05-09 18:20:37.103,6880.0,1709,6870.0,4664,6860.0,15556,6850.0,1155,6840.0,5525,6890.0,3384,6900.0,15823,6910.0,2865,6920.0,28457,6930.0,15581,2025-05-09 18:20:37.012,,2147483647,1381115,False,nan
10679,1751345,1612879681,MERV - XMEV - GGAL - 24hs,6890.0,2025-05-09 18:20:30,2177,2025-05-09 18:20:38.916,6880.0,3094,6870.0,3279,6860.0,15556,6850.0,1155,6840.0,5525,6890.0,3384,6900.0,15823,6910.0,2865,6920.0,28457,6930.0,15581,2025-05-09 18:20:38.823,,2147483647,1381115,False,nan
10680,1751529,1612879930,MERV - XMEV - GGAL - 24hs,6890.0,2025-05-09 18:20:30,2177,2025-05-09 18:20:40.403,6880.0,3787,6870.0,3279,6860.0,15556,6850.0,1155,6840.0,5525,6890.0,3384,6900.0,15823,6910.0,2865,6920.0,28457,6930.0,15581,2025-05-09 18:20:40.315,,2147483647,1381115,False,nan
10681,1751679,1612880114,MERV - XMEV - GGAL - 24hs,6890.0,2025-05-09 18:20:30,2177,2025-05-09 18:20:42.495,6880.0,4134,6870.0,3279,6860.0,15556,6850.0,1155,6840.0,5525,6890.0,3384,6900.0,15823,6910.0,2865,6920.0,28457,6930.0,15581,2025-05-09 18:20:42.407,,2147483647,1381115,False,nan
10682,1751774,1612880227,MERV - XMEV - GGAL - 24hs,6890.0,2025-05-09 18:20:30,2177,2025-05-09 18:20:43.664,6880.0,4481,6870.0,3279,6860.0,15556,6850.0,1155,6840.0,5525,6890.0,3384,6900.0,15823,6910.0,2865,6920.0,28457,6930.0,15581,2025-05-09 18:20:43.576,,2147483647,1381115,False,nan
10683,1751866,1612880350,MERV - XMEV - GGAL - 24hs,6890.0,2025-05-09 18:20:30,2177,2025-05-09 18:20:45.024,6880.0,4134,6870.0,3279,6860.0,15556,6850.0,1155,6840.0,5525,6890.0,3384,6900.0,15823,6910.0,2865,6920.0,28457,6930.0,15581,2025-05-09 18:20:44.930,,2147483647,1381115,False,nan
10684,1752103,1612880638,MERV - XMEV - GGAL - 24hs,6890.0,2025-05-09 18:20:30,2177,2025-05-09 18:20:48.405,6880.0,4481,6870.0,3279,6860.0,15556,6850.0,1155,6840.0,5525,6890.0,3384,6900.0,15823,6910.0,2865,6920.0,28457,6930.0,15581,2025-05-09 18:20:48.312,,2147483647,1381115,False,nan
10685,1752158,1612880706,MERV - XMEV - GGAL - 24hs,6880.0,2025-05-09 18:20:49,994,2025-05-09 18:20:49.513,6880.0,4481,6870.0,3279,6860.0,15556,6850.0,1155,6840.0,5525,6890.0,3384,6900.0,15823,6910.0,2865,6920.0,28457,6930.0,15581,2025-05-09 18:20:49.421,,2147483647,1381115,True,bid
10686,1752191,1612880744,MERV - XMEV - GGAL - 24hs,6880.0,2025-05-09 18:20:49,994,2025-05-09 18:20:50.168,6880.0,3487,6870.0,3279,6860.0,15556,6850.0,1155,6840.0,5525,6890.0,3384,6900.0,15823,6910.0,2865,6920.0,28457,6930.0,15581,2025-05-09 18:20:50.080,,2147483647,1381115,False,nan
10687,1752223,1612880786,MERV - XMEV - GGAL - 24hs,6880.0,2025-05-09 18:20:49,994,2025-05-09 18:20:50.668,6880.0,3487,6870.0,3279,6860.0,15556,6850.0,1155,6840.0,5525,6890.0,3384,6900.0,15823,6910.0,2865,6920.0,28457,6930.0,15581,2025-05-09 18:20:50.579,,2147483647,1382109,False,nan
10688,1752256,1612880826,MERV - XMEV - GGAL - 24hs,6880.0,2025-05-09 18:20:49,994,2025-05-09 18:20:51.176,6880.0,3833,6870.0,3279,6860.0,15556,6850.0,1155,6840.0,5525,6890.0,3384,6900.0,15823,6910.0,2865,6920.0,28457,6930.0,15581,2025-05-09 18:20:51.080,,2147483647,1382109,False,nan
10689,1752332,1612880925,MERV - XMEV - GGAL - 24hs,6880.0,2025-05-09 18:20:49,994,2025-05-09 18:20:51.667,6880.0,3487,6870.0,3279,6860.0,15556,6850.0,1155,6840.0,5525,6890.0,3384,6900.0,15823,6910.0,2865,6920.0,28457,6930.0,15581,2025-05-09 18:20:51.580,,2147483647,1382109,False,nan
10690,1752510,1612881165,MERV - XMEV - GGAL - 24hs,6890.0,2025-05-09 18:20:53,1278,2025-05-09 18:20:53.782,6880.0,3487,6870.0,3279,6860.0,15556,6850.0,1155,6840.0,5525,6890.0,3384,6900.0,15823,6910.0,2865,6920.0,28457,6930.0,15581,2025-05-09 18:20:53.694,,2147483647,1382109,True,offer
10691,1752531,1612881198,MERV - XMEV - GGAL - 24hs,6890.0,2025-05-09 18:20:53,1222,2025-05-09 18:20:54.275,6880.0,3487,6870.0,3279,6860.0,15556,6850.0,1155,6840.0,5525,6890.0,3384,6900.0,15823,6910.0,2865,6920.0,28457,6930.0,15581,2025-05-09 18:20:54.187,,2147483647,1382109,False,nan
10692,1752556,1612881228,MERV - XMEV - GGAL - 24hs,6890.0,2025-05-09 18:20:54,22,2025-05-09 18:20:54.775,6880.0,3487,6870.0,3279,6860.0,15556,6850.0,1155,6840.0,5525,6890.0,862,6900.0,15823,6910.0,2865,6920.0,28457,6930.0,15581,2025-05-09 18:20:54.687,,2147483647,1384631,True,offer
10693,1752661,1612881389,MERV - XMEV - GGAL - 24hs,6890.0,2025-05-09 18:20:54,22,2025-05-09 18:20:56.663,6880.0,3833,6870.0,3279,6860.0,15556,6850.0,1155,6840.0,5525,6890.0,862,6900.0,15823,6910.0,2865,6920.0,28457,6930.0,15581,2025-05-09 18:20:56.568,,2147483647,1384631,False,nan
10694,1752749,1612881520,MERV - XMEV - GGAL - 24hs,6890.0,2025-05-09 18:20:54,22,2025-05-09 18:20:58.182,6880.0,715,6870.0,3279,6860.0,15556,6850.0,4690,6840.0,5525,6890.0,862,6900.0,15823,6910.0,2865,6920.0,28457,6930.0,15581,2025-05-09 18:20:58.093,,2147483647,1384631,False,nan
10695,1752789,1612881569,MERV - XMEV - GGAL - 24hs,6890.0,2025-05-09 18:20:54,22,2025-05-09 18:20:58.869,6880.0,715,6870.0,3279,6860.0,15556,6850.0,4727,6840.0,5525,6890.0,862,6900.0,15823,6910.0,2865,6920.0,28457,6930.0,15581,2025-05-09 18:20:58.779,,2147483647,1384631,False,nan
10696,1752845,1612881634,MERV - XMEV - GGAL - 24hs,6890.0,2025-05-09 18:20:54,22,2025-05-09 18:20:59.624,6880.0,715,6870.0,3279,6860.0,17288,6850.0,1155,6840.0,5525,6890.0,862,6900.0,15823,6910.0,2865,6920.0,28457,6930.0,15581,2025-05-09 18:20:59.512,,2147483647,1384631,False,nan
10697,1752955,1612881761,MERV - XMEV - GGAL - 24hs,6890.0,2025-05-09 18:20:54,22,2025-05-09 18:21:01.023,6880.0,1072,6870.0,3279,6860.0,17325,6850.0,1155,6840.0,5525,6890.0,862,6900.0,15823,6910.0,2865,6920.0,28457,6930.0,15581,2025-05-09 18:21:00.868,,2147483647,1384631,False,nan
10698,1753229,1612882098,MERV - XMEV - GGAL - 24hs,6890.0,2025-05-09 18:20:54,22,2025-05-09 18:21:04.424,6880.0,1074,6870.0,18187,6860.0,2389,6850.0,2155,6840.0,4525,6890.0,862,6900.0,15823,6910.0,2865,6920.0,28457,6930.0,15581,2025-05-09 18:21:04.273,,2147483647,1384631,False,nan
10699,1753342,1612882232,MERV - XMEV - GGAL - 24hs,6890.0,2025-05-09 18:20:54,22,2025-05-09 18:21:05.916,6880.0,1074,6870.0,3279,6860.0,17297,6850.0,1155,6840.0,5525,6890.0,862,6900.0,15823,6910.0,2865,6920.0,28457,6930.0,15581,2025-05-09 18:21:05.828,,2147483647,1384631,False,nan
10700,1753391,1612882289,MERV - XMEV - GGAL - 24hs,6890.0,2025-05-09 18:20:54,22,2025-05-09 18:21:06.603,6880.0,1074,6870.0,3279,6860.0,17313,6850.0,1155,6840.0,5525,6890.0,862,6900.0,15823,6910.0,2865,6920.0,28457,6930.0,15581,2025-05-09 18:21:06.509,,2147483647,1384631,False,nan
10701,1753589,1612882516,MERV - XMEV - GGAL - 24hs,6890.0,2025-05-09 18:20:54,22,2025-05-09 18:21:09.178,6880.0,1074,6870.0,4318,6860.0,15556,6850.0,2155,6840.0,4525,6890.0,862,6900.0,15823,6910.0,2865,6920.0,28457,6930.0,15581,2025-05-09 18:21:09.089,,2147483647,1384631,False,nan
10702,1753782,1612882758,MERV - XMEV - GGAL - 24hs,6890.0,2025-05-09 18:20:54,22,2025-05-09 18:21:11.383,6880.0,1074,6870.0,4318,6860.0,15556,6850.0,2155,6840.0,4525,6890.0,1035,6900.0,15823,6910.0,2865,6920.0,28457,6930.0,15581,2025-05-09 18:21:11.293,,2147483647,1384631,False,nan
10703,1753882,1612882882,MERV - XMEV - GGAL - 24hs,6890.0,2025-05-09 18:20:54,22,2025-05-09 18:21:12.819,6880.0,1074,6870.0,3624,6860.0,15556,6850.0,1905,6840.0,4525,6890.0,1035,6900.0,15823,6910.0,2865,6920.0,28457,6930.0,15581,2025-05-09 18:21:12.731,,2147483647,1384631,False,nan
10704,1753954,1612882976,MERV - XMEV - GGAL - 24hs,6890.0,2025-05-09 18:20:54,22,2025-05-09 18:21:13.915,6880.0,1074,6870.0,3971,6860.0,15556,6850.0,1905,6840.0,4525,6890.0,1035,6900.0,15823,6910.0,2865,6920.0,28457,6930.0,15581,2025-05-09 18:21:13.827,,2147483647,1384631,False,nan
10705,1754091,1612883140,MERV - XMEV - GGAL - 24hs,6890.0,2025-05-09 18:20:54,22,2025-05-09 18:21:15.399,6880.0,1074,6870.0,3624,6860.0,15556,6850.0,1905,6840.0,4525,6890.0,1035,6900.0,15823,6910.0,2865,6920.0,28457,6930.0,15581,2025-05-09 18:21:15.275,,2147483647,1384631,False,nan
10706,1754154,1612883221,MERV - XMEV - GGAL - 24hs,6900.0,2025-05-09 18:21:15,405,2025-05-09 18:21:15.864,6880.0,1074,6870.0,3624,6860.0,15556,6850.0,1905,6840.0,4525,6890.0,1035,6900.0,15823,6910.0,2865,6920.0,28457,6930.0,15581,2025-05-09 18:21:15.776,,2147483647,1384631,True,offer
10707,1754244,1612883335,MERV - XMEV - GGAL - 24hs,6900.0,2025-05-09 18:21:15,405,2025-05-09 18:21:16.431,6880.0,1219,6870.0,3624,6860.0,15556,6850.0,1905,6840.0,4525,6900.0,6934,6910.0,2865,6920.0,28457,6930.0,15574,6940.0,50,2025-05-09 18:21:16.277,,2147483647,1394631,False,nan
10708,1754438,1612883579,MERV - XMEV - GGAL - 24hs,6900.0,2025-05-09 18:21:15,405,2025-05-09 18:21:18.465,6880.0,1219,6870.0,3595,6860.0,15556,6850.0,1905,6840.0,4525,6900.0,6934,6910.0,2865,6920.0,28457,6930.0,15574,6940.0,50,2025-05-09 18:21:18.377,,2147483647,1394631,False,nan
10709,1754706,1612883913,MERV - XMEV - GGAL - 24hs,6900.0,2025-05-09 18:21:15,405,2025-05-09 18:21:21.628,6880.0,1219,6870.0,3624,6860.0,15556,6850.0,1905,6840.0,4525,6900.0,6934,6910.0,2865,6920.0,28457,6930.0,15574,6940.0,50,2025-05-09 18:21:21.541,,2147483647,1394631,False,nan
10710,1754768,1612883993,MERV - XMEV - GGAL - 24hs,6900.0,2025-05-09 18:21:15,405,2025-05-09 18:21:22.376,6880.0,1219,6870.0,3595,6860.0,15556,6850.0,1905,6840.0,4525,6900.0,6934,6910.0,2865,6920.0,28457,6930.0,15574,6940.0,50,2025-05-09 18:21:22.288,,2147483647,1394631,False,nan
10711,1754870,1612884118,MERV - XMEV - GGAL - 24hs,6900.0,2025-05-09 18:21:15,405,2025-05-09 18:21:23.500,6880.0,1219,6870.0,3624,6860.0,15556,6850.0,1905,6840.0,4525,6900.0,6934,6910.0,2865,6920.0,28457,6930.0,15574,6940.0,50,2025-05-09 18:21:23.411,,2147483647,1394631,False,nan
10712,1755044,1612884316,MERV - XMEV - GGAL - 24hs,6900.0,2025-05-09 18:21:15,405,2025-05-09 18:21:25.528,6880.0,1219,6870.0,3598,6860.0,15556,6850.0,1905,6840.0,4525,6900.0,6934,6910.0,2865,6920.0,28457,6930.0,15574,6940.0,50,2025-05-09 18:21:25.437,,2147483647,1394631,False,nan
10713,1755084,1612884361,MERV - XMEV - GGAL - 24hs,6880.0,2025-05-09 18:21:25,194,2025-05-09 18:21:26.024,6880.0,1219,6870.0,3598,6860.0,15556,6850.0,1905,6840.0,4525,6900.0,6934,6910.0,2865,6920.0,28457,6930.0,15574,6940.0,50,2025-05-09 18:21:25.936,,2147483647,1394631,True,bid
10714,1755120,1612884407,MERV - XMEV - GGAL - 24hs,6880.0,2025-05-09 18:21:25,194,2025-05-09 18:21:26.524,6880.0,1020,6870.0,3595,6860.0,15556,6850.0,1905,6840.0,4525,6900.0,6934,6910.0,2865,6920.0,28457,6930.0,15074,6940.0,50,2025-05-09 18:21:26.436,,2147483647,1394631,False,nan
10715,1755165,1612884459,MERV - XMEV - GGAL - 24hs,6880.0,2025-05-09 18:21:25,194,2025-05-09 18:21:27.028,6880.0,1020,6870.0,3595,6860.0,15556,6850.0,1905,6840.0,4525,6900.0,6934,6910.0,2865,6920.0,28457,6930.0,15074,6940.0,50,2025-05-09 18:21:26.936,,2147483647,1394830,False,nan
10716,1755223,1612884531,MERV - XMEV - GGAL - 24hs,6880.0,2025-05-09 18:21:25,194,2025-05-09 18:21:27.523,6880.0,1020,6870.0,3874,6860.0,15556,6850.0,1905,6840.0,4525,6900.0,6934,6910.0,2865,6920.0,28457,6930.0,15074,6940.0,50,2025-05-09 18:21:27.436,,2147483647,1394830,False,nan
10717,1755287,1612884607,MERV - XMEV - GGAL - 24hs,6880.0,2025-05-09 18:21:25,194,2025-05-09 18:21:28.259,6880.0,1020,6870.0,3863,6860.0,15556,6850.0,1905,6840.0,4525,6900.0,6934,6910.0,2865,6920.0,28457,6930.0,15074,6940.0,50,2025-05-09 18:21:28.171,,2147483647,1394830,False,nan
10718,1755399,1612884746,MERV - XMEV - GGAL - 24hs,6880.0,2025-05-09 18:21:25,194,2025-05-09 18:21:29.290,6880.0,1020,6870.0,3845,6860.0,15556,6850.0,1905,6840.0,4525,6900.0,6934,6910.0,2865,6920.0,28457,6930.0,15074,6940.0,50,2025-05-09 18:21:29.194,,2147483647,1394830,False,nan
10719,1755518,1612884892,MERV - XMEV - GGAL - 24hs,6880.0,2025-05-09 18:21:25,194,2025-05-09 18:21:30.521,6880.0,1020,6870.0,3874,6860.0,15556,6850.0,1905,6840.0,4525,6900.0,6934,6910.0,2865,6920.0,28457,6930.0,15074,6940.0,50,2025-05-09 18:21:30.429,,2147483647,1394830,False,nan
10720,1755558,1612884945,MERV - XMEV - GGAL - 24hs,6900.0,2025-05-09 18:21:30,84,2025-05-09 18:21:31.018,6880.0,1020,6870.0,3874,6860.0,15556,6850.0,1905,6840.0,4525,6900.0,6934,6910.0,2865,6920.0,28457,6930.0,15074,6940.0,50,2025-05-09 18:21:30.930,,2147483647,1394830,True,offer
10721,1755619,1612885013,MERV - XMEV - GGAL - 24hs,6900.0,2025-05-09 18:21:30,84,2025-05-09 18:21:31.517,6880.0,1020,6870.0,3845,6860.0,15556,6850.0,1905,6840.0,4525,6900.0,6431,6910.0,2865,6920.0,28457,6930.0,15074,6940.0,50,2025-05-09 18:21:31.428,,2147483647,1395333,False,nan
10722,1755911,1612885378,MERV - XMEV - GGAL - 24hs,6900.0,2025-05-09 18:21:30,84,2025-05-09 18:21:34.422,6880.0,1020,6870.0,18782,6860.0,1648,6850.0,955,6840.0,6525,6900.0,6431,6910.0,2865,6920.0,28457,6930.0,10074,6940.0,5050,2025-05-09 18:21:34.332,,2147483647,1395333,False,nan
10723,1756001,1612885516,MERV - XMEV - GGAL - 24hs,6900.0,2025-05-09 18:21:30,84,2025-05-09 18:21:35.218,6880.0,1020,6870.0,18753,6860.0,1648,6850.0,955,6840.0,6525,6900.0,6431,6910.0,2865,6920.0,28457,6930.0,10074,6940.0,5050,2025-05-09 18:21:35.126,,2147483647,1395333,False,nan
10724,1756154,1612885736,MERV - XMEV - GGAL - 24hs,6900.0,2025-05-09 18:21:30,84,2025-05-09 18:21:36.448,6880.0,1020,6870.0,20169,6860.0,1648,6850.0,955,6840.0,6525,6900.0,6431,6910.0,2865,6920.0,28457,6930.0,10074,6940.0,5050,2025-05-09 18:21:36.303,,2147483647,1395333,False,nan
10725,1756197,1612885789,MERV - XMEV - GGAL - 24hs,6900.0,2025-05-09 18:21:36,387,2025-05-09 18:21:36.612,6880.0,1020,6870.0,20169,6860.0,1648,6850.0,955,6840.0,6525,6900.0,6431,6910.0,2865,6920.0,28457,6930.0,10074,6940.0,5050,2025-05-09 18:21:36.469,,2147483647,1395333,True,offer
10726,1756231,1612885835,MERV - XMEV - GGAL - 24hs,6900.0,2025-05-09 18:21:36,387,2025-05-09 18:21:37.057,6880.0,1020,6870.0,20516,6860.0,1648,6850.0,955,6840.0,6525,6900.0,5928,6910.0,2865,6920.0,28457,6930.0,10074,6940.0,5050,2025-05-09 18:21:36.969,,2147483647,1395333,False,nan
10727,1756329,1612885949,MERV - XMEV - GGAL - 24hs,6900.0,2025-05-09 18:21:37,2,2025-05-09 18:21:37.612,6880.0,1020,6870.0,20487,6860.0,1648,6850.0,955,6840.0,6525,6900.0,5926,6910.0,2865,6920.0,28457,6930.0,10074,6940.0,5050,2025-05-09 18:21:37.469,,2147483647,1395836,True,offer
10728,1756359,1612885985,MERV - XMEV - GGAL - 24hs,6900.0,2025-05-09 18:21:37,2,2025-05-09 18:21:38.058,6880.0,1020,6870.0,20487,6860.0,1648,6850.0,955,6840.0,6525,6900.0,5926,6910.0,2865,6920.0,28457,6930.0,10074,6940.0,5050,2025-05-09 18:21:37.970,,2147483647,1395838,False,nan
10729,1756423,1612886061,MERV - XMEV - GGAL - 24hs,6900.0,2025-05-09 18:21:37,2,2025-05-09 18:21:39.031,6880.0,1020,6870.0,5579,6860.0,15556,6850.0,1955,6840.0,4525,6900.0,5926,6910.0,2865,6920.0,28457,6930.0,15074,6940.0,50,2025-05-09 18:21:38.942,,2147483647,1395838,False,nan
10730,1756500,1612886160,MERV - XMEV - GGAL - 24hs,6900.0,2025-05-09 18:21:37,2,2025-05-09 18:21:39.779,6880.0,1020,6870.0,6301,6860.0,15556,6850.0,1955,6840.0,4525,6900.0,5926,6910.0,2865,6920.0,28457,6930.0,15074,6940.0,50,2025-05-09 18:21:39.691,,2147483647,1395838,False,nan
10731,1756621,1612886315,MERV - XMEV - GGAL - 24hs,6900.0,2025-05-09 18:21:37,2,2025-05-09 18:21:40.508,6880.0,1020,6870.0,6272,6860.0,15556,6850.0,1955,6840.0,4525,6900.0,5926,6910.0,2865,6920.0,28457,6930.0,15074,6940.0,50,2025-05-09 18:21:40.421,,2147483647,1395838,False,nan
10732,1756861,1612886600,MERV - XMEV - GGAL - 24hs,6900.0,2025-05-09 18:21:37,2,2025-05-09 18:21:41.615,6880.0,1020,6870.0,6995,6860.0,15556,6850.0,1955,6840.0,4525,6900.0,5926,6910.0,2865,6920.0,28457,6930.0,15074,6940.0,50,2025-05-09 18:21:41.527,,2147483647,1395838,False,nan
10733,1756906,1612886659,MERV - XMEV - GGAL - 24hs,6900.0,2025-05-09 18:21:37,2,2025-05-09 18:21:42.372,6880.0,1020,6870.0,21903,6860.0,1648,6850.0,955,6840.0,4525,6900.0,5926,6910.0,2865,6920.0,28457,6930.0,15074,6940.0,50,2025-05-09 18:21:42.268,,2147483647,1395838,False,nan
10734,1757233,1612887046,MERV - XMEV - GGAL - 24hs,6900.0,2025-05-09 18:21:37,2,2025-05-09 18:21:45.692,6880.0,1020,6870.0,21874,6860.0,1648,6850.0,955,6840.0,4525,6900.0,5926,6910.0,2865,6920.0,28457,6930.0,15074,6940.0,50,2025-05-09 18:21:45.588,,2147483647,1395838,False,nan
10735,1757351,1612887180,MERV - XMEV - GGAL - 24hs,6900.0,2025-05-09 18:21:37,2,2025-05-09 18:21:46.850,6880.0,1020,6870.0,21903,6860.0,1648,6850.0,955,6840.0,4525,6900.0,5926,6910.0,2865,6920.0,28457,6930.0,15074,6940.0,50,2025-05-09 18:21:46.758,,2147483647,1395838,False,nan
10736,1757434,1612887275,MERV - XMEV - GGAL - 24hs,6900.0,2025-05-09 18:21:37,2,2025-05-09 18:21:47.611,6880.0,1020,6870.0,19822,6860.0,1648,6850.0,955,6840.0,4525,6900.0,5926,6910.0,2865,6920.0,28457,6930.0,15074,6940.0,50,2025-05-09 18:21:47.523,,2147483647,1395838,False,nan
10737,1757489,1612887339,MERV - XMEV - GGAL - 24hs,6900.0,2025-05-09 18:21:37,2,2025-05-09 18:21:48.275,6880.0,1020,6870.0,19794,6860.0,1648,6850.0,955,6840.0,4525,6900.0,5926,6910.0,2865,6920.0,28457,6930.0,15074,6940.0,50,2025-05-09 18:21:48.186,,2147483647,1395838,False,nan
10738,1757631,1612887533,MERV - XMEV - GGAL - 24hs,6900.0,2025-05-09 18:21:37,2,2025-05-09 18:21:50.362,6880.0,1020,6870.0,19822,6860.0,1648,6850.0,955,6840.0,4525,6900.0,5926,6910.0,2865,6920.0,28457,6930.0,15074,6940.0,50,2025-05-09 18:21:50.266,,2147483647,1395838,False,nan
10739,1757728,1612887665,MERV - XMEV - GGAL - 24hs,6900.0,2025-05-09 18:21:37,2,2025-05-09 18:21:51.055,6880.0,1020,6870.0,4568,6860.0,15556,6850.0,1955,6840.0,4525,6900.0,5926,6910.0,2865,6920.0,28457,6930.0,15074,6940.0,50,2025-05-09 18:21:50.967,,2147483647,1395838,False,nan
10740,1757868,1612887860,MERV - XMEV - GGAL - 24hs,6900.0,2025-05-09 18:21:37,2,2025-05-09 18:21:52.116,6880.0,1020,6870.0,4914,6860.0,15556,6850.0,1955,6840.0,4525,6900.0,5926,6910.0,2865,6920.0,28457,6930.0,15074,6940.0,50,2025-05-09 18:21:52.028,,2147483647,1395838,False,nan
10741,1757955,1612887955,MERV - XMEV - GGAL - 24hs,6900.0,2025-05-09 18:21:37,2,2025-05-09 18:21:53.200,6880.0,1020,6870.0,3529,6860.0,18019,6850.0,1955,6840.0,4575,6900.0,5926,6910.0,2865,6920.0,28457,6930.0,15074,6940.0,50,2025-05-09 18:21:53.103,,2147483647,1395838,False,nan
10742,1758174,1612888235,MERV - XMEV - GGAL - 24hs,6900.0,2025-05-09 18:21:37,2,2025-05-09 18:21:56.246,6880.0,1020,6870.0,3579,6860.0,18019,6850.0,1955,6840.0,4575,6900.0,5926,6910.0,2865,6920.0,28457,6930.0,15074,6940.0,50,2025-05-09 18:21:56.157,,2147483647,1395838,False,nan
10743,1758378,1612888497,MERV - XMEV - GGAL - 24hs,6900.0,2025-05-09 18:21:58,1000,2025-05-09 18:21:58.440,6880.0,1020,6870.0,3579,6860.0,18019,6850.0,1955,6840.0,4575,6900.0,5926,6910.0,2865,6920.0,28457,6930.0,15074,6940.0,50,2025-05-09 18:21:58.352,,2147483647,1395838,True,offer
10744,1758421,1612888557,MERV - XMEV - GGAL - 24hs,6900.0,2025-05-09 18:21:58,579,2025-05-09 18:21:59.016,6880.0,1020,6870.0,3579,6860.0,18019,6850.0,1955,6840.0,4575,6900.0,5926,6910.0,2865,6920.0,28457,6930.0,15074,6940.0,50,2025-05-09 18:21:58.928,,2147483647,1396838,False,nan
10745,1758467,1612888619,MERV - XMEV - GGAL - 24hs,6900.0,2025-05-09 18:21:58,579,2025-05-09 18:21:59.840,6880.0,1020,6870.0,3579,6860.0,18019,6850.0,1955,6840.0,4575,6900.0,4347,6910.0,2865,6920.0,28457,6930.0,15074,6940.0,50,2025-05-09 18:21:59.592,,2147483647,1397417,False,nan
10746,1758518,1612888682,MERV - XMEV - GGAL - 24hs,6900.0,2025-05-09 18:21:59,95,2025-05-09 18:22:00.063,6880.0,1020,6870.0,3579,6860.0,18019,6850.0,1955,6840.0,4575,6900.0,4347,6910.0,2865,6920.0,28457,6930.0,15074,6940.0,50,2025-05-09 18:21:59.929,,2147483647,1397417,True,offer
10747,1758570,1612888747,MERV - XMEV - GGAL - 24hs,6900.0,2025-05-09 18:21:59,95,2025-05-09 18:22:00.517,6880.0,1020,6870.0,3579,6860.0,18019,6850.0,1955,6840.0,4575,6900.0,4220,6910.0,2865,6920.0,28457,6930.0,15074,6940.0,50,2025-05-09 18:22:00.429,,2147483647,1397417,False,nan
10748,1758648,1612888840,MERV - XMEV - GGAL - 24hs,6900.0,2025-05-09 18:21:59,95,2025-05-09 18:22:01.020,6880.0,1020,6870.0,3579,6860.0,18019,6850.0,1955,6840.0,4575,6900.0,4220,6910.0,2865,6920.0,28457,6930.0,15074,6940.0,50,2025-05-09 18:22:00.929,,2147483647,1398044,False,nan
10749,1759209,1612889550,MERV - XMEV - GGAL - 24hs,6900.0,2025-05-09 18:22:07,265,2025-05-09 18:22:08.018,6880.0,1020,6870.0,3579,6860.0,18019,6850.0,1955,6840.0,4575,6900.0,4220,6910.0,2865,6920.0,28457,6930.0,15074,6940.0,50,2025-05-09 18:22:07.929,,2147483647,1398044,True,offer
10750,1759241,1612889590,MERV - XMEV - GGAL - 24hs,6900.0,2025-05-09 18:22:07,5780,2025-05-09 18:22:08.517,6880.0,1096,6870.0,3579,6860.0,18019,6850.0,1955,6840.0,4575,6900.0,1500,6910.0,2865,6920.0,28457,6930.0,15074,6940.0,50,2025-05-09 18:22:08.429,,2147483647,1398044,False,nan
10751,1759304,1612889666,MERV - XMEV - GGAL - 24hs,6900.0,2025-05-09 18:22:07,5780,2025-05-09 18:22:09.040,6880.0,1096,6870.0,3579,6860.0,18019,6850.0,1955,6840.0,4575,6900.0,1500,6910.0,2865,6920.0,28457,6930.0,15074,6940.0,50,2025-05-09 18:22:08.930,,2147483647,1408044,False,nan
10752,1759669,1612890091,MERV - XMEV - GGAL - 24hs,6900.0,2025-05-09 18:22:07,5780,2025-05-09 18:22:13.250,6880.0,1126,6870.0,3579,6860.0,18019,6850.0,1955,6840.0,4575,6900.0,1500,6910.0,2865,6920.0,28457,6930.0,15074,6940.0,50,2025-05-09 18:22:13.162,,2147483647,1408044,False,nan
10753,1759900,1612890369,MERV - XMEV - GGAL - 24hs,6900.0,2025-05-09 18:22:16,503,2025-05-09 18:22:16.476,6880.0,1126,6870.0,3579,6860.0,18019,6850.0,1955,6840.0,4575,6900.0,1500,6910.0,2865,6920.0,28457,6930.0,15074,6940.0,50,2025-05-09 18:22:16.387,,2147483647,1408044,True,offer
10754,1759944,1612890421,MERV - XMEV - GGAL - 24hs,6900.0,2025-05-09 18:22:16,503,2025-05-09 18:22:17.009,6880.0,1126,6870.0,3579,6860.0,17325,6850.0,1955,6840.0,4575,6900.0,997,6910.0,2865,6920.0,28457,6930.0,15074,6940.0,50,2025-05-09 18:22:16.917,,2147483647,1408044,False,nan
10755,1759972,1612890458,MERV - XMEV - GGAL - 24hs,6900.0,2025-05-09 18:22:16,503,2025-05-09 18:22:17.505,6880.0,1126,6870.0,3579,6860.0,17325,6850.0,1955,6840.0,4575,6900.0,997,6910.0,2865,6920.0,28457,6930.0,15074,6940.0,50,2025-05-09 18:22:17.416,,2147483647,1408547,False,nan
10756,1760097,1612890608,MERV - XMEV - GGAL - 24hs,6900.0,2025-05-09 18:22:16,503,2025-05-09 18:22:19.001,6890.0,100,6880.0,1050,6870.0,3579,6860.0,17325,6850.0,1962,6900.0,997,6910.0,2865,6920.0,28457,6930.0,15074,6940.0,50,2025-05-09 18:22:18.913,,2147483647,1408547,False,nan
10757,1760147,1612890674,MERV - XMEV - GGAL - 24hs,6890.0,2025-05-09 18:22:19,10,2025-05-09 18:22:19.506,6890.0,100,6880.0,1050,6870.0,3579,6860.0,17325,6850.0,1962,6900.0,997,6910.0,2865,6920.0,28457,6930.0,15074,6940.0,50,2025-05-09 18:22:19.413,,2147483647,1408637,True,bid
10758,1760191,1612890730,MERV - XMEV - GGAL - 24hs,6890.0,2025-05-09 18:22:19,43,2025-05-09 18:22:20.019,6880.0,1050,6870.0,3579,6860.0,17325,6850.0,1962,6840.0,4575,6890.0,3,6900.0,997,6910.0,2865,6920.0,28457,6930.0,15074,2025-05-09 18:22:19.918,,2147483647,1408690,False,nan
10759,1760212,1612890757,MERV - XMEV - GGAL - 24hs,6890.0,2025-05-09 18:22:19,92,2025-05-09 18:22:20.504,6880.0,1050,6870.0,3579,6860.0,17325,6850.0,1962,6840.0,4575,6890.0,3,6900.0,997,6910.0,2865,6920.0,28457,6930.0,15074,2025-05-09 18:22:20.413,,2147483647,1408690,False,nan
10760,1760241,1612890797,MERV - XMEV - GGAL - 24hs,6890.0,2025-05-09 18:22:20,7,2025-05-09 18:22:21.005,6880.0,1050,6870.0,3579,6860.0,17325,6850.0,1962,6840.0,4575,6890.0,8,6900.0,997,6910.0,2865,6920.0,28457,6930.0,15074,2025-05-09 18:22:20.914,,2147483647,1408830,True,offer
10761,1760280,1612890849,MERV - XMEV - GGAL - 24hs,6890.0,2025-05-09 18:22:21,1,2025-05-09 18:22:21.504,6890.0,7,6880.0,1050,6870.0,3579,6860.0,17325,6850.0,1962,6900.0,997,6910.0,2865,6920.0,28457,6930.0,15074,6940.0,50,2025-05-09 18:22:21.413,,2147483647,1408837,True,offer
10762,1760358,1612890943,MERV - XMEV - GGAL - 24hs,6890.0,2025-05-09 18:22:21,1,2025-05-09 18:22:22.004,6890.0,7,6880.0,1050,6870.0,3579,6860.0,17325,6850.0,1962,6900.0,997,6910.0,2865,6920.0,28457,6930.0,15074,6940.0,50,2025-05-09 18:22:21.914,,2147483647,1408838,False,nan
10763,1760392,1612890996,MERV - XMEV - GGAL - 24hs,6900.0,2025-05-09 18:22:22,101,2025-05-09 18:22:22.501,6890.0,7,6880.0,1050,6870.0,3579,6860.0,17325,6850.0,1962,6900.0,997,6910.0,2865,6920.0,28457,6930.0,15074,6940.0,50,2025-05-09 18:22:22.414,,2147483647,1408838,True,offer
10764,1760429,1612891044,MERV - XMEV - GGAL - 24hs,6900.0,2025-05-09 18:22:22,101,2025-05-09 18:22:23.003,6890.0,7,6880.0,1050,6870.0,3579,6860.0,17325,6850.0,1962,6900.0,896,6910.0,2865,6920.0,28457,6930.0,15074,6940.0,50,2025-05-09 18:22:22.914,,2147483647,1408838,False,nan
10765,1760453,1612891071,MERV - XMEV - GGAL - 24hs,6900.0,2025-05-09 18:22:22,101,2025-05-09 18:22:23.508,6890.0,7,6880.0,1050,6870.0,3579,6860.0,17325,6850.0,1962,6900.0,896,6910.0,2865,6920.0,28457,6930.0,15074,6940.0,50,2025-05-09 18:22:23.415,,2147483647,1408939,False,nan
10766,1760480,1612891109,MERV - XMEV - GGAL - 24hs,6900.0,2025-05-09 18:22:22,101,2025-05-09 18:22:24.007,6880.0,1050,6870.0,3579,6860.0,17325,6850.0,1962,6840.0,4575,6900.0,896,6910.0,2865,6920.0,28457,6930.0,15074,6940.0,50,2025-05-09 18:22:23.915,,2147483647,1408939,False,nan
10767,1760517,1612891151,MERV - XMEV - GGAL - 24hs,6900.0,2025-05-09 18:22:22,101,2025-05-09 18:22:24.764,6880.0,1126,6870.0,3579,6860.0,16979,6850.0,1955,6840.0,4575,6900.0,896,6910.0,2865,6920.0,28457,6930.0,15074,6940.0,50,2025-05-09 18:22:24.676,,2147483647,1408939,False,nan
10768,1760569,1612891209,MERV - XMEV - GGAL - 24hs,6900.0,2025-05-09 18:22:22,101,2025-05-09 18:22:25.507,6890.0,100,6880.0,1050,6870.0,3579,6860.0,16979,6850.0,1962,6900.0,896,6910.0,2865,6920.0,28457,6930.0,15074,6940.0,50,2025-05-09 18:22:25.408,,2147483647,1408939,False,nan
10769,1760610,1612891260,MERV - XMEV - GGAL - 24hs,6890.0,2025-05-09 18:22:25,10,2025-05-09 18:22:25.996,6890.0,100,6880.0,1050,6870.0,3579,6860.0,16979,6850.0,1962,6900.0,896,6910.0,2865,6920.0,28457,6930.0,15074,6940.0,50,2025-05-09 18:22:25.909,,2147483647,1409029,True,bid
10770,1760635,1612891289,MERV - XMEV - GGAL - 24hs,6890.0,2025-05-09 18:22:26,2,2025-05-09 18:22:26.495,6880.0,1050,6870.0,3579,6860.0,16979,6850.0,1962,6840.0,4575,6890.0,93,6900.0,896,6910.0,2865,6920.0,28457,6930.0,15074,2025-05-09 18:22:26.408,,2147483647,1409082,True,bid
10771,1760671,1612891330,MERV - XMEV - GGAL - 24hs,6900.0,2025-05-09 18:22:26,86,2025-05-09 18:22:26.997,6880.0,1050,6870.0,3579,6860.0,16979,6850.0,1962,6840.0,4575,6890.0,93,6900.0,896,6910.0,2865,6920.0,28457,6930.0,15074,2025-05-09 18:22:26.908,,2147483647,1409175,False,nan
10772,1760705,1612891369,MERV - XMEV - GGAL - 24hs,6900.0,2025-05-09 18:22:26,86,2025-05-09 18:22:27.496,6890.0,2,6880.0,1050,6870.0,3579,6860.0,16979,6850.0,1962,6900.0,810,6910.0,2865,6920.0,28457,6930.0,15074,6940.0,50,2025-05-09 18:22:27.408,,2147483647,1409261,False,nan
10773,1760796,1612891497,MERV - XMEV - GGAL - 24hs,6900.0,2025-05-09 18:22:26,86,2025-05-09 18:22:28.715,6890.0,359,6880.0,693,6870.0,3579,6860.0,16979,6850.0,1962,6900.0,810,6910.0,2865,6920.0,28457,6930.0,15074,6940.0,50,2025-05-09 18:22:28.617,,2147483647,1409261,False,nan
10774,1760834,1612891539,MERV - XMEV - GGAL - 24hs,6890.0,2025-05-09 18:22:28,277,2025-05-09 18:22:29.209,6890.0,359,6880.0,693,6870.0,3579,6860.0,16979,6850.0,1962,6900.0,810,6910.0,2865,6920.0,28457,6930.0,15074,6940.0,50,2025-05-09 18:22:29.117,,2147483647,1409618,True,bid
10775,1760870,1612891585,MERV - XMEV - GGAL - 24hs,6890.0,2025-05-09 18:22:29,14,2025-05-09 18:22:29.705,6880.0,693,6870.0,3579,6860.0,17325,6850.0,1962,6840.0,4575,6890.0,15,6900.0,810,6910.0,2865,6920.0,28457,6930.0,15074,2025-05-09 18:22:29.617,,2147483647,1409909,True,bid
10776,1760916,1612891642,MERV - XMEV - GGAL - 24hs,6890.0,2025-05-09 18:22:29,1,2025-05-09 18:22:30.211,6890.0,14,6880.0,693,6870.0,3579,6860.0,17325,6850.0,1962,6900.0,810,6910.0,2865,6920.0,28457,6930.0,15074,6940.0,50,2025-05-09 18:22:30.117,,2147483647,1409909,False,nan
10777,1760957,1612891701,MERV - XMEV - GGAL - 24hs,6890.0,2025-05-09 18:22:29,1,2025-05-09 18:22:30.708,6890.0,14,6880.0,693,6870.0,3579,6860.0,17325,6850.0,1962,6900.0,810,6910.0,2865,6920.0,28457,6930.0,15074,6940.0,50,2025-05-09 18:22:30.617,,2147483647,1409910,False,nan
10778,1761027,1612891786,MERV - XMEV - GGAL - 24hs,6890.0,2025-05-09 18:22:29,1,2025-05-09 18:22:31.205,6890.0,14,6880.0,693,6870.0,3579,6860.0,16979,6850.0,1962,6900.0,810,6910.0,2865,6920.0,28457,6930.0,15074,6940.0,50,2025-05-09 18:22:31.117,,2147483647,1409910,False,nan
10779,1761068,1612891838,MERV - XMEV - GGAL - 24hs,6900.0,2025-05-09 18:22:31,144,2025-05-09 18:22:31.714,6890.0,14,6880.0,693,6870.0,3579,6860.0,16979,6850.0,1962,6900.0,810,6910.0,2865,6920.0,28457,6930.0,15074,6940.0,50,2025-05-09 18:22:31.620,,2147483647,1409910,True,offer
10780,1761122,1612891905,MERV - XMEV - GGAL - 24hs,6900.0,2025-05-09 18:22:31,144,2025-05-09 18:22:32.208,6890.0,14,6880.0,693,6870.0,3579,6860.0,17325,6850.0,1962,6900.0,666,6910.0,2865,6920.0,28457,6930.0,15074,6940.0,50,2025-05-09 18:22:32.118,,2147483647,1410054,False,nan
10781,1761197,1612891991,MERV - XMEV - GGAL - 24hs,6900.0,2025-05-09 18:22:31,144,2025-05-09 18:22:32.938,6890.0,100,6880.0,693,6870.0,3579,6860.0,17325,6850.0,1962,6900.0,666,6910.0,2865,6920.0,28457,6930.0,15074,6940.0,50,2025-05-09 18:22:32.846,,2147483647,1410054,False,nan
10782,1761249,1612892050,MERV - XMEV - GGAL - 24hs,6900.0,2025-05-09 18:22:33,1,2025-05-09 18:22:33.438,6890.0,100,6880.0,693,6870.0,3579,6860.0,17325,6850.0,1962,6900.0,666,6910.0,2865,6920.0,28457,6930.0,15074,6940.0,50,2025-05-09 18:22:33.346,,2147483647,1410110,True,offer
10783,1761299,1612892106,MERV - XMEV - GGAL - 24hs,6900.0,2025-05-09 18:22:33,1,2025-05-09 18:22:33.934,6890.0,44,6880.0,943,6870.0,3579,6860.0,16979,6850.0,1962,6900.0,665,6910.0,2865,6920.0,28457,6930.0,15074,6940.0,50,2025-05-09 18:22:33.845,,2147483647,1410111,False,nan
10784,1761355,1612892171,MERV - XMEV - GGAL - 24hs,6900.0,2025-05-09 18:22:33,1,2025-05-09 18:22:34.926,6890.0,44,6880.0,943,6870.0,3579,6860.0,17325,6850.0,1962,6900.0,665,6910.0,2865,6920.0,28457,6930.0,15074,6940.0,50,2025-05-09 18:22:34.837,,2147483647,1410111,False,nan
10785,1761423,1612892253,MERV - XMEV - GGAL - 24hs,6890.0,2025-05-09 18:22:35,3,2025-05-09 18:22:35.951,6890.0,44,6880.0,943,6870.0,3579,6860.0,17325,6850.0,1962,6900.0,665,6910.0,2865,6920.0,28457,6930.0,15074,6940.0,50,2025-05-09 18:22:35.861,,2147483647,1410111,True,bid
10786,1761482,1612892322,MERV - XMEV - GGAL - 24hs,6890.0,2025-05-09 18:22:35,3,2025-05-09 18:22:36.613,6890.0,41,6880.0,943,6870.0,3579,6860.0,17325,6850.0,1962,6900.0,665,6910.0,2865,6920.0,28457,6930.0,15074,6940.0,50,2025-05-09 18:22:36.525,,2147483647,1410111,False,nan
10787,1761513,1612892360,MERV - XMEV - GGAL - 24hs,6890.0,2025-05-09 18:22:35,3,2025-05-09 18:22:37.118,6890.0,41,6880.0,943,6870.0,3579,6860.0,17325,6850.0,1962,6900.0,665,6910.0,2865,6920.0,28457,6930.0,15074,6940.0,50,2025-05-09 18:22:37.025,,2147483647,1410114,False,nan
10788,1761793,1612892688,MERV - XMEV - GGAL - 24hs,6890.0,2025-05-09 18:22:40,3,2025-05-09 18:22:40.606,6890.0,41,6880.0,943,6870.0,3579,6860.0,17325,6850.0,1962,6900.0,665,6910.0,2865,6920.0,28457,6930.0,15074,6940.0,50,2025-05-09 18:22:40.517,,2147483647,1410114,True,bid
10789,1761829,1612892730,MERV - XMEV - GGAL - 24hs,6890.0,2025-05-09 18:22:40,3,2025-05-09 18:22:41.275,6890.0,38,6880.0,943,6870.0,3579,6860.0,17325,6850.0,1962,6900.0,665,6910.0,2865,6920.0,28457,6930.0,15074,6940.0,50,2025-05-09 18:22:41.185,,2147483647,1410114,False,nan
10790,1761874,1612892789,MERV - XMEV - GGAL - 24hs,6890.0,2025-05-09 18:22:40,3,2025-05-09 18:22:41.774,6890.0,38,6880.0,943,6870.0,3579,6860.0,17325,6850.0,1962,6900.0,665,6910.0,2865,6920.0,28457,6930.0,15074,6940.0,50,2025-05-09 18:22:41.686,,2147483647,1410117,False,nan
10791,1762465,1612893515,MERV - XMEV - GGAL - 24hs,6890.0,2025-05-09 18:22:40,3,2025-05-09 18:22:47.460,6890.0,38,6880.0,943,6870.0,3579,6860.0,16979,6850.0,1962,6900.0,665,6910.0,2865,6920.0,28457,6930.0,15074,6940.0,50,2025-05-09 18:22:47.371,,2147483647,1410117,False,nan
10792,1762540,1612893611,MERV - XMEV - GGAL - 24hs,6890.0,2025-05-09 18:22:40,3,2025-05-09 18:22:48.206,6890.0,38,6880.0,943,6870.0,3579,6860.0,17325,6850.0,1962,6900.0,665,6910.0,2865,6920.0,28457,6930.0,15074,6940.0,50,2025-05-09 18:22:48.116,,2147483647,1410117,False,nan
10793,1762650,1612893757,MERV - XMEV - GGAL - 24hs,6890.0,2025-05-09 18:22:49,38,2025-05-09 18:22:49.544,6890.0,38,6880.0,943,6870.0,3579,6860.0,17325,6850.0,1962,6900.0,665,6910.0,2865,6920.0,28457,6930.0,15074,6940.0,50,2025-05-09 18:22:49.455,,2147483647,1410117,True,bid
10794,1762694,1612893810,MERV - XMEV - GGAL - 24hs,6890.0,2025-05-09 18:22:49,38,2025-05-09 18:22:50.046,6880.0,953,6870.0,3579,6860.0,17325,6850.0,1962,6840.0,4575,6890.0,62,6900.0,665,6910.0,2865,6920.0,28457,6930.0,15074,2025-05-09 18:22:49.954,,2147483647,1410117,False,nan
10795,1762723,1612893847,MERV - XMEV - GGAL - 24hs,6890.0,2025-05-09 18:22:50,4,2025-05-09 18:22:50.554,6880.0,953,6870.0,3579,6860.0,17325,6850.0,1962,6840.0,4575,6890.0,62,6900.0,665,6910.0,2865,6920.0,28457,6930.0,15074,2025-05-09 18:22:50.457,,2147483647,1410217,True,offer
10796,1762758,1612893894,MERV - XMEV - GGAL - 24hs,6890.0,2025-05-09 18:22:50,4,2025-05-09 18:22:51.046,6890.0,57,6880.0,953,6870.0,3579,6860.0,17325,6850.0,1962,6900.0,665,6910.0,2865,6920.0,28457,6930.0,15074,6940.0,50,2025-05-09 18:22:50.955,,2147483647,1410217,False,nan
10797,1762804,1612893955,MERV - XMEV - GGAL - 24hs,6890.0,2025-05-09 18:22:51,56,2025-05-09 18:22:51.544,6890.0,57,6880.0,953,6870.0,3579,6860.0,17325,6850.0,1962,6900.0,665,6910.0,2865,6920.0,28457,6930.0,15074,6940.0,50,2025-05-09 18:22:51.455,,2147483647,1410217,True,bid
10798,1762869,1612894032,MERV - XMEV - GGAL - 24hs,6890.0,2025-05-09 18:22:51,1,2025-05-09 18:22:52.043,6880.0,953,6870.0,3579,6860.0,17325,6850.0,1962,6840.0,4575,6890.0,55,6900.0,665,6910.0,2865,6920.0,28457,6930.0,15074,2025-05-09 18:22:51.955,,2147483647,1410274,False,nan
10799,1762915,1612894086,MERV - XMEV - GGAL - 24hs,6890.0,2025-05-09 18:22:51,1,2025-05-09 18:22:52.543,6880.0,953,6870.0,3579,6860.0,16979,6850.0,1962,6840.0,4575,6890.0,55,6900.0,665,6910.0,2865,6920.0,28457,6930.0,15074,2025-05-09 18:22:52.455,,2147483647,1410274,False,nan
10800,1762973,1612894156,MERV - XMEV - GGAL - 24hs,6890.0,2025-05-09 18:22:51,1,2025-05-09 18:22:53.246,6880.0,953,6870.0,3579,6860.0,17325,6850.0,1962,6840.0,4575,6890.0,55,6900.0,665,6910.0,2865,6920.0,28457,6930.0,15074,2025-05-09 18:22:53.158,,2147483647,1410274,False,nan
10801,1763269,1612894532,MERV - XMEV - GGAL - 24hs,6890.0,2025-05-09 18:22:51,1,2025-05-09 18:22:57.022,6880.0,953,6870.0,3579,6860.0,16979,6850.0,1962,6840.0,4575,6890.0,55,6900.0,665,6910.0,2865,6920.0,28457,6930.0,15074,2025-05-09 18:22:56.923,,2147483647,1410274,False,nan
10802,1763764,1612895157,MERV - XMEV - GGAL - 24hs,6890.0,2025-05-09 18:22:51,1,2025-05-09 18:23:02.690,6880.0,953,6870.0,3579,6860.0,16971,6850.0,1962,6840.0,4575,6890.0,55,6900.0,665,6910.0,2865,6920.0,28457,6930.0,15074,2025-05-09 18:23:02.601,,2147483647,1410274,False,nan
10803,1763848,1612895270,MERV - XMEV - GGAL - 24hs,6890.0,2025-05-09 18:22:51,1,2025-05-09 18:23:03.769,6880.0,953,6870.0,3579,6860.0,16971,6850.0,1962,6840.0,4575,6890.0,55,6900.0,665,6910.0,16865,6920.0,28457,6930.0,15074,2025-05-09 18:23:03.681,,2147483647,1410274,False,nan
10804,1763909,1612895345,MERV - XMEV - GGAL - 24hs,6890.0,2025-05-09 18:23:04,29,2025-05-09 18:23:04.487,6880.0,953,6870.0,3579,6860.0,16971,6850.0,1962,6840.0,4575,6890.0,55,6900.0,665,6910.0,16865,6920.0,28457,6930.0,15074,2025-05-09 18:23:04.398,,2147483647,1410274,True,offer
10805,1763968,1612895417,MERV - XMEV - GGAL - 24hs,6890.0,2025-05-09 18:23:04,29,2025-05-09 18:23:05.152,6880.0,953,6870.0,3579,6860.0,16971,6850.0,1962,6840.0,4575,6890.0,26,6900.0,665,6910.0,16865,6920.0,28457,6930.0,15074,2025-05-09 18:23:05.064,,2147483647,1410274,False,nan
10806,1764000,1612895465,MERV - XMEV - GGAL - 24hs,6890.0,2025-05-09 18:23:04,29,2025-05-09 18:23:05.652,6880.0,953,6870.0,3579,6860.0,16971,6850.0,1962,6840.0,4575,6890.0,26,6900.0,665,6910.0,16865,6920.0,28457,6930.0,15074,2025-05-09 18:23:05.564,,2147483647,1410303,False,nan
10807,1764379,1612895959,MERV - XMEV - GGAL - 24hs,6890.0,2025-05-09 18:23:04,29,2025-05-09 18:23:09.904,6880.0,1029,6870.0,3579,6860.0,16971,6850.0,1955,6840.0,4575,6900.0,691,6910.0,16865,6920.0,28457,6930.0,15074,6940.0,50,2025-05-09 18:23:09.755,,2147483647,1410303,False,nan
10808,1764837,1612896523,MERV - XMEV - GGAL - 24hs,6890.0,2025-05-09 18:23:04,29,2025-05-09 18:23:16.037,6880.0,1029,6870.0,3579,6860.0,2063,6850.0,15863,6840.0,5575,6900.0,691,6910.0,16865,6920.0,28457,6930.0,15074,6940.0,50,2025-05-09 18:23:15.949,,2147483647,1410303,False,nan
10809,1764912,1612896615,MERV - XMEV - GGAL - 24hs,6890.0,2025-05-09 18:23:04,29,2025-05-09 18:23:16.771,6880.0,1029,6870.0,3579,6860.0,648,6850.0,18011,6840.0,5575,6900.0,691,6910.0,18865,6920.0,41457,6930.0,74,6940.0,50,2025-05-09 18:23:16.683,,2147483647,1410303,False,nan
10810,1764964,1612896681,MERV - XMEV - GGAL - 24hs,6890.0,2025-05-09 18:23:04,29,2025-05-09 18:23:17.525,6880.0,1029,6870.0,3579,6860.0,648,6850.0,18011,6840.0,5575,6900.0,691,6910.0,33865,6920.0,26457,6930.0,74,6940.0,50,2025-05-09 18:23:17.435,,2147483647,1410303,False,nan
10811,1765014,1612896740,MERV - XMEV - GGAL - 24hs,6890.0,2025-05-09 18:23:04,29,2025-05-09 18:23:18.292,6880.0,1029,6870.0,3579,6860.0,648,6850.0,16277,6840.0,5575,6900.0,691,6910.0,33865,6920.0,26457,6930.0,74,6940.0,50,2025-05-09 18:23:18.203,,2147483647,1410303,False,nan
10812,1765050,1612896793,MERV - XMEV - GGAL - 24hs,6900.0,2025-05-09 18:23:18,571,2025-05-09 18:23:18.793,6880.0,1029,6870.0,3579,6860.0,648,6850.0,16277,6840.0,5575,6900.0,691,6910.0,33865,6920.0,26457,6930.0,74,6940.0,50,2025-05-09 18:23:18.703,,2147483647,1412303,True,offer
10813,1765092,1612896845,MERV - XMEV - GGAL - 24hs,6900.0,2025-05-09 18:23:18,571,2025-05-09 18:23:19.291,6880.0,1029,6870.0,3579,6860.0,648,6850.0,16327,6840.0,5575,6900.0,929,6910.0,33865,6920.0,26457,6930.0,74,6940.0,50,2025-05-09 18:23:19.203,,2147483647,1412874,False,nan
10814,1765254,1612897047,MERV - XMEV - GGAL - 24hs,6900.0,2025-05-09 18:23:18,571,2025-05-09 18:23:20.805,6880.0,11029,6870.0,3579,6860.0,648,6850.0,16327,6840.0,5575,6900.0,929,6910.0,33865,6920.0,26457,6930.0,74,6940.0,50,2025-05-09 18:23:20.716,,2147483647,1412874,False,nan
10815,1765558,1612897424,MERV - XMEV - GGAL - 24hs,6900.0,2025-05-09 18:23:22,190,2025-05-09 18:23:23.024,6880.0,11029,6870.0,3579,6860.0,648,6850.0,16327,6840.0,5575,6900.0,929,6910.0,33865,6920.0,26457,6930.0,74,6940.0,50,2025-05-09 18:23:22.935,,2147483647,1412874,True,offer
10816,1765600,1612897471,MERV - XMEV - GGAL - 24hs,6900.0,2025-05-09 18:23:22,190,2025-05-09 18:23:23.522,6880.0,11029,6870.0,3579,6860.0,648,6850.0,16327,6840.0,5575,6900.0,739,6910.0,33865,6920.0,26457,6930.0,74,6940.0,50,2025-05-09 18:23:23.434,,2147483647,1412874,False,nan
10817,1765712,1612897606,MERV - XMEV - GGAL - 24hs,6900.0,2025-05-09 18:23:22,190,2025-05-09 18:23:24.044,6880.0,11029,6870.0,3579,6860.0,648,6850.0,16327,6840.0,5575,6900.0,739,6910.0,33865,6920.0,26457,6930.0,74,6940.0,50,2025-05-09 18:23:23.935,,2147483647,1413064,False,nan
10818,1766014,1612897964,MERV - XMEV - GGAL - 24hs,6900.0,2025-05-09 18:23:22,190,2025-05-09 18:23:27.047,6880.0,11029,6870.0,3579,6860.0,815,6850.0,16327,6840.0,5575,6900.0,739,6910.0,33865,6920.0,26457,6930.0,74,6940.0,50,2025-05-09 18:23:26.921,,2147483647,1413064,False,nan
10819,1766233,1612898239,MERV - XMEV - GGAL - 24hs,6900.0,2025-05-09 18:23:22,190,2025-05-09 18:23:29.043,6880.0,11029,6870.0,3579,6860.0,815,6850.0,16673,6840.0,5575,6900.0,739,6910.0,33865,6920.0,26457,6930.0,74,6940.0,50,2025-05-09 18:23:28.956,,2147483647,1413064,False,nan
10820,1766333,1612898358,MERV - XMEV - GGAL - 24hs,6900.0,2025-05-09 18:23:22,190,2025-05-09 18:23:29.816,6880.0,11029,6870.0,3579,6860.0,815,6850.0,16327,6840.0,5575,6900.0,739,6910.0,33865,6920.0,26457,6930.0,74,6940.0,50,2025-05-09 18:23:29.728,,2147483647,1413064,False,nan
10821,1766382,1612898429,MERV - XMEV - GGAL - 24hs,6900.0,2025-05-09 18:23:22,190,2025-05-09 18:23:30.492,6880.0,11029,6870.0,3579,6860.0,815,6850.0,16673,6840.0,5575,6900.0,739,6910.0,33865,6920.0,26457,6930.0,74,6940.0,50,2025-05-09 18:23:30.401,,2147483647,1413064,False,nan
10822,1766546,1612898623,MERV - XMEV - GGAL - 24hs,6900.0,2025-05-09 18:23:22,190,2025-05-09 18:23:33.174,6880.0,11029,6870.0,3579,6860.0,815,6850.0,16673,6840.0,5575,6900.0,989,6910.0,33865,6920.0,26457,6930.0,74,6940.0,50,2025-05-09 18:23:33.085,,2147483647,1413064,False,nan
10823,1766612,1612898700,MERV - XMEV - GGAL - 24hs,6900.0,2025-05-09 18:23:33,627,2025-05-09 18:23:33.795,6880.0,11029,6870.0,3579,6860.0,815,6850.0,16673,6840.0,5575,6900.0,989,6910.0,33865,6920.0,26457,6930.0,74,6940.0,50,2025-05-09 18:23:33.706,,2147483647,1413064,True,offer
10824,1766662,1612898759,MERV - XMEV - GGAL - 24hs,6900.0,2025-05-09 18:23:33,627,2025-05-09 18:23:34.460,6880.0,11029,6870.0,3591,6860.0,815,6850.0,16673,6840.0,5575,6900.0,362,6910.0,33865,6920.0,26457,6930.0,74,6940.0,50,2025-05-09 18:23:34.372,,2147483647,1413064,False,nan
10825,1766694,1612898804,MERV - XMEV - GGAL - 24hs,6900.0,2025-05-09 18:23:34,1,2025-05-09 18:23:34.962,6880.0,11029,6870.0,3591,6860.0,815,6850.0,16673,6840.0,5575,6900.0,362,6910.0,33865,6920.0,26457,6930.0,74,6940.0,50,2025-05-09 18:23:34.872,,2147483647,1413691,True,offer
10826,1766727,1612898843,MERV - XMEV - GGAL - 24hs,6900.0,2025-05-09 18:23:34,1,2025-05-09 18:23:35.469,6880.0,11029,6870.0,3591,6860.0,815,6850.0,16673,6840.0,5575,6900.0,361,6910.0,33865,6920.0,26457,6930.0,74,6940.0,50,2025-05-09 18:23:35.380,,2147483647,1413692,False,nan
10827,1767137,1612899375,MERV - XMEV - GGAL - 24hs,6900.0,2025-05-09 18:23:34,1,2025-05-09 18:23:38.994,6880.0,25029,6870.0,3591,6860.0,815,6850.0,16673,6840.0,5575,6900.0,361,6910.0,33865,6920.0,26457,6930.0,74,6940.0,50,2025-05-09 18:23:38.905,,2147483647,1413692,False,nan
10828,1767565,1612899938,MERV - XMEV - GGAL - 24hs,6900.0,2025-05-09 18:23:34,1,2025-05-09 18:23:42.859,6880.0,25029,6870.0,3591,6860.0,815,6850.0,17020,6840.0,5575,6900.0,361,6910.0,33865,6920.0,26457,6930.0,74,6940.0,50,2025-05-09 18:23:42.771,,2147483647,1413692,False,nan
10829,1767635,1612900031,MERV - XMEV - GGAL - 24hs,6900.0,2025-05-09 18:23:34,1,2025-05-09 18:23:43.608,6880.0,25029,6870.0,3591,6860.0,815,6850.0,17367,6840.0,5575,6900.0,361,6910.0,33865,6920.0,26457,6930.0,74,6940.0,50,2025-05-09 18:23:43.516,,2147483647,1413692,False,nan
10830,1767991,1612900466,MERV - XMEV - GGAL - 24hs,6900.0,2025-05-09 18:23:48,20,2025-05-09 18:23:48.548,6880.0,25029,6870.0,3591,6860.0,815,6850.0,17367,6840.0,5575,6900.0,361,6910.0,33865,6920.0,26457,6930.0,74,6940.0,50,2025-05-09 18:23:48.458,,2147483647,1413692,True,offer
10831,1768029,1612900521,MERV - XMEV - GGAL - 24hs,6900.0,2025-05-09 18:23:48,20,2025-05-09 18:23:49.046,6880.0,25145,6870.0,3591,6860.0,648,6850.0,17367,6840.0,5575,6900.0,341,6910.0,33865,6920.0,26457,6930.0,74,6940.0,50,2025-05-09 18:23:48.957,,2147483647,1413692,False,nan
10832,1768061,1612900570,MERV - XMEV - GGAL - 24hs,6900.0,2025-05-09 18:23:48,20,2025-05-09 18:23:49.546,6880.0,25145,6870.0,3591,6860.0,648,6850.0,17367,6840.0,5575,6900.0,341,6910.0,33865,6920.0,26457,6930.0,74,6940.0,50,2025-05-09 18:23:49.458,,2147483647,1413712,False,nan
10833,1768305,1612900874,MERV - XMEV - GGAL - 24hs,6900.0,2025-05-09 18:23:48,20,2025-05-09 18:23:53.116,6880.0,25145,6870.0,3591,6860.0,648,6850.0,17367,6840.0,5575,6900.0,15341,6910.0,18865,6920.0,26457,6930.0,74,6940.0,50,2025-05-09 18:23:53.023,,2147483647,1413712,False,nan
10834,1768738,1612901510,MERV - XMEV - GGAL - 24hs,6900.0,2025-05-09 18:23:56,91,2025-05-09 18:23:56.412,6880.0,25145,6870.0,3591,6860.0,648,6850.0,17367,6840.0,5575,6900.0,15341,6910.0,18865,6920.0,26457,6930.0,74,6940.0,50,2025-05-09 18:23:56.325,,2147483647,1413712,True,offer
10835,1768826,1612901623,MERV - XMEV - GGAL - 24hs,6900.0,2025-05-09 18:23:56,109,2025-05-09 18:23:56.956,6880.0,25145,6870.0,3591,6860.0,648,6850.0,17367,6840.0,5575,6900.0,15341,6910.0,18865,6920.0,26457,6930.0,74,6940.0,50,2025-05-09 18:23:56.825,,2147483647,1413712,False,nan
10836,1768884,1612901702,MERV - XMEV - GGAL - 24hs,6900.0,2025-05-09 18:23:56,109,2025-05-09 18:23:57.428,6880.0,25145,6870.0,3591,6860.0,648,6850.0,17367,6840.0,5575,6900.0,16641,6910.0,18865,6920.0,26457,6930.0,74,6940.0,50,2025-05-09 18:23:57.326,,2147483647,1413912,False,nan
10837,1769259,1612902171,MERV - XMEV - GGAL - 24hs,6900.0,2025-05-09 18:23:56,109,2025-05-09 18:23:59.203,6880.0,25029,6870.0,3591,6860.0,648,6850.0,17367,6840.0,5575,6900.0,16641,6910.0,18865,6920.0,26457,6930.0,74,6940.0,50,2025-05-09 18:23:58.669,,2147483647,1413912,False,nan
10838,1769571,1612902583,MERV - XMEV - GGAL - 24hs,6900.0,2025-05-09 18:23:56,109,2025-05-09 18:24:01.338,6880.0,25029,6870.0,3591,6860.0,648,6850.0,17367,6840.0,5575,6900.0,16641,6910.0,23865,6920.0,21457,6930.0,74,6940.0,50,2025-05-09 18:24:01.100,,2147483647,1413912,False,nan
10839,1769691,1612902741,MERV - XMEV - GGAL - 24hs,6900.0,2025-05-09 18:23:56,109,2025-05-09 18:24:02.227,6880.0,11029,6870.0,17591,6860.0,2063,6850.0,15913,6840.0,5575,6900.0,16641,6910.0,23865,6920.0,21457,6930.0,74,6940.0,50,2025-05-09 18:24:02.125,,2147483647,1413912,False,nan
10840,1769849,1612902944,MERV - XMEV - GGAL - 24hs,6900.0,2025-05-09 18:23:56,109,2025-05-09 18:24:03.167,6880.0,11030,6870.0,17591,6860.0,654,6850.0,15913,6840.0,5575,6900.0,16641,6910.0,23865,6920.0,21457,6930.0,74,6940.0,50,2025-05-09 18:24:02.946,,2147483647,1413912,False,nan
10841,1770163,1612903371,MERV - XMEV - GGAL - 24hs,6900.0,2025-05-09 18:23:56,109,2025-05-09 18:24:04.583,6880.0,11029,6870.0,17591,6860.0,2040,6850.0,15913,6840.0,5575,6900.0,16641,6910.0,23865,6920.0,21457,6930.0,74,6940.0,50,2025-05-09 18:24:04.366,,2147483647,1413912,False,nan
10842,1770335,1612903614,MERV - XMEV - GGAL - 24hs,6900.0,2025-05-09 18:23:56,109,2025-05-09 18:24:05.893,6880.0,11029,6870.0,17591,6860.0,2046,6850.0,15913,6840.0,5575,6900.0,16641,6910.0,23865,6920.0,21457,6930.0,74,6940.0,50,2025-05-09 18:24:05.799,,2147483647,1413912,False,nan
10843,1770781,1612904147,MERV - XMEV - GGAL - 24hs,6900.0,2025-05-09 18:23:56,109,2025-05-09 18:24:07.856,6880.0,11029,6870.0,17591,6860.0,660,6850.0,17396,6840.0,5575,6900.0,16641,6910.0,23865,6920.0,21457,6930.0,74,6940.0,50,2025-05-09 18:24:07.437,,2147483647,1413912,False,nan
10844,1770895,1612904319,MERV - XMEV - GGAL - 24hs,6900.0,2025-05-09 18:24:06,15,2025-05-09 18:24:08.379,6880.0,11029,6870.0,17591,6860.0,660,6850.0,17396,6840.0,5575,6900.0,16626,6910.0,23865,6920.0,21457,6930.0,74,6940.0,50,2025-05-09 18:24:07.936,,2147483647,1413927,True,offer
10845,1771014,1612904489,MERV - XMEV - GGAL - 24hs,6900.0,2025-05-09 18:24:06,15,2025-05-09 18:24:09.159,6880.0,11029,6870.0,17591,6860.0,660,6850.0,17396,6840.0,4575,6900.0,16626,6910.0,23865,6920.0,21457,6930.0,74,6940.0,50,2025-05-09 18:24:09.056,,2147483647,1413927,False,nan
10846,1771165,1612904695,MERV - XMEV - GGAL - 24hs,6900.0,2025-05-09 18:24:06,15,2025-05-09 18:24:10.543,6880.0,11029,6870.0,17591,6860.0,660,6850.0,16355,6840.0,4575,6900.0,16626,6910.0,23865,6920.0,21457,6930.0,74,6940.0,50,2025-05-09 18:24:10.454,,2147483647,1413927,False,nan
10847,1771971,1612905647,MERV - XMEV - GGAL - 24hs,6900.0,2025-05-09 18:24:06,15,2025-05-09 18:24:16.105,6880.0,11029,6870.0,17591,6860.0,660,6850.0,16702,6840.0,4575,6900.0,16626,6910.0,23865,6920.0,21457,6930.0,74,6940.0,50,2025-05-09 18:24:15.898,,2147483647,1413927,False,nan
10848,1772296,1612906028,MERV - XMEV - GGAL - 24hs,6900.0,2025-05-09 18:24:06,15,2025-05-09 18:24:17.846,6880.0,11029,6870.0,17591,6860.0,660,6850.0,16702,6840.0,4575,6900.0,18626,6910.0,21865,6920.0,21457,6930.0,74,6940.0,50,2025-05-09 18:24:17.709,,2147483647,1413927,False,nan
10849,1772471,1612906235,MERV - XMEV - GGAL - 24hs,6900.0,2025-05-09 18:24:06,15,2025-05-09 18:24:19.194,6880.0,11029,6870.0,17591,6860.0,660,6850.0,17049,6840.0,4575,6900.0,18626,6910.0,21865,6920.0,21457,6930.0,74,6940.0,50,2025-05-09 18:24:19.106,,2147483647,1413927,False,nan
10850,1772528,1612906303,MERV - XMEV - GGAL - 24hs,6900.0,2025-05-09 18:24:06,15,2025-05-09 18:24:19.967,6880.0,11029,6870.0,17591,6860.0,660,6850.0,16702,6840.0,4575,6900.0,18626,6910.0,21865,6920.0,21457,6930.0,74,6940.0,50,2025-05-09 18:24:19.878,,2147483647,1413927,False,nan
10851,1772993,1612906872,MERV - XMEV - GGAL - 24hs,6900.0,2025-05-09 18:24:25,126,2025-05-09 18:24:25.572,6880.0,11029,6870.0,17591,6860.0,660,6850.0,16702,6840.0,4575,6900.0,18626,6910.0,21865,6920.0,21457,6930.0,74,6940.0,50,2025-05-09 18:24:25.484,,2147483647,1413927,True,offer
10852,1773036,1612906922,MERV - XMEV - GGAL - 24hs,6900.0,2025-05-09 18:24:25,550,2025-05-09 18:24:26.075,6880.0,11029,6870.0,17591,6860.0,660,6850.0,16702,6840.0,4575,6900.0,17950,6910.0,21865,6920.0,21457,6930.0,74,6940.0,50,2025-05-09 18:24:25.985,,2147483647,1413927,False,nan
10853,1773090,1612907005,MERV - XMEV - GGAL - 24hs,6900.0,2025-05-09 18:24:25,550,2025-05-09 18:24:26.581,6880.0,11029,6870.0,17591,6860.0,660,6850.0,16702,6840.0,4575,6900.0,17950,6910.0,21865,6920.0,21457,6930.0,74,6940.0,50,2025-05-09 18:24:26.484,,2147483647,1414603,False,nan
10854,1773163,1612907103,MERV - XMEV - GGAL - 24hs,6900.0,2025-05-09 18:24:25,550,2025-05-09 18:24:27.246,6880.0,11029,6870.0,17591,6860.0,660,6850.0,1794,6840.0,19483,6900.0,17950,6910.0,21865,6920.0,21457,6930.0,74,6940.0,50,2025-05-09 18:24:27.139,,2147483647,1414603,False,nan
10855,1773288,1612907256,MERV - XMEV - GGAL - 24hs,6900.0,2025-05-09 18:24:27,25,2025-05-09 18:24:28.002,6880.0,11029,6870.0,17591,6860.0,660,6850.0,1794,6840.0,19483,6900.0,17950,6910.0,21865,6920.0,21457,6930.0,74,6940.0,50,2025-05-09 18:24:27.914,,2147483647,1414603,True,offer
10856,1773395,1612907392,MERV - XMEV - GGAL - 24hs,6900.0,2025-05-09 18:24:27,25,2025-05-09 18:24:28.522,6880.0,11029,6870.0,17591,6860.0,660,6850.0,1794,6840.0,19483,6900.0,17925,6910.0,31865,6920.0,11457,6930.0,74,6940.0,50,2025-05-09 18:24:28.418,,2147483647,1414603,False,nan
10857,1773470,1612907481,MERV - XMEV - GGAL - 24hs,6900.0,2025-05-09 18:24:27,25,2025-05-09 18:24:29.007,6880.0,11029,6870.0,17591,6860.0,660,6850.0,1794,6840.0,19483,6900.0,17925,6910.0,31865,6920.0,11457,6930.0,74,6940.0,50,2025-05-09 18:24:28.914,,2147483647,1414628,False,nan
10858,1774051,1612908205,MERV - XMEV - GGAL - 24hs,6900.0,2025-05-09 18:24:32,2,2025-05-09 18:24:33.268,6880.0,11029,6870.0,17591,6860.0,660,6850.0,1794,6840.0,19483,6900.0,17925,6910.0,31865,6920.0,11457,6930.0,74,6940.0,50,2025-05-09 18:24:32.939,,2147483647,1414628,True,offer
10859,1774181,1612908379,MERV - XMEV - GGAL - 24hs,6900.0,2025-05-09 18:24:32,2,2025-05-09 18:24:33.803,6880.0,11029,6870.0,17591,6860.0,660,6850.0,1794,6840.0,19483,6900.0,17923,6910.0,31865,6920.0,11457,6930.0,74,6940.0,50,2025-05-09 18:24:33.427,,2147483647,1414630,False,nan
10860,1774363,1612908605,MERV - XMEV - GGAL - 24hs,6900.0,2025-05-09 18:24:32,2,2025-05-09 18:24:35.035,6880.0,11029,6870.0,17591,6860.0,660,6850.0,16702,6840.0,5575,6900.0,17923,6910.0,31865,6920.0,11457,6930.0,74,6940.0,50,2025-05-09 18:24:34.941,,2147483647,1414630,False,nan
10861,1774423,1612908680,MERV - XMEV - GGAL - 24hs,6900.0,2025-05-09 18:24:32,2,2025-05-09 18:24:35.747,6880.0,11029,6870.0,17591,6860.0,660,6850.0,17049,6840.0,5575,6900.0,17923,6910.0,31865,6920.0,11457,6930.0,74,6940.0,50,2025-05-09 18:24:35.659,,2147483647,1414630,False,nan
10862,1774623,1612908922,MERV - XMEV - GGAL - 24hs,6880.0,2025-05-09 18:24:37,15,2025-05-09 18:24:37.258,6880.0,11029,6870.0,17591,6860.0,660,6850.0,17049,6840.0,5575,6900.0,17923,6910.0,31865,6920.0,11457,6930.0,74,6940.0,50,2025-05-09 18:24:37.164,,2147483647,1414630,True,bid
10863,1774717,1612909035,MERV - XMEV - GGAL - 24hs,6880.0,2025-05-09 18:24:37,15,2025-05-09 18:24:37.919,6880.0,11014,6870.0,17591,6860.0,660,6850.0,17049,6840.0,5575,6900.0,17923,6910.0,31865,6920.0,11457,6930.0,74,6940.0,50,2025-05-09 18:24:37.828,,2147483647,1414630,False,nan
10864,1774777,1612909111,MERV - XMEV - GGAL - 24hs,6880.0,2025-05-09 18:24:37,15,2025-05-09 18:24:38.416,6880.0,11014,6870.0,17591,6860.0,660,6850.0,17049,6840.0,5575,6900.0,17923,6910.0,31865,6920.0,11457,6930.0,74,6940.0,50,2025-05-09 18:24:38.328,,2147483647,1414645,False,nan
10865,1775668,1612910245,MERV - XMEV - GGAL - 24hs,6900.0,2025-05-09 18:24:44,60,2025-05-09 18:24:44.990,6880.0,11014,6870.0,17591,6860.0,660,6850.0,17049,6840.0,5575,6900.0,17923,6910.0,31865,6920.0,11457,6930.0,74,6940.0,50,2025-05-09 18:24:44.879,,2147483647,1414645,True,offer
10866,1775734,1612910353,MERV - XMEV - GGAL - 24hs,6900.0,2025-05-09 18:24:44,60,2025-05-09 18:24:45.332,6880.0,11014,6870.0,17591,6860.0,660,6850.0,17049,6840.0,5575,6900.0,22863,6910.0,26865,6920.0,11457,6930.0,74,6940.0,50,2025-05-09 18:24:44.979,,2147483647,1414645,False,nan
10867,1775814,1612910452,MERV - XMEV - GGAL - 24hs,6900.0,2025-05-09 18:24:44,60,2025-05-09 18:24:45.640,6880.0,11014,6870.0,17591,6860.0,660,6850.0,17049,6840.0,5575,6900.0,22863,6910.0,26865,6920.0,11457,6930.0,74,6940.0,50,2025-05-09 18:24:45.320,,2147483647,1414705,False,nan
10868,1775861,1612910505,MERV - XMEV - GGAL - 24hs,6900.0,2025-05-09 18:24:45,1,2025-05-09 18:24:45.908,6880.0,11014,6870.0,17591,6860.0,660,6850.0,17049,6840.0,5575,6900.0,22863,6910.0,26865,6920.0,11457,6930.0,74,6940.0,50,2025-05-09 18:24:45.820,,2147483647,1414705,True,offer
10869,1775902,1612910579,MERV - XMEV - GGAL - 24hs,6900.0,2025-05-09 18:24:45,1,2025-05-09 18:24:46.416,6880.0,11014,6870.0,17591,6860.0,660,6850.0,17049,6840.0,5575,6900.0,22862,6910.0,26865,6920.0,11457,6930.0,74,6940.0,50,2025-05-09 18:24:46.320,,2147483647,1414706,False,nan
10870,1776462,1612911290,MERV - XMEV - GGAL - 24hs,6900.0,2025-05-09 18:24:45,1,2025-05-09 18:24:49.227,6880.0,11014,6870.0,17591,6860.0,660,6850.0,16009,6840.0,5575,6900.0,32862,6910.0,16865,6920.0,11457,6930.0,74,6940.0,50,2025-05-09 18:24:48.765,,2147483647,1414706,False,nan
10871,1777581,1612912694,MERV - XMEV - GGAL - 24hs,6900.0,2025-05-09 18:24:45,1,2025-05-09 18:24:54.639,6880.0,11014,6870.0,17591,6860.0,660,6850.0,16009,6840.0,5575,6900.0,17862,6910.0,31865,6920.0,11457,6930.0,74,6940.0,50,2025-05-09 18:24:54.030,,2147483647,1414706,False,nan
10872,1778807,1612914279,MERV - XMEV - GGAL - 24hs,6900.0,2025-05-09 18:24:45,1,2025-05-09 18:25:03.735,6880.0,11014,6870.0,17591,6860.0,660,6850.0,16009,6840.0,4575,6900.0,17862,6910.0,31865,6920.0,11457,6930.0,74,6940.0,50,2025-05-09 18:25:03.630,,2147483647,1414706,False,nan
10873,1779085,1612914626,MERV - XMEV - GGAL - 24hs,6880.0,2025-05-09 18:25:05,8,2025-05-09 18:25:05.642,6880.0,11014,6870.0,17591,6860.0,660,6850.0,16009,6840.0,4575,6900.0,17862,6910.0,31865,6920.0,11457,6930.0,74,6940.0,50,2025-05-09 18:25:05.553,,2147483647,1414706,True,bid
10874,1779251,1612914813,MERV - XMEV - GGAL - 24hs,6880.0,2025-05-09 18:25:05,8,2025-05-09 18:25:06.299,6880.0,11006,6870.0,17591,6860.0,660,6850.0,16009,6840.0,4575,6900.0,27862,6910.0,21865,6920.0,11457,6930.0,74,6940.0,50,2025-05-09 18:25:06.050,,2147483647,1414706,False,nan
10875,1779377,1612914973,MERV - XMEV - GGAL - 24hs,6880.0,2025-05-09 18:25:05,8,2025-05-09 18:25:07.379,6880.0,11006,6870.0,17591,6860.0,660,6850.0,16009,6840.0,4575,6900.0,27862,6910.0,21865,6920.0,11457,6930.0,74,6940.0,50,2025-05-09 18:25:06.990,,2147483647,1414714,False,nan
10876,1779564,1612915197,MERV - XMEV - GGAL - 24hs,6880.0,2025-05-09 18:25:05,8,2025-05-09 18:25:08.076,6880.0,11006,6870.0,17591,6860.0,660,6850.0,15913,6840.0,4575,6900.0,27862,6910.0,21865,6920.0,11457,6930.0,74,6940.0,50,2025-05-09 18:25:07.132,,2147483647,1414714,False,nan
10877,1780677,1612916761,MERV - XMEV - GGAL - 24hs,6900.0,2025-05-09 18:25:16,25,2025-05-09 18:25:16.722,6880.0,11006,6870.0,17591,6860.0,660,6850.0,15913,6840.0,4575,6900.0,27862,6910.0,21865,6920.0,11457,6930.0,74,6940.0,50,2025-05-09 18:25:16.633,,2147483647,1414714,True,offer
10878,1780729,1612916836,MERV - XMEV - GGAL - 24hs,6900.0,2025-05-09 18:25:16,25,2025-05-09 18:25:17.347,6880.0,11006,6870.0,17591,6860.0,660,6850.0,15913,6840.0,4575,6900.0,27851,6910.0,21865,6920.0,11457,6930.0,74,6940.0,50,2025-05-09 18:25:17.254,,2147483647,1414714,False,nan
10879,1780781,1612916920,MERV - XMEV - GGAL - 24hs,6900.0,2025-05-09 18:25:16,25,2025-05-09 18:25:17.844,6880.0,11006,6870.0,17591,6860.0,660,6850.0,15913,6840.0,4575,6900.0,27851,6910.0,21865,6920.0,11457,6930.0,74,6940.0,50,2025-05-09 18:25:17.754,,2147483647,1414739,False,nan
10880,1780965,1612917186,MERV - XMEV - GGAL - 24hs,6900.0,2025-05-09 18:25:16,25,2025-05-09 18:25:19.582,6880.0,11006,6870.0,3591,6860.0,14660,6850.0,15913,6840.0,4575,6900.0,27851,6910.0,21865,6920.0,11457,6930.0,74,6940.0,50,2025-05-09 18:25:19.449,,2147483647,1414739,False,nan
10881,1781200,1612917489,MERV - XMEV - GGAL - 24hs,6900.0,2025-05-09 18:25:16,25,2025-05-09 18:25:20.483,6880.0,11006,6870.0,3591,6860.0,14660,6850.0,15913,6840.0,5961,6900.0,27851,6910.0,21865,6920.0,11457,6930.0,74,6940.0,50,2025-05-09 18:25:20.314,,2147483647,1414739,False,nan
10882,1781857,1612918367,MERV - XMEV - GGAL - 24hs,6900.0,2025-05-09 18:25:16,25,2025-05-09 18:25:25.887,6880.0,11006,6870.0,3591,6860.0,14660,6850.0,15913,6840.0,5961,6900.0,17851,6910.0,31865,6920.0,11457,6930.0,74,6940.0,50,2025-05-09 18:25:25.724,,2147483647,1414739,False,nan
10883,1782740,1612919590,MERV - XMEV - GGAL - 24hs,6900.0,2025-05-09 18:25:16,25,2025-05-09 18:25:34.511,6880.0,11006,6870.0,3591,6860.0,14660,6850.0,15913,6840.0,5614,6900.0,17851,6910.0,31879,6920.0,11457,6930.0,74,6940.0,50,2025-05-09 18:25:34.407,,2147483647,1414739,False,nan
10884,1783000,1612919908,MERV - XMEV - GGAL - 24hs,6900.0,2025-05-09 18:25:16,25,2025-05-09 18:25:37.797,6880.0,11006,6870.0,3591,6860.0,14660,6850.0,15913,6840.0,6614,6900.0,17851,6910.0,31879,6920.0,11457,6930.0,74,6940.0,50,2025-05-09 18:25:37.709,,2147483647,1414739,False,nan
10885,1783061,1612919978,MERV - XMEV - GGAL - 24hs,6900.0,2025-05-09 18:25:16,25,2025-05-09 18:25:38.565,6880.0,11006,6870.0,3591,6860.0,14660,6850.0,15913,6840.0,5614,6900.0,17851,6910.0,31879,6920.0,11457,6930.0,74,6940.0,50,2025-05-09 18:25:38.475,,2147483647,1414739,False,nan
10886,1783190,1612920127,MERV - XMEV - GGAL - 24hs,6900.0,2025-05-09 18:25:16,25,2025-05-09 18:25:39.687,6880.0,11006,6870.0,3591,6860.0,14660,6850.0,15913,6840.0,5614,6900.0,27851,6910.0,21879,6920.0,11457,6930.0,74,6940.0,50,2025-05-09 18:25:39.564,,2147483647,1414739,False,nan
10887,1783403,1612920391,MERV - XMEV - GGAL - 24hs,6900.0,2025-05-09 18:25:16,25,2025-05-09 18:25:40.750,6880.0,11006,6870.0,3591,6860.0,14660,6850.0,15913,6840.0,5267,6900.0,27851,6910.0,21879,6920.0,11457,6930.0,74,6940.0,50,2025-05-09 18:25:40.662,,2147483647,1414739,False,nan
10888,1783506,1612920515,MERV - XMEV - GGAL - 24hs,6900.0,2025-05-09 18:25:16,25,2025-05-09 18:25:41.663,6880.0,11006,6870.0,3591,6860.0,14660,6850.0,15913,6840.0,5614,6900.0,27851,6910.0,21879,6920.0,11457,6930.0,574,6940.0,50,2025-05-09 18:25:41.575,,2147483647,1414739,False,nan
10889,1783916,1612921073,MERV - XMEV - GGAL - 24hs,6900.0,2025-05-09 18:25:47,35,2025-05-09 18:25:47.205,6880.0,11006,6870.0,3591,6860.0,14660,6850.0,15913,6840.0,5614,6900.0,27851,6910.0,21879,6920.0,11457,6930.0,574,6940.0,50,2025-05-09 18:25:47.113,,2147483647,1414739,True,offer
10890,1784023,1612921201,MERV - XMEV - GGAL - 24hs,6900.0,2025-05-09 18:25:47,35,2025-05-09 18:25:47.766,6880.0,11006,6870.0,3591,6860.0,14665,6850.0,15913,6840.0,5614,6900.0,27816,6910.0,21879,6920.0,11457,6930.0,574,6940.0,50,2025-05-09 18:25:47.615,,2147483647,1414739,False,nan
10891,1784086,1612921286,MERV - XMEV - GGAL - 24hs,6900.0,2025-05-09 18:25:47,35,2025-05-09 18:25:48.216,6880.0,11006,6870.0,3591,6860.0,14665,6850.0,15913,6840.0,5614,6900.0,27816,6910.0,21879,6920.0,11457,6930.0,574,6940.0,50,2025-05-09 18:25:48.113,,2147483647,1414774,False,nan
10892,1784303,1612921569,MERV - XMEV - GGAL - 24hs,6900.0,2025-05-09 18:25:47,35,2025-05-09 18:25:50.691,6880.0,10930,6870.0,3591,6860.0,14665,6850.0,15913,6840.0,5621,6890.0,14,6900.0,27816,6910.0,21879,6920.0,11457,6930.0,574,2025-05-09 18:25:50.594,,2147483647,1414774,False,nan
10893,1784495,1612921799,MERV - XMEV - GGAL - 24hs,6890.0,2025-05-09 18:25:53,14,2025-05-09 18:25:53.272,6880.0,10930,6870.0,3591,6860.0,14665,6850.0,15913,6840.0,5621,6890.0,14,6900.0,27816,6910.0,21879,6920.0,11457,6930.0,574,2025-05-09 18:25:53.184,,2147483647,1414774,True,offer
10894,1784534,1612921852,MERV - XMEV - GGAL - 24hs,6900.0,2025-05-09 18:25:53,6,2025-05-09 18:25:53.769,6880.0,10930,6870.0,3591,6860.0,14665,6850.0,15913,6840.0,5621,6890.0,14,6900.0,27816,6910.0,21879,6920.0,11457,6930.0,574,2025-05-09 18:25:53.678,,2147483647,1414774,False,nan
10895,1784588,1612921918,MERV - XMEV - GGAL - 24hs,6900.0,2025-05-09 18:25:53,6,2025-05-09 18:25:54.266,6880.0,10930,6870.0,3591,6860.0,14665,6850.0,15913,6840.0,5621,6900.0,27810,6910.0,21879,6920.0,11457,6930.0,574,6940.0,50,2025-05-09 18:25:54.178,,2147483647,1414794,False,nan
10896,1784635,1612921978,MERV - XMEV - GGAL - 24hs,6900.0,2025-05-09 18:25:53,6,2025-05-09 18:25:54.771,6880.0,11006,6870.0,3591,6860.0,14665,6850.0,15913,6840.0,5614,6900.0,27810,6910.0,21879,6920.0,11457,6930.0,574,6940.0,50,2025-05-09 18:25:54.683,,2147483647,1414794,False,nan
10897,1785070,1612922583,MERV - XMEV - GGAL - 24hs,6900.0,2025-05-09 18:25:53,6,2025-05-09 18:25:59.788,6880.0,11006,6870.0,3591,6860.0,14665,6850.0,16952,6840.0,5575,6900.0,27810,6910.0,21879,6920.0,11457,6930.0,574,6940.0,50,2025-05-09 18:25:59.697,,2147483647,1414794,False,nan
10898,1785203,1612922754,MERV - XMEV - GGAL - 24hs,6900.0,2025-05-09 18:25:53,6,2025-05-09 18:26:00.730,6880.0,11006,6870.0,3591,6860.0,14665,6850.0,16605,6840.0,5575,6900.0,27810,6910.0,21879,6920.0,11457,6930.0,574,6940.0,50,2025-05-09 18:26:00.642,,2147483647,1414794,False,nan
10899,1785249,1612922813,MERV - XMEV - GGAL - 24hs,6900.0,2025-05-09 18:26:01,7,2025-05-09 18:26:01.257,6880.0,11006,6870.0,3591,6860.0,14665,6850.0,16605,6840.0,5575,6900.0,27810,6910.0,21879,6920.0,11457,6930.0,574,6940.0,50,2025-05-09 18:26:01.163,,2147483647,1414794,True,offer
10900,1785315,1612922901,MERV - XMEV - GGAL - 24hs,6900.0,2025-05-09 18:26:01,7,2025-05-09 18:26:01.753,6880.0,11006,6870.0,3591,6860.0,14665,6850.0,17299,6840.0,5575,6900.0,27803,6910.0,21879,6920.0,11457,6930.0,574,6940.0,50,2025-05-09 18:26:01.663,,2147483647,1414794,False,nan
10901,1785363,1612922956,MERV - XMEV - GGAL - 24hs,6900.0,2025-05-09 18:26:01,7,2025-05-09 18:26:02.251,6880.0,11006,6870.0,3591,6860.0,14665,6850.0,17299,6840.0,5575,6900.0,27803,6910.0,21879,6920.0,11457,6930.0,574,6940.0,50,2025-05-09 18:26:02.163,,2147483647,1414801,False,nan
10902,1785455,1612923088,MERV - XMEV - GGAL - 24hs,6900.0,2025-05-09 18:26:01,7,2025-05-09 18:26:03.277,6880.0,11006,6870.0,3591,6860.0,14665,6850.0,16952,6840.0,5575,6900.0,27803,6910.0,21879,6920.0,11457,6930.0,574,6940.0,50,2025-05-09 18:26:03.188,,2147483647,1414801,False,nan
10903,1786161,1612923984,MERV - XMEV - GGAL - 24hs,6900.0,2025-05-09 18:26:09,478,2025-05-09 18:26:09.959,6880.0,11006,6870.0,3591,6860.0,14665,6850.0,16952,6840.0,5575,6900.0,27803,6910.0,21879,6920.0,11457,6930.0,574,6940.0,50,2025-05-09 18:26:09.870,,2147483647,1414801,True,offer
10904,1786224,1612924063,MERV - XMEV - GGAL - 24hs,6900.0,2025-05-09 18:26:09,478,2025-05-09 18:26:10.458,6880.0,11006,6870.0,3591,6860.0,14665,6850.0,16952,6840.0,5575,6900.0,13514,6910.0,21879,6920.0,11457,6930.0,574,6940.0,50,2025-05-09 18:26:10.370,,2147483647,1414801,False,nan
10905,1786257,1612924105,MERV - XMEV - GGAL - 24hs,6900.0,2025-05-09 18:26:09,478,2025-05-09 18:26:10.959,6880.0,11006,6870.0,3591,6860.0,14665,6850.0,16952,6840.0,5575,6900.0,18514,6910.0,26879,6920.0,16457,6930.0,574,6940.0,50,2025-05-09 18:26:10.870,,2147483647,1415279,False,nan
10906,1786297,1612924158,MERV - XMEV - GGAL - 24hs,6900.0,2025-05-09 18:26:11,12,2025-05-09 18:26:11.489,6880.0,11006,6870.0,3591,6860.0,14665,6850.0,16952,6840.0,5575,6900.0,18514,6910.0,26879,6920.0,16457,6930.0,574,6940.0,50,2025-05-09 18:26:11.397,,2147483647,1415279,True,offer
10907,1786334,1612924219,MERV - XMEV - GGAL - 24hs,6900.0,2025-05-09 18:26:11,12,2025-05-09 18:26:11.988,6880.0,11006,6870.0,3591,6860.0,14665,6850.0,16952,6840.0,5575,6900.0,18502,6910.0,26879,6920.0,16457,6930.0,574,6940.0,50,2025-05-09 18:26:11.899,,2147483647,1415279,False,nan
10908,1786365,1612924260,MERV - XMEV - GGAL - 24hs,6900.0,2025-05-09 18:26:11,12,2025-05-09 18:26:12.487,6880.0,11006,6870.0,3591,6860.0,14665,6850.0,16952,6840.0,5575,6900.0,18502,6910.0,26879,6920.0,16457,6930.0,574,6940.0,50,2025-05-09 18:26:12.399,,2147483647,1415291,False,nan
10909,1786410,1612924318,MERV - XMEV - GGAL - 24hs,6900.0,2025-05-09 18:26:11,12,2025-05-09 18:26:12.987,6880.0,11006,6870.0,3591,6860.0,14665,6850.0,16605,6840.0,5575,6900.0,18502,6910.0,26879,6920.0,16457,6930.0,574,6940.0,50,2025-05-09 18:26:12.898,,2147483647,1415291,False,nan
10910,1787029,1612925120,MERV - XMEV - GGAL - 24hs,6900.0,2025-05-09 18:26:11,12,2025-05-09 18:26:18.788,6880.0,11006,6870.0,3591,6860.0,14665,6850.0,15913,6840.0,5575,6900.0,18502,6910.0,26879,6920.0,16457,6930.0,574,6940.0,50,2025-05-09 18:26:18.691,,2147483647,1415291,False,nan
10911,1787170,1612925308,MERV - XMEV - GGAL - 24hs,6900.0,2025-05-09 18:26:11,12,2025-05-09 18:26:20.488,6880.0,11006,6870.0,3591,6860.0,14665,6850.0,15913,6840.0,5920,6900.0,18502,6910.0,26879,6920.0,16457,6930.0,574,6940.0,50,2025-05-09 18:26:20.400,,2147483647,1415291,False,nan
10912,1787231,1612925385,MERV - XMEV - GGAL - 24hs,6900.0,2025-05-09 18:26:11,12,2025-05-09 18:26:21.259,6880.0,11006,6870.0,3591,6860.0,14665,6850.0,15913,6840.0,6267,6900.0,18502,6910.0,26879,6920.0,16457,6930.0,574,6940.0,50,2025-05-09 18:26:21.167,,2147483647,1415291,False,nan
10913,1787605,1612925902,MERV - XMEV - GGAL - 24hs,6900.0,2025-05-09 18:26:11,12,2025-05-09 18:26:24.771,6880.0,11006,6870.0,3591,6860.0,14665,6850.0,15913,6840.0,6267,6900.0,16502,6910.0,28879,6920.0,16457,6930.0,574,6940.0,50,2025-05-09 18:26:24.683,,2147483647,1415291,False,nan
10914,1787959,1612926372,MERV - XMEV - GGAL - 24hs,6900.0,2025-05-09 18:26:11,12,2025-05-09 18:26:27.353,6880.0,11006,6870.0,3591,6860.0,14665,6850.0,15913,6840.0,5575,6900.0,16502,6910.0,28879,6920.0,16457,6930.0,574,6940.0,50,2025-05-09 18:26:27.263,,2147483647,1415291,False,nan
10915,1788222,1612926733,MERV - XMEV - GGAL - 24hs,6900.0,2025-05-09 18:26:11,12,2025-05-09 18:26:29.477,6880.0,11006,6870.0,3591,6860.0,14665,6850.0,16258,6840.0,5575,6900.0,16502,6910.0,28879,6920.0,16457,6930.0,574,6940.0,50,2025-05-09 18:26:29.387,,2147483647,1415291,False,nan
10916,1788292,1612926829,MERV - XMEV - GGAL - 24hs,6900.0,2025-05-09 18:26:11,12,2025-05-09 18:26:30.346,6880.0,11006,6870.0,3591,6860.0,14665,6850.0,16605,6840.0,5575,6900.0,16502,6910.0,28879,6920.0,16457,6930.0,574,6940.0,50,2025-05-09 18:26:30.258,,2147483647,1415291,False,nan
10917,1788491,1612927163,MERV - XMEV - GGAL - 24hs,6900.0,2025-05-09 18:26:11,12,2025-05-09 18:26:32.819,6890.0,30,6880.0,10930,6870.0,3591,6860.0,14665,6850.0,16612,6900.0,16502,6910.0,28879,6920.0,16457,6930.0,574,6940.0,50,2025-05-09 18:26:32.539,,2147483647,1415291,False,nan
10918,1788924,1612927750,MERV - XMEV - GGAL - 24hs,6900.0,2025-05-09 18:26:11,12,2025-05-09 18:26:35.627,6890.0,30,6880.0,10930,6870.0,3591,6860.0,14665,6850.0,15920,6900.0,1502,6910.0,33879,6920.0,26457,6930.0,574,6940.0,50,2025-05-09 18:26:35.502,,2147483647,1415291,False,nan
10919,1789387,1612928324,MERV - XMEV - GGAL - 24hs,6900.0,2025-05-09 18:26:11,12,2025-05-09 18:26:37.915,6890.0,30,6880.0,10930,6870.0,3591,6860.0,14665,6850.0,16959,6900.0,1502,6910.0,33879,6920.0,26457,6930.0,574,6940.0,50,2025-05-09 18:26:36.984,,2147483647,1415291,False,nan
10920,1789799,1612928828,MERV - XMEV - GGAL - 24hs,6900.0,2025-05-09 18:26:39,1488,2025-05-09 18:26:39.921,6890.0,30,6880.0,10930,6870.0,3591,6860.0,14665,6850.0,16959,6900.0,1502,6910.0,33879,6920.0,26457,6930.0,574,6940.0,50,2025-05-09 18:26:39.832,,2147483647,1415291,True,offer
10921,1789837,1612928877,MERV - XMEV - GGAL - 24hs,6900.0,2025-05-09 18:26:39,8498,2025-05-09 18:26:40.420,6890.0,30,6880.0,10930,6870.0,3591,6860.0,14665,6850.0,16959,6900.0,1502,6910.0,33879,6920.0,26457,6930.0,574,6940.0,50,2025-05-09 18:26:40.332,,2147483647,1415291,False,nan
10922,1789872,1612928922,MERV - XMEV - GGAL - 24hs,6900.0,2025-05-09 18:26:39,8498,2025-05-09 18:26:40.920,6890.0,30,6880.0,10930,6870.0,3591,6860.0,14665,6850.0,16959,6900.0,1500,6910.0,33879,6920.0,26457,6930.0,574,6940.0,50,2025-05-09 18:26:40.832,,2147483647,1425291,False,nan
10923,1790215,1612929323,MERV - XMEV - GGAL - 24hs,6900.0,2025-05-09 18:26:39,8498,2025-05-09 18:26:43.428,6890.0,30,6880.0,10986,6870.0,3591,6860.0,14665,6850.0,16959,6900.0,1500,6910.0,33879,6920.0,26457,6930.0,574,6940.0,50,2025-05-09 18:26:43.339,,2147483647,1425291,False,nan
10924,1790321,1612929458,MERV - XMEV - GGAL - 24hs,6900.0,2025-05-09 18:26:39,8498,2025-05-09 18:26:44.656,6890.0,30,6880.0,10986,6870.0,3591,6860.0,14665,6850.0,16959,6900.0,18500,6910.0,26879,6920.0,16457,6930.0,574,6940.0,50,2025-05-09 18:26:44.541,,2147483647,1425291,False,nan
10925,1790638,1612929874,MERV - XMEV - GGAL - 24hs,6900.0,2025-05-09 18:26:39,8498,2025-05-09 18:26:46.818,6890.0,30,6880.0,10986,6870.0,3591,6860.0,14665,6850.0,16612,6900.0,18500,6910.0,26879,6920.0,16457,6930.0,574,6940.0,50,2025-05-09 18:26:46.726,,2147483647,1425291,False,nan
10926,1790876,1612930158,MERV - XMEV - GGAL - 24hs,6900.0,2025-05-09 18:26:39,8498,2025-05-09 18:26:48.511,6890.0,30,6880.0,10986,6870.0,3591,6860.0,14665,6850.0,16612,6900.0,18500,6910.0,26879,6920.0,16557,6930.0,574,6940.0,50,2025-05-09 18:26:48.388,,2147483647,1425291,False,nan
10927,1790981,1612930297,MERV - XMEV - GGAL - 24hs,6900.0,2025-05-09 18:26:49,1449,2025-05-09 18:26:49.634,6890.0,30,6880.0,10986,6870.0,3591,6860.0,14665,6850.0,16612,6900.0,18500,6910.0,26879,6920.0,16557,6930.0,574,6940.0,50,2025-05-09 18:26:49.546,,2147483647,1425291,True,offer
10928,1791049,1612930391,MERV - XMEV - GGAL - 24hs,6900.0,2025-05-09 18:26:49,1449,2025-05-09 18:26:50.313,6890.0,30,6880.0,10986,6870.0,3591,6860.0,14665,6850.0,16612,6900.0,17051,6910.0,26879,6920.0,16557,6930.0,574,6940.0,50,2025-05-09 18:26:50.225,,2147483647,1425291,False,nan
10929,1791115,1612930470,MERV - XMEV - GGAL - 24hs,6900.0,2025-05-09 18:26:49,1449,2025-05-09 18:26:51.183,6890.0,30,6880.0,10986,6870.0,3591,6860.0,14665,6850.0,16612,6900.0,17051,6910.0,26879,6920.0,16557,6930.0,574,6940.0,50,2025-05-09 18:26:50.911,,2147483647,1426740,False,nan
10930,1791609,1612931043,MERV - XMEV - GGAL - 24hs,6900.0,2025-05-09 18:26:49,1449,2025-05-09 18:26:53.147,6890.0,334,6880.0,10986,6870.0,3591,6860.0,14665,6850.0,16612,6900.0,17051,6910.0,26879,6920.0,16557,6930.0,574,6940.0,50,2025-05-09 18:26:53.044,,2147483647,1426740,False,nan
10931,1791663,1612931120,MERV - XMEV - GGAL - 24hs,6890.0,2025-05-09 18:26:53,192,2025-05-09 18:26:53.630,6890.0,334,6880.0,10986,6870.0,3591,6860.0,14665,6850.0,16612,6900.0,17051,6910.0,26879,6920.0,16557,6930.0,574,6940.0,50,2025-05-09 18:26:53.542,,2147483647,1426740,True,bid
10932,1791717,1612931188,MERV - XMEV - GGAL - 24hs,6890.0,2025-05-09 18:26:53,192,2025-05-09 18:26:54.142,6890.0,112,6880.0,10986,6870.0,3591,6860.0,14665,6850.0,16612,6900.0,17051,6910.0,26879,6920.0,16557,6930.0,574,6940.0,50,2025-05-09 18:26:54.042,,2147483647,1426962,False,nan
10933,1791801,1612931293,MERV - XMEV - GGAL - 24hs,6890.0,2025-05-09 18:26:53,192,2025-05-09 18:26:55.162,6890.0,112,6880.0,10986,6870.0,3591,6860.0,14665,6850.0,16612,6900.0,17051,6910.0,26879,6920.0,16557,6930.0,574,6940.0,150,2025-05-09 18:26:55.074,,2147483647,1426962,False,nan
10934,1791970,1612931479,MERV - XMEV - GGAL - 24hs,6890.0,2025-05-09 18:26:53,192,2025-05-09 18:26:56.338,6890.0,112,6880.0,10986,6870.0,3591,6860.0,29573,6850.0,1704,6900.0,51,6910.0,43879,6920.0,16557,6930.0,574,6940.0,150,2025-05-09 18:26:56.248,,2147483647,1426962,False,nan
10935,1792011,1612931526,MERV - XMEV - GGAL - 24hs,6890.0,2025-05-09 18:26:56,112,2025-05-09 18:26:56.937,6890.0,112,6880.0,10986,6870.0,3591,6860.0,29573,6850.0,1704,6900.0,51,6910.0,43879,6920.0,16557,6930.0,574,6940.0,150,2025-05-09 18:26:56.847,,2147483647,1426962,True,bid
10936,1792039,1612931566,MERV - XMEV - GGAL - 24hs,6890.0,2025-05-09 18:26:56,112,2025-05-09 18:26:57.444,6880.0,10986,6870.0,3591,6860.0,29573,6850.0,1704,6840.0,5575,6890.0,1888,6900.0,51,6910.0,43879,6920.0,16557,6930.0,574,2025-05-09 18:26:57.348,,2147483647,1426962,False,nan
10937,1792076,1612931613,MERV - XMEV - GGAL - 24hs,6890.0,2025-05-09 18:26:57,200,2025-05-09 18:26:57.937,6880.0,10986,6870.0,3591,6860.0,29573,6850.0,1704,6840.0,5575,6890.0,1888,6900.0,51,6910.0,43879,6920.0,16557,6930.0,574,2025-05-09 18:26:57.847,,2147483647,1427945,True,offer
10938,1792117,1612931664,MERV - XMEV - GGAL - 24hs,6890.0,2025-05-09 18:26:57,200,2025-05-09 18:26:58.436,6880.0,10986,6870.0,3591,6860.0,29573,6850.0,1704,6840.0,5575,6890.0,1017,6900.0,51,6910.0,43879,6920.0,16557,6930.0,574,2025-05-09 18:26:58.348,,2147483647,1427945,False,nan
10939,1792817,1612932612,MERV - XMEV - GGAL - 24hs,6890.0,2025-05-09 18:26:57,200,2025-05-09 18:27:07.312,6880.0,10986,6870.0,3591,6860.0,29573,6850.0,1704,6840.0,5575,6890.0,1018,6900.0,51,6910.0,43879,6920.0,16557,6930.0,574,2025-05-09 18:27:07.217,,2147483647,1427945,False,nan
10940,1793099,1612932987,MERV - XMEV - GGAL - 24hs,6890.0,2025-05-09 18:26:57,200,2025-05-09 18:27:10.147,6880.0,10986,6870.0,3591,6860.0,29573,6850.0,1704,6840.0,5575,6890.0,1018,6900.0,51,6910.0,33879,6920.0,26557,6930.0,574,2025-05-09 18:27:10.045,,2147483647,1427945,False,nan
10941,1793307,1612933274,MERV - XMEV - GGAL - 24hs,6890.0,2025-05-09 18:26:57,200,2025-05-09 18:27:12.121,6880.0,10986,6870.0,3591,6860.0,29573,6850.0,2398,6840.0,5575,6890.0,1018,6900.0,51,6910.0,33879,6920.0,26557,6930.0,574,2025-05-09 18:27:12.033,,2147483647,1427945,False,nan
10942,1793605,1612933682,MERV - XMEV - GGAL - 24hs,6880.0,2025-05-09 18:27:15,3,2025-05-09 18:27:15.763,6880.0,10986,6870.0,3591,6860.0,29573,6850.0,2398,6840.0,5575,6890.0,1018,6900.0,51,6910.0,33879,6920.0,26557,6930.0,574,2025-05-09 18:27:15.675,,2147483647,1427945,True,bid
10943,1793637,1612933722,MERV - XMEV - GGAL - 24hs,6900.0,2025-05-09 18:27:15,5958,2025-05-09 18:27:16.262,6880.0,10986,6870.0,3591,6860.0,29573,6850.0,2398,6840.0,5575,6890.0,1018,6900.0,51,6910.0,33879,6920.0,26557,6930.0,574,2025-05-09 18:27:16.175,,2147483647,1427948,False,nan
10944,1793670,1612933764,MERV - XMEV - GGAL - 24hs,6900.0,2025-05-09 18:27:16,317,2025-05-09 18:27:16.763,6900.0,2973,6880.0,10983,6870.0,3591,6860.0,29573,6850.0,2398,6910.0,33879,6920.0,26557,6930.0,574,6940.0,150,6950.0,2487,2025-05-09 18:27:16.675,,2147483647,1435031,True,offer
10945,1793743,1612933854,MERV - XMEV - GGAL - 24hs,6900.0,2025-05-09 18:27:16,317,2025-05-09 18:27:17.692,6900.0,2600,6880.0,10983,6870.0,3591,6860.0,29573,6850.0,2398,6910.0,33879,6920.0,26557,6930.0,574,6940.0,150,6950.0,2487,2025-05-09 18:27:17.401,,2147483647,1435031,False,nan
10946,1793786,1612933904,MERV - XMEV - GGAL - 24hs,6900.0,2025-05-09 18:27:16,317,2025-05-09 18:27:17.865,6900.0,2600,6880.0,10983,6870.0,3591,6860.0,29573,6850.0,2398,6910.0,33879,6920.0,26557,6930.0,574,6940.0,150,6950.0,2487,2025-05-09 18:27:17.773,,2147483647,1435348,False,nan
10947,1793932,1612934094,MERV - XMEV - GGAL - 24hs,6900.0,2025-05-09 18:27:16,317,2025-05-09 18:27:19.590,6900.0,2600,6890.0,2,6880.0,10983,6870.0,3591,6860.0,29573,6910.0,33879,6920.0,26557,6930.0,574,6940.0,150,6950.0,2487,2025-05-09 18:27:19.496,,2147483647,1435348,False,nan
10948,1794558,1612934827,MERV - XMEV - GGAL - 24hs,6900.0,2025-05-09 18:27:16,317,2025-05-09 18:27:26.884,6900.0,2600,6890.0,2,6880.0,10983,6870.0,3591,6860.0,29573,6910.0,33879,6920.0,21557,6930.0,5574,6940.0,150,6950.0,2487,2025-05-09 18:27:26.795,,2147483647,1435348,False,nan
10949,1794842,1612935204,MERV - XMEV - GGAL - 24hs,6900.0,2025-05-09 18:27:16,317,2025-05-09 18:27:29.066,6900.0,2600,6890.0,2,6880.0,10983,6870.0,3591,6860.0,29573,6910.0,33879,6920.0,21557,6930.0,5074,6940.0,150,6950.0,2987,2025-05-09 18:27:28.977,,2147483647,1435348,False,nan
10950,1795218,1612935678,MERV - XMEV - GGAL - 24hs,6900.0,2025-05-09 18:27:33,1,2025-05-09 18:27:33.900,6900.0,2600,6890.0,2,6880.0,10983,6870.0,3591,6860.0,29573,6910.0,33879,6920.0,21557,6930.0,5074,6940.0,150,6950.0,2987,2025-05-09 18:27:33.808,,2147483647,1435348,True,bid
10951,1795262,1612935731,MERV - XMEV - GGAL - 24hs,6900.0,2025-05-09 18:27:33,1,2025-05-09 18:27:34.565,6900.0,2599,6890.0,2,6880.0,10983,6870.0,3591,6860.0,29573,6910.0,33879,6920.0,21557,6930.0,5074,6940.0,150,6950.0,2987,2025-05-09 18:27:34.477,,2147483647,1435348,False,nan
10952,1795297,1612935771,MERV - XMEV - GGAL - 24hs,6900.0,2025-05-09 18:27:33,1,2025-05-09 18:27:35.064,6900.0,2599,6890.0,2,6880.0,10983,6870.0,3591,6860.0,29573,6910.0,33879,6920.0,21557,6930.0,5074,6940.0,150,6950.0,2987,2025-05-09 18:27:34.975,,2147483647,1435349,False,nan
10953,1795351,1612935842,MERV - XMEV - GGAL - 24hs,6900.0,2025-05-09 18:27:33,1,2025-05-09 18:27:36.042,6900.0,2599,6890.0,2,6880.0,983,6870.0,3591,6860.0,29573,6910.0,33879,6920.0,21557,6930.0,5074,6940.0,150,6950.0,2987,2025-05-09 18:27:35.953,,2147483647,1435349,False,nan
10954,1795590,1612936125,MERV - XMEV - GGAL - 24hs,6910.0,2025-05-09 18:27:38,50,2025-05-09 18:27:38.470,6900.0,2599,6890.0,2,6880.0,983,6870.0,3591,6860.0,29573,6910.0,33879,6920.0,21557,6930.0,5074,6940.0,150,6950.0,2987,2025-05-09 18:27:38.381,,2147483647,1435349,True,offer
10955,1795627,1612936170,MERV - XMEV - GGAL - 24hs,6910.0,2025-05-09 18:27:38,196,2025-05-09 18:27:38.969,6900.0,2599,6890.0,2,6880.0,983,6870.0,3591,6860.0,31191,6910.0,33633,6920.0,21557,6930.0,5074,6940.0,150,6950.0,2987,2025-05-09 18:27:38.881,,2147483647,1435349,False,nan
10956,1795702,1612936266,MERV - XMEV - GGAL - 24hs,6910.0,2025-05-09 18:27:38,196,2025-05-09 18:27:39.475,6900.0,2599,6890.0,2,6880.0,983,6870.0,3591,6860.0,31191,6910.0,33633,6920.0,21557,6930.0,5074,6940.0,150,6950.0,2987,2025-05-09 18:27:39.381,,2147483647,1435595,False,nan
10957,1795764,1612936339,MERV - XMEV - GGAL - 24hs,6910.0,2025-05-09 18:27:38,196,2025-05-09 18:27:39.969,6900.0,2599,6890.0,2,6880.0,983,6870.0,3591,6860.0,31305,6910.0,33633,6920.0,21557,6930.0,5074,6940.0,150,6950.0,2987,2025-05-09 18:27:39.881,,2147483647,1435595,False,nan
10958,1795794,1612936375,MERV - XMEV - GGAL - 24hs,6900.0,2025-05-09 18:27:39,2000,2025-05-09 18:27:40.470,6900.0,2599,6890.0,2,6880.0,983,6870.0,3591,6860.0,31305,6910.0,33633,6920.0,21557,6930.0,5074,6940.0,150,6950.0,2987,2025-05-09 18:27:40.381,,2147483647,1435595,True,bid
10959,1795826,1612936414,MERV - XMEV - GGAL - 24hs,6900.0,2025-05-09 18:27:39,2000,2025-05-09 18:27:40.975,6900.0,599,6890.0,2,6880.0,983,6870.0,3591,6860.0,31305,6910.0,33633,6920.0,21557,6930.0,5074,6940.0,150,6950.0,2987,2025-05-09 18:27:40.881,,2147483647,1437595,False,nan
10960,1795885,1612936494,MERV - XMEV - GGAL - 24hs,6900.0,2025-05-09 18:27:39,2000,2025-05-09 18:27:41.918,6900.0,599,6890.0,2,6880.0,983,6870.0,312,6860.0,30959,6910.0,33633,6920.0,21557,6930.0,5074,6940.0,150,6950.0,2987,2025-05-09 18:27:41.826,,2147483647,1437595,False,nan
10961,1795940,1612936594,MERV - XMEV - GGAL - 24hs,6900.0,2025-05-09 18:27:42,147,2025-05-09 18:27:42.865,6900.0,599,6890.0,2,6880.0,983,6870.0,312,6860.0,30959,6910.0,33633,6920.0,21557,6930.0,5074,6940.0,150,6950.0,2987,2025-05-09 18:27:42.773,,2147483647,1437595,True,bid
10962,1795985,1612936657,MERV - XMEV - GGAL - 24hs,6900.0,2025-05-09 18:27:42,147,2025-05-09 18:27:43.453,6900.0,452,6890.0,2,6880.0,983,6870.0,312,6860.0,31305,6910.0,33633,6920.0,21557,6930.0,5074,6940.0,150,6950.0,2987,2025-05-09 18:27:43.357,,2147483647,1437595,False,nan
10963,1796022,1612936706,MERV - XMEV - GGAL - 24hs,6900.0,2025-05-09 18:27:42,147,2025-05-09 18:27:43.947,6900.0,452,6890.0,2,6880.0,983,6870.0,312,6860.0,31305,6910.0,33633,6920.0,21557,6930.0,5074,6940.0,150,6950.0,2987,2025-05-09 18:27:43.857,,2147483647,1437742,False,nan
10964,1796075,1612936780,MERV - XMEV - GGAL - 24hs,6900.0,2025-05-09 18:27:44,50,2025-05-09 18:27:44.732,6900.0,452,6890.0,2,6880.0,983,6870.0,312,6860.0,31305,6910.0,33633,6920.0,21557,6930.0,5074,6940.0,150,6950.0,2987,2025-05-09 18:27:44.642,,2147483647,1437742,True,bid
10965,1796131,1612936852,MERV - XMEV - GGAL - 24hs,6900.0,2025-05-09 18:27:44,50,2025-05-09 18:27:45.395,6900.0,402,6890.0,2,6880.0,983,6870.0,312,6860.0,31305,6910.0,33633,6920.0,21557,6930.0,5074,6940.0,150,6950.0,2987,2025-05-09 18:27:45.304,,2147483647,1437742,False,nan
10966,1796172,1612936904,MERV - XMEV - GGAL - 24hs,6900.0,2025-05-09 18:27:44,50,2025-05-09 18:27:45.892,6900.0,402,6890.0,2,6880.0,983,6870.0,312,6860.0,31305,6910.0,33633,6920.0,21557,6930.0,5074,6940.0,150,6950.0,2987,2025-05-09 18:27:45.804,,2147483647,1437792,False,nan
10967,1796293,1612937045,MERV - XMEV - GGAL - 24hs,6900.0,2025-05-09 18:27:44,50,2025-05-09 18:27:47.024,6900.0,402,6890.0,2,6880.0,983,6870.0,312,6860.0,31305,6910.0,31633,6920.0,23557,6930.0,5074,6940.0,150,6950.0,2987,2025-05-09 18:27:46.793,,2147483647,1437792,False,nan
10968,1796319,1612937084,MERV - XMEV - GGAL - 24hs,6900.0,2025-05-09 18:27:46,250,2025-05-09 18:27:47.151,6900.0,402,6890.0,2,6880.0,983,6870.0,312,6860.0,31305,6910.0,31633,6920.0,23557,6930.0,5074,6940.0,150,6950.0,2987,2025-05-09 18:27:46.938,,2147483647,1437792,True,bid
10969,1796376,1612937150,MERV - XMEV - GGAL - 24hs,6900.0,2025-05-09 18:27:47,152,2025-05-09 18:27:47.566,6900.0,152,6890.0,2,6880.0,983,6870.0,312,6860.0,31305,6910.0,31633,6920.0,23557,6930.0,5074,6940.0,150,6950.0,2987,2025-05-09 18:27:47.437,,2147483647,1438042,True,bid
10970,1796449,1612937233,MERV - XMEV - GGAL - 24hs,6900.0,2025-05-09 18:27:47,152,2025-05-09 18:27:48.025,6900.0,152,6890.0,2,6880.0,983,6870.0,312,6860.0,31305,6910.0,31633,6920.0,23557,6930.0,5074,6940.0,150,6950.0,2987,2025-05-09 18:27:47.937,,2147483647,1438194,False,nan
10971,1796474,1612937266,MERV - XMEV - GGAL - 24hs,6900.0,2025-05-09 18:27:47,152,2025-05-09 18:27:48.525,6890.0,2,6880.0,983,6870.0,312,6860.0,30959,6850.0,2012,6900.0,300,6910.0,31633,6920.0,23557,6930.0,5074,6940.0,150,2025-05-09 18:27:48.437,,2147483647,1438194,False,nan
10972,1796502,1612937301,MERV - XMEV - GGAL - 24hs,6900.0,2025-05-09 18:27:47,152,2025-05-09 18:27:49.155,6890.0,2,6880.0,983,6870.0,312,6860.0,31305,6850.0,2012,6900.0,300,6910.0,31633,6920.0,23557,6930.0,5074,6940.0,150,2025-05-09 18:27:49.067,,2147483647,1438194,False,nan
10973,1796592,1612937412,MERV - XMEV - GGAL - 24hs,6900.0,2025-05-09 18:27:47,152,2025-05-09 18:27:49.910,6890.0,2,6880.0,983,6870.0,312,6860.0,30959,6850.0,2012,6900.0,300,6910.0,31633,6920.0,23557,6930.0,5074,6940.0,150,2025-05-09 18:27:49.821,,2147483647,1438194,False,nan
10974,1796658,1612937512,MERV - XMEV - GGAL - 24hs,6900.0,2025-05-09 18:27:47,152,2025-05-09 18:27:50.892,6890.0,2,6880.0,983,6870.0,312,6860.0,31305,6850.0,2012,6900.0,300,6910.0,31633,6920.0,23557,6930.0,5074,6940.0,150,2025-05-09 18:27:50.804,,2147483647,1438194,False,nan
10975,1796853,1612937767,MERV - XMEV - GGAL - 24hs,6900.0,2025-05-09 18:27:53,30,2025-05-09 18:27:53.339,6890.0,2,6880.0,983,6870.0,312,6860.0,31305,6850.0,2012,6900.0,300,6910.0,31633,6920.0,23557,6930.0,5074,6940.0,150,2025-05-09 18:27:53.251,,2147483647,1438194,True,offer
10976,1796899,1612937826,MERV - XMEV - GGAL - 24hs,6900.0,2025-05-09 18:27:53,30,2025-05-09 18:27:53.954,6890.0,2,6880.0,983,6870.0,312,6860.0,31305,6850.0,2012,6900.0,270,6910.0,31633,6920.0,23557,6930.0,5074,6940.0,150,2025-05-09 18:27:53.866,,2147483647,1438194,False,nan
10977,1796933,1612937865,MERV - XMEV - GGAL - 24hs,6900.0,2025-05-09 18:27:53,30,2025-05-09 18:27:54.459,6890.0,2,6880.0,983,6870.0,312,6860.0,31305,6850.0,2012,6900.0,270,6910.0,31633,6920.0,23557,6930.0,5074,6940.0,150,2025-05-09 18:27:54.367,,2147483647,1438224,False,nan
10978,1797091,1612938065,MERV - XMEV - GGAL - 24hs,6900.0,2025-05-09 18:27:56,2,2025-05-09 18:27:56.556,6890.0,2,6880.0,983,6870.0,312,6860.0,31305,6850.0,2012,6900.0,270,6910.0,31633,6920.0,23557,6930.0,5074,6940.0,150,2025-05-09 18:27:56.468,,2147483647,1438224,True,offer
10979,1797130,1612938109,MERV - XMEV - GGAL - 24hs,6900.0,2025-05-09 18:27:56,2,2025-05-09 18:27:57.056,6890.0,2,6880.0,983,6870.0,312,6860.0,31305,6850.0,2012,6900.0,268,6910.0,31633,6920.0,23557,6930.0,5074,6940.0,150,2025-05-09 18:27:56.966,,2147483647,1438224,False,nan
10980,1797161,1612938167,MERV - XMEV - GGAL - 24hs,6900.0,2025-05-09 18:27:56,2,2025-05-09 18:27:57.572,6890.0,2,6880.0,983,6870.0,312,6860.0,31305,6850.0,2012,6900.0,268,6910.0,31633,6920.0,23557,6930.0,5074,6940.0,150,2025-05-09 18:27:57.466,,2147483647,1438226,False,nan
10981,1797350,1612938401,MERV - XMEV - GGAL - 24hs,6900.0,2025-05-09 18:27:56,2,2025-05-09 18:27:59.741,6890.0,2,6880.0,1875,6870.0,312,6860.0,31305,6850.0,2012,6900.0,268,6910.0,31633,6920.0,23557,6930.0,5074,6940.0,150,2025-05-09 18:27:59.652,,2147483647,1438226,False,nan
10982,1797698,1612938842,MERV - XMEV - GGAL - 24hs,6900.0,2025-05-09 18:27:56,2,2025-05-09 18:28:04.453,6890.0,2,6880.0,1875,6870.0,312,6860.0,31310,6850.0,2012,6900.0,268,6910.0,31633,6920.0,23557,6930.0,5074,6940.0,150,2025-05-09 18:28:04.361,,2147483647,1438226,False,nan
10983,1797825,1612939008,MERV - XMEV - GGAL - 24hs,6900.0,2025-05-09 18:27:56,2,2025-05-09 18:28:05.750,6890.0,2,6880.0,1875,6870.0,312,6860.0,31310,6850.0,2012,6900.0,268,6910.0,31633,6920.0,28557,6930.0,74,6940.0,150,2025-05-09 18:28:05.658,,2147483647,1438226,False,nan
10984,1797900,1612939107,MERV - XMEV - GGAL - 24hs,6900.0,2025-05-09 18:27:56,2,2025-05-09 18:28:06.709,6890.0,2,6880.0,1875,6870.0,312,6860.0,30617,6850.0,2012,6900.0,268,6910.0,31633,6920.0,28557,6930.0,74,6940.0,150,2025-05-09 18:28:06.617,,2147483647,1438226,False,nan
10985,1798000,1612939245,MERV - XMEV - GGAL - 24hs,6900.0,2025-05-09 18:27:56,2,2025-05-09 18:28:08.214,6890.0,2,6880.0,1875,6870.0,312,6860.0,30270,6850.0,2012,6900.0,268,6910.0,31633,6920.0,28557,6930.0,74,6940.0,150,2025-05-09 18:28:08.121,,2147483647,1438226,False,nan
10986,1798123,1612939413,MERV - XMEV - GGAL - 24hs,6900.0,2025-05-09 18:27:56,2,2025-05-09 18:28:09.515,6890.0,2,6880.0,1875,6870.0,312,6860.0,30270,6850.0,2012,6900.0,768,6910.0,31633,6920.0,28557,6930.0,74,6940.0,150,2025-05-09 18:28:09.416,,2147483647,1438226,False,nan
10987,1798166,1612939492,MERV - XMEV - GGAL - 24hs,6900.0,2025-05-09 18:28:09,21,2025-05-09 18:28:10.314,6890.0,2,6880.0,1875,6870.0,312,6860.0,30270,6850.0,2012,6900.0,768,6910.0,31633,6920.0,28557,6930.0,74,6940.0,150,2025-05-09 18:28:10.119,,2147483647,1438226,True,offer
10988,1798216,1612939559,MERV - XMEV - GGAL - 24hs,6900.0,2025-05-09 18:28:09,21,2025-05-09 18:28:10.534,6890.0,2,6880.0,1875,6870.0,312,6860.0,30270,6850.0,2012,6900.0,747,6910.0,31633,6920.0,28557,6930.0,74,6940.0,150,2025-05-09 18:28:10.416,,2147483647,1438247,False,nan
10989,1798435,1612939858,MERV - XMEV - GGAL - 24hs,6900.0,2025-05-09 18:28:09,21,2025-05-09 18:28:13.228,6890.0,67,6880.0,1730,6870.0,312,6860.0,30270,6850.0,2012,6900.0,747,6910.0,31633,6920.0,28557,6930.0,74,6940.0,150,2025-05-09 18:28:13.140,,2147483647,1438247,False,nan
10990,1798531,1612939986,MERV - XMEV - GGAL - 24hs,6900.0,2025-05-09 18:28:09,21,2025-05-09 18:28:14.519,6890.0,67,6880.0,1730,6870.0,312,6860.0,33044,6850.0,2012,6900.0,747,6910.0,31633,6920.0,28557,6930.0,74,6940.0,150,2025-05-09 18:28:14.418,,2147483647,1438247,False,nan
10991,1798585,1612940062,MERV - XMEV - GGAL - 24hs,6900.0,2025-05-09 18:28:09,21,2025-05-09 18:28:15.332,6890.0,67,6880.0,1730,6870.0,312,6860.0,33391,6850.0,2012,6900.0,747,6910.0,31633,6920.0,28557,6930.0,74,6940.0,150,2025-05-09 18:28:15.238,,2147483647,1438247,False,nan
10992,1799001,1612940601,MERV - XMEV - GGAL - 24hs,6900.0,2025-05-09 18:28:09,21,2025-05-09 18:28:18.980,6890.0,67,6880.0,1730,6870.0,312,6860.0,33391,6850.0,2112,6900.0,747,6910.0,31633,6920.0,28557,6930.0,74,6940.0,150,2025-05-09 18:28:18.887,,2147483647,1438247,False,nan
10993,1799148,1612940779,MERV - XMEV - GGAL - 24hs,6900.0,2025-05-09 18:28:09,21,2025-05-09 18:28:20.487,6890.0,77,6880.0,1730,6870.0,312,6860.0,33391,6850.0,2112,6900.0,747,6910.0,31633,6920.0,28557,6930.0,74,6940.0,150,2025-05-09 18:28:20.399,,2147483647,1438247,False,nan
10994,1799259,1612940909,MERV - XMEV - GGAL - 24hs,6900.0,2025-05-09 18:28:21,8,2025-05-09 18:28:21.762,6890.0,77,6880.0,1730,6870.0,312,6860.0,33391,6850.0,2112,6900.0,747,6910.0,31633,6920.0,28557,6930.0,74,6940.0,150,2025-05-09 18:28:21.674,,2147483647,1438247,True,offer
10995,1799300,1612940963,MERV - XMEV - GGAL - 24hs,6900.0,2025-05-09 18:28:21,8,2025-05-09 18:28:22.427,6890.0,77,6880.0,1730,6870.0,312,6860.0,33391,6850.0,2112,6900.0,739,6910.0,31633,6920.0,28557,6930.0,74,6940.0,150,2025-05-09 18:28:22.338,,2147483647,1438247,False,nan
10996,1799329,1612940999,MERV - XMEV - GGAL - 24hs,6900.0,2025-05-09 18:28:21,8,2025-05-09 18:28:22.927,6890.0,77,6880.0,1730,6870.0,312,6860.0,33391,6850.0,2112,6900.0,739,6910.0,31633,6920.0,28557,6930.0,74,6940.0,150,2025-05-09 18:28:22.839,,2147483647,1438255,False,nan
10997,1799524,1612941241,MERV - XMEV - GGAL - 24hs,6900.0,2025-05-09 18:28:21,8,2025-05-09 18:28:26.208,6890.0,77,6880.0,1730,6870.0,312,6860.0,33391,6850.0,2112,6900.0,1369,6910.0,31633,6920.0,28557,6930.0,74,6940.0,150,2025-05-09 18:28:26.118,,2147483647,1438255,False,nan
10998,1799571,1612941300,MERV - XMEV - GGAL - 24hs,6900.0,2025-05-09 18:28:21,8,2025-05-09 18:28:26.947,6890.0,77,6880.0,5730,6870.0,312,6860.0,33391,6850.0,2112,6900.0,1369,6910.0,31633,6920.0,28557,6930.0,74,6940.0,150,2025-05-09 18:28:26.859,,2147483647,1438255,False,nan
10999,1799816,1612941620,MERV - XMEV - GGAL - 24hs,6900.0,2025-05-09 18:28:30,102,2025-05-09 18:28:30.796,6890.0,77,6880.0,5730,6870.0,312,6860.0,33391,6850.0,2112,6900.0,1369,6910.0,31633,6920.0,28557,6930.0,74,6940.0,150,2025-05-09 18:28:30.674,,2147483647,1438255,True,offer
11000,1799862,1612941681,MERV - XMEV - GGAL - 24hs,6900.0,2025-05-09 18:28:30,102,2025-05-09 18:28:30.980,6890.0,77,6880.0,5730,6870.0,312,6860.0,33391,6850.0,2112,6900.0,1267,6910.0,31633,6920.0,28557,6930.0,74,6940.0,150,2025-05-09 18:28:30.817,,2147483647,1438255,False,nan
11001,1799898,1612941728,MERV - XMEV - GGAL - 24hs,6900.0,2025-05-09 18:28:30,102,2025-05-09 18:28:31.408,6890.0,77,6880.0,5730,6870.0,312,6860.0,33391,6850.0,2112,6900.0,1267,6910.0,31633,6920.0,28557,6930.0,74,6940.0,150,2025-05-09 18:28:31.318,,2147483647,1438357,False,nan
11002,1799940,1612941790,MERV - XMEV - GGAL - 24hs,6900.0,2025-05-09 18:28:30,102,2025-05-09 18:28:31.909,6890.0,77,6880.0,5730,6870.0,312,6860.0,33591,6850.0,2112,6900.0,1267,6910.0,31633,6920.0,28557,6930.0,74,6940.0,150,2025-05-09 18:28:31.817,,2147483647,1438357,False,nan
11003,1800059,1612941946,MERV - XMEV - GGAL - 24hs,6900.0,2025-05-09 18:28:32,137,2025-05-09 18:28:33.067,6890.0,77,6880.0,5730,6870.0,312,6860.0,33591,6850.0,2112,6900.0,1267,6910.0,31633,6920.0,28557,6930.0,74,6940.0,150,2025-05-09 18:28:32.976,,2147483647,1438357,True,offer
11004,1800087,1612941985,MERV - XMEV - GGAL - 24hs,6900.0,2025-05-09 18:28:33,61,2025-05-09 18:28:33.562,6890.0,77,6880.0,5730,6870.0,312,6860.0,18683,6850.0,16020,6900.0,1035,6910.0,31633,6920.0,28557,6930.0,74,6940.0,150,2025-05-09 18:28:33.474,,2147483647,1438528,True,offer
11005,1800121,1612942028,MERV - XMEV - GGAL - 24hs,6900.0,2025-05-09 18:28:33,3,2025-05-09 18:28:34.066,6890.0,77,6880.0,5730,6870.0,312,6860.0,18683,6850.0,16020,6900.0,1035,6910.0,31633,6920.0,28557,6930.0,74,6940.0,150,2025-05-09 18:28:33.974,,2147483647,1438589,False,nan
11006,1800156,1612942074,MERV - XMEV - GGAL - 24hs,6900.0,2025-05-09 18:28:33,3,2025-05-09 18:28:34.567,6890.0,77,6880.0,5730,6870.0,312,6860.0,18683,6850.0,16020,6900.0,1032,6910.0,31633,6920.0,28557,6930.0,74,6940.0,150,2025-05-09 18:28:34.474,,2147483647,1438589,False,nan
11007,1800190,1612942117,MERV - XMEV - GGAL - 24hs,6900.0,2025-05-09 18:28:33,3,2025-05-09 18:28:35.069,6890.0,77,6880.0,5730,6870.0,312,6860.0,18683,6850.0,16020,6900.0,1032,6910.0,31633,6920.0,28557,6930.0,74,6940.0,150,2025-05-09 18:28:34.976,,2147483647,1438592,False,nan
11008,1800447,1612942477,MERV - XMEV - GGAL - 24hs,6900.0,2025-05-09 18:28:38,6,2025-05-09 18:28:38.214,6890.0,77,6880.0,5730,6870.0,312,6860.0,18683,6850.0,16020,6900.0,1032,6910.0,31633,6920.0,28557,6930.0,74,6940.0,150,2025-05-09 18:28:38.126,,2147483647,1438592,True,offer
11009,1800485,1612942528,MERV - XMEV - GGAL - 24hs,6900.0,2025-05-09 18:28:38,6,2025-05-09 18:28:38.873,6890.0,77,6880.0,5730,6870.0,312,6860.0,18683,6850.0,16020,6900.0,1026,6910.0,31633,6920.0,28557,6930.0,74,6940.0,150,2025-05-09 18:28:38.784,,2147483647,1438592,False,nan
11010,1800536,1612942594,MERV - XMEV - GGAL - 24hs,6900.0,2025-05-09 18:28:38,604,2025-05-09 18:28:39.375,6890.0,77,6880.0,5730,6870.0,312,6860.0,18683,6850.0,16020,6900.0,1026,6910.0,31633,6920.0,28557,6930.0,74,6940.0,150,2025-05-09 18:28:39.286,,2147483647,1438598,False,nan
11011,1800580,1612942649,MERV - XMEV - GGAL - 24hs,6900.0,2025-05-09 18:28:38,604,2025-05-09 18:28:39.890,6890.0,77,6880.0,5730,6870.0,312,6860.0,18683,6850.0,16020,6900.0,26,6910.0,31633,6920.0,28557,6930.0,74,6940.0,150,2025-05-09 18:28:39.786,,2147483647,1439598,False,nan
11012,1800664,1612942762,MERV - XMEV - GGAL - 24hs,6900.0,2025-05-09 18:28:38,604,2025-05-09 18:28:40.835,6890.0,77,6880.0,5730,6870.0,312,6860.0,18336,6850.0,16020,6900.0,26,6910.0,31633,6920.0,28557,6930.0,74,6940.0,150,2025-05-09 18:28:40.743,,2147483647,1439598,False,nan
11013,1800754,1612942885,MERV - XMEV - GGAL - 24hs,6900.0,2025-05-09 18:28:38,604,2025-05-09 18:28:42.341,6890.0,77,6880.0,5730,6870.0,312,6860.0,18683,6850.0,16020,6900.0,26,6910.0,31633,6920.0,28557,6930.0,74,6940.0,150,2025-05-09 18:28:42.249,,2147483647,1439598,False,nan
11014,1801077,1612943299,MERV - XMEV - GGAL - 24hs,6900.0,2025-05-09 18:28:38,604,2025-05-09 18:28:44.728,6890.0,77,6880.0,5730,6870.0,312,6860.0,18336,6850.0,16020,6900.0,26,6910.0,31633,6920.0,28557,6930.0,74,6940.0,150,2025-05-09 18:28:44.628,,2147483647,1439598,False,nan
11015,1801648,1612944035,MERV - XMEV - GGAL - 24hs,6900.0,2025-05-09 18:28:49,26,2025-05-09 18:28:49.249,6890.0,77,6880.0,5730,6870.0,312,6860.0,18336,6850.0,16020,6900.0,26,6910.0,31633,6920.0,28557,6930.0,74,6940.0,150,2025-05-09 18:28:49.159,,2147483647,1439598,True,offer
11016,1801707,1612944116,MERV - XMEV - GGAL - 24hs,6900.0,2025-05-09 18:28:49,26,2025-05-09 18:28:49.924,6900.0,887,6890.0,77,6880.0,5730,6870.0,312,6860.0,18336,6910.0,31633,6920.0,28557,6930.0,74,6940.0,150,6950.0,2987,2025-05-09 18:28:49.831,,2147483647,1439598,False,nan
11017,1801778,1612944209,MERV - XMEV - GGAL - 24hs,6900.0,2025-05-09 18:28:50,52,2025-05-09 18:28:50.424,6900.0,887,6890.0,77,6880.0,5730,6870.0,312,6860.0,18336,6910.0,31633,6920.0,28557,6930.0,74,6940.0,150,6950.0,2987,2025-05-09 18:28:50.331,,2147483647,1439624,True,bid
11018,1801850,1612944306,MERV - XMEV - GGAL - 24hs,6900.0,2025-05-09 18:28:50,52,2025-05-09 18:28:50.924,6900.0,835,6890.0,77,6880.0,5730,6870.0,312,6860.0,18336,6910.0,31633,6920.0,28557,6930.0,74,6940.0,150,6950.0,2987,2025-05-09 18:28:50.831,,2147483647,1439676,False,nan
11019,1802006,1612944505,MERV - XMEV - GGAL - 24hs,6900.0,2025-05-09 18:28:50,52,2025-05-09 18:28:52.775,6900.0,835,6890.0,77,6880.0,5730,6870.0,312,6860.0,17990,6910.0,31633,6920.0,28557,6930.0,74,6940.0,150,6950.0,2987,2025-05-09 18:28:52.573,,2147483647,1439676,False,nan
11020,1802381,1612944979,MERV - XMEV - GGAL - 24hs,6900.0,2025-05-09 18:28:55,835,2025-05-09 18:28:56.087,6900.0,835,6890.0,77,6880.0,5730,6870.0,312,6860.0,17990,6910.0,31633,6920.0,28557,6930.0,74,6940.0,150,6950.0,2987,2025-05-09 18:28:55.989,,2147483647,1439676,True,bid
11021,1802441,1612945057,MERV - XMEV - GGAL - 24hs,6900.0,2025-05-09 18:28:55,835,2025-05-09 18:28:56.588,6890.0,77,6880.0,5730,6870.0,312,6860.0,17990,6850.0,16020,6900.0,165,6910.0,31633,6920.0,28557,6930.0,74,6940.0,150,2025-05-09 18:28:56.489,,2147483647,1439676,False,nan
11022,1802537,1612945188,MERV - XMEV - GGAL - 24hs,6900.0,2025-05-09 18:28:55,835,2025-05-09 18:28:57.078,6890.0,77,6880.0,5730,6870.0,312,6860.0,17990,6850.0,16020,6900.0,165,6910.0,31633,6920.0,28557,6930.0,74,6940.0,150,2025-05-09 18:28:56.989,,2147483647,1440511,False,nan
11023,1802573,1612945233,MERV - XMEV - GGAL - 24hs,6900.0,2025-05-09 18:28:55,835,2025-05-09 18:28:57.578,6890.0,77,6880.0,5730,6870.0,388,6860.0,18336,6850.0,16020,6900.0,165,6910.0,31633,6920.0,28557,6930.0,74,6940.0,150,2025-05-09 18:28:57.489,,2147483647,1440511,False,nan
11024,1802665,1612945338,MERV - XMEV - GGAL - 24hs,6900.0,2025-05-09 18:28:55,835,2025-05-09 18:28:58.356,6890.0,77,6880.0,5730,6870.0,388,6860.0,17990,6850.0,16020,6900.0,165,6910.0,31633,6920.0,28557,6930.0,74,6940.0,150,2025-05-09 18:28:58.264,,2147483647,1440511,False,nan
11025,1802871,1612945623,MERV - XMEV - GGAL - 24hs,6900.0,2025-05-09 18:28:55,835,2025-05-09 18:29:00.690,6890.0,77,6880.0,5730,6870.0,388,6860.0,17990,6850.0,16020,6900.0,215,6910.0,31633,6920.0,28557,6930.0,74,6940.0,150,2025-05-09 18:29:00.601,,2147483647,1440511,False,nan
11026,1803134,1612945968,MERV - XMEV - GGAL - 24hs,6900.0,2025-05-09 18:28:55,835,2025-05-09 18:29:03.903,6890.0,77,6880.0,5730,6870.0,17776,6860.0,14870,6850.0,16020,6900.0,215,6910.0,31633,6920.0,28557,6930.0,74,6940.0,150,2025-05-09 18:29:03.811,,2147483647,1440511,False,nan
11027,1804202,1612947341,MERV - XMEV - GGAL - 24hs,6900.0,2025-05-09 18:29:12,1,2025-05-09 18:29:13.029,6890.0,77,6880.0,5730,6870.0,17776,6860.0,14870,6850.0,16020,6900.0,215,6910.0,31633,6920.0,28557,6930.0,74,6940.0,150,2025-05-09 18:29:12.941,,2147483647,1440511,True,offer
11028,1804251,1612947403,MERV - XMEV - GGAL - 24hs,6900.0,2025-05-09 18:29:12,42,2025-05-09 18:29:13.531,6890.0,77,6880.0,5730,6870.0,17776,6860.0,14870,6850.0,16020,6900.0,215,6910.0,31633,6920.0,28557,6930.0,74,6940.0,150,2025-05-09 18:29:13.440,,2147483647,1440512,False,nan
11029,1804303,1612947466,MERV - XMEV - GGAL - 24hs,6900.0,2025-05-09 18:29:12,42,2025-05-09 18:29:14.028,6890.0,77,6880.0,5730,6870.0,17776,6860.0,14870,6850.0,16020,6900.0,172,6910.0,31633,6920.0,28557,6930.0,74,6940.0,150,2025-05-09 18:29:13.940,,2147483647,1440554,False,nan
11030,1804366,1612947567,MERV - XMEV - GGAL - 24hs,6900.0,2025-05-09 18:29:12,42,2025-05-09 18:29:14.529,6890.0,77,6880.0,5730,6870.0,17775,6860.0,14870,6850.0,16020,6900.0,172,6910.0,31633,6920.0,28557,6930.0,74,6940.0,150,2025-05-09 18:29:14.441,,2147483647,1440554,False,nan
11031,1804772,1612948081,MERV - XMEV - GGAL - 24hs,6900.0,2025-05-09 18:29:12,42,2025-05-09 18:29:19.232,6890.0,77,6880.0,5980,6870.0,17775,6860.0,14870,6850.0,16020,6900.0,172,6910.0,31633,6920.0,28557,6930.0,74,6940.0,150,2025-05-09 18:29:19.142,,2147483647,1440554,False,nan
11032,1804872,1612948207,MERV - XMEV - GGAL - 24hs,6900.0,2025-05-09 18:29:19,122,2025-05-09 18:29:19.856,6890.0,77,6880.0,5980,6870.0,17775,6860.0,14870,6850.0,16020,6900.0,172,6910.0,31633,6920.0,28557,6930.0,74,6940.0,150,2025-05-09 18:29:19.765,,2147483647,1440554,True,offer
11033,1805006,1612948374,MERV - XMEV - GGAL - 24hs,6900.0,2025-05-09 18:29:19,50,2025-05-09 18:29:20.390,6890.0,77,6880.0,5980,6870.0,17775,6860.0,14870,6850.0,16020,6900.0,172,6910.0,31633,6920.0,28557,6930.0,74,6940.0,150,2025-05-09 18:29:20.264,,2147483647,1440554,False,nan
11034,1805050,1612948445,MERV - XMEV - GGAL - 24hs,6900.0,2025-05-09 18:29:19,50,2025-05-09 18:29:20.883,6900.0,1277,6890.0,77,6880.0,5980,6870.0,17775,6860.0,14870,6910.0,31633,6920.0,28557,6930.0,74,6940.0,150,6950.0,2987,2025-05-09 18:29:20.765,,2147483647,1440726,False,nan
11035,1805176,1612948594,MERV - XMEV - GGAL - 24hs,6900.0,2025-05-09 18:29:22,1000,2025-05-09 18:29:22.417,6900.0,1277,6890.0,77,6880.0,5980,6870.0,17775,6860.0,14870,6910.0,31633,6920.0,28557,6930.0,74,6940.0,150,6950.0,2987,2025-05-09 18:29:22.329,,2147483647,1440726,True,bid
11036,1805228,1612948655,MERV - XMEV - GGAL - 24hs,6900.0,2025-05-09 18:29:22,1000,2025-05-09 18:29:22.922,6900.0,277,6890.0,77,6880.0,5980,6870.0,17775,6860.0,14870,6910.0,31633,6920.0,23557,6930.0,5074,6940.0,150,6950.0,2987,2025-05-09 18:29:22.829,,2147483647,1440726,False,nan
11037,1805282,1612948717,MERV - XMEV - GGAL - 24hs,6900.0,2025-05-09 18:29:22,1000,2025-05-09 18:29:23.419,6900.0,277,6890.0,77,6880.0,5980,6870.0,17775,6860.0,14870,6910.0,31633,6920.0,23557,6930.0,5074,6940.0,150,6950.0,2987,2025-05-09 18:29:23.330,,2147483647,1441726,False,nan
11038,1805998,1612949586,MERV - XMEV - GGAL - 24hs,6910.0,2025-05-09 18:29:31,72,2025-05-09 18:29:31.944,6900.0,277,6890.0,77,6880.0,5980,6870.0,17775,6860.0,14870,6910.0,31633,6920.0,23557,6930.0,5074,6940.0,150,6950.0,2987,2025-05-09 18:29:31.852,,2147483647,1441726,True,offer
11039,1806080,1612949686,MERV - XMEV - GGAL - 24hs,6910.0,2025-05-09 18:29:31,72,2025-05-09 18:29:32.608,6900.0,277,6890.0,77,6880.0,5980,6870.0,17775,6860.0,14870,6910.0,31561,6920.0,23557,6930.0,5074,6940.0,150,6950.0,2987,2025-05-09 18:29:32.510,,2147483647,1441726,False,nan
11040,1806108,1612949720,MERV - XMEV - GGAL - 24hs,6910.0,2025-05-09 18:29:31,72,2025-05-09 18:29:33.101,6900.0,277,6890.0,77,6880.0,5980,6870.0,17775,6860.0,14870,6910.0,31561,6920.0,23557,6930.0,5074,6940.0,150,6950.0,2987,2025-05-09 18:29:33.011,,2147483647,1441798,False,nan
11041,1807239,1612951092,MERV - XMEV - GGAL - 24hs,6910.0,2025-05-09 18:29:45,5,2025-05-09 18:29:45.344,6900.0,277,6890.0,77,6880.0,5980,6870.0,17775,6860.0,14870,6910.0,31561,6920.0,23557,6930.0,5074,6940.0,150,6950.0,2987,2025-05-09 18:29:45.245,,2147483647,1441798,True,offer
11042,1807270,1612951127,MERV - XMEV - GGAL - 24hs,6900.0,2025-05-09 18:29:45,271,2025-05-09 18:29:45.839,6900.0,277,6890.0,77,6880.0,5980,6870.0,17775,6860.0,14870,6910.0,31561,6920.0,23557,6930.0,5074,6940.0,150,6950.0,2987,2025-05-09 18:29:45.745,,2147483647,1441803,False,nan
11043,1807301,1612951162,MERV - XMEV - GGAL - 24hs,6900.0,2025-05-09 18:29:45,271,2025-05-09 18:29:46.337,6900.0,6,6890.0,77,6880.0,6194,6870.0,17775,6860.0,14870,6910.0,31556,6920.0,23557,6930.0,5074,6940.0,150,6950.0,2987,2025-05-09 18:29:46.244,,2147483647,1442074,False,nan
11044,1807465,1612951370,MERV - XMEV - GGAL - 24hs,6900.0,2025-05-09 18:29:45,271,2025-05-09 18:29:48.715,6900.0,6,6890.0,77,6880.0,6194,6870.0,19162,6860.0,14870,6910.0,31556,6920.0,23557,6930.0,5074,6940.0,150,6950.0,2987,2025-05-09 18:29:48.493,,2147483647,1442074,False,nan
11045,1807569,1612951489,MERV - XMEV - GGAL - 24hs,6900.0,2025-05-09 18:29:45,271,2025-05-09 18:29:49.211,6900.0,6,6890.0,77,6880.0,6194,6870.0,19162,6860.0,14870,6910.0,31556,6920.0,22832,6930.0,5074,6940.0,150,6950.0,2987,2025-05-09 18:29:49.093,,2147483647,1442074,False,nan
11046,1807641,1612951575,MERV - XMEV - GGAL - 24hs,6900.0,2025-05-09 18:29:45,271,2025-05-09 18:29:50.174,6900.0,6,6890.0,77,6880.0,6194,6870.0,19162,6860.0,14870,6910.0,31556,6920.0,27832,6930.0,74,6940.0,150,6950.0,2987,2025-05-09 18:29:50.086,,2147483647,1442074,False,nan
11047,1807695,1612951641,MERV - XMEV - GGAL - 24hs,6900.0,2025-05-09 18:29:45,271,2025-05-09 18:29:50.929,6900.0,6,6890.0,77,6880.0,6194,6870.0,18815,6860.0,14870,6910.0,31556,6920.0,27832,6930.0,74,6940.0,150,6950.0,2987,2025-05-09 18:29:50.840,,2147483647,1442074,False,nan
11048,1807797,1612951770,MERV - XMEV - GGAL - 24hs,6900.0,2025-05-09 18:29:45,271,2025-05-09 18:29:52.176,6900.0,6,6890.0,77,6880.0,6194,6870.0,19162,6860.0,14870,6910.0,31556,6920.0,27832,6930.0,74,6940.0,150,6950.0,2987,2025-05-09 18:29:52.077,,2147483647,1442074,False,nan
11049,1807881,1612951877,MERV - XMEV - GGAL - 24hs,6900.0,2025-05-09 18:29:45,271,2025-05-09 18:29:52.928,6900.0,6,6890.0,77,6880.0,6194,6870.0,18815,6860.0,14870,6910.0,31556,6920.0,27832,6930.0,74,6940.0,150,6950.0,2987,2025-05-09 18:29:52.838,,2147483647,1442074,False,nan
11050,1808005,1612952034,MERV - XMEV - GGAL - 24hs,6900.0,2025-05-09 18:29:45,271,2025-05-09 18:29:54.281,6900.0,6,6890.0,77,6880.0,6194,6870.0,18469,6860.0,14870,6910.0,31556,6920.0,27832,6930.0,74,6940.0,150,6950.0,2987,2025-05-09 18:29:54.190,,2147483647,1442074,False,nan
11051,1808222,1612952299,MERV - XMEV - GGAL - 24hs,6900.0,2025-05-09 18:29:56,6,2025-05-09 18:29:56.403,6900.0,6,6890.0,77,6880.0,6194,6870.0,18469,6860.0,14870,6910.0,31556,6920.0,27832,6930.0,74,6940.0,150,6950.0,2987,2025-05-09 18:29:56.282,,2147483647,1442074,True,bid
11052,1808250,1612952333,MERV - XMEV - GGAL - 24hs,6900.0,2025-05-09 18:29:56,6,2025-05-09 18:29:56.883,6890.0,77,6880.0,6194,6870.0,18469,6860.0,14870,6850.0,16020,6900.0,741,6910.0,31556,6920.0,27832,6930.0,74,6940.0,150,2025-05-09 18:29:56.786,,2147483647,1442074,False,nan
11053,1808291,1612952385,MERV - XMEV - GGAL - 24hs,6900.0,2025-05-09 18:29:56,6,2025-05-09 18:29:57.385,6890.0,77,6880.0,6194,6870.0,18469,6860.0,14870,6850.0,16020,6900.0,741,6910.0,31556,6920.0,27832,6930.0,74,6940.0,150,2025-05-09 18:29:57.294,,2147483647,1442080,False,nan
11054,1808639,1612952816,MERV - XMEV - GGAL - 24hs,6890.0,2025-05-09 18:30:01,1,2025-05-09 18:30:01.413,6890.0,77,6880.0,6194,6870.0,18469,6860.0,14870,6850.0,16020,6900.0,741,6910.0,31556,6920.0,27832,6930.0,74,6940.0,150,2025-05-09 18:30:01.325,,2147483647,1442080,True,bid
11055,1808696,1612952887,MERV - XMEV - GGAL - 24hs,6890.0,2025-05-09 18:30:01,1,2025-05-09 18:30:01.914,6890.0,76,6880.0,6194,6870.0,18469,6860.0,14870,6850.0,16020,6900.0,741,6910.0,31556,6920.0,27832,6930.0,74,6940.0,150,2025-05-09 18:30:01.825,,2147483647,1442080,False,nan
11056,1808729,1612952929,MERV - XMEV - GGAL - 24hs,6890.0,2025-05-09 18:30:01,1,2025-05-09 18:30:02.416,6890.0,76,6880.0,6194,6870.0,18469,6860.0,14870,6850.0,16020,6900.0,741,6910.0,31556,6920.0,27832,6930.0,74,6940.0,150,2025-05-09 18:30:02.328,,2147483647,1442081,False,nan
11057,1808792,1612953000,MERV - XMEV - GGAL - 24hs,6890.0,2025-05-09 18:30:01,1,2025-05-09 18:30:03.201,6890.0,76,6880.0,6194,6870.0,638,6860.0,14870,6850.0,23303,6900.0,741,6910.0,31556,6920.0,27832,6930.0,74,6940.0,150,2025-05-09 18:30:03.112,,2147483647,1442081,False,nan
11058,1808856,1612953073,MERV - XMEV - GGAL - 24hs,6900.0,2025-05-09 18:30:03,100,2025-05-09 18:30:03.992,6890.0,76,6880.0,6194,6870.0,638,6860.0,14870,6850.0,23303,6900.0,741,6910.0,31556,6920.0,27832,6930.0,74,6940.0,150,2025-05-09 18:30:03.705,,2147483647,1442081,True,offer
11059,1808911,1612953136,MERV - XMEV - GGAL - 24hs,6900.0,2025-05-09 18:30:03,100,2025-05-09 18:30:04.202,6890.0,76,6880.0,6194,6870.0,638,6860.0,14870,6850.0,16020,6900.0,641,6910.0,31556,6920.0,27832,6930.0,74,6940.0,150,2025-05-09 18:30:04.111,,2147483647,1442081,False,nan
11060,1808950,1612953183,MERV - XMEV - GGAL - 24hs,6900.0,2025-05-09 18:30:03,100,2025-05-09 18:30:04.700,6890.0,76,6880.0,6194,6870.0,638,6860.0,14870,6850.0,16020,6900.0,641,6910.0,31556,6920.0,27832,6930.0,74,6940.0,150,2025-05-09 18:30:04.612,,2147483647,1442181,False,nan
11061,1808993,1612953235,MERV - XMEV - GGAL - 24hs,6900.0,2025-05-09 18:30:03,100,2025-05-09 18:30:05.200,6890.0,76,6880.0,6194,6870.0,638,6860.0,14870,6850.0,17406,6900.0,641,6910.0,31556,6920.0,27832,6930.0,74,6940.0,150,2025-05-09 18:30:05.112,,2147483647,1442181,False,nan
11062,1809046,1612953297,MERV - XMEV - GGAL - 24hs,6900.0,2025-05-09 18:30:05,10,2025-05-09 18:30:05.700,6890.0,76,6880.0,6194,6870.0,638,6860.0,14870,6850.0,17406,6900.0,641,6910.0,31556,6920.0,27832,6930.0,74,6940.0,150,2025-05-09 18:30:05.612,,2147483647,1442181,True,offer
11063,1809076,1612953336,MERV - XMEV - GGAL - 24hs,6900.0,2025-05-09 18:30:05,10,2025-05-09 18:30:06.202,6890.0,76,6880.0,6194,6870.0,638,6860.0,14870,6850.0,17406,6900.0,631,6910.0,31556,6920.0,27832,6930.0,74,6940.0,150,2025-05-09 18:30:06.112,,2147483647,1442191,False,nan
11064,1809115,1612953380,MERV - XMEV - GGAL - 24hs,6900.0,2025-05-09 18:30:05,10,2025-05-09 18:30:06.700,6890.0,76,6880.0,6194,6870.0,638,6860.0,14870,6850.0,17753,6900.0,631,6910.0,31556,6920.0,27832,6930.0,74,6940.0,150,2025-05-09 18:30:06.612,,2147483647,1442191,False,nan
11065,1809155,1612953432,MERV - XMEV - GGAL - 24hs,6900.0,2025-05-09 18:30:05,10,2025-05-09 18:30:07.201,6890.0,76,6880.0,6204,6870.0,638,6860.0,14870,6850.0,18753,6900.0,631,6910.0,31556,6920.0,27832,6930.0,74,6940.0,150,2025-05-09 18:30:07.112,,2147483647,1442191,False,nan
11066,1809338,1612953646,MERV - XMEV - GGAL - 24hs,6890.0,2025-05-09 18:30:08,1,2025-05-09 18:30:09.071,6890.0,76,6880.0,6204,6870.0,638,6860.0,14870,6850.0,18753,6900.0,631,6910.0,31556,6920.0,27832,6930.0,74,6940.0,150,2025-05-09 18:30:08.984,,2147483647,1442191,True,bid
11067,1809378,1612953699,MERV - XMEV - GGAL - 24hs,6890.0,2025-05-09 18:30:08,1,2025-05-09 18:30:09.572,6890.0,74,6880.0,6204,6870.0,638,6860.0,14870,6850.0,18720,6900.0,631,6910.0,31556,6920.0,27832,6930.0,74,6940.0,150,2025-05-09 18:30:09.483,,2147483647,1442191,False,nan
11068,1809417,1612953750,MERV - XMEV - GGAL - 24hs,6900.0,2025-05-09 18:30:09,12,2025-05-09 18:30:10.076,6890.0,74,6880.0,6204,6870.0,638,6860.0,14870,6850.0,18720,6900.0,631,6910.0,31556,6920.0,27832,6930.0,74,6940.0,150,2025-05-09 18:30:09.986,,2147483647,1442205,True,offer
11069,1809449,1612953789,MERV - XMEV - GGAL - 24hs,6900.0,2025-05-09 18:30:09,12,2025-05-09 18:30:10.579,6890.0,74,6880.0,6204,6870.0,638,6860.0,14870,6850.0,18753,6900.0,619,6910.0,31556,6920.0,27832,6930.0,74,6940.0,150,2025-05-09 18:30:10.486,,2147483647,1442205,False,nan
11070,1809729,1612954126,MERV - XMEV - GGAL - 24hs,6900.0,2025-05-09 18:30:09,12,2025-05-09 18:30:13.391,6890.0,74,6880.0,6204,6870.0,638,6860.0,14870,6850.0,17753,6900.0,619,6910.0,31556,6920.0,27832,6930.0,74,6940.0,150,2025-05-09 18:30:13.296,,2147483647,1442205,False,nan
11071,1809937,1612954379,MERV - XMEV - GGAL - 24hs,6900.0,2025-05-09 18:30:14,7,2025-05-09 18:30:14.913,6890.0,74,6880.0,6204,6870.0,638,6860.0,14870,6850.0,17753,6900.0,619,6910.0,31556,6920.0,27832,6930.0,74,6940.0,150,2025-05-09 18:30:14.824,,2147483647,1442205,True,offer
11072,1809980,1612954436,MERV - XMEV - GGAL - 24hs,6900.0,2025-05-09 18:30:15,612,2025-05-09 18:30:15.452,6890.0,74,6880.0,6204,6870.0,638,6860.0,14870,6850.0,17753,6900.0,619,6910.0,31556,6920.0,27832,6930.0,74,6940.0,150,2025-05-09 18:30:15.364,,2147483647,1442212,True,offer
11073,1810014,1612954479,MERV - XMEV - GGAL - 24hs,6900.0,2025-05-09 18:30:15,576,2025-05-09 18:30:15.952,6900.0,718,6890.0,74,6880.0,6204,6870.0,638,6860.0,15215,6910.0,31556,6920.0,27832,6930.0,74,6940.0,150,6950.0,2987,2025-05-09 18:30:15.865,,2147483647,1442824,False,nan
11074,1810051,1612954525,MERV - XMEV - GGAL - 24hs,6900.0,2025-05-09 18:30:15,576,2025-05-09 18:30:16.589,6900.0,3421,6890.0,74,6880.0,6204,6870.0,638,6860.0,15562,6910.0,31556,6920.0,27832,6930.0,74,6940.0,150,6950.0,2987,2025-05-09 18:30:16.500,,2147483647,1442824,False,nan
11075,1810096,1612954583,MERV - XMEV - GGAL - 24hs,6900.0,2025-05-09 18:30:15,576,2025-05-09 18:30:17.087,6900.0,3421,6890.0,74,6880.0,6204,6870.0,638,6860.0,15562,6910.0,31556,6920.0,27832,6930.0,74,6940.0,150,6950.0,2987,2025-05-09 18:30:17.000,,2147483647,1443400,False,nan
11076,1810268,1612954813,MERV - XMEV - GGAL - 24hs,6900.0,2025-05-09 18:30:15,576,2025-05-09 18:30:18.834,6900.0,3421,6890.0,74,6880.0,6204,6870.0,638,6860.0,14870,6910.0,31556,6920.0,27832,6930.0,74,6940.0,150,6950.0,2987,2025-05-09 18:30:18.745,,2147483647,1443400,False,nan
11077,1810323,1612954879,MERV - XMEV - GGAL - 24hs,6900.0,2025-05-09 18:30:19,142,2025-05-09 18:30:19.496,6900.0,3421,6890.0,74,6880.0,6204,6870.0,638,6860.0,14870,6910.0,31556,6920.0,27832,6930.0,74,6940.0,150,6950.0,2987,2025-05-09 18:30:19.399,,2147483647,1443400,True,bid
11078,1810375,1612954940,MERV - XMEV - GGAL - 24hs,6900.0,2025-05-09 18:30:19,705,2025-05-09 18:30:19.990,6900.0,2574,6890.0,74,6880.0,5954,6870.0,638,6860.0,14870,6910.0,31556,6920.0,22832,6930.0,5074,6940.0,150,6950.0,2987,2025-05-09 18:30:19.900,,2147483647,1443400,False,nan
11079,1810420,1612954999,MERV - XMEV - GGAL - 24hs,6900.0,2025-05-09 18:30:19,705,2025-05-09 18:30:20.935,6900.0,2574,6890.0,74,6880.0,5954,6870.0,638,6860.0,14870,6910.0,31556,6920.0,22832,6930.0,5074,6940.0,150,6950.0,2987,2025-05-09 18:30:20.795,,2147483647,1444247,False,nan
11080,1810964,1612955661,MERV - XMEV - GGAL - 24hs,6900.0,2025-05-09 18:30:19,705,2025-05-09 18:30:26.660,6900.0,2583,6890.0,74,6880.0,5954,6870.0,638,6860.0,14870,6910.0,31556,6920.0,22832,6930.0,5074,6940.0,150,6950.0,2987,2025-05-09 18:30:26.561,,2147483647,1444247,False,nan
11081,1811104,1612955831,MERV - XMEV - GGAL - 24hs,6900.0,2025-05-09 18:30:28,564,2025-05-09 18:30:28.486,6900.0,2583,6890.0,74,6880.0,5954,6870.0,638,6860.0,14870,6910.0,31556,6920.0,22832,6930.0,5074,6940.0,150,6950.0,2987,2025-05-09 18:30:28.398,,2147483647,1444247,True,bid
11082,1811149,1612955893,MERV - XMEV - GGAL - 24hs,6900.0,2025-05-09 18:30:28,564,2025-05-09 18:30:29.156,6900.0,2019,6890.0,74,6880.0,5954,6870.0,638,6860.0,14870,6910.0,31556,6920.0,22832,6930.0,5074,6940.0,150,6950.0,2987,2025-05-09 18:30:29.067,,2147483647,1444247,False,nan
11083,1811182,1612955941,MERV - XMEV - GGAL - 24hs,6910.0,2025-05-09 18:30:29,146,2025-05-09 18:30:29.657,6900.0,2019,6890.0,74,6880.0,5954,6870.0,638,6860.0,14870,6910.0,31556,6920.0,22832,6930.0,5074,6940.0,150,6950.0,2987,2025-05-09 18:30:29.568,,2147483647,1444811,True,offer
11084,1811232,1612956000,MERV - XMEV - GGAL - 24hs,6910.0,2025-05-09 18:30:29,146,2025-05-09 18:30:30.163,6900.0,2019,6890.0,74,6880.0,5954,6870.0,838,6860.0,14870,6910.0,31156,6920.0,22832,6930.0,5074,6940.0,150,6950.0,2987,2025-05-09 18:30:30.068,,2147483647,1445211,False,nan
11085,1811399,1612956206,MERV - XMEV - GGAL - 24hs,6900.0,2025-05-09 18:30:32,1000,2025-05-09 18:30:32.266,6900.0,2019,6890.0,74,6880.0,5954,6870.0,838,6860.0,14870,6910.0,31156,6920.0,22832,6930.0,5074,6940.0,150,6950.0,2987,2025-05-09 18:30:32.177,,2147483647,1445211,True,bid
11086,1811453,1612956267,MERV - XMEV - GGAL - 24hs,6910.0,2025-05-09 18:30:32,6,2025-05-09 18:30:32.771,6900.0,2019,6890.0,74,6880.0,5954,6870.0,838,6860.0,14870,6910.0,31156,6920.0,22832,6930.0,5074,6940.0,150,6950.0,2987,2025-05-09 18:30:32.679,,2147483647,1446211,False,nan
11087,1811548,1612956385,MERV - XMEV - GGAL - 24hs,6910.0,2025-05-09 18:30:32,6,2025-05-09 18:30:33.307,6900.0,1019,6890.0,74,6880.0,5954,6870.0,838,6860.0,14870,6910.0,31150,6920.0,22832,6930.0,5074,6940.0,150,6950.0,2987,2025-05-09 18:30:33.184,,2147483647,1446217,False,nan
11088,1811886,1612956801,MERV - XMEV - GGAL - 24hs,6910.0,2025-05-09 18:30:32,6,2025-05-09 18:30:36.127,6900.0,1019,6890.0,74,6880.0,5954,6870.0,738,6860.0,14870,6910.0,31150,6920.0,22832,6930.0,5074,6940.0,150,6950.0,2987,2025-05-09 18:30:36.039,,2147483647,1446217,False,nan
11089,1812057,1612957017,MERV - XMEV - GGAL - 24hs,6910.0,2025-05-09 18:30:37,3,2025-05-09 18:30:37.830,6900.0,1019,6890.0,74,6880.0,5954,6870.0,738,6860.0,14870,6910.0,31150,6920.0,22832,6930.0,5074,6940.0,150,6950.0,2987,2025-05-09 18:30:37.742,,2147483647,1446217,True,offer
11090,1812106,1612957072,MERV - XMEV - GGAL - 24hs,6900.0,2025-05-09 18:30:37,2,2025-05-09 18:30:38.353,6900.0,1017,6890.0,74,6880.0,5954,6870.0,738,6860.0,14870,6910.0,31147,6920.0,22832,6930.0,5074,6940.0,150,6950.0,2987,2025-05-09 18:30:38.241,,2147483647,1446220,False,nan
11091,1812167,1612957144,MERV - XMEV - GGAL - 24hs,6900.0,2025-05-09 18:30:37,2,2025-05-09 18:30:38.830,6900.0,1017,6890.0,74,6880.0,5954,6870.0,738,6860.0,14870,6910.0,31147,6920.0,22832,6930.0,5074,6940.0,150,6950.0,2987,2025-05-09 18:30:38.742,,2147483647,1446222,False,nan
11092,1812241,1612957235,MERV - XMEV - GGAL - 24hs,6900.0,2025-05-09 18:30:37,2,2025-05-09 18:30:39.335,6900.0,1017,6890.0,74,6880.0,5954,6870.0,738,6860.0,16498,6910.0,31147,6920.0,22832,6930.0,5074,6940.0,150,6950.0,2987,2025-05-09 18:30:39.242,,2147483647,1446222,False,nan
11093,1812338,1612957344,MERV - XMEV - GGAL - 24hs,6900.0,2025-05-09 18:30:37,2,2025-05-09 18:30:39.903,6900.0,1017,6890.0,74,6880.0,5954,6870.0,738,6860.0,16498,6910.0,31147,6920.0,12832,6930.0,15074,6940.0,150,6950.0,2987,2025-05-09 18:30:39.804,,2147483647,1446222,False,nan
11094,1812821,1612958040,MERV - XMEV - GGAL - 24hs,6900.0,2025-05-09 18:30:37,2,2025-05-09 18:30:43.246,6900.0,1017,6890.0,74,6880.0,5954,6870.0,738,6860.0,18232,6910.0,31147,6920.0,12832,6930.0,15074,6940.0,150,6950.0,2987,2025-05-09 18:30:42.594,,2147483647,1446222,False,nan
11095,1812862,1612958114,MERV - XMEV - GGAL - 24hs,6910.0,2025-05-09 18:30:42,72,2025-05-09 18:30:43.474,6900.0,1017,6890.0,74,6880.0,5954,6870.0,738,6860.0,18232,6910.0,31147,6920.0,12832,6930.0,15074,6940.0,150,6950.0,2987,2025-05-09 18:30:42.696,,2147483647,1446222,True,offer
11096,1812884,1612958140,MERV - XMEV - GGAL - 24hs,6910.0,2025-05-09 18:30:42,72,2025-05-09 18:30:43.555,6900.0,1017,6890.0,74,6880.0,5954,6870.0,738,6860.0,18232,6910.0,31075,6920.0,12832,6930.0,15074,6940.0,150,6950.0,2987,2025-05-09 18:30:43.176,,2147483647,1446222,False,nan
11097,1812920,1612958185,MERV - XMEV - GGAL - 24hs,6910.0,2025-05-09 18:30:42,72,2025-05-09 18:30:43.764,6900.0,1017,6890.0,74,6880.0,5954,6870.0,738,6860.0,18232,6910.0,31075,6920.0,12832,6930.0,15074,6940.0,150,6950.0,2987,2025-05-09 18:30:43.677,,2147483647,1446294,False,nan
11098,1812971,1612958251,MERV - XMEV - GGAL - 24hs,6910.0,2025-05-09 18:30:42,72,2025-05-09 18:30:44.339,6900.0,1017,6890.0,198,6880.0,5954,6870.0,738,6860.0,18232,6910.0,31075,6920.0,12832,6930.0,15074,6940.0,150,6950.0,2987,2025-05-09 18:30:44.247,,2147483647,1446294,False,nan
11099,1813473,1612958881,MERV - XMEV - GGAL - 24hs,6910.0,2025-05-09 18:30:50,650,2025-05-09 18:30:50.937,6900.0,1017,6890.0,198,6880.0,5954,6870.0,738,6860.0,18232,6910.0,31075,6920.0,12832,6930.0,15074,6940.0,150,6950.0,2987,2025-05-09 18:30:50.846,,2147483647,1446294,True,offer
11100,1813522,1612958955,MERV - XMEV - GGAL - 24hs,6910.0,2025-05-09 18:30:50,650,2025-05-09 18:30:51.603,6900.0,1017,6890.0,198,6880.0,5954,6870.0,738,6860.0,18232,6910.0,30425,6920.0,12832,6930.0,15074,6940.0,150,6950.0,2987,2025-05-09 18:30:51.509,,2147483647,1446294,False,nan
11101,1813577,1612959035,MERV - XMEV - GGAL - 24hs,6910.0,2025-05-09 18:30:50,650,2025-05-09 18:30:52.096,6900.0,1017,6890.0,198,6880.0,5954,6870.0,738,6860.0,18232,6910.0,30425,6920.0,12832,6930.0,15074,6940.0,150,6950.0,2987,2025-05-09 18:30:52.008,,2147483647,1446944,False,nan
11102,1814031,1612959607,MERV - XMEV - GGAL - 24hs,6910.0,2025-05-09 18:30:50,650,2025-05-09 18:30:55.201,6900.0,1017,6890.0,198,6880.0,5954,6870.0,738,6860.0,16845,6910.0,30425,6920.0,12832,6930.0,15074,6940.0,150,6950.0,2987,2025-05-09 18:30:55.094,,2147483647,1446944,False,nan
11103,1814083,1612959670,MERV - XMEV - GGAL - 24hs,6910.0,2025-05-09 18:30:55,63,2025-05-09 18:30:55.686,6900.0,1017,6890.0,198,6880.0,5954,6870.0,738,6860.0,16845,6910.0,30425,6920.0,12832,6930.0,15074,6940.0,150,6950.0,2987,2025-05-09 18:30:55.594,,2147483647,1446944,True,offer
11104,1814128,1612959744,MERV - XMEV - GGAL - 24hs,6910.0,2025-05-09 18:30:55,63,2025-05-09 18:30:56.186,6900.0,1017,6890.0,198,6880.0,5954,6870.0,738,6860.0,17539,6910.0,29951,6920.0,12832,6930.0,15074,6940.0,150,6950.0,2987,2025-05-09 18:30:56.094,,2147483647,1446944,False,nan
11105,1814160,1612959792,MERV - XMEV - GGAL - 24hs,6910.0,2025-05-09 18:30:55,63,2025-05-09 18:30:56.696,6900.0,1017,6890.0,198,6880.0,5954,6870.0,738,6860.0,17539,6910.0,29951,6920.0,12832,6930.0,15074,6940.0,150,6950.0,2987,2025-05-09 18:30:56.594,,2147483647,1447418,False,nan
11106,1814207,1612959847,MERV - XMEV - GGAL - 24hs,6910.0,2025-05-09 18:30:55,63,2025-05-09 18:30:57.590,6900.0,1017,6890.0,198,6880.0,5954,6870.0,738,6860.0,17192,6910.0,29951,6920.0,12832,6930.0,15074,6940.0,150,6950.0,2987,2025-05-09 18:30:57.439,,2147483647,1447418,False,nan
11107,1814234,1612959879,MERV - XMEV - GGAL - 24hs,6910.0,2025-05-09 18:30:55,63,2025-05-09 18:30:57.687,6900.0,1017,6890.0,198,6880.0,5954,6870.0,738,6860.0,17886,6910.0,29951,6920.0,12832,6930.0,15074,6940.0,150,6950.0,2987,2025-05-09 18:30:57.594,,2147483647,1447418,False,nan
11108,1814367,1612960038,MERV - XMEV - GGAL - 24hs,6910.0,2025-05-09 18:30:59,203,2025-05-09 18:30:59.508,6900.0,1017,6890.0,198,6880.0,5954,6870.0,738,6860.0,17886,6910.0,29951,6920.0,12832,6930.0,15074,6940.0,150,6950.0,2987,2025-05-09 18:30:59.420,,2147483647,1447418,True,offer
11109,1814442,1612960128,MERV - XMEV - GGAL - 24hs,6910.0,2025-05-09 18:30:59,203,2025-05-09 18:31:00.177,6900.0,1017,6890.0,198,6880.0,5954,6870.0,738,6860.0,17886,6910.0,29748,6920.0,12832,6930.0,15074,6940.0,150,6950.0,2987,2025-05-09 18:31:00.088,,2147483647,1447418,False,nan
11110,1814489,1612960179,MERV - XMEV - GGAL - 24hs,6910.0,2025-05-09 18:30:59,203,2025-05-09 18:31:00.676,6900.0,1017,6890.0,198,6880.0,5954,6870.0,738,6860.0,17886,6910.0,29748,6920.0,12832,6930.0,15074,6940.0,150,6950.0,2987,2025-05-09 18:31:00.588,,2147483647,1447621,False,nan
11111,1814669,1612960403,MERV - XMEV - GGAL - 24hs,6910.0,2025-05-09 18:30:59,203,2025-05-09 18:31:03.227,6900.0,1027,6890.0,198,6880.0,5954,6870.0,738,6860.0,17886,6910.0,29748,6920.0,12832,6930.0,15074,6940.0,150,6950.0,2987,2025-05-09 18:31:03.139,,2147483647,1447621,False,nan
11112,1814702,1612960439,MERV - XMEV - GGAL - 24hs,6910.0,2025-05-09 18:31:03,100,2025-05-09 18:31:03.729,6900.0,1027,6890.0,198,6880.0,5954,6870.0,738,6860.0,17886,6910.0,29748,6920.0,12832,6930.0,15074,6940.0,150,6950.0,2987,2025-05-09 18:31:03.640,,2147483647,1447621,True,offer
11113,1814738,1612960484,MERV - XMEV - GGAL - 24hs,6910.0,2025-05-09 18:31:03,100,2025-05-09 18:31:04.227,6900.0,1027,6890.0,198,6880.0,5954,6870.0,738,6860.0,17886,6910.0,29648,6920.0,12832,6930.0,15074,6940.0,150,6950.0,2987,2025-05-09 18:31:04.139,,2147483647,1447721,False,nan
11114,1814918,1612960698,MERV - XMEV - GGAL - 24hs,6910.0,2025-05-09 18:31:03,100,2025-05-09 18:31:05.324,6900.0,1027,6890.0,198,6880.0,5954,6870.0,738,6860.0,18232,6910.0,29648,6920.0,12832,6930.0,15074,6940.0,150,6950.0,2987,2025-05-09 18:31:05.236,,2147483647,1447721,False,nan
11115,1814990,1612960779,MERV - XMEV - GGAL - 24hs,6910.0,2025-05-09 18:31:03,100,2025-05-09 18:31:06.083,6900.0,1027,6890.0,198,6880.0,5954,6870.0,738,6860.0,18232,6910.0,29648,6920.0,12832,6930.0,15074,6940.0,150,6950.0,3037,2025-05-09 18:31:05.989,,2147483647,1447721,False,nan
11116,1815116,1612960933,MERV - XMEV - GGAL - 24hs,6910.0,2025-05-09 18:31:03,100,2025-05-09 18:31:07.349,6900.0,1027,6890.0,198,6880.0,5954,6870.0,738,6860.0,18231,6910.0,29648,6920.0,12832,6930.0,15074,6940.0,150,6950.0,3037,2025-05-09 18:31:07.255,,2147483647,1447721,False,nan
11117,1815155,1612960980,MERV - XMEV - GGAL - 24hs,6910.0,2025-05-09 18:31:07,610,2025-05-09 18:31:07.848,6900.0,1027,6890.0,198,6880.0,5954,6870.0,738,6860.0,18231,6910.0,29648,6920.0,12832,6930.0,15074,6940.0,150,6950.0,3037,2025-05-09 18:31:07.757,,2147483647,1447721,True,offer
11118,1815207,1612961047,MERV - XMEV - GGAL - 24hs,6910.0,2025-05-09 18:31:07,610,2025-05-09 18:31:08.344,6900.0,1027,6890.0,198,6880.0,5954,6870.0,738,6860.0,17884,6910.0,29038,6920.0,12832,6930.0,15074,6940.0,150,6950.0,3037,2025-05-09 18:31:08.255,,2147483647,1448331,False,nan
11119,1815362,1612961231,MERV - XMEV - GGAL - 24hs,6910.0,2025-05-09 18:31:07,610,2025-05-09 18:31:09.400,6900.0,1027,6890.0,198,6880.0,5954,6870.0,838,6860.0,16497,6910.0,29038,6920.0,12832,6930.0,15074,6940.0,150,6950.0,3037,2025-05-09 18:31:09.281,,2147483647,1448331,False,nan
11120,1815407,1612961281,MERV - XMEV - GGAL - 24hs,6910.0,2025-05-09 18:31:09,44,2025-05-09 18:31:09.882,6900.0,1027,6890.0,198,6880.0,5954,6870.0,838,6860.0,16497,6910.0,29038,6920.0,12832,6930.0,15074,6940.0,150,6950.0,3037,2025-05-09 18:31:09.781,,2147483647,1448331,True,offer
11121,1815452,1612961330,MERV - XMEV - GGAL - 24hs,6910.0,2025-05-09 18:31:09,44,2025-05-09 18:31:10.375,6900.0,1027,6890.0,198,6880.0,5954,6870.0,838,6860.0,16497,6910.0,28970,6920.0,12832,6930.0,15074,6940.0,1150,6950.0,3037,2025-05-09 18:31:10.281,,2147483647,1448399,False,nan
11122,1815586,1612961498,MERV - XMEV - GGAL - 24hs,6910.0,2025-05-09 18:31:09,44,2025-05-09 18:31:11.915,6900.0,1027,6890.0,198,6880.0,5954,6870.0,1072,6860.0,14870,6910.0,28970,6920.0,12832,6930.0,15074,6940.0,1150,6950.0,3037,2025-05-09 18:31:11.808,,2147483647,1448399,False,nan
11123,1815706,1612961645,MERV - XMEV - GGAL - 24hs,6910.0,2025-05-09 18:31:09,44,2025-05-09 18:31:12.727,6900.0,1027,6890.0,198,6880.0,5954,6870.0,838,6860.0,16844,6910.0,28970,6920.0,12832,6930.0,15074,6940.0,1150,6950.0,3037,2025-05-09 18:31:12.632,,2147483647,1448399,False,nan
11124,1815768,1612961715,MERV - XMEV - GGAL - 24hs,6910.0,2025-05-09 18:31:09,44,2025-05-09 18:31:13.407,6900.0,7027,6890.0,198,6880.0,5954,6870.0,838,6860.0,17191,6910.0,28970,6920.0,12832,6930.0,15074,6940.0,1150,6950.0,3037,2025-05-09 18:31:13.319,,2147483647,1448399,False,nan
11125,1816303,1612962357,MERV - XMEV - GGAL - 24hs,6910.0,2025-05-09 18:31:19,89,2025-05-09 18:31:19.317,6900.0,7027,6890.0,198,6880.0,5954,6870.0,838,6860.0,17191,6910.0,28970,6920.0,12832,6930.0,15074,6940.0,1150,6950.0,3037,2025-05-09 18:31:19.230,,2147483647,1448399,True,offer
11126,1816344,1612962407,MERV - XMEV - GGAL - 24hs,6900.0,2025-05-09 18:31:19,125,2025-05-09 18:31:19.817,6900.0,6902,6890.0,249,6880.0,5954,6870.0,762,6860.0,17191,6910.0,28881,6920.0,12832,6930.0,15074,6940.0,1150,6950.0,3037,2025-05-09 18:31:19.729,,2147483647,1448488,False,nan
11127,1816387,1612962461,MERV - XMEV - GGAL - 24hs,6900.0,2025-05-09 18:31:19,125,2025-05-09 18:31:20.321,6900.0,6902,6890.0,249,6880.0,5954,6870.0,762,6860.0,17191,6910.0,28881,6920.0,12832,6930.0,15074,6940.0,1150,6950.0,3037,2025-05-09 18:31:20.230,,2147483647,1448613,False,nan
11128,1816479,1612962570,MERV - XMEV - GGAL - 24hs,6910.0,2025-05-09 18:31:21,15,2025-05-09 18:31:21.153,6900.0,6902,6890.0,249,6880.0,5954,6870.0,762,6860.0,17191,6910.0,28881,6920.0,12832,6930.0,15074,6940.0,1150,6950.0,3037,2025-05-09 18:31:21.063,,2147483647,1448613,True,offer
11129,1816542,1612962647,MERV - XMEV - GGAL - 24hs,6910.0,2025-05-09 18:31:21,15,2025-05-09 18:31:21.651,6900.0,6902,6890.0,249,6880.0,5954,6870.0,762,6860.0,17191,6910.0,28866,6920.0,12832,6930.0,15074,6940.0,1150,6950.0,3037,2025-05-09 18:31:21.563,,2147483647,1448613,False,nan
11130,1816597,1612962722,MERV - XMEV - GGAL - 24hs,6910.0,2025-05-09 18:31:21,15,2025-05-09 18:31:22.151,6900.0,6902,6890.0,269,6880.0,1954,6870.0,762,6860.0,17191,6910.0,28866,6920.0,12832,6930.0,15074,6940.0,1150,6950.0,3037,2025-05-09 18:31:22.063,,2147483647,1448628,False,nan
11131,1816931,1612963113,MERV - XMEV - GGAL - 24hs,6910.0,2025-05-09 18:31:21,15,2025-05-09 18:31:25.737,6900.0,6902,6890.0,269,6880.0,1954,6870.0,762,6860.0,17156,6910.0,28866,6920.0,12832,6930.0,15074,6940.0,1150,6950.0,3037,2025-05-09 18:31:25.649,,2147483647,1448628,False,nan
11132,1817066,1612963275,MERV - XMEV - GGAL - 24hs,6910.0,2025-05-09 18:31:21,15,2025-05-09 18:31:27.298,6900.0,6902,6890.0,269,6880.0,1954,6870.0,762,6860.0,17104,6910.0,28866,6920.0,12832,6930.0,15074,6940.0,1150,6950.0,3037,2025-05-09 18:31:27.035,,2147483647,1448628,False,nan
11133,1817184,1612963416,MERV - XMEV - GGAL - 24hs,6910.0,2025-05-09 18:31:21,15,2025-05-09 18:31:28.091,6900.0,6902,6890.0,269,6880.0,1954,6870.0,762,6860.0,17104,6910.0,28866,6920.0,17832,6930.0,10074,6940.0,1150,6950.0,3037,2025-05-09 18:31:27.961,,2147483647,1448628,False,nan
11134,1817218,1612963457,MERV - XMEV - GGAL - 24hs,6900.0,2025-05-09 18:31:28,6000,2025-05-09 18:31:28.553,6900.0,6902,6890.0,269,6880.0,1954,6870.0,762,6860.0,17104,6910.0,28866,6920.0,17832,6930.0,10074,6940.0,1150,6950.0,3037,2025-05-09 18:31:28.465,,2147483647,1448628,True,bid
11135,1817257,1612963505,MERV - XMEV - GGAL - 24hs,6900.0,2025-05-09 18:31:28,6000,2025-05-09 18:31:29.048,6890.0,345,6880.0,1954,6870.0,762,6860.0,17104,6850.0,17013,6910.0,15866,6920.0,20832,6930.0,5074,6940.0,1150,6950.0,3037,2025-05-09 18:31:28.959,,2147483647,1455530,False,nan
11136,1817297,1612963562,MERV - XMEV - GGAL - 24hs,6900.0,2025-05-09 18:31:28,6000,2025-05-09 18:31:29.595,6890.0,345,6880.0,1954,6870.0,762,6860.0,17104,6850.0,16013,6910.0,15866,6920.0,25832,6930.0,74,6940.0,1150,6950.0,3037,2025-05-09 18:31:29.504,,2147483647,1455530,False,nan
11137,1817335,1612963616,MERV - XMEV - GGAL - 24hs,6910.0,2025-05-09 18:31:29,7,2025-05-09 18:31:30.094,6890.0,345,6880.0,1954,6870.0,762,6860.0,17104,6850.0,16013,6910.0,15866,6920.0,25832,6930.0,74,6940.0,1150,6950.0,3037,2025-05-09 18:31:30.005,,2147483647,1455530,True,offer
11138,1817380,1612963669,MERV - XMEV - GGAL - 24hs,6910.0,2025-05-09 18:31:29,7,2025-05-09 18:31:30.592,6890.0,345,6880.0,1954,6870.0,762,6860.0,17104,6850.0,16013,6910.0,15859,6920.0,25832,6930.0,74,6940.0,1150,6950.0,3037,2025-05-09 18:31:30.505,,2147483647,1455537,False,nan
11139,1817780,1612964159,MERV - XMEV - GGAL - 24hs,6910.0,2025-05-09 18:31:29,7,2025-05-09 18:31:34.256,6890.0,345,6880.0,1954,6870.0,762,6860.0,17100,6850.0,16013,6910.0,15859,6920.0,25832,6930.0,74,6940.0,1150,6950.0,3037,2025-05-09 18:31:34.169,,2147483647,1455537,False,nan
11140,1817973,1612964404,MERV - XMEV - GGAL - 24hs,6910.0,2025-05-09 18:31:29,7,2025-05-09 18:31:36.218,6890.0,345,6880.0,1954,6870.0,762,6860.0,17100,6850.0,16013,6910.0,15859,6920.0,20832,6930.0,5074,6940.0,1150,6950.0,3037,2025-05-09 18:31:36.117,,2147483647,1455537,False,nan
11141,1818015,1612964456,MERV - XMEV - GGAL - 24hs,6910.0,2025-05-09 18:31:36,2,2025-05-09 18:31:36.706,6890.0,345,6880.0,1954,6870.0,762,6860.0,17100,6850.0,16013,6910.0,15859,6920.0,20832,6930.0,5074,6940.0,1150,6950.0,3037,2025-05-09 18:31:36.617,,2147483647,1455537,True,offer
11142,1818052,1612964497,MERV - XMEV - GGAL - 24hs,6910.0,2025-05-09 18:31:36,2,2025-05-09 18:31:37.205,6890.0,345,6880.0,1954,6870.0,762,6860.0,17100,6850.0,16013,6910.0,15857,6920.0,20832,6930.0,5074,6940.0,1150,6950.0,3037,2025-05-09 18:31:37.117,,2147483647,1455539,False,nan
11143,1818297,1612964790,MERV - XMEV - GGAL - 24hs,6910.0,2025-05-09 18:31:36,2,2025-05-09 18:31:39.825,6890.0,345,6880.0,1954,6870.0,762,6860.0,17100,6850.0,16013,6910.0,13857,6920.0,22832,6930.0,5074,6940.0,1150,6950.0,3037,2025-05-09 18:31:39.735,,2147483647,1455539,False,nan
11144,1818581,1612965110,MERV - XMEV - GGAL - 24hs,6910.0,2025-05-09 18:31:41,51,2025-05-09 18:31:41.691,6890.0,345,6880.0,1954,6870.0,762,6860.0,17100,6850.0,16013,6910.0,13857,6920.0,22832,6930.0,5074,6940.0,1150,6950.0,3037,2025-05-09 18:31:41.552,,2147483647,1455539,True,offer
11145,1818642,1612965192,MERV - XMEV - GGAL - 24hs,6910.0,2025-05-09 18:31:41,51,2025-05-09 18:31:42.303,6890.0,345,6880.0,1954,6870.0,762,6860.0,17100,6850.0,16013,6910.0,13806,6920.0,22832,6930.0,5074,6940.0,1150,6950.0,3037,2025-05-09 18:31:42.205,,2147483647,1455539,False,nan
11146,1818702,1612965259,MERV - XMEV - GGAL - 24hs,6910.0,2025-05-09 18:31:42,47,2025-05-09 18:31:42.797,6890.0,345,6880.0,1954,6870.0,762,6860.0,17100,6850.0,16013,6910.0,13806,6920.0,22832,6930.0,5074,6940.0,1150,6950.0,3037,2025-05-09 18:31:42.707,,2147483647,1455590,True,offer
11147,1818755,1612965332,MERV - XMEV - GGAL - 24hs,6910.0,2025-05-09 18:31:42,47,2025-05-09 18:31:43.296,6890.0,345,6880.0,1954,6870.0,762,6860.0,17100,6850.0,16013,6910.0,13759,6920.0,22832,6930.0,5074,6940.0,1150,6950.0,3037,2025-05-09 18:31:43.208,,2147483647,1455590,False,nan
11148,1818838,1612965431,MERV - XMEV - GGAL - 24hs,6910.0,2025-05-09 18:31:42,47,2025-05-09 18:31:43.808,6890.0,345,6880.0,1954,6870.0,762,6860.0,17100,6850.0,16013,6910.0,13759,6920.0,22832,6930.0,5074,6940.0,1150,6950.0,3037,2025-05-09 18:31:43.709,,2147483647,1455637,False,nan
11149,1818899,1612965516,MERV - XMEV - GGAL - 24hs,6910.0,2025-05-09 18:31:42,47,2025-05-09 18:31:44.302,6900.0,5,6890.0,218,6880.0,1954,6870.0,910,6860.0,17107,6910.0,13759,6920.0,22832,6930.0,5074,6940.0,1150,6950.0,3037,2025-05-09 18:31:44.207,,2147483647,1455637,False,nan
11150,1819072,1612965746,MERV - XMEV - GGAL - 24hs,6910.0,2025-05-09 18:31:42,47,2025-05-09 18:31:46.176,6900.0,5,6890.0,218,6880.0,1954,6870.0,910,6860.0,16759,6910.0,13759,6920.0,22832,6930.0,5074,6940.0,1150,6950.0,3037,2025-05-09 18:31:46.088,,2147483647,1455637,False,nan
11151,1819190,1612965902,MERV - XMEV - GGAL - 24hs,6910.0,2025-05-09 18:31:42,47,2025-05-09 18:31:47.741,6900.0,121,6890.0,218,6880.0,1954,6870.0,910,6860.0,16759,6910.0,13759,6920.0,22832,6930.0,5074,6940.0,1150,6950.0,3037,2025-05-09 18:31:47.653,,2147483647,1455637,False,nan
11152,1819227,1612965943,MERV - XMEV - GGAL - 24hs,6900.0,2025-05-09 18:31:47,111,2025-05-09 18:31:48.243,6900.0,121,6890.0,218,6880.0,1954,6870.0,910,6860.0,16759,6910.0,13759,6920.0,22832,6930.0,5074,6940.0,1150,6950.0,3037,2025-05-09 18:31:48.154,,2147483647,1455637,True,bid
11153,1819276,1612966002,MERV - XMEV - GGAL - 24hs,6900.0,2025-05-09 18:31:47,111,2025-05-09 18:31:48.750,6900.0,5,6890.0,218,6880.0,1954,6870.0,910,6860.0,16759,6910.0,13759,6920.0,23557,6930.0,5074,6940.0,1150,6950.0,3037,2025-05-09 18:31:48.658,,2147483647,1455753,False,nan
11154,1819393,1612966141,MERV - XMEV - GGAL - 24hs,6900.0,2025-05-09 18:31:47,111,2025-05-09 18:31:50.031,6900.0,82,6890.0,218,6880.0,1954,6870.0,762,6860.0,16759,6910.0,13759,6920.0,23557,6930.0,5074,6940.0,1150,6950.0,3037,2025-05-09 18:31:49.944,,2147483647,1455753,False,nan
11155,1819468,1612966229,MERV - XMEV - GGAL - 24hs,6900.0,2025-05-09 18:31:50,53,2025-05-09 18:31:50.534,6900.0,82,6890.0,218,6880.0,1954,6870.0,762,6860.0,16759,6910.0,13759,6920.0,23557,6930.0,5074,6940.0,1150,6950.0,3037,2025-05-09 18:31:50.444,,2147483647,1455753,True,bid
11156,1819545,1612966329,MERV - XMEV - GGAL - 24hs,6900.0,2025-05-09 18:31:50,24,2025-05-09 18:31:51.103,6890.0,218,6880.0,1954,6870.0,762,6860.0,17105,6850.0,17013,6900.0,34,6910.0,13759,6920.0,23557,6930.0,5074,6940.0,1150,2025-05-09 18:31:50.944,,2147483647,1455835,False,nan
11157,1819673,1612966497,MERV - XMEV - GGAL - 24hs,6900.0,2025-05-09 18:31:50,24,2025-05-09 18:31:52.315,6890.0,218,6880.0,1954,6870.0,910,6860.0,17105,6850.0,17013,6900.0,34,6910.0,13759,6920.0,23557,6930.0,5074,6940.0,1150,2025-05-09 18:31:52.223,,2147483647,1455835,False,nan
11158,1819841,1612966702,MERV - XMEV - GGAL - 24hs,6900.0,2025-05-09 18:31:50,24,2025-05-09 18:31:54.061,6890.0,218,6880.0,1954,6870.0,910,6860.0,16759,6850.0,17013,6900.0,34,6910.0,13759,6920.0,23557,6930.0,5074,6940.0,1150,2025-05-09 18:31:53.973,,2147483647,1455835,False,nan
11159,1819899,1612966774,MERV - XMEV - GGAL - 24hs,6900.0,2025-05-09 18:31:50,24,2025-05-09 18:31:54.833,6890.0,218,6880.0,1954,6870.0,910,6860.0,16796,6850.0,17013,6900.0,34,6910.0,13759,6920.0,23557,6930.0,5074,6940.0,1150,2025-05-09 18:31:54.744,,2147483647,1455835,False,nan
11160,1819968,1612966861,MERV - XMEV - GGAL - 24hs,6900.0,2025-05-09 18:31:50,24,2025-05-09 18:31:55.930,6890.0,218,6880.0,1954,6870.0,1255,6860.0,14877,6850.0,17013,6900.0,34,6910.0,13759,6920.0,23557,6930.0,5074,6940.0,1150,2025-05-09 18:31:55.842,,2147483647,1455835,False,nan
11161,1820027,1612966933,MERV - XMEV - GGAL - 24hs,6900.0,2025-05-09 18:31:56,34,2025-05-09 18:31:56.863,6890.0,218,6880.0,1954,6870.0,1255,6860.0,14877,6850.0,17013,6900.0,34,6910.0,13759,6920.0,23557,6930.0,5074,6940.0,1150,2025-05-09 18:31:56.774,,2147483647,1455835,True,offer
11162,1820072,1612966988,MERV - XMEV - GGAL - 24hs,6900.0,2025-05-09 18:31:56,34,2025-05-09 18:31:57.526,6900.0,466,6890.0,218,6880.0,1954,6870.0,1255,6860.0,14877,6910.0,13759,6920.0,23557,6930.0,5074,6940.0,1150,6950.0,3037,2025-05-09 18:31:57.437,,2147483647,1455835,False,nan
11163,1820099,1612967022,MERV - XMEV - GGAL - 24hs,6900.0,2025-05-09 18:31:57,463,2025-05-09 18:31:58.026,6900.0,466,6890.0,218,6880.0,1954,6870.0,1255,6860.0,14877,6910.0,13759,6920.0,23557,6930.0,5074,6940.0,1150,6950.0,3037,2025-05-09 18:31:57.938,,2147483647,1455869,True,bid
11164,1820165,1612967107,MERV - XMEV - GGAL - 24hs,6900.0,2025-05-09 18:31:58,3,2025-05-09 18:31:58.529,6890.0,218,6880.0,1954,6870.0,710,6860.0,17796,6850.0,17013,6900.0,286,6910.0,13759,6920.0,23557,6930.0,5074,6940.0,1150,2025-05-09 18:31:58.439,,2147483647,1456335,True,bid
11165,1820290,1612967259,MERV - XMEV - GGAL - 24hs,6900.0,2025-05-09 18:31:58,3,2025-05-09 18:31:59.352,6890.0,218,6880.0,1954,6870.0,910,6860.0,17142,6850.0,17013,6900.0,286,6910.0,13759,6920.0,23557,6930.0,5074,6940.0,1150,2025-05-09 18:31:59.252,,2147483647,1456335,False,nan
11166,1820416,1612967417,MERV - XMEV - GGAL - 24hs,6900.0,2025-05-09 18:31:58,3,2025-05-09 18:32:00.322,6890.0,218,6880.0,1954,6870.0,910,6860.0,16796,6850.0,17013,6900.0,286,6910.0,13759,6920.0,23557,6930.0,5074,6940.0,1150,2025-05-09 18:32:00.223,,2147483647,1456335,False,nan
11167,1820505,1612967531,MERV - XMEV - GGAL - 24hs,6900.0,2025-05-09 18:31:58,3,2025-05-09 18:32:01.273,6890.0,218,6880.0,1954,6870.0,1255,6860.0,14877,6850.0,17013,6900.0,286,6910.0,13759,6920.0,23557,6930.0,5074,6940.0,1150,2025-05-09 18:32:01.185,,2147483647,1456335,False,nan
11168,1820555,1612967602,MERV - XMEV - GGAL - 24hs,6890.0,2025-05-09 18:32:01,11,2025-05-09 18:32:01.774,6890.0,218,6880.0,1954,6870.0,1255,6860.0,14877,6850.0,17013,6900.0,286,6910.0,13759,6920.0,23557,6930.0,5074,6940.0,1150,2025-05-09 18:32:01.686,,2147483647,1456335,True,bid
11169,1820668,1612967736,MERV - XMEV - GGAL - 24hs,6890.0,2025-05-09 18:32:01,11,2025-05-09 18:32:02.272,6890.0,207,6880.0,1954,6870.0,1255,6860.0,14877,6850.0,17013,6900.0,286,6910.0,13759,6920.0,23557,6930.0,5074,6940.0,1150,2025-05-09 18:32:02.185,,2147483647,1456346,False,nan
11170,1821098,1612968275,MERV - XMEV - GGAL - 24hs,6890.0,2025-05-09 18:32:01,11,2025-05-09 18:32:05.551,6890.0,207,6880.0,1954,6870.0,1255,6860.0,14877,6850.0,17013,6900.0,4947,6910.0,13759,6920.0,23557,6930.0,5074,6940.0,1150,2025-05-09 18:32:05.461,,2147483647,1456346,False,nan
11171,1821316,1612968535,MERV - XMEV - GGAL - 24hs,6890.0,2025-05-09 18:32:01,11,2025-05-09 18:32:07.279,6890.0,207,6880.0,2454,6870.0,1055,6860.0,14877,6850.0,17013,6900.0,4947,6910.0,13759,6920.0,23557,6930.0,5074,6940.0,1150,2025-05-09 18:32:07.185,,2147483647,1456346,False,nan
11172,1822008,1612969438,MERV - XMEV - GGAL - 24hs,6890.0,2025-05-09 18:32:01,11,2025-05-09 18:32:14.084,6890.0,207,6880.0,2454,6870.0,1055,6860.0,14877,6850.0,17013,6900.0,4947,6910.0,13759,6920.0,28557,6930.0,74,6940.0,1150,2025-05-09 18:32:13.996,,2147483647,1456346,False,nan
11173,1822123,1612969600,MERV - XMEV - GGAL - 24hs,6890.0,2025-05-09 18:32:01,11,2025-05-09 18:32:15.111,6890.0,207,6880.0,2454,6870.0,1055,6860.0,14877,6850.0,17013,6900.0,19947,6910.0,13759,6920.0,28557,6930.0,74,6940.0,1150,2025-05-09 18:32:15.015,,2147483647,1456346,False,nan
11174,1822199,1612969697,MERV - XMEV - GGAL - 24hs,6890.0,2025-05-09 18:32:01,11,2025-05-09 18:32:15.896,6890.0,207,6880.0,2454,6870.0,1749,6860.0,14877,6850.0,17013,6900.0,19947,6910.0,13759,6920.0,28557,6930.0,74,6940.0,1150,2025-05-09 18:32:15.807,,2147483647,1456346,False,nan
11175,1822238,1612969741,MERV - XMEV - GGAL - 24hs,6900.0,2025-05-09 18:32:16,500,2025-05-09 18:32:16.395,6890.0,207,6880.0,2454,6870.0,1749,6860.0,14877,6850.0,17013,6900.0,19947,6910.0,13759,6920.0,28557,6930.0,74,6940.0,1150,2025-05-09 18:32:16.307,,2147483647,1456346,True,offer
11176,1822298,1612969808,MERV - XMEV - GGAL - 24hs,6900.0,2025-05-09 18:32:16,500,2025-05-09 18:32:16.907,6890.0,207,6880.0,2454,6870.0,2095,6860.0,14877,6850.0,17013,6900.0,19447,6910.0,13759,6920.0,28557,6930.0,74,6940.0,1150,2025-05-09 18:32:16.806,,2147483647,1456346,False,nan
11177,1822347,1612969868,MERV - XMEV - GGAL - 24hs,6900.0,2025-05-09 18:32:16,500,2025-05-09 18:32:17.394,6890.0,207,6880.0,2454,6870.0,2095,6860.0,14877,6850.0,17013,6900.0,19447,6910.0,13759,6920.0,28557,6930.0,74,6940.0,1150,2025-05-09 18:32:17.307,,2147483647,1456846,False,nan
11178,1822388,1612969923,MERV - XMEV - GGAL - 24hs,6900.0,2025-05-09 18:32:16,500,2025-05-09 18:32:17.900,6890.0,207,6880.0,2454,6870.0,2442,6860.0,14877,6850.0,17013,6900.0,19447,6910.0,13759,6920.0,28557,6930.0,74,6940.0,1150,2025-05-09 18:32:17.807,,2147483647,1456846,False,nan
11179,1822471,1612970042,MERV - XMEV - GGAL - 24hs,6900.0,2025-05-09 18:32:16,500,2025-05-09 18:32:18.871,6890.0,207,6880.0,2454,6870.0,1749,6860.0,14877,6850.0,17013,6900.0,19447,6910.0,13759,6920.0,28557,6930.0,74,6940.0,1150,2025-05-09 18:32:18.783,,2147483647,1456846,False,nan
11180,1822514,1612970090,MERV - XMEV - GGAL - 24hs,6900.0,2025-05-09 18:32:16,500,2025-05-09 18:32:19.614,6890.0,207,6880.0,2154,6870.0,1749,6860.0,15877,6850.0,17013,6900.0,19447,6910.0,13759,6920.0,28557,6930.0,74,6940.0,1150,2025-05-09 18:32:19.522,,2147483647,1456846,False,nan
11181,1822629,1612970234,MERV - XMEV - GGAL - 24hs,6900.0,2025-05-09 18:32:16,500,2025-05-09 18:32:20.809,6890.0,207,6880.0,2154,6870.0,1949,6860.0,14877,6850.0,17013,6900.0,19447,6910.0,13759,6920.0,28557,6930.0,74,6940.0,1150,2025-05-09 18:32:20.722,,2147483647,1456846,False,nan
11182,1822745,1612970424,MERV - XMEV - GGAL - 24hs,6900.0,2025-05-09 18:32:16,500,2025-05-09 18:32:22.485,6890.0,207,6880.0,2154,6870.0,1602,6860.0,14877,6850.0,17013,6900.0,19447,6910.0,13759,6920.0,28557,6930.0,74,6940.0,1150,2025-05-09 18:32:22.398,,2147483647,1456846,False,nan
11183,1822813,1612970511,MERV - XMEV - GGAL - 24hs,6900.0,2025-05-09 18:32:23,2,2025-05-09 18:32:23.609,6890.0,207,6880.0,2154,6870.0,1602,6860.0,14877,6850.0,17013,6900.0,19447,6910.0,13759,6920.0,28557,6930.0,74,6940.0,1150,2025-05-09 18:32:23.521,,2147483647,1456846,True,offer
11184,1822841,1612970543,MERV - XMEV - GGAL - 24hs,6900.0,2025-05-09 18:32:23,2,2025-05-09 18:32:24.263,6890.0,207,6880.0,2154,6870.0,1602,6860.0,14677,6850.0,17013,6900.0,19445,6910.0,13759,6920.0,28557,6930.0,74,6940.0,1150,2025-05-09 18:32:24.175,,2147483647,1456846,False,nan
11185,1822878,1612970587,MERV - XMEV - GGAL - 24hs,6900.0,2025-05-09 18:32:23,2,2025-05-09 18:32:24.764,6890.0,207,6880.0,2154,6870.0,1602,6860.0,14677,6850.0,17013,6900.0,19445,6910.0,13759,6920.0,28557,6930.0,74,6940.0,1150,2025-05-09 18:32:24.677,,2147483647,1456848,False,nan
11186,1822951,1612970688,MERV - XMEV - GGAL - 24hs,6900.0,2025-05-09 18:32:25,1,2025-05-09 18:32:25.738,6890.0,207,6880.0,2154,6870.0,1602,6860.0,14677,6850.0,17013,6900.0,19445,6910.0,13759,6920.0,28557,6930.0,74,6940.0,1150,2025-05-09 18:32:25.647,,2147483647,1456848,True,offer
11187,1823005,1612970778,MERV - XMEV - GGAL - 24hs,6900.0,2025-05-09 18:32:25,1,2025-05-09 18:32:26.299,6890.0,207,6880.0,2154,6870.0,1155,6860.0,14677,6850.0,17013,6900.0,19444,6910.0,13759,6920.0,28557,6930.0,74,6940.0,1150,2025-05-09 18:32:26.181,,2147483647,1456848,False,nan
11188,1823051,1612970861,MERV - XMEV - GGAL - 24hs,6900.0,2025-05-09 18:32:25,1,2025-05-09 18:32:26.820,6890.0,207,6880.0,2154,6870.0,1155,6860.0,14677,6850.0,17013,6900.0,19444,6910.0,13759,6920.0,28557,6930.0,74,6940.0,1150,2025-05-09 18:32:26.682,,2147483647,1456849,False,nan
11189,1823135,1612970991,MERV - XMEV - GGAL - 24hs,6900.0,2025-05-09 18:32:25,1,2025-05-09 18:32:27.885,6890.0,207,6880.0,2154,6870.0,1502,6860.0,14677,6850.0,17013,6900.0,19444,6910.0,13759,6920.0,28557,6930.0,74,6940.0,1150,2025-05-09 18:32:27.794,,2147483647,1456849,False,nan
11190,1823254,1612971161,MERV - XMEV - GGAL - 24hs,6900.0,2025-05-09 18:32:25,1,2025-05-09 18:32:29.350,6890.0,207,6880.0,2154,6870.0,1555,6860.0,14677,6850.0,17013,6900.0,19444,6910.0,13759,6920.0,28557,6930.0,74,6940.0,1150,2025-05-09 18:32:29.158,,2147483647,1456849,False,nan
11191,1823419,1612971366,MERV - XMEV - GGAL - 24hs,6900.0,2025-05-09 18:32:25,1,2025-05-09 18:32:30.855,6890.0,207,6880.0,2154,6870.0,1902,6860.0,14677,6850.0,17013,6900.0,19444,6910.0,13759,6920.0,28557,6930.0,74,6940.0,1150,2025-05-09 18:32:30.484,,2147483647,1456849,False,nan
11192,1823627,1612971628,MERV - XMEV - GGAL - 24hs,6900.0,2025-05-09 18:32:25,1,2025-05-09 18:32:32.363,6890.0,207,6880.0,2154,6870.0,1555,6860.0,14677,6850.0,17013,6900.0,19444,6910.0,13759,6920.0,28557,6930.0,74,6940.0,1150,2025-05-09 18:32:32.275,,2147483647,1456849,False,nan
11193,1823661,1612971671,MERV - XMEV - GGAL - 24hs,6900.0,2025-05-09 18:32:32,1,2025-05-09 18:32:32.864,6890.0,207,6880.0,2154,6870.0,1555,6860.0,14677,6850.0,17013,6900.0,19444,6910.0,13759,6920.0,28557,6930.0,74,6940.0,1150,2025-05-09 18:32:32.775,,2147483647,1456849,True,offer
11194,1823685,1612971698,MERV - XMEV - GGAL - 24hs,6900.0,2025-05-09 18:32:32,1,2025-05-09 18:32:33.363,6890.0,207,6880.0,2154,6870.0,1555,6860.0,14677,6850.0,17013,6900.0,19443,6910.0,13759,6920.0,28557,6930.0,74,6940.0,1150,2025-05-09 18:32:33.275,,2147483647,1456850,False,nan
11195,1824030,1612972143,MERV - XMEV - GGAL - 24hs,6900.0,2025-05-09 18:32:36,500,2025-05-09 18:32:37.136,6890.0,207,6880.0,2154,6870.0,1555,6860.0,14677,6850.0,17013,6900.0,19443,6910.0,13759,6920.0,28557,6930.0,74,6940.0,1150,2025-05-09 18:32:37.041,,2147483647,1456850,True,offer
11196,1824077,1612972197,MERV - XMEV - GGAL - 24hs,6900.0,2025-05-09 18:32:36,500,2025-05-09 18:32:37.629,6890.0,207,6880.0,2254,6870.0,1055,6860.0,14677,6850.0,17013,6900.0,18943,6910.0,13759,6920.0,28557,6930.0,74,6940.0,1150,2025-05-09 18:32:37.541,,2147483647,1457350,False,nan
11197,1824301,1612972504,MERV - XMEV - GGAL - 24hs,6900.0,2025-05-09 18:32:36,500,2025-05-09 18:32:40.140,6890.0,207,6880.0,2254,6870.0,1055,6860.0,14677,6850.0,17013,6900.0,18943,6910.0,13759,6920.0,29457,6930.0,74,6940.0,1150,2025-05-09 18:32:40.001,,2147483647,1457350,False,nan
11198,1824575,1612972840,MERV - XMEV - GGAL - 24hs,6900.0,2025-05-09 18:32:42,57,2025-05-09 18:32:42.698,6890.0,207,6880.0,2254,6870.0,1055,6860.0,14677,6850.0,17013,6900.0,18943,6910.0,13759,6920.0,29457,6930.0,74,6940.0,1150,2025-05-09 18:32:42.551,,2147483647,1457350,True,offer
11199,1824623,1612972892,MERV - XMEV - GGAL - 24hs,6900.0,2025-05-09 18:32:42,57,2025-05-09 18:32:43.305,6890.0,207,6880.0,2254,6870.0,1055,6860.0,14677,6850.0,17013,6900.0,18886,6910.0,13759,6920.0,29457,6930.0,74,6940.0,1150,2025-05-09 18:32:43.217,,2147483647,1457350,False,nan
11200,1824685,1612972965,MERV - XMEV - GGAL - 24hs,6900.0,2025-05-09 18:32:42,57,2025-05-09 18:32:43.805,6890.0,207,6880.0,2254,6870.0,1055,6860.0,14677,6850.0,17013,6900.0,18886,6910.0,13759,6920.0,29457,6930.0,74,6940.0,1150,2025-05-09 18:32:43.717,,2147483647,1457407,False,nan
11201,1824905,1612973261,MERV - XMEV - GGAL - 24hs,6900.0,2025-05-09 18:32:42,57,2025-05-09 18:32:46.413,6890.0,207,6880.0,12254,6870.0,1055,6860.0,14677,6850.0,17013,6900.0,18886,6910.0,13759,6920.0,29457,6930.0,74,6940.0,1150,2025-05-09 18:32:46.326,,2147483647,1457407,False,nan
11202,1824968,1612973345,MERV - XMEV - GGAL - 24hs,6900.0,2025-05-09 18:32:42,57,2025-05-09 18:32:47.167,6890.0,207,6880.0,12254,6870.0,1019,6860.0,29585,6850.0,2105,6900.0,3886,6910.0,28759,6920.0,29457,6930.0,74,6940.0,1150,2025-05-09 18:32:47.080,,2147483647,1457407,False,nan
11203,1825182,1612973631,MERV - XMEV - GGAL - 24hs,6900.0,2025-05-09 18:32:42,57,2025-05-09 18:32:49.929,6890.0,207,6880.0,12254,6870.0,710,6860.0,31467,6850.0,1605,6900.0,3886,6910.0,28759,6920.0,29457,6930.0,74,6940.0,1150,2025-05-09 18:32:49.842,,2147483647,1457407,False,nan
11204,1825257,1612973733,MERV - XMEV - GGAL - 24hs,6900.0,2025-05-09 18:32:42,57,2025-05-09 18:32:50.950,6890.0,207,6880.0,12254,6870.0,710,6860.0,34931,6850.0,605,6900.0,3886,6910.0,28759,6920.0,29457,6930.0,74,6940.0,1150,2025-05-09 18:32:50.845,,2147483647,1457407,False,nan
11205,1825644,1612974187,MERV - XMEV - GGAL - 24hs,6900.0,2025-05-09 18:32:42,57,2025-05-09 18:32:53.506,6890.0,207,6880.0,12254,6870.0,15618,6860.0,20370,6850.0,605,6900.0,3886,6910.0,13759,6920.0,29457,6930.0,15074,6940.0,1150,2025-05-09 18:32:53.164,,2147483647,1457407,False,nan
11206,1825856,1612974472,MERV - XMEV - GGAL - 24hs,6900.0,2025-05-09 18:32:42,57,2025-05-09 18:32:55.803,6890.0,207,6880.0,12254,6870.0,15618,6860.0,20347,6850.0,605,6900.0,3886,6910.0,13759,6920.0,29457,6930.0,15074,6940.0,1150,2025-05-09 18:32:55.709,,2147483647,1457407,False,nan
11207,1825984,1612974625,MERV - XMEV - GGAL - 24hs,6900.0,2025-05-09 18:32:42,57,2025-05-09 18:32:56.827,6890.0,207,6880.0,12254,6870.0,15618,6860.0,19847,6850.0,605,6900.0,3886,6910.0,13759,6920.0,29457,6930.0,15074,6940.0,1150,2025-05-09 18:32:56.739,,2147483647,1457407,False,nan
11208,1826042,1612974702,MERV - XMEV - GGAL - 24hs,6900.0,2025-05-09 18:32:42,57,2025-05-09 18:32:57.604,6890.0,207,6880.0,12254,6870.0,710,6860.0,33755,6850.0,1605,6900.0,3886,6910.0,13759,6920.0,29457,6930.0,15074,6940.0,1150,2025-05-09 18:32:57.505,,2147483647,1457407,False,nan
11209,1826148,1612974836,MERV - XMEV - GGAL - 24hs,6900.0,2025-05-09 18:32:58,332,2025-05-09 18:32:58.614,6890.0,207,6880.0,12254,6870.0,710,6860.0,33755,6850.0,1605,6900.0,3886,6910.0,13759,6920.0,29457,6930.0,15074,6940.0,1150,2025-05-09 18:32:58.490,,2147483647,1457407,True,offer
11210,1826201,1612974917,MERV - XMEV - GGAL - 24hs,6900.0,2025-05-09 18:32:58,332,2025-05-09 18:32:59.267,6890.0,207,6880.0,12254,6870.0,710,6860.0,33718,6850.0,1605,6900.0,3554,6910.0,13759,6920.0,29457,6930.0,15074,6940.0,1150,2025-05-09 18:32:59.156,,2147483647,1457407,False,nan
11211,1826251,1612974975,MERV - XMEV - GGAL - 24hs,6900.0,2025-05-09 18:32:58,332,2025-05-09 18:32:59.744,6890.0,207,6880.0,12254,6870.0,710,6860.0,33718,6850.0,1605,6900.0,3554,6910.0,13759,6920.0,29457,6930.0,15074,6940.0,1150,2025-05-09 18:32:59.657,,2147483647,1457739,False,nan
11212,1826721,1612975591,MERV - XMEV - GGAL - 24hs,6900.0,2025-05-09 18:32:58,332,2025-05-09 18:33:05.569,6890.0,207,6880.0,12254,6870.0,710,6860.0,33718,6850.0,1605,6900.0,3554,6910.0,28759,6920.0,29457,6930.0,74,6940.0,1150,2025-05-09 18:33:05.479,,2147483647,1457739,False,nan
11213,1827343,1612976350,MERV - XMEV - GGAL - 24hs,6900.0,2025-05-09 18:32:58,332,2025-05-09 18:33:10.888,6890.0,207,6880.0,12754,6870.0,710,6860.0,33718,6850.0,1605,6900.0,3554,6910.0,28759,6920.0,29457,6930.0,74,6940.0,1150,2025-05-09 18:33:10.769,,2147483647,1457739,False,nan
11214,1827496,1612976539,MERV - XMEV - GGAL - 24hs,6900.0,2025-05-09 18:32:58,332,2025-05-09 18:33:12.731,6890.0,207,6880.0,12654,6870.0,710,6860.0,33718,6850.0,1605,6900.0,3554,6910.0,28759,6920.0,29457,6930.0,74,6940.0,1150,2025-05-09 18:33:12.637,,2147483647,1457739,False,nan
11215,1827667,1612976767,MERV - XMEV - GGAL - 24hs,6900.0,2025-05-09 18:33:14,500,2025-05-09 18:33:14.646,6890.0,207,6880.0,12654,6870.0,710,6860.0,33718,6850.0,1605,6900.0,3554,6910.0,28759,6920.0,29457,6930.0,74,6940.0,1150,2025-05-09 18:33:14.559,,2147483647,1457739,True,offer
11216,1827759,1612976894,MERV - XMEV - GGAL - 24hs,6900.0,2025-05-09 18:33:14,500,2025-05-09 18:33:15.315,6890.0,307,6880.0,12154,6870.0,710,6860.0,33718,6850.0,1605,6900.0,3054,6910.0,28759,6920.0,29457,6930.0,74,6940.0,1150,2025-05-09 18:33:15.227,,2147483647,1457739,False,nan
11217,1827830,1612976980,MERV - XMEV - GGAL - 24hs,6900.0,2025-05-09 18:33:14,500,2025-05-09 18:33:15.826,6890.0,307,6880.0,12154,6870.0,710,6860.0,33718,6850.0,1605,6900.0,3054,6910.0,28759,6920.0,29457,6930.0,74,6940.0,1150,2025-05-09 18:33:15.724,,2147483647,1458239,False,nan
11218,1828297,1612977558,MERV - XMEV - GGAL - 24hs,6900.0,2025-05-09 18:33:20,302,2025-05-09 18:33:20.831,6890.0,307,6880.0,12154,6870.0,710,6860.0,33718,6850.0,1605,6900.0,3054,6910.0,28759,6920.0,29457,6930.0,74,6940.0,1150,2025-05-09 18:33:20.737,,2147483647,1458239,True,offer
11219,1828358,1612977637,MERV - XMEV - GGAL - 24hs,6900.0,2025-05-09 18:33:20,302,2025-05-09 18:33:21.487,6890.0,307,6880.0,12154,6870.0,710,6860.0,33718,6850.0,1605,6900.0,2752,6910.0,28759,6920.0,29457,6930.0,74,6940.0,1150,2025-05-09 18:33:21.397,,2147483647,1458239,False,nan
11220,1828399,1612977695,MERV - XMEV - GGAL - 24hs,6900.0,2025-05-09 18:33:21,302,2025-05-09 18:33:21.988,6890.0,307,6880.0,12154,6870.0,710,6860.0,33718,6850.0,1605,6900.0,2752,6910.0,28759,6920.0,29457,6930.0,74,6940.0,1150,2025-05-09 18:33:21.898,,2147483647,1458541,True,offer
11221,1828449,1612977760,MERV - XMEV - GGAL - 24hs,6900.0,2025-05-09 18:33:22,151,2025-05-09 18:33:22.485,6890.0,307,6880.0,12154,6870.0,710,6860.0,33718,6850.0,1605,6900.0,2450,6910.0,28759,6920.0,29457,6930.0,74,6940.0,1150,2025-05-09 18:33:22.398,,2147483647,1458843,True,offer
11222,1828482,1612977804,MERV - XMEV - GGAL - 24hs,6900.0,2025-05-09 18:33:22,151,2025-05-09 18:33:22.988,6890.0,307,6880.0,12154,6870.0,710,6860.0,33718,6850.0,1605,6900.0,2299,6910.0,28759,6920.0,29457,6930.0,74,6940.0,1150,2025-05-09 18:33:22.898,,2147483647,1458994,False,nan
11223,1828620,1612977983,MERV - XMEV - GGAL - 24hs,6900.0,2025-05-09 18:33:23,6,2025-05-09 18:33:23.814,6890.0,307,6880.0,12154,6870.0,710,6860.0,33718,6850.0,1605,6900.0,2299,6910.0,28759,6920.0,29457,6930.0,74,6940.0,1150,2025-05-09 18:33:23.727,,2147483647,1458994,True,offer
11224,1828731,1612978109,MERV - XMEV - GGAL - 24hs,6900.0,2025-05-09 18:33:23,6,2025-05-09 18:33:24.482,6890.0,307,6880.0,12154,6870.0,710,6860.0,33718,6850.0,1605,6900.0,2293,6910.0,28759,6920.0,29457,6930.0,74,6940.0,1150,2025-05-09 18:33:24.390,,2147483647,1458994,False,nan
11225,1828791,1612978180,MERV - XMEV - GGAL - 24hs,6900.0,2025-05-09 18:33:23,6,2025-05-09 18:33:25.507,6890.0,307,6880.0,12154,6870.0,710,6860.0,33718,6850.0,1605,6900.0,2293,6910.0,28759,6920.0,29457,6930.0,74,6940.0,1150,2025-05-09 18:33:25.367,,2147483647,1459000,False,nan
11226,1829149,1612978612,MERV - XMEV - GGAL - 24hs,6900.0,2025-05-09 18:33:23,6,2025-05-09 18:33:29.571,6890.0,207,6880.0,12254,6870.0,710,6860.0,33718,6850.0,1605,6900.0,2293,6910.0,28759,6920.0,29457,6930.0,74,6940.0,1150,2025-05-09 18:33:29.481,,2147483647,1459000,False,nan
11227,1829394,1612978913,MERV - XMEV - GGAL - 24hs,6900.0,2025-05-09 18:33:33,2,2025-05-09 18:33:33.121,6890.0,207,6880.0,12254,6870.0,710,6860.0,33718,6850.0,1605,6900.0,2293,6910.0,28759,6920.0,29457,6930.0,74,6940.0,1150,2025-05-09 18:33:33.032,,2147483647,1459000,True,offer
11228,1829455,1612978984,MERV - XMEV - GGAL - 24hs,6900.0,2025-05-09 18:33:33,2,2025-05-09 18:33:33.794,6890.0,207,6880.0,12254,6870.0,710,6860.0,33718,6850.0,1605,6900.0,2291,6910.0,28759,6920.0,29457,6930.0,74,6940.0,1150,2025-05-09 18:33:33.706,,2147483647,1459000,False,nan
11229,1829518,1612979052,MERV - XMEV - GGAL - 24hs,6900.0,2025-05-09 18:33:33,2,2025-05-09 18:33:34.307,6890.0,207,6880.0,12254,6870.0,710,6860.0,33718,6850.0,1605,6900.0,2291,6910.0,28759,6920.0,29457,6930.0,74,6940.0,1150,2025-05-09 18:33:34.210,,2147483647,1459002,False,nan
11230,1829589,1612979140,MERV - XMEV - GGAL - 24hs,6900.0,2025-05-09 18:33:33,2,2025-05-09 18:33:34.798,6890.0,207,6880.0,12654,6870.0,710,6860.0,33718,6850.0,1605,6900.0,2291,6910.0,28759,6920.0,29457,6930.0,74,6940.0,1150,2025-05-09 18:33:34.710,,2147483647,1459002,False,nan
11231,1829776,1612979407,MERV - XMEV - GGAL - 24hs,6900.0,2025-05-09 18:33:33,2,2025-05-09 18:33:36.847,6890.0,207,6880.0,12654,6870.0,710,6860.0,33718,6850.0,1605,6900.0,2321,6910.0,28759,6920.0,29457,6930.0,74,6940.0,1150,2025-05-09 18:33:36.756,,2147483647,1459002,False,nan
11232,1829850,1612979500,MERV - XMEV - GGAL - 24hs,6900.0,2025-05-09 18:33:33,2,2025-05-09 18:33:38.025,6890.0,207,6880.0,13154,6870.0,710,6860.0,33718,6850.0,1605,6900.0,2321,6910.0,28759,6920.0,27457,6930.0,74,6940.0,1150,2025-05-09 18:33:37.926,,2147483647,1459002,False,nan
11233,1830503,1612980291,MERV - XMEV - GGAL - 24hs,6900.0,2025-05-09 18:33:33,2,2025-05-09 18:33:42.970,6890.0,307,6880.0,13154,6870.0,710,6860.0,33718,6850.0,1605,6900.0,2321,6910.0,28759,6920.0,27457,6930.0,74,6940.0,1150,2025-05-09 18:33:42.881,,2147483647,1459002,False,nan
11234,1830856,1612980732,MERV - XMEV - GGAL - 24hs,6900.0,2025-05-09 18:33:33,2,2025-05-09 18:33:45.503,6890.0,307,6880.0,12654,6870.0,1749,6860.0,29085,6850.0,1605,6900.0,2321,6910.0,28759,6920.0,27457,6930.0,74,6940.0,1150,2025-05-09 18:33:45.417,,2147483647,1459002,False,nan
11235,1830984,1612980893,MERV - XMEV - GGAL - 24hs,6900.0,2025-05-09 18:33:33,2,2025-05-09 18:33:47.761,6890.0,307,6880.0,12654,6870.0,1749,6860.0,29085,6850.0,1605,6900.0,2291,6910.0,28759,6920.0,27457,6930.0,74,6940.0,1150,2025-05-09 18:33:47.674,,2147483647,1459002,False,nan
11236,1831126,1612981067,MERV - XMEV - GGAL - 24hs,6900.0,2025-05-09 18:33:33,2,2025-05-09 18:33:49.939,6890.0,307,6880.0,12154,6870.0,1749,6860.0,30085,6850.0,1605,6900.0,2291,6910.0,28759,6920.0,27457,6930.0,74,6940.0,1150,2025-05-09 18:33:49.847,,2147483647,1459002,False,nan
11237,1831265,1612981243,MERV - XMEV - GGAL - 24hs,6900.0,2025-05-09 18:33:33,2,2025-05-09 18:33:50.847,6890.0,307,6880.0,12154,6870.0,1949,6860.0,29085,6850.0,1605,6900.0,2291,6910.0,28759,6920.0,27457,6930.0,74,6940.0,1150,2025-05-09 18:33:50.760,,2147483647,1459002,False,nan
11238,1831497,1612981554,MERV - XMEV - GGAL - 24hs,6900.0,2025-05-09 18:33:33,2,2025-05-09 18:33:53.925,6890.0,307,6880.0,12154,6870.0,16410,6860.0,14177,6850.0,1605,6900.0,2291,6910.0,13759,6920.0,42457,6930.0,74,6940.0,1150,2025-05-09 18:33:53.831,,2147483647,1459002,False,nan
11239,1831544,1612981615,MERV - XMEV - GGAL - 24hs,6900.0,2025-05-09 18:33:54,1000,2025-05-09 18:33:54.619,6890.0,307,6880.0,12154,6870.0,16410,6860.0,14177,6850.0,1605,6900.0,2291,6910.0,13759,6920.0,42457,6930.0,74,6940.0,1150,2025-05-09 18:33:54.531,,2147483647,1459002,True,offer
11240,1831642,1612981728,MERV - XMEV - GGAL - 24hs,6900.0,2025-05-09 18:33:54,1000,2025-05-09 18:33:55.280,6890.0,307,6880.0,12154,6870.0,17103,6860.0,14177,6850.0,1605,6900.0,1291,6910.0,13759,6920.0,42457,6930.0,74,6940.0,1150,2025-05-09 18:33:55.192,,2147483647,1459002,False,nan
11241,1831678,1612981777,MERV - XMEV - GGAL - 24hs,6900.0,2025-05-09 18:33:54,1000,2025-05-09 18:33:55.779,6890.0,307,6880.0,12154,6870.0,17103,6860.0,14177,6850.0,1605,6900.0,1291,6910.0,13759,6920.0,42457,6930.0,74,6940.0,1150,2025-05-09 18:33:55.692,,2147483647,1460002,False,nan
11242,1831853,1612981994,MERV - XMEV - GGAL - 24hs,6900.0,2025-05-09 18:33:54,1000,2025-05-09 18:33:57.648,6890.0,307,6880.0,12154,6870.0,17103,6860.0,14177,6850.0,1605,6900.0,1291,6910.0,13759,6920.0,37457,6930.0,5074,6940.0,1150,2025-05-09 18:33:57.521,,2147483647,1460002,False,nan
11243,1831927,1612982088,MERV - XMEV - GGAL - 24hs,6900.0,2025-05-09 18:33:54,1000,2025-05-09 18:33:58.358,6890.0,307,6880.0,12654,6870.0,17003,6860.0,14177,6850.0,1605,6900.0,1291,6910.0,13759,6920.0,37457,6930.0,5074,6940.0,1150,2025-05-09 18:33:58.270,,2147483647,1460002,False,nan
11244,1831997,1612982169,MERV - XMEV - GGAL - 24hs,6900.0,2025-05-09 18:33:58,100,2025-05-09 18:33:58.865,6890.0,307,6880.0,12654,6870.0,17003,6860.0,14177,6850.0,1605,6900.0,1291,6910.0,13759,6920.0,37457,6930.0,5074,6940.0,1150,2025-05-09 18:33:58.775,,2147483647,1460002,True,offer
11245,1832167,1612982366,MERV - XMEV - GGAL - 24hs,6900.0,2025-05-09 18:33:58,100,2025-05-09 18:33:59.619,6890.0,307,6880.0,12654,6870.0,17003,6860.0,14177,6850.0,1605,6900.0,1291,6910.0,13759,6920.0,37457,6930.0,5074,6940.0,1150,2025-05-09 18:33:59.450,,2147483647,1460102,False,nan
11246,1832300,1612982528,MERV - XMEV - GGAL - 24hs,6900.0,2025-05-09 18:33:59,10,2025-05-09 18:34:00.148,6890.0,307,6880.0,12654,6870.0,17003,6860.0,14177,6850.0,1605,6900.0,1191,6910.0,13759,6920.0,37457,6930.0,5074,6940.0,1150,2025-05-09 18:33:59.946,,2147483647,1460102,True,offer
11247,1832401,1612982646,MERV - XMEV - GGAL - 24hs,6900.0,2025-05-09 18:34:00,50,2025-05-09 18:34:00.534,6890.0,307,6880.0,12654,6870.0,17003,6860.0,14177,6850.0,1605,6900.0,1131,6910.0,13759,6920.0,37457,6930.0,5074,6940.0,1150,2025-05-09 18:34:00.447,,2147483647,1460162,True,offer
11248,1832846,1612983195,MERV - XMEV - GGAL - 24hs,6890.0,2025-05-09 18:34:04,20,2025-05-09 18:34:05.103,6890.0,307,6880.0,12654,6870.0,17003,6860.0,14177,6850.0,1605,6900.0,1131,6910.0,13759,6920.0,37457,6930.0,5074,6940.0,1150,2025-05-09 18:34:04.995,,2147483647,1460162,True,bid
11249,1832930,1612983291,MERV - XMEV - GGAL - 24hs,6890.0,2025-05-09 18:34:04,20,2025-05-09 18:34:05.760,6890.0,287,6880.0,12654,6870.0,17003,6860.0,14177,6850.0,1605,6900.0,1131,6910.0,13759,6920.0,37457,6930.0,5074,6940.0,1150,2025-05-09 18:34:05.667,,2147483647,1460162,False,nan
11250,1833004,1612983378,MERV - XMEV - GGAL - 24hs,6890.0,2025-05-09 18:34:04,20,2025-05-09 18:34:06.250,6890.0,287,6880.0,12654,6870.0,17003,6860.0,14177,6850.0,1605,6900.0,1131,6910.0,13759,6920.0,37457,6930.0,5074,6940.0,1150,2025-05-09 18:34:06.163,,2147483647,1460182,False,nan
11251,1833053,1612983435,MERV - XMEV - GGAL - 24hs,6900.0,2025-05-09 18:34:06,200,2025-05-09 18:34:06.754,6890.0,287,6880.0,12654,6870.0,17003,6860.0,14177,6850.0,1605,6900.0,1131,6910.0,13759,6920.0,37457,6930.0,5074,6940.0,1150,2025-05-09 18:34:06.664,,2147483647,1460182,True,offer
11252,1833098,1612983488,MERV - XMEV - GGAL - 24hs,6900.0,2025-05-09 18:34:06,200,2025-05-09 18:34:07.250,6890.0,287,6880.0,12654,6870.0,17003,6860.0,14177,6850.0,1605,6900.0,931,6910.0,13759,6920.0,37457,6930.0,5074,6940.0,1150,2025-05-09 18:34:07.163,,2147483647,1460182,False,nan
11253,1833137,1612983535,MERV - XMEV - GGAL - 24hs,6900.0,2025-05-09 18:34:06,200,2025-05-09 18:34:07.750,6890.0,287,6880.0,12654,6870.0,17003,6860.0,14177,6850.0,1605,6900.0,931,6910.0,13759,6920.0,37457,6930.0,5074,6940.0,1150,2025-05-09 18:34:07.663,,2147483647,1460382,False,nan
11254,1833376,1612983817,MERV - XMEV - GGAL - 24hs,6900.0,2025-05-09 18:34:06,200,2025-05-09 18:34:09.602,6890.0,287,6880.0,12654,6870.0,16657,6860.0,14177,6850.0,1605,6900.0,931,6910.0,13759,6920.0,37457,6930.0,5074,6940.0,1150,2025-05-09 18:34:09.515,,2147483647,1460382,False,nan
11255,1833483,1612983953,MERV - XMEV - GGAL - 24hs,6900.0,2025-05-09 18:34:06,200,2025-05-09 18:34:11.111,6890.0,287,6880.0,12654,6870.0,16657,6860.0,14177,6850.0,1605,6900.0,931,6910.0,13759,6920.0,27457,6930.0,15074,6940.0,1150,2025-05-09 18:34:11.006,,2147483647,1460382,False,nan
11256,1833643,1612984150,MERV - XMEV - GGAL - 24hs,6900.0,2025-05-09 18:34:06,200,2025-05-09 18:34:12.559,6890.0,777,6880.0,12164,6870.0,16657,6860.0,14177,6850.0,1605,6900.0,931,6910.0,13759,6920.0,27457,6930.0,15074,6940.0,1150,2025-05-09 18:34:12.469,,2147483647,1460382,False,nan
11257,1834044,1612984795,MERV - XMEV - GGAL - 24hs,6900.0,2025-05-09 18:34:16,100,2025-05-09 18:34:16.416,6890.0,777,6880.0,12164,6870.0,16657,6860.0,14177,6850.0,1605,6900.0,931,6910.0,13759,6920.0,27457,6930.0,15074,6940.0,1150,2025-05-09 18:34:16.328,,2147483647,1460382,True,offer
11258,1834087,1612984863,MERV - XMEV - GGAL - 24hs,6900.0,2025-05-09 18:34:16,100,2025-05-09 18:34:16.916,6890.0,777,6880.0,12164,6870.0,16657,6860.0,14177,6850.0,1605,6900.0,831,6910.0,13759,6920.0,29457,6930.0,15074,6940.0,1150,2025-05-09 18:34:16.828,,2147483647,1460382,False,nan
11259,1834111,1612984894,MERV - XMEV - GGAL - 24hs,6900.0,2025-05-09 18:34:16,100,2025-05-09 18:34:17.415,6890.0,777,6880.0,12164,6870.0,16657,6860.0,14177,6850.0,1605,6900.0,831,6910.0,13759,6920.0,29457,6930.0,15074,6940.0,1150,2025-05-09 18:34:17.328,,2147483647,1460482,False,nan
11260,1834393,1612985341,MERV - XMEV - GGAL - 24hs,6900.0,2025-05-09 18:34:16,100,2025-05-09 18:34:20.883,6890.0,777,6880.0,12183,6870.0,15618,6860.0,14177,6850.0,1605,6900.0,831,6910.0,13759,6920.0,29457,6930.0,15074,6940.0,1150,2025-05-09 18:34:20.796,,2147483647,1460482,False,nan
11261,1834551,1612985538,MERV - XMEV - GGAL - 24hs,6900.0,2025-05-09 18:34:16,100,2025-05-09 18:34:22.141,6890.0,777,6880.0,12178,6870.0,15618,6860.0,14177,6850.0,1605,6900.0,831,6910.0,13759,6920.0,29457,6930.0,15074,6940.0,1150,2025-05-09 18:34:22.046,,2147483647,1460482,False,nan
11262,1834713,1612985805,MERV - XMEV - GGAL - 24hs,6890.0,2025-05-09 18:34:24,1,2025-05-09 18:34:24.382,6890.0,777,6880.0,12178,6870.0,15618,6860.0,14177,6850.0,1605,6900.0,831,6910.0,13759,6920.0,29457,6930.0,15074,6940.0,1150,2025-05-09 18:34:24.174,,2147483647,1460482,True,bid
11263,1834839,1612985955,MERV - XMEV - GGAL - 24hs,6890.0,2025-05-09 18:34:24,1,2025-05-09 18:34:24.862,6890.0,776,6880.0,12178,6870.0,15618,6860.0,14177,6850.0,1605,6900.0,831,6910.0,13759,6920.0,29457,6930.0,15074,6940.0,1150,2025-05-09 18:34:24.730,,2147483647,1460482,False,nan
11264,1834933,1612986078,MERV - XMEV - GGAL - 24hs,6890.0,2025-05-09 18:34:24,1,2025-05-09 18:34:25.355,6890.0,776,6880.0,12178,6870.0,15618,6860.0,14177,6850.0,1605,6900.0,831,6910.0,13759,6920.0,29457,6930.0,15074,6940.0,1150,2025-05-09 18:34:25.232,,2147483647,1460483,False,nan
11265,1835011,1612986261,MERV - XMEV - GGAL - 24hs,6890.0,2025-05-09 18:34:24,1,2025-05-09 18:34:26.080,6890.0,776,6880.0,2178,6870.0,15618,6860.0,14177,6850.0,1605,6900.0,831,6910.0,13759,6920.0,29457,6930.0,15074,6940.0,1150,2025-05-09 18:34:25.967,,2147483647,1460483,False,nan
11266,1835299,1612986628,MERV - XMEV - GGAL - 24hs,6900.0,2025-05-09 18:34:29,200,2025-05-09 18:34:29.825,6890.0,776,6880.0,2178,6870.0,15618,6860.0,14177,6850.0,1605,6900.0,831,6910.0,13759,6920.0,29457,6930.0,15074,6940.0,1150,2025-05-09 18:34:29.737,,2147483647,1460483,True,offer
11267,1835346,1612986710,MERV - XMEV - GGAL - 24hs,6900.0,2025-05-09 18:34:29,200,2025-05-09 18:34:30.488,6890.0,776,6880.0,2178,6870.0,15618,6860.0,14177,6850.0,1605,6900.0,631,6910.0,13759,6920.0,29457,6930.0,15074,6940.0,1150,2025-05-09 18:34:30.400,,2147483647,1460483,False,nan
11268,1835375,1612986750,MERV - XMEV - GGAL - 24hs,6900.0,2025-05-09 18:34:29,200,2025-05-09 18:34:30.987,6890.0,776,6880.0,2178,6870.0,15618,6860.0,14177,6850.0,1605,6900.0,631,6910.0,13759,6920.0,29457,6930.0,15074,6940.0,1150,2025-05-09 18:34:30.900,,2147483647,1460683,False,nan
11269,1835409,1612986795,MERV - XMEV - GGAL - 24hs,6900.0,2025-05-09 18:34:31,10,2025-05-09 18:34:31.487,6890.0,861,6880.0,2178,6870.0,710,6860.0,29085,6850.0,1605,6900.0,631,6910.0,13759,6920.0,29457,6930.0,15074,6940.0,1150,2025-05-09 18:34:31.400,,2147483647,1460683,True,offer
11270,1835458,1612986854,MERV - XMEV - GGAL - 24hs,6900.0,2025-05-09 18:34:31,10,2025-05-09 18:34:32.003,6890.0,861,6880.0,2178,6870.0,710,6860.0,29085,6850.0,1605,6900.0,621,6910.0,13759,6920.0,29457,6930.0,15074,6940.0,1150,2025-05-09 18:34:31.914,,2147483647,1460683,False,nan
11271,1835497,1612986900,MERV - XMEV - GGAL - 24hs,6900.0,2025-05-09 18:34:32,231,2025-05-09 18:34:32.504,6890.0,861,6880.0,2178,6870.0,710,6860.0,29085,6850.0,1605,6900.0,621,6910.0,13759,6920.0,29457,6930.0,15074,6940.0,1150,2025-05-09 18:34:32.414,,2147483647,1460693,True,offer
11272,1835550,1612986966,MERV - XMEV - GGAL - 24hs,6900.0,2025-05-09 18:34:32,231,2025-05-09 18:34:33.123,6890.0,861,6880.0,2178,6870.0,710,6860.0,29085,6850.0,1605,6900.0,55,6910.0,13759,6920.0,29457,6930.0,15074,6940.0,1150,2025-05-09 18:34:33.036,,2147483647,1460693,False,nan
11273,1835592,1612987020,MERV - XMEV - GGAL - 24hs,6900.0,2025-05-09 18:34:32,231,2025-05-09 18:34:33.623,6890.0,861,6880.0,2178,6870.0,710,6860.0,29085,6850.0,1605,6900.0,55,6910.0,13759,6920.0,29457,6930.0,15074,6940.0,1150,2025-05-09 18:34:33.536,,2147483647,1461259,False,nan
11274,1835676,1612987123,MERV - XMEV - GGAL - 24hs,6900.0,2025-05-09 18:34:32,231,2025-05-09 18:34:34.550,6890.0,937,6880.0,2178,6870.0,710,6860.0,29078,6850.0,1605,6910.0,13814,6920.0,29457,6930.0,15074,6940.0,1150,6950.0,3037,2025-05-09 18:34:34.460,,2147483647,1461259,False,nan
11275,1836060,1612987621,MERV - XMEV - GGAL - 24hs,6910.0,2025-05-09 18:34:38,100,2025-05-09 18:34:39.323,6890.0,937,6880.0,2178,6870.0,710,6860.0,29078,6850.0,1605,6910.0,13814,6920.0,29457,6930.0,15074,6940.0,1150,6950.0,3037,2025-05-09 18:34:39.195,,2147483647,1461259,True,offer
11276,1836119,1612987696,MERV - XMEV - GGAL - 24hs,6910.0,2025-05-09 18:34:38,100,2025-05-09 18:34:39.580,6890.0,937,6880.0,2178,6870.0,710,6860.0,29078,6850.0,1605,6910.0,13714,6920.0,29457,6930.0,15074,6940.0,1150,6950.0,3037,2025-05-09 18:34:39.488,,2147483647,1461259,False,nan
11277,1836154,1612987737,MERV - XMEV - GGAL - 24hs,6910.0,2025-05-09 18:34:38,100,2025-05-09 18:34:40.087,6890.0,937,6880.0,2178,6870.0,710,6860.0,29078,6850.0,1605,6910.0,13714,6920.0,29457,6930.0,15074,6940.0,1150,6950.0,3037,2025-05-09 18:34:39.990,,2147483647,1461359,False,nan
11278,1836217,1612987814,MERV - XMEV - GGAL - 24hs,6910.0,2025-05-09 18:34:40,1,2025-05-09 18:34:40.681,6890.0,937,6880.0,2178,6870.0,710,6860.0,29078,6850.0,1605,6910.0,13714,6920.0,29457,6930.0,15074,6940.0,1150,6950.0,3037,2025-05-09 18:34:40.591,,2147483647,1461359,True,offer
11279,1836284,1612987895,MERV - XMEV - GGAL - 24hs,6890.0,2025-05-09 18:34:40,4,2025-05-09 18:34:41.182,6890.0,937,6880.0,2178,6870.0,710,6860.0,29078,6850.0,1605,6910.0,13714,6920.0,29457,6930.0,15074,6940.0,1150,6950.0,3037,2025-05-09 18:34:41.090,,2147483647,1461360,False,nan
11280,1836325,1612987940,MERV - XMEV - GGAL - 24hs,6890.0,2025-05-09 18:34:40,4,2025-05-09 18:34:41.677,6890.0,933,6880.0,2178,6870.0,710,6860.0,29078,6850.0,1605,6910.0,13713,6920.0,29457,6930.0,15074,6940.0,1150,6950.0,3037,2025-05-09 18:34:41.590,,2147483647,1461364,False,nan
11281,1836582,1612988259,MERV - XMEV - GGAL - 24hs,6910.0,2025-05-09 18:34:44,189,2025-05-09 18:34:44.836,6890.0,933,6880.0,2178,6870.0,710,6860.0,29078,6850.0,1605,6910.0,13713,6920.0,29457,6930.0,15074,6940.0,1150,6950.0,3037,2025-05-09 18:34:44.748,,2147483647,1461364,True,offer
11282,1836645,1612988334,MERV - XMEV - GGAL - 24hs,6910.0,2025-05-09 18:34:44,189,2025-05-09 18:34:45.503,6890.0,933,6880.0,2178,6870.0,710,6860.0,29078,6850.0,1605,6910.0,13524,6920.0,29457,6930.0,15074,6940.0,1150,6950.0,3037,2025-05-09 18:34:45.413,,2147483647,1461364,False,nan
11283,1836733,1612988433,MERV - XMEV - GGAL - 24hs,6910.0,2025-05-09 18:34:44,189,2025-05-09 18:34:46.059,6890.0,933,6880.0,2178,6870.0,710,6860.0,29078,6850.0,1605,6910.0,13524,6920.0,29457,6930.0,15074,6940.0,1150,6950.0,3037,2025-05-09 18:34:45.913,,2147483647,1461553,False,nan
11284,1837075,1612988821,MERV - XMEV - GGAL - 24hs,6910.0,2025-05-09 18:34:44,189,2025-05-09 18:34:50.428,6900.0,100,6890.0,857,6880.0,2178,6870.0,710,6860.0,29085,6910.0,13524,6920.0,29457,6930.0,15074,6940.0,1150,6950.0,3037,2025-05-09 18:34:50.340,,2147483647,1461553,False,nan
11285,1837492,1612989365,MERV - XMEV - GGAL - 24hs,6910.0,2025-05-09 18:34:55,10,2025-05-09 18:34:55.618,6900.0,100,6890.0,857,6880.0,2178,6870.0,710,6860.0,29085,6910.0,13524,6920.0,29457,6930.0,15074,6940.0,1150,6950.0,3037,2025-05-09 18:34:55.530,,2147483647,1461553,True,offer
11286,1837540,1612989438,MERV - XMEV - GGAL - 24hs,6910.0,2025-05-09 18:34:55,10,2025-05-09 18:34:56.116,6900.0,100,6890.0,857,6880.0,2164,6870.0,1402,6860.0,29085,6910.0,13514,6920.0,29457,6930.0,15074,6940.0,1150,6950.0,3037,2025-05-09 18:34:56.030,,2147483647,1461553,False,nan
11287,1837603,1612989518,MERV - XMEV - GGAL - 24hs,6910.0,2025-05-09 18:34:55,10,2025-05-09 18:34:57.076,6900.0,100,6890.0,857,6880.0,2164,6870.0,1402,6860.0,29085,6910.0,13514,6920.0,29457,6930.0,15074,6940.0,1150,6950.0,3037,2025-05-09 18:34:56.937,,2147483647,1461563,False,nan
11288,1837645,1612989585,MERV - XMEV - GGAL - 24hs,6900.0,2025-05-09 18:34:56,26,2025-05-09 18:34:57.283,6900.0,100,6890.0,857,6880.0,2164,6870.0,1402,6860.0,29085,6910.0,13514,6920.0,29457,6930.0,15074,6940.0,1150,6950.0,3037,2025-05-09 18:34:57.038,,2147483647,1461563,True,bid
11289,1837687,1612989658,MERV - XMEV - GGAL - 24hs,6900.0,2025-05-09 18:34:56,26,2025-05-09 18:34:57.619,6900.0,74,6890.0,857,6880.0,2164,6870.0,1402,6860.0,29085,6910.0,13514,6920.0,29457,6930.0,15074,6940.0,1150,6950.0,3037,2025-05-09 18:34:57.530,,2147483647,1461589,False,nan
11290,1838048,1612990109,MERV - XMEV - GGAL - 24hs,6910.0,2025-05-09 18:35:01,1000,2025-05-09 18:35:01.687,6900.0,74,6890.0,857,6880.0,2164,6870.0,1402,6860.0,29085,6910.0,13514,6920.0,29457,6930.0,15074,6940.0,1150,6950.0,3037,2025-05-09 18:35:01.509,,2147483647,1461589,True,offer
11291,1838101,1612990173,MERV - XMEV - GGAL - 24hs,6910.0,2025-05-09 18:35:01,1000,2025-05-09 18:35:02.192,6900.0,74,6890.0,857,6880.0,2164,6870.0,1402,6860.0,29085,6910.0,12514,6920.0,29457,6930.0,15074,6940.0,1150,6950.0,3037,2025-05-09 18:35:02.105,,2147483647,1461589,False,nan
11292,1838128,1612990219,MERV - XMEV - GGAL - 24hs,6910.0,2025-05-09 18:35:01,1000,2025-05-09 18:35:02.695,6900.0,74,6890.0,857,6880.0,2164,6870.0,1402,6860.0,29085,6910.0,12514,6920.0,29457,6930.0,15074,6940.0,1150,6950.0,3037,2025-05-09 18:35:02.606,,2147483647,1462589,False,nan
11293,1838296,1612990427,MERV - XMEV - GGAL - 24hs,6910.0,2025-05-09 18:35:01,1000,2025-05-09 18:35:05.097,6900.0,10174,6890.0,857,6880.0,2164,6870.0,1402,6860.0,29085,6910.0,12514,6920.0,29457,6930.0,15074,6940.0,1150,6950.0,3037,2025-05-09 18:35:05.009,,2147483647,1462589,False,nan
11294,1838463,1612990669,MERV - XMEV - GGAL - 24hs,6910.0,2025-05-09 18:35:01,1000,2025-05-09 18:35:06.451,6900.0,10174,6890.0,857,6880.0,2164,6870.0,710,6860.0,30980,6910.0,12514,6920.0,29457,6930.0,15074,6940.0,1150,6950.0,3037,2025-05-09 18:35:06.363,,2147483647,1462589,False,nan
11295,1838499,1612990721,MERV - XMEV - GGAL - 24hs,6910.0,2025-05-09 18:35:06,400,2025-05-09 18:35:06.957,6900.0,10174,6890.0,857,6880.0,2164,6870.0,710,6860.0,30980,6910.0,12514,6920.0,29457,6930.0,15074,6940.0,1150,6950.0,3037,2025-05-09 18:35:06.869,,2147483647,1462589,True,offer
11296,1838529,1612990764,MERV - XMEV - GGAL - 24hs,6910.0,2025-05-09 18:35:06,400,2025-05-09 18:35:07.451,6900.0,10174,6890.0,857,6880.0,2164,6870.0,710,6860.0,30980,6910.0,12114,6920.0,29457,6930.0,15074,6940.0,1150,6950.0,3037,2025-05-09 18:35:07.364,,2147483647,1462989,False,nan
11297,1838593,1612990862,MERV - XMEV - GGAL - 24hs,6910.0,2025-05-09 18:35:08,1000,2025-05-09 18:35:08.230,6900.0,10174,6890.0,857,6880.0,2164,6870.0,710,6860.0,30980,6910.0,12114,6920.0,29457,6930.0,15074,6940.0,1150,6950.0,3037,2025-05-09 18:35:08.140,,2147483647,1462989,True,offer
11298,1838651,1612990932,MERV - XMEV - GGAL - 24hs,6910.0,2025-05-09 18:35:08,1000,2025-05-09 18:35:08.895,6900.0,10174,6890.0,857,6880.0,2164,6870.0,710,6860.0,30980,6910.0,11114,6920.0,29457,6930.0,15074,6940.0,1150,6950.0,3037,2025-05-09 18:35:08.808,,2147483647,1462989,False,nan
11299,1838697,1612990986,MERV - XMEV - GGAL - 24hs,6910.0,2025-05-09 18:35:08,1000,2025-05-09 18:35:09.394,6900.0,10174,6890.0,857,6880.0,2164,6870.0,710,6860.0,30980,6910.0,11114,6920.0,29457,6930.0,15074,6940.0,1150,6950.0,3037,2025-05-09 18:35:09.308,,2147483647,1463989,False,nan
11300,1838810,1612991127,MERV - XMEV - GGAL - 24hs,6910.0,2025-05-09 18:35:08,1000,2025-05-09 18:35:10.021,6900.0,10174,6890.0,857,6880.0,2193,6870.0,710,6860.0,30979,6910.0,11114,6920.0,29457,6930.0,15074,6940.0,1150,6950.0,3037,2025-05-09 18:35:09.934,,2147483647,1463989,False,nan
11301,1839318,1612991743,MERV - XMEV - GGAL - 24hs,6910.0,2025-05-09 18:35:14,28,2025-05-09 18:35:14.928,6900.0,10174,6890.0,857,6880.0,2193,6870.0,710,6860.0,30979,6910.0,11114,6920.0,29457,6930.0,15074,6940.0,1150,6950.0,3037,2025-05-09 18:35:14.841,,2147483647,1463989,True,offer
11302,1839375,1612991813,MERV - XMEV - GGAL - 24hs,6910.0,2025-05-09 18:35:14,28,2025-05-09 18:35:16.039,6900.0,10174,6890.0,857,6880.0,2193,6870.0,710,6860.0,30979,6910.0,11086,6920.0,29457,6930.0,15074,6940.0,1150,6950.0,3037,2025-05-09 18:35:15.934,,2147483647,1463989,False,nan
11303,1839414,1612991862,MERV - XMEV - GGAL - 24hs,6910.0,2025-05-09 18:35:15,490,2025-05-09 18:35:16.195,6900.0,10174,6890.0,857,6880.0,2193,6870.0,710,6860.0,30979,6910.0,11086,6920.0,29457,6930.0,15074,6940.0,1150,6950.0,3037,2025-05-09 18:35:16.035,,2147483647,1464017,True,offer
11304,1839467,1612991926,MERV - XMEV - GGAL - 24hs,6910.0,2025-05-09 18:35:15,490,2025-05-09 18:35:16.632,6900.0,10174,6890.0,367,6880.0,2193,6870.0,710,6860.0,30979,6910.0,10596,6920.0,29457,6930.0,15074,6940.0,1150,6950.0,3037,2025-05-09 18:35:16.535,,2147483647,1464017,False,nan
11305,1839561,1612992056,MERV - XMEV - GGAL - 24hs,6910.0,2025-05-09 18:35:15,490,2025-05-09 18:35:17.124,6900.0,10174,6890.0,367,6880.0,2193,6870.0,710,6860.0,30979,6910.0,10596,6920.0,29457,6930.0,15074,6940.0,1150,6950.0,3037,2025-05-09 18:35:17.035,,2147483647,1464507,False,nan
11306,1840177,1612992909,MERV - XMEV - GGAL - 24hs,6910.0,2025-05-09 18:35:15,490,2025-05-09 18:35:22.114,6900.0,10174,6890.0,367,6880.0,2193,6870.0,710,6860.0,32366,6910.0,10596,6920.0,29457,6930.0,15074,6940.0,1150,6950.0,3037,2025-05-09 18:35:21.927,,2147483647,1464507,False,nan
11307,1840370,1612993137,MERV - XMEV - GGAL - 24hs,6910.0,2025-05-09 18:35:15,490,2025-05-09 18:35:23.487,6900.0,10174,6890.0,367,6880.0,2193,6870.0,15618,6860.0,17458,6910.0,10596,6920.0,29457,6930.0,15074,6940.0,1150,6950.0,3037,2025-05-09 18:35:23.394,,2147483647,1464507,False,nan
11308,1840479,1612993268,MERV - XMEV - GGAL - 24hs,6910.0,2025-05-09 18:35:24,1,2025-05-09 18:35:24.635,6900.0,10174,6890.0,367,6880.0,2193,6870.0,15618,6860.0,17458,6910.0,10596,6920.0,29457,6930.0,15074,6940.0,1150,6950.0,3037,2025-05-09 18:35:24.547,,2147483647,1464507,True,offer
11309,1840523,1612993321,MERV - XMEV - GGAL - 24hs,6910.0,2025-05-09 18:35:24,1,2025-05-09 18:35:25.274,6900.0,10174,6890.0,367,6880.0,2193,6870.0,15618,6860.0,17458,6910.0,10595,6920.0,29457,6930.0,15074,6940.0,1150,6950.0,3037,2025-05-09 18:35:25.187,,2147483647,1464507,False,nan
11310,1840573,1612993382,MERV - XMEV - GGAL - 24hs,6910.0,2025-05-09 18:35:24,1,2025-05-09 18:35:25.772,6900.0,10174,6890.0,367,6880.0,2193,6870.0,15618,6860.0,17458,6910.0,10595,6920.0,29457,6930.0,15074,6940.0,1150,6950.0,3037,2025-05-09 18:35:25.682,,2147483647,1464508,False,nan
11311,1840807,1612993688,MERV - XMEV - GGAL - 24hs,6910.0,2025-05-09 18:35:27,6,2025-05-09 18:35:27.954,6900.0,10174,6890.0,367,6880.0,2193,6870.0,15618,6860.0,17458,6910.0,10595,6920.0,29457,6930.0,15074,6940.0,1150,6950.0,3037,2025-05-09 18:35:27.827,,2147483647,1464508,True,offer
11312,1840841,1612993731,MERV - XMEV - GGAL - 24hs,6910.0,2025-05-09 18:35:27,6,2025-05-09 18:35:28.414,6900.0,10174,6890.0,367,6880.0,2193,6870.0,15618,6860.0,17458,6910.0,10589,6920.0,34457,6930.0,10074,6940.0,1150,6950.0,3037,2025-05-09 18:35:28.327,,2147483647,1464508,False,nan
11313,1840898,1612993799,MERV - XMEV - GGAL - 24hs,6910.0,2025-05-09 18:35:27,6,2025-05-09 18:35:28.915,6900.0,10174,6890.0,367,6880.0,2193,6870.0,15618,6860.0,17458,6910.0,10589,6920.0,34457,6930.0,10074,6940.0,1150,6950.0,3037,2025-05-09 18:35:28.827,,2147483647,1464514,False,nan
11314,1841239,1612994239,MERV - XMEV - GGAL - 24hs,6910.0,2025-05-09 18:35:27,6,2025-05-09 18:35:33.754,6900.0,10174,6890.0,367,6880.0,2193,6870.0,15618,6860.0,17805,6910.0,10589,6920.0,34457,6930.0,10074,6940.0,1150,6950.0,3037,2025-05-09 18:35:33.667,,2147483647,1464514,False,nan
11315,1841623,1612994740,MERV - XMEV - GGAL - 24hs,6910.0,2025-05-09 18:35:27,6,2025-05-09 18:35:39.443,6900.0,10274,6890.0,367,6880.0,2193,6870.0,15618,6860.0,17805,6910.0,10589,6920.0,34457,6930.0,10074,6940.0,1150,6950.0,3037,2025-05-09 18:35:39.353,,2147483647,1464514,False,nan
11316,1841759,1612994905,MERV - XMEV - GGAL - 24hs,6910.0,2025-05-09 18:35:27,6,2025-05-09 18:35:41.031,6900.0,10274,6890.0,367,6880.0,2193,6870.0,15618,6860.0,17805,6910.0,10589,6920.0,29457,6930.0,15074,6940.0,1150,6950.0,3037,2025-05-09 18:35:40.943,,2147483647,1464514,False,nan
11317,1841809,1612994968,MERV - XMEV - GGAL - 24hs,6910.0,2025-05-09 18:35:41,1000,2025-05-09 18:35:41.540,6900.0,10274,6890.0,367,6880.0,2193,6870.0,15618,6860.0,17805,6910.0,10589,6920.0,29457,6930.0,15074,6940.0,1150,6950.0,3037,2025-05-09 18:35:41.448,,2147483647,1464514,True,offer
11318,1841861,1612995034,MERV - XMEV - GGAL - 24hs,6910.0,2025-05-09 18:35:41,1000,2025-05-09 18:35:42.033,6900.0,10274,6890.0,367,6880.0,2193,6870.0,15963,6860.0,14177,6910.0,9589,6920.0,29457,6930.0,15074,6940.0,1150,6950.0,3037,2025-05-09 18:35:41.943,,2147483647,1464514,False,nan
11319,1841908,1612995086,MERV - XMEV - GGAL - 24hs,6910.0,2025-05-09 18:35:41,1000,2025-05-09 18:35:42.534,6900.0,10274,6890.0,367,6880.0,2193,6870.0,15963,6860.0,14177,6910.0,9589,6920.0,29457,6930.0,15074,6940.0,1150,6950.0,3037,2025-05-09 18:35:42.444,,2147483647,1465514,False,nan
11320,1841958,1612995149,MERV - XMEV - GGAL - 24hs,6910.0,2025-05-09 18:35:41,1000,2025-05-09 18:35:43.303,6900.0,10274,6890.0,367,6880.0,2193,6870.0,15618,6860.0,17458,6910.0,9589,6920.0,29457,6930.0,15074,6940.0,1150,6950.0,3037,2025-05-09 18:35:43.216,,2147483647,1465514,False,nan
11321,1842066,1612995289,MERV - XMEV - GGAL - 24hs,6910.0,2025-05-09 18:35:41,1000,2025-05-09 18:35:44.748,6900.0,10274,6890.0,282,6880.0,2193,6870.0,15618,6860.0,17458,6910.0,9589,6920.0,29457,6930.0,15074,6940.0,1150,6950.0,3037,2025-05-09 18:35:44.659,,2147483647,1465514,False,nan
11322,1842108,1612995333,MERV - XMEV - GGAL - 24hs,6900.0,2025-05-09 18:35:45,1,2025-05-09 18:35:45.572,6900.0,10274,6890.0,282,6880.0,2193,6870.0,15618,6860.0,17458,6910.0,9589,6920.0,29457,6930.0,15074,6940.0,1150,6950.0,3037,2025-05-09 18:35:45.415,,2147483647,1465514,True,bid
11323,1842149,1612995387,MERV - XMEV - GGAL - 24hs,6900.0,2025-05-09 18:35:45,1,2025-05-09 18:35:45.748,6900.0,10273,6890.0,282,6880.0,2193,6870.0,15618,6860.0,17805,6910.0,9589,6920.0,29457,6930.0,15074,6940.0,1150,6950.0,3037,2025-05-09 18:35:45.659,,2147483647,1465514,False,nan
11324,1842193,1612995449,MERV - XMEV - GGAL - 24hs,6900.0,2025-05-09 18:35:45,1,2025-05-09 18:35:46.249,6900.0,10273,6890.0,282,6880.0,2193,6870.0,15618,6860.0,17805,6910.0,9589,6920.0,29457,6930.0,15074,6940.0,1150,6950.0,3037,2025-05-09 18:35:46.160,,2147483647,1465515,False,nan
11325,1842210,1612995468,MERV - XMEV - GGAL - 24hs,6900.0,2025-05-09 18:35:45,1,2025-05-09 18:35:46.754,6900.0,10273,6890.0,282,6880.0,2193,6870.0,15618,6860.0,17458,6910.0,9589,6920.0,29457,6930.0,15074,6940.0,1150,6950.0,3037,2025-05-09 18:35:46.667,,2147483647,1465515,False,nan
11326,1842586,1612995924,MERV - XMEV - GGAL - 24hs,6900.0,2025-05-09 18:35:45,1,2025-05-09 18:35:51.574,6900.0,10273,6890.0,282,6880.0,2193,6870.0,15618,6860.0,17450,6910.0,9589,6920.0,29457,6930.0,15074,6940.0,1150,6950.0,3037,2025-05-09 18:35:51.479,,2147483647,1465515,False,nan
11327,1843034,1612996514,MERV - XMEV - GGAL - 24hs,6900.0,2025-05-09 18:35:45,1,2025-05-09 18:35:56.908,6900.0,10358,6890.0,282,6880.0,2193,6870.0,15618,6860.0,17450,6910.0,9589,6920.0,29457,6930.0,15074,6940.0,1150,6950.0,3037,2025-05-09 18:35:56.821,,2147483647,1465515,False,nan
11328,1843228,1612996767,MERV - XMEV - GGAL - 24hs,6910.0,2025-05-09 18:35:59,26,2025-05-09 18:35:59.831,6900.0,10358,6890.0,282,6880.0,2193,6870.0,15618,6860.0,17450,6910.0,9589,6920.0,29457,6930.0,15074,6940.0,1150,6950.0,3037,2025-05-09 18:35:59.741,,2147483647,1465515,True,offer
11329,1843282,1612996834,MERV - XMEV - GGAL - 24hs,6910.0,2025-05-09 18:35:59,26,2025-05-09 18:36:00.493,6900.0,10358,6890.0,282,6880.0,2193,6870.0,15618,6860.0,17450,6910.0,9563,6920.0,29457,6930.0,15074,6940.0,1150,6950.0,3037,2025-05-09 18:36:00.401,,2147483647,1465515,False,nan
11330,1843328,1612996892,MERV - XMEV - GGAL - 24hs,6910.0,2025-05-09 18:36:00,100,2025-05-09 18:36:00.988,6900.0,10358,6890.0,282,6880.0,2193,6870.0,15618,6860.0,17450,6910.0,9563,6920.0,29457,6930.0,15074,6940.0,1150,6950.0,3037,2025-05-09 18:36:00.901,,2147483647,1465541,True,offer
11331,1843358,1612996942,MERV - XMEV - GGAL - 24hs,6910.0,2025-05-09 18:36:01,725,2025-05-09 18:36:01.488,6900.0,10358,6890.0,282,6880.0,2193,6870.0,15618,6860.0,17450,6910.0,9463,6920.0,29457,6930.0,15074,6940.0,1150,6950.0,3037,2025-05-09 18:36:01.401,,2147483647,1465641,True,offer
11332,1843393,1612996984,MERV - XMEV - GGAL - 24hs,6910.0,2025-05-09 18:36:01,725,2025-05-09 18:36:02.072,6900.0,10358,6890.0,282,6880.0,2193,6870.0,15618,6860.0,17450,6910.0,8738,6920.0,29457,6930.0,15074,6940.0,1150,6950.0,3037,2025-05-09 18:36:01.983,,2147483647,1465641,False,nan
11333,1843483,1612997095,MERV - XMEV - GGAL - 24hs,6910.0,2025-05-09 18:36:02,37,2025-05-09 18:36:02.588,6900.0,10358,6890.0,282,6880.0,2193,6870.0,15618,6860.0,17450,6910.0,8738,6920.0,29457,6930.0,15074,6940.0,1150,6950.0,3037,2025-05-09 18:36:02.483,,2147483647,1466366,True,offer
11334,1843543,1612997171,MERV - XMEV - GGAL - 24hs,6910.0,2025-05-09 18:36:02,37,2025-05-09 18:36:03.134,6900.0,10358,6890.0,282,6880.0,2193,6870.0,15618,6860.0,17450,6910.0,8796,6920.0,29457,6930.0,15074,6940.0,1150,6950.0,3037,2025-05-09 18:36:03.046,,2147483647,1466366,False,nan
11335,1843589,1612997222,MERV - XMEV - GGAL - 24hs,6910.0,2025-05-09 18:36:02,37,2025-05-09 18:36:03.635,6900.0,10358,6890.0,282,6880.0,2193,6870.0,15618,6860.0,17450,6910.0,8796,6920.0,29457,6930.0,15074,6940.0,1150,6950.0,3037,2025-05-09 18:36:03.547,,2147483647,1466403,False,nan
11336,1844685,1612998634,MERV - XMEV - GGAL - 24hs,6910.0,2025-05-09 18:36:14,100,2025-05-09 18:36:14.604,6900.0,10358,6890.0,282,6880.0,2193,6870.0,15618,6860.0,17450,6910.0,8796,6920.0,29457,6930.0,15074,6940.0,1150,6950.0,3037,2025-05-09 18:36:14.516,,2147483647,1466403,True,offer
11337,1844738,1612998699,MERV - XMEV - GGAL - 24hs,6910.0,2025-05-09 18:36:14,100,2025-05-09 18:36:15.269,6900.0,10258,6890.0,282,6880.0,2193,6870.0,15618,6860.0,17450,6910.0,8696,6920.0,29457,6930.0,15074,6940.0,1150,6950.0,3037,2025-05-09 18:36:15.183,,2147483647,1466403,False,nan
11338,1844774,1612998743,MERV - XMEV - GGAL - 24hs,6910.0,2025-05-09 18:36:14,100,2025-05-09 18:36:15.774,6900.0,10258,6890.0,282,6880.0,2193,6870.0,15618,6860.0,17450,6910.0,8696,6920.0,29457,6930.0,15074,6940.0,1150,6950.0,3037,2025-05-09 18:36:15.684,,2147483647,1466503,False,nan
11339,1844811,1612998799,MERV - XMEV - GGAL - 24hs,6910.0,2025-05-09 18:36:14,100,2025-05-09 18:36:16.356,6900.0,10258,6890.0,282,6880.0,2193,6870.0,710,6860.0,32358,6910.0,25696,6920.0,27457,6930.0,74,6940.0,1150,6950.0,3037,2025-05-09 18:36:16.267,,2147483647,1466503,False,nan
11340,1844910,1612998920,MERV - XMEV - GGAL - 24hs,6910.0,2025-05-09 18:36:14,100,2025-05-09 18:36:17.325,6900.0,10258,6890.0,282,6880.0,2193,6870.0,710,6860.0,32358,6910.0,25696,6920.0,27457,6930.0,574,6940.0,1150,6950.0,2537,2025-05-09 18:36:17.238,,2147483647,1466503,False,nan
11341,1845135,1612999211,MERV - XMEV - GGAL - 24hs,6910.0,2025-05-09 18:36:14,100,2025-05-09 18:36:19.612,6900.0,10258,6890.0,282,6880.0,2193,6870.0,710,6860.0,32358,6910.0,25696,6920.0,27457,6930.0,574,6940.0,6150,6950.0,2537,2025-05-09 18:36:19.523,,2147483647,1466503,False,nan
11342,1845458,1612999624,MERV - XMEV - GGAL - 24hs,6910.0,2025-05-09 18:36:22,100,2025-05-09 18:36:22.646,6900.0,10258,6890.0,282,6880.0,2193,6870.0,710,6860.0,32358,6910.0,25696,6920.0,27457,6930.0,574,6940.0,6150,6950.0,2537,2025-05-09 18:36:22.557,,2147483647,1466503,True,offer
11343,1845510,1612999687,MERV - XMEV - GGAL - 24hs,6910.0,2025-05-09 18:36:22,100,2025-05-09 18:36:23.308,6900.0,10158,6890.0,282,6880.0,2193,6870.0,710,6860.0,32358,6910.0,25596,6920.0,27457,6930.0,574,6940.0,6150,6950.0,2537,2025-05-09 18:36:23.221,,2147483647,1466503,False,nan
11344,1845555,1612999736,MERV - XMEV - GGAL - 24hs,6910.0,2025-05-09 18:36:22,100,2025-05-09 18:36:23.807,6900.0,10158,6890.0,282,6880.0,2193,6870.0,710,6860.0,32358,6910.0,25596,6920.0,27457,6930.0,574,6940.0,6150,6950.0,2537,2025-05-09 18:36:23.721,,2147483647,1466603,False,nan
11345,1845746,1612999981,MERV - XMEV - GGAL - 24hs,6910.0,2025-05-09 18:36:26,1000,2025-05-09 18:36:26.354,6900.0,10158,6890.0,282,6880.0,2193,6870.0,710,6860.0,32358,6910.0,25596,6920.0,27457,6930.0,574,6940.0,6150,6950.0,2537,2025-05-09 18:36:26.267,,2147483647,1466603,True,offer
11346,1845807,1613000056,MERV - XMEV - GGAL - 24hs,6910.0,2025-05-09 18:36:26,1000,2025-05-09 18:36:27.020,6900.0,10158,6890.0,282,6880.0,2193,6870.0,710,6860.0,32358,6910.0,24596,6920.0,27457,6930.0,574,6940.0,6150,6950.0,2537,2025-05-09 18:36:26.934,,2147483647,1466603,False,nan
11347,1845863,1613000123,MERV - XMEV - GGAL - 24hs,6910.0,2025-05-09 18:36:26,1000,2025-05-09 18:36:27.520,6900.0,10158,6890.0,282,6880.0,2193,6870.0,710,6860.0,32358,6910.0,24596,6920.0,27457,6930.0,574,6940.0,6150,6950.0,2537,2025-05-09 18:36:27.434,,2147483647,1467603,False,nan
11348,1845887,1613000156,MERV - XMEV - GGAL - 24hs,6910.0,2025-05-09 18:36:26,1000,2025-05-09 18:36:28.020,6900.0,10158,6890.0,282,6880.0,1793,6870.0,710,6860.0,32358,6910.0,24596,6920.0,27457,6930.0,574,6940.0,6150,6950.0,2537,2025-05-09 18:36:27.934,,2147483647,1467603,False,nan
11349,1845958,1613000242,MERV - XMEV - GGAL - 24hs,6900.0,2025-05-09 18:36:28,1,2025-05-09 18:36:29.039,6900.0,10158,6890.0,282,6880.0,1793,6870.0,710,6860.0,32358,6910.0,24596,6920.0,27457,6930.0,574,6940.0,6150,6950.0,2537,2025-05-09 18:36:28.952,,2147483647,1467603,True,bid
11350,1846006,1613000301,MERV - XMEV - GGAL - 24hs,6900.0,2025-05-09 18:36:28,1,2025-05-09 18:36:29.648,6900.0,10157,6890.0,282,6880.0,1793,6870.0,710,6860.0,32012,6910.0,24596,6920.0,27457,6930.0,574,6940.0,6150,6950.0,2537,2025-05-09 18:36:29.560,,2147483647,1467603,False,nan
11351,1846039,1613000343,MERV - XMEV - GGAL - 24hs,6900.0,2025-05-09 18:36:29,342,2025-05-09 18:36:30.147,6900.0,10157,6890.0,282,6880.0,1793,6870.0,710,6860.0,32012,6910.0,24596,6920.0,27457,6930.0,574,6940.0,6150,6950.0,2537,2025-05-09 18:36:30.060,,2147483647,1467604,True,bid
11352,1846067,1613000376,MERV - XMEV - GGAL - 24hs,6900.0,2025-05-09 18:36:29,342,2025-05-09 18:36:30.647,6900.0,9743,6890.0,282,6880.0,1793,6870.0,710,6860.0,32012,6910.0,24596,6920.0,27457,6930.0,574,6940.0,6150,6950.0,2537,2025-05-09 18:36:30.560,,2147483647,1468018,False,nan
11353,1846325,1613000699,MERV - XMEV - GGAL - 24hs,6900.0,2025-05-09 18:36:33,30,2025-05-09 18:36:34.083,6900.0,9743,6890.0,282,6880.0,1793,6870.0,710,6860.0,32012,6910.0,24596,6920.0,27457,6930.0,574,6940.0,6150,6950.0,2537,2025-05-09 18:36:33.995,,2147483647,1468018,True,bid
11354,1846371,1613000750,MERV - XMEV - GGAL - 24hs,6900.0,2025-05-09 18:36:33,30,2025-05-09 18:36:34.580,6900.0,9713,6890.0,282,6880.0,1793,6870.0,710,6860.0,30624,6910.0,24596,6920.0,27457,6930.0,574,6940.0,6150,6950.0,2537,2025-05-09 18:36:34.493,,2147483647,1468018,False,nan
11355,1846443,1613000835,MERV - XMEV - GGAL - 24hs,6900.0,2025-05-09 18:36:33,30,2025-05-09 18:36:35.127,6900.0,9713,6890.0,282,6880.0,1793,6870.0,710,6860.0,30624,6910.0,24596,6920.0,27457,6930.0,574,6940.0,6150,6950.0,2537,2025-05-09 18:36:34.994,,2147483647,1468048,False,nan
11356,1846882,1613001381,MERV - XMEV - GGAL - 24hs,6900.0,2025-05-09 18:36:33,30,2025-05-09 18:36:39.275,6900.0,9713,6890.0,482,6880.0,1793,6870.0,710,6860.0,30624,6910.0,24596,6920.0,27457,6930.0,574,6940.0,6150,6950.0,2537,2025-05-09 18:36:39.184,,2147483647,1468048,False,nan
11357,1847286,1613001891,MERV - XMEV - GGAL - 24hs,6900.0,2025-05-09 18:36:33,30,2025-05-09 18:36:43.894,6900.0,9713,6890.0,482,6880.0,1593,6870.0,710,6860.0,30624,6910.0,24596,6920.0,27457,6930.0,574,6940.0,6150,6950.0,2537,2025-05-09 18:36:43.807,,2147483647,1468048,False,nan
11358,1847513,1613002169,MERV - XMEV - GGAL - 24hs,6900.0,2025-05-09 18:36:47,370,2025-05-09 18:36:47.334,6900.0,9713,6890.0,482,6880.0,1593,6870.0,710,6860.0,30624,6910.0,24596,6920.0,27457,6930.0,574,6940.0,6150,6950.0,2537,2025-05-09 18:36:47.246,,2147483647,1468048,True,bid
11359,1847555,1613002217,MERV - XMEV - GGAL - 24hs,6900.0,2025-05-09 18:36:47,370,2025-05-09 18:36:48.003,6900.0,9343,6890.0,482,6880.0,1593,6870.0,710,6860.0,30624,6910.0,24596,6920.0,27457,6930.0,574,6940.0,6150,6950.0,2537,2025-05-09 18:36:47.915,,2147483647,1468048,False,nan
11360,1847598,1613002266,MERV - XMEV - GGAL - 24hs,6900.0,2025-05-09 18:36:47,370,2025-05-09 18:36:48.501,6900.0,9343,6890.0,482,6880.0,1593,6870.0,710,6860.0,30624,6910.0,24596,6920.0,27457,6930.0,574,6940.0,6150,6950.0,2537,2025-05-09 18:36:48.415,,2147483647,1468418,False,nan
11361,1847633,1613002305,MERV - XMEV - GGAL - 24hs,6910.0,2025-05-09 18:36:48,700,2025-05-09 18:36:49.002,6900.0,9343,6890.0,482,6880.0,1593,6870.0,710,6860.0,30624,6910.0,24596,6920.0,27457,6930.0,574,6940.0,6150,6950.0,2537,2025-05-09 18:36:48.915,,2147483647,1468418,True,offer
11362,1847656,1613002330,MERV - XMEV - GGAL - 24hs,6910.0,2025-05-09 18:36:48,700,2025-05-09 18:36:49.521,6900.0,9343,6890.0,482,6880.0,1693,6870.0,710,6860.0,30624,6910.0,23896,6920.0,27457,6930.0,574,6940.0,6150,6950.0,2537,2025-05-09 18:36:49.435,,2147483647,1468418,False,nan
11363,1847692,1613002375,MERV - XMEV - GGAL - 24hs,6910.0,2025-05-09 18:36:48,700,2025-05-09 18:36:50.017,6900.0,9343,6890.0,482,6880.0,1693,6870.0,710,6860.0,30624,6910.0,23896,6920.0,27457,6930.0,574,6940.0,6150,6950.0,2537,2025-05-09 18:36:49.930,,2147483647,1469118,False,nan
11364,1848239,1613003076,MERV - XMEV - GGAL - 24hs,6910.0,2025-05-09 18:36:54,500,2025-05-09 18:36:54.858,6900.0,9343,6890.0,482,6880.0,1693,6870.0,710,6860.0,30624,6910.0,23896,6920.0,27457,6930.0,574,6940.0,6150,6950.0,2537,2025-05-09 18:36:54.771,,2147483647,1469118,True,offer
11365,1848268,1613003112,MERV - XMEV - GGAL - 24hs,6910.0,2025-05-09 18:36:55,10,2025-05-09 18:36:55.359,6900.0,9343,6890.0,482,6880.0,1693,6870.0,710,6860.0,30624,6910.0,23386,6920.0,27457,6930.0,574,6940.0,6150,6950.0,2537,2025-05-09 18:36:55.272,,2147483647,1469618,True,offer
11366,1848311,1613003168,MERV - XMEV - GGAL - 24hs,6910.0,2025-05-09 18:36:55,10,2025-05-09 18:36:55.859,6900.0,9343,6890.0,482,6880.0,1693,6870.0,710,6860.0,30624,6910.0,23386,6920.0,27457,6930.0,574,6940.0,6150,6950.0,2537,2025-05-09 18:36:55.772,,2147483647,1469628,False,nan
11367,1848363,1613003236,MERV - XMEV - GGAL - 24hs,6910.0,2025-05-09 18:36:55,10,2025-05-09 18:36:56.362,6900.0,9343,6890.0,482,6880.0,1493,6870.0,710,6860.0,30624,6910.0,23386,6920.0,27457,6930.0,574,6940.0,6150,6950.0,2537,2025-05-09 18:36:56.272,,2147483647,1469628,False,nan
11368,1848596,1613003583,MERV - XMEV - GGAL - 24hs,6900.0,2025-05-09 18:36:59,2000,2025-05-09 18:36:59.207,6900.0,9343,6890.0,482,6880.0,1493,6870.0,710,6860.0,30624,6910.0,23386,6920.0,27457,6930.0,574,6940.0,6150,6950.0,2537,2025-05-09 18:36:59.115,,2147483647,1469628,True,bid
11369,1848669,1613003690,MERV - XMEV - GGAL - 24hs,6900.0,2025-05-09 18:36:59,85,2025-05-09 18:36:59.704,6890.0,482,6880.0,1493,6870.0,710,6860.0,30617,6850.0,712,6900.0,15000,6910.0,16386,6920.0,17457,6930.0,574,6940.0,6150,2025-05-09 18:36:59.616,,2147483647,1469628,False,nan
11370,1848725,1613003785,MERV - XMEV - GGAL - 24hs,6900.0,2025-05-09 18:36:59,85,2025-05-09 18:37:00.207,6890.0,482,6880.0,1493,6870.0,710,6860.0,30617,6850.0,712,6900.0,15000,6910.0,16386,6920.0,17457,6930.0,574,6940.0,6150,2025-05-09 18:37:00.117,,2147483647,1478971,False,nan
11371,1848774,1613003846,MERV - XMEV - GGAL - 24hs,6900.0,2025-05-09 18:36:59,85,2025-05-09 18:37:00.704,6890.0,558,6880.0,1493,6870.0,710,6860.0,30617,6850.0,905,6910.0,21386,6920.0,27457,6930.0,574,6940.0,6150,6950.0,2537,2025-05-09 18:37:00.616,,2147483647,1478971,False,nan
11372,1849311,1613004544,MERV - XMEV - GGAL - 24hs,6900.0,2025-05-09 18:36:59,85,2025-05-09 18:37:06.761,6900.0,450,6890.0,482,6880.0,1493,6870.0,710,6860.0,30624,6910.0,21386,6920.0,27457,6930.0,574,6940.0,6150,6950.0,2537,2025-05-09 18:37:06.675,,2147483647,1478971,False,nan
11373,1849598,1613004889,MERV - XMEV - GGAL - 24hs,6900.0,2025-05-09 18:37:10,450,2025-05-09 18:37:10.923,6900.0,450,6890.0,482,6880.0,1493,6870.0,710,6860.0,30624,6910.0,21386,6920.0,27457,6930.0,574,6940.0,6150,6950.0,2537,2025-05-09 18:37:10.835,,2147483647,1478971,True,bid
11374,1849654,1613004973,MERV - XMEV - GGAL - 24hs,6900.0,2025-05-09 18:37:10,450,2025-05-09 18:37:11.591,6890.0,482,6880.0,1493,6870.0,710,6860.0,30624,6850.0,905,6900.0,50,6910.0,21386,6920.0,27457,6930.0,574,6940.0,6150,2025-05-09 18:37:11.499,,2147483647,1478971,False,nan
11375,1849684,1613005015,MERV - XMEV - GGAL - 24hs,6900.0,2025-05-09 18:37:10,450,2025-05-09 18:37:12.089,6890.0,482,6880.0,1493,6870.0,710,6860.0,30624,6850.0,905,6900.0,50,6910.0,21386,6920.0,27457,6930.0,574,6940.0,6150,2025-05-09 18:37:12.000,,2147483647,1479421,False,nan
11376,1849853,1613005242,MERV - XMEV - GGAL - 24hs,6900.0,2025-05-09 18:37:10,450,2025-05-09 18:37:14.290,6890.0,482,6880.0,1493,6870.0,710,6860.0,30624,6850.0,905,6900.0,1105,6910.0,21331,6920.0,27457,6930.0,574,6940.0,6150,2025-05-09 18:37:14.203,,2147483647,1479421,False,nan
11377,1850406,1613006004,MERV - XMEV - GGAL - 24hs,6900.0,2025-05-09 18:37:10,450,2025-05-09 18:37:21.873,6890.0,482,6880.0,1493,6870.0,710,6860.0,30624,6850.0,1905,6900.0,1105,6910.0,21331,6920.0,27457,6930.0,574,6940.0,6150,2025-05-09 18:37:21.785,,2147483647,1479421,False,nan
11378,1850598,1613006278,MERV - XMEV - GGAL - 24hs,6900.0,2025-05-09 18:37:24,5,2025-05-09 18:37:24.532,6890.0,482,6880.0,1493,6870.0,710,6860.0,30624,6850.0,1905,6900.0,1105,6910.0,21331,6920.0,27457,6930.0,574,6940.0,6150,2025-05-09 18:37:24.444,,2147483647,1479421,True,offer
11379,1850639,1613006334,MERV - XMEV - GGAL - 24hs,6890.0,2025-05-09 18:37:24,6,2025-05-09 18:37:25.031,6890.0,482,6880.0,1493,6870.0,710,6860.0,30624,6850.0,1905,6900.0,1105,6910.0,21331,6920.0,27457,6930.0,574,6940.0,6150,2025-05-09 18:37:24.944,,2147483647,1479426,False,nan
11380,1850679,1613006389,MERV - XMEV - GGAL - 24hs,6890.0,2025-05-09 18:37:24,6,2025-05-09 18:37:25.545,6890.0,448,6880.0,1493,6870.0,710,6860.0,30624,6850.0,1905,6900.0,1100,6910.0,21331,6920.0,27457,6930.0,574,6940.0,6150,2025-05-09 18:37:25.443,,2147483647,1479460,False,nan
11381,1850822,1613006589,MERV - XMEV - GGAL - 24hs,6890.0,2025-05-09 18:37:24,6,2025-05-09 18:37:26.732,6890.0,448,6880.0,1493,6870.0,710,6860.0,31318,6850.0,1905,6900.0,1100,6910.0,21331,6920.0,27457,6930.0,574,6940.0,6150,2025-05-09 18:37:26.644,,2147483647,1479460,False,nan
11382,1851389,1613007310,MERV - XMEV - GGAL - 24hs,6900.0,2025-05-09 18:37:34,40,2025-05-09 18:37:34.558,6890.0,448,6880.0,1493,6870.0,710,6860.0,31318,6850.0,1905,6900.0,1100,6910.0,21331,6920.0,27457,6930.0,574,6940.0,6150,2025-05-09 18:37:34.471,,2147483647,1479460,True,offer
11383,1851493,1613007466,MERV - XMEV - GGAL - 24hs,6900.0,2025-05-09 18:37:34,40,2025-05-09 18:37:35.220,6890.0,448,6880.0,1493,6870.0,710,6860.0,31318,6850.0,1905,6900.0,1060,6910.0,21331,6920.0,27457,6930.0,574,6940.0,6150,2025-05-09 18:37:35.132,,2147483647,1479460,False,nan
11384,1851554,1613007554,MERV - XMEV - GGAL - 24hs,6900.0,2025-05-09 18:37:34,40,2025-05-09 18:37:35.718,6890.0,448,6880.0,1493,6870.0,710,6860.0,31318,6850.0,1905,6900.0,1060,6910.0,21331,6920.0,27457,6930.0,574,6940.0,6150,2025-05-09 18:37:35.632,,2147483647,1479500,False,nan
11385,1851602,1613007614,MERV - XMEV - GGAL - 24hs,6900.0,2025-05-09 18:37:34,40,2025-05-09 18:37:36.227,6890.0,448,6880.0,1493,6870.0,710,6860.0,31179,6850.0,1905,6900.0,1060,6910.0,21331,6920.0,27457,6930.0,574,6940.0,6150,2025-05-09 18:37:36.134,,2147483647,1479500,False,nan
11386,1851739,1613007784,MERV - XMEV - GGAL - 24hs,6900.0,2025-05-09 18:37:34,40,2025-05-09 18:37:37.558,6890.0,448,6880.0,1493,6870.0,1402,6860.0,29085,6850.0,2605,6900.0,1060,6910.0,21331,6920.0,27457,6930.0,574,6940.0,6150,2025-05-09 18:37:37.468,,2147483647,1479500,False,nan
11387,1851789,1613007842,MERV - XMEV - GGAL - 24hs,6900.0,2025-05-09 18:37:37,95,2025-05-09 18:37:38.084,6890.0,448,6880.0,1493,6870.0,1402,6860.0,29085,6850.0,2605,6900.0,1060,6910.0,21331,6920.0,27457,6930.0,574,6940.0,6150,2025-05-09 18:37:37.969,,2147483647,1479500,True,offer
11388,1851846,1613007907,MERV - XMEV - GGAL - 24hs,6900.0,2025-05-09 18:37:37,95,2025-05-09 18:37:38.555,6890.0,448,6880.0,1493,6870.0,1402,6860.0,29085,6850.0,2605,6900.0,960,6910.0,21331,6920.0,27457,6930.0,574,6940.0,6150,2025-05-09 18:37:38.469,,2147483647,1479600,False,nan
11389,1851929,1613008013,MERV - XMEV - GGAL - 24hs,6900.0,2025-05-09 18:37:37,95,2025-05-09 18:37:39.702,6890.0,448,6880.0,1493,6870.0,16310,6860.0,14177,6850.0,2605,6900.0,960,6910.0,21331,6920.0,27457,6930.0,574,6940.0,6150,2025-05-09 18:37:39.615,,2147483647,1479600,False,nan
11390,1851981,1613008083,MERV - XMEV - GGAL - 24hs,6900.0,2025-05-09 18:37:37,95,2025-05-09 18:37:40.413,6890.0,448,6880.0,1493,6870.0,1402,6860.0,29085,6850.0,2605,6900.0,960,6910.0,21331,6920.0,27457,6930.0,574,6940.0,6150,2025-05-09 18:37:40.322,,2147483647,1479600,False,nan
11391,1852107,1613008251,MERV - XMEV - GGAL - 24hs,6900.0,2025-05-09 18:37:37,95,2025-05-09 18:37:42.454,6890.0,448,6880.0,1493,6870.0,1055,6860.0,29085,6850.0,2605,6900.0,960,6910.0,21331,6920.0,27457,6930.0,574,6940.0,6150,2025-05-09 18:37:42.368,,2147483647,1479600,False,nan
11392,1852347,1613008618,MERV - XMEV - GGAL - 24hs,6900.0,2025-05-09 18:37:44,3,2025-05-09 18:37:44.838,6890.0,448,6880.0,1493,6870.0,1055,6860.0,29085,6850.0,2605,6900.0,960,6910.0,21331,6920.0,27457,6930.0,574,6940.0,6150,2025-05-09 18:37:44.742,,2147483647,1479600,True,offer
11393,1852401,1613008680,MERV - XMEV - GGAL - 24hs,6900.0,2025-05-09 18:37:44,3,2025-05-09 18:37:45.499,6890.0,448,6880.0,1493,6870.0,1055,6860.0,29085,6850.0,2605,6900.0,957,6910.0,21331,6920.0,27457,6930.0,574,6940.0,6150,2025-05-09 18:37:45.407,,2147483647,1479600,False,nan
11394,1852433,1613008722,MERV - XMEV - GGAL - 24hs,6900.0,2025-05-09 18:37:44,3,2025-05-09 18:37:45.994,6890.0,448,6880.0,1493,6870.0,1055,6860.0,29085,6850.0,2605,6900.0,957,6910.0,21331,6920.0,27457,6930.0,574,6940.0,6150,2025-05-09 18:37:45.908,,2147483647,1479603,False,nan
11395,1852637,1613008971,MERV - XMEV - GGAL - 24hs,6900.0,2025-05-09 18:37:44,3,2025-05-09 18:37:48.838,6890.0,448,6880.0,1493,6870.0,1402,6860.0,29085,6850.0,2605,6900.0,957,6910.0,21331,6920.0,27457,6930.0,574,6940.0,6150,2025-05-09 18:37:48.748,,2147483647,1479603,False,nan
11396,1852678,1613009021,MERV - XMEV - GGAL - 24hs,6900.0,2025-05-09 18:37:44,3,2025-05-09 18:37:49.611,6890.0,448,6880.0,1493,6870.0,1402,6860.0,29085,6850.0,1605,6900.0,957,6910.0,23331,6920.0,27457,6930.0,574,6940.0,6150,2025-05-09 18:37:49.521,,2147483647,1479603,False,nan
11397,1852906,1613009296,MERV - XMEV - GGAL - 24hs,6890.0,2025-05-09 18:37:52,4,2025-05-09 18:37:53.033,6890.0,448,6880.0,1493,6870.0,1402,6860.0,29085,6850.0,1605,6900.0,957,6910.0,23331,6920.0,27457,6930.0,574,6940.0,6150,2025-05-09 18:37:52.946,,2147483647,1479603,True,bid
11398,1852952,1613009350,MERV - XMEV - GGAL - 24hs,6890.0,2025-05-09 18:37:52,67,2025-05-09 18:37:53.533,6890.0,448,6880.0,1493,6870.0,1402,6860.0,29085,6850.0,1605,6900.0,957,6910.0,23331,6920.0,27457,6930.0,574,6940.0,6150,2025-05-09 18:37:53.446,,2147483647,1479603,False,nan
11399,1852983,1613009390,MERV - XMEV - GGAL - 24hs,6890.0,2025-05-09 18:37:52,67,2025-05-09 18:37:54.033,6890.0,133,6880.0,1493,6870.0,1402,6860.0,29085,6850.0,1605,6900.0,957,6910.0,23331,6920.0,27457,6930.0,574,6940.0,6150,2025-05-09 18:37:53.946,,2147483647,1479918,False,nan
11400,1853173,1613009649,MERV - XMEV - GGAL - 24hs,6900.0,2025-05-09 18:37:56,300,2025-05-09 18:37:56.771,6890.0,133,6880.0,1493,6870.0,1402,6860.0,29085,6850.0,1605,6900.0,957,6910.0,23331,6920.0,27457,6930.0,574,6940.0,6150,2025-05-09 18:37:56.682,,2147483647,1479918,True,offer
11401,1853214,1613009698,MERV - XMEV - GGAL - 24hs,6900.0,2025-05-09 18:37:56,300,2025-05-09 18:37:57.275,6890.0,133,6880.0,1493,6870.0,1402,6860.0,29085,6850.0,1605,6900.0,657,6910.0,23331,6920.0,27457,6930.0,574,6940.0,6150,2025-05-09 18:37:57.185,,2147483647,1479918,False,nan
11402,1853258,1613009756,MERV - XMEV - GGAL - 24hs,6890.0,2025-05-09 18:37:57,20,2025-05-09 18:37:57.774,6890.0,133,6880.0,1493,6870.0,1402,6860.0,29085,6850.0,1605,6900.0,657,6910.0,23331,6920.0,27457,6930.0,574,6940.0,6150,2025-05-09 18:37:57.686,,2147483647,1480218,True,bid
11403,1853288,1613009794,MERV - XMEV - GGAL - 24hs,6890.0,2025-05-09 18:37:57,20,2025-05-09 18:37:58.275,6890.0,113,6880.0,1493,6870.0,1402,6860.0,29085,6850.0,1605,6900.0,657,6910.0,23331,6920.0,27457,6930.0,574,6940.0,6150,2025-05-09 18:37:58.186,,2147483647,1480238,False,nan
11404,1853552,1613010108,MERV - XMEV - GGAL - 24hs,6890.0,2025-05-09 18:38:01,1,2025-05-09 18:38:02.062,6890.0,113,6880.0,1493,6870.0,1402,6860.0,29085,6850.0,1605,6900.0,657,6910.0,23331,6920.0,27457,6930.0,574,6940.0,6150,2025-05-09 18:38:01.970,,2147483647,1480238,True,bid
11405,1853612,1613010181,MERV - XMEV - GGAL - 24hs,6890.0,2025-05-09 18:38:01,1,2025-05-09 18:38:02.737,6890.0,112,6880.0,1493,6870.0,1402,6860.0,29085,6850.0,1605,6900.0,657,6910.0,23331,6920.0,27457,6930.0,574,6940.0,6150,2025-05-09 18:38:02.650,,2147483647,1480238,False,nan
11406,1853645,1613010225,MERV - XMEV - GGAL - 24hs,6890.0,2025-05-09 18:38:01,1,2025-05-09 18:38:03.237,6890.0,112,6880.0,1493,6870.0,1402,6860.0,29085,6850.0,1605,6900.0,657,6910.0,23331,6920.0,27457,6930.0,574,6940.0,6150,2025-05-09 18:38:03.150,,2147483647,1480239,False,nan
11407,1854099,1613010758,MERV - XMEV - GGAL - 24hs,6890.0,2025-05-09 18:38:01,1,2025-05-09 18:38:08.739,6890.0,112,6880.0,1493,6870.0,1402,6860.0,14177,6850.0,16513,6900.0,657,6910.0,23331,6920.0,27457,6930.0,574,6940.0,6150,2025-05-09 18:38:08.635,,2147483647,1480239,False,nan
11408,1854155,1613010822,MERV - XMEV - GGAL - 24hs,6890.0,2025-05-09 18:38:01,1,2025-05-09 18:38:09.397,6890.0,112,6880.0,1493,6870.0,1402,6860.0,14277,6850.0,15513,6900.0,657,6910.0,23331,6920.0,27457,6930.0,574,6940.0,6150,2025-05-09 18:38:09.311,,2147483647,1480239,False,nan
11409,1854737,1613011527,MERV - XMEV - GGAL - 24hs,6900.0,2025-05-09 18:38:13,6,2025-05-09 18:38:14.320,6890.0,112,6880.0,1493,6870.0,1402,6860.0,14277,6850.0,15513,6900.0,657,6910.0,23331,6920.0,27457,6930.0,574,6940.0,6150,2025-05-09 18:38:13.959,,2147483647,1480239,True,offer
11410,1854820,1613011635,MERV - XMEV - GGAL - 24hs,6900.0,2025-05-09 18:38:13,6,2025-05-09 18:38:14.668,6890.0,112,6880.0,1493,6870.0,1402,6860.0,14277,6850.0,15513,6900.0,651,6910.0,23331,6920.0,27457,6930.0,574,6940.0,6150,2025-05-09 18:38:14.458,,2147483647,1480239,False,nan
11411,1854877,1613011708,MERV - XMEV - GGAL - 24hs,6900.0,2025-05-09 18:38:13,6,2025-05-09 18:38:15.045,6890.0,112,6880.0,1493,6870.0,1402,6860.0,14277,6850.0,15513,6900.0,651,6910.0,23331,6920.0,27457,6930.0,574,6940.0,6150,2025-05-09 18:38:14.958,,2147483647,1480245,False,nan
11412,1854907,1613011742,MERV - XMEV - GGAL - 24hs,6900.0,2025-05-09 18:38:13,6,2025-05-09 18:38:15.548,6890.0,112,6880.0,1993,6870.0,1402,6860.0,14177,6850.0,15513,6900.0,651,6910.0,23331,6920.0,27457,6930.0,574,6940.0,6150,2025-05-09 18:38:15.458,,2147483647,1480245,False,nan
11413,1854990,1613011857,MERV - XMEV - GGAL - 24hs,6900.0,2025-05-09 18:38:13,6,2025-05-09 18:38:16.356,6890.0,112,6880.0,1993,6870.0,1055,6860.0,14177,6850.0,15513,6900.0,651,6910.0,23331,6920.0,27457,6930.0,574,6940.0,6150,2025-05-09 18:38:16.269,,2147483647,1480245,False,nan
11414,1855010,1613011884,MERV - XMEV - GGAL - 24hs,6890.0,2025-05-09 18:38:16,78,2025-05-09 18:38:16.856,6890.0,112,6880.0,1993,6870.0,1055,6860.0,14177,6850.0,15513,6900.0,651,6910.0,23331,6920.0,27457,6930.0,574,6940.0,6150,2025-05-09 18:38:16.769,,2147483647,1480245,True,bid
11415,1855037,1613011925,MERV - XMEV - GGAL - 24hs,6890.0,2025-05-09 18:38:16,78,2025-05-09 18:38:17.357,6890.0,34,6880.0,1993,6870.0,1055,6860.0,14177,6850.0,15513,6900.0,651,6910.0,23331,6920.0,27457,6930.0,574,6940.0,6150,2025-05-09 18:38:17.269,,2147483647,1480323,False,nan
11416,1855786,1613012844,MERV - XMEV - GGAL - 24hs,6900.0,2025-05-09 18:38:27,143,2025-05-09 18:38:28.367,6890.0,34,6880.0,1993,6870.0,1055,6860.0,14177,6850.0,15513,6900.0,651,6910.0,23331,6920.0,27457,6930.0,574,6940.0,6150,2025-05-09 18:38:28.207,,2147483647,1480323,True,offer
11417,1855810,1613012873,MERV - XMEV - GGAL - 24hs,6900.0,2025-05-09 18:38:27,143,2025-05-09 18:38:28.561,6890.0,34,6880.0,1993,6870.0,710,6860.0,16271,6850.0,15513,6900.0,508,6910.0,23331,6920.0,27457,6930.0,574,6940.0,6150,2025-05-09 18:38:28.475,,2147483647,1480323,False,nan
11418,1855846,1613012918,MERV - XMEV - GGAL - 24hs,6900.0,2025-05-09 18:38:27,143,2025-05-09 18:38:29.062,6890.0,34,6880.0,1993,6870.0,710,6860.0,16271,6850.0,15513,6900.0,508,6910.0,23331,6920.0,27457,6930.0,574,6940.0,6150,2025-05-09 18:38:28.976,,2147483647,1480466,False,nan
11419,1855904,1613013009,MERV - XMEV - GGAL - 24hs,6900.0,2025-05-09 18:38:29,1,2025-05-09 18:38:29.971,6890.0,34,6880.0,1993,6870.0,710,6860.0,16271,6850.0,15513,6900.0,508,6910.0,23331,6920.0,27457,6930.0,574,6940.0,6150,2025-05-09 18:38:29.879,,2147483647,1480466,True,offer
11420,1855932,1613013046,MERV - XMEV - GGAL - 24hs,6900.0,2025-05-09 18:38:29,2,2025-05-09 18:38:30.465,6890.0,34,6880.0,1993,6870.0,710,6860.0,16271,6850.0,15513,6900.0,508,6910.0,23331,6920.0,27457,6930.0,574,6940.0,6150,2025-05-09 18:38:30.377,,2147483647,1480467,False,nan
11421,1855987,1613013112,MERV - XMEV - GGAL - 24hs,6900.0,2025-05-09 18:38:29,2,2025-05-09 18:38:30.964,6890.0,34,6880.0,1993,6870.0,710,6860.0,16271,6850.0,15513,6900.0,505,6910.0,23331,6920.0,27457,6930.0,574,6940.0,6150,2025-05-09 18:38:30.876,,2147483647,1480469,False,nan
11422,1856256,1613013446,MERV - XMEV - GGAL - 24hs,6900.0,2025-05-09 18:38:35,50,2025-05-09 18:38:35.187,6890.0,34,6880.0,1993,6870.0,710,6860.0,16271,6850.0,15513,6900.0,505,6910.0,23331,6920.0,27457,6930.0,574,6940.0,6150,2025-05-09 18:38:35.098,,2147483647,1480469,True,offer
11423,1856308,1613013509,MERV - XMEV - GGAL - 24hs,6900.0,2025-05-09 18:38:35,50,2025-05-09 18:38:35.854,6890.0,34,6880.0,1493,6870.0,710,6860.0,16271,6850.0,16413,6900.0,455,6910.0,23331,6920.0,27457,6930.0,574,6940.0,6150,2025-05-09 18:38:35.765,,2147483647,1480469,False,nan
11424,1856356,1613013568,MERV - XMEV - GGAL - 24hs,6900.0,2025-05-09 18:38:35,50,2025-05-09 18:38:36.354,6890.0,34,6880.0,1493,6870.0,710,6860.0,16271,6850.0,16413,6900.0,455,6910.0,23331,6920.0,27457,6930.0,574,6940.0,6150,2025-05-09 18:38:36.265,,2147483647,1480519,False,nan
11425,1856401,1613013626,MERV - XMEV - GGAL - 24hs,6900.0,2025-05-09 18:38:35,50,2025-05-09 18:38:36.852,6890.0,34,6880.0,1493,6870.0,710,6860.0,15924,6850.0,15613,6900.0,455,6910.0,23331,6920.0,27457,6930.0,574,6940.0,6150,2025-05-09 18:38:36.765,,2147483647,1480519,False,nan
11426,1856587,1613013861,MERV - XMEV - GGAL - 24hs,6900.0,2025-05-09 18:38:35,50,2025-05-09 18:38:40.088,6890.0,34,6880.0,1493,6870.0,710,6860.0,16965,6850.0,15613,6900.0,455,6910.0,23331,6920.0,27457,6930.0,574,6940.0,6150,2025-05-09 18:38:40.000,,2147483647,1480519,False,nan
11427,1856650,1613013940,MERV - XMEV - GGAL - 24hs,6900.0,2025-05-09 18:38:35,50,2025-05-09 18:38:41.322,6890.0,34,6880.0,1493,6870.0,710,6860.0,17312,6850.0,15613,6900.0,455,6910.0,23331,6920.0,27457,6930.0,574,6940.0,6150,2025-05-09 18:38:41.233,,2147483647,1480519,False,nan
11428,1856897,1613014232,MERV - XMEV - GGAL - 24hs,6900.0,2025-05-09 18:38:44,19,2025-05-09 18:38:44.935,6890.0,34,6880.0,1493,6870.0,710,6860.0,17312,6850.0,15613,6900.0,455,6910.0,23331,6920.0,27457,6930.0,574,6940.0,6150,2025-05-09 18:38:44.844,,2147483647,1480519,True,offer
11429,1856931,1613014277,MERV - XMEV - GGAL - 24hs,6900.0,2025-05-09 18:38:44,19,2025-05-09 18:38:45.592,6890.0,34,6880.0,1493,6870.0,710,6860.0,17312,6850.0,15813,6900.0,436,6910.0,23331,6920.0,27457,6930.0,574,6940.0,6150,2025-05-09 18:38:45.506,,2147483647,1480519,False,nan
11430,1856993,1613014350,MERV - XMEV - GGAL - 24hs,6900.0,2025-05-09 18:38:44,19,2025-05-09 18:38:46.094,6890.0,34,6880.0,1493,6870.0,710,6860.0,17312,6850.0,15813,6900.0,436,6910.0,23331,6920.0,27457,6930.0,574,6940.0,6150,2025-05-09 18:38:46.007,,2147483647,1480538,False,nan
11431,1857125,1613014525,MERV - XMEV - GGAL - 24hs,6900.0,2025-05-09 18:38:44,19,2025-05-09 18:38:47.643,6890.0,34,6880.0,1493,6870.0,710,6860.0,16965,6850.0,15813,6900.0,436,6910.0,23331,6920.0,27457,6930.0,574,6940.0,6150,2025-05-09 18:38:47.557,,2147483647,1480538,False,nan
11432,1857345,1613014787,MERV - XMEV - GGAL - 24hs,6900.0,2025-05-09 18:38:44,19,2025-05-09 18:38:51.135,6890.0,34,6880.0,1493,6870.0,710,6860.0,16965,6850.0,15713,6900.0,436,6910.0,23331,6920.0,27457,6930.0,574,6940.0,6150,2025-05-09 18:38:50.913,,2147483647,1480538,False,nan
11433,1857685,1613015224,MERV - XMEV - GGAL - 24hs,6900.0,2025-05-09 18:38:44,19,2025-05-09 18:38:55.281,6890.0,34,6880.0,1493,6870.0,710,6860.0,16965,6850.0,15713,6900.0,2936,6910.0,23331,6920.0,27457,6930.0,574,6940.0,6150,2025-05-09 18:38:55.194,,2147483647,1480538,False,nan
11434,1857943,1613015545,MERV - XMEV - GGAL - 24hs,6900.0,2025-05-09 18:38:44,19,2025-05-09 18:38:59.849,6890.0,34,6880.0,1493,6870.0,710,6860.0,16424,6850.0,15513,6900.0,2936,6910.0,23331,6920.0,27457,6930.0,574,6940.0,6150,2025-05-09 18:38:59.762,,2147483647,1480538,False,nan
11435,1857999,1613015614,MERV - XMEV - GGAL - 24hs,6900.0,2025-05-09 18:38:44,19,2025-05-09 18:39:00.706,6890.0,34,6880.0,1493,6870.0,710,6860.0,16771,6850.0,15513,6900.0,2936,6910.0,23331,6920.0,27457,6930.0,574,6940.0,6150,2025-05-09 18:39:00.614,,2147483647,1480538,False,nan
11436,1858633,1613016412,MERV - XMEV - GGAL - 24hs,6900.0,2025-05-09 18:38:44,19,2025-05-09 18:39:08.510,6890.0,34,6880.0,1493,6870.0,710,6860.0,17271,6850.0,15513,6900.0,2936,6910.0,23331,6920.0,27457,6930.0,574,6940.0,6150,2025-05-09 18:39:08.422,,2147483647,1480538,False,nan
11437,1858776,1613016597,MERV - XMEV - GGAL - 24hs,6900.0,2025-05-09 18:38:44,19,2025-05-09 18:39:09.600,6890.0,34,6880.0,1493,6870.0,710,6860.0,17965,6850.0,16513,6900.0,2936,6910.0,23331,6920.0,27457,6930.0,574,6940.0,6150,2025-05-09 18:39:09.513,,2147483647,1480538,False,nan
11438,1859398,1613017399,MERV - XMEV - GGAL - 24hs,6900.0,2025-05-09 18:38:44,19,2025-05-09 18:39:17.201,6890.0,34,6880.0,1493,6870.0,710,6860.0,17618,6850.0,16513,6900.0,2936,6910.0,23331,6920.0,27457,6930.0,574,6940.0,6150,2025-05-09 18:39:17.114,,2147483647,1480538,False,nan
11439,1859429,1613017436,MERV - XMEV - GGAL - 24hs,6900.0,2025-05-09 18:39:17,100,2025-05-09 18:39:17.708,6890.0,34,6880.0,1493,6870.0,710,6860.0,17618,6850.0,16513,6900.0,2936,6910.0,23331,6920.0,27457,6930.0,574,6940.0,6150,2025-05-09 18:39:17.614,,2147483647,1480538,True,offer
11440,1859465,1613017510,MERV - XMEV - GGAL - 24hs,6900.0,2025-05-09 18:39:17,100,2025-05-09 18:39:18.300,6890.0,34,6880.0,1493,6870.0,710,6860.0,17618,6850.0,16513,6900.0,2836,6910.0,23331,6920.0,27457,6930.0,574,6940.0,6150,2025-05-09 18:39:18.193,,2147483647,1480538,False,nan
11441,1859503,1613017560,MERV - XMEV - GGAL - 24hs,6900.0,2025-05-09 18:39:17,100,2025-05-09 18:39:18.780,6890.0,34,6880.0,1493,6870.0,710,6860.0,17618,6850.0,16513,6900.0,2836,6910.0,23331,6920.0,27457,6930.0,574,6940.0,6150,2025-05-09 18:39:18.693,,2147483647,1480638,False,nan
11442,1860219,1613018478,MERV - XMEV - GGAL - 24hs,6900.0,2025-05-09 18:39:17,100,2025-05-09 18:39:26.098,6890.0,34,6880.0,1493,6870.0,710,6860.0,17618,6850.0,16513,6900.0,2836,6910.0,28331,6920.0,22457,6930.0,574,6940.0,6150,2025-05-09 18:39:25.984,,2147483647,1480638,False,nan
11443,1860460,1613018795,MERV - XMEV - GGAL - 24hs,6900.0,2025-05-09 18:39:17,100,2025-05-09 18:39:28.819,6890.0,34,6880.0,1493,6870.0,710,6860.0,17618,6850.0,16513,6900.0,4836,6910.0,28331,6920.0,22457,6930.0,574,6940.0,6150,2025-05-09 18:39:28.733,,2147483647,1480638,False,nan
11444,1860530,1613018894,MERV - XMEV - GGAL - 24hs,6900.0,2025-05-09 18:39:29,50,2025-05-09 18:39:29.607,6890.0,34,6880.0,1493,6870.0,710,6860.0,17618,6850.0,16513,6900.0,4836,6910.0,28331,6920.0,22457,6930.0,574,6940.0,6150,2025-05-09 18:39:29.520,,2147483647,1480638,True,offer
11445,1860581,1613018962,MERV - XMEV - GGAL - 24hs,6900.0,2025-05-09 18:39:29,50,2025-05-09 18:39:30.109,6890.0,34,6880.0,1493,6870.0,710,6860.0,17271,6850.0,16513,6900.0,4786,6910.0,28331,6920.0,22457,6930.0,574,6940.0,6150,2025-05-09 18:39:30.019,,2147483647,1480638,False,nan
11446,1860620,1613019012,MERV - XMEV - GGAL - 24hs,6900.0,2025-05-09 18:39:29,50,2025-05-09 18:39:30.608,6890.0,34,6880.0,1493,6870.0,710,6860.0,17271,6850.0,16513,6900.0,4786,6910.0,28331,6920.0,22457,6930.0,574,6940.0,6150,2025-05-09 18:39:30.521,,2147483647,1480688,False,nan
11447,1860659,1613019058,MERV - XMEV - GGAL - 24hs,6900.0,2025-05-09 18:39:29,50,2025-05-09 18:39:31.107,6890.0,34,6880.0,1493,6870.0,710,6860.0,17271,6850.0,16513,6900.0,4786,6910.0,23331,6920.0,27457,6930.0,574,6940.0,6150,2025-05-09 18:39:31.020,,2147483647,1480688,False,nan
11448,1861190,1613019749,MERV - XMEV - GGAL - 24hs,6900.0,2025-05-09 18:39:29,50,2025-05-09 18:39:38.596,6890.0,34,6880.0,1493,6870.0,710,6860.0,17618,6850.0,16513,6900.0,4786,6910.0,23331,6920.0,27457,6930.0,574,6940.0,6150,2025-05-09 18:39:38.509,,2147483647,1480688,False,nan
11449,1861286,1613019862,MERV - XMEV - GGAL - 24hs,6900.0,2025-05-09 18:39:29,50,2025-05-09 18:39:39.365,6890.0,34,6880.0,1493,6870.0,710,6860.0,16924,6850.0,16513,6900.0,4786,6910.0,23331,6920.0,27457,6930.0,574,6940.0,6150,2025-05-09 18:39:39.273,,2147483647,1480688,False,nan
11450,1861340,1613019925,MERV - XMEV - GGAL - 24hs,6900.0,2025-05-09 18:39:39,4,2025-05-09 18:39:39.861,6890.0,34,6880.0,1493,6870.0,710,6860.0,16924,6850.0,16513,6900.0,4786,6910.0,23331,6920.0,27457,6930.0,574,6940.0,6150,2025-05-09 18:39:39.774,,2147483647,1480688,True,offer
11451,1861389,1613019992,MERV - XMEV - GGAL - 24hs,6900.0,2025-05-09 18:39:39,4,2025-05-09 18:39:40.364,6890.0,34,6880.0,1493,6870.0,710,6860.0,16924,6850.0,16513,6900.0,4782,6910.0,23331,6920.0,27457,6930.0,574,6940.0,6150,2025-05-09 18:39:40.274,,2147483647,1480692,False,nan
11452,1861696,1613020381,MERV - XMEV - GGAL - 24hs,6900.0,2025-05-09 18:39:39,4,2025-05-09 18:39:43.116,6890.0,34,6880.0,1493,6870.0,710,6860.0,17618,6850.0,16513,6900.0,4782,6910.0,23331,6920.0,27457,6930.0,574,6940.0,6150,2025-05-09 18:39:43.011,,2147483647,1480692,False,nan
11453,1861799,1613020529,MERV - XMEV - GGAL - 24hs,6900.0,2025-05-09 18:39:39,4,2025-05-09 18:39:44.371,6890.0,34,6880.0,1493,6870.0,710,6860.0,17965,6850.0,16513,6900.0,4782,6910.0,23331,6920.0,27457,6930.0,574,6940.0,6150,2025-05-09 18:39:44.280,,2147483647,1480692,False,nan
11454,1862127,1613020964,MERV - XMEV - GGAL - 24hs,6900.0,2025-05-09 18:39:39,4,2025-05-09 18:39:47.879,6890.0,34,6880.0,1493,6870.0,710,6860.0,17965,6850.0,16513,6900.0,4782,6910.0,23331,6920.0,27471,6930.0,574,6940.0,6150,2025-05-09 18:39:47.780,,2147483647,1480692,False,nan
11455,1862253,1613021112,MERV - XMEV - GGAL - 24hs,6900.0,2025-05-09 18:39:39,4,2025-05-09 18:39:49.978,6890.0,34,6880.0,1493,6870.0,710,6860.0,17618,6850.0,16513,6900.0,4782,6910.0,23331,6920.0,27471,6930.0,574,6940.0,6150,2025-05-09 18:39:49.892,,2147483647,1480692,False,nan
11456,1862322,1613021193,MERV - XMEV - GGAL - 24hs,6900.0,2025-05-09 18:39:39,4,2025-05-09 18:39:51.082,6890.0,34,6880.0,1493,6870.0,710,6860.0,17271,6850.0,16513,6900.0,4782,6910.0,23331,6920.0,27471,6930.0,574,6940.0,6150,2025-05-09 18:39:50.978,,2147483647,1480692,False,nan
11457,1862384,1613021261,MERV - XMEV - GGAL - 24hs,6900.0,2025-05-09 18:39:50,1,2025-05-09 18:39:51.568,6890.0,34,6880.0,1493,6870.0,710,6860.0,17271,6850.0,16513,6900.0,4782,6910.0,23331,6920.0,27471,6930.0,574,6940.0,6150,2025-05-09 18:39:51.477,,2147483647,1480692,True,offer
11458,1862444,1613021329,MERV - XMEV - GGAL - 24hs,6900.0,2025-05-09 18:39:50,1,2025-05-09 18:39:52.066,6890.0,34,6880.0,1493,6870.0,710,6860.0,17271,6850.0,16513,6900.0,4781,6910.0,23331,6920.0,27471,6930.0,574,6940.0,6150,2025-05-09 18:39:51.977,,2147483647,1480693,False,nan
11459,1862639,1613021552,MERV - XMEV - GGAL - 24hs,6900.0,2025-05-09 18:39:50,1,2025-05-09 18:39:53.759,6890.0,34,6880.0,1493,6870.0,710,6860.0,17618,6850.0,16513,6900.0,4781,6910.0,23331,6920.0,27471,6930.0,574,6940.0,6150,2025-05-09 18:39:53.577,,2147483647,1480693,False,nan
11460,1862728,1613021657,MERV - XMEV - GGAL - 24hs,6900.0,2025-05-09 18:39:50,1,2025-05-09 18:39:54.539,6890.0,34,6880.0,1493,6870.0,710,6860.0,17965,6850.0,16513,6900.0,4781,6910.0,23331,6920.0,27471,6930.0,574,6940.0,6150,2025-05-09 18:39:54.448,,2147483647,1480693,False,nan
11461,1863272,1613022297,MERV - XMEV - GGAL - 24hs,6900.0,2025-05-09 18:39:50,1,2025-05-09 18:39:59.594,6890.0,34,6880.0,1493,6870.0,710,6860.0,17928,6850.0,16513,6900.0,4781,6910.0,23331,6920.0,27471,6930.0,574,6940.0,6150,2025-05-09 18:39:59.501,,2147483647,1480693,False,nan
11462,1863312,1613022354,MERV - XMEV - GGAL - 24hs,6900.0,2025-05-09 18:39:50,1,2025-05-09 18:40:00.270,6890.0,34,6880.0,1243,6870.0,960,6860.0,17928,6850.0,16513,6900.0,4781,6910.0,23331,6920.0,27471,6930.0,574,6940.0,6150,2025-05-09 18:40:00.184,,2147483647,1480693,False,nan
11463,1863415,1613022475,MERV - XMEV - GGAL - 24hs,6900.0,2025-05-09 18:39:50,1,2025-05-09 18:40:01.348,6890.0,34,6880.0,1243,6870.0,960,6860.0,17928,6850.0,16513,6900.0,4781,6910.0,23331,6920.0,27471,6930.0,574,6940.0,6164,2025-05-09 18:40:01.262,,2147483647,1480693,False,nan
11464,1863598,1613022713,MERV - XMEV - GGAL - 24hs,6900.0,2025-05-09 18:39:50,1,2025-05-09 18:40:03.182,6890.0,34,6880.0,1243,6870.0,960,6860.0,17928,6850.0,16513,6900.0,4781,6910.0,33331,6920.0,17471,6930.0,574,6940.0,6164,2025-05-09 18:40:03.095,,2147483647,1480693,False,nan
11465,1864188,1613023494,MERV - XMEV - GGAL - 24hs,6900.0,2025-05-09 18:39:50,1,2025-05-09 18:40:09.919,6890.0,34,6880.0,1243,6870.0,960,6860.0,17581,6850.0,16513,6900.0,4781,6910.0,33331,6920.0,17471,6930.0,574,6940.0,6164,2025-05-09 18:40:09.829,,2147483647,1480693,False,nan
11466,1864259,1613023584,MERV - XMEV - GGAL - 24hs,6900.0,2025-05-09 18:39:50,1,2025-05-09 18:40:10.987,6890.0,34,6880.0,1243,6870.0,960,6860.0,17234,6850.0,16513,6900.0,4781,6910.0,33331,6920.0,17471,6930.0,574,6940.0,6164,2025-05-09 18:40:10.720,,2147483647,1480693,False,nan
11467,1864625,1613024052,MERV - XMEV - GGAL - 24hs,6900.0,2025-05-09 18:39:50,1,2025-05-09 18:40:14.492,6890.0,34,6880.0,1243,6870.0,960,6860.0,17234,6850.0,16513,6900.0,4781,6910.0,33331,6920.0,17471,6930.0,588,6940.0,6164,2025-05-09 18:40:14.398,,2147483647,1480693,False,nan
11468,1864677,1613024123,MERV - XMEV - GGAL - 24hs,6900.0,2025-05-09 18:40:14,2,2025-05-09 18:40:14.986,6890.0,34,6880.0,1243,6870.0,960,6860.0,17234,6850.0,16513,6900.0,4781,6910.0,33331,6920.0,17471,6930.0,588,6940.0,6164,2025-05-09 18:40:14.898,,2147483647,1480723,True,offer
11469,1864723,1613024207,MERV - XMEV - GGAL - 24hs,6900.0,2025-05-09 18:40:14,2,2025-05-09 18:40:15.487,6890.0,4,6880.0,1243,6870.0,960,6860.0,17234,6850.0,16513,6900.0,4779,6910.0,33331,6920.0,17471,6930.0,588,6940.0,6164,2025-05-09 18:40:15.397,,2147483647,1480725,False,nan
11470,1864952,1613024612,MERV - XMEV - GGAL - 24hs,6900.0,2025-05-09 18:40:14,2,2025-05-09 18:40:18.086,6890.0,4,6880.0,1243,6870.0,960,6860.0,16734,6850.0,16513,6900.0,4779,6910.0,33331,6920.0,17471,6930.0,588,6940.0,6164,2025-05-09 18:40:17.936,,2147483647,1480725,False,nan
11471,1865038,1613024741,MERV - XMEV - GGAL - 24hs,6900.0,2025-05-09 18:40:14,2,2025-05-09 18:40:18.819,6890.0,4,6880.0,1243,6870.0,960,6860.0,16334,6850.0,16513,6900.0,4779,6910.0,33331,6920.0,17471,6930.0,588,6940.0,6164,2025-05-09 18:40:18.733,,2147483647,1480725,False,nan
11472,1865260,1613025054,MERV - XMEV - GGAL - 24hs,6900.0,2025-05-09 18:40:14,2,2025-05-09 18:40:20.967,6890.0,4,6880.0,1243,6870.0,960,6860.0,16334,6850.0,15513,6900.0,19779,6910.0,23331,6920.0,12471,6930.0,588,6940.0,6164,2025-05-09 18:40:20.869,,2147483647,1480725,False,nan
11473,1865782,1613025748,MERV - XMEV - GGAL - 24hs,6890.0,2025-05-09 18:40:26,4,2025-05-09 18:40:26.943,6890.0,4,6880.0,1243,6870.0,960,6860.0,16334,6850.0,15513,6900.0,19779,6910.0,23331,6920.0,12471,6930.0,588,6940.0,6164,2025-05-09 18:40:26.856,,2147483647,1480725,True,bid
11474,1865817,1613025792,MERV - XMEV - GGAL - 24hs,6890.0,2025-05-09 18:40:26,4,2025-05-09 18:40:27.441,6880.0,1243,6870.0,960,6860.0,16334,6850.0,15513,6840.0,5360,6900.0,19779,6910.0,23331,6920.0,12471,6930.0,588,6940.0,6164,2025-05-09 18:40:27.355,,2147483647,1480725,False,nan
11475,1865844,1613025828,MERV - XMEV - GGAL - 24hs,6890.0,2025-05-09 18:40:26,4,2025-05-09 18:40:27.942,6880.0,1243,6870.0,960,6860.0,16327,6850.0,15513,6840.0,5367,6890.0,284,6900.0,19779,6910.0,23331,6920.0,12471,6930.0,588,2025-05-09 18:40:27.855,,2147483647,1480729,False,nan
11476,1865950,1613025952,MERV - XMEV - GGAL - 24hs,6890.0,2025-05-09 18:40:26,4,2025-05-09 18:40:29.507,6880.0,1243,6870.0,956,6860.0,16327,6850.0,15513,6840.0,5367,6890.0,284,6900.0,19779,6910.0,23331,6920.0,12471,6930.0,588,2025-05-09 18:40:29.415,,2147483647,1480729,False,nan
11477,1866334,1613026412,MERV - XMEV - GGAL - 24hs,6890.0,2025-05-09 18:40:26,4,2025-05-09 18:40:34.525,6880.0,1243,6870.0,956,6860.0,16327,6850.0,15513,6840.0,5367,6890.0,5339,6900.0,19724,6910.0,23331,6920.0,12471,6930.0,588,2025-05-09 18:40:34.437,,2147483647,1480729,False,nan
11478,1866384,1613026472,MERV - XMEV - GGAL - 24hs,6890.0,2025-05-09 18:40:35,3,2025-05-09 18:40:35.363,6880.0,1243,6870.0,956,6860.0,16327,6850.0,15513,6840.0,5367,6890.0,5339,6900.0,19724,6910.0,23331,6920.0,12471,6930.0,588,2025-05-09 18:40:35.277,,2147483647,1480729,True,offer
11479,1866446,1613026552,MERV - XMEV - GGAL - 24hs,6890.0,2025-05-09 18:40:35,3,2025-05-09 18:40:36.039,6880.0,1243,6870.0,956,6860.0,16327,6850.0,15513,6840.0,5367,6890.0,5336,6900.0,19724,6910.0,23331,6920.0,12471,6930.0,588,2025-05-09 18:40:35.939,,2147483647,1480729,False,nan
11480,1866482,1613026597,MERV - XMEV - GGAL - 24hs,6890.0,2025-05-09 18:40:35,3,2025-05-09 18:40:36.529,6880.0,1243,6870.0,956,6860.0,16327,6850.0,15513,6840.0,5367,6890.0,5336,6900.0,19724,6910.0,23331,6920.0,12471,6930.0,588,2025-05-09 18:40:36.440,,2147483647,1480732,False,nan
11481,1866761,1613026991,MERV - XMEV - GGAL - 24hs,6890.0,2025-05-09 18:40:35,3,2025-05-09 18:40:38.631,6880.0,1243,6870.0,956,6860.0,15634,6850.0,15513,6840.0,5367,6890.0,5336,6900.0,19724,6910.0,23331,6920.0,12471,6930.0,588,2025-05-09 18:40:38.536,,2147483647,1480732,False,nan
11482,1866800,1613027040,MERV - XMEV - GGAL - 24hs,6890.0,2025-05-09 18:40:38,3,2025-05-09 18:40:39.123,6880.0,1243,6870.0,956,6860.0,15634,6850.0,15513,6840.0,5367,6890.0,5336,6900.0,19724,6910.0,23331,6920.0,12471,6930.0,588,2025-05-09 18:40:39.036,,2147483647,1480732,True,offer
11483,1866840,1613027094,MERV - XMEV - GGAL - 24hs,6890.0,2025-05-09 18:40:38,3,2025-05-09 18:40:39.647,6880.0,1243,6870.0,956,6860.0,15634,6850.0,15513,6840.0,5367,6890.0,5333,6900.0,19724,6910.0,23331,6920.0,12471,6930.0,588,2025-05-09 18:40:39.559,,2147483647,1480732,False,nan
11484,1866875,1613027140,MERV - XMEV - GGAL - 24hs,6890.0,2025-05-09 18:40:38,3,2025-05-09 18:40:40.149,6880.0,1243,6870.0,956,6860.0,15634,6850.0,15513,6840.0,5367,6890.0,5333,6900.0,19724,6910.0,23331,6920.0,12471,6930.0,588,2025-05-09 18:40:40.060,,2147483647,1480735,False,nan
11485,1867029,1613027374,MERV - XMEV - GGAL - 24hs,6880.0,2025-05-09 18:40:41,2,2025-05-09 18:40:41.956,6880.0,1243,6870.0,956,6860.0,15634,6850.0,15513,6840.0,5367,6890.0,5333,6900.0,19724,6910.0,23331,6920.0,12471,6930.0,588,2025-05-09 18:40:41.870,,2147483647,1480735,True,bid
11486,1867101,1613027463,MERV - XMEV - GGAL - 24hs,6880.0,2025-05-09 18:40:41,2,2025-05-09 18:40:42.631,6880.0,1241,6870.0,956,6860.0,15634,6850.0,15513,6840.0,5367,6890.0,5333,6900.0,19724,6910.0,23331,6920.0,12471,6930.0,588,2025-05-09 18:40:42.534,,2147483647,1480735,False,nan
11487,1867156,1613027524,MERV - XMEV - GGAL - 24hs,6880.0,2025-05-09 18:40:41,2,2025-05-09 18:40:43.120,6880.0,1241,6870.0,956,6860.0,15634,6850.0,15513,6840.0,5367,6890.0,5333,6900.0,19724,6910.0,23331,6920.0,12471,6930.0,588,2025-05-09 18:40:43.034,,2147483647,1480737,False,nan
11488,1867377,1613027798,MERV - XMEV - GGAL - 24hs,6880.0,2025-05-09 18:40:45,9,2025-05-09 18:40:45.625,6880.0,1241,6870.0,956,6860.0,15634,6850.0,15513,6840.0,5367,6890.0,5333,6900.0,19724,6910.0,23331,6920.0,12471,6930.0,588,2025-05-09 18:40:45.537,,2147483647,1480737,True,bid
11489,1867422,1613027850,MERV - XMEV - GGAL - 24hs,6880.0,2025-05-09 18:40:45,9,2025-05-09 18:40:46.126,6880.0,1232,6870.0,706,6860.0,15634,6850.0,15513,6840.0,5367,6890.0,5333,6900.0,19724,6910.0,23331,6920.0,12471,6930.0,588,2025-05-09 18:40:46.038,,2147483647,1480737,False,nan
11490,1867444,1613027877,MERV - XMEV - GGAL - 24hs,6880.0,2025-05-09 18:40:45,9,2025-05-09 18:40:46.624,6880.0,1232,6870.0,706,6860.0,15634,6850.0,15513,6840.0,5367,6890.0,5333,6900.0,19724,6910.0,23331,6920.0,12471,6930.0,588,2025-05-09 18:40:46.538,,2147483647,1480746,False,nan
11491,1867685,1613028183,MERV - XMEV - GGAL - 24hs,6880.0,2025-05-09 18:40:50,21,2025-05-09 18:40:50.810,6880.0,1232,6870.0,706,6860.0,15634,6850.0,15513,6840.0,5367,6890.0,5333,6900.0,19724,6910.0,23331,6920.0,12471,6930.0,588,2025-05-09 18:40:50.721,,2147483647,1480746,True,bid
11492,1867729,1613028251,MERV - XMEV - GGAL - 24hs,6880.0,2025-05-09 18:40:50,7,2025-05-09 18:40:51.328,6880.0,1232,6870.0,706,6860.0,15634,6850.0,15513,6840.0,5367,6890.0,5333,6900.0,19724,6910.0,23331,6920.0,12471,6930.0,588,2025-05-09 18:40:51.221,,2147483647,1480746,False,nan
11493,1867767,1613028318,MERV - XMEV - GGAL - 24hs,6890.0,2025-05-09 18:40:51,11,2025-05-09 18:40:51.814,6880.0,1194,6870.0,706,6860.0,15634,6850.0,15513,6840.0,5367,6890.0,5333,6900.0,19724,6910.0,23331,6920.0,12471,6930.0,588,2025-05-09 18:40:51.721,,2147483647,1480784,True,offer
11494,1867790,1613028350,MERV - XMEV - GGAL - 24hs,6890.0,2025-05-09 18:40:51,11,2025-05-09 18:40:52.307,6880.0,1194,6870.0,706,6860.0,15634,6850.0,15513,6840.0,5367,6890.0,5322,6900.0,19724,6910.0,23331,6920.0,12471,6930.0,588,2025-05-09 18:40:52.221,,2147483647,1480795,False,nan
11495,1867875,1613028451,MERV - XMEV - GGAL - 24hs,6890.0,2025-05-09 18:40:53,5,2025-05-09 18:40:53.308,6880.0,1194,6870.0,706,6860.0,15634,6850.0,15513,6840.0,5367,6890.0,5322,6900.0,19724,6910.0,23331,6920.0,12471,6930.0,588,2025-05-09 18:40:53.221,,2147483647,1480795,True,offer
11496,1867923,1613028509,MERV - XMEV - GGAL - 24hs,6890.0,2025-05-09 18:40:53,5,2025-05-09 18:40:53.806,6880.0,1194,6870.0,706,6860.0,15553,6850.0,15513,6840.0,5367,6890.0,5317,6900.0,19724,6910.0,23331,6920.0,12471,6930.0,588,2025-05-09 18:40:53.720,,2147483647,1480795,False,nan
11497,1867964,1613028559,MERV - XMEV - GGAL - 24hs,6890.0,2025-05-09 18:40:53,5,2025-05-09 18:40:54.307,6880.0,1194,6870.0,706,6860.0,15553,6850.0,15513,6840.0,5367,6890.0,5317,6900.0,19724,6910.0,23331,6920.0,12471,6930.0,588,2025-05-09 18:40:54.221,,2147483647,1480800,False,nan
11498,1868340,1613029045,MERV - XMEV - GGAL - 24hs,6880.0,2025-05-09 18:40:58,2,2025-05-09 18:40:59.060,6880.0,1194,6870.0,706,6860.0,15553,6850.0,15513,6840.0,5367,6890.0,5317,6900.0,19724,6910.0,23331,6920.0,12471,6930.0,588,2025-05-09 18:40:58.971,,2147483647,1480800,True,bid
11499,1868390,1613029101,MERV - XMEV - GGAL - 24hs,6880.0,2025-05-09 18:40:58,2,2025-05-09 18:40:59.723,6880.0,1192,6870.0,706,6860.0,15553,6850.0,15513,6840.0,5367,6890.0,5317,6900.0,19724,6910.0,23331,6920.0,12471,6930.0,588,2025-05-09 18:40:59.636,,2147483647,1480800,False,nan
11500,1868421,1613029140,MERV - XMEV - GGAL - 24hs,6880.0,2025-05-09 18:40:58,2,2025-05-09 18:41:00.782,6880.0,1192,6870.0,706,6860.0,15553,6850.0,15513,6840.0,5367,6890.0,5317,6900.0,19724,6910.0,23331,6920.0,12471,6930.0,588,2025-05-09 18:41:00.138,,2147483647,1480802,False,nan
11501,1868611,1613029367,MERV - XMEV - GGAL - 24hs,6880.0,2025-05-09 18:40:58,2,2025-05-09 18:41:03.032,6880.0,1192,6870.0,706,6860.0,15553,6850.0,15513,6840.0,4367,6890.0,5317,6900.0,19724,6910.0,23331,6920.0,12471,6930.0,588,2025-05-09 18:41:02.927,,2147483647,1480802,False,nan
11502,1868704,1613029475,MERV - XMEV - GGAL - 24hs,6880.0,2025-05-09 18:40:58,2,2025-05-09 18:41:04.100,6880.0,1192,6870.0,706,6860.0,15553,6850.0,15513,6840.0,5367,6890.0,5317,6900.0,19724,6910.0,23831,6920.0,12471,6930.0,88,2025-05-09 18:41:04.013,,2147483647,1480802,False,nan
11503,1868930,1613029748,MERV - XMEV - GGAL - 24hs,6880.0,2025-05-09 18:40:58,2,2025-05-09 18:41:07.248,6880.0,1192,6870.0,706,6860.0,15622,6850.0,15513,6840.0,5367,6890.0,5317,6900.0,19724,6910.0,23831,6920.0,12471,6930.0,88,2025-05-09 18:41:07.141,,2147483647,1480802,False,nan
11504,1869226,1613030124,MERV - XMEV - GGAL - 24hs,6880.0,2025-05-09 18:40:58,2,2025-05-09 18:41:11.363,6880.0,1192,6870.0,706,6860.0,16022,6850.0,15513,6840.0,5367,6890.0,5317,6900.0,19724,6910.0,23831,6920.0,12471,6930.0,88,2025-05-09 18:41:11.276,,2147483647,1480802,False,nan
11505,1869967,1613031027,MERV - XMEV - GGAL - 24hs,6880.0,2025-05-09 18:41:19,47,2025-05-09 18:41:19.654,6880.0,1192,6870.0,706,6860.0,16022,6850.0,15513,6840.0,5367,6890.0,5317,6900.0,19724,6910.0,23831,6920.0,12471,6930.0,88,2025-05-09 18:41:19.539,,2147483647,1480802,True,bid
11506,1870012,1613031078,MERV - XMEV - GGAL - 24hs,6880.0,2025-05-09 18:41:19,28,2025-05-09 18:41:20.125,6880.0,1192,6870.0,706,6860.0,16022,6850.0,15513,6840.0,5367,6890.0,5317,6900.0,19724,6910.0,23831,6920.0,12471,6930.0,88,2025-05-09 18:41:20.039,,2147483647,1480802,False,nan
11507,1870047,1613031120,MERV - XMEV - GGAL - 24hs,6880.0,2025-05-09 18:41:19,28,2025-05-09 18:41:20.625,6880.0,1117,6870.0,706,6860.0,16022,6850.0,15513,6840.0,5367,6890.0,5317,6900.0,19724,6910.0,23831,6920.0,12471,6930.0,88,2025-05-09 18:41:20.539,,2147483647,1480877,False,nan
11508,1870167,1613031265,MERV - XMEV - GGAL - 24hs,6880.0,2025-05-09 18:41:19,28,2025-05-09 18:41:22.231,6880.0,1117,6870.0,706,6860.0,15622,6850.0,15513,6840.0,5367,6890.0,5317,6900.0,19724,6910.0,23831,6920.0,12471,6930.0,88,2025-05-09 18:41:22.143,,2147483647,1480877,False,nan
11509,1870245,1613031381,MERV - XMEV - GGAL - 24hs,6890.0,2025-05-09 18:41:23,28,2025-05-09 18:41:23.147,6880.0,1117,6870.0,706,6860.0,15622,6850.0,15513,6840.0,5367,6890.0,5317,6900.0,19724,6910.0,23831,6920.0,12471,6930.0,88,2025-05-09 18:41:23.061,,2147483647,1480877,True,offer
11510,1870326,1613031476,MERV - XMEV - GGAL - 24hs,6890.0,2025-05-09 18:41:23,28,2025-05-09 18:41:23.812,6880.0,1117,6870.0,562,6860.0,15622,6850.0,15680,6840.0,5367,6890.0,5289,6900.0,19724,6910.0,23831,6920.0,12471,6930.0,88,2025-05-09 18:41:23.724,,2147483647,1480877,False,nan
11511,1870375,1613031553,MERV - XMEV - GGAL - 24hs,6890.0,2025-05-09 18:41:23,28,2025-05-09 18:41:24.312,6880.0,1117,6870.0,562,6860.0,15622,6850.0,15680,6840.0,5367,6890.0,5289,6900.0,19724,6910.0,23831,6920.0,12471,6930.0,88,2025-05-09 18:41:24.225,,2147483647,1480905,False,nan
11512,1870547,1613031791,MERV - XMEV - GGAL - 24hs,6890.0,2025-05-09 18:41:23,28,2025-05-09 18:41:26.617,6880.0,1117,6870.0,562,6860.0,16022,6850.0,15680,6840.0,5367,6890.0,5289,6900.0,19724,6910.0,23831,6920.0,12471,6930.0,88,2025-05-09 18:41:26.531,,2147483647,1480905,False,nan
11513,1870654,1613031932,MERV - XMEV - GGAL - 24hs,6890.0,2025-05-09 18:41:23,28,2025-05-09 18:41:27.779,6880.0,1117,6870.0,1062,6860.0,15522,6850.0,15680,6840.0,5367,6890.0,5289,6900.0,19724,6910.0,23831,6920.0,12471,6930.0,88,2025-05-09 18:41:27.689,,2147483647,1480905,False,nan
11514,1871203,1613032653,MERV - XMEV - GGAL - 24hs,6880.0,2025-05-09 18:41:33,1,2025-05-09 18:41:34.016,6880.0,1117,6870.0,1062,6860.0,15522,6850.0,15680,6840.0,5367,6890.0,5289,6900.0,19724,6910.0,23831,6920.0,12471,6930.0,88,2025-05-09 18:41:33.926,,2147483647,1480905,True,bid
11515,1871290,1613032756,MERV - XMEV - GGAL - 24hs,6880.0,2025-05-09 18:41:33,1,2025-05-09 18:41:34.541,6880.0,1116,6870.0,1062,6860.0,15522,6850.0,15680,6840.0,5367,6890.0,5289,6900.0,19724,6910.0,23831,6920.0,12471,6930.0,88,2025-05-09 18:41:34.448,,2147483647,1480905,False,nan
11516,1871347,1613032842,MERV - XMEV - GGAL - 24hs,6880.0,2025-05-09 18:41:33,1,2025-05-09 18:41:35.036,6880.0,1116,6870.0,1062,6860.0,15522,6850.0,15680,6840.0,5367,6890.0,5289,6900.0,19724,6910.0,23831,6920.0,12471,6930.0,88,2025-05-09 18:41:34.948,,2147483647,1480906,False,nan
11517,1871492,1613033013,MERV - XMEV - GGAL - 24hs,6880.0,2025-05-09 18:41:33,1,2025-05-09 18:41:37.136,6880.0,1116,6870.0,562,6860.0,16022,6850.0,15680,6840.0,5367,6890.0,5289,6900.0,19724,6910.0,23831,6920.0,12471,6930.0,88,2025-05-09 18:41:37.046,,2147483647,1480906,False,nan
11518,1871591,1613033122,MERV - XMEV - GGAL - 24hs,6880.0,2025-05-09 18:41:38,15,2025-05-09 18:41:38.665,6880.0,1116,6870.0,562,6860.0,16022,6850.0,15680,6840.0,5367,6890.0,5289,6900.0,19724,6910.0,23831,6920.0,12471,6930.0,88,2025-05-09 18:41:38.579,,2147483647,1480906,True,bid
11519,1871633,1613033167,MERV - XMEV - GGAL - 24hs,6880.0,2025-05-09 18:41:38,15,2025-05-09 18:41:39.166,6880.0,1101,6870.0,562,6860.0,16022,6850.0,15680,6840.0,5367,6890.0,5289,6900.0,19724,6910.0,23831,6920.0,12471,6930.0,88,2025-05-09 18:41:39.079,,2147483647,1480906,False,nan
11520,1871677,1613033218,MERV - XMEV - GGAL - 24hs,6880.0,2025-05-09 18:41:38,15,2025-05-09 18:41:39.668,6880.0,1101,6870.0,562,6860.0,16022,6850.0,15680,6840.0,5367,6890.0,5289,6900.0,19724,6910.0,23831,6920.0,12471,6930.0,88,2025-05-09 18:41:39.578,,2147483647,1480921,False,nan
11521,1871745,1613033290,MERV - XMEV - GGAL - 24hs,6880.0,2025-05-09 18:41:38,15,2025-05-09 18:41:40.190,6880.0,1101,6870.0,562,6860.0,16022,6850.0,772,6840.0,20275,6890.0,5289,6900.0,19724,6910.0,23831,6920.0,12471,6930.0,88,2025-05-09 18:41:40.090,,2147483647,1480921,False,nan
11522,1872143,1613033784,MERV - XMEV - GGAL - 24hs,6890.0,2025-05-09 18:41:44,150,2025-05-09 18:41:44.711,6880.0,1101,6870.0,562,6860.0,16022,6850.0,772,6840.0,20275,6890.0,5289,6900.0,19724,6910.0,23831,6920.0,12471,6930.0,88,2025-05-09 18:41:44.624,,2147483647,1480921,True,offer
11523,1872450,1613034139,MERV - XMEV - GGAL - 24hs,6890.0,2025-05-09 18:41:44,150,2025-05-09 18:41:46.022,6880.0,1101,6870.0,562,6860.0,16022,6850.0,772,6840.0,20275,6890.0,5289,6900.0,19724,6910.0,23831,6920.0,12471,6930.0,88,2025-05-09 18:41:45.624,,2147483647,1481071,False,nan
11524,1872508,1613034211,MERV - XMEV - GGAL - 24hs,6890.0,2025-05-09 18:41:44,150,2025-05-09 18:41:46.244,6880.0,1101,6870.0,562,6860.0,16022,6850.0,772,6840.0,20275,6890.0,5139,6900.0,19724,6910.0,23831,6920.0,12471,6930.0,88,2025-05-09 18:41:46.040,,2147483647,1481071,False,nan
11525,1872540,1613034249,MERV - XMEV - GGAL - 24hs,6890.0,2025-05-09 18:41:46,366,2025-05-09 18:41:46.630,6880.0,1101,6870.0,562,6860.0,16022,6850.0,772,6840.0,20275,6890.0,5139,6900.0,19724,6910.0,23831,6920.0,12471,6930.0,88,2025-05-09 18:41:46.541,,2147483647,1481071,True,offer
11526,1872575,1613034291,MERV - XMEV - GGAL - 24hs,6890.0,2025-05-09 18:41:46,366,2025-05-09 18:41:47.127,6880.0,1101,6870.0,562,6860.0,16022,6850.0,772,6840.0,20275,6890.0,4716,6900.0,19724,6910.0,23831,6920.0,12471,6930.0,88,2025-05-09 18:41:47.041,,2147483647,1481521,False,nan
11527,1872800,1613034553,MERV - XMEV - GGAL - 24hs,6890.0,2025-05-09 18:41:46,366,2025-05-09 18:41:49.656,6880.0,1101,6870.0,1562,6860.0,15522,6850.0,772,6840.0,20275,6890.0,4716,6900.0,19724,6910.0,23831,6920.0,12471,6930.0,88,2025-05-09 18:41:49.327,,2147483647,1481521,False,nan
11528,1872951,1613034740,MERV - XMEV - GGAL - 24hs,6880.0,2025-05-09 18:41:51,486,2025-05-09 18:41:51.596,6880.0,1101,6870.0,1562,6860.0,15522,6850.0,772,6840.0,20275,6890.0,4716,6900.0,19724,6910.0,23831,6920.0,12471,6930.0,88,2025-05-09 18:41:51.510,,2147483647,1481521,True,bid
11529,1872987,1613034785,MERV - XMEV - GGAL - 24hs,6880.0,2025-05-09 18:41:51,486,2025-05-09 18:41:52.171,6880.0,615,6870.0,1562,6860.0,15522,6850.0,772,6840.0,20275,6890.0,4716,6900.0,19724,6910.0,23831,6920.0,12471,6930.0,88,2025-05-09 18:41:52.079,,2147483647,1481521,False,nan
11530,1873019,1613034820,MERV - XMEV - GGAL - 24hs,6880.0,2025-05-09 18:41:51,486,2025-05-09 18:41:52.673,6880.0,615,6870.0,1562,6860.0,15522,6850.0,772,6840.0,20275,6890.0,4716,6900.0,19724,6910.0,23831,6920.0,12471,6930.0,88,2025-05-09 18:41:52.586,,2147483647,1482007,False,nan
11531,1873120,1613034966,MERV - XMEV - GGAL - 24hs,6880.0,2025-05-09 18:41:53,362,2025-05-09 18:41:54.009,6880.0,615,6870.0,1562,6860.0,15522,6850.0,772,6840.0,20275,6890.0,4716,6900.0,19724,6910.0,23831,6920.0,12471,6930.0,88,2025-05-09 18:41:53.922,,2147483647,1482007,True,bid
11532,1873164,1613035026,MERV - XMEV - GGAL - 24hs,6870.0,2025-05-09 18:41:53,60,2025-05-09 18:41:54.508,6880.0,615,6870.0,1562,6860.0,15522,6850.0,772,6840.0,20275,6890.0,4716,6900.0,19724,6910.0,23831,6920.0,12471,6930.0,88,2025-05-09 18:41:54.422,,2147483647,1482007,False,nan
11533,1873231,1613035118,MERV - XMEV - GGAL - 24hs,6870.0,2025-05-09 18:41:53,60,2025-05-09 18:41:55.008,6870.0,1516,6860.0,15522,6850.0,772,6840.0,20268,6830.0,765,6890.0,4716,6900.0,19724,6910.0,23831,6920.0,12471,6930.0,88,2025-05-09 18:41:54.922,,2147483647,1482744,False,nan
11534,1873704,1613035672,MERV - XMEV - GGAL - 24hs,6870.0,2025-05-09 18:41:53,60,2025-05-09 18:42:00.151,6870.0,1016,6860.0,15522,6850.0,786,6840.0,20268,6830.0,765,6890.0,4716,6900.0,19724,6910.0,23831,6920.0,12471,6930.0,88,2025-05-09 18:42:00.064,,2147483647,1482744,False,nan
11535,1873774,1613035759,MERV - XMEV - GGAL - 24hs,6870.0,2025-05-09 18:41:53,60,2025-05-09 18:42:00.938,6870.0,1016,6860.0,15522,6850.0,786,6840.0,20269,6830.0,765,6890.0,4716,6900.0,19724,6910.0,23831,6920.0,12471,6930.0,88,2025-05-09 18:42:00.844,,2147483647,1482744,False,nan
11536,1873857,1613035870,MERV - XMEV - GGAL - 24hs,6870.0,2025-05-09 18:42:02,2,2025-05-09 18:42:02.102,6870.0,1016,6860.0,15522,6850.0,786,6840.0,20269,6830.0,765,6890.0,4716,6900.0,19724,6910.0,23831,6920.0,12471,6930.0,88,2025-05-09 18:42:02.015,,2147483647,1482744,True,bid
11537,1873898,1613035924,MERV - XMEV - GGAL - 24hs,6870.0,2025-05-09 18:42:02,2,2025-05-09 18:42:02.602,6870.0,1514,6860.0,15522,6850.0,786,6840.0,20269,6830.0,765,6890.0,4716,6900.0,19724,6910.0,23831,6920.0,12471,6930.0,88,2025-05-09 18:42:02.515,,2147483647,1482744,False,nan
11538,1873934,1613035965,MERV - XMEV - GGAL - 24hs,6870.0,2025-05-09 18:42:02,2,2025-05-09 18:42:03.101,6870.0,1514,6860.0,15522,6850.0,786,6840.0,20269,6830.0,765,6890.0,4716,6900.0,19724,6910.0,23831,6920.0,12471,6930.0,88,2025-05-09 18:42:03.016,,2147483647,1482746,False,nan
11539,1874332,1613036450,MERV - XMEV - GGAL - 24hs,6870.0,2025-05-09 18:42:02,2,2025-05-09 18:42:07.022,6880.0,29,6870.0,1438,6860.0,15522,6850.0,786,6840.0,20276,6890.0,4716,6900.0,19724,6910.0,23831,6920.0,12471,6930.0,88,2025-05-09 18:42:06.935,,2147483647,1482746,False,nan
11540,1874749,1613036953,MERV - XMEV - GGAL - 24hs,6870.0,2025-05-09 18:42:02,2,2025-05-09 18:42:12.206,6880.0,529,6870.0,938,6860.0,15522,6850.0,786,6840.0,20276,6890.0,4716,6900.0,19724,6910.0,23831,6920.0,12471,6930.0,88,2025-05-09 18:42:12.120,,2147483647,1482746,False,nan
11541,1874921,1613037171,MERV - XMEV - GGAL - 24hs,6890.0,2025-05-09 18:42:14,3,2025-05-09 18:42:14.209,6880.0,529,6870.0,938,6860.0,15522,6850.0,786,6840.0,20276,6890.0,4716,6900.0,19724,6910.0,23831,6920.0,12471,6930.0,88,2025-05-09 18:42:14.118,,2147483647,1482746,True,offer
11542,1874955,1613037210,MERV - XMEV - GGAL - 24hs,6890.0,2025-05-09 18:42:14,3,2025-05-09 18:42:14.710,6880.0,529,6870.0,938,6860.0,15522,6850.0,786,6840.0,20276,6890.0,4713,6900.0,19724,6910.0,23831,6920.0,12471,6930.0,88,2025-05-09 18:42:14.618,,2147483647,1482746,False,nan
11543,1875018,1613037287,MERV - XMEV - GGAL - 24hs,6890.0,2025-05-09 18:42:14,100,2025-05-09 18:42:15.210,6880.0,529,6870.0,938,6860.0,15522,6850.0,786,6840.0,20276,6890.0,4713,6900.0,19724,6910.0,23831,6920.0,12471,6930.0,88,2025-05-09 18:42:15.119,,2147483647,1482849,False,nan
11544,1875044,1613037325,MERV - XMEV - GGAL - 24hs,6890.0,2025-05-09 18:42:14,100,2025-05-09 18:42:15.705,6880.0,529,6870.0,938,6860.0,15522,6850.0,786,6840.0,20276,6890.0,4613,6900.0,19724,6910.0,23831,6920.0,12471,6930.0,88,2025-05-09 18:42:15.619,,2147483647,1482849,False,nan
11545,1875322,1613037693,MERV - XMEV - GGAL - 24hs,6890.0,2025-05-09 18:42:18,4,2025-05-09 18:42:18.698,6880.0,529,6870.0,938,6860.0,15522,6850.0,786,6840.0,20276,6890.0,4613,6900.0,19724,6910.0,23831,6920.0,12471,6930.0,88,2025-05-09 18:42:18.611,,2147483647,1482849,True,offer
11546,1875410,1613037797,MERV - XMEV - GGAL - 24hs,6890.0,2025-05-09 18:42:18,4,2025-05-09 18:42:19.362,6880.0,529,6870.0,938,6860.0,15522,6850.0,786,6840.0,20276,6890.0,4609,6900.0,19724,6910.0,23831,6920.0,12471,6930.0,88,2025-05-09 18:42:19.274,,2147483647,1482849,False,nan
11547,1875452,1613037848,MERV - XMEV - GGAL - 24hs,6890.0,2025-05-09 18:42:18,4,2025-05-09 18:42:19.862,6880.0,529,6870.0,938,6860.0,15522,6850.0,786,6840.0,20276,6890.0,4609,6900.0,19724,6910.0,23831,6920.0,12471,6930.0,88,2025-05-09 18:42:19.774,,2147483647,1482853,False,nan
11548,1875528,1613037935,MERV - XMEV - GGAL - 24hs,6890.0,2025-05-09 18:42:18,4,2025-05-09 18:42:20.368,6880.0,529,6870.0,938,6860.0,15522,6850.0,786,6840.0,20276,6890.0,4609,6900.0,21724,6910.0,21831,6920.0,12471,6930.0,88,2025-05-09 18:42:20.274,,2147483647,1482853,False,nan
11549,1876071,1613038628,MERV - XMEV - GGAL - 24hs,6890.0,2025-05-09 18:42:18,4,2025-05-09 18:42:27.100,6880.0,529,6870.0,938,6860.0,15522,6850.0,786,6840.0,20276,6890.0,4609,6900.0,21824,6910.0,21831,6920.0,12471,6930.0,88,2025-05-09 18:42:27.009,,2147483647,1482853,False,nan
11550,1876185,1613038762,MERV - XMEV - GGAL - 24hs,6880.0,2025-05-09 18:42:28,7,2025-05-09 18:42:29.039,6880.0,529,6870.0,938,6860.0,15522,6850.0,786,6840.0,20276,6890.0,4609,6900.0,21824,6910.0,21831,6920.0,12471,6930.0,88,2025-05-09 18:42:28.952,,2147483647,1482853,True,bid
11551,1876232,1613038836,MERV - XMEV - GGAL - 24hs,6890.0,2025-05-09 18:42:29,2500,2025-05-09 18:42:29.539,6880.0,22,6870.0,1938,6860.0,15522,6850.0,786,6840.0,20276,6890.0,4609,6900.0,21824,6910.0,21831,6920.0,12471,6930.0,88,2025-05-09 18:42:29.452,,2147483647,1482860,True,offer
11552,1876282,1613038929,MERV - XMEV - GGAL - 24hs,6890.0,2025-05-09 18:42:29,2500,2025-05-09 18:42:30.039,6880.0,22,6870.0,1938,6860.0,15522,6850.0,786,6840.0,20276,6890.0,4609,6900.0,21824,6910.0,21831,6920.0,12471,6930.0,88,2025-05-09 18:42:29.952,,2147483647,1485360,False,nan
11553,1876327,1613038984,MERV - XMEV - GGAL - 24hs,6890.0,2025-05-09 18:42:29,2500,2025-05-09 18:42:30.549,6880.0,22,6870.0,1938,6860.0,15522,6850.0,786,6840.0,20276,6890.0,2109,6900.0,21824,6910.0,21831,6920.0,12471,6930.0,88,2025-05-09 18:42:30.452,,2147483647,1485360,False,nan
11554,1876367,1613039034,MERV - XMEV - GGAL - 24hs,6890.0,2025-05-09 18:42:30,43,2025-05-09 18:42:31.039,6880.0,22,6870.0,1938,6860.0,15522,6850.0,786,6840.0,20276,6890.0,2109,6900.0,21824,6910.0,21831,6920.0,12471,6930.0,88,2025-05-09 18:42:30.952,,2147483647,1485360,True,offer
11555,1876395,1613039069,MERV - XMEV - GGAL - 24hs,6890.0,2025-05-09 18:42:30,43,2025-05-09 18:42:31.543,6880.0,22,6870.0,1938,6860.0,15522,6850.0,786,6840.0,20276,6890.0,2066,6900.0,21824,6910.0,21831,6920.0,12471,6930.0,88,2025-05-09 18:42:31.452,,2147483647,1485403,False,nan
11556,1876885,1613039749,MERV - XMEV - GGAL - 24hs,6890.0,2025-05-09 18:42:30,43,2025-05-09 18:42:38.122,6880.0,22,6870.0,1938,6860.0,15518,6850.0,786,6840.0,20276,6890.0,2066,6900.0,21824,6910.0,21831,6920.0,12471,6930.0,88,2025-05-09 18:42:38.030,,2147483647,1485403,False,nan
11557,1877542,1613040575,MERV - XMEV - GGAL - 24hs,6890.0,2025-05-09 18:42:47,15,2025-05-09 18:42:47.187,6880.0,22,6870.0,1938,6860.0,15518,6850.0,786,6840.0,20276,6890.0,2066,6900.0,21824,6910.0,21831,6920.0,12471,6930.0,88,2025-05-09 18:42:47.095,,2147483647,1485403,True,offer
11558,1877555,1613040592,MERV - XMEV - GGAL - 24hs,6890.0,2025-05-09 18:42:47,15,2025-05-09 18:42:47.677,6880.0,22,6870.0,1938,6860.0,15518,6850.0,786,6840.0,20276,6890.0,2051,6900.0,21824,6910.0,21831,6920.0,12471,6930.0,88,2025-05-09 18:42:47.591,,2147483647,1485403,False,nan
11559,1877587,1613040631,MERV - XMEV - GGAL - 24hs,6890.0,2025-05-09 18:42:47,15,2025-05-09 18:42:48.177,6880.0,22,6870.0,1938,6860.0,15518,6850.0,786,6840.0,20276,6890.0,2051,6900.0,21824,6910.0,21831,6920.0,12471,6930.0,88,2025-05-09 18:42:48.091,,2147483647,1485418,False,nan
11560,1877989,1613041139,MERV - XMEV - GGAL - 24hs,6890.0,2025-05-09 18:42:53,3,2025-05-09 18:42:53.454,6880.0,22,6870.0,1938,6860.0,15518,6850.0,786,6840.0,20276,6890.0,2051,6900.0,21824,6910.0,21831,6920.0,12471,6930.0,88,2025-05-09 18:42:53.366,,2147483647,1485418,True,offer
11561,1878055,1613041238,MERV - XMEV - GGAL - 24hs,6890.0,2025-05-09 18:42:53,3,2025-05-09 18:42:54.117,6880.0,22,6870.0,1938,6860.0,15518,6850.0,786,6840.0,20276,6890.0,2048,6900.0,21824,6910.0,21831,6920.0,12471,6930.0,88,2025-05-09 18:42:54.031,,2147483647,1485418,False,nan
11562,1878094,1613041291,MERV - XMEV - GGAL - 24hs,6890.0,2025-05-09 18:42:53,3,2025-05-09 18:42:54.637,6880.0,22,6870.0,1938,6860.0,15518,6850.0,786,6840.0,20276,6890.0,2048,6900.0,21824,6910.0,21831,6920.0,12471,6930.0,88,2025-05-09 18:42:54.531,,2147483647,1485421,False,nan
11563,1878225,1613041517,MERV - XMEV - GGAL - 24hs,6890.0,2025-05-09 18:42:53,3,2025-05-09 18:42:56.746,6880.0,75,6870.0,1938,6860.0,15518,6850.0,786,6840.0,20276,6890.0,2048,6900.0,21824,6910.0,21831,6920.0,12471,6930.0,88,2025-05-09 18:42:56.659,,2147483647,1485421,False,nan
11564,1878465,1613041849,MERV - XMEV - GGAL - 24hs,6890.0,2025-05-09 18:42:53,3,2025-05-09 18:43:00.164,6880.0,75,6870.0,1938,6860.0,15518,6850.0,15694,6840.0,5368,6890.0,2048,6900.0,21824,6910.0,21831,6920.0,12471,6930.0,88,2025-05-09 18:43:00.077,,2147483647,1485421,False,nan
11565,1878541,1613041944,MERV - XMEV - GGAL - 24hs,6890.0,2025-05-09 18:42:53,3,2025-05-09 18:43:00.904,6880.0,75,6870.0,1974,6860.0,15518,6850.0,15527,6840.0,5368,6890.0,2048,6900.0,21824,6910.0,21831,6920.0,12471,6930.0,88,2025-05-09 18:43:00.813,,2147483647,1485421,False,nan
11566,1878709,1613042143,MERV - XMEV - GGAL - 24hs,6880.0,2025-05-09 18:43:03,22,2025-05-09 18:43:03.692,6880.0,75,6870.0,1974,6860.0,15518,6850.0,15527,6840.0,5368,6890.0,2048,6900.0,21824,6910.0,21831,6920.0,12471,6930.0,88,2025-05-09 18:43:03.606,,2147483647,1485421,True,bid
11567,1878744,1613042185,MERV - XMEV - GGAL - 24hs,6880.0,2025-05-09 18:43:03,23,2025-05-09 18:43:04.192,6880.0,30,6870.0,1974,6860.0,15518,6850.0,15527,6840.0,5368,6890.0,2048,6900.0,21824,6910.0,21831,6920.0,12471,6930.0,88,2025-05-09 18:43:04.106,,2147483647,1485421,False,nan
11568,1878774,1613042218,MERV - XMEV - GGAL - 24hs,6880.0,2025-05-09 18:43:03,23,2025-05-09 18:43:04.693,6880.0,30,6870.0,1974,6860.0,15518,6850.0,15527,6840.0,5368,6890.0,2048,6900.0,21824,6910.0,21831,6920.0,12471,6930.0,88,2025-05-09 18:43:04.607,,2147483647,1485466,False,nan
11569,1878814,1613042264,MERV - XMEV - GGAL - 24hs,6880.0,2025-05-09 18:43:05,30,2025-05-09 18:43:05.362,6880.0,30,6870.0,1974,6860.0,15518,6850.0,15527,6840.0,5368,6890.0,2048,6900.0,21824,6910.0,21831,6920.0,12471,6930.0,88,2025-05-09 18:43:05.275,,2147483647,1485466,True,bid
11570,1878861,1613042320,MERV - XMEV - GGAL - 24hs,6880.0,2025-05-09 18:43:05,30,2025-05-09 18:43:06.026,6870.0,1974,6860.0,15518,6850.0,15527,6840.0,5368,6830.0,765,6880.0,170,6890.0,2048,6900.0,21824,6910.0,21831,6920.0,12471,2025-05-09 18:43:05.939,,2147483647,1485466,False,nan
11571,1878895,1613042360,MERV - XMEV - GGAL - 24hs,6880.0,2025-05-09 18:43:05,30,2025-05-09 18:43:06.526,6870.0,1974,6860.0,15518,6850.0,15527,6840.0,5368,6830.0,765,6880.0,170,6890.0,2048,6900.0,21824,6910.0,21831,6920.0,12471,2025-05-09 18:43:06.440,,2147483647,1485496,False,nan
11572,1878950,1613042431,MERV - XMEV - GGAL - 24hs,6880.0,2025-05-09 18:43:05,30,2025-05-09 18:43:07.037,6870.0,1974,6860.0,15518,6850.0,619,6840.0,20276,6830.0,765,6880.0,170,6890.0,2021,6900.0,21824,6910.0,21831,6920.0,12471,2025-05-09 18:43:06.945,,2147483647,1485496,False,nan
11573,1879000,1613042486,MERV - XMEV - GGAL - 24hs,6880.0,2025-05-09 18:43:05,30,2025-05-09 18:43:07.525,6870.0,1974,6860.0,15518,6850.0,619,6840.0,20276,6830.0,765,6880.0,191,6890.0,2021,6900.0,21824,6910.0,21831,6920.0,12471,2025-05-09 18:43:07.440,,2147483647,1485496,False,nan
11574,1879489,1613043118,MERV - XMEV - GGAL - 24hs,6880.0,2025-05-09 18:43:05,30,2025-05-09 18:43:14.528,6870.0,1974,6860.0,15518,6850.0,619,6840.0,20276,6830.0,765,6880.0,246,6890.0,1966,6900.0,21824,6910.0,21831,6920.0,12471,2025-05-09 18:43:14.442,,2147483647,1485496,False,nan
11575,1879631,1613043289,MERV - XMEV - GGAL - 24hs,6870.0,2025-05-09 18:43:16,1,2025-05-09 18:43:16.764,6870.0,1974,6860.0,15518,6850.0,619,6840.0,20276,6830.0,765,6880.0,246,6890.0,1966,6900.0,21824,6910.0,21831,6920.0,12471,2025-05-09 18:43:16.677,,2147483647,1485496,True,bid
11576,1879694,1613043359,MERV - XMEV - GGAL - 24hs,6880.0,2025-05-09 18:43:17,4,2025-05-09 18:43:17.267,6870.0,1973,6860.0,15518,6850.0,619,6840.0,19276,6830.0,1765,6880.0,246,6890.0,1966,6900.0,21824,6910.0,21831,6920.0,12471,2025-05-09 18:43:17.181,,2147483647,1485497,True,offer
11577,1879749,1613043425,MERV - XMEV - GGAL - 24hs,6880.0,2025-05-09 18:43:17,4,2025-05-09 18:43:17.766,6870.0,1973,6860.0,15518,6850.0,619,6840.0,19276,6830.0,1765,6880.0,246,6890.0,1966,6900.0,21824,6910.0,21831,6920.0,12471,2025-05-09 18:43:17.681,,2147483647,1485501,False,nan
11578,1879796,1613043476,MERV - XMEV - GGAL - 24hs,6880.0,2025-05-09 18:43:17,4,2025-05-09 18:43:18.277,6870.0,1973,6860.0,15518,6850.0,619,6840.0,19276,6830.0,1765,6880.0,242,6890.0,1966,6900.0,21824,6910.0,21831,6920.0,12471,2025-05-09 18:43:18.181,,2147483647,1485501,False,nan
11579,1879837,1613043532,MERV - XMEV - GGAL - 24hs,6880.0,2025-05-09 18:43:17,4,2025-05-09 18:43:18.767,6870.0,1973,6860.0,15516,6850.0,619,6840.0,19276,6830.0,1765,6880.0,242,6890.0,1966,6900.0,21824,6910.0,21831,6920.0,12471,2025-05-09 18:43:18.681,,2147483647,1485501,False,nan
11580,1879939,1613043658,MERV - XMEV - GGAL - 24hs,6880.0,2025-05-09 18:43:17,4,2025-05-09 18:43:19.343,6870.0,1973,6860.0,15516,6850.0,619,6840.0,4368,6830.0,15673,6880.0,242,6890.0,18966,6900.0,19824,6910.0,6831,6920.0,12471,2025-05-09 18:43:19.256,,2147483647,1485501,False,nan
11581,1880002,1613043741,MERV - XMEV - GGAL - 24hs,6880.0,2025-05-09 18:43:17,4,2025-05-09 18:43:20.074,6870.0,1973,6860.0,14170,6850.0,619,6840.0,4368,6830.0,15968,6880.0,242,6890.0,18966,6900.0,19824,6910.0,6831,6920.0,12471,2025-05-09 18:43:19.981,,2147483647,1485501,False,nan
11582,1880074,1613043834,MERV - XMEV - GGAL - 24hs,6880.0,2025-05-09 18:43:17,4,2025-05-09 18:43:20.964,6870.0,973,6860.0,14170,6850.0,619,6840.0,4568,6830.0,15968,6880.0,242,6890.0,18966,6900.0,19824,6910.0,6831,6920.0,12471,2025-05-09 18:43:20.877,,2147483647,1485501,False,nan
11583,1880137,1613043912,MERV - XMEV - GGAL - 24hs,6880.0,2025-05-09 18:43:17,4,2025-05-09 18:43:21.810,6870.0,973,6860.0,14170,6850.0,619,6840.0,4468,6830.0,15968,6880.0,242,6890.0,18966,6900.0,19824,6910.0,6831,6920.0,12471,2025-05-09 18:43:21.724,,2147483647,1485501,False,nan
11584,1880323,1613044150,MERV - XMEV - GGAL - 24hs,6880.0,2025-05-09 18:43:24,51,2025-05-09 18:43:24.154,6870.0,973,6860.0,14170,6850.0,619,6840.0,4468,6830.0,15968,6880.0,242,6890.0,18966,6900.0,19824,6910.0,6831,6920.0,12471,2025-05-09 18:43:24.068,,2147483647,1485501,True,offer
11585,1880367,1613044213,MERV - XMEV - GGAL - 24hs,6880.0,2025-05-09 18:43:24,51,2025-05-09 18:43:24.820,6870.0,973,6860.0,14170,6850.0,619,6840.0,4468,6830.0,15968,6880.0,191,6890.0,18966,6900.0,19824,6910.0,6831,6920.0,12471,2025-05-09 18:43:24.733,,2147483647,1485501,False,nan
11586,1880393,1613044245,MERV - XMEV - GGAL - 24hs,6880.0,2025-05-09 18:43:24,51,2025-05-09 18:43:25.320,6870.0,973,6860.0,14170,6850.0,619,6840.0,4468,6830.0,15968,6880.0,191,6890.0,18966,6900.0,19824,6910.0,6831,6920.0,12471,2025-05-09 18:43:25.233,,2147483647,1485552,False,nan
11587,1880434,1613044296,MERV - XMEV - GGAL - 24hs,6880.0,2025-05-09 18:43:25,99,2025-05-09 18:43:26.070,6870.0,973,6860.0,14170,6850.0,619,6840.0,4468,6830.0,15968,6880.0,191,6890.0,18966,6900.0,19824,6910.0,6831,6920.0,12471,2025-05-09 18:43:25.984,,2147483647,1485552,True,offer
11588,1880501,1613044377,MERV - XMEV - GGAL - 24hs,6880.0,2025-05-09 18:43:25,99,2025-05-09 18:43:26.602,6870.0,973,6860.0,14170,6850.0,619,6840.0,4468,6830.0,15968,6880.0,92,6890.0,18966,6900.0,19824,6910.0,6831,6920.0,12471,2025-05-09 18:43:26.515,,2147483647,1485552,False,nan
11589,1880546,1613044435,MERV - XMEV - GGAL - 24hs,6880.0,2025-05-09 18:43:25,99,2025-05-09 18:43:27.111,6870.0,973,6860.0,14170,6850.0,619,6840.0,4468,6830.0,15968,6880.0,92,6890.0,18966,6900.0,19824,6910.0,6831,6920.0,12471,2025-05-09 18:43:27.015,,2147483647,1485651,False,nan
11590,1880614,1613044522,MERV - XMEV - GGAL - 24hs,6880.0,2025-05-09 18:43:27,16,2025-05-09 18:43:28.005,6870.0,973,6860.0,14170,6850.0,619,6840.0,4468,6830.0,15968,6880.0,92,6890.0,18966,6900.0,19824,6910.0,6831,6920.0,12471,2025-05-09 18:43:27.919,,2147483647,1485651,True,offer
11591,1880646,1613044557,MERV - XMEV - GGAL - 24hs,6880.0,2025-05-09 18:43:27,38,2025-05-09 18:43:28.505,6870.0,973,6860.0,14170,6850.0,619,6840.0,4468,6830.0,15968,6880.0,23,6890.0,18966,6900.0,19824,6910.0,6831,6920.0,12471,2025-05-09 18:43:28.419,,2147483647,1485651,False,nan
11592,1880687,1613044605,MERV - XMEV - GGAL - 24hs,6880.0,2025-05-09 18:43:27,38,2025-05-09 18:43:29.008,6870.0,973,6860.0,14170,6850.0,619,6840.0,4468,6830.0,15968,6880.0,23,6890.0,18966,6900.0,19824,6910.0,6831,6920.0,12471,2025-05-09 18:43:28.919,,2147483647,1485726,False,nan
11593,1880873,1613044820,MERV - XMEV - GGAL - 24hs,6870.0,2025-05-09 18:43:31,127,2025-05-09 18:43:31.663,6870.0,973,6860.0,14170,6850.0,619,6840.0,4468,6830.0,15968,6880.0,23,6890.0,18966,6900.0,19824,6910.0,6831,6920.0,12471,2025-05-09 18:43:31.575,,2147483647,1485726,True,bid
11594,1880925,1613044884,MERV - XMEV - GGAL - 24hs,6870.0,2025-05-09 18:43:31,127,2025-05-09 18:43:32.329,6870.0,846,6860.0,14170,6850.0,619,6840.0,4468,6830.0,15968,6880.0,23,6890.0,18966,6900.0,19824,6910.0,6831,6920.0,12471,2025-05-09 18:43:32.243,,2147483647,1485726,False,nan
11595,1880987,1613044964,MERV - XMEV - GGAL - 24hs,6870.0,2025-05-09 18:43:31,127,2025-05-09 18:43:32.830,6870.0,846,6860.0,14170,6850.0,619,6840.0,4468,6830.0,15968,6880.0,23,6890.0,18966,6900.0,19824,6910.0,6831,6920.0,12471,2025-05-09 18:43:32.743,,2147483647,1485853,False,nan
11596,1881049,1613045037,MERV - XMEV - GGAL - 24hs,6880.0,2025-05-09 18:43:33,17,2025-05-09 18:43:33.725,6870.0,846,6860.0,14170,6850.0,619,6840.0,4468,6830.0,15968,6880.0,23,6890.0,18966,6900.0,19824,6910.0,6831,6920.0,12471,2025-05-09 18:43:33.639,,2147483647,1485853,True,offer
11597,1881091,1613045082,MERV - XMEV - GGAL - 24hs,6890.0,2025-05-09 18:43:33,134,2025-05-09 18:43:34.224,6870.0,922,6860.0,14170,6850.0,619,6840.0,4461,6830.0,16130,6890.0,18832,6900.0,19824,6910.0,6831,6920.0,12471,6930.0,88,2025-05-09 18:43:34.138,,2147483647,1485853,False,nan
11598,1881131,1613045136,MERV - XMEV - GGAL - 24hs,6890.0,2025-05-09 18:43:33,134,2025-05-09 18:43:34.737,6870.0,922,6860.0,14170,6850.0,619,6840.0,4461,6830.0,16130,6890.0,18832,6900.0,19824,6910.0,6831,6920.0,12471,6930.0,88,2025-05-09 18:43:34.645,,2147483647,1486010,False,nan
11599,1881487,1613045569,MERV - XMEV - GGAL - 24hs,6870.0,2025-05-09 18:43:39,60,2025-05-09 18:43:39.469,6870.0,922,6860.0,14170,6850.0,619,6840.0,4461,6830.0,16130,6890.0,18832,6900.0,19824,6910.0,6831,6920.0,12471,6930.0,88,2025-05-09 18:43:39.382,,2147483647,1486010,True,bid
11600,1881525,1613045618,MERV - XMEV - GGAL - 24hs,6870.0,2025-05-09 18:43:39,37,2025-05-09 18:43:39.991,6870.0,825,6860.0,14170,6850.0,619,6840.0,22254,6830.0,15673,6890.0,18832,6900.0,19824,6910.0,6831,6920.0,12471,6930.0,88,2025-05-09 18:43:39.882,,2147483647,1486010,False,nan
11601,1881559,1613045658,MERV - XMEV - GGAL - 24hs,6870.0,2025-05-09 18:43:39,37,2025-05-09 18:43:40.469,6870.0,825,6860.0,14170,6850.0,619,6840.0,22254,6830.0,15673,6890.0,18832,6900.0,19824,6910.0,6831,6920.0,12471,6930.0,88,2025-05-09 18:43:40.382,,2147483647,1486107,False,nan
11602,1881654,1613045770,MERV - XMEV - GGAL - 24hs,6870.0,2025-05-09 18:43:41,62,2025-05-09 18:43:41.598,6870.0,825,6860.0,14170,6850.0,619,6840.0,22254,6830.0,15673,6890.0,18832,6900.0,19824,6910.0,6831,6920.0,12471,6930.0,88,2025-05-09 18:43:41.512,,2147483647,1486107,True,bid
11603,1881701,1613045828,MERV - XMEV - GGAL - 24hs,6870.0,2025-05-09 18:43:41,62,2025-05-09 18:43:42.263,6870.0,763,6860.0,14170,6850.0,619,6840.0,22254,6830.0,15673,6890.0,18832,6900.0,19824,6910.0,6831,6920.0,12471,6930.0,88,2025-05-09 18:43:42.177,,2147483647,1486107,False,nan
11604,1881739,1613045873,MERV - XMEV - GGAL - 24hs,6870.0,2025-05-09 18:43:41,62,2025-05-09 18:43:42.770,6870.0,763,6860.0,14170,6850.0,619,6840.0,22254,6830.0,15673,6890.0,18832,6900.0,19824,6910.0,6831,6920.0,12471,6930.0,88,2025-05-09 18:43:42.682,,2147483647,1486169,False,nan
11605,1881953,1613046142,MERV - XMEV - GGAL - 24hs,6870.0,2025-05-09 18:43:41,62,2025-05-09 18:43:45.650,6870.0,763,6860.0,14170,6850.0,619,6840.0,22254,6830.0,15673,6890.0,18842,6900.0,19824,6910.0,6831,6920.0,12471,6930.0,88,2025-05-09 18:43:45.564,,2147483647,1486169,False,nan
11606,1881978,1613046173,MERV - XMEV - GGAL - 24hs,6890.0,2025-05-09 18:43:45,30,2025-05-09 18:43:46.146,6870.0,763,6860.0,14170,6850.0,619,6840.0,22254,6830.0,15673,6890.0,18842,6900.0,19824,6910.0,6831,6920.0,12471,6930.0,88,2025-05-09 18:43:46.059,,2147483647,1486169,True,offer
11607,1882018,1613046218,MERV - XMEV - GGAL - 24hs,6890.0,2025-05-09 18:43:45,30,2025-05-09 18:43:46.683,6870.0,763,6860.0,14170,6850.0,619,6840.0,22254,6830.0,15673,6890.0,18812,6900.0,19824,6910.0,6831,6920.0,12471,6930.0,88,2025-05-09 18:43:46.598,,2147483647,1486169,False,nan
11608,1882053,1613046260,MERV - XMEV - GGAL - 24hs,6890.0,2025-05-09 18:43:45,30,2025-05-09 18:43:47.187,6870.0,763,6860.0,14170,6850.0,619,6840.0,22254,6830.0,15673,6890.0,18812,6900.0,19824,6910.0,6831,6920.0,12471,6930.0,88,2025-05-09 18:43:47.098,,2147483647,1486199,False,nan
11609,1882621,1613046991,MERV - XMEV - GGAL - 24hs,6890.0,2025-05-09 18:43:45,30,2025-05-09 18:43:54.157,6870.0,763,6860.0,14170,6850.0,619,6840.0,22454,6830.0,15673,6890.0,18812,6900.0,19824,6910.0,6831,6920.0,12471,6930.0,88,2025-05-09 18:43:54.071,,2147483647,1486199,False,nan
11610,1882730,1613047146,MERV - XMEV - GGAL - 24hs,6870.0,2025-05-09 18:43:55,45,2025-05-09 18:43:55.771,6870.0,763,6860.0,14170,6850.0,619,6840.0,22454,6830.0,15673,6890.0,18812,6900.0,19824,6910.0,6831,6920.0,12471,6930.0,88,2025-05-09 18:43:55.685,,2147483647,1486199,True,bid
11611,1882783,1613047216,MERV - XMEV - GGAL - 24hs,6870.0,2025-05-09 18:43:55,45,2025-05-09 18:43:56.439,6870.0,718,6860.0,14170,6850.0,619,6840.0,22454,6830.0,15673,6890.0,18812,6900.0,19824,6910.0,6831,6920.0,12471,6930.0,88,2025-05-09 18:43:56.348,,2147483647,1486199,False,nan
11612,1882822,1613047257,MERV - XMEV - GGAL - 24hs,6870.0,2025-05-09 18:43:55,45,2025-05-09 18:43:56.935,6870.0,718,6860.0,14170,6850.0,619,6840.0,22454,6830.0,15673,6890.0,18812,6900.0,19824,6910.0,6831,6920.0,12471,6930.0,88,2025-05-09 18:43:56.849,,2147483647,1486244,False,nan
11613,1882925,1613047403,MERV - XMEV - GGAL - 24hs,6890.0,2025-05-09 18:43:57,1,2025-05-09 18:43:57.875,6870.0,718,6860.0,14170,6850.0,619,6840.0,22454,6830.0,15673,6890.0,18812,6900.0,19824,6910.0,6831,6920.0,12471,6930.0,88,2025-05-09 18:43:57.764,,2147483647,1486244,True,offer
11614,1882991,1613047489,MERV - XMEV - GGAL - 24hs,6870.0,2025-05-09 18:43:57,10,2025-05-09 18:43:58.350,6870.0,718,6860.0,14170,6850.0,619,6840.0,22454,6830.0,15673,6890.0,18811,6900.0,19824,6910.0,6831,6920.0,12471,6930.0,88,2025-05-09 18:43:58.264,,2147483647,1486245,False,nan
11615,1883024,1613047528,MERV - XMEV - GGAL - 24hs,6870.0,2025-05-09 18:43:57,10,2025-05-09 18:43:58.850,6870.0,708,6860.0,14170,6850.0,619,6840.0,22454,6830.0,15673,6890.0,18811,6900.0,19824,6910.0,6831,6920.0,12471,6930.0,88,2025-05-09 18:43:58.764,,2147483647,1486255,False,nan
11616,1883061,1613047569,MERV - XMEV - GGAL - 24hs,6890.0,2025-05-09 18:43:59,6,2025-05-09 18:43:59.350,6870.0,708,6860.0,14170,6850.0,619,6840.0,22454,6830.0,15673,6890.0,18811,6900.0,19824,6910.0,6831,6920.0,12471,6930.0,88,2025-05-09 18:43:59.264,,2147483647,1486255,True,offer
11617,1883096,1613047608,MERV - XMEV - GGAL - 24hs,6890.0,2025-05-09 18:43:59,6,2025-05-09 18:43:59.850,6870.0,708,6860.0,14170,6850.0,619,6840.0,22454,6830.0,15673,6890.0,18805,6900.0,19824,6910.0,6831,6920.0,12471,6930.0,88,2025-05-09 18:43:59.764,,2147483647,1486255,False,nan
11618,1883133,1613047650,MERV - XMEV - GGAL - 24hs,6890.0,2025-05-09 18:43:59,6,2025-05-09 18:44:00.349,6870.0,708,6860.0,14170,6850.0,619,6840.0,22454,6830.0,15673,6890.0,18805,6900.0,19824,6910.0,6831,6920.0,12471,6930.0,88,2025-05-09 18:44:00.264,,2147483647,1486261,False,nan
11619,1883177,1613047702,MERV - XMEV - GGAL - 24hs,6890.0,2025-05-09 18:43:59,6,2025-05-09 18:44:00.898,6870.0,708,6860.0,14170,6850.0,619,6840.0,22454,6830.0,16673,6890.0,18805,6900.0,19824,6910.0,6831,6920.0,12471,6930.0,88,2025-05-09 18:44:00.812,,2147483647,1486261,False,nan
11620,1883371,1613047934,MERV - XMEV - GGAL - 24hs,6890.0,2025-05-09 18:44:02,3,2025-05-09 18:44:02.954,6870.0,708,6860.0,14170,6850.0,619,6840.0,22454,6830.0,16673,6890.0,18805,6900.0,19824,6910.0,6831,6920.0,12471,6930.0,88,2025-05-09 18:44:02.865,,2147483647,1486261,True,offer
11621,1883452,1613048028,MERV - XMEV - GGAL - 24hs,6890.0,2025-05-09 18:44:02,3,2025-05-09 18:44:03.622,6870.0,708,6860.0,14170,6850.0,619,6840.0,22454,6830.0,16673,6890.0,18802,6900.0,19824,6910.0,6831,6920.0,12471,6930.0,88,2025-05-09 18:44:03.532,,2147483647,1486261,False,nan
11622,1883533,1613048128,MERV - XMEV - GGAL - 24hs,6890.0,2025-05-09 18:44:02,3,2025-05-09 18:44:04.153,6870.0,708,6860.0,14170,6850.0,619,6840.0,22454,6830.0,16673,6890.0,18802,6900.0,19824,6910.0,6831,6920.0,12471,6930.0,88,2025-05-09 18:44:04.045,,2147483647,1486264,False,nan
11623,1883849,1613048536,MERV - XMEV - GGAL - 24hs,6890.0,2025-05-09 18:44:08,300,2025-05-09 18:44:08.259,6870.0,708,6860.0,14170,6850.0,619,6840.0,22454,6830.0,16673,6890.0,18802,6900.0,19824,6910.0,6831,6920.0,12471,6930.0,88,2025-05-09 18:44:08.170,,2147483647,1486264,True,offer
11624,1883923,1613048630,MERV - XMEV - GGAL - 24hs,6890.0,2025-05-09 18:44:08,300,2025-05-09 18:44:08.920,6870.0,708,6860.0,14170,6850.0,619,6840.0,22454,6830.0,16673,6890.0,18502,6900.0,19824,6910.0,6831,6920.0,12471,6930.0,88,2025-05-09 18:44:08.833,,2147483647,1486264,False,nan
11625,1883986,1613048710,MERV - XMEV - GGAL - 24hs,6890.0,2025-05-09 18:44:08,1,2025-05-09 18:44:09.420,6870.0,708,6860.0,14170,6850.0,619,6840.0,22454,6830.0,16673,6890.0,18502,6900.0,19824,6910.0,6831,6920.0,12471,6930.0,88,2025-05-09 18:44:09.333,,2147483647,1486564,False,nan
11626,1884014,1613048745,MERV - XMEV - GGAL - 24hs,6890.0,2025-05-09 18:44:08,1,2025-05-09 18:44:10.472,6870.0,708,6860.0,14170,6850.0,619,6840.0,22454,6830.0,16673,6890.0,18501,6900.0,19824,6910.0,6831,6920.0,12471,6930.0,88,2025-05-09 18:44:10.376,,2147483647,1486565,False,nan
11627,1884170,1613048939,MERV - XMEV - GGAL - 24hs,6870.0,2025-05-09 18:44:12,96,2025-05-09 18:44:12.162,6870.0,708,6860.0,14170,6850.0,619,6840.0,22454,6830.0,16673,6890.0,18501,6900.0,19824,6910.0,6831,6920.0,12471,6930.0,88,2025-05-09 18:44:12.076,,2147483647,1486565,True,bid
11628,1884206,1613049017,MERV - XMEV - GGAL - 24hs,6860.0,2025-05-09 18:44:12,132,2025-05-09 18:44:12.665,6870.0,708,6860.0,14170,6850.0,619,6840.0,22454,6830.0,16673,6890.0,18501,6900.0,19824,6910.0,6831,6920.0,12471,6930.0,88,2025-05-09 18:44:12.576,,2147483647,1486565,False,nan
11629,1884257,1613049081,MERV - XMEV - GGAL - 24hs,6860.0,2025-05-09 18:44:12,132,2025-05-09 18:44:13.161,6860.0,13878,6850.0,619,6840.0,22454,6830.0,16673,6820.0,2535,6890.0,18577,6900.0,19824,6910.0,6831,6920.0,12471,6930.0,88,2025-05-09 18:44:13.075,,2147483647,1487565,False,nan
11630,1884320,1613049163,MERV - XMEV - GGAL - 24hs,6860.0,2025-05-09 18:44:12,132,2025-05-09 18:44:14.048,6860.0,14378,6850.0,619,6840.0,22154,6830.0,16673,6820.0,2535,6890.0,18577,6900.0,19824,6910.0,6831,6920.0,12471,6930.0,88,2025-05-09 18:44:13.957,,2147483647,1487565,False,nan
11631,1884383,1613049240,MERV - XMEV - GGAL - 24hs,6860.0,2025-05-09 18:44:12,132,2025-05-09 18:44:14.694,6860.0,14378,6850.0,786,6840.0,37062,6830.0,1765,6820.0,2535,6890.0,18577,6900.0,19824,6910.0,6831,6920.0,12471,6930.0,88,2025-05-09 18:44:14.605,,2147483647,1487565,False,nan
11632,1884518,1613049411,MERV - XMEV - GGAL - 24hs,6860.0,2025-05-09 18:44:12,132,2025-05-09 18:44:15.738,6860.0,14378,6850.0,786,6840.0,22154,6830.0,16673,6820.0,2535,6890.0,18577,6900.0,19824,6910.0,6831,6920.0,12471,6930.0,88,2025-05-09 18:44:15.649,,2147483647,1487565,False,nan
11633,1884698,1613049666,MERV - XMEV - GGAL - 24hs,6860.0,2025-05-09 18:44:12,132,2025-05-09 18:44:17.683,6860.0,14378,6850.0,786,6840.0,22151,6830.0,16673,6820.0,2535,6890.0,18577,6900.0,19824,6910.0,6831,6920.0,12471,6930.0,88,2025-05-09 18:44:17.567,,2147483647,1487565,False,nan
11634,1884919,1613049941,MERV - XMEV - GGAL - 24hs,6860.0,2025-05-09 18:44:12,132,2025-05-09 18:44:20.570,6860.0,14378,6850.0,786,6840.0,22498,6830.0,16673,6820.0,2535,6890.0,18577,6900.0,19824,6910.0,6831,6920.0,12471,6930.0,88,2025-05-09 18:44:20.479,,2147483647,1487565,False,nan
11635,1885874,1613051166,MERV - XMEV - GGAL - 24hs,6890.0,2025-05-09 18:44:29,57,2025-05-09 18:44:29.731,6860.0,14378,6850.0,786,6840.0,22498,6830.0,16673,6820.0,2535,6890.0,18577,6900.0,19824,6910.0,6831,6920.0,12471,6930.0,88,2025-05-09 18:44:29.641,,2147483647,1487565,True,offer
11636,1885951,1613051266,MERV - XMEV - GGAL - 24hs,6890.0,2025-05-09 18:44:29,57,2025-05-09 18:44:30.387,6860.0,14378,6850.0,786,6840.0,22498,6830.0,16673,6820.0,2535,6890.0,18520,6900.0,19824,6910.0,6831,6920.0,12471,6930.0,88,2025-05-09 18:44:30.296,,2147483647,1487565,False,nan
11637,1885983,1613051304,MERV - XMEV - GGAL - 24hs,6890.0,2025-05-09 18:44:29,57,2025-05-09 18:44:30.883,6860.0,14378,6850.0,786,6840.0,22498,6830.0,16673,6820.0,2535,6890.0,18520,6900.0,19824,6910.0,6831,6920.0,12471,6930.0,88,2025-05-09 18:44:30.797,,2147483647,1487622,False,nan
11638,1886182,1613051543,MERV - XMEV - GGAL - 24hs,6890.0,2025-05-09 18:44:29,57,2025-05-09 18:44:33.230,6860.0,14378,6850.0,786,6840.0,22498,6830.0,16673,6820.0,2535,6890.0,28520,6900.0,9824,6910.0,6831,6920.0,12471,6930.0,88,2025-05-09 18:44:33.078,,2147483647,1487622,False,nan
11639,1886373,1613051818,MERV - XMEV - GGAL - 24hs,6890.0,2025-05-09 18:44:35,72,2025-05-09 18:44:35.626,6860.0,14378,6850.0,786,6840.0,22498,6830.0,16673,6820.0,2535,6890.0,28520,6900.0,9824,6910.0,6831,6920.0,12471,6930.0,88,2025-05-09 18:44:35.540,,2147483647,1487622,True,offer
11640,1886464,1613051934,MERV - XMEV - GGAL - 24hs,6890.0,2025-05-09 18:44:35,72,2025-05-09 18:44:36.348,6860.0,14378,6850.0,786,6840.0,22498,6830.0,16673,6820.0,2535,6890.0,28520,6900.0,9824,6910.0,6831,6920.0,12471,6930.0,88,2025-05-09 18:44:36.233,,2147483647,1487694,False,nan
11641,1886545,1613052033,MERV - XMEV - GGAL - 24hs,6890.0,2025-05-09 18:44:35,72,2025-05-09 18:44:36.819,6860.0,14378,6850.0,786,6840.0,22498,6830.0,16673,6820.0,2535,6890.0,28448,6900.0,9824,6910.0,6831,6920.0,12471,6930.0,88,2025-05-09 18:44:36.733,,2147483647,1487694,False,nan
11642,1886643,1613052165,MERV - XMEV - GGAL - 24hs,6890.0,2025-05-09 18:44:35,72,2025-05-09 18:44:37.719,6860.0,14378,6850.0,786,6840.0,22498,6830.0,15673,6820.0,3535,6880.0,500,6890.0,33448,6900.0,4824,6910.0,6831,6920.0,12471,2025-05-09 18:44:37.631,,2147483647,1487694,False,nan
11643,1886727,1613052268,MERV - XMEV - GGAL - 24hs,6890.0,2025-05-09 18:44:35,72,2025-05-09 18:44:38.450,6860.0,14378,6850.0,786,6840.0,22151,6830.0,15673,6820.0,3535,6880.0,500,6890.0,28448,6900.0,9824,6910.0,6831,6920.0,12471,2025-05-09 18:44:38.363,,2147483647,1487694,False,nan
11644,1886996,1613052610,MERV - XMEV - GGAL - 24hs,6880.0,2025-05-09 18:44:41,200,2025-05-09 18:44:41.124,6860.0,14378,6850.0,786,6840.0,22151,6830.0,15673,6820.0,3535,6880.0,500,6890.0,28448,6900.0,9824,6910.0,6831,6920.0,12471,2025-05-09 18:44:41.037,,2147483647,1487694,True,offer
11645,1887035,1613052660,MERV - XMEV - GGAL - 24hs,6880.0,2025-05-09 18:44:41,200,2025-05-09 18:44:41.623,6860.0,14378,6850.0,786,6840.0,22151,6830.0,15673,6820.0,3535,6880.0,300,6890.0,28448,6900.0,9824,6910.0,6831,6920.0,12471,2025-05-09 18:44:41.537,,2147483647,1487694,False,nan
11646,1887063,1613052692,MERV - XMEV - GGAL - 24hs,6880.0,2025-05-09 18:44:41,200,2025-05-09 18:44:42.127,6860.0,14378,6850.0,786,6840.0,22151,6830.0,15673,6820.0,3535,6880.0,300,6890.0,28448,6900.0,9824,6910.0,6831,6920.0,12471,2025-05-09 18:44:42.038,,2147483647,1487894,False,nan
11647,1887107,1613052746,MERV - XMEV - GGAL - 24hs,6880.0,2025-05-09 18:44:41,200,2025-05-09 18:44:42.688,6860.0,14378,6850.0,886,6840.0,4361,6830.0,15673,6820.0,3535,6880.0,300,6890.0,28448,6900.0,9824,6910.0,6831,6920.0,12471,2025-05-09 18:44:42.602,,2147483647,1487894,False,nan
11648,1887291,1613052997,MERV - XMEV - GGAL - 24hs,6880.0,2025-05-09 18:44:41,200,2025-05-09 18:44:45.092,6870.0,500,6860.0,14378,6850.0,886,6840.0,4361,6830.0,15673,6880.0,300,6890.0,28372,6900.0,9824,6910.0,6831,6920.0,12478,2025-05-09 18:44:45.006,,2147483647,1487894,False,nan
11649,1887450,1613053206,MERV - XMEV - GGAL - 24hs,6880.0,2025-05-09 18:44:41,200,2025-05-09 18:44:47.398,6870.0,500,6860.0,14878,6850.0,886,6840.0,4361,6830.0,15673,6880.0,300,6890.0,28372,6900.0,9824,6910.0,6831,6920.0,12478,2025-05-09 18:44:47.312,,2147483647,1487894,False,nan
11650,1887930,1613053848,MERV - XMEV - GGAL - 24hs,6880.0,2025-05-09 18:44:52,200,2025-05-09 18:44:52.794,6870.0,500,6860.0,14878,6850.0,886,6840.0,4361,6830.0,15673,6880.0,300,6890.0,28372,6900.0,9824,6910.0,6831,6920.0,12478,2025-05-09 18:44:52.707,,2147483647,1487894,True,offer
11651,1888013,1613053938,MERV - XMEV - GGAL - 24hs,6880.0,2025-05-09 18:44:52,200,2025-05-09 18:44:53.456,6870.0,500,6860.0,14878,6850.0,886,6840.0,4361,6830.0,15673,6880.0,100,6890.0,28372,6900.0,9824,6910.0,6831,6920.0,12478,2025-05-09 18:44:53.370,,2147483647,1487894,False,nan
11652,1888075,1613054004,MERV - XMEV - GGAL - 24hs,6880.0,2025-05-09 18:44:52,200,2025-05-09 18:44:53.956,6870.0,500,6860.0,14878,6850.0,886,6840.0,4361,6830.0,15673,6880.0,100,6890.0,28372,6900.0,9824,6910.0,6831,6920.0,12478,2025-05-09 18:44:53.870,,2147483647,1488094,False,nan
11653,1888396,1613054429,MERV - XMEV - GGAL - 24hs,6880.0,2025-05-09 18:44:52,200,2025-05-09 18:44:56.958,6860.0,14878,6850.0,886,6840.0,4361,6830.0,15673,6820.0,3535,6880.0,100,6890.0,28373,6900.0,9824,6910.0,6831,6920.0,12478,2025-05-09 18:44:56.872,,2147483647,1488094,False,nan
11654,1888565,1613054635,MERV - XMEV - GGAL - 24hs,6880.0,2025-05-09 18:44:52,200,2025-05-09 18:44:58.684,6860.0,14378,6850.0,886,6840.0,4361,6830.0,15673,6820.0,3535,6880.0,100,6890.0,28373,6900.0,9824,6910.0,6831,6920.0,12478,2025-05-09 18:44:58.597,,2147483647,1488094,False,nan
11655,1888794,1613054917,MERV - XMEV - GGAL - 24hs,6880.0,2025-05-09 18:45:01,100,2025-05-09 18:45:01.681,6860.0,14378,6850.0,886,6840.0,4361,6830.0,15673,6820.0,3535,6880.0,100,6890.0,28373,6900.0,9824,6910.0,6831,6920.0,12478,2025-05-09 18:45:01.594,,2147483647,1488094,True,offer
11656,1888838,1613054973,MERV - XMEV - GGAL - 24hs,6880.0,2025-05-09 18:45:01,100,2025-05-09 18:45:02.345,6880.0,178,6860.0,14378,6850.0,886,6840.0,4361,6830.0,15673,6890.0,38636,6900.0,9824,6910.0,6831,6920.0,12478,6930.0,88,2025-05-09 18:45:02.259,,2147483647,1488094,False,nan
11657,1888888,1613055037,MERV - XMEV - GGAL - 24hs,6880.0,2025-05-09 18:45:01,100,2025-05-09 18:45:02.868,6880.0,178,6860.0,14378,6850.0,886,6840.0,4361,6830.0,15673,6890.0,38636,6900.0,9824,6910.0,6831,6920.0,12478,6930.0,88,2025-05-09 18:45:02.760,,2147483647,1488194,False,nan
11658,1888971,1613055142,MERV - XMEV - GGAL - 24hs,6880.0,2025-05-09 18:45:01,100,2025-05-09 18:45:03.606,6880.0,178,6870.0,500,6860.0,13878,6850.0,886,6840.0,4361,6890.0,38636,6900.0,9824,6910.0,6831,6920.0,12478,6930.0,88,2025-05-09 18:45:03.519,,2147483647,1488194,False,nan
11659,1889416,1613055668,MERV - XMEV - GGAL - 24hs,6880.0,2025-05-09 18:45:08,2,2025-05-09 18:45:08.523,6880.0,178,6870.0,500,6860.0,13878,6850.0,886,6840.0,4361,6890.0,38636,6900.0,9824,6910.0,6831,6920.0,12478,6930.0,88,2025-05-09 18:45:08.437,,2147483647,1488194,True,bid
11660,1889456,1613055717,MERV - XMEV - GGAL - 24hs,6880.0,2025-05-09 18:45:08,176,2025-05-09 18:45:09.023,6880.0,178,6870.0,500,6860.0,13878,6850.0,886,6840.0,4361,6890.0,38636,6900.0,9824,6910.0,6831,6920.0,12478,6930.0,88,2025-05-09 18:45:08.937,,2147483647,1488196,False,nan
11661,1889516,1613055785,MERV - XMEV - GGAL - 24hs,6880.0,2025-05-09 18:45:08,176,2025-05-09 18:45:09.547,6870.0,500,6860.0,13878,6850.0,886,6840.0,4361,6830.0,15673,6880.0,2,6890.0,38636,6900.0,9824,6910.0,6831,6920.0,12478,2025-05-09 18:45:09.439,,2147483647,1488372,False,nan
11662,1889709,1613056059,MERV - XMEV - GGAL - 24hs,6880.0,2025-05-09 18:45:08,176,2025-05-09 18:45:11.227,6860.0,14878,6850.0,886,6840.0,4361,6830.0,15673,6820.0,3535,6880.0,78,6890.0,38636,6900.0,9824,6910.0,6831,6920.0,12471,2025-05-09 18:45:11.140,,2147483647,1488372,False,nan
11663,1889750,1613056109,MERV - XMEV - GGAL - 24hs,6890.0,2025-05-09 18:45:11,22,2025-05-09 18:45:11.725,6860.0,14878,6850.0,886,6840.0,4361,6830.0,15673,6820.0,3535,6880.0,78,6890.0,38636,6900.0,9824,6910.0,6831,6920.0,12471,2025-05-09 18:45:11.638,,2147483647,1488372,True,offer
11664,1889858,1613056238,MERV - XMEV - GGAL - 24hs,6890.0,2025-05-09 18:45:11,22,2025-05-09 18:45:12.224,6860.0,14878,6850.0,886,6840.0,4361,6830.0,15673,6820.0,3535,6890.0,38614,6900.0,9824,6910.0,6831,6920.0,12471,6930.0,88,2025-05-09 18:45:12.138,,2147483647,1488472,False,nan
11665,1889966,1613056377,MERV - XMEV - GGAL - 24hs,6890.0,2025-05-09 18:45:11,22,2025-05-09 18:45:13.693,6860.0,14454,6850.0,886,6840.0,4361,6830.0,15673,6820.0,3535,6890.0,38614,6900.0,9824,6910.0,6831,6920.0,12471,6930.0,88,2025-05-09 18:45:13.603,,2147483647,1488472,False,nan
11666,1890107,1613056586,MERV - XMEV - GGAL - 24hs,6890.0,2025-05-09 18:45:11,22,2025-05-09 18:45:15.166,6860.0,14954,6850.0,886,6840.0,4361,6830.0,15673,6820.0,3535,6890.0,39614,6900.0,9824,6910.0,6831,6920.0,11471,6930.0,88,2025-05-09 18:45:15.077,,2147483647,1488472,False,nan
11667,1890284,1613056819,MERV - XMEV - GGAL - 24hs,6890.0,2025-05-09 18:45:11,22,2025-05-09 18:45:17.908,6860.0,14954,6850.0,886,6840.0,4361,6830.0,15673,6820.0,3535,6890.0,39614,6900.0,9824,6910.0,6831,6920.0,11471,6930.0,4088,2025-05-09 18:45:17.822,,2147483647,1488472,False,nan
11668,1890334,1613056881,MERV - XMEV - GGAL - 24hs,6890.0,2025-05-09 18:45:17,3,2025-05-09 18:45:18.408,6860.0,14954,6850.0,886,6840.0,4361,6830.0,15673,6820.0,3535,6890.0,39614,6900.0,9824,6910.0,6831,6920.0,11471,6930.0,4088,2025-05-09 18:45:18.322,,2147483647,1488472,True,offer
11669,1890402,1613056965,MERV - XMEV - GGAL - 24hs,6890.0,2025-05-09 18:45:17,3,2025-05-09 18:45:18.951,6860.0,14954,6850.0,886,6840.0,4361,6830.0,15673,6820.0,3535,6890.0,39611,6900.0,9824,6910.0,6831,6920.0,11471,6930.0,4088,2025-05-09 18:45:18.822,,2147483647,1488475,False,nan
11670,1890432,1613057001,MERV - XMEV - GGAL - 24hs,6890.0,2025-05-09 18:45:17,3,2025-05-09 18:45:19.422,6860.0,14954,6850.0,886,6840.0,4361,6830.0,15673,6820.0,3535,6890.0,37611,6900.0,11824,6910.0,6831,6920.0,11471,6930.0,4088,2025-05-09 18:45:19.322,,2147483647,1488475,False,nan
11671,1890644,1613057304,MERV - XMEV - GGAL - 24hs,6890.0,2025-05-09 18:45:17,3,2025-05-09 18:45:22.150,6860.0,14954,6850.0,886,6840.0,4361,6830.0,15673,6820.0,3535,6890.0,39611,6900.0,9824,6910.0,6831,6920.0,11471,6930.0,4088,2025-05-09 18:45:22.064,,2147483647,1488475,False,nan
11672,1891010,1613057788,MERV - XMEV - GGAL - 24hs,6890.0,2025-05-09 18:45:17,3,2025-05-09 18:45:26.001,6860.0,14954,6850.0,886,6840.0,4361,6830.0,15673,6820.0,3535,6880.0,15000,6890.0,24611,6900.0,9824,6910.0,6831,6920.0,11471,2025-05-09 18:45:25.912,,2147483647,1488475,False,nan
11673,1891121,1613057919,MERV - XMEV - GGAL - 24hs,6890.0,2025-05-09 18:45:17,3,2025-05-09 18:45:27.608,6860.0,14454,6850.0,886,6840.0,4361,6830.0,15673,6820.0,3535,6880.0,15000,6890.0,24611,6900.0,9824,6910.0,6831,6920.0,11471,2025-05-09 18:45:27.513,,2147483647,1488475,False,nan
11674,1891246,1613058083,MERV - XMEV - GGAL - 24hs,6860.0,2025-05-09 18:45:29,24,2025-05-09 18:45:29.426,6860.0,14454,6850.0,886,6840.0,4361,6830.0,15673,6820.0,3535,6880.0,15000,6890.0,24611,6900.0,9824,6910.0,6831,6920.0,11471,2025-05-09 18:45:29.340,,2147483647,1488475,True,bid
11675,1891291,1613058149,MERV - XMEV - GGAL - 24hs,6860.0,2025-05-09 18:45:29,24,2025-05-09 18:45:30.095,6860.0,14930,6850.0,886,6840.0,4361,6830.0,15673,6820.0,3535,6880.0,15000,6890.0,24611,6900.0,9824,6910.0,6831,6920.0,11471,2025-05-09 18:45:30.005,,2147483647,1488475,False,nan
11676,1891324,1613058211,MERV - XMEV - GGAL - 24hs,6860.0,2025-05-09 18:45:29,24,2025-05-09 18:45:30.594,6860.0,14930,6850.0,886,6840.0,4361,6830.0,15673,6820.0,3535,6880.0,15000,6890.0,24611,6900.0,9824,6910.0,6831,6920.0,11471,2025-05-09 18:45:30.506,,2147483647,1488499,False,nan
11677,1891391,1613058298,MERV - XMEV - GGAL - 24hs,6860.0,2025-05-09 18:45:29,24,2025-05-09 18:45:31.136,6860.0,14930,6850.0,786,6840.0,22151,6830.0,15673,6820.0,3535,6880.0,15000,6890.0,24611,6900.0,9824,6910.0,6831,6920.0,11471,2025-05-09 18:45:31.007,,2147483647,1488499,False,nan
11678,1891881,1613058951,MERV - XMEV - GGAL - 24hs,6860.0,2025-05-09 18:45:29,24,2025-05-09 18:45:36.401,6860.0,14430,6850.0,1786,6840.0,22151,6830.0,15673,6820.0,3535,6880.0,15000,6890.0,24611,6900.0,9824,6910.0,6831,6920.0,11471,2025-05-09 18:45:36.315,,2147483647,1488499,False,nan
11679,1892809,1613060157,MERV - XMEV - GGAL - 24hs,6880.0,2025-05-09 18:45:48,256,2025-05-09 18:45:48.477,6860.0,14430,6850.0,1786,6840.0,22151,6830.0,15673,6820.0,3535,6880.0,15000,6890.0,24611,6900.0,9824,6910.0,6831,6920.0,11471,2025-05-09 18:45:48.391,,2147483647,1488499,True,offer
11680,1892846,1613060200,MERV - XMEV - GGAL - 24hs,6880.0,2025-05-09 18:45:48,256,2025-05-09 18:45:48.979,6860.0,14430,6850.0,1786,6840.0,22151,6830.0,15673,6820.0,3535,6880.0,14744,6890.0,24611,6900.0,9824,6910.0,6831,6920.0,11471,2025-05-09 18:45:48.892,,2147483647,1488499,False,nan
11681,1892922,1613060304,MERV - XMEV - GGAL - 24hs,6880.0,2025-05-09 18:45:48,256,2025-05-09 18:45:49.507,6860.0,14430,6850.0,1786,6840.0,22151,6830.0,15673,6820.0,3535,6880.0,14744,6890.0,24611,6900.0,9824,6910.0,6831,6920.0,11471,2025-05-09 18:45:49.392,,2147483647,1488755,False,nan
11682,1893141,1613060663,MERV - XMEV - GGAL - 24hs,6860.0,2025-05-09 18:45:51,36,2025-05-09 18:45:51.538,6860.0,14430,6850.0,1786,6840.0,22151,6830.0,15673,6820.0,3535,6880.0,14744,6890.0,24611,6900.0,9824,6910.0,6831,6920.0,11471,2025-05-09 18:45:51.452,,2147483647,1488755,True,bid
11683,1893187,1613060725,MERV - XMEV - GGAL - 24hs,6860.0,2025-05-09 18:45:51,36,2025-05-09 18:45:52.207,6860.0,14394,6850.0,1786,6840.0,22151,6830.0,15673,6820.0,3535,6880.0,14744,6890.0,24611,6900.0,9824,6910.0,6831,6920.0,11471,2025-05-09 18:45:52.117,,2147483647,1488755,False,nan
11684,1893215,1613060781,MERV - XMEV - GGAL - 24hs,6860.0,2025-05-09 18:45:51,36,2025-05-09 18:45:52.703,6860.0,14394,6850.0,1786,6840.0,22151,6830.0,15673,6820.0,3535,6880.0,14744,6890.0,24611,6900.0,9824,6910.0,6831,6920.0,11471,2025-05-09 18:45:52.617,,2147483647,1488791,False,nan
11685,1893327,1613060939,MERV - XMEV - GGAL - 24hs,6880.0,2025-05-09 18:45:54,83,2025-05-09 18:45:54.272,6860.0,14394,6850.0,1786,6840.0,22151,6830.0,15673,6820.0,3535,6880.0,14744,6890.0,24611,6900.0,9824,6910.0,6831,6920.0,11471,2025-05-09 18:45:54.186,,2147483647,1488791,True,offer
11686,1893388,1613061019,MERV - XMEV - GGAL - 24hs,6880.0,2025-05-09 18:45:54,83,2025-05-09 18:45:54.937,6860.0,14394,6850.0,1786,6840.0,22151,6830.0,15673,6820.0,3535,6880.0,14661,6890.0,24611,6900.0,9824,6910.0,6831,6920.0,11471,2025-05-09 18:45:54.851,,2147483647,1488791,False,nan
11687,1893420,1613061056,MERV - XMEV - GGAL - 24hs,6880.0,2025-05-09 18:45:54,83,2025-05-09 18:45:55.438,6860.0,14394,6850.0,1786,6840.0,22151,6830.0,15673,6820.0,3535,6880.0,14661,6890.0,24611,6900.0,9824,6910.0,6831,6920.0,11471,2025-05-09 18:45:55.352,,2147483647,1488874,False,nan
11688,1893648,1613061341,MERV - XMEV - GGAL - 24hs,6860.0,2025-05-09 18:45:57,812,2025-05-09 18:45:58.061,6860.0,14394,6850.0,1786,6840.0,22151,6830.0,15673,6820.0,3535,6880.0,14661,6890.0,24611,6900.0,9824,6910.0,6831,6920.0,11471,2025-05-09 18:45:57.975,,2147483647,1488874,True,bid
11689,1893685,1613061383,MERV - XMEV - GGAL - 24hs,6860.0,2025-05-09 18:45:57,812,2025-05-09 18:45:58.561,6860.0,13582,6850.0,1786,6840.0,22151,6830.0,15673,6820.0,3535,6880.0,14661,6890.0,24611,6900.0,9824,6910.0,6831,6920.0,11471,2025-05-09 18:45:58.474,,2147483647,1488874,False,nan
11690,1893736,1613061448,MERV - XMEV - GGAL - 24hs,6860.0,2025-05-09 18:45:57,812,2025-05-09 18:45:59.062,6860.0,13582,6850.0,1786,6840.0,22151,6830.0,15673,6820.0,3535,6880.0,14661,6890.0,24611,6900.0,9824,6910.0,6831,6920.0,11471,2025-05-09 18:45:58.975,,2147483647,1489686,False,nan
11691,1893775,1613061519,MERV - XMEV - GGAL - 24hs,6880.0,2025-05-09 18:45:59,67,2025-05-09 18:45:59.596,6860.0,13582,6850.0,1786,6840.0,22151,6830.0,15673,6820.0,3535,6880.0,14661,6890.0,24611,6900.0,9824,6910.0,6831,6920.0,11471,2025-05-09 18:45:59.481,,2147483647,1489686,True,offer
11692,1893828,1613061596,MERV - XMEV - GGAL - 24hs,6880.0,2025-05-09 18:45:59,67,2025-05-09 18:46:00.107,6860.0,13582,6850.0,1786,6840.0,22151,6830.0,15673,6820.0,3535,6880.0,14594,6890.0,24611,6900.0,9824,6910.0,6831,6920.0,11471,2025-05-09 18:46:00.016,,2147483647,1489686,False,nan
11693,1893877,1613061656,MERV - XMEV - GGAL - 24hs,6880.0,2025-05-09 18:45:59,67,2025-05-09 18:46:00.601,6860.0,13582,6850.0,1786,6840.0,22151,6830.0,15673,6820.0,3535,6880.0,14594,6890.0,24611,6900.0,9824,6910.0,6831,6920.0,11471,2025-05-09 18:46:00.516,,2147483647,1489753,False,nan
11694,1894213,1613062146,MERV - XMEV - GGAL - 24hs,6880.0,2025-05-09 18:45:59,67,2025-05-09 18:46:04.499,6860.0,13582,6850.0,1786,6840.0,22151,6830.0,15673,6820.0,3435,6880.0,14594,6890.0,24611,6900.0,9824,6910.0,6831,6920.0,11471,2025-05-09 18:46:04.408,,2147483647,1489753,False,nan
11695,1894476,1613062506,MERV - XMEV - GGAL - 24hs,6880.0,2025-05-09 18:45:59,67,2025-05-09 18:46:08.112,6860.0,13582,6850.0,1786,6840.0,22151,6830.0,15673,6820.0,3435,6880.0,14594,6890.0,14611,6900.0,19824,6910.0,6831,6920.0,11471,2025-05-09 18:46:08.019,,2147483647,1489753,False,nan
11696,1894928,1613063097,MERV - XMEV - GGAL - 24hs,6860.0,2025-05-09 18:46:12,34,2025-05-09 18:46:12.491,6860.0,13582,6850.0,1786,6840.0,22151,6830.0,15673,6820.0,3435,6880.0,14594,6890.0,14611,6900.0,19824,6910.0,6831,6920.0,11471,2025-05-09 18:46:12.406,,2147483647,1489753,True,bid
11697,1894962,1613063135,MERV - XMEV - GGAL - 24hs,6860.0,2025-05-09 18:46:12,34,2025-05-09 18:46:12.991,6860.0,13548,6850.0,1786,6840.0,22151,6830.0,15673,6820.0,3435,6880.0,14594,6890.0,14611,6900.0,19824,6910.0,6831,6920.0,11471,2025-05-09 18:46:12.905,,2147483647,1489753,False,nan
11698,1895012,1613063195,MERV - XMEV - GGAL - 24hs,6860.0,2025-05-09 18:46:12,34,2025-05-09 18:46:13.492,6860.0,13548,6850.0,1786,6840.0,22151,6830.0,15673,6820.0,3435,6880.0,14594,6890.0,14611,6900.0,19824,6910.0,6831,6920.0,11471,2025-05-09 18:46:13.405,,2147483647,1489787,False,nan
11699,1895131,1613063342,MERV - XMEV - GGAL - 24hs,6860.0,2025-05-09 18:46:14,85,2025-05-09 18:46:14.995,6860.0,13548,6850.0,1786,6840.0,22151,6830.0,15673,6820.0,3435,6880.0,14594,6890.0,14611,6900.0,19824,6910.0,6831,6920.0,11471,2025-05-09 18:46:14.908,,2147483647,1489787,True,bid
11700,1895163,1613063391,MERV - XMEV - GGAL - 24hs,6880.0,2025-05-09 18:46:15,2,2025-05-09 18:46:15.495,6860.0,13463,6850.0,1786,6840.0,22151,6830.0,15673,6820.0,3435,6880.0,14594,6890.0,14611,6900.0,19824,6910.0,6831,6920.0,11471,2025-05-09 18:46:15.409,,2147483647,1489872,True,offer
11701,1895266,1613063519,MERV - XMEV - GGAL - 24hs,6880.0,2025-05-09 18:46:15,2,2025-05-09 18:46:15.994,6860.0,13463,6850.0,1786,6840.0,22151,6830.0,15673,6820.0,3435,6880.0,14592,6890.0,14611,6900.0,19824,6910.0,6831,6920.0,11471,2025-05-09 18:46:15.908,,2147483647,1489874,False,nan
11702,1895314,1613063579,MERV - XMEV - GGAL - 24hs,6880.0,2025-05-09 18:46:15,2,2025-05-09 18:46:16.494,6860.0,13463,6850.0,1786,6840.0,22080,6830.0,15673,6820.0,3435,6880.0,14592,6890.0,14611,6900.0,19824,6910.0,6831,6920.0,11471,2025-05-09 18:46:16.408,,2147483647,1489874,False,nan
11703,1895496,1613063794,MERV - XMEV - GGAL - 24hs,6860.0,2025-05-09 18:46:18,29,2025-05-09 18:46:18.137,6860.0,13463,6850.0,1786,6840.0,22080,6830.0,15673,6820.0,3435,6880.0,14592,6890.0,14611,6900.0,19824,6910.0,6831,6920.0,11471,2025-05-09 18:46:18.050,,2147483647,1489874,True,bid
11704,1895541,1613063848,MERV - XMEV - GGAL - 24hs,6860.0,2025-05-09 18:46:18,29,2025-05-09 18:46:18.801,6860.0,13434,6850.0,1786,6840.0,22080,6830.0,15673,6820.0,3435,6880.0,14592,6890.0,24611,6900.0,9824,6910.0,6831,6920.0,11471,2025-05-09 18:46:18.716,,2147483647,1489874,False,nan
11705,1895571,1613063904,MERV - XMEV - GGAL - 24hs,6860.0,2025-05-09 18:46:18,29,2025-05-09 18:46:19.304,6860.0,13434,6850.0,1786,6840.0,22080,6830.0,15673,6820.0,3435,6880.0,14592,6890.0,24611,6900.0,9824,6910.0,6831,6920.0,11471,2025-05-09 18:46:19.219,,2147483647,1489903,False,nan
11706,1895733,1613064117,MERV - XMEV - GGAL - 24hs,6860.0,2025-05-09 18:46:22,14,2025-05-09 18:46:22.519,6860.0,13434,6850.0,1786,6840.0,22080,6830.0,15673,6820.0,3435,6880.0,14592,6890.0,24611,6900.0,9824,6910.0,6831,6920.0,11471,2025-05-09 18:46:22.303,,2147483647,1489903,True,bid
11707,1895778,1613064179,MERV - XMEV - GGAL - 24hs,6860.0,2025-05-09 18:46:22,14,2025-05-09 18:46:22.807,6860.0,13420,6850.0,1786,6840.0,22080,6830.0,15673,6820.0,3435,6880.0,14592,6890.0,24611,6900.0,9824,6910.0,6831,6920.0,11471,2025-05-09 18:46:22.709,,2147483647,1489903,False,nan
11708,1895818,1613064240,MERV - XMEV - GGAL - 24hs,6860.0,2025-05-09 18:46:22,14,2025-05-09 18:46:23.301,6860.0,13420,6850.0,1786,6840.0,22080,6830.0,15673,6820.0,3435,6880.0,14592,6890.0,24611,6900.0,9824,6910.0,6831,6920.0,11471,2025-05-09 18:46:23.210,,2147483647,1489917,False,nan
11709,1895854,1613064286,MERV - XMEV - GGAL - 24hs,6860.0,2025-05-09 18:46:23,3,2025-05-09 18:46:23.795,6860.0,13420,6850.0,1786,6840.0,22080,6830.0,15673,6820.0,3435,6880.0,14592,6890.0,24611,6900.0,9824,6910.0,6831,6920.0,11471,2025-05-09 18:46:23.709,,2147483647,1489917,True,bid
11710,1895899,1613064345,MERV - XMEV - GGAL - 24hs,6860.0,2025-05-09 18:46:23,3,2025-05-09 18:46:24.295,6860.0,13417,6850.0,1786,6840.0,22080,6830.0,15673,6820.0,3435,6880.0,14592,6890.0,24611,6900.0,9824,6910.0,6831,6920.0,11471,2025-05-09 18:46:24.209,,2147483647,1489920,False,nan
11711,1896112,1613064607,MERV - XMEV - GGAL - 24hs,6860.0,2025-05-09 18:46:27,54,2025-05-09 18:46:27.368,6860.0,13417,6850.0,1786,6840.0,22080,6830.0,15673,6820.0,3435,6880.0,14592,6890.0,24611,6900.0,9824,6910.0,6831,6920.0,11471,2025-05-09 18:46:27.277,,2147483647,1489920,True,bid
11712,1896165,1613064672,MERV - XMEV - GGAL - 24hs,6860.0,2025-05-09 18:46:27,54,2025-05-09 18:46:28.029,6860.0,13363,6850.0,1786,6840.0,22080,6830.0,15673,6820.0,3435,6880.0,14592,6890.0,24611,6900.0,9824,6910.0,6831,6920.0,11471,2025-05-09 18:46:27.939,,2147483647,1489920,False,nan
11713,1896207,1613064727,MERV - XMEV - GGAL - 24hs,6860.0,2025-05-09 18:46:27,54,2025-05-09 18:46:28.529,6860.0,13363,6850.0,1786,6840.0,22080,6830.0,15673,6820.0,3435,6880.0,14592,6890.0,24611,6900.0,9824,6910.0,6831,6920.0,11471,2025-05-09 18:46:28.439,,2147483647,1489974,False,nan
11714,1896389,1613064950,MERV - XMEV - GGAL - 24hs,6860.0,2025-05-09 18:46:30,153,2025-05-09 18:46:30.428,6860.0,13363,6850.0,1786,6840.0,22080,6830.0,15673,6820.0,3435,6880.0,14592,6890.0,24611,6900.0,9824,6910.0,6831,6920.0,11471,2025-05-09 18:46:30.338,,2147483647,1489974,True,bid
11715,1896459,1613065044,MERV - XMEV - GGAL - 24hs,6860.0,2025-05-09 18:46:30,153,2025-05-09 18:46:30.924,6860.0,13210,6850.0,1786,6840.0,22080,6830.0,15673,6820.0,3435,6880.0,14592,6890.0,24611,6900.0,9824,6910.0,6831,6920.0,11471,2025-05-09 18:46:30.838,,2147483647,1489974,False,nan
11716,1896538,1613065166,MERV - XMEV - GGAL - 24hs,6860.0,2025-05-09 18:46:30,153,2025-05-09 18:46:31.428,6860.0,13210,6850.0,1786,6840.0,22080,6830.0,15673,6820.0,3435,6880.0,14592,6890.0,24611,6900.0,9824,6910.0,6831,6920.0,11471,2025-05-09 18:46:31.338,,2147483647,1490127,False,nan
11717,1896660,1613065327,MERV - XMEV - GGAL - 24hs,6860.0,2025-05-09 18:46:32,18,2025-05-09 18:46:32.412,6860.0,13210,6850.0,1786,6840.0,22080,6830.0,15673,6820.0,3435,6880.0,14592,6890.0,24611,6900.0,9824,6910.0,6831,6920.0,11471,2025-05-09 18:46:32.320,,2147483647,1490127,True,bid
11718,1896714,1613065393,MERV - XMEV - GGAL - 24hs,6860.0,2025-05-09 18:46:32,18,2025-05-09 18:46:33.076,6860.0,13192,6850.0,1786,6840.0,22080,6830.0,15673,6820.0,3435,6880.0,14592,6890.0,24611,6900.0,9824,6910.0,6831,6920.0,11471,2025-05-09 18:46:32.980,,2147483647,1490127,False,nan
11719,1896766,1613065466,MERV - XMEV - GGAL - 24hs,6860.0,2025-05-09 18:46:32,18,2025-05-09 18:46:33.566,6860.0,13192,6850.0,1786,6840.0,22080,6830.0,15673,6820.0,3435,6880.0,14592,6890.0,24611,6900.0,9824,6910.0,6831,6920.0,11471,2025-05-09 18:46:33.480,,2147483647,1490145,False,nan
11720,1896868,1613065616,MERV - XMEV - GGAL - 24hs,6860.0,2025-05-09 18:46:32,18,2025-05-09 18:46:35.035,6860.0,13192,6850.0,1786,6840.0,22080,6830.0,15673,6820.0,3435,6880.0,14592,6890.0,14348,6900.0,9824,6910.0,6831,6920.0,11471,2025-05-09 18:46:34.943,,2147483647,1490145,False,nan
11721,1897091,1613065929,MERV - XMEV - GGAL - 24hs,6860.0,2025-05-09 18:46:37,70,2025-05-09 18:46:38.271,6860.0,13192,6850.0,1786,6840.0,22080,6830.0,15673,6820.0,3435,6880.0,14592,6890.0,14348,6900.0,9824,6910.0,6831,6920.0,11471,2025-05-09 18:46:38.075,,2147483647,1490145,True,bid
11722,1897156,1613066020,MERV - XMEV - GGAL - 24hs,6860.0,2025-05-09 18:46:37,70,2025-05-09 18:46:38.551,6860.0,13122,6850.0,1786,6840.0,22080,6830.0,15673,6820.0,3435,6880.0,14592,6890.0,14348,6900.0,9824,6910.0,6831,6920.0,11471,2025-05-09 18:46:38.220,,2147483647,1490145,False,nan
11723,1897202,1613066078,MERV - XMEV - GGAL - 24hs,6860.0,2025-05-09 18:46:37,70,2025-05-09 18:46:38.807,6860.0,13122,6850.0,1786,6840.0,22080,6830.0,15673,6820.0,3435,6880.0,14592,6890.0,14348,6900.0,9824,6910.0,6831,6920.0,11471,2025-05-09 18:46:38.721,,2147483647,1490215,False,nan
11724,1897462,1613066439,MERV - XMEV - GGAL - 24hs,6860.0,2025-05-09 18:46:41,3,2025-05-09 18:46:42.020,6860.0,13122,6850.0,1786,6840.0,22080,6830.0,15673,6820.0,3435,6880.0,14592,6890.0,14348,6900.0,9824,6910.0,6831,6920.0,11471,2025-05-09 18:46:41.934,,2147483647,1490215,True,bid
11725,1897511,1613066500,MERV - XMEV - GGAL - 24hs,6860.0,2025-05-09 18:46:41,3,2025-05-09 18:46:42.683,6860.0,13119,6850.0,1786,6840.0,22080,6830.0,15673,6820.0,3435,6880.0,14592,6890.0,14348,6900.0,9824,6910.0,6831,6920.0,11471,2025-05-09 18:46:42.598,,2147483647,1490215,False,nan
11726,1897546,1613066546,MERV - XMEV - GGAL - 24hs,6860.0,2025-05-09 18:46:41,3,2025-05-09 18:46:43.184,6860.0,13119,6850.0,1786,6840.0,22080,6830.0,15673,6820.0,3435,6880.0,14592,6890.0,14348,6900.0,9824,6910.0,6831,6920.0,11471,2025-05-09 18:46:43.099,,2147483647,1490218,False,nan
11727,1897590,1613066603,MERV - XMEV - GGAL - 24hs,6860.0,2025-05-09 18:46:43,3,2025-05-09 18:46:43.684,6860.0,13119,6850.0,1736,6840.0,22130,6830.0,15673,6820.0,3435,6880.0,14592,6890.0,14348,6900.0,9824,6910.0,6831,6920.0,11471,2025-05-09 18:46:43.599,,2147483647,1490218,True,bid
11728,1897632,1613066654,MERV - XMEV - GGAL - 24hs,6860.0,2025-05-09 18:46:43,3,2025-05-09 18:46:44.345,6860.0,13116,6850.0,1736,6840.0,22130,6830.0,15673,6820.0,3435,6880.0,14592,6890.0,14348,6900.0,9824,6910.0,6831,6920.0,11471,2025-05-09 18:46:44.256,,2147483647,1490218,False,nan
11729,1897678,1613066711,MERV - XMEV - GGAL - 24hs,6860.0,2025-05-09 18:46:43,3,2025-05-09 18:46:44.855,6860.0,13116,6850.0,1736,6840.0,22130,6830.0,15673,6820.0,3435,6880.0,14592,6890.0,14348,6900.0,9824,6910.0,6831,6920.0,11471,2025-05-09 18:46:44.757,,2147483647,1490221,False,nan
11730,1897997,1613067085,MERV - XMEV - GGAL - 24hs,6860.0,2025-05-09 18:46:43,3,2025-05-09 18:46:47.065,6860.0,13040,6850.0,1736,6840.0,22476,6830.0,15673,6820.0,3442,6870.0,1337,6880.0,14592,6890.0,13011,6900.0,9824,6910.0,6831,2025-05-09 18:46:46.972,,2147483647,1490221,False,nan
11731,1898051,1613067147,MERV - XMEV - GGAL - 24hs,6860.0,2025-05-09 18:46:47,3,2025-05-09 18:46:47.560,6860.0,13040,6850.0,1736,6840.0,22476,6830.0,15673,6820.0,3442,6870.0,1337,6880.0,14592,6890.0,13011,6900.0,9824,6910.0,6831,2025-05-09 18:46:47.474,,2147483647,1490221,True,bid
11732,1898092,1613067199,MERV - XMEV - GGAL - 24hs,6870.0,2025-05-09 18:46:47,3,2025-05-09 18:46:48.063,6860.0,13040,6850.0,1736,6840.0,22476,6830.0,15673,6820.0,3442,6870.0,1337,6880.0,14592,6890.0,13011,6900.0,9824,6910.0,6831,2025-05-09 18:46:47.973,,2147483647,1490224,False,nan
11733,1898170,1613067288,MERV - XMEV - GGAL - 24hs,6870.0,2025-05-09 18:46:47,3,2025-05-09 18:46:48.560,6860.0,13037,6850.0,1736,6840.0,22476,6830.0,15673,6820.0,3442,6870.0,1334,6880.0,14592,6890.0,13011,6900.0,9824,6910.0,6831,2025-05-09 18:46:48.472,,2147483647,1490227,False,nan
11734,1898424,1613067614,MERV - XMEV - GGAL - 24hs,6870.0,2025-05-09 18:46:47,3,2025-05-09 18:46:49.868,6860.0,13037,6850.0,1236,6840.0,22476,6830.0,15673,6820.0,3442,6870.0,1334,6880.0,14592,6890.0,13011,6900.0,9824,6910.0,6831,2025-05-09 18:46:49.425,,2147483647,1490227,False,nan
11735,1898477,1613067707,MERV - XMEV - GGAL - 24hs,6870.0,2025-05-09 18:46:49,47,2025-05-09 18:46:50.164,6860.0,13037,6850.0,1236,6840.0,22476,6830.0,15673,6820.0,3442,6870.0,1334,6880.0,14592,6890.0,13011,6900.0,9824,6910.0,6831,2025-05-09 18:46:50.063,,2147483647,1490227,True,offer
11736,1898545,1613067790,MERV - XMEV - GGAL - 24hs,6870.0,2025-05-09 18:46:49,47,2025-05-09 18:46:51.407,6860.0,13037,6850.0,1236,6840.0,22476,6830.0,15673,6820.0,3442,6870.0,1287,6880.0,14592,6890.0,13011,6900.0,9824,6910.0,6831,2025-05-09 18:46:51.306,,2147483647,1490227,False,nan
11737,1898605,1613067872,MERV - XMEV - GGAL - 24hs,6870.0,2025-05-09 18:46:49,47,2025-05-09 18:46:51.895,6860.0,13037,6850.0,1236,6840.0,22476,6830.0,15673,6820.0,3442,6870.0,1287,6880.0,14592,6890.0,13011,6900.0,9824,6910.0,6831,2025-05-09 18:46:51.807,,2147483647,1490274,False,nan
11738,1898961,1613068324,MERV - XMEV - GGAL - 24hs,6860.0,2025-05-09 18:46:55,30,2025-05-09 18:46:55.737,6860.0,13037,6850.0,1236,6840.0,22476,6830.0,15673,6820.0,3442,6870.0,1287,6880.0,14592,6890.0,13011,6900.0,9824,6910.0,6831,2025-05-09 18:46:55.651,,2147483647,1490274,True,bid
11739,1899015,1613068396,MERV - XMEV - GGAL - 24hs,6860.0,2025-05-09 18:46:55,30,2025-05-09 18:46:56.410,6860.0,13007,6850.0,1236,6840.0,22465,6830.0,15673,6820.0,3442,6870.0,1287,6880.0,14592,6890.0,13011,6900.0,9824,6910.0,6831,2025-05-09 18:46:56.324,,2147483647,1490274,False,nan
11740,1899104,1613068512,MERV - XMEV - GGAL - 24hs,6860.0,2025-05-09 18:46:55,30,2025-05-09 18:46:56.910,6860.0,13007,6850.0,1236,6840.0,22465,6830.0,15673,6820.0,3442,6870.0,1287,6880.0,14592,6890.0,13011,6900.0,9824,6910.0,6831,2025-05-09 18:46:56.824,,2147483647,1490304,False,nan
11741,1899254,1613068701,MERV - XMEV - GGAL - 24hs,6870.0,2025-05-09 18:46:58,14,2025-05-09 18:46:58.693,6860.0,13007,6850.0,1236,6840.0,22465,6830.0,15673,6820.0,3442,6870.0,1287,6880.0,14592,6890.0,13011,6900.0,9824,6910.0,6831,2025-05-09 18:46:58.606,,2147483647,1490304,True,offer
11742,1899302,1613068757,MERV - XMEV - GGAL - 24hs,6870.0,2025-05-09 18:46:58,14,2025-05-09 18:46:59.359,6860.0,13007,6850.0,1236,6840.0,22465,6830.0,15673,6820.0,3442,6870.0,1273,6880.0,14592,6890.0,13011,6900.0,9824,6910.0,6831,2025-05-09 18:46:59.271,,2147483647,1490304,False,nan
11743,1899343,1613068804,MERV - XMEV - GGAL - 24hs,6870.0,2025-05-09 18:46:58,14,2025-05-09 18:46:59.862,6860.0,13007,6850.0,1236,6840.0,22465,6830.0,15673,6820.0,3442,6870.0,1273,6880.0,14592,6890.0,13011,6900.0,9824,6910.0,6831,2025-05-09 18:46:59.772,,2147483647,1490318,False,nan
11744,1899680,1613069233,MERV - XMEV - GGAL - 24hs,6860.0,2025-05-09 18:47:03,1555,2025-05-09 18:47:03.923,6860.0,13007,6850.0,1236,6840.0,22465,6830.0,15673,6820.0,3442,6870.0,1273,6880.0,14592,6890.0,13011,6900.0,9824,6910.0,6831,2025-05-09 18:47:03.837,,2147483647,1490318,True,bid
11745,1899730,1613069313,MERV - XMEV - GGAL - 24hs,6860.0,2025-05-09 18:47:03,1555,2025-05-09 18:47:04.611,6860.0,11452,6850.0,1236,6840.0,22812,6830.0,15673,6820.0,3442,6870.0,1273,6880.0,14592,6890.0,13011,6900.0,9824,6910.0,6831,2025-05-09 18:47:04.517,,2147483647,1490318,False,nan
11746,1899775,1613069388,MERV - XMEV - GGAL - 24hs,6860.0,2025-05-09 18:47:03,1555,2025-05-09 18:47:05.103,6860.0,11452,6850.0,1236,6840.0,22812,6830.0,15673,6820.0,3442,6870.0,1273,6880.0,14592,6890.0,13011,6900.0,9824,6910.0,6831,2025-05-09 18:47:05.017,,2147483647,1491873,False,nan
11747,1899822,1613069451,MERV - XMEV - GGAL - 24hs,6870.0,2025-05-09 18:47:05,1,2025-05-09 18:47:05.602,6860.0,11452,6850.0,1236,6840.0,22812,6830.0,15673,6820.0,3442,6870.0,1273,6880.0,14592,6890.0,13011,6900.0,9824,6910.0,6831,2025-05-09 18:47:05.517,,2147483647,1491873,True,offer
11748,1899848,1613069488,MERV - XMEV - GGAL - 24hs,6870.0,2025-05-09 18:47:05,1,2025-05-09 18:47:06.102,6860.0,11452,6850.0,1236,6840.0,22800,6830.0,15673,6820.0,3442,6870.0,1272,6880.0,14592,6890.0,13011,6900.0,9824,6910.0,6831,2025-05-09 18:47:06.016,,2147483647,1491874,False,nan
11749,1900079,1613069781,MERV - XMEV - GGAL - 24hs,6870.0,2025-05-09 18:47:09,1252,2025-05-09 18:47:09.336,6860.0,11452,6850.0,1236,6840.0,22800,6830.0,15673,6820.0,3442,6870.0,1272,6880.0,14592,6890.0,13011,6900.0,9824,6910.0,6831,2025-05-09 18:47:09.229,,2147483647,1491874,True,offer
11750,1900128,1613069849,MERV - XMEV - GGAL - 24hs,6870.0,2025-05-09 18:47:09,1252,2025-05-09 18:47:09.816,6860.0,11452,6850.0,1236,6840.0,22800,6830.0,15673,6820.0,3442,6870.0,20,6880.0,14592,6890.0,13011,6900.0,9824,6910.0,6831,2025-05-09 18:47:09.730,,2147483647,1491874,False,nan
11751,1900164,1613069899,MERV - XMEV - GGAL - 24hs,6870.0,2025-05-09 18:47:09,1252,2025-05-09 18:47:10.315,6860.0,11452,6850.0,1236,6840.0,22800,6830.0,15673,6820.0,3442,6870.0,20,6880.0,14592,6890.0,13011,6900.0,9824,6910.0,6831,2025-05-09 18:47:10.229,,2147483647,1493126,False,nan
11752,1900194,1613069941,MERV - XMEV - GGAL - 24hs,6860.0,2025-05-09 18:47:10,150,2025-05-09 18:47:10.821,6860.0,11452,6850.0,1236,6840.0,22800,6830.0,15673,6820.0,3442,6870.0,20,6880.0,14592,6890.0,13011,6900.0,9824,6910.0,6831,2025-05-09 18:47:10.731,,2147483647,1493126,True,bid
11753,1900240,1613069998,MERV - XMEV - GGAL - 24hs,6860.0,2025-05-09 18:47:10,150,2025-05-09 18:47:11.315,6860.0,11302,6850.0,1236,6840.0,22800,6830.0,15673,6820.0,3442,6870.0,20,6880.0,14592,6890.0,13011,6900.0,9824,6910.0,6831,2025-05-09 18:47:11.229,,2147483647,1493276,False,nan
11754,1900274,1613070036,MERV - XMEV - GGAL - 24hs,6860.0,2025-05-09 18:47:11,4000,2025-05-09 18:47:11.819,6860.0,11302,6850.0,1236,6840.0,22800,6830.0,15673,6820.0,3442,6870.0,20,6880.0,14592,6890.0,13011,6900.0,9824,6910.0,6831,2025-05-09 18:47:11.729,,2147483647,1493276,True,bid
11755,1900325,1613070101,MERV - XMEV - GGAL - 24hs,6860.0,2025-05-09 18:47:11,4000,2025-05-09 18:47:12.327,6860.0,7302,6850.0,1236,6840.0,22800,6830.0,15673,6820.0,3442,6870.0,20,6880.0,14592,6890.0,13011,6900.0,9824,6910.0,6831,2025-05-09 18:47:12.229,,2147483647,1497276,False,nan
11756,1900478,1613070300,MERV - XMEV - GGAL - 24hs,6860.0,2025-05-09 18:47:11,4000,2025-05-09 18:47:14.340,6860.0,7302,6850.0,1236,6840.0,22453,6830.0,15673,6820.0,3442,6870.0,20,6880.0,14592,6890.0,13011,6900.0,9824,6910.0,6831,2025-05-09 18:47:14.253,,2147483647,1497276,False,nan
11757,1900508,1613070351,MERV - XMEV - GGAL - 24hs,6880.0,2025-05-09 18:47:14,125,2025-05-09 18:47:14.840,6860.0,7302,6850.0,1236,6840.0,22453,6830.0,15673,6820.0,3442,6870.0,20,6880.0,14592,6890.0,13011,6900.0,9824,6910.0,6831,2025-05-09 18:47:14.754,,2147483647,1497276,True,offer
11758,1900548,1613070408,MERV - XMEV - GGAL - 24hs,6880.0,2025-05-09 18:47:14,125,2025-05-09 18:47:15.343,6860.0,7378,6850.0,1236,6840.0,22453,6830.0,15673,6820.0,3435,6890.0,27478,6900.0,9824,6910.0,6831,6920.0,11471,6930.0,4088,2025-05-09 18:47:15.253,,2147483647,1497421,False,nan
11759,1900705,1613070643,MERV - XMEV - GGAL - 24hs,6880.0,2025-05-09 18:47:14,125,2025-05-09 18:47:17.607,6860.0,7878,6850.0,736,6840.0,22453,6830.0,15673,6820.0,3435,6890.0,27478,6900.0,9824,6910.0,6831,6920.0,11471,6930.0,4088,2025-05-09 18:47:17.514,,2147483647,1497421,False,nan
11760,1901067,1613071100,MERV - XMEV - GGAL - 24hs,6890.0,2025-05-09 18:47:20,10,2025-05-09 18:47:20.938,6860.0,7878,6850.0,736,6840.0,22453,6830.0,15673,6820.0,3435,6890.0,27478,6900.0,9824,6910.0,6831,6920.0,11471,6930.0,4088,2025-05-09 18:47:20.625,,2147483647,1497421,True,offer
11761,1901108,1613071159,MERV - XMEV - GGAL - 24hs,6890.0,2025-05-09 18:47:20,9,2025-05-09 18:47:21.208,6860.0,7878,6850.0,736,6840.0,22453,6830.0,15673,6820.0,3435,6890.0,27478,6900.0,9824,6910.0,6831,6920.0,11471,6930.0,4088,2025-05-09 18:47:21.119,,2147483647,1497421,False,nan
11762,1901170,1613071233,MERV - XMEV - GGAL - 24hs,6860.0,2025-05-09 18:47:21,279,2025-05-09 18:47:21.705,6860.0,7878,6850.0,736,6840.0,22453,6830.0,15673,6820.0,3435,6890.0,27458,6900.0,9824,6910.0,6831,6920.0,11471,6930.0,4088,2025-05-09 18:47:21.619,,2147483647,1497441,True,bid
11763,1901209,1613071278,MERV - XMEV - GGAL - 24hs,6860.0,2025-05-09 18:47:21,279,2025-05-09 18:47:22.838,6860.0,7599,6850.0,736,6840.0,22453,6830.0,15673,6820.0,3435,6890.0,27458,6900.0,9824,6910.0,6831,6920.0,11471,6930.0,4088,2025-05-09 18:47:22.739,,2147483647,1497441,False,nan
11764,1901255,1613071331,MERV - XMEV - GGAL - 24hs,6860.0,2025-05-09 18:47:21,279,2025-05-09 18:47:23.010,6860.0,7599,6850.0,736,6840.0,22453,6830.0,15673,6820.0,3435,6890.0,27458,6900.0,9824,6910.0,6831,6920.0,11471,6930.0,4088,2025-05-09 18:47:22.854,,2147483647,1497720,False,nan
11765,1901488,1613071616,MERV - XMEV - GGAL - 24hs,6860.0,2025-05-09 18:47:25,36,2025-05-09 18:47:25.508,6860.0,7599,6850.0,736,6840.0,22453,6830.0,15673,6820.0,3435,6890.0,27458,6900.0,9824,6910.0,6831,6920.0,11471,6930.0,4088,2025-05-09 18:47:25.422,,2147483647,1497720,True,bid
11766,1901557,1613071698,MERV - XMEV - GGAL - 24hs,6860.0,2025-05-09 18:47:25,36,2025-05-09 18:47:26.239,6860.0,7599,6850.0,736,6840.0,22453,6830.0,15673,6820.0,3435,6890.0,27458,6900.0,9824,6910.0,6831,6920.0,11471,6930.0,4088,2025-05-09 18:47:26.126,,2147483647,1497756,False,nan
11767,1901627,1613071787,MERV - XMEV - GGAL - 24hs,6860.0,2025-05-09 18:47:25,36,2025-05-09 18:47:26.714,6860.0,7563,6850.0,736,6840.0,22800,6830.0,15673,6820.0,3435,6890.0,27458,6900.0,9824,6910.0,6831,6920.0,11471,6930.0,5088,2025-05-09 18:47:26.626,,2147483647,1497756,False,nan
11768,1901669,1613071856,MERV - XMEV - GGAL - 24hs,6860.0,2025-05-09 18:47:25,36,2025-05-09 18:47:27.218,6860.0,7063,6850.0,736,6840.0,22800,6830.0,15673,6820.0,3435,6890.0,27458,6900.0,9824,6910.0,6831,6920.0,11471,6930.0,5088,2025-05-09 18:47:27.126,,2147483647,1497756,False,nan
11769,1901715,1613071919,MERV - XMEV - GGAL - 24hs,6860.0,2025-05-09 18:47:25,36,2025-05-09 18:47:27.787,6860.0,7063,6850.0,986,6840.0,22800,6830.0,15673,6820.0,3435,6890.0,27458,6900.0,9824,6910.0,6831,6920.0,11471,6930.0,5088,2025-05-09 18:47:27.691,,2147483647,1497756,False,nan
11770,1902123,1613072458,MERV - XMEV - GGAL - 24hs,6860.0,2025-05-09 18:47:25,36,2025-05-09 18:47:32.630,6860.0,7063,6850.0,986,6840.0,22800,6830.0,15673,6820.0,3435,6880.0,3000,6890.0,27458,6900.0,9824,6910.0,6831,6920.0,11471,2025-05-09 18:47:32.538,,2147483647,1497756,False,nan
11771,1902301,1613072677,MERV - XMEV - GGAL - 24hs,6860.0,2025-05-09 18:47:25,36,2025-05-09 18:47:34.550,6860.0,6563,6850.0,1986,6840.0,22800,6830.0,15673,6820.0,3435,6880.0,3000,6890.0,27458,6900.0,9824,6910.0,6831,6920.0,11471,2025-05-09 18:47:34.439,,2147483647,1497756,False,nan
11772,1903079,1613073758,MERV - XMEV - GGAL - 24hs,6860.0,2025-05-09 18:47:41,155,2025-05-09 18:47:41.791,6860.0,6563,6850.0,1986,6840.0,22800,6830.0,15673,6820.0,3435,6880.0,3000,6890.0,27458,6900.0,9824,6910.0,6831,6920.0,11471,2025-05-09 18:47:41.700,,2147483647,1497756,True,bid
11773,1903124,1613073811,MERV - XMEV - GGAL - 24hs,6860.0,2025-05-09 18:47:41,155,2025-05-09 18:47:42.519,6860.0,6408,6850.0,1986,6840.0,22800,6830.0,15673,6820.0,3435,6880.0,3000,6890.0,27458,6900.0,9824,6910.0,6831,6920.0,11471,2025-05-09 18:47:42.418,,2147483647,1497756,False,nan
11774,1903222,1613073940,MERV - XMEV - GGAL - 24hs,6860.0,2025-05-09 18:47:42,51,2025-05-09 18:47:43.004,6860.0,6408,6850.0,1986,6840.0,22800,6830.0,15673,6820.0,3435,6880.0,3000,6890.0,27458,6900.0,9824,6910.0,6831,6920.0,11471,2025-05-09 18:47:42.918,,2147483647,1497911,True,bid
11775,1903255,1613073982,MERV - XMEV - GGAL - 24hs,6860.0,2025-05-09 18:47:42,51,2025-05-09 18:47:43.503,6860.0,6357,6850.0,1986,6840.0,22800,6830.0,15673,6820.0,3435,6880.0,3000,6890.0,27458,6900.0,9824,6910.0,6831,6920.0,11471,2025-05-09 18:47:43.418,,2147483647,1497911,False,nan
11776,1903319,1613074070,MERV - XMEV - GGAL - 24hs,6860.0,2025-05-09 18:47:42,51,2025-05-09 18:47:44.002,6860.0,6357,6850.0,1986,6840.0,22800,6830.0,15673,6820.0,3435,6880.0,3000,6890.0,27458,6900.0,9824,6910.0,6831,6920.0,11471,2025-05-09 18:47:43.917,,2147483647,1497962,False,nan
11777,1903390,1613074165,MERV - XMEV - GGAL - 24hs,6880.0,2025-05-09 18:47:45,1,2025-05-09 18:47:45.245,6860.0,6357,6850.0,1986,6840.0,22800,6830.0,15673,6820.0,3435,6880.0,3000,6890.0,27458,6900.0,9824,6910.0,6831,6920.0,11471,2025-05-09 18:47:45.158,,2147483647,1497962,True,offer
11778,1903436,1613074234,MERV - XMEV - GGAL - 24hs,6880.0,2025-05-09 18:47:45,1,2025-05-09 18:47:45.831,6860.0,6357,6850.0,2486,6840.0,22800,6830.0,15673,6820.0,3435,6880.0,2999,6890.0,27458,6900.0,9824,6910.0,6831,6920.0,11471,2025-05-09 18:47:45.706,,2147483647,1497962,False,nan
11779,1903470,1613074278,MERV - XMEV - GGAL - 24hs,6880.0,2025-05-09 18:47:45,1,2025-05-09 18:47:46.292,6860.0,6357,6850.0,2486,6840.0,22800,6830.0,15673,6820.0,3435,6880.0,2999,6890.0,27458,6900.0,9824,6910.0,6831,6920.0,11471,2025-05-09 18:47:46.206,,2147483647,1497963,False,nan
11780,1903661,1613074522,MERV - XMEV - GGAL - 24hs,6880.0,2025-05-09 18:47:45,1,2025-05-09 18:47:48.665,6860.0,6357,6850.0,2486,6840.0,22792,6830.0,15673,6820.0,3435,6880.0,2999,6890.0,27458,6900.0,9824,6910.0,6831,6920.0,11471,2025-05-09 18:47:48.572,,2147483647,1497963,False,nan
11781,1903806,1613074692,MERV - XMEV - GGAL - 24hs,6860.0,2025-05-09 18:47:50,145,2025-05-09 18:47:50.173,6860.0,6357,6850.0,2486,6840.0,22792,6830.0,15673,6820.0,3435,6880.0,2999,6890.0,27458,6900.0,9824,6910.0,6831,6920.0,11471,2025-05-09 18:47:50.086,,2147483647,1497963,True,bid
11782,1903849,1613074744,MERV - XMEV - GGAL - 24hs,6860.0,2025-05-09 18:47:50,45,2025-05-09 18:47:50.778,6860.0,6357,6850.0,2486,6840.0,22792,6830.0,15673,6820.0,3435,6880.0,2999,6890.0,27458,6900.0,9824,6910.0,6831,6920.0,11471,2025-05-09 18:47:50.692,,2147483647,1498108,False,nan
11783,1903897,1613074809,MERV - XMEV - GGAL - 24hs,6860.0,2025-05-09 18:47:50,45,2025-05-09 18:47:51.278,6860.0,6167,6850.0,2486,6840.0,22792,6830.0,15673,6820.0,3435,6880.0,2999,6890.0,27458,6900.0,9824,6910.0,6831,6920.0,11471,2025-05-09 18:47:51.192,,2147483647,1498153,False,nan
11784,1904126,1613075113,MERV - XMEV - GGAL - 24hs,6860.0,2025-05-09 18:47:53,148,2025-05-09 18:47:53.861,6860.0,6167,6850.0,2486,6840.0,22792,6830.0,15673,6820.0,3435,6880.0,2999,6890.0,27458,6900.0,9824,6910.0,6831,6920.0,11471,2025-05-09 18:47:53.769,,2147483647,1498153,True,bid
11785,1904188,1613075208,MERV - XMEV - GGAL - 24hs,6860.0,2025-05-09 18:47:53,148,2025-05-09 18:47:54.544,6860.0,6019,6850.0,2486,6840.0,22792,6830.0,15673,6820.0,3435,6880.0,2999,6890.0,27458,6900.0,9824,6910.0,6831,6920.0,11471,2025-05-09 18:47:54.442,,2147483647,1498153,False,nan
11786,1904243,1613075279,MERV - XMEV - GGAL - 24hs,6860.0,2025-05-09 18:47:53,148,2025-05-09 18:47:55.026,6860.0,6019,6850.0,2486,6840.0,22792,6830.0,15673,6820.0,3435,6880.0,2999,6890.0,27458,6900.0,9824,6910.0,6831,6920.0,11471,2025-05-09 18:47:54.934,,2147483647,1498301,False,nan
11787,1904319,1613075381,MERV - XMEV - GGAL - 24hs,6860.0,2025-05-09 18:47:55,45,2025-05-09 18:47:55.535,6860.0,6019,6850.0,2486,6840.0,22792,6830.0,15673,6820.0,3435,6880.0,2999,6890.0,27458,6900.0,9824,6910.0,6831,6920.0,11471,2025-05-09 18:47:55.439,,2147483647,1498301,True,bid
11788,1904382,1613075456,MERV - XMEV - GGAL - 24hs,6860.0,2025-05-09 18:47:55,45,2025-05-09 18:47:56.019,6860.0,5974,6850.0,2486,6840.0,22792,6830.0,15673,6820.0,3435,6880.0,2999,6890.0,27458,6900.0,9824,6910.0,6831,6920.0,11471,2025-05-09 18:47:55.934,,2147483647,1498346,False,nan
11789,1904528,1613075669,MERV - XMEV - GGAL - 24hs,6860.0,2025-05-09 18:47:55,45,2025-05-09 18:47:57.545,6860.0,5974,6850.0,1486,6840.0,22792,6830.0,15673,6820.0,3435,6880.0,2999,6890.0,27458,6900.0,9824,6910.0,9831,6920.0,11471,2025-05-09 18:47:57.458,,2147483647,1498346,False,nan
11790,1904625,1613075784,MERV - XMEV - GGAL - 24hs,6860.0,2025-05-09 18:47:57,154,2025-05-09 18:47:58.044,6860.0,5974,6850.0,1486,6840.0,22792,6830.0,15673,6820.0,3435,6880.0,2999,6890.0,27458,6900.0,9824,6910.0,9831,6920.0,11471,2025-05-09 18:47:57.958,,2147483647,1498346,True,bid
11791,1904672,1613075841,MERV - XMEV - GGAL - 24hs,6860.0,2025-05-09 18:47:57,154,2025-05-09 18:47:58.544,6860.0,5820,6850.0,1486,6840.0,22792,6830.0,15673,6820.0,3435,6880.0,2999,6890.0,27458,6900.0,9824,6910.0,9831,6920.0,11471,2025-05-09 18:47:58.459,,2147483647,1498500,False,nan
11792,1904716,1613075892,MERV - XMEV - GGAL - 24hs,6860.0,2025-05-09 18:47:59,45,2025-05-09 18:47:59.094,6860.0,5820,6850.0,1486,6840.0,22792,6830.0,15673,6820.0,3435,6880.0,2999,6890.0,27458,6900.0,9824,6910.0,9831,6920.0,11471,2025-05-09 18:47:59.007,,2147483647,1498500,True,bid
11793,1904782,1613075972,MERV - XMEV - GGAL - 24hs,6860.0,2025-05-09 18:47:59,45,2025-05-09 18:47:59.774,6860.0,5775,6850.0,1486,6840.0,22792,6830.0,15673,6820.0,3435,6880.0,2999,6890.0,27458,6900.0,9824,6910.0,9831,6920.0,11471,2025-05-09 18:47:59.668,,2147483647,1498500,False,nan
11794,1904819,1613076017,MERV - XMEV - GGAL - 24hs,6860.0,2025-05-09 18:47:59,45,2025-05-09 18:48:00.256,6860.0,5775,6850.0,1486,6840.0,22792,6830.0,15673,6820.0,3435,6880.0,2999,6890.0,27458,6900.0,9824,6910.0,9831,6920.0,11471,2025-05-09 18:48:00.169,,2147483647,1498545,False,nan
11795,1904885,1613076091,MERV - XMEV - GGAL - 24hs,6860.0,2025-05-09 18:47:59,45,2025-05-09 18:48:00.755,6860.0,5775,6850.0,1486,6840.0,21751,6830.0,15673,6820.0,3435,6880.0,2999,6890.0,27458,6900.0,9824,6910.0,9831,6920.0,11471,2025-05-09 18:48:00.668,,2147483647,1498545,False,nan
11796,1904961,1613076186,MERV - XMEV - GGAL - 24hs,6860.0,2025-05-09 18:48:01,155,2025-05-09 18:48:01.564,6860.0,5775,6850.0,1486,6840.0,21751,6830.0,15673,6820.0,3435,6880.0,2999,6890.0,27458,6900.0,9824,6910.0,9831,6920.0,11471,2025-05-09 18:48:01.475,,2147483647,1498545,True,bid
11797,1905015,1613076256,MERV - XMEV - GGAL - 24hs,6860.0,2025-05-09 18:48:01,45,2025-05-09 18:48:02.067,6860.0,5775,6850.0,1486,6840.0,21751,6830.0,15673,6820.0,3435,6880.0,2999,6890.0,27458,6900.0,9824,6910.0,9831,6920.0,11471,2025-05-09 18:48:01.980,,2147483647,1498700,False,nan
11798,1905109,1613076358,MERV - XMEV - GGAL - 24hs,6860.0,2025-05-09 18:48:01,45,2025-05-09 18:48:02.572,6860.0,5575,6850.0,1486,6840.0,21751,6830.0,15673,6820.0,3435,6880.0,2999,6890.0,27458,6900.0,9824,6910.0,9831,6920.0,11471,2025-05-09 18:48:02.475,,2147483647,1498745,False,nan
11799,1905586,1613076951,MERV - XMEV - GGAL - 24hs,6860.0,2025-05-09 18:48:01,45,2025-05-09 18:48:06.033,6860.0,5575,6850.0,1486,6840.0,22445,6830.0,15673,6820.0,3435,6880.0,2999,6890.0,27458,6900.0,9824,6910.0,9831,6920.0,11471,2025-05-09 18:48:05.944,,2147483647,1498745,False,nan
11800,1905865,1613077334,MERV - XMEV - GGAL - 24hs,6860.0,2025-05-09 18:48:08,51,2025-05-09 18:48:08.597,6860.0,5575,6850.0,1486,6840.0,22445,6830.0,15673,6820.0,3435,6880.0,2999,6890.0,27458,6900.0,9824,6910.0,9831,6920.0,11471,2025-05-09 18:48:08.511,,2147483647,1498745,True,bid
11801,1905959,1613077468,MERV - XMEV - GGAL - 24hs,6860.0,2025-05-09 18:48:08,51,2025-05-09 18:48:09.267,6860.0,5524,6850.0,1486,6840.0,22445,6830.0,15673,6820.0,3435,6880.0,2999,6890.0,27458,6900.0,9824,6910.0,9831,6920.0,11471,2025-05-09 18:48:09.178,,2147483647,1498745,False,nan
11802,1906009,1613077525,MERV - XMEV - GGAL - 24hs,6860.0,2025-05-09 18:48:08,51,2025-05-09 18:48:09.763,6860.0,5524,6850.0,1486,6840.0,22445,6830.0,15673,6820.0,3435,6880.0,2999,6890.0,27458,6900.0,9824,6910.0,9831,6920.0,11471,2025-05-09 18:48:09.678,,2147483647,1498796,False,nan
11803,1906082,1613077623,MERV - XMEV - GGAL - 24hs,6870.0,2025-05-09 18:48:10,26,2025-05-09 18:48:10.635,6860.0,5524,6850.0,1486,6840.0,22445,6830.0,15673,6820.0,3435,6880.0,2999,6890.0,27458,6900.0,9824,6910.0,9831,6920.0,11471,2025-05-09 18:48:10.549,,2147483647,1498796,True,nan
11804,1906143,1613077715,MERV - XMEV - GGAL - 24hs,6870.0,2025-05-09 18:48:10,26,2025-05-09 18:48:11.270,6860.0,5498,6850.0,1486,6840.0,22445,6830.0,15680,6820.0,3435,6870.0,1,6880.0,2999,6890.0,27458,6900.0,9824,6910.0,9831,2025-05-09 18:48:11.184,,2147483647,1498796,False,nan
11805,1906217,1613077826,MERV - XMEV - GGAL - 24hs,6870.0,2025-05-09 18:48:10,26,2025-05-09 18:48:11.771,6860.0,5498,6850.0,1486,6840.0,22445,6830.0,15680,6820.0,3435,6870.0,1,6880.0,2999,6890.0,27458,6900.0,9824,6910.0,9831,2025-05-09 18:48:11.685,,2147483647,1498822,False,nan
11806,1906410,1613078079,MERV - XMEV - GGAL - 24hs,6870.0,2025-05-09 18:48:10,26,2025-05-09 18:48:12.738,6860.0,5498,6850.0,1486,6840.0,22098,6830.0,15680,6820.0,3435,6870.0,1,6880.0,2999,6890.0,27458,6900.0,9824,6910.0,9831,2025-05-09 18:48:12.645,,2147483647,1498822,False,nan
11807,1906489,1613078173,MERV - XMEV - GGAL - 24hs,6860.0,2025-05-09 18:48:12,1000,2025-05-09 18:48:13.231,6860.0,5498,6850.0,1486,6840.0,22098,6830.0,15680,6820.0,3435,6870.0,1,6880.0,2999,6890.0,27458,6900.0,9824,6910.0,9831,2025-05-09 18:48:13.145,,2147483647,1498822,True,bid
11808,1906538,1613078239,MERV - XMEV - GGAL - 24hs,6860.0,2025-05-09 18:48:12,1000,2025-05-09 18:48:13.741,6860.0,4498,6850.0,1486,6840.0,22098,6830.0,15680,6820.0,3435,6880.0,2999,6890.0,27458,6900.0,9824,6910.0,9831,6920.0,11471,2025-05-09 18:48:13.645,,2147483647,1499822,False,nan
11809,1906641,1613078357,MERV - XMEV - GGAL - 24hs,6860.0,2025-05-09 18:48:12,1000,2025-05-09 18:48:14.266,6860.0,4574,6850.0,1486,6840.0,22098,6830.0,15673,6820.0,3435,6880.0,2999,6890.0,27458,6900.0,9824,6910.0,9831,6920.0,11471,2025-05-09 18:48:14.180,,2147483647,1499822,False,nan
11810,1906704,1613078427,MERV - XMEV - GGAL - 24hs,6860.0,2025-05-09 18:48:15,1,2025-05-09 18:48:15.206,6860.0,4574,6850.0,1486,6840.0,22098,6830.0,15673,6820.0,3435,6880.0,2999,6890.0,27458,6900.0,9824,6910.0,9831,6920.0,11471,2025-05-09 18:48:15.118,,2147483647,1499822,True,bid
11811,1906793,1613078528,MERV - XMEV - GGAL - 24hs,6860.0,2025-05-09 18:48:15,1,2025-05-09 18:48:15.880,6860.0,4574,6850.0,1486,6840.0,22098,6830.0,15673,6820.0,3435,6880.0,2999,6890.0,27458,6900.0,9824,6910.0,9831,6920.0,11471,2025-05-09 18:48:15.785,,2147483647,1499823,False,nan
11812,1906822,1613078563,MERV - XMEV - GGAL - 24hs,6860.0,2025-05-09 18:48:15,1,2025-05-09 18:48:16.374,6860.0,4573,6850.0,1486,6840.0,22098,6830.0,15673,6820.0,3435,6880.0,2999,6890.0,27458,6900.0,9824,6910.0,9831,6920.0,11471,2025-05-09 18:48:16.285,,2147483647,1499823,False,nan
11813,1906864,1613078614,MERV - XMEV - GGAL - 24hs,6860.0,2025-05-09 18:48:16,243,2025-05-09 18:48:17.004,6860.0,4573,6850.0,1486,6840.0,22098,6830.0,15673,6820.0,3435,6880.0,2999,6890.0,27458,6900.0,9824,6910.0,9831,6920.0,11471,2025-05-09 18:48:16.918,,2147483647,1499823,True,bid
11814,1906922,1613078682,MERV - XMEV - GGAL - 24hs,6860.0,2025-05-09 18:48:16,243,2025-05-09 18:48:17.657,6860.0,4330,6850.0,1486,6840.0,22098,6830.0,15673,6820.0,3435,6880.0,2999,6890.0,27458,6900.0,9824,6910.0,9831,6920.0,11471,2025-05-09 18:48:17.571,,2147483647,1499823,False,nan
11815,1906998,1613078777,MERV - XMEV - GGAL - 24hs,6860.0,2025-05-09 18:48:16,243,2025-05-09 18:48:18.163,6860.0,4330,6850.0,1486,6840.0,22098,6830.0,15673,6820.0,3435,6880.0,2999,6890.0,27458,6900.0,9824,6910.0,9831,6920.0,11471,2025-05-09 18:48:18.072,,2147483647,1500066,False,nan
11816,1907118,1613078944,MERV - XMEV - GGAL - 24hs,6860.0,2025-05-09 18:48:16,243,2025-05-09 18:48:19.032,6860.0,4330,6850.0,1486,6840.0,22445,6830.0,15673,6820.0,3435,6880.0,2999,6890.0,27458,6900.0,9824,6910.0,9831,6920.0,11471,2025-05-09 18:48:18.924,,2147483647,1500066,False,nan
11817,1907151,1613078990,MERV - XMEV - GGAL - 24hs,6860.0,2025-05-09 18:48:19,1001,2025-05-09 18:48:19.769,6860.0,4330,6850.0,1486,6840.0,22445,6830.0,15673,6820.0,3435,6880.0,2999,6890.0,27458,6900.0,9824,6910.0,9831,6920.0,11471,2025-05-09 18:48:19.680,,2147483647,1500066,True,bid
11818,1907192,1613079042,MERV - XMEV - GGAL - 24hs,6860.0,2025-05-09 18:48:19,1001,2025-05-09 18:48:20.265,6860.0,3329,6850.0,1486,6840.0,22445,6830.0,765,6820.0,17343,6880.0,19466,6890.0,15991,6900.0,4824,6910.0,9831,6920.0,11471,2025-05-09 18:48:20.180,,2147483647,1500066,False,nan
11819,1907360,1613079239,MERV - XMEV - GGAL - 24hs,6860.0,2025-05-09 18:48:20,1001,2025-05-09 18:48:20.951,6860.0,3329,6850.0,1486,6840.0,22445,6830.0,765,6820.0,17343,6880.0,19466,6890.0,15991,6900.0,4824,6910.0,9831,6920.0,11471,2025-05-09 18:48:20.681,,2147483647,1501067,True,bid
11820,1907406,1613079292,MERV - XMEV - GGAL - 24hs,6860.0,2025-05-09 18:48:20,1171,2025-05-09 18:48:21.267,6860.0,3329,6850.0,1486,6840.0,22445,6830.0,765,6820.0,17343,6880.0,19466,6890.0,15991,6900.0,4824,6910.0,9831,6920.0,11471,2025-05-09 18:48:21.182,,2147483647,1502068,False,nan
11821,1907479,1613079387,MERV - XMEV - GGAL - 24hs,6860.0,2025-05-09 18:48:20,1171,2025-05-09 18:48:21.783,6860.0,1157,6850.0,1486,6840.0,22098,6830.0,765,6820.0,17343,6880.0,19466,6890.0,15991,6900.0,4824,6910.0,9831,6920.0,11471,2025-05-09 18:48:21.686,,2147483647,1503239,False,nan
11822,1907521,1613079435,MERV - XMEV - GGAL - 24hs,6860.0,2025-05-09 18:48:21,76,2025-05-09 18:48:22.270,6860.0,1157,6850.0,1486,6840.0,22098,6830.0,765,6820.0,17343,6880.0,19466,6890.0,15991,6900.0,4824,6910.0,9831,6920.0,11471,2025-05-09 18:48:22.181,,2147483647,1503239,True,bid
11823,1907596,1613079529,MERV - XMEV - GGAL - 24hs,6860.0,2025-05-09 18:48:21,76,2025-05-09 18:48:22.775,6850.0,1486,6840.0,22098,6830.0,765,6820.0,17343,6810.0,33043,6860.0,1,6880.0,19466,6890.0,15991,6900.0,4824,6910.0,9838,2025-05-09 18:48:22.681,,2147483647,1504396,False,nan
11824,1908282,1613080422,MERV - XMEV - GGAL - 24hs,6860.0,2025-05-09 18:48:27,1,2025-05-09 18:48:27.247,6850.0,1486,6840.0,22098,6830.0,765,6820.0,17343,6810.0,33043,6860.0,1,6880.0,19466,6890.0,15991,6900.0,4824,6910.0,9838,2025-05-09 18:48:27.162,,2147483647,1504396,True,offer
11825,1908308,1613080453,MERV - XMEV - GGAL - 24hs,6880.0,2025-05-09 18:48:27,29,2025-05-09 18:48:27.747,6850.0,1486,6840.0,22098,6830.0,765,6820.0,17343,6810.0,33043,6860.0,1,6880.0,19466,6890.0,15991,6900.0,4824,6910.0,9838,2025-05-09 18:48:27.662,,2147483647,1504396,False,nan
11826,1908361,1613080524,MERV - XMEV - GGAL - 24hs,6880.0,2025-05-09 18:48:27,29,2025-05-09 18:48:28.250,6850.0,1486,6840.0,21751,6830.0,765,6820.0,17343,6810.0,33043,6880.0,19513,6890.0,15991,6900.0,4824,6910.0,9831,6920.0,12471,2025-05-09 18:48:28.162,,2147483647,1504426,False,nan
11827,1908703,1613080977,MERV - XMEV - GGAL - 24hs,6880.0,2025-05-09 18:48:32,2,2025-05-09 18:48:32.652,6850.0,1486,6840.0,21751,6830.0,765,6820.0,17343,6810.0,33043,6880.0,19513,6890.0,15991,6900.0,4824,6910.0,9831,6920.0,12471,2025-05-09 18:48:32.567,,2147483647,1504426,True,offer
11828,1908763,1613081061,MERV - XMEV - GGAL - 24hs,6880.0,2025-05-09 18:48:32,2,2025-05-09 18:48:33.321,6850.0,1486,6840.0,21751,6830.0,765,6820.0,17343,6810.0,33043,6880.0,19511,6890.0,15991,6900.0,4824,6910.0,9831,6920.0,12471,2025-05-09 18:48:33.236,,2147483647,1504426,False,nan
11829,1908827,1613081142,MERV - XMEV - GGAL - 24hs,6880.0,2025-05-09 18:48:32,2,2025-05-09 18:48:33.855,6850.0,1486,6840.0,21751,6830.0,765,6820.0,17343,6810.0,33043,6880.0,19511,6890.0,15991,6900.0,4824,6910.0,9831,6920.0,12471,2025-05-09 18:48:33.736,,2147483647,1504428,False,nan
11830,1908894,1613081224,MERV - XMEV - GGAL - 24hs,6880.0,2025-05-09 18:48:32,2,2025-05-09 18:48:34.438,6850.0,1486,6840.0,21751,6830.0,765,6820.0,17343,6810.0,33043,6870.0,576,6880.0,19435,6890.0,15991,6900.0,4824,6910.0,9831,2025-05-09 18:48:34.333,,2147483647,1504428,False,nan
11831,1909031,1613081405,MERV - XMEV - GGAL - 24hs,6880.0,2025-05-09 18:48:32,2,2025-05-09 18:48:36.428,6850.0,1486,6840.0,21751,6830.0,765,6820.0,17343,6810.0,33043,6870.0,576,6880.0,20004,6890.0,15991,6900.0,4824,6910.0,9831,2025-05-09 18:48:36.274,,2147483647,1504428,False,nan
11832,1909204,1613081652,MERV - XMEV - GGAL - 24hs,6870.0,2025-05-09 18:48:38,500,2025-05-09 18:48:38.325,6850.0,1486,6840.0,21751,6830.0,765,6820.0,17343,6810.0,33043,6870.0,576,6880.0,20004,6890.0,15991,6900.0,4824,6910.0,9831,2025-05-09 18:48:38.240,,2147483647,1504428,True,offer
11833,1909266,1613081726,MERV - XMEV - GGAL - 24hs,6870.0,2025-05-09 18:48:38,116,2025-05-09 18:48:38.836,6850.0,1486,6840.0,21751,6830.0,765,6820.0,17343,6810.0,33043,6870.0,576,6880.0,20004,6890.0,15991,6900.0,4824,6910.0,9831,2025-05-09 18:48:38.740,,2147483647,1505004,False,nan
11834,1909322,1613081788,MERV - XMEV - GGAL - 24hs,6870.0,2025-05-09 18:48:38,116,2025-05-09 18:48:39.326,6850.0,1562,6840.0,21751,6830.0,765,6820.0,17343,6810.0,33043,6870.0,1,6880.0,20004,6890.0,15991,6900.0,4828,6910.0,9831,2025-05-09 18:48:39.239,,2147483647,1505120,False,nan
11835,1909740,1613082351,MERV - XMEV - GGAL - 24hs,6850.0,2025-05-09 18:48:45,18,2025-05-09 18:48:45.680,6850.0,1562,6840.0,21751,6830.0,765,6820.0,17343,6810.0,33043,6870.0,1,6880.0,20004,6890.0,15991,6900.0,4828,6910.0,9831,2025-05-09 18:48:45.594,,2147483647,1505120,True,bid
11836,1909805,1613082433,MERV - XMEV - GGAL - 24hs,6880.0,2025-05-09 18:48:45,7,2025-05-09 18:48:46.182,6850.0,1562,6840.0,21751,6830.0,765,6820.0,17343,6810.0,33043,6870.0,1,6880.0,20004,6890.0,15991,6900.0,4828,6910.0,9831,2025-05-09 18:48:46.095,,2147483647,1505138,False,nan
11837,1909856,1613082497,MERV - XMEV - GGAL - 24hs,6880.0,2025-05-09 18:48:45,7,2025-05-09 18:48:46.680,6850.0,1544,6840.0,21751,6830.0,765,6820.0,17343,6810.0,33043,6880.0,19997,6890.0,15991,6900.0,4828,6910.0,9831,6920.0,14471,2025-05-09 18:48:46.595,,2147483647,1505146,False,nan
11838,1910088,1613082830,MERV - XMEV - GGAL - 24hs,6880.0,2025-05-09 18:48:45,7,2025-05-09 18:48:48.843,6850.0,1544,6840.0,21751,6830.0,765,6820.0,17343,6810.0,33043,6880.0,19997,6890.0,15991,6900.0,4828,6910.0,9831,6920.0,11471,2025-05-09 18:48:48.750,,2147483647,1505146,False,nan
11839,1910979,1613083936,MERV - XMEV - GGAL - 24hs,6880.0,2025-05-09 18:48:45,7,2025-05-09 18:48:54.761,6850.0,2044,6840.0,21751,6830.0,765,6820.0,17343,6810.0,33043,6880.0,19997,6890.0,15991,6900.0,4828,6910.0,9831,6920.0,11471,2025-05-09 18:48:54.672,,2147483647,1505146,False,nan
11840,1911661,1613084813,MERV - XMEV - GGAL - 24hs,6880.0,2025-05-09 18:48:45,7,2025-05-09 18:49:00.931,6850.0,2044,6840.0,21749,6830.0,765,6820.0,17343,6810.0,33043,6880.0,19997,6890.0,15991,6900.0,4828,6910.0,9831,6920.0,11471,2025-05-09 18:49:00.832,,2147483647,1505146,False,nan
11841,1912213,1613085520,MERV - XMEV - GGAL - 24hs,6880.0,2025-05-09 18:48:45,7,2025-05-09 18:49:07.315,6850.0,2044,6840.0,21749,6830.0,15673,6820.0,3435,6810.0,32043,6880.0,17997,6890.0,17991,6900.0,4828,6910.0,9831,6920.0,11471,2025-05-09 18:49:07.229,,2147483647,1505146,False,nan
11842,1912584,1613085954,MERV - XMEV - GGAL - 24hs,6880.0,2025-05-09 18:48:45,7,2025-05-09 18:49:10.438,6850.0,2044,6840.0,21749,6830.0,15673,6820.0,3435,6810.0,32043,6870.0,2500,6880.0,17997,6890.0,17991,6900.0,2328,6910.0,9831,2025-05-09 18:49:10.348,,2147483647,1505146,False,nan
11843,1912677,1613086064,MERV - XMEV - GGAL - 24hs,6850.0,2025-05-09 18:49:11,13,2025-05-09 18:49:11.681,6850.0,2044,6840.0,21749,6830.0,15673,6820.0,3435,6810.0,32043,6870.0,2500,6880.0,17997,6890.0,17991,6900.0,2328,6910.0,9831,2025-05-09 18:49:11.596,,2147483647,1505146,True,bid
11844,1912711,1613086107,MERV - XMEV - GGAL - 24hs,6850.0,2025-05-09 18:49:11,7,2025-05-09 18:49:12.187,6850.0,2044,6840.0,21749,6830.0,15673,6820.0,3435,6810.0,32043,6870.0,2500,6880.0,17997,6890.0,17991,6900.0,2328,6910.0,9831,2025-05-09 18:49:12.102,,2147483647,1505146,False,nan
11845,1912741,1613086146,MERV - XMEV - GGAL - 24hs,6850.0,2025-05-09 18:49:11,7,2025-05-09 18:49:12.680,6850.0,1708,6840.0,21749,6830.0,15673,6820.0,3435,6810.0,32043,6870.0,2522,6880.0,17997,6890.0,17991,6900.0,2328,6910.0,9831,2025-05-09 18:49:12.595,,2147483647,1505482,False,nan
11846,1913201,1613086711,MERV - XMEV - GGAL - 24hs,6850.0,2025-05-09 18:49:17,1,2025-05-09 18:49:17.199,6850.0,1708,6840.0,21749,6830.0,15673,6820.0,3435,6810.0,32043,6870.0,2522,6880.0,17997,6890.0,17991,6900.0,2328,6910.0,9831,2025-05-09 18:49:17.106,,2147483647,1505482,True,bid
11847,1913220,1613086749,MERV - XMEV - GGAL - 24hs,6850.0,2025-05-09 18:49:17,35,2025-05-09 18:49:17.692,6850.0,1708,6840.0,21749,6830.0,15673,6820.0,3435,6810.0,32043,6870.0,2522,6880.0,17997,6890.0,17991,6900.0,2328,6910.0,9831,2025-05-09 18:49:17.606,,2147483647,1505482,False,nan
11848,1913267,1613086806,MERV - XMEV - GGAL - 24hs,6850.0,2025-05-09 18:49:17,35,2025-05-09 18:49:18.192,6850.0,1622,6840.0,21749,6830.0,15673,6820.0,3435,6810.0,32043,6870.0,2522,6880.0,17997,6890.0,17991,6900.0,2328,6910.0,9831,2025-05-09 18:49:18.106,,2147483647,1505482,False,nan
11849,1913342,1613086905,MERV - XMEV - GGAL - 24hs,6850.0,2025-05-09 18:49:17,35,2025-05-09 18:49:18.692,6850.0,1622,6840.0,21749,6830.0,15673,6820.0,3435,6810.0,32043,6870.0,2522,6880.0,17997,6890.0,17991,6900.0,2328,6910.0,9831,2025-05-09 18:49:18.606,,2147483647,1505568,False,nan
11850,1913442,1613087022,MERV - XMEV - GGAL - 24hs,6850.0,2025-05-09 18:49:19,1,2025-05-09 18:49:19.851,6850.0,1622,6840.0,21749,6830.0,15673,6820.0,3435,6810.0,32043,6870.0,2522,6880.0,17997,6890.0,17991,6900.0,2328,6910.0,9831,2025-05-09 18:49:19.765,,2147483647,1505568,True,bid
11851,1913474,1613087069,MERV - XMEV - GGAL - 24hs,6850.0,2025-05-09 18:49:19,1,2025-05-09 18:49:20.517,6850.0,1621,6840.0,21749,6830.0,15673,6820.0,3435,6810.0,32043,6870.0,2522,6880.0,17997,6890.0,17991,6900.0,2328,6910.0,9831,2025-05-09 18:49:20.431,,2147483647,1505568,False,nan
11852,1913506,1613087108,MERV - XMEV - GGAL - 24hs,6850.0,2025-05-09 18:49:19,1,2025-05-09 18:49:21.017,6850.0,1621,6840.0,21749,6830.0,15673,6820.0,3435,6810.0,32043,6870.0,2522,6880.0,17997,6890.0,17991,6900.0,2328,6910.0,9831,2025-05-09 18:49:20.931,,2147483647,1505569,False,nan
11853,1913848,1613087605,MERV - XMEV - GGAL - 24hs,6850.0,2025-05-09 18:49:25,14,2025-05-09 18:49:25.886,6850.0,1621,6840.0,21749,6830.0,15673,6820.0,3435,6810.0,32043,6870.0,2522,6880.0,17997,6890.0,17991,6900.0,2328,6910.0,9831,2025-05-09 18:49:25.796,,2147483647,1505569,True,bid
11854,1913898,1613087671,MERV - XMEV - GGAL - 24hs,6850.0,2025-05-09 18:49:25,170,2025-05-09 18:49:26.386,6850.0,1621,6840.0,21749,6830.0,15673,6820.0,3435,6810.0,32043,6870.0,2522,6880.0,17997,6890.0,17991,6900.0,2328,6910.0,9831,2025-05-09 18:49:26.296,,2147483647,1505569,False,nan
11855,1913955,1613087739,MERV - XMEV - GGAL - 24hs,6850.0,2025-05-09 18:49:25,170,2025-05-09 18:49:26.884,6850.0,1156,6840.0,21749,6830.0,15673,6820.0,3435,6810.0,32043,6870.0,2522,6880.0,17997,6890.0,17991,6900.0,2328,6910.0,9831,2025-05-09 18:49:26.796,,2147483647,1506034,False,nan
11856,1914114,1613087971,MERV - XMEV - GGAL - 24hs,6850.0,2025-05-09 18:49:25,170,2025-05-09 18:49:28.665,6850.0,1323,6840.0,21749,6830.0,15673,6820.0,3435,6810.0,32043,6870.0,2522,6880.0,17997,6890.0,17991,6900.0,2328,6910.0,9831,2025-05-09 18:49:28.573,,2147483647,1506034,False,nan
11857,1914575,1613088551,MERV - XMEV - GGAL - 24hs,6850.0,2025-05-09 18:49:25,170,2025-05-09 18:49:34.236,6850.0,1323,6840.0,21749,6830.0,765,6820.0,17343,6810.0,33043,6870.0,2692,6880.0,17997,6890.0,17991,6900.0,2328,6910.0,9831,2025-05-09 18:49:34.151,,2147483647,1506034,False,nan
11858,1914649,1613088659,MERV - XMEV - GGAL - 24hs,6850.0,2025-05-09 18:49:25,170,2025-05-09 18:49:34.988,6850.0,1323,6840.0,21749,6830.0,765,6820.0,17343,6810.0,33043,6870.0,3192,6880.0,17997,6890.0,17991,6900.0,2328,6910.0,9831,2025-05-09 18:49:34.900,,2147483647,1506034,False,nan
11859,1915017,1613089123,MERV - XMEV - GGAL - 24hs,6850.0,2025-05-09 18:49:25,170,2025-05-09 18:49:38.740,6850.0,1323,6840.0,21749,6830.0,765,6820.0,17343,6810.0,33043,6870.0,3192,6880.0,17997,6890.0,17991,6900.0,2578,6910.0,9831,2025-05-09 18:49:38.653,,2147483647,1506034,False,nan
11860,1915654,1613090001,MERV - XMEV - GGAL - 24hs,6850.0,2025-05-09 18:49:44,4,2025-05-09 18:49:45.015,6850.0,1323,6840.0,21749,6830.0,765,6820.0,17343,6810.0,33043,6870.0,3192,6880.0,17997,6890.0,17991,6900.0,2578,6910.0,9831,2025-05-09 18:49:44.928,,2147483647,1506034,True,bid
11861,1915711,1613090069,MERV - XMEV - GGAL - 24hs,6850.0,2025-05-09 18:49:44,4,2025-05-09 18:49:45.686,6850.0,1319,6840.0,21749,6830.0,765,6820.0,17343,6810.0,33043,6870.0,3192,6880.0,17997,6890.0,17991,6900.0,2578,6910.0,9831,2025-05-09 18:49:45.598,,2147483647,1506034,False,nan
11862,1915758,1613090130,MERV - XMEV - GGAL - 24hs,6870.0,2025-05-09 18:49:46,300,2025-05-09 18:49:46.183,6850.0,1319,6840.0,21749,6830.0,765,6820.0,17343,6810.0,33043,6870.0,3192,6880.0,17997,6890.0,17991,6900.0,2578,6910.0,9831,2025-05-09 18:49:46.098,,2147483647,1506038,True,offer
11863,1915810,1613090209,MERV - XMEV - GGAL - 24hs,6870.0,2025-05-09 18:49:46,300,2025-05-09 18:49:46.822,6850.0,1319,6840.0,21749,6830.0,15673,6820.0,3435,6810.0,32043,6870.0,2892,6880.0,17997,6890.0,17991,6900.0,2578,6910.0,9831,2025-05-09 18:49:46.735,,2147483647,1506038,False,nan
11864,1915862,1613090294,MERV - XMEV - GGAL - 24hs,6870.0,2025-05-09 18:49:46,300,2025-05-09 18:49:47.338,6850.0,1319,6840.0,21749,6830.0,15673,6820.0,3435,6810.0,32043,6870.0,2892,6880.0,17997,6890.0,17991,6900.0,2578,6910.0,9831,2025-05-09 18:49:47.235,,2147483647,1506338,False,nan
11865,1916135,1613090745,MERV - XMEV - GGAL - 24hs,6850.0,2025-05-09 18:49:50,8,2025-05-09 18:49:50.622,6850.0,1319,6840.0,21749,6830.0,15673,6820.0,3435,6810.0,32043,6870.0,2892,6880.0,17997,6890.0,17991,6900.0,2578,6910.0,9831,2025-05-09 18:49:50.533,,2147483647,1506338,True,bid
11866,1916184,1613090803,MERV - XMEV - GGAL - 24hs,6850.0,2025-05-09 18:49:50,8,2025-05-09 18:49:51.184,6850.0,1311,6840.0,21749,6830.0,15673,6820.0,3435,6810.0,32043,6870.0,2892,6880.0,17997,6890.0,17991,6900.0,2578,6910.0,9831,2025-05-09 18:49:51.096,,2147483647,1506338,False,nan
11867,1916236,1613090891,MERV - XMEV - GGAL - 24hs,6850.0,2025-05-09 18:49:50,8,2025-05-09 18:49:51.681,6850.0,1311,6840.0,21749,6830.0,15673,6820.0,3435,6810.0,32043,6870.0,2892,6880.0,17997,6890.0,17991,6900.0,2578,6910.0,9831,2025-05-09 18:49:51.595,,2147483647,1506346,False,nan
11868,1916514,1613091264,MERV - XMEV - GGAL - 24hs,6850.0,2025-05-09 18:49:50,8,2025-05-09 18:49:54.823,6850.0,1311,6840.0,21749,6830.0,15673,6820.0,3435,6810.0,32043,6870.0,2892,6880.0,3530,6890.0,17458,6900.0,17578,6910.0,9831,2025-05-09 18:49:54.737,,2147483647,1506346,False,nan
11869,1916593,1613091359,MERV - XMEV - GGAL - 24hs,6850.0,2025-05-09 18:49:50,8,2025-05-09 18:49:55.689,6850.0,1311,6840.0,21748,6830.0,15673,6820.0,3435,6810.0,32043,6870.0,2892,6880.0,3530,6890.0,17458,6900.0,17578,6910.0,9831,2025-05-09 18:49:55.603,,2147483647,1506346,False,nan
11870,1916701,1613091499,MERV - XMEV - GGAL - 24hs,6850.0,2025-05-09 18:49:50,8,2025-05-09 18:49:57.212,6850.0,1311,6840.0,36656,6830.0,1765,6820.0,2435,6810.0,32043,6870.0,2904,6880.0,3530,6890.0,15458,6900.0,19578,6910.0,9831,2025-05-09 18:49:57.120,,2147483647,1506346,False,nan
11871,1916769,1613091586,MERV - XMEV - GGAL - 24hs,6870.0,2025-05-09 18:49:57,240,2025-05-09 18:49:57.727,6850.0,1311,6840.0,36656,6830.0,1765,6820.0,2435,6810.0,32043,6870.0,2904,6880.0,3530,6890.0,15458,6900.0,19578,6910.0,9831,2025-05-09 18:49:57.624,,2147483647,1506346,True,offer
11872,1916802,1613091633,MERV - XMEV - GGAL - 24hs,6870.0,2025-05-09 18:49:57,240,2025-05-09 18:49:58.213,6850.0,2697,6840.0,19319,6830.0,1765,6820.0,2435,6810.0,32043,6870.0,2664,6880.0,3530,6890.0,15458,6900.0,19578,6910.0,9831,2025-05-09 18:49:58.122,,2147483647,1506586,False,nan
11873,1916835,1613091678,MERV - XMEV - GGAL - 24hs,6850.0,2025-05-09 18:49:58,304,2025-05-09 18:49:58.713,6850.0,2697,6840.0,19319,6830.0,1765,6820.0,2435,6810.0,32043,6870.0,2664,6880.0,3530,6890.0,15458,6900.0,19578,6910.0,9831,2025-05-09 18:49:58.622,,2147483647,1506586,True,bid
11874,1916902,1613091762,MERV - XMEV - GGAL - 24hs,6850.0,2025-05-09 18:49:58,304,2025-05-09 18:49:59.235,6850.0,2325,6840.0,19319,6830.0,1765,6820.0,2435,6810.0,32043,6870.0,2664,6880.0,3530,6890.0,15458,6900.0,14578,6910.0,14831,2025-05-09 18:49:59.122,,2147483647,1506958,False,nan
11875,1916961,1613091847,MERV - XMEV - GGAL - 24hs,6850.0,2025-05-09 18:49:58,304,2025-05-09 18:49:59.931,6850.0,3712,6840.0,19319,6830.0,1765,6820.0,2435,6810.0,32043,6870.0,2664,6880.0,3530,6890.0,15458,6900.0,14578,6910.0,14831,2025-05-09 18:49:59.846,,2147483647,1506958,False,nan
11876,1917097,1613092014,MERV - XMEV - GGAL - 24hs,6850.0,2025-05-09 18:49:58,304,2025-05-09 18:50:00.709,6850.0,5447,6840.0,19319,6830.0,1765,6820.0,2435,6810.0,32043,6870.0,2664,6880.0,3530,6890.0,15458,6900.0,14578,6910.0,14831,2025-05-09 18:50:00.619,,2147483647,1506958,False,nan
11877,1917216,1613092173,MERV - XMEV - GGAL - 24hs,6850.0,2025-05-09 18:49:58,304,2025-05-09 18:50:02.223,6850.0,5447,6840.0,19319,6830.0,1765,6820.0,2435,6810.0,32043,6870.0,2664,6880.0,3530,6890.0,15458,6900.0,19578,6910.0,9831,2025-05-09 18:50:02.137,,2147483647,1506958,False,nan
11878,1917303,1613092293,MERV - XMEV - GGAL - 24hs,6850.0,2025-05-09 18:49:58,304,2025-05-09 18:50:02.922,6860.0,478,6850.0,863,6840.0,19319,6830.0,1765,6820.0,2442,6870.0,2664,6880.0,3530,6890.0,15458,6900.0,19578,6910.0,9831,2025-05-09 18:50:02.837,,2147483647,1506958,False,nan
11879,1917448,1613092463,MERV - XMEV - GGAL - 24hs,6850.0,2025-05-09 18:49:58,304,2025-05-09 18:50:03.783,6860.0,449,6850.0,863,6840.0,19319,6830.0,1765,6820.0,2442,6870.0,2664,6880.0,3530,6890.0,15458,6900.0,19578,6910.0,9831,2025-05-09 18:50:03.537,,2147483647,1506958,False,nan
11880,1917476,1613092499,MERV - XMEV - GGAL - 24hs,6860.0,2025-05-09 18:50:03,3,2025-05-09 18:50:04.123,6860.0,449,6850.0,863,6840.0,19319,6830.0,1765,6820.0,2442,6870.0,2664,6880.0,3530,6890.0,15458,6900.0,19578,6910.0,9831,2025-05-09 18:50:04.037,,2147483647,1506958,True,bid
11881,1917527,1613092558,MERV - XMEV - GGAL - 24hs,6860.0,2025-05-09 18:50:03,3,2025-05-09 18:50:04.627,6860.0,446,6850.0,863,6840.0,19319,6830.0,1765,6820.0,2442,6870.0,2664,6880.0,3530,6890.0,15458,6900.0,19578,6910.0,9831,2025-05-09 18:50:04.536,,2147483647,1506961,False,nan
11882,1917576,1613092639,MERV - XMEV - GGAL - 24hs,6870.0,2025-05-09 18:50:05,7,2025-05-09 18:50:05.230,6860.0,446,6850.0,863,6840.0,19319,6830.0,1765,6820.0,2442,6870.0,2664,6880.0,3530,6890.0,15458,6900.0,19578,6910.0,9831,2025-05-09 18:50:05.142,,2147483647,1506961,True,offer
11883,1917623,1613092695,MERV - XMEV - GGAL - 24hs,6870.0,2025-05-09 18:50:05,7,2025-05-09 18:50:05.732,6860.0,568,6850.0,863,6840.0,19319,6830.0,1765,6820.0,2442,6870.0,2657,6880.0,3530,6890.0,15458,6900.0,19578,6910.0,9831,2025-05-09 18:50:05.642,,2147483647,1506961,False,nan
11884,1917669,1613092748,MERV - XMEV - GGAL - 24hs,6870.0,2025-05-09 18:50:05,7,2025-05-09 18:50:06.232,6860.0,568,6850.0,863,6840.0,19319,6830.0,1765,6820.0,2442,6870.0,2657,6880.0,3530,6890.0,15458,6900.0,19578,6910.0,9831,2025-05-09 18:50:06.142,,2147483647,1506968,False,nan
11885,1918099,1613093276,MERV - XMEV - GGAL - 24hs,6870.0,2025-05-09 18:50:05,7,2025-05-09 18:50:10.532,6860.0,618,6850.0,15771,6840.0,5411,6830.0,765,6820.0,2442,6870.0,2657,6880.0,3530,6890.0,15458,6900.0,14578,6910.0,14831,2025-05-09 18:50:10.440,,2147483647,1506968,False,nan
11886,1918275,1613093505,MERV - XMEV - GGAL - 24hs,6870.0,2025-05-09 18:50:05,7,2025-05-09 18:50:11.471,6860.0,618,6850.0,15771,6840.0,5411,6830.0,765,6820.0,2442,6870.0,2657,6880.0,3530,6890.0,15459,6900.0,14578,6910.0,14831,2025-05-09 18:50:11.359,,2147483647,1506968,False,nan
11887,1918387,1613093667,MERV - XMEV - GGAL - 24hs,6860.0,2025-05-09 18:50:12,321,2025-05-09 18:50:12.492,6860.0,618,6850.0,15771,6840.0,5411,6830.0,765,6820.0,2442,6870.0,2657,6880.0,3530,6890.0,15459,6900.0,14578,6910.0,14831,2025-05-09 18:50:12.406,,2147483647,1506968,True,bid
11888,1918441,1613093727,MERV - XMEV - GGAL - 24hs,6860.0,2025-05-09 18:50:12,321,2025-05-09 18:50:12.999,6860.0,172,6850.0,15771,6840.0,5411,6830.0,765,6820.0,2442,6870.0,2657,6880.0,3530,6890.0,15459,6900.0,14678,6910.0,14831,2025-05-09 18:50:12.909,,2147483647,1506968,False,nan
11889,1918488,1613093785,MERV - XMEV - GGAL - 24hs,6860.0,2025-05-09 18:50:12,6,2025-05-09 18:50:13.494,6860.0,172,6850.0,15771,6840.0,5411,6830.0,765,6820.0,2442,6870.0,2657,6880.0,3530,6890.0,15459,6900.0,14678,6910.0,14831,2025-05-09 18:50:13.408,,2147483647,1507295,False,nan
11890,1918538,1613093853,MERV - XMEV - GGAL - 24hs,6860.0,2025-05-09 18:50:12,6,2025-05-09 18:50:13.994,6860.0,5014,6850.0,15771,6840.0,5411,6830.0,765,6820.0,2442,6870.0,2657,6880.0,3530,6890.0,15459,6900.0,14678,6910.0,14831,2025-05-09 18:50:13.908,,2147483647,1507295,False,nan
11891,1918850,1613094222,MERV - XMEV - GGAL - 24hs,6860.0,2025-05-09 18:50:12,6,2025-05-09 18:50:15.785,6860.0,5702,6850.0,15771,6840.0,5411,6830.0,765,6820.0,2442,6870.0,2657,6880.0,3530,6890.0,15459,6900.0,14678,6910.0,14831,2025-05-09 18:50:15.696,,2147483647,1507295,False,nan
11892,1919084,1613094508,MERV - XMEV - GGAL - 24hs,6860.0,2025-05-09 18:50:12,6,2025-05-09 18:50:17.791,6860.0,5100,6850.0,15771,6840.0,5411,6830.0,765,6820.0,2442,6870.0,2725,6880.0,3530,6890.0,15459,6900.0,14678,6910.0,14831,2025-05-09 18:50:17.561,,2147483647,1507295,False,nan
11893,1919178,1613094642,MERV - XMEV - GGAL - 24hs,6870.0,2025-05-09 18:50:17,6,2025-05-09 18:50:18.208,6860.0,5100,6850.0,15771,6840.0,5411,6830.0,765,6820.0,2442,6870.0,2725,6880.0,3530,6890.0,15459,6900.0,14678,6910.0,14831,2025-05-09 18:50:18.062,,2147483647,1507295,True,offer
11894,1919226,1613094716,MERV - XMEV - GGAL - 24hs,6870.0,2025-05-09 18:50:17,6,2025-05-09 18:50:18.648,6860.0,5446,6850.0,15771,6840.0,5411,6830.0,765,6820.0,2442,6870.0,2719,6880.0,3530,6890.0,15459,6900.0,14678,6910.0,14831,2025-05-09 18:50:18.561,,2147483647,1507301,False,nan
11895,1919355,1613094869,MERV - XMEV - GGAL - 24hs,6870.0,2025-05-09 18:50:17,6,2025-05-09 18:50:19.743,6860.0,9724,6850.0,15771,6840.0,5411,6830.0,765,6820.0,2442,6870.0,2719,6880.0,3530,6890.0,15459,6900.0,14678,6910.0,14831,2025-05-09 18:50:19.379,,2147483647,1507301,False,nan
11896,1919510,1613095049,MERV - XMEV - GGAL - 24hs,6870.0,2025-05-09 18:50:17,6,2025-05-09 18:50:21.236,6860.0,10070,6850.0,15771,6840.0,5411,6830.0,765,6820.0,2442,6870.0,2719,6880.0,3530,6890.0,15459,6900.0,14678,6910.0,14831,2025-05-09 18:50:21.150,,2147483647,1507301,False,nan
11897,1919582,1613095150,MERV - XMEV - GGAL - 24hs,6870.0,2025-05-09 18:50:22,500,2025-05-09 18:50:22.128,6860.0,10070,6850.0,15771,6840.0,5411,6830.0,765,6820.0,2442,6870.0,2719,6880.0,3530,6890.0,15459,6900.0,14678,6910.0,14831,2025-05-09 18:50:22.041,,2147483647,1507301,True,offer
11898,1919618,1613095208,MERV - XMEV - GGAL - 24hs,6870.0,2025-05-09 18:50:22,500,2025-05-09 18:50:22.643,6860.0,10070,6850.0,15271,6840.0,5411,6830.0,765,6820.0,2442,6870.0,2219,6880.0,3530,6890.0,15459,6900.0,12678,6910.0,16931,2025-05-09 18:50:22.540,,2147483647,1507301,False,nan
11899,1919659,1613095255,MERV - XMEV - GGAL - 24hs,6870.0,2025-05-09 18:50:22,192,2025-05-09 18:50:23.131,6860.0,10070,6850.0,15271,6840.0,5411,6830.0,765,6820.0,2442,6870.0,2219,6880.0,3530,6890.0,15459,6900.0,12678,6910.0,16931,2025-05-09 18:50:23.041,,2147483647,1507801,False,nan
11900,1919697,1613095299,MERV - XMEV - GGAL - 24hs,6870.0,2025-05-09 18:50:22,192,2025-05-09 18:50:23.633,6860.0,10070,6850.0,15271,6840.0,5411,6830.0,765,6820.0,2442,6870.0,2027,6880.0,3530,6890.0,992,6900.0,17145,6910.0,26931,2025-05-09 18:50:23.541,,2147483647,1507801,False,nan
11901,1919739,1613095354,MERV - XMEV - GGAL - 24hs,6870.0,2025-05-09 18:50:22,192,2025-05-09 18:50:24.132,6860.0,10070,6850.0,15271,6840.0,5411,6830.0,765,6820.0,2442,6870.0,2027,6880.0,3530,6890.0,992,6900.0,17145,6910.0,26931,2025-05-09 18:50:24.041,,2147483647,1507993,False,nan
11902,1919837,1613095478,MERV - XMEV - GGAL - 24hs,6870.0,2025-05-09 18:50:25,309,2025-05-09 18:50:25.451,6860.0,10070,6850.0,15271,6840.0,5411,6830.0,765,6820.0,2442,6870.0,2027,6880.0,3530,6890.0,992,6900.0,17145,6910.0,26931,2025-05-09 18:50:25.364,,2147483647,1507993,True,offer
11903,1919904,1613095561,MERV - XMEV - GGAL - 24hs,6870.0,2025-05-09 18:50:25,309,2025-05-09 18:50:26.116,6860.0,10070,6850.0,15271,6840.0,5411,6830.0,765,6820.0,2442,6870.0,1650,6880.0,3530,6890.0,992,6900.0,17145,6910.0,26931,2025-05-09 18:50:26.030,,2147483647,1507993,False,nan
11904,1919944,1613095614,MERV - XMEV - GGAL - 24hs,6870.0,2025-05-09 18:50:25,309,2025-05-09 18:50:26.619,6860.0,10070,6850.0,15271,6840.0,5411,6830.0,765,6820.0,2442,6870.0,1650,6880.0,3530,6890.0,992,6900.0,17145,6910.0,26931,2025-05-09 18:50:26.530,,2147483647,1508302,False,nan
11905,1919991,1613095671,MERV - XMEV - GGAL - 24hs,6860.0,2025-05-09 18:50:26,144,2025-05-09 18:50:27.127,6850.0,15271,6840.0,5411,6830.0,765,6820.0,2442,6810.0,32043,6870.0,1638,6880.0,3530,6890.0,992,6900.0,17145,6910.0,26931,2025-05-09 18:50:27.034,,2147483647,1508302,True,bid
11906,1920039,1613095732,MERV - XMEV - GGAL - 24hs,6870.0,2025-05-09 18:50:27,120,2025-05-09 18:50:27.622,6850.0,15271,6840.0,5411,6830.0,765,6820.0,2442,6810.0,32043,6870.0,1638,6880.0,3530,6890.0,992,6900.0,17145,6910.0,26931,2025-05-09 18:50:27.535,,2147483647,1508812,True,offer
11907,1920067,1613095767,MERV - XMEV - GGAL - 24hs,6870.0,2025-05-09 18:50:27,196,2025-05-09 18:50:28.130,6860.0,5200,6850.0,15271,6840.0,5411,6830.0,765,6820.0,2442,6870.0,1348,6880.0,3530,6890.0,992,6900.0,17145,6910.0,26931,2025-05-09 18:50:28.035,,2147483647,1508812,False,nan
11908,1920152,1613095871,MERV - XMEV - GGAL - 24hs,6870.0,2025-05-09 18:50:28,212,2025-05-09 18:50:28.621,6860.0,5200,6850.0,15075,6840.0,5411,6830.0,765,6820.0,2442,6870.0,1152,6880.0,3530,6890.0,992,6900.0,17145,6910.0,26931,2025-05-09 18:50:28.535,,2147483647,1509342,True,offer
11909,1920192,1613095918,MERV - XMEV - GGAL - 24hs,6870.0,2025-05-09 18:50:28,212,2025-05-09 18:50:29.123,6860.0,5200,6850.0,15075,6840.0,5411,6830.0,765,6820.0,2442,6870.0,288,6880.0,3530,6890.0,992,6900.0,17145,6910.0,26931,2025-05-09 18:50:29.035,,2147483647,1509872,False,nan
11910,1920239,1613095975,MERV - XMEV - GGAL - 24hs,6870.0,2025-05-09 18:50:29,288,2025-05-09 18:50:29.623,6860.0,5200,6850.0,15075,6840.0,5411,6830.0,765,6820.0,2442,6870.0,288,6880.0,3530,6890.0,992,6900.0,17145,6910.0,26931,2025-05-09 18:50:29.535,,2147483647,1509872,True,offer
11911,1920284,1613096027,MERV - XMEV - GGAL - 24hs,6870.0,2025-05-09 18:50:29,288,2025-05-09 18:50:30.123,6860.0,5276,6850.0,15075,6840.0,5411,6830.0,765,6820.0,2435,6880.0,3530,6890.0,992,6900.0,17145,6910.0,26931,6920.0,11616,2025-05-09 18:50:30.038,,2147483647,1509872,False,nan
11912,1920334,1613096083,MERV - XMEV - GGAL - 24hs,6870.0,2025-05-09 18:50:29,288,2025-05-09 18:50:30.625,6860.0,5276,6850.0,15075,6840.0,5411,6830.0,765,6820.0,2435,6880.0,3530,6890.0,992,6900.0,17145,6910.0,26931,6920.0,11616,2025-05-09 18:50:30.538,,2147483647,1510160,False,nan
11913,1920418,1613096186,MERV - XMEV - GGAL - 24hs,6870.0,2025-05-09 18:50:29,288,2025-05-09 18:50:31.136,6870.0,2,6860.0,5200,6850.0,15075,6840.0,5411,6830.0,772,6880.0,3530,6890.0,992,6900.0,17145,6910.0,26931,6920.0,11616,2025-05-09 18:50:31.038,,2147483647,1510160,False,nan
11914,1920596,1613096405,MERV - XMEV - GGAL - 24hs,6870.0,2025-05-09 18:50:29,288,2025-05-09 18:50:33.377,6870.0,5002,6860.0,5200,6850.0,15075,6840.0,5411,6830.0,772,6880.0,3530,6890.0,992,6900.0,17145,6910.0,26931,6920.0,11616,2025-05-09 18:50:33.281,,2147483647,1510160,False,nan
11915,1920671,1613096495,MERV - XMEV - GGAL - 24hs,6870.0,2025-05-09 18:50:29,288,2025-05-09 18:50:34.174,6870.0,5002,6860.0,5200,6850.0,15075,6840.0,5411,6830.0,772,6880.0,3530,6890.0,992,6900.0,17145,6910.0,21931,6920.0,16616,2025-05-09 18:50:34.089,,2147483647,1510160,False,nan
11916,1920746,1613096580,MERV - XMEV - GGAL - 24hs,6870.0,2025-05-09 18:50:29,288,2025-05-09 18:50:35.279,6870.0,5002,6860.0,5200,6850.0,167,6840.0,20319,6830.0,772,6880.0,3530,6890.0,992,6900.0,17145,6910.0,21931,6920.0,16616,2025-05-09 18:50:35.192,,2147483647,1510160,False,nan
11917,1920790,1613096634,MERV - XMEV - GGAL - 24hs,6870.0,2025-05-09 18:50:29,288,2025-05-09 18:50:36.138,6870.0,5102,6860.0,5200,6850.0,167,6840.0,20319,6830.0,772,6880.0,3530,6890.0,992,6900.0,17145,6910.0,21931,6920.0,16616,2025-05-09 18:50:36.053,,2147483647,1510160,False,nan
11918,1921047,1613096948,MERV - XMEV - GGAL - 24hs,6870.0,2025-05-09 18:50:39,2,2025-05-09 18:50:39.784,6870.0,5102,6860.0,5200,6850.0,167,6840.0,20319,6830.0,772,6880.0,3530,6890.0,992,6900.0,17145,6910.0,21931,6920.0,16616,2025-05-09 18:50:39.694,,2147483647,1510160,True,bid
11919,1921091,1613096997,MERV - XMEV - GGAL - 24hs,6870.0,2025-05-09 18:50:39,188,2025-05-09 18:50:40.282,6870.0,5102,6860.0,5200,6850.0,167,6840.0,20319,6830.0,772,6880.0,3530,6890.0,992,6900.0,17145,6910.0,21931,6920.0,16616,2025-05-09 18:50:40.194,,2147483647,1510160,False,nan
11920,1921138,1613097055,MERV - XMEV - GGAL - 24hs,6870.0,2025-05-09 18:50:39,188,2025-05-09 18:50:40.787,6870.0,4913,6860.0,5200,6850.0,167,6840.0,20319,6830.0,772,6880.0,3530,6890.0,992,6900.0,17145,6910.0,21931,6920.0,16616,2025-05-09 18:50:40.695,,2147483647,1510350,False,nan
11921,1921175,1613097103,MERV - XMEV - GGAL - 24hs,6870.0,2025-05-09 18:50:39,188,2025-05-09 18:50:41.284,6870.0,4913,6860.0,4854,6850.0,167,6840.0,20319,6830.0,772,6880.0,3530,6890.0,992,6900.0,17145,6910.0,21931,6920.0,16616,2025-05-09 18:50:41.195,,2147483647,1510350,False,nan
11922,1921236,1613097171,MERV - XMEV - GGAL - 24hs,6870.0,2025-05-09 18:50:39,188,2025-05-09 18:50:42.003,6870.0,4913,6860.0,5200,6850.0,167,6840.0,20319,6830.0,772,6880.0,3530,6890.0,992,6900.0,17145,6910.0,21931,6920.0,16616,2025-05-09 18:50:41.916,,2147483647,1510350,False,nan
11923,1921289,1613097230,MERV - XMEV - GGAL - 24hs,6870.0,2025-05-09 18:50:39,188,2025-05-09 18:50:42.788,6870.0,4913,6860.0,4854,6850.0,167,6840.0,20319,6830.0,772,6880.0,3530,6890.0,992,6900.0,17145,6910.0,21931,6920.0,16616,2025-05-09 18:50:42.697,,2147483647,1510350,False,nan
11924,1921582,1613097631,MERV - XMEV - GGAL - 24hs,6870.0,2025-05-09 18:50:39,188,2025-05-09 18:50:45.075,6870.0,4913,6860.0,4854,6850.0,267,6840.0,20319,6830.0,772,6880.0,3530,6890.0,992,6900.0,17145,6910.0,21931,6920.0,16616,2025-05-09 18:50:44.984,,2147483647,1510350,False,nan
11925,1921618,1613097689,MERV - XMEV - GGAL - 24hs,6870.0,2025-05-09 18:50:45,4,2025-05-09 18:50:46.101,6870.0,4913,6860.0,4854,6850.0,267,6840.0,20319,6830.0,772,6880.0,3530,6890.0,992,6900.0,17145,6910.0,21931,6920.0,16616,2025-05-09 18:50:46.009,,2147483647,1510350,True,bid
11926,1921660,1613097743,MERV - XMEV - GGAL - 24hs,6870.0,2025-05-09 18:50:45,4,2025-05-09 18:50:46.275,6870.0,4909,6860.0,4854,6850.0,267,6840.0,20319,6830.0,772,6880.0,3530,6890.0,992,6900.0,17145,6910.0,21931,6920.0,16616,2025-05-09 18:50:46.128,,2147483647,1510354,False,nan
11927,1921851,1613097965,MERV - XMEV - GGAL - 24hs,6870.0,2025-05-09 18:50:45,4,2025-05-09 18:50:49.112,6870.0,4909,6860.0,5200,6850.0,467,6840.0,20319,6830.0,772,6880.0,3530,6890.0,992,6900.0,17145,6910.0,21931,6920.0,16616,2025-05-09 18:50:49.026,,2147483647,1510354,False,nan
11928,1921882,1613098002,MERV - XMEV - GGAL - 24hs,6880.0,2025-05-09 18:50:49,46,2025-05-09 18:50:49.612,6870.0,4909,6860.0,5200,6850.0,467,6840.0,20319,6830.0,772,6880.0,3530,6890.0,992,6900.0,17145,6910.0,21931,6920.0,16616,2025-05-09 18:50:49.527,,2147483647,1510354,True,offer
11929,1921921,1613098051,MERV - XMEV - GGAL - 24hs,6880.0,2025-05-09 18:50:49,46,2025-05-09 18:50:50.145,6870.0,4909,6860.0,5200,6850.0,404,6840.0,20319,6830.0,772,6880.0,3484,6890.0,1042,6900.0,17145,6910.0,21931,6920.0,16616,2025-05-09 18:50:50.058,,2147483647,1510354,False,nan
11930,1922018,1613098167,MERV - XMEV - GGAL - 24hs,6880.0,2025-05-09 18:50:50,31,2025-05-09 18:50:50.643,6870.0,4909,6860.0,5200,6850.0,404,6840.0,20319,6830.0,772,6880.0,3484,6890.0,1042,6900.0,17145,6910.0,21931,6920.0,16616,2025-05-09 18:50:50.558,,2147483647,1510421,True,offer
11931,1922058,1613098216,MERV - XMEV - GGAL - 24hs,6880.0,2025-05-09 18:50:50,31,2025-05-09 18:50:51.148,6870.0,4909,6860.0,5200,6850.0,404,6840.0,20319,6830.0,772,6880.0,3432,6890.0,1042,6900.0,17145,6910.0,21931,6920.0,16616,2025-05-09 18:50:51.058,,2147483647,1510452,False,nan
11932,1922236,1613098440,MERV - XMEV - GGAL - 24hs,6880.0,2025-05-09 18:50:53,230,2025-05-09 18:50:53.481,6870.0,4909,6860.0,5200,6850.0,404,6840.0,20319,6830.0,772,6880.0,3432,6890.0,1042,6900.0,17145,6910.0,21931,6920.0,16616,2025-05-09 18:50:53.395,,2147483647,1510452,True,offer
11933,1922272,1613098485,MERV - XMEV - GGAL - 24hs,6880.0,2025-05-09 18:50:53,230,2025-05-09 18:50:54.128,6870.0,4909,6860.0,4854,6850.0,404,6840.0,20319,6830.0,772,6880.0,3202,6890.0,1042,6900.0,17145,6910.0,21931,6920.0,16616,2025-05-09 18:50:54.043,,2147483647,1510452,False,nan
11934,1922309,1613098531,MERV - XMEV - GGAL - 24hs,6880.0,2025-05-09 18:50:54,46,2025-05-09 18:50:54.628,6870.0,4909,6860.0,4854,6850.0,404,6840.0,20319,6830.0,772,6880.0,3202,6890.0,1042,6900.0,17145,6910.0,21931,6920.0,16616,2025-05-09 18:50:54.543,,2147483647,1510682,True,offer
11935,1922366,1613098601,MERV - XMEV - GGAL - 24hs,6880.0,2025-05-09 18:50:54,46,2025-05-09 18:50:55.131,6870.0,4909,6860.0,5200,6850.0,404,6840.0,20319,6830.0,772,6880.0,3156,6890.0,1042,6900.0,17145,6910.0,21931,6920.0,16616,2025-05-09 18:50:55.042,,2147483647,1510682,False,nan
11936,1922407,1613098644,MERV - XMEV - GGAL - 24hs,6880.0,2025-05-09 18:50:54,46,2025-05-09 18:50:55.637,6870.0,4909,6860.0,5200,6850.0,404,6840.0,20319,6830.0,772,6880.0,3156,6890.0,1042,6900.0,17145,6910.0,21931,6920.0,16616,2025-05-09 18:50:55.551,,2147483647,1510728,False,nan
11937,1922586,1613098878,MERV - XMEV - GGAL - 24hs,6880.0,2025-05-09 18:50:54,46,2025-05-09 18:50:58.400,6870.0,4909,6860.0,348,6850.0,404,6840.0,20319,6830.0,772,6880.0,3156,6890.0,1042,6900.0,17145,6910.0,21931,6920.0,16616,2025-05-09 18:50:58.307,,2147483647,1510728,False,nan
11938,1922751,1613099086,MERV - XMEV - GGAL - 24hs,6880.0,2025-05-09 18:50:54,46,2025-05-09 18:51:00.815,6870.0,4909,6860.0,348,6850.0,404,6840.0,20319,6830.0,772,6880.0,3156,6890.0,51,6900.0,18136,6910.0,21931,6920.0,16616,2025-05-09 18:51:00.729,,2147483647,1510728,False,nan
11939,1922872,1613099251,MERV - XMEV - GGAL - 24hs,6880.0,2025-05-09 18:50:54,46,2025-05-09 18:51:02.487,6870.0,4909,6860.0,348,6850.0,404,6840.0,20319,6830.0,772,6880.0,3156,6890.0,301,6900.0,18136,6910.0,21931,6920.0,16616,2025-05-09 18:51:02.398,,2147483647,1510728,False,nan
11940,1923006,1613099425,MERV - XMEV - GGAL - 24hs,6880.0,2025-05-09 18:50:54,46,2025-05-09 18:51:04.411,6870.0,4909,6860.0,348,6850.0,404,6840.0,20319,6830.0,772,6880.0,3156,6890.0,2301,6900.0,18136,6910.0,21931,6920.0,16616,2025-05-09 18:51:04.325,,2147483647,1510728,False,nan
11941,1923185,1613099674,MERV - XMEV - GGAL - 24hs,6880.0,2025-05-09 18:50:54,46,2025-05-09 18:51:06.974,6870.0,4909,6860.0,348,6850.0,404,6840.0,19319,6830.0,1772,6880.0,3156,6890.0,2301,6900.0,18136,6910.0,21931,6920.0,16616,2025-05-09 18:51:06.874,,2147483647,1510728,False,nan
11942,1923507,1613100137,MERV - XMEV - GGAL - 24hs,6880.0,2025-05-09 18:50:54,46,2025-05-09 18:51:11.328,6870.0,4909,6860.0,690,6850.0,404,6840.0,19319,6830.0,1772,6880.0,3156,6890.0,2301,6900.0,18136,6910.0,21931,6920.0,16616,2025-05-09 18:51:11.237,,2147483647,1510728,False,nan
11943,1923588,1613100247,MERV - XMEV - GGAL - 24hs,6880.0,2025-05-09 18:50:54,46,2025-05-09 18:51:12.545,6870.0,4909,6860.0,695,6850.0,404,6840.0,19319,6830.0,1772,6880.0,3156,6890.0,2301,6900.0,18136,6910.0,21931,6920.0,16616,2025-05-09 18:51:12.455,,2147483647,1510728,False,nan
11944,1923750,1613100503,MERV - XMEV - GGAL - 24hs,6870.0,2025-05-09 18:51:15,5,2025-05-09 18:51:15.886,6870.0,4909,6860.0,695,6850.0,404,6840.0,19319,6830.0,1772,6880.0,3156,6890.0,2301,6900.0,18136,6910.0,21931,6920.0,16616,2025-05-09 18:51:15.801,,2147483647,1510728,True,bid
11945,1923809,1613100577,MERV - XMEV - GGAL - 24hs,6870.0,2025-05-09 18:51:15,5,2025-05-09 18:51:16.557,6870.0,4904,6860.0,695,6850.0,404,6840.0,19319,6830.0,1772,6880.0,3156,6890.0,2301,6900.0,18136,6910.0,21931,6920.0,16616,2025-05-09 18:51:16.472,,2147483647,1510728,False,nan
11946,1923843,1613100621,MERV - XMEV - GGAL - 24hs,6870.0,2025-05-09 18:51:15,5,2025-05-09 18:51:17.060,6870.0,4904,6860.0,695,6850.0,404,6840.0,19319,6830.0,1772,6880.0,3156,6890.0,2301,6900.0,18136,6910.0,21931,6920.0,16616,2025-05-09 18:51:16.972,,2147483647,1510733,False,nan
11947,1924107,1613100977,MERV - XMEV - GGAL - 24hs,6880.0,2025-05-09 18:51:20,2587,2025-05-09 18:51:20.200,6870.0,4904,6860.0,695,6850.0,404,6840.0,19319,6830.0,1772,6880.0,3156,6890.0,2301,6900.0,18136,6910.0,21931,6920.0,16616,2025-05-09 18:51:20.113,,2147483647,1510733,True,offer
11948,1924174,1613101080,MERV - XMEV - GGAL - 24hs,6880.0,2025-05-09 18:51:20,1647,2025-05-09 18:51:20.715,6870.0,101,6860.0,695,6850.0,404,6840.0,19319,6830.0,1772,6880.0,1,6890.0,2301,6900.0,18136,6910.0,26931,6920.0,11616,2025-05-09 18:51:20.612,,2147483647,1513889,False,nan
11949,1924264,1613101188,MERV - XMEV - GGAL - 24hs,6880.0,2025-05-09 18:51:20,1647,2025-05-09 18:51:21.197,6870.0,101,6860.0,695,6850.0,404,6840.0,19319,6830.0,1772,6880.0,1,6890.0,2301,6900.0,18136,6910.0,26931,6920.0,11616,2025-05-09 18:51:21.113,,2147483647,1515536,False,nan
11950,1924310,1613101244,MERV - XMEV - GGAL - 24hs,6870.0,2025-05-09 18:51:21,1,2025-05-09 18:51:21.699,6870.0,101,6860.0,695,6850.0,404,6840.0,19319,6830.0,1772,6880.0,1,6890.0,2301,6900.0,18136,6910.0,26931,6920.0,11616,2025-05-09 18:51:21.612,,2147483647,1515536,True,bid
11951,1924362,1613101334,MERV - XMEV - GGAL - 24hs,6870.0,2025-05-09 18:51:21,1,2025-05-09 18:51:22.197,6860.0,695,6850.0,404,6840.0,19319,6830.0,1772,6820.0,2435,6870.0,6121,6880.0,1,6890.0,2301,6900.0,18136,6910.0,20709,2025-05-09 18:51:22.112,,2147483647,1515637,False,nan
11952,1924454,1613101443,MERV - XMEV - GGAL - 24hs,6870.0,2025-05-09 18:51:22,231,2025-05-09 18:51:22.715,6860.0,695,6850.0,404,6840.0,19319,6830.0,1772,6820.0,2435,6870.0,6121,6880.0,1,6890.0,2301,6900.0,18136,6910.0,20709,2025-05-09 18:51:22.613,,2147483647,1515637,True,offer
11953,1924533,1613101562,MERV - XMEV - GGAL - 24hs,6870.0,2025-05-09 18:51:22,100,2025-05-09 18:51:23.255,6860.0,695,6850.0,404,6840.0,19319,6830.0,1772,6820.0,2435,6870.0,4866,6880.0,1,6890.0,2301,6900.0,18136,6910.0,20709,2025-05-09 18:51:23.115,,2147483647,1516892,False,nan
11954,1925058,1613102262,MERV - XMEV - GGAL - 24hs,6870.0,2025-05-09 18:51:22,100,2025-05-09 18:51:28.768,6860.0,695,6850.0,404,6840.0,19319,6830.0,1772,6820.0,2435,6870.0,250,6880.0,1,6890.0,6917,6900.0,18136,6910.0,20709,2025-05-09 18:51:28.682,,2147483647,1516892,False,nan
11955,1925088,1613102304,MERV - XMEV - GGAL - 24hs,6870.0,2025-05-09 18:51:29,60,2025-05-09 18:51:29.269,6860.0,695,6850.0,404,6840.0,19319,6830.0,1772,6820.0,2435,6870.0,250,6880.0,1,6890.0,6917,6900.0,18136,6910.0,20709,2025-05-09 18:51:29.183,,2147483647,1517082,True,offer
11956,1925151,1613102377,MERV - XMEV - GGAL - 24hs,6870.0,2025-05-09 18:51:29,60,2025-05-09 18:51:29.811,6870.0,435,6860.0,695,6850.0,404,6840.0,19319,6830.0,1765,6890.0,6917,6900.0,18136,6910.0,20709,6920.0,11616,6930.0,88,2025-05-09 18:51:29.723,,2147483647,1517082,False,nan
11957,1925207,1613102449,MERV - XMEV - GGAL - 24hs,6870.0,2025-05-09 18:51:29,60,2025-05-09 18:51:30.309,6870.0,435,6860.0,695,6850.0,404,6840.0,19319,6830.0,1765,6890.0,6917,6900.0,18136,6910.0,20709,6920.0,11616,6930.0,88,2025-05-09 18:51:30.224,,2147483647,1517142,False,nan
11958,1925252,1613102511,MERV - XMEV - GGAL - 24hs,6880.0,2025-05-09 18:51:30,8,2025-05-09 18:51:30.809,6870.0,435,6860.0,695,6850.0,404,6840.0,19319,6830.0,1765,6890.0,6917,6900.0,18136,6910.0,20709,6920.0,11616,6930.0,88,2025-05-09 18:51:30.723,,2147483647,1517142,True,nan
11959,1925314,1613102587,MERV - XMEV - GGAL - 24hs,6880.0,2025-05-09 18:51:30,8,2025-05-09 18:51:31.314,6870.0,359,6860.0,695,6850.0,504,6840.0,19326,6830.0,1765,6880.0,1,6890.0,6917,6900.0,18136,6910.0,20709,6920.0,11616,2025-05-09 18:51:31.224,,2147483647,1517150,False,nan
11960,1925870,1613103293,MERV - XMEV - GGAL - 24hs,6880.0,2025-05-09 18:51:30,8,2025-05-09 18:51:34.538,6870.0,359,6860.0,3,6850.0,5511,6840.0,19326,6830.0,1765,6880.0,1,6890.0,6917,6900.0,18136,6910.0,20709,6920.0,11616,2025-05-09 18:51:33.953,,2147483647,1517150,False,nan
11961,1926220,1613103728,MERV - XMEV - GGAL - 24hs,6880.0,2025-05-09 18:51:30,8,2025-05-09 18:51:37.371,6870.0,359,6860.0,3,6850.0,886,6840.0,19326,6830.0,1765,6890.0,6917,6900.0,18136,6910.0,20709,6920.0,11616,6930.0,88,2025-05-09 18:51:37.251,,2147483647,1517150,False,nan
11962,1926336,1613103874,MERV - XMEV - GGAL - 24hs,6880.0,2025-05-09 18:51:30,8,2025-05-09 18:51:38.246,6870.0,435,6860.0,3,6850.0,1483,6840.0,19319,6830.0,1765,6890.0,6917,6900.0,18136,6910.0,20709,6920.0,11616,6930.0,88,2025-05-09 18:51:38.159,,2147483647,1517150,False,nan
11963,1926475,1613104072,MERV - XMEV - GGAL - 24hs,6870.0,2025-05-09 18:51:39,13,2025-05-09 18:51:39.423,6870.0,435,6860.0,3,6850.0,1483,6840.0,19319,6830.0,1765,6890.0,6917,6900.0,18136,6910.0,20709,6920.0,11616,6930.0,88,2025-05-09 18:51:39.334,,2147483647,1517150,True,bid
11964,1926666,1613104292,MERV - XMEV - GGAL - 24hs,6870.0,2025-05-09 18:51:39,13,2025-05-09 18:51:40.139,6870.0,422,6860.0,3,6850.0,1483,6840.0,19319,6830.0,1765,6890.0,6917,6900.0,18136,6910.0,20709,6920.0,11616,6930.0,88,2025-05-09 18:51:40.016,,2147483647,1517150,False,nan
11965,1926826,1613104484,MERV - XMEV - GGAL - 24hs,6870.0,2025-05-09 18:51:39,13,2025-05-09 18:51:41.352,6870.0,422,6860.0,3,6850.0,1483,6840.0,19319,6830.0,1765,6890.0,6917,6900.0,18136,6910.0,20709,6920.0,11616,6930.0,88,2025-05-09 18:51:40.879,,2147483647,1517163,False,nan
11966,1927085,1613104818,MERV - XMEV - GGAL - 24hs,6870.0,2025-05-09 18:51:39,13,2025-05-09 18:51:42.428,6870.0,422,6860.0,148,6850.0,1483,6840.0,19319,6830.0,1765,6890.0,6917,6900.0,18136,6910.0,20709,6920.0,11616,6930.0,88,2025-05-09 18:51:42.336,,2147483647,1517163,False,nan
11967,1927174,1613104960,MERV - XMEV - GGAL - 24hs,6870.0,2025-05-09 18:51:39,13,2025-05-09 18:51:43.311,6870.0,455,6860.0,148,6850.0,1483,6840.0,19319,6830.0,1772,6880.0,200,6890.0,2051,6900.0,18136,6910.0,20709,6920.0,11616,2025-05-09 18:51:43.224,,2147483647,1517163,False,nan
11968,1927236,1613105051,MERV - XMEV - GGAL - 24hs,6870.0,2025-05-09 18:51:43,23,2025-05-09 18:51:43.916,6870.0,455,6860.0,148,6850.0,1483,6840.0,19319,6830.0,1772,6880.0,200,6890.0,2051,6900.0,18136,6910.0,20709,6920.0,11616,2025-05-09 18:51:43.824,,2147483647,1517163,True,bid
11969,1927311,1613105145,MERV - XMEV - GGAL - 24hs,6870.0,2025-05-09 18:51:43,23,2025-05-09 18:51:44.571,6870.0,432,6860.0,148,6850.0,1483,6840.0,19319,6830.0,1772,6880.0,200,6890.0,2051,6900.0,28136,6910.0,10709,6920.0,11616,2025-05-09 18:51:44.483,,2147483647,1517163,False,nan
11970,1927423,1613105308,MERV - XMEV - GGAL - 24hs,6870.0,2025-05-09 18:51:43,23,2025-05-09 18:51:45.119,6870.0,432,6860.0,148,6850.0,1483,6840.0,19319,6830.0,1772,6880.0,200,6890.0,2051,6900.0,28136,6910.0,10709,6920.0,11616,2025-05-09 18:51:44.985,,2147483647,1517186,False,nan
11971,1927592,1613105551,MERV - XMEV - GGAL - 24hs,6870.0,2025-05-09 18:51:43,23,2025-05-09 18:51:46.063,6870.0,432,6860.0,1148,6850.0,1483,6840.0,19319,6830.0,1772,6880.0,200,6890.0,2051,6900.0,28136,6910.0,10709,6920.0,11616,2025-05-09 18:51:45.974,,2147483647,1517186,False,nan
11972,1928034,1613106127,MERV - XMEV - GGAL - 24hs,6870.0,2025-05-09 18:51:50,109,2025-05-09 18:51:50.631,6870.0,432,6860.0,1148,6850.0,1483,6840.0,19319,6830.0,1772,6880.0,200,6890.0,2051,6900.0,28136,6910.0,10709,6920.0,11616,2025-05-09 18:51:50.544,,2147483647,1517186,True,bid
11973,1928070,1613106167,MERV - XMEV - GGAL - 24hs,6870.0,2025-05-09 18:51:50,190,2025-05-09 18:51:51.132,6870.0,432,6860.0,1148,6850.0,1483,6840.0,19319,6830.0,1772,6880.0,200,6890.0,2051,6900.0,28136,6910.0,10709,6920.0,11616,2025-05-09 18:51:51.044,,2147483647,1517186,False,nan
11974,1928126,1613106235,MERV - XMEV - GGAL - 24hs,6870.0,2025-05-09 18:51:50,190,2025-05-09 18:51:51.632,6860.0,1224,6850.0,1483,6840.0,19319,6830.0,1765,6820.0,2435,6880.0,1500,6890.0,2051,6900.0,28136,6910.0,10709,6920.0,11616,2025-05-09 18:51:51.544,,2147483647,1517618,False,nan
11975,1928164,1613106282,MERV - XMEV - GGAL - 24hs,6860.0,2025-05-09 18:51:51,41,2025-05-09 18:51:52.496,6860.0,1224,6850.0,1483,6840.0,19319,6830.0,1765,6820.0,2435,6880.0,1500,6890.0,2051,6900.0,28136,6910.0,10709,6920.0,11616,2025-05-09 18:51:52.341,,2147483647,1517618,True,bid
11976,1928201,1613106329,MERV - XMEV - GGAL - 24hs,6860.0,2025-05-09 18:51:51,41,2025-05-09 18:51:52.667,6860.0,1104,6850.0,1483,6840.0,19319,6830.0,1765,6820.0,2442,6870.0,400,6880.0,1500,6890.0,2051,6900.0,28625,6910.0,10709,2025-05-09 18:51:52.544,,2147483647,1517662,False,nan
11977,1928549,1613106767,MERV - XMEV - GGAL - 24hs,6870.0,2025-05-09 18:51:56,4,2025-05-09 18:51:57.031,6860.0,1104,6850.0,1483,6840.0,19319,6830.0,1765,6820.0,2442,6870.0,400,6880.0,1500,6890.0,2051,6900.0,28625,6910.0,10709,2025-05-09 18:51:56.945,,2147483647,1517662,True,offer
11978,1928582,1613106805,MERV - XMEV - GGAL - 24hs,6870.0,2025-05-09 18:51:56,4,2025-05-09 18:51:57.696,6860.0,1104,6850.0,1483,6840.0,19319,6830.0,1765,6820.0,2442,6870.0,396,6880.0,1500,6890.0,2051,6900.0,28625,6910.0,10709,2025-05-09 18:51:57.606,,2147483647,1517662,False,nan
11979,1928611,1613106839,MERV - XMEV - GGAL - 24hs,6870.0,2025-05-09 18:51:56,4,2025-05-09 18:51:58.194,6860.0,1104,6850.0,1483,6840.0,19319,6830.0,1765,6820.0,2442,6870.0,396,6880.0,1500,6890.0,2051,6900.0,28625,6910.0,10709,2025-05-09 18:51:58.108,,2147483647,1517666,False,nan
11980,1928672,1613106925,MERV - XMEV - GGAL - 24hs,6870.0,2025-05-09 18:51:59,51,2025-05-09 18:51:59.520,6860.0,1104,6850.0,1483,6840.0,19319,6830.0,1765,6820.0,2442,6870.0,396,6880.0,1500,6890.0,2051,6900.0,28625,6910.0,10709,2025-05-09 18:51:59.435,,2147483647,1517666,True,offer
11981,1928705,1613106964,MERV - XMEV - GGAL - 24hs,6870.0,2025-05-09 18:51:59,51,2025-05-09 18:52:00.195,6860.0,1104,6850.0,1483,6840.0,19319,6830.0,1765,6820.0,2442,6870.0,345,6880.0,1500,6890.0,2051,6900.0,28625,6910.0,10709,2025-05-09 18:52:00.102,,2147483647,1517666,False,nan
11982,1928734,1613106999,MERV - XMEV - GGAL - 24hs,6870.0,2025-05-09 18:51:59,51,2025-05-09 18:52:00.685,6860.0,1104,6850.0,1483,6840.0,19319,6830.0,1765,6820.0,2442,6870.0,345,6880.0,1500,6890.0,2051,6900.0,28625,6910.0,10709,2025-05-09 18:52:00.598,,2147483647,1517717,False,nan
11983,1928969,1613107289,MERV - XMEV - GGAL - 24hs,6870.0,2025-05-09 18:51:59,51,2025-05-09 18:52:04.028,6860.0,1104,6850.0,1483,6840.0,19319,6830.0,1765,6820.0,2442,6870.0,345,6880.0,1725,6890.0,2051,6900.0,28625,6910.0,10709,2025-05-09 18:52:03.942,,2147483647,1517717,False,nan
11984,1929232,1613107597,MERV - XMEV - GGAL - 24hs,6860.0,2025-05-09 18:52:05,5,2025-05-09 18:52:05.743,6860.0,1104,6850.0,1483,6840.0,19319,6830.0,1765,6820.0,2442,6870.0,345,6880.0,1725,6890.0,2051,6900.0,28625,6910.0,10709,2025-05-09 18:52:05.581,,2147483647,1517717,True,bid
11985,1929275,1613107651,MERV - XMEV - GGAL - 24hs,6860.0,2025-05-09 18:52:05,87,2025-05-09 18:52:06.166,6860.0,1104,6850.0,1483,6840.0,19319,6830.0,1765,6820.0,2442,6870.0,345,6880.0,1725,6890.0,2051,6900.0,28625,6910.0,10709,2025-05-09 18:52:06.081,,2147483647,1517722,False,nan
11986,1929343,1613107728,MERV - XMEV - GGAL - 24hs,6860.0,2025-05-09 18:52:05,87,2025-05-09 18:52:06.667,6860.0,1012,6850.0,1483,6840.0,19319,6830.0,1765,6820.0,2442,6870.0,345,6880.0,1725,6890.0,2051,6900.0,28625,6910.0,10709,2025-05-09 18:52:06.582,,2147483647,1517809,False,nan
11987,1929810,1613108290,MERV - XMEV - GGAL - 24hs,6870.0,2025-05-09 18:52:10,130,2025-05-09 18:52:10.380,6860.0,1012,6850.0,1483,6840.0,19319,6830.0,1765,6820.0,2442,6870.0,345,6880.0,1725,6890.0,2051,6900.0,28625,6910.0,10709,2025-05-09 18:52:10.289,,2147483647,1517809,True,offer
11988,1929871,1613108366,MERV - XMEV - GGAL - 24hs,6870.0,2025-05-09 18:52:10,130,2025-05-09 18:52:11.034,6860.0,1012,6850.0,1483,6840.0,19319,6830.0,1765,6820.0,2442,6870.0,215,6880.0,1725,6890.0,2051,6900.0,28625,6910.0,10709,2025-05-09 18:52:10.949,,2147483647,1517809,False,nan
11989,1929896,1613108396,MERV - XMEV - GGAL - 24hs,6870.0,2025-05-09 18:52:10,130,2025-05-09 18:52:11.534,6860.0,1012,6850.0,1483,6840.0,19319,6830.0,1765,6820.0,2442,6870.0,215,6880.0,1725,6890.0,2051,6900.0,28625,6910.0,10709,2025-05-09 18:52:11.449,,2147483647,1517939,False,nan
11990,1930058,1613108609,MERV - XMEV - GGAL - 24hs,6870.0,2025-05-09 18:52:10,130,2025-05-09 18:52:14.227,6860.0,1012,6850.0,1483,6840.0,19319,6830.0,1765,6820.0,2442,6870.0,1715,6880.0,225,6890.0,2051,6900.0,30625,6910.0,8709,2025-05-09 18:52:14.141,,2147483647,1517939,False,nan
11991,1930309,1613108922,MERV - XMEV - GGAL - 24hs,6870.0,2025-05-09 18:52:10,130,2025-05-09 18:52:17.214,6860.0,1012,6850.0,1483,6840.0,19319,6830.0,765,6820.0,3442,6870.0,1715,6880.0,225,6890.0,2051,6900.0,30625,6910.0,8709,2025-05-09 18:52:17.127,,2147483647,1517939,False,nan
11992,1931137,1613110015,MERV - XMEV - GGAL - 24hs,6870.0,2025-05-09 18:52:10,130,2025-05-09 18:52:24.738,6860.0,1012,6850.0,1483,6840.0,19319,6830.0,765,6820.0,3442,6870.0,1715,6880.0,225,6890.0,12051,6900.0,25625,6910.0,3709,2025-05-09 18:52:24.606,,2147483647,1517939,False,nan
11993,1931223,1613110120,MERV - XMEV - GGAL - 24hs,6870.0,2025-05-09 18:52:10,130,2025-05-09 18:52:25.503,6860.0,1012,6850.0,1483,6840.0,19319,6830.0,765,6820.0,3442,6870.0,1715,6880.0,225,6890.0,26518,6900.0,11158,6910.0,3709,2025-05-09 18:52:25.417,,2147483647,1517939,False,nan
11994,1931427,1613110432,MERV - XMEV - GGAL - 24hs,6870.0,2025-05-09 18:52:10,130,2025-05-09 18:52:28.620,6860.0,1012,6850.0,1483,6840.0,19319,6830.0,765,6820.0,3442,6870.0,1715,6880.0,225,6890.0,16518,6900.0,21158,6910.0,3709,2025-05-09 18:52:28.533,,2147483647,1517939,False,nan
11995,1931489,1613110505,MERV - XMEV - GGAL - 24hs,6870.0,2025-05-09 18:52:10,130,2025-05-09 18:52:29.391,6860.0,1012,6850.0,1483,6840.0,19319,6830.0,765,6820.0,3442,6870.0,1715,6880.0,225,6890.0,16518,6900.0,16158,6910.0,8709,2025-05-09 18:52:29.301,,2147483647,1517939,False,nan
11996,1931543,1613110569,MERV - XMEV - GGAL - 24hs,6860.0,2025-05-09 18:52:29,5,2025-05-09 18:52:29.963,6860.0,1012,6850.0,1483,6840.0,19319,6830.0,765,6820.0,3442,6870.0,1715,6880.0,225,6890.0,16518,6900.0,16158,6910.0,8709,2025-05-09 18:52:29.877,,2147483647,1517939,True,bid
11997,1931590,1613110622,MERV - XMEV - GGAL - 24hs,6860.0,2025-05-09 18:52:29,5,2025-05-09 18:52:31.183,6860.0,1007,6850.0,1483,6840.0,19319,6830.0,765,6820.0,3442,6870.0,1715,6880.0,225,6890.0,16518,6900.0,16158,6910.0,8709,2025-05-09 18:52:31.080,,2147483647,1517939,False,nan
11998,1931642,1613110688,MERV - XMEV - GGAL - 24hs,6860.0,2025-05-09 18:52:29,5,2025-05-09 18:52:31.387,6860.0,1007,6850.0,1483,6840.0,19319,6830.0,765,6820.0,3442,6870.0,1715,6880.0,225,6890.0,16518,6900.0,16158,6910.0,8709,2025-05-09 18:52:31.185,,2147483647,1517944,False,nan
11999,1931843,1613110954,MERV - XMEV - GGAL - 24hs,6870.0,2025-05-09 18:52:33,2,2025-05-09 18:52:33.092,6860.0,1007,6850.0,1483,6840.0,19319,6830.0,765,6820.0,3442,6870.0,1715,6880.0,225,6890.0,16518,6900.0,16158,6910.0,8709,2025-05-09 18:52:33.007,,2147483647,1517944,True,offer
12000,1931899,1613111020,MERV - XMEV - GGAL - 24hs,6870.0,2025-05-09 18:52:33,2,2025-05-09 18:52:33.591,6860.0,1007,6850.0,1483,6840.0,19319,6830.0,765,6820.0,3442,6870.0,1713,6880.0,225,6890.0,16518,6900.0,16158,6910.0,8709,2025-05-09 18:52:33.506,,2147483647,1517944,False,nan
12001,1931972,1613111104,MERV - XMEV - GGAL - 24hs,6870.0,2025-05-09 18:52:33,2,2025-05-09 18:52:34.092,6860.0,1007,6850.0,1483,6840.0,19319,6830.0,765,6820.0,3442,6870.0,1713,6880.0,225,6890.0,16518,6900.0,16158,6910.0,8709,2025-05-09 18:52:34.007,,2147483647,1517946,False,nan
12002,1932271,1613111468,MERV - XMEV - GGAL - 24hs,6870.0,2025-05-09 18:52:33,2,2025-05-09 18:52:37.226,6860.0,1007,6850.0,1483,6840.0,19319,6830.0,765,6820.0,3442,6870.0,1713,6880.0,225,6890.0,16518,6900.0,21158,6910.0,3709,2025-05-09 18:52:37.139,,2147483647,1517946,False,nan
12003,1932832,1613112152,MERV - XMEV - GGAL - 24hs,6870.0,2025-05-09 18:52:33,2,2025-05-09 18:52:43.542,6860.0,1007,6850.0,1483,6840.0,4411,6830.0,15673,6820.0,3442,6870.0,1713,6880.0,225,6890.0,16518,6900.0,21158,6910.0,3709,2025-05-09 18:52:43.455,,2147483647,1517946,False,nan
12004,1933180,1613112598,MERV - XMEV - GGAL - 24hs,6870.0,2025-05-09 18:52:46,213,2025-05-09 18:52:46.728,6860.0,1007,6850.0,1483,6840.0,4411,6830.0,15673,6820.0,3442,6870.0,1713,6880.0,225,6890.0,16518,6900.0,21158,6910.0,3709,2025-05-09 18:52:46.620,,2147483647,1517946,True,offer
12005,1933241,1613112668,MERV - XMEV - GGAL - 24hs,6870.0,2025-05-09 18:52:46,787,2025-05-09 18:52:47.205,6860.0,1007,6850.0,1483,6840.0,4411,6830.0,765,6820.0,18350,6870.0,713,6880.0,225,6890.0,26518,6900.0,11158,6910.0,3709,2025-05-09 18:52:47.120,,2147483647,1517946,False,nan
12006,1933283,1613112735,MERV - XMEV - GGAL - 24hs,6870.0,2025-05-09 18:52:46,787,2025-05-09 18:52:47.724,6860.0,1007,6850.0,1483,6840.0,4411,6830.0,765,6820.0,18350,6870.0,713,6880.0,225,6890.0,26518,6900.0,11158,6910.0,3709,2025-05-09 18:52:47.620,,2147483647,1518946,False,nan
12007,1933715,1613113269,MERV - XMEV - GGAL - 24hs,6870.0,2025-05-09 18:52:46,787,2025-05-09 18:52:49.667,6860.0,1007,6850.0,1483,6840.0,4411,6830.0,765,6820.0,18350,6870.0,713,6880.0,225,6890.0,28518,6900.0,9158,6910.0,3709,2025-05-09 18:52:49.222,,2147483647,1518946,False,nan
12008,1933809,1613113371,MERV - XMEV - GGAL - 24hs,6870.0,2025-05-09 18:52:46,787,2025-05-09 18:52:50.552,6860.0,1024,6850.0,754,6840.0,21785,6830.0,765,6820.0,18350,6870.0,713,6880.0,225,6890.0,28518,6900.0,9158,6910.0,3709,2025-05-09 18:52:50.329,,2147483647,1518946,False,nan
12009,1934217,1613113890,MERV - XMEV - GGAL - 24hs,6860.0,2025-05-09 18:52:54,1,2025-05-09 18:52:54.275,6860.0,1024,6850.0,754,6840.0,21785,6830.0,765,6820.0,18350,6870.0,713,6880.0,225,6890.0,28518,6900.0,9158,6910.0,3709,2025-05-09 18:52:54.189,,2147483647,1518946,True,bid
12010,1934268,1613113961,MERV - XMEV - GGAL - 24hs,6860.0,2025-05-09 18:52:54,1,2025-05-09 18:52:54.790,6860.0,1023,6850.0,754,6840.0,21785,6830.0,765,6820.0,18350,6870.0,713,6880.0,225,6890.0,28518,6900.0,9158,6910.0,3709,2025-05-09 18:52:54.702,,2147483647,1518946,False,nan
12011,1934319,1613114023,MERV - XMEV - GGAL - 24hs,6860.0,2025-05-09 18:52:54,1,2025-05-09 18:52:55.286,6860.0,1023,6850.0,754,6840.0,21785,6830.0,765,6820.0,18350,6870.0,713,6880.0,225,6890.0,28518,6900.0,9158,6910.0,3709,2025-05-09 18:52:55.202,,2147483647,1518947,False,nan
12012,1934704,1613114476,MERV - XMEV - GGAL - 24hs,6860.0,2025-05-09 18:52:54,1,2025-05-09 18:52:59.626,6860.0,23,6850.0,1754,6840.0,21785,6830.0,765,6820.0,18350,6870.0,713,6880.0,225,6890.0,28518,6900.0,9158,6910.0,3709,2025-05-09 18:52:59.512,,2147483647,1518947,False,nan
12013,1934914,1613114744,MERV - XMEV - GGAL - 24hs,6860.0,2025-05-09 18:52:54,1,2025-05-09 18:53:02.072,6860.0,23,6850.0,1754,6840.0,21785,6830.0,765,6820.0,18350,6870.0,713,6880.0,14692,6890.0,14051,6900.0,9158,6910.0,3709,2025-05-09 18:53:01.986,,2147483647,1518947,False,nan
12014,1935671,1613115675,MERV - XMEV - GGAL - 24hs,6870.0,2025-05-09 18:53:09,32,2025-05-09 18:53:09.409,6860.0,23,6850.0,1754,6840.0,21785,6830.0,765,6820.0,18350,6870.0,713,6880.0,14692,6890.0,14051,6900.0,9158,6910.0,3709,2025-05-09 18:53:09.320,,2147483647,1518947,True,offer
12015,1935750,1613115773,MERV - XMEV - GGAL - 24hs,6870.0,2025-05-09 18:53:09,32,2025-05-09 18:53:10.075,6860.0,23,6850.0,1754,6840.0,21785,6830.0,765,6820.0,18350,6870.0,681,6880.0,14692,6890.0,14051,6900.0,9158,6910.0,3709,2025-05-09 18:53:09.988,,2147483647,1518947,False,nan
12016,1935793,1613115829,MERV - XMEV - GGAL - 24hs,6870.0,2025-05-09 18:53:09,32,2025-05-09 18:53:10.568,6860.0,23,6850.0,1754,6840.0,21785,6830.0,765,6820.0,18350,6870.0,681,6880.0,14692,6890.0,14051,6900.0,9158,6910.0,3709,2025-05-09 18:53:10.483,,2147483647,1518979,False,nan
12017,1935983,1613116067,MERV - XMEV - GGAL - 24hs,6870.0,2025-05-09 18:53:09,32,2025-05-09 18:53:13.210,6860.0,23,6850.0,1754,6840.0,21785,6830.0,765,6820.0,18350,6870.0,681,6880.0,14692,6890.0,14051,6900.0,10158,6910.0,3709,2025-05-09 18:53:13.124,,2147483647,1518979,False,nan
12018,1936276,1613116482,MERV - XMEV - GGAL - 24hs,6870.0,2025-05-09 18:53:17,681,2025-05-09 18:53:17.507,6860.0,23,6850.0,1754,6840.0,21785,6830.0,765,6820.0,18350,6870.0,681,6880.0,14692,6890.0,14051,6900.0,10158,6910.0,3709,2025-05-09 18:53:17.422,,2147483647,1518979,True,offer
12019,1936384,1613116618,MERV - XMEV - GGAL - 24hs,6870.0,2025-05-09 18:53:17,681,2025-05-09 18:53:18.240,6860.0,23,6850.0,1754,6840.0,21785,6830.0,765,6820.0,18350,6870.0,1500,6880.0,14692,6890.0,14051,6900.0,10158,6910.0,3709,2025-05-09 18:53:18.087,,2147483647,1518979,False,nan
12020,1936436,1613116678,MERV - XMEV - GGAL - 24hs,6870.0,2025-05-09 18:53:17,681,2025-05-09 18:53:18.672,6860.0,23,6850.0,1754,6840.0,21785,6830.0,765,6820.0,18350,6870.0,1500,6880.0,14692,6890.0,14051,6900.0,10158,6910.0,3709,2025-05-09 18:53:18.587,,2147483647,1519660,False,nan
12021,1936637,1613116931,MERV - XMEV - GGAL - 24hs,6870.0,2025-05-09 18:53:20,3,2025-05-09 18:53:20.879,6860.0,23,6850.0,1754,6840.0,21785,6830.0,765,6820.0,18350,6870.0,1500,6880.0,14692,6890.0,14051,6900.0,10158,6910.0,3709,2025-05-09 18:53:20.791,,2147483647,1519660,True,offer
12022,1936666,1613116969,MERV - XMEV - GGAL - 24hs,6870.0,2025-05-09 18:53:20,3,2025-05-09 18:53:21.381,6860.0,223,6850.0,1754,6840.0,21785,6830.0,765,6820.0,18350,6870.0,1497,6880.0,14692,6890.0,14051,6900.0,10158,6910.0,3709,2025-05-09 18:53:21.296,,2147483647,1519660,False,nan
12023,1936703,1613117017,MERV - XMEV - GGAL - 24hs,6870.0,2025-05-09 18:53:20,3,2025-05-09 18:53:21.884,6860.0,223,6850.0,1754,6840.0,21785,6830.0,765,6820.0,18350,6870.0,1497,6880.0,14692,6890.0,14051,6900.0,10158,6910.0,3709,2025-05-09 18:53:21.791,,2147483647,1519663,False,nan
12024,1936778,1613117110,MERV - XMEV - GGAL - 24hs,6870.0,2025-05-09 18:53:20,3,2025-05-09 18:53:23.039,6860.0,223,6850.0,1754,6840.0,21785,6830.0,765,6820.0,18350,6870.0,1497,6880.0,14692,6890.0,14051,6900.0,10839,6910.0,3709,2025-05-09 18:53:22.946,,2147483647,1519663,False,nan
12025,1937618,1613118178,MERV - XMEV - GGAL - 24hs,6870.0,2025-05-09 18:53:20,3,2025-05-09 18:53:32.610,6860.0,223,6850.0,1754,6840.0,21785,6830.0,765,6820.0,18350,6870.0,1547,6880.0,14692,6890.0,14051,6900.0,10839,6910.0,3709,2025-05-09 18:53:32.524,,2147483647,1519663,False,nan
12026,1938133,1613118843,MERV - XMEV - GGAL - 24hs,6870.0,2025-05-09 18:53:20,3,2025-05-09 18:53:39.127,6860.0,223,6850.0,1754,6840.0,21785,6830.0,765,6820.0,18350,6870.0,2234,6880.0,14692,6890.0,14051,6900.0,10839,6910.0,3709,2025-05-09 18:53:39.042,,2147483647,1519663,False,nan
12027,1938348,1613119109,MERV - XMEV - GGAL - 24hs,6870.0,2025-05-09 18:53:41,5,2025-05-09 18:53:41.929,6860.0,223,6850.0,1754,6840.0,21785,6830.0,765,6820.0,18350,6870.0,2234,6880.0,14692,6890.0,14051,6900.0,10839,6910.0,3709,2025-05-09 18:53:41.843,,2147483647,1519663,True,offer
12028,1938370,1613119135,MERV - XMEV - GGAL - 24hs,6870.0,2025-05-09 18:53:42,8,2025-05-09 18:53:42.428,6860.0,223,6850.0,1754,6840.0,21785,6830.0,765,6820.0,18350,6870.0,2234,6880.0,14692,6890.0,14051,6900.0,10839,6910.0,3709,2025-05-09 18:53:42.343,,2147483647,1519668,True,offer
12029,1938401,1613119171,MERV - XMEV - GGAL - 24hs,6870.0,2025-05-09 18:53:42,8,2025-05-09 18:53:42.932,6860.0,223,6850.0,1754,6840.0,21785,6830.0,765,6820.0,18350,6870.0,2221,6880.0,14692,6890.0,14051,6900.0,10839,6910.0,3709,2025-05-09 18:53:42.843,,2147483647,1519676,False,nan
12030,1938441,1613119222,MERV - XMEV - GGAL - 24hs,6870.0,2025-05-09 18:53:42,8,2025-05-09 18:53:43.432,6860.0,259,6850.0,1754,6840.0,21785,6830.0,765,6820.0,18350,6870.0,2221,6880.0,14692,6890.0,14051,6900.0,10839,6910.0,3709,2025-05-09 18:53:43.346,,2147483647,1519676,False,nan
12031,1938465,1613119260,MERV - XMEV - GGAL - 24hs,6860.0,2025-05-09 18:53:43,31,2025-05-09 18:53:43.932,6860.0,259,6850.0,1754,6840.0,21785,6830.0,765,6820.0,18350,6870.0,2221,6880.0,14692,6890.0,14051,6900.0,10839,6910.0,3709,2025-05-09 18:53:43.847,,2147483647,1519676,True,bid
12032,1938499,1613119312,MERV - XMEV - GGAL - 24hs,6870.0,2025-05-09 18:53:43,1,2025-05-09 18:53:44.432,6860.0,259,6850.0,1754,6840.0,21785,6830.0,765,6820.0,18350,6870.0,2221,6880.0,14692,6890.0,14051,6900.0,10839,6910.0,3709,2025-05-09 18:53:44.347,,2147483647,1519730,False,nan
12033,1938542,1613119367,MERV - XMEV - GGAL - 24hs,6870.0,2025-05-09 18:53:43,1,2025-05-09 18:53:44.932,6860.0,205,6850.0,1754,6840.0,21785,6830.0,765,6820.0,18350,6870.0,2220,6880.0,14692,6890.0,14051,6900.0,10839,6910.0,3709,2025-05-09 18:53:44.847,,2147483647,1519731,False,nan
12034,1939237,1613120260,MERV - XMEV - GGAL - 24hs,6870.0,2025-05-09 18:53:53,179,2025-05-09 18:53:53.908,6860.0,205,6850.0,1754,6840.0,21785,6830.0,765,6820.0,18350,6870.0,2220,6880.0,14692,6890.0,14051,6900.0,10839,6910.0,3709,2025-05-09 18:53:53.823,,2147483647,1519731,True,offer
12035,1939296,1613120331,MERV - XMEV - GGAL - 24hs,6870.0,2025-05-09 18:53:53,179,2025-05-09 18:53:54.573,6860.0,205,6850.0,1754,6840.0,21785,6830.0,765,6820.0,18350,6870.0,2041,6880.0,14692,6890.0,14051,6900.0,10839,6910.0,3709,2025-05-09 18:53:54.488,,2147483647,1519731,False,nan
12036,1939327,1613120370,MERV - XMEV - GGAL - 24hs,6870.0,2025-05-09 18:53:53,179,2025-05-09 18:53:55.081,6860.0,205,6850.0,1754,6840.0,21785,6830.0,765,6820.0,18350,6870.0,2041,6880.0,14692,6890.0,14051,6900.0,10839,6910.0,3709,2025-05-09 18:53:54.994,,2147483647,1519910,False,nan
12037,1940281,1613121573,MERV - XMEV - GGAL - 24hs,6870.0,2025-05-09 18:53:53,179,2025-05-09 18:54:06.356,6860.0,205,6850.0,1754,6840.0,21785,6830.0,765,6820.0,18350,6870.0,1354,6880.0,14692,6890.0,14051,6900.0,10839,6910.0,3709,2025-05-09 18:54:06.268,,2147483647,1519910,False,nan
12038,1940932,1613122380,MERV - XMEV - GGAL - 24hs,6870.0,2025-05-09 18:53:53,179,2025-05-09 18:54:12.211,6860.0,205,6850.0,1754,6840.0,21773,6830.0,765,6820.0,18350,6870.0,1354,6880.0,14692,6890.0,14051,6900.0,10839,6910.0,3709,2025-05-09 18:54:12.127,,2147483647,1519910,False,nan
12039,1941309,1613122870,MERV - XMEV - GGAL - 24hs,6870.0,2025-05-09 18:54:16,110,2025-05-09 18:54:16.421,6860.0,205,6850.0,1754,6840.0,21773,6830.0,765,6820.0,18350,6870.0,1354,6880.0,14692,6890.0,14051,6900.0,10839,6910.0,3709,2025-05-09 18:54:16.335,,2147483647,1519910,True,offer
12040,1941366,1613122958,MERV - XMEV - GGAL - 24hs,6870.0,2025-05-09 18:54:16,43,2025-05-09 18:54:17.079,6860.0,205,6850.0,1754,6840.0,21773,6830.0,765,6820.0,18350,6870.0,1354,6880.0,14692,6890.0,14051,6900.0,10839,6910.0,3709,2025-05-09 18:54:16.992,,2147483647,1520020,False,nan
12041,1941403,1613123018,MERV - XMEV - GGAL - 24hs,6870.0,2025-05-09 18:54:16,43,2025-05-09 18:54:17.578,6860.0,205,6850.0,1754,6840.0,21773,6830.0,765,6820.0,18350,6870.0,1201,6880.0,14692,6890.0,14051,6900.0,10839,6910.0,3709,2025-05-09 18:54:17.492,,2147483647,1520020,False,nan
12042,1941548,1613123187,MERV - XMEV - GGAL - 24hs,6870.0,2025-05-09 18:54:16,43,2025-05-09 18:54:18.759,6860.0,205,6850.0,1754,6840.0,21773,6830.0,765,6820.0,18350,6870.0,1201,6880.0,14692,6890.0,14051,6900.0,10839,6910.0,3709,2025-05-09 18:54:18.556,,2147483647,1520063,False,nan
12043,1943630,1613125860,MERV - XMEV - GGAL - 24hs,6870.0,2025-05-09 18:54:16,43,2025-05-09 18:54:35.539,6860.0,205,6850.0,1754,6840.0,21817,6830.0,765,6820.0,18350,6870.0,1201,6880.0,14692,6890.0,14051,6900.0,10839,6910.0,3709,2025-05-09 18:54:35.219,,2147483647,1520063,False,nan
12044,1943708,1613125970,MERV - XMEV - GGAL - 24hs,6870.0,2025-05-09 18:54:35,10,2025-05-09 18:54:35.988,6860.0,205,6850.0,1754,6840.0,21817,6830.0,765,6820.0,18350,6870.0,1201,6880.0,14692,6890.0,14051,6900.0,10839,6910.0,3709,2025-05-09 18:54:35.901,,2147483647,1520063,True,offer
12045,1943752,1613126033,MERV - XMEV - GGAL - 24hs,6870.0,2025-05-09 18:54:35,10,2025-05-09 18:54:36.487,6860.0,205,6850.0,1754,6840.0,21528,6830.0,765,6820.0,18350,6870.0,1191,6880.0,14692,6890.0,14051,6900.0,10839,6910.0,3709,2025-05-09 18:54:36.401,,2147483647,1520063,False,nan
12046,1943903,1613126242,MERV - XMEV - GGAL - 24hs,6870.0,2025-05-09 18:54:35,10,2025-05-09 18:54:37.192,6860.0,205,6850.0,1754,6840.0,21528,6830.0,765,6820.0,18350,6870.0,1191,6880.0,14692,6890.0,14051,6900.0,10839,6910.0,3709,2025-05-09 18:54:36.903,,2147483647,1520073,False,nan
12047,1944148,1613126532,MERV - XMEV - GGAL - 24hs,6870.0,2025-05-09 18:54:35,10,2025-05-09 18:54:39.085,6860.0,205,6850.0,1754,6840.0,21491,6830.0,765,6820.0,18350,6870.0,1191,6880.0,14692,6890.0,14051,6900.0,10839,6910.0,3709,2025-05-09 18:54:39.000,,2147483647,1520073,False,nan
12048,1944418,1613126852,MERV - XMEV - GGAL - 24hs,6870.0,2025-05-09 18:54:35,10,2025-05-09 18:54:41.782,6860.0,205,6850.0,1754,6840.0,21491,6830.0,765,6820.0,18350,6870.0,1191,6880.0,24692,6890.0,9051,6900.0,5839,6910.0,3709,2025-05-09 18:54:41.698,,2147483647,1520073,False,nan
12049,1944700,1613127204,MERV - XMEV - GGAL - 24hs,6870.0,2025-05-09 18:54:44,286,2025-05-09 18:54:45.027,6860.0,205,6850.0,1754,6840.0,21491,6830.0,765,6820.0,18350,6870.0,1191,6880.0,24692,6890.0,9051,6900.0,5839,6910.0,3709,2025-05-09 18:54:44.942,,2147483647,1520073,True,offer
12050,1944739,1613127248,MERV - XMEV - GGAL - 24hs,6870.0,2025-05-09 18:54:44,286,2025-05-09 18:54:45.527,6860.0,205,6850.0,1754,6840.0,21491,6830.0,765,6820.0,18350,6870.0,905,6880.0,24692,6890.0,9051,6900.0,5839,6910.0,3709,2025-05-09 18:54:45.442,,2147483647,1520073,False,nan
12051,1944784,1613127304,MERV - XMEV - GGAL - 24hs,6870.0,2025-05-09 18:54:44,286,2025-05-09 18:54:46.027,6860.0,205,6850.0,1754,6840.0,21491,6830.0,765,6820.0,18350,6870.0,905,6880.0,24692,6890.0,9051,6900.0,5839,6910.0,3709,2025-05-09 18:54:45.942,,2147483647,1520359,False,nan
12052,1944865,1613127400,MERV - XMEV - GGAL - 24hs,6870.0,2025-05-09 18:54:44,286,2025-05-09 18:54:47.048,6860.0,205,6850.0,1754,6840.0,21491,6830.0,765,6820.0,18350,6870.0,905,6880.0,24692,6890.0,4051,6900.0,10839,6910.0,3709,2025-05-09 18:54:46.944,,2147483647,1520359,False,nan
12053,1945192,1613127800,MERV - XMEV - GGAL - 24hs,6870.0,2025-05-09 18:54:44,286,2025-05-09 18:54:51.644,6860.0,205,6850.0,1754,6840.0,21490,6830.0,765,6820.0,18350,6870.0,905,6880.0,24692,6890.0,4051,6900.0,10839,6910.0,3709,2025-05-09 18:54:51.558,,2147483647,1520359,False,nan
12054,1946001,1613128897,MERV - XMEV - GGAL - 24hs,6870.0,2025-05-09 18:54:44,286,2025-05-09 18:55:02.120,6860.0,205,6850.0,1754,6840.0,21527,6830.0,765,6820.0,18350,6870.0,905,6880.0,24692,6890.0,4051,6900.0,10839,6910.0,3709,2025-05-09 18:55:01.994,,2147483647,1520359,False,nan
12055,1946096,1613129020,MERV - XMEV - GGAL - 24hs,6870.0,2025-05-09 18:54:44,286,2025-05-09 18:55:02.823,6860.0,205,6850.0,1754,6840.0,21527,6830.0,765,6820.0,18350,6870.0,905,6880.0,14692,6890.0,19051,6900.0,5839,6910.0,3709,2025-05-09 18:55:02.737,,2147483647,1520359,False,nan
12056,1946711,1613129816,MERV - XMEV - GGAL - 24hs,6870.0,2025-05-09 18:54:44,286,2025-05-09 18:55:09.865,6860.0,205,6850.0,1754,6840.0,21526,6830.0,765,6820.0,18350,6870.0,905,6880.0,14692,6890.0,19051,6900.0,5839,6910.0,3709,2025-05-09 18:55:09.768,,2147483647,1520359,False,nan
12057,1947021,1613130235,MERV - XMEV - GGAL - 24hs,6870.0,2025-05-09 18:54:44,286,2025-05-09 18:55:14.346,6860.0,205,6850.0,1754,6840.0,21526,6830.0,765,6820.0,18350,6870.0,905,6880.0,14692,6890.0,19051,6900.0,10739,6910.0,3709,2025-05-09 18:55:14.262,,2147483647,1520359,False,nan
12058,1947159,1613130402,MERV - XMEV - GGAL - 24hs,6870.0,2025-05-09 18:54:44,286,2025-05-09 18:55:15.964,6860.0,205,6850.0,1754,6840.0,21526,6830.0,765,6820.0,18350,6870.0,905,6880.0,14692,6890.0,14051,6900.0,15739,6910.0,3709,2025-05-09 18:55:15.879,,2147483647,1520359,False,nan
12059,1947503,1613130841,MERV - XMEV - GGAL - 24hs,6870.0,2025-05-09 18:54:44,286,2025-05-09 18:55:21.124,6860.0,205,6850.0,1754,6840.0,21526,6830.0,765,6820.0,17350,6870.0,905,6880.0,14692,6890.0,14051,6900.0,15739,6910.0,3709,2025-05-09 18:55:21.037,,2147483647,1520359,False,nan
12060,1947532,1613130883,MERV - XMEV - GGAL - 24hs,6870.0,2025-05-09 18:55:21,2,2025-05-09 18:55:21.639,6860.0,205,6850.0,1754,6840.0,21526,6830.0,765,6820.0,17350,6870.0,905,6880.0,14692,6890.0,14051,6900.0,15739,6910.0,3709,2025-05-09 18:55:21.540,,2147483647,1520359,True,offer
12061,1947570,1613130932,MERV - XMEV - GGAL - 24hs,6870.0,2025-05-09 18:55:21,2,2025-05-09 18:55:22.132,6860.0,205,6850.0,1754,6840.0,21526,6830.0,765,6820.0,17350,6870.0,903,6880.0,14692,6890.0,14051,6900.0,15739,6910.0,3709,2025-05-09 18:55:22.042,,2147483647,1520359,False,nan
12062,1947625,1613131004,MERV - XMEV - GGAL - 24hs,6870.0,2025-05-09 18:55:21,2,2025-05-09 18:55:22.646,6860.0,205,6850.0,1754,6840.0,21526,6830.0,765,6820.0,17350,6870.0,903,6880.0,14692,6890.0,14051,6900.0,15739,6910.0,3709,2025-05-09 18:55:22.542,,2147483647,1520361,False,nan
12063,1948616,1613132208,MERV - XMEV - GGAL - 24hs,6870.0,2025-05-09 18:55:21,2,2025-05-09 18:55:31.512,6860.0,205,6850.0,1754,6840.0,21526,6830.0,765,6820.0,17350,6870.0,903,6880.0,14692,6890.0,14051,6900.0,15739,6910.0,3729,2025-05-09 18:55:31.427,,2147483647,1520361,False,nan
12064,1949252,1613133061,MERV - XMEV - GGAL - 24hs,6870.0,2025-05-09 18:55:21,2,2025-05-09 18:55:38.372,6860.0,205,6850.0,1754,6840.0,21526,6830.0,765,6820.0,2442,6870.0,50,6880.0,15545,6890.0,14051,6900.0,15739,6910.0,3729,2025-05-09 18:55:38.132,,2147483647,1520361,False,nan
12065,1949636,1613133566,MERV - XMEV - GGAL - 24hs,6870.0,2025-05-09 18:55:43,50,2025-05-09 18:55:43.465,6860.0,205,6850.0,1754,6840.0,21526,6830.0,765,6820.0,2442,6870.0,50,6880.0,15545,6890.0,14051,6900.0,15739,6910.0,3729,2025-05-09 18:55:43.380,,2147483647,1520361,True,offer
12066,1949675,1613133616,MERV - XMEV - GGAL - 24hs,6870.0,2025-05-09 18:55:43,50,2025-05-09 18:55:44.130,6870.0,350,6860.0,205,6850.0,1754,6840.0,21526,6830.0,765,6880.0,15545,6890.0,14051,6900.0,15739,6910.0,3729,6920.0,4246,2025-05-09 18:55:44.045,,2147483647,1520361,False,nan
12067,1949695,1613133643,MERV - XMEV - GGAL - 24hs,6870.0,2025-05-09 18:55:43,50,2025-05-09 18:55:44.631,6870.0,350,6860.0,205,6850.0,1754,6840.0,21526,6830.0,765,6880.0,15545,6890.0,14051,6900.0,15739,6910.0,3729,6920.0,4246,2025-05-09 18:55:44.546,,2147483647,1520411,False,nan
12068,1950035,1613134087,MERV - XMEV - GGAL - 24hs,6870.0,2025-05-09 18:55:49,350,2025-05-09 18:55:49.569,6870.0,350,6860.0,205,6850.0,1754,6840.0,21526,6830.0,765,6880.0,15545,6890.0,14051,6900.0,15739,6910.0,3729,6920.0,4246,2025-05-09 18:55:49.466,,2147483647,1520411,True,bid
12069,1950082,1613134166,MERV - XMEV - GGAL - 24hs,6870.0,2025-05-09 18:55:49,350,2025-05-09 18:55:50.221,6860.0,205,6850.0,1754,6840.0,21525,6830.0,765,6820.0,2442,6870.0,853,6880.0,14692,6890.0,14051,6900.0,15739,6910.0,3729,2025-05-09 18:55:50.133,,2147483647,1520411,False,nan
12070,1950119,1613134256,MERV - XMEV - GGAL - 24hs,6870.0,2025-05-09 18:55:49,350,2025-05-09 18:55:50.766,6860.0,205,6850.0,1754,6840.0,21525,6830.0,765,6820.0,2442,6870.0,853,6880.0,14692,6890.0,14051,6900.0,15739,6910.0,3729,2025-05-09 18:55:50.636,,2147483647,1520761,False,nan
12071,1950266,1613134488,MERV - XMEV - GGAL - 24hs,6870.0,2025-05-09 18:55:49,350,2025-05-09 18:55:52.580,6860.0,205,6850.0,1754,6840.0,21525,6830.0,765,6820.0,4442,6870.0,853,6880.0,14692,6890.0,14051,6900.0,15739,6910.0,3729,2025-05-09 18:55:52.495,,2147483647,1520761,False,nan
12072,1950696,1613135136,MERV - XMEV - GGAL - 24hs,6870.0,2025-05-09 18:55:49,350,2025-05-09 18:55:58.547,6860.0,205,6850.0,1754,6840.0,21525,6830.0,765,6820.0,4442,6870.0,853,6880.0,14692,6890.0,19051,6900.0,10739,6910.0,3729,2025-05-09 18:55:58.460,,2147483647,1520761,False,nan
12073,1951431,1613136081,MERV - XMEV - GGAL - 24hs,6870.0,2025-05-09 18:56:07,10,2025-05-09 18:56:08.077,6860.0,205,6850.0,1754,6840.0,21525,6830.0,765,6820.0,4442,6870.0,853,6880.0,14692,6890.0,19051,6900.0,10739,6910.0,3729,2025-05-09 18:56:07.991,,2147483647,1520761,True,offer
12074,1951454,1613136114,MERV - XMEV - GGAL - 24hs,6870.0,2025-05-09 18:56:07,10,2025-05-09 18:56:08.578,6860.0,205,6850.0,1754,6840.0,21525,6830.0,765,6820.0,4442,6870.0,1530,6880.0,14692,6890.0,19051,6900.0,10739,6910.0,3779,2025-05-09 18:56:08.491,,2147483647,1520761,False,nan
12075,1951484,1613136154,MERV - XMEV - GGAL - 24hs,6870.0,2025-05-09 18:56:07,10,2025-05-09 18:56:09.079,6860.0,205,6850.0,1754,6840.0,21525,6830.0,765,6820.0,4442,6870.0,1530,6880.0,14692,6890.0,19051,6900.0,10739,6910.0,3779,2025-05-09 18:56:08.992,,2147483647,1520771,False,nan
12076,1951587,1613136281,MERV - XMEV - GGAL - 24hs,6870.0,2025-05-09 18:56:07,10,2025-05-09 18:56:10.326,6860.0,205,6850.0,1754,6840.0,21525,6830.0,765,6820.0,4442,6870.0,1530,6880.0,16249,6890.0,19051,6900.0,10739,6910.0,3779,2025-05-09 18:56:10.237,,2147483647,1520771,False,nan
12077,1952047,1613136853,MERV - XMEV - GGAL - 24hs,6870.0,2025-05-09 18:56:07,10,2025-05-09 18:56:17.371,6860.0,205,6850.0,1754,6840.0,21513,6830.0,765,6820.0,4442,6870.0,1530,6880.0,16249,6890.0,19051,6900.0,10739,6910.0,3779,2025-05-09 18:56:17.235,,2147483647,1520771,False,nan
12078,1952357,1613137250,MERV - XMEV - GGAL - 24hs,6860.0,2025-05-09 18:56:20,64,2025-05-09 18:56:20.714,6860.0,205,6850.0,1754,6840.0,21513,6830.0,765,6820.0,4442,6870.0,1530,6880.0,16249,6890.0,19051,6900.0,10739,6910.0,3779,2025-05-09 18:56:20.628,,2147483647,1520771,True,bid
12079,1952396,1613137297,MERV - XMEV - GGAL - 24hs,6870.0,2025-05-09 18:56:20,9,2025-05-09 18:56:21.212,6860.0,141,6850.0,1754,6840.0,21513,6830.0,765,6820.0,4442,6870.0,1521,6880.0,16249,6890.0,19051,6900.0,10739,6910.0,3779,2025-05-09 18:56:21.128,,2147483647,1520835,False,nan
12080,1952437,1613137346,MERV - XMEV - GGAL - 24hs,6870.0,2025-05-09 18:56:20,9,2025-05-09 18:56:21.719,6860.0,141,6850.0,1754,6840.0,21513,6830.0,765,6820.0,4442,6870.0,1521,6880.0,16249,6890.0,19051,6900.0,10739,6910.0,3779,2025-05-09 18:56:21.628,,2147483647,1520844,False,nan
12081,1952486,1613137415,MERV - XMEV - GGAL - 24hs,6870.0,2025-05-09 18:56:20,9,2025-05-09 18:56:22.219,6860.0,141,6850.0,1754,6840.0,21513,6830.0,765,6820.0,2442,6870.0,1521,6880.0,16249,6890.0,19051,6900.0,10739,6910.0,3779,2025-05-09 18:56:22.128,,2147483647,1520844,False,nan
12082,1953003,1613138127,MERV - XMEV - GGAL - 24hs,6870.0,2025-05-09 18:56:27,8,2025-05-09 18:56:27.607,6860.0,141,6850.0,1754,6840.0,21513,6830.0,765,6820.0,2442,6870.0,1521,6880.0,16249,6890.0,19051,6900.0,10739,6910.0,3779,2025-05-09 18:56:27.521,,2147483647,1520844,True,offer
12083,1953047,1613138219,MERV - XMEV - GGAL - 24hs,6870.0,2025-05-09 18:56:27,8,2025-05-09 18:56:28.907,6860.0,141,6850.0,1754,6840.0,21513,6830.0,765,6820.0,2442,6870.0,1513,6880.0,16249,6890.0,19051,6900.0,10739,6910.0,3779,2025-05-09 18:56:28.822,,2147483647,1520844,False,nan
12084,1953097,1613138298,MERV - XMEV - GGAL - 24hs,6870.0,2025-05-09 18:56:27,8,2025-05-09 18:56:29.409,6860.0,141,6850.0,1754,6840.0,21513,6830.0,765,6820.0,2442,6870.0,1513,6880.0,16249,6890.0,19051,6900.0,10739,6910.0,3779,2025-05-09 18:56:29.322,,2147483647,1520852,False,nan
12085,1953845,1613139227,MERV - XMEV - GGAL - 24hs,6870.0,2025-05-09 18:56:27,8,2025-05-09 18:56:36.930,6860.0,141,6850.0,1754,6840.0,21511,6830.0,765,6820.0,2442,6870.0,1513,6880.0,16249,6890.0,19051,6900.0,10739,6910.0,3779,2025-05-09 18:56:36.828,,2147483647,1520852,False,nan
12086,1954405,1613139930,MERV - XMEV - GGAL - 24hs,6870.0,2025-05-09 18:56:27,8,2025-05-09 18:56:43.437,6860.0,141,6850.0,1754,6840.0,21515,6830.0,765,6820.0,2442,6870.0,1513,6880.0,16249,6890.0,19051,6900.0,10739,6910.0,3779,2025-05-09 18:56:43.350,,2147483647,1520852,False,nan
12087,1954493,1613140050,MERV - XMEV - GGAL - 24hs,6870.0,2025-05-09 18:56:44,1,2025-05-09 18:56:44.575,6860.0,141,6850.0,1754,6840.0,21515,6830.0,765,6820.0,2442,6870.0,1513,6880.0,16249,6890.0,19051,6900.0,10739,6910.0,3779,2025-05-09 18:56:44.489,,2147483647,1520852,True,offer
12088,1954523,1613140090,MERV - XMEV - GGAL - 24hs,6870.0,2025-05-09 18:56:44,1,2025-05-09 18:56:45.074,6860.0,141,6850.0,1754,6840.0,21472,6830.0,765,6820.0,2442,6870.0,1512,6880.0,16249,6890.0,19051,6900.0,10739,6910.0,3779,2025-05-09 18:56:44.989,,2147483647,1520852,False,nan
12089,1954541,1613140119,MERV - XMEV - GGAL - 24hs,6870.0,2025-05-09 18:56:44,1,2025-05-09 18:56:45.576,6860.0,141,6850.0,1754,6840.0,21472,6830.0,765,6820.0,2442,6870.0,1512,6880.0,16249,6890.0,19051,6900.0,10739,6910.0,3779,2025-05-09 18:56:45.490,,2147483647,1520853,False,nan
12090,1954584,1613140177,MERV - XMEV - GGAL - 24hs,6870.0,2025-05-09 18:56:46,4,2025-05-09 18:56:46.163,6860.0,141,6850.0,1754,6840.0,21472,6830.0,765,6820.0,2442,6870.0,1512,6880.0,16249,6890.0,19051,6900.0,10739,6910.0,3779,2025-05-09 18:56:46.076,,2147483647,1520853,True,offer
12091,1954647,1613140257,MERV - XMEV - GGAL - 24hs,6870.0,2025-05-09 18:56:46,4,2025-05-09 18:56:46.816,6860.0,141,6850.0,1754,6840.0,21472,6830.0,765,6820.0,2442,6870.0,1508,6880.0,16249,6890.0,19051,6900.0,10739,6910.0,3779,2025-05-09 18:56:46.729,,2147483647,1520853,False,nan
12092,1954733,1613140360,MERV - XMEV - GGAL - 24hs,6870.0,2025-05-09 18:56:46,4,2025-05-09 18:56:47.313,6860.0,141,6850.0,1754,6840.0,21472,6830.0,765,6820.0,2442,6870.0,1508,6880.0,16249,6890.0,19051,6900.0,10739,6910.0,3779,2025-05-09 18:56:47.228,,2147483647,1520857,False,nan
12093,1954874,1613140615,MERV - XMEV - GGAL - 24hs,6870.0,2025-05-09 18:56:49,3,2025-05-09 18:56:49.262,6860.0,141,6850.0,1754,6840.0,21472,6830.0,765,6820.0,2442,6870.0,1508,6880.0,16249,6890.0,19051,6900.0,10739,6910.0,3779,2025-05-09 18:56:49.177,,2147483647,1520857,True,offer
12094,1954929,1613140687,MERV - XMEV - GGAL - 24hs,6870.0,2025-05-09 18:56:49,3,2025-05-09 18:56:49.911,6860.0,141,6850.0,1754,6840.0,21472,6830.0,765,6820.0,2442,6870.0,1505,6880.0,16249,6890.0,19051,6900.0,10739,6910.0,3779,2025-05-09 18:56:49.826,,2147483647,1520857,False,nan
12095,1954966,1613140730,MERV - XMEV - GGAL - 24hs,6870.0,2025-05-09 18:56:49,3,2025-05-09 18:56:50.839,6860.0,141,6850.0,1754,6840.0,21472,6830.0,765,6820.0,2442,6870.0,1505,6880.0,16249,6890.0,19051,6900.0,10739,6910.0,3779,2025-05-09 18:56:50.683,,2147483647,1520860,False,nan
12096,1955345,1613141220,MERV - XMEV - GGAL - 24hs,6870.0,2025-05-09 18:56:49,3,2025-05-09 18:56:54.592,6860.0,141,6850.0,1758,6840.0,21472,6830.0,765,6820.0,2442,6870.0,1505,6880.0,16249,6890.0,19051,6900.0,10739,6910.0,3779,2025-05-09 18:56:54.504,,2147483647,1520860,False,nan
12097,1955601,1613141546,MERV - XMEV - GGAL - 24hs,6870.0,2025-05-09 18:56:49,3,2025-05-09 18:56:56.391,6860.0,141,6850.0,1758,6840.0,21472,6830.0,765,6820.0,2442,6870.0,1505,6880.0,16249,6890.0,19051,6900.0,10639,6910.0,3779,2025-05-09 18:56:56.303,,2147483647,1520860,False,nan
12098,1955781,1613141764,MERV - XMEV - GGAL - 24hs,6870.0,2025-05-09 18:56:49,3,2025-05-09 18:56:58.432,6860.0,141,6850.0,1758,6840.0,21472,6830.0,765,6820.0,2442,6870.0,1505,6880.0,16249,6890.0,14051,6900.0,15639,6910.0,3779,2025-05-09 18:56:58.341,,2147483647,1520860,False,nan
12099,1956299,1613142408,MERV - XMEV - GGAL - 24hs,6860.0,2025-05-09 18:57:03,105,2025-05-09 18:57:03.338,6860.0,141,6850.0,1758,6840.0,21472,6830.0,765,6820.0,2442,6870.0,1505,6880.0,16249,6890.0,14051,6900.0,15639,6910.0,3779,2025-05-09 18:57:03.252,,2147483647,1520860,True,bid
12100,1956351,1613142475,MERV - XMEV - GGAL - 24hs,6860.0,2025-05-09 18:57:03,36,2025-05-09 18:57:03.863,6850.0,1758,6840.0,21482,6830.0,765,6820.0,2442,6810.0,47951,6860.0,1025,6870.0,1505,6880.0,16249,6890.0,14051,6900.0,15639,2025-05-09 18:57:03.762,,2147483647,1520860,False,nan
12101,1956403,1613142554,MERV - XMEV - GGAL - 24hs,6860.0,2025-05-09 18:57:03,36,2025-05-09 18:57:04.350,6850.0,1758,6840.0,21482,6830.0,765,6820.0,2442,6810.0,47951,6860.0,1025,6870.0,1505,6880.0,16249,6890.0,14051,6900.0,15639,2025-05-09 18:57:04.262,,2147483647,1521001,False,nan
12102,1956449,1613142610,MERV - XMEV - GGAL - 24hs,6860.0,2025-05-09 18:57:03,36,2025-05-09 18:57:04.846,6850.0,1758,6840.0,21468,6830.0,765,6820.0,2442,6810.0,47951,6860.0,1025,6870.0,1505,6880.0,16249,6890.0,19051,6900.0,10639,2025-05-09 18:57:04.762,,2147483647,1521001,False,nan
12103,1956598,1613142814,MERV - XMEV - GGAL - 24hs,6860.0,2025-05-09 18:57:06,9,2025-05-09 18:57:06.414,6850.0,1758,6840.0,21468,6830.0,765,6820.0,2442,6810.0,47951,6860.0,1025,6870.0,1505,6880.0,16249,6890.0,19051,6900.0,10639,2025-05-09 18:57:06.304,,2147483647,1521001,True,offer
12104,1956665,1613142919,MERV - XMEV - GGAL - 24hs,6860.0,2025-05-09 18:57:06,9,2025-05-09 18:57:07.061,6850.0,1758,6840.0,21468,6830.0,765,6820.0,2442,6810.0,47951,6860.0,1016,6870.0,1505,6880.0,16249,6890.0,19051,6900.0,10639,2025-05-09 18:57:06.967,,2147483647,1521001,False,nan
12105,1956741,1613143021,MERV - XMEV - GGAL - 24hs,6860.0,2025-05-09 18:57:06,9,2025-05-09 18:57:07.611,6850.0,1758,6840.0,21468,6830.0,765,6820.0,2442,6810.0,47951,6860.0,1016,6870.0,1505,6880.0,16249,6890.0,19051,6900.0,10639,2025-05-09 18:57:07.467,,2147483647,1521010,False,nan
12106,1957498,1613144094,MERV - XMEV - GGAL - 24hs,6860.0,2025-05-09 18:57:06,9,2025-05-09 18:57:14.581,6850.0,1758,6840.0,21468,6830.0,765,6820.0,2442,6810.0,47951,6860.0,1116,6870.0,1505,6880.0,16249,6890.0,19051,6900.0,10639,2025-05-09 18:57:14.493,,2147483647,1521010,False,nan
12107,1958410,1613145271,MERV - XMEV - GGAL - 24hs,6860.0,2025-05-09 18:57:22,4,2025-05-09 18:57:22.584,6850.0,1758,6840.0,21468,6830.0,765,6820.0,2442,6810.0,47951,6860.0,1116,6870.0,1505,6880.0,16249,6890.0,19051,6900.0,10639,2025-05-09 18:57:22.485,,2147483647,1521010,True,offer
12108,1958497,1613145380,MERV - XMEV - GGAL - 24hs,6860.0,2025-05-09 18:57:22,4,2025-05-09 18:57:23.214,6850.0,1758,6840.0,4421,6830.0,765,6820.0,2442,6810.0,47951,6860.0,1112,6870.0,1505,6880.0,16249,6890.0,19051,6900.0,10639,2025-05-09 18:57:23.129,,2147483647,1521010,False,nan
12109,1958559,1613145465,MERV - XMEV - GGAL - 24hs,6860.0,2025-05-09 18:57:23,4,2025-05-09 18:57:23.715,6850.0,1758,6840.0,4421,6830.0,765,6820.0,2442,6810.0,47951,6860.0,1112,6870.0,1505,6880.0,16249,6890.0,19051,6900.0,10639,2025-05-09 18:57:23.630,,2147483647,1521014,True,offer
12110,1958607,1613145529,MERV - XMEV - GGAL - 24hs,6860.0,2025-05-09 18:57:23,4,2025-05-09 18:57:24.216,6850.0,1758,6840.0,4421,6830.0,765,6820.0,2442,6810.0,47951,6860.0,1108,6870.0,1505,6880.0,26249,6890.0,9051,6900.0,10639,2025-05-09 18:57:24.130,,2147483647,1521018,False,nan
12111,1958731,1613145667,MERV - XMEV - GGAL - 24hs,6860.0,2025-05-09 18:57:23,4,2025-05-09 18:57:25.254,6850.0,1868,6840.0,21080,6830.0,765,6820.0,2442,6810.0,47951,6860.0,1108,6870.0,1505,6880.0,26249,6890.0,9051,6900.0,10639,2025-05-09 18:57:24.906,,2147483647,1521018,False,nan
12112,1959262,1613146315,MERV - XMEV - GGAL - 24hs,6860.0,2025-05-09 18:57:23,4,2025-05-09 18:57:29.943,6850.0,1868,6840.0,21080,6830.0,765,6820.0,2442,6810.0,47951,6860.0,1926,6870.0,687,6880.0,28249,6890.0,7051,6900.0,10639,2025-05-09 18:57:29.850,,2147483647,1521018,False,nan
12113,1962921,1613151237,MERV - XMEV - GGAL - 24hs,6860.0,2025-05-09 18:58:12,324,2025-05-09 18:58:12.700,6850.0,1868,6840.0,21080,6830.0,765,6820.0,2442,6810.0,47951,6860.0,1926,6870.0,687,6880.0,28249,6890.0,7051,6900.0,10639,2025-05-09 18:58:12.616,,2147483647,1521018,True,offer
12114,1962964,1613151290,MERV - XMEV - GGAL - 24hs,6860.0,2025-05-09 18:58:12,324,2025-05-09 18:58:13.367,6850.0,1868,6840.0,21080,6830.0,765,6820.0,2442,6810.0,47951,6860.0,1602,6870.0,687,6880.0,28249,6890.0,7051,6900.0,10639,2025-05-09 18:58:13.280,,2147483647,1521018,False,nan
12115,1962995,1613151331,MERV - XMEV - GGAL - 24hs,6860.0,2025-05-09 18:58:12,324,2025-05-09 18:58:13.867,6850.0,1868,6840.0,21080,6830.0,765,6820.0,2442,6810.0,47951,6860.0,1602,6870.0,687,6880.0,28249,6890.0,7051,6900.0,10639,2025-05-09 18:58:13.780,,2147483647,1521342,False,nan
12116,1963135,1613151507,MERV - XMEV - GGAL - 24hs,6850.0,2025-05-09 18:58:15,3,2025-05-09 18:58:15.626,6850.0,1868,6840.0,21080,6830.0,765,6820.0,2442,6810.0,47951,6860.0,1602,6870.0,687,6880.0,28249,6890.0,7051,6900.0,10639,2025-05-09 18:58:15.539,,2147483647,1521342,True,bid
12117,1963190,1613151575,MERV - XMEV - GGAL - 24hs,6850.0,2025-05-09 18:58:15,3,2025-05-09 18:58:16.282,6850.0,1865,6840.0,21080,6830.0,765,6820.0,2442,6810.0,47951,6860.0,1602,6870.0,687,6880.0,28249,6890.0,7051,6900.0,10639,2025-05-09 18:58:16.198,,2147483647,1521342,False,nan
12118,1963236,1613151632,MERV - XMEV - GGAL - 24hs,6850.0,2025-05-09 18:58:15,3,2025-05-09 18:58:16.783,6850.0,1865,6840.0,21080,6830.0,765,6820.0,2442,6810.0,47951,6860.0,1602,6870.0,687,6880.0,28249,6890.0,7051,6900.0,10639,2025-05-09 18:58:16.698,,2147483647,1521345,False,nan
12119,1963290,1613151696,MERV - XMEV - GGAL - 24hs,6850.0,2025-05-09 18:58:15,3,2025-05-09 18:58:17.382,6850.0,1865,6840.0,21080,6830.0,765,6820.0,2442,6810.0,47951,6860.0,1602,6870.0,15154,6880.0,13782,6890.0,7051,6900.0,10639,2025-05-09 18:58:17.294,,2147483647,1521345,False,nan
12120,1963507,1613152026,MERV - XMEV - GGAL - 24hs,6850.0,2025-05-09 18:58:15,3,2025-05-09 18:58:20.072,6850.0,1665,6840.0,21080,6830.0,765,6820.0,2442,6810.0,47951,6860.0,1602,6870.0,15154,6880.0,13782,6890.0,7051,6900.0,10639,2025-05-09 18:58:19.980,,2147483647,1521345,False,nan
12121,1963645,1613152200,MERV - XMEV - GGAL - 24hs,6860.0,2025-05-09 18:58:21,28,2025-05-09 18:58:21.731,6850.0,1665,6840.0,21080,6830.0,765,6820.0,2442,6810.0,47951,6860.0,1602,6870.0,15154,6880.0,13782,6890.0,7051,6900.0,10639,2025-05-09 18:58:21.646,,2147483647,1521345,True,offer
12122,1963683,1613152242,MERV - XMEV - GGAL - 24hs,6860.0,2025-05-09 18:58:21,28,2025-05-09 18:58:22.232,6850.0,1665,6840.0,21080,6830.0,765,6820.0,2442,6810.0,47951,6860.0,1574,6870.0,15154,6880.0,13782,6890.0,7051,6900.0,10639,2025-05-09 18:58:22.146,,2147483647,1521345,False,nan
12123,1963730,1613152308,MERV - XMEV - GGAL - 24hs,6860.0,2025-05-09 18:58:21,28,2025-05-09 18:58:22.745,6850.0,1665,6840.0,21080,6830.0,765,6820.0,2442,6810.0,47951,6860.0,1574,6870.0,15154,6880.0,13782,6890.0,7051,6900.0,10639,2025-05-09 18:58:22.651,,2147483647,1521373,False,nan
12124,1963810,1613152405,MERV - XMEV - GGAL - 24hs,6860.0,2025-05-09 18:58:21,28,2025-05-09 18:58:23.812,6850.0,1665,6840.0,21080,6830.0,765,6820.0,2442,6810.0,47951,6860.0,1574,6870.0,15154,6880.0,14064,6890.0,7051,6900.0,10639,2025-05-09 18:58:23.726,,2147483647,1521373,False,nan
12125,1964224,1613152944,MERV - XMEV - GGAL - 24hs,6860.0,2025-05-09 18:58:21,28,2025-05-09 18:58:28.535,6850.0,1665,6840.0,21080,6830.0,765,6820.0,2442,6810.0,46951,6860.0,1574,6870.0,15154,6880.0,19064,6890.0,2051,6900.0,10639,2025-05-09 18:58:28.225,,2147483647,1521373,False,nan
12126,1964270,1613153000,MERV - XMEV - GGAL - 24hs,6860.0,2025-05-09 18:58:21,28,2025-05-09 18:58:28.907,6850.0,1665,6840.0,21080,6830.0,765,6820.0,2442,6810.0,46951,6860.0,1574,6870.0,17154,6880.0,17064,6890.0,2051,6900.0,10639,2025-05-09 18:58:28.816,,2147483647,1521373,False,nan
12127,1964308,1613153043,MERV - XMEV - GGAL - 24hs,6860.0,2025-05-09 18:58:21,28,2025-05-09 18:58:29.613,6850.0,1665,6840.0,21080,6830.0,765,6820.0,2442,6810.0,46951,6860.0,16041,6870.0,12687,6880.0,7064,6890.0,2051,6900.0,10639,2025-05-09 18:58:29.528,,2147483647,1521373,False,nan
12128,1964460,1613153238,MERV - XMEV - GGAL - 24hs,6860.0,2025-05-09 18:58:21,28,2025-05-09 18:58:31.775,6850.0,1665,6840.0,21080,6830.0,765,6820.0,2442,6810.0,32043,6860.0,16041,6870.0,12687,6880.0,7064,6890.0,2051,6900.0,10639,2025-05-09 18:58:31.690,,2147483647,1521373,False,nan
12129,1964512,1613153301,MERV - XMEV - GGAL - 24hs,6860.0,2025-05-09 18:58:21,28,2025-05-09 18:58:32.653,6850.0,1665,6840.0,21080,6830.0,765,6820.0,2442,6810.0,32043,6860.0,17041,6870.0,12687,6880.0,7064,6890.0,2051,6900.0,10639,2025-05-09 18:58:32.564,,2147483647,1521373,False,nan
12130,1964814,1613153710,MERV - XMEV - GGAL - 24hs,6850.0,2025-05-09 18:58:36,101,2025-05-09 18:58:36.213,6850.0,1665,6840.0,21080,6830.0,765,6820.0,2442,6810.0,32043,6860.0,17041,6870.0,12687,6880.0,7064,6890.0,2051,6900.0,10639,2025-05-09 18:58:36.126,,2147483647,1521373,True,bid
12131,1964859,1613153767,MERV - XMEV - GGAL - 24hs,6850.0,2025-05-09 18:58:36,100,2025-05-09 18:58:36.712,6850.0,1164,6840.0,21080,6830.0,765,6820.0,2442,6810.0,32043,6860.0,17041,6870.0,12687,6880.0,7064,6890.0,2051,6900.0,10639,2025-05-09 18:58:36.626,,2147483647,1521373,False,nan
12132,1964899,1613153823,MERV - XMEV - GGAL - 24hs,6850.0,2025-05-09 18:58:36,100,2025-05-09 18:58:37.234,6850.0,1164,6840.0,21080,6830.0,765,6820.0,2442,6810.0,32043,6860.0,17041,6870.0,12687,6880.0,7064,6890.0,2051,6900.0,10639,2025-05-09 18:58:37.130,,2147483647,1521874,False,nan
12133,1964970,1613153925,MERV - XMEV - GGAL - 24hs,6850.0,2025-05-09 18:58:36,100,2025-05-09 18:58:37.722,6850.0,1164,6840.0,21080,6830.0,765,6820.0,2442,6810.0,32043,6860.0,17041,6870.0,12687,6880.0,7064,6890.0,2051,6900.0,11453,2025-05-09 18:58:37.627,,2147483647,1521874,False,nan
12134,1965051,1613154022,MERV - XMEV - GGAL - 24hs,6850.0,2025-05-09 18:58:38,110,2025-05-09 18:58:38.212,6850.0,1164,6840.0,21080,6830.0,765,6820.0,2442,6810.0,32043,6860.0,17041,6870.0,12687,6880.0,7064,6890.0,2051,6900.0,11453,2025-05-09 18:58:38.126,,2147483647,1521874,True,bid
12135,1965072,1613154046,MERV - XMEV - GGAL - 24hs,6850.0,2025-05-09 18:58:38,110,2025-05-09 18:58:38.825,6850.0,50,6840.0,21247,6830.0,765,6820.0,2442,6810.0,32043,6860.0,17041,6870.0,12687,6880.0,7064,6890.0,2051,6900.0,11453,2025-05-09 18:58:38.737,,2147483647,1521874,False,nan
12136,1965109,1613154092,MERV - XMEV - GGAL - 24hs,6850.0,2025-05-09 18:58:38,110,2025-05-09 18:58:39.322,6850.0,50,6840.0,21247,6830.0,765,6820.0,2442,6810.0,32043,6860.0,17041,6870.0,12687,6880.0,7064,6890.0,2051,6900.0,11453,2025-05-09 18:58:39.237,,2147483647,1522988,False,nan
12137,1965153,1613154145,MERV - XMEV - GGAL - 24hs,6850.0,2025-05-09 18:58:39,50,2025-05-09 18:58:39.822,6850.0,50,6840.0,21247,6830.0,765,6820.0,2442,6810.0,32043,6860.0,17041,6870.0,12687,6880.0,7064,6890.0,2051,6900.0,11453,2025-05-09 18:58:39.738,,2147483647,1522988,True,bid
12138,1965245,1613154248,MERV - XMEV - GGAL - 24hs,6850.0,2025-05-09 18:58:39,50,2025-05-09 18:58:40.325,6840.0,21247,6830.0,765,6820.0,2442,6810.0,32043,6800.0,17190,6850.0,818,6860.0,16223,6870.0,12687,6880.0,7064,6890.0,2051,2025-05-09 18:58:40.237,,2147483647,1523038,False,nan
12139,1965302,1613154318,MERV - XMEV - GGAL - 24hs,6850.0,2025-05-09 18:58:40,50,2025-05-09 18:58:40.850,6840.0,21247,6830.0,765,6820.0,2442,6810.0,32043,6800.0,17190,6850.0,818,6860.0,16223,6870.0,12687,6880.0,7064,6890.0,2051,2025-05-09 18:58:40.741,,2147483647,1525322,True,offer
12140,1965392,1613154428,MERV - XMEV - GGAL - 24hs,6850.0,2025-05-09 18:58:40,50,2025-05-09 18:58:41.325,6850.0,713,6840.0,21247,6830.0,765,6820.0,2435,6810.0,32043,6860.0,16223,6870.0,12687,6880.0,7064,6890.0,2051,6900.0,11453,2025-05-09 18:58:41.238,,2147483647,1525372,False,nan
12141,1965504,1613154557,MERV - XMEV - GGAL - 24hs,6850.0,2025-05-09 18:58:42,249,2025-05-09 18:58:43.063,6850.0,713,6840.0,21247,6830.0,765,6820.0,2435,6810.0,32043,6860.0,16223,6870.0,12687,6880.0,7064,6890.0,2051,6900.0,11453,2025-05-09 18:58:42.977,,2147483647,1525372,True,bid
12142,1965541,1613154609,MERV - XMEV - GGAL - 24hs,6850.0,2025-05-09 18:58:42,249,2025-05-09 18:58:43.561,6850.0,464,6840.0,21247,6830.0,765,6820.0,2435,6810.0,32043,6860.0,16223,6870.0,12687,6880.0,5507,6890.0,2051,6900.0,11453,2025-05-09 18:58:43.476,,2147483647,1525372,False,nan
12143,1965567,1613154643,MERV - XMEV - GGAL - 24hs,6850.0,2025-05-09 18:58:42,249,2025-05-09 18:58:44.065,6850.0,464,6840.0,21247,6830.0,765,6820.0,2435,6810.0,32043,6860.0,16223,6870.0,12687,6880.0,5507,6890.0,2051,6900.0,11453,2025-05-09 18:58:43.977,,2147483647,1525621,False,nan
12144,1965616,1613154707,MERV - XMEV - GGAL - 24hs,6850.0,2025-05-09 18:58:44,313,2025-05-09 18:58:44.945,6850.0,464,6840.0,21247,6830.0,765,6820.0,2435,6810.0,32043,6860.0,16223,6870.0,12687,6880.0,5507,6890.0,2051,6900.0,11453,2025-05-09 18:58:44.857,,2147483647,1525621,True,bid
12145,1965664,1613154763,MERV - XMEV - GGAL - 24hs,6850.0,2025-05-09 18:58:44,151,2025-05-09 18:58:45.455,6850.0,464,6840.0,21247,6830.0,765,6820.0,2435,6810.0,32043,6860.0,16223,6870.0,12687,6880.0,5507,6890.0,2051,6900.0,11453,2025-05-09 18:58:45.360,,2147483647,1525621,False,nan
12146,1965715,1613154820,MERV - XMEV - GGAL - 24hs,6850.0,2025-05-09 18:58:44,151,2025-05-09 18:58:45.941,6840.0,21247,6830.0,765,6820.0,2435,6810.0,32043,6800.0,17197,6850.0,1000,6860.0,16223,6870.0,12687,6880.0,5507,6890.0,2051,2025-05-09 18:58:45.857,,2147483647,1526085,False,nan
12147,1966188,1613155432,MERV - XMEV - GGAL - 24hs,6850.0,2025-05-09 18:58:44,151,2025-05-09 18:58:52.366,6840.0,21247,6830.0,844,6820.0,2435,6810.0,32043,6800.0,17197,6850.0,1000,6860.0,16223,6870.0,12687,6880.0,5507,6890.0,2051,2025-05-09 18:58:52.268,,2147483647,1526085,False,nan
12148,1966301,1613155570,MERV - XMEV - GGAL - 24hs,6850.0,2025-05-09 18:58:53,1000,2025-05-09 18:58:53.754,6840.0,21247,6830.0,844,6820.0,2435,6810.0,32043,6800.0,17197,6850.0,1000,6860.0,16223,6870.0,12687,6880.0,5507,6890.0,2051,2025-05-09 18:58:53.667,,2147483647,1526085,True,offer
12149,1966340,1613155614,MERV - XMEV - GGAL - 24hs,6850.0,2025-05-09 18:58:53,1000,2025-05-09 18:58:54.426,6850.0,10000,6840.0,21247,6830.0,844,6820.0,2435,6810.0,32043,6860.0,16223,6870.0,12687,6880.0,5507,6890.0,2051,6900.0,12453,2025-05-09 18:58:54.337,,2147483647,1526085,False,nan
12150,1966369,1613155647,MERV - XMEV - GGAL - 24hs,6850.0,2025-05-09 18:58:53,1000,2025-05-09 18:58:54.923,6850.0,10000,6840.0,21247,6830.0,844,6820.0,2435,6810.0,32043,6860.0,16223,6870.0,12687,6880.0,5507,6890.0,2051,6900.0,12453,2025-05-09 18:58:54.838,,2147483647,1527085,False,nan
12151,1966465,1613155756,MERV - XMEV - GGAL - 24hs,6850.0,2025-05-09 18:58:53,1000,2025-05-09 18:58:55.707,6850.0,10010,6840.0,21247,6830.0,844,6820.0,2435,6810.0,32043,6860.0,21223,6870.0,12687,6880.0,5507,6890.0,2051,6900.0,12453,2025-05-09 18:58:55.609,,2147483647,1527085,False,nan
12152,1966501,1613155798,MERV - XMEV - GGAL - 24hs,6850.0,2025-05-09 18:58:56,144,2025-05-09 18:58:56.327,6850.0,10010,6840.0,21247,6830.0,844,6820.0,2435,6810.0,32043,6860.0,21223,6870.0,12687,6880.0,5507,6890.0,2051,6900.0,12453,2025-05-09 18:58:56.243,,2147483647,1527085,True,bid
12153,1966538,1613155844,MERV - XMEV - GGAL - 24hs,6850.0,2025-05-09 18:58:56,144,2025-05-09 18:58:56.992,6850.0,9866,6840.0,21247,6830.0,844,6820.0,2435,6810.0,32043,6860.0,21223,6870.0,12687,6880.0,5507,6890.0,2051,6900.0,12453,2025-05-09 18:58:56.907,,2147483647,1527085,False,nan
12154,1966567,1613155886,MERV - XMEV - GGAL - 24hs,6850.0,2025-05-09 18:58:56,144,2025-05-09 18:58:57.495,6850.0,9866,6840.0,21247,6830.0,844,6820.0,2435,6810.0,32043,6860.0,21223,6870.0,12687,6880.0,5507,6890.0,2051,6900.0,12453,2025-05-09 18:58:57.408,,2147483647,1527229,False,nan
12155,1967348,1613156878,MERV - XMEV - GGAL - 24hs,6850.0,2025-05-09 18:58:56,144,2025-05-09 18:59:06.320,6850.0,9866,6840.0,21245,6830.0,844,6820.0,2435,6810.0,32043,6860.0,21223,6870.0,12687,6880.0,5507,6890.0,2051,6900.0,12453,2025-05-09 18:59:06.235,,2147483647,1527229,False,nan
12156,1967388,1613156926,MERV - XMEV - GGAL - 24hs,6850.0,2025-05-09 18:59:06,12,2025-05-09 18:59:06.860,6850.0,9866,6840.0,21245,6830.0,844,6820.0,2435,6810.0,32043,6860.0,21223,6870.0,12687,6880.0,5507,6890.0,2051,6900.0,12453,2025-05-09 18:59:06.775,,2147483647,1527229,True,bid
12157,1967432,1613156985,MERV - XMEV - GGAL - 24hs,6850.0,2025-05-09 18:59:06,12,2025-05-09 18:59:07.525,6850.0,9854,6840.0,21245,6830.0,844,6820.0,2435,6810.0,32043,6860.0,21223,6870.0,12687,6880.0,5507,6890.0,2051,6900.0,12453,2025-05-09 18:59:07.439,,2147483647,1527229,False,nan
12158,1967497,1613157069,MERV - XMEV - GGAL - 24hs,6850.0,2025-05-09 18:59:06,12,2025-05-09 18:59:08.036,6850.0,9854,6840.0,21245,6830.0,844,6820.0,2435,6810.0,32043,6860.0,21223,6870.0,12687,6880.0,5507,6890.0,2051,6900.0,12453,2025-05-09 18:59:07.944,,2147483647,1527241,False,nan
12159,1967650,1613157264,MERV - XMEV - GGAL - 24hs,6850.0,2025-05-09 18:59:06,12,2025-05-09 18:59:08.716,6850.0,9854,6840.0,21245,6830.0,844,6820.0,2435,6810.0,46951,6860.0,21223,6870.0,12687,6880.0,5507,6890.0,2051,6900.0,12453,2025-05-09 18:59:08.627,,2147483647,1527241,False,nan
12160,1967878,1613157551,MERV - XMEV - GGAL - 24hs,6860.0,2025-05-09 18:59:12,656,2025-05-09 18:59:13.079,6850.0,9854,6840.0,21245,6830.0,844,6820.0,2435,6810.0,46951,6860.0,21223,6870.0,12687,6880.0,5507,6890.0,2051,6900.0,12453,2025-05-09 18:59:12.995,,2147483647,1527241,True,offer
12161,1967935,1613157628,MERV - XMEV - GGAL - 24hs,6860.0,2025-05-09 18:59:12,9088,2025-05-09 18:59:13.580,6850.0,9854,6840.0,21245,6830.0,844,6820.0,2435,6810.0,46951,6860.0,21223,6870.0,12687,6880.0,5507,6890.0,2051,6900.0,12453,2025-05-09 18:59:13.494,,2147483647,1527241,False,nan
12162,1967971,1613157669,MERV - XMEV - GGAL - 24hs,6860.0,2025-05-09 18:59:12,9088,2025-05-09 18:59:14.082,6850.0,10,6840.0,21245,6830.0,844,6820.0,2435,6810.0,46951,6860.0,6000,6870.0,27687,6880.0,5507,6890.0,2051,6900.0,12453,2025-05-09 18:59:13.994,,2147483647,1537085,False,nan
12163,1968107,1613157843,MERV - XMEV - GGAL - 24hs,6850.0,2025-05-09 18:59:15,10,2025-05-09 18:59:15.786,6850.0,10,6840.0,21245,6830.0,844,6820.0,2435,6810.0,46951,6860.0,6000,6870.0,27687,6880.0,5507,6890.0,2051,6900.0,12453,2025-05-09 18:59:15.699,,2147483647,1537085,True,bid
12164,1968158,1613157899,MERV - XMEV - GGAL - 24hs,6840.0,2025-05-09 18:59:15,111,2025-05-09 18:59:16.284,6840.0,21245,6830.0,844,6820.0,2435,6810.0,46951,6800.0,3289,6860.0,6000,6870.0,27687,6880.0,5507,6890.0,2051,6900.0,12453,2025-05-09 18:59:16.199,,2147483647,1537095,False,nan
12165,1968210,1613157959,MERV - XMEV - GGAL - 24hs,6840.0,2025-05-09 18:59:15,111,2025-05-09 18:59:16.787,6840.0,21210,6830.0,844,6820.0,2435,6810.0,46951,6800.0,3282,6860.0,6000,6870.0,27687,6880.0,5507,6890.0,2051,6900.0,12453,2025-05-09 18:59:16.699,,2147483647,1537206,False,nan
12166,1968544,1613158398,MERV - XMEV - GGAL - 24hs,6840.0,2025-05-09 18:59:15,111,2025-05-09 18:59:19.605,6840.0,20988,6830.0,844,6820.0,2435,6810.0,46951,6800.0,3289,6850.0,1557,6860.0,21000,6870.0,17687,6880.0,507,6890.0,2051,2025-05-09 18:59:19.512,,2147483647,1537206,False,nan
12167,1968741,1613158664,MERV - XMEV - GGAL - 24hs,6840.0,2025-05-09 18:59:15,111,2025-05-09 18:59:21.663,6840.0,20988,6830.0,844,6820.0,2435,6810.0,46951,6800.0,3289,6850.0,1557,6860.0,21000,6870.0,12687,6880.0,5507,6890.0,2051,2025-05-09 18:59:21.579,,2147483647,1537206,False,nan
12168,1969050,1613159042,MERV - XMEV - GGAL - 24hs,6850.0,2025-05-09 18:59:24,250,2025-05-09 18:59:24.548,6840.0,20988,6830.0,844,6820.0,2435,6810.0,46951,6800.0,3289,6850.0,1557,6860.0,21000,6870.0,12687,6880.0,5507,6890.0,2051,2025-05-09 18:59:24.365,,2147483647,1537206,True,offer
12169,1969083,1613159082,MERV - XMEV - GGAL - 24hs,6850.0,2025-05-09 18:59:24,78,2025-05-09 18:59:24.955,6840.0,20988,6830.0,844,6820.0,2435,6810.0,46951,6800.0,3289,6850.0,1557,6860.0,21000,6870.0,12687,6880.0,5507,6890.0,2051,2025-05-09 18:59:24.865,,2147483647,1537456,False,nan
12170,1969112,1613159114,MERV - XMEV - GGAL - 24hs,6850.0,2025-05-09 18:59:24,78,2025-05-09 18:59:25.449,6840.0,20988,6830.0,844,6820.0,2435,6810.0,46951,6800.0,3289,6850.0,1229,6860.0,21000,6870.0,12687,6880.0,5507,6890.0,2051,2025-05-09 18:59:25.365,,2147483647,1537534,False,nan
12171,1969196,1613159216,MERV - XMEV - GGAL - 24hs,6850.0,2025-05-09 18:59:24,78,2025-05-09 18:59:26.495,6840.0,20988,6830.0,844,6820.0,2435,6810.0,46951,6800.0,3289,6850.0,1229,6860.0,21000,6870.0,12687,6880.0,5507,6890.0,2151,2025-05-09 18:59:26.410,,2147483647,1537534,False,nan
12172,1969222,1613159253,MERV - XMEV - GGAL - 24hs,6850.0,2025-05-09 18:59:26,50,2025-05-09 18:59:26.995,6840.0,20988,6830.0,844,6820.0,2435,6810.0,46951,6800.0,3289,6850.0,1229,6860.0,21000,6870.0,12687,6880.0,5507,6890.0,2151,2025-05-09 18:59:26.910,,2147483647,1537534,True,offer
12173,1969265,1613159309,MERV - XMEV - GGAL - 24hs,6850.0,2025-05-09 18:59:26,50,2025-05-09 18:59:27.499,6840.0,20988,6830.0,844,6820.0,2435,6810.0,32043,6800.0,17197,6850.0,1179,6860.0,21000,6870.0,12687,6880.0,5507,6890.0,2151,2025-05-09 18:59:27.410,,2147483647,1537584,False,nan
12174,1969735,1613159886,MERV - XMEV - GGAL - 24hs,6850.0,2025-05-09 18:59:26,50,2025-05-09 18:59:31.671,6840.0,20988,6830.0,844,6820.0,2835,6810.0,32043,6800.0,17197,6850.0,1179,6860.0,21000,6870.0,12687,6880.0,5507,6890.0,2151,2025-05-09 18:59:31.578,,2147483647,1537584,False,nan
12175,1969999,1613160204,MERV - XMEV - GGAL - 24hs,6850.0,2025-05-09 18:59:34,2,2025-05-09 18:59:34.658,6840.0,20988,6830.0,844,6820.0,2835,6810.0,32043,6800.0,17197,6850.0,1179,6860.0,21000,6870.0,12687,6880.0,5507,6890.0,2151,2025-05-09 18:59:34.569,,2147483647,1537584,True,offer
12176,1970042,1613160267,MERV - XMEV - GGAL - 24hs,6850.0,2025-05-09 18:59:34,2,2025-05-09 18:59:35.154,6840.0,20641,6830.0,844,6820.0,2835,6810.0,32043,6800.0,17197,6850.0,1177,6860.0,21000,6870.0,12687,6880.0,5507,6890.0,2151,2025-05-09 18:59:35.068,,2147483647,1537584,False,nan
12177,1970093,1613160334,MERV - XMEV - GGAL - 24hs,6850.0,2025-05-09 18:59:34,2,2025-05-09 18:59:35.656,6840.0,20641,6830.0,844,6820.0,2835,6810.0,32043,6800.0,17197,6850.0,1177,6860.0,21000,6870.0,12687,6880.0,5507,6890.0,2151,2025-05-09 18:59:35.568,,2147483647,1537586,False,nan
12178,1970144,1613160391,MERV - XMEV - GGAL - 24hs,6850.0,2025-05-09 18:59:34,2,2025-05-09 18:59:36.157,6840.0,20494,6830.0,844,6820.0,2835,6810.0,32043,6800.0,17197,6850.0,1177,6860.0,21000,6870.0,12687,6880.0,5507,6890.0,2151,2025-05-09 18:59:36.069,,2147483647,1537586,False,nan
12179,1970390,1613160692,MERV - XMEV - GGAL - 24hs,6850.0,2025-05-09 18:59:34,2,2025-05-09 18:59:37.786,6840.0,20488,6830.0,844,6820.0,2835,6810.0,32043,6800.0,17197,6850.0,1177,6860.0,21000,6870.0,12687,6880.0,5507,6890.0,2151,2025-05-09 18:59:37.698,,2147483647,1537586,False,nan
12180,1970799,1613161210,MERV - XMEV - GGAL - 24hs,6850.0,2025-05-09 18:59:42,450,2025-05-09 18:59:42.327,6840.0,20488,6830.0,844,6820.0,2835,6810.0,32043,6800.0,17197,6850.0,1177,6860.0,21000,6870.0,12687,6880.0,5507,6890.0,2151,2025-05-09 18:59:42.241,,2147483647,1537586,True,offer
12181,1970832,1613161263,MERV - XMEV - GGAL - 24hs,6850.0,2025-05-09 18:59:42,2,2025-05-09 18:59:42.825,6840.0,20488,6830.0,844,6820.0,2835,6810.0,32043,6800.0,17197,6850.0,727,6860.0,21000,6870.0,12687,6880.0,5507,6890.0,2151,2025-05-09 18:59:42.741,,2147483647,1538036,False,nan
12182,1970886,1613161324,MERV - XMEV - GGAL - 24hs,6850.0,2025-05-09 18:59:42,2,2025-05-09 18:59:43.326,6840.0,20488,6830.0,844,6820.0,2835,6810.0,32043,6800.0,17197,6850.0,725,6860.0,21000,6870.0,12687,6880.0,5507,6890.0,2151,2025-05-09 18:59:43.241,,2147483647,1538038,False,nan
12183,1970938,1613161398,MERV - XMEV - GGAL - 24hs,6850.0,2025-05-09 18:59:42,2,2025-05-09 18:59:44.339,6840.0,20485,6830.0,844,6820.0,2835,6810.0,32043,6800.0,17197,6850.0,725,6860.0,21000,6870.0,12687,6880.0,5507,6890.0,2151,2025-05-09 18:59:44.249,,2147483647,1538038,False,nan
12184,1971115,1613161622,MERV - XMEV - GGAL - 24hs,6850.0,2025-05-09 18:59:42,2,2025-05-09 18:59:47.007,6840.0,20339,6830.0,844,6820.0,2835,6810.0,32043,6800.0,17197,6850.0,725,6860.0,21000,6870.0,12687,6880.0,5507,6890.0,2151,2025-05-09 18:59:46.922,,2147483647,1538038,False,nan
12185,1971487,1613162112,MERV - XMEV - GGAL - 24hs,6840.0,2025-05-09 18:59:52,1398,2025-05-09 18:59:52.265,6840.0,20339,6830.0,844,6820.0,2835,6810.0,32043,6800.0,17197,6850.0,725,6860.0,21000,6870.0,12687,6880.0,5507,6890.0,2151,2025-05-09 18:59:52.180,,2147483647,1538038,True,bid
12186,1971559,1613162222,MERV - XMEV - GGAL - 24hs,6840.0,2025-05-09 18:59:52,1398,2025-05-09 18:59:52.940,6840.0,18941,6830.0,844,6820.0,2835,6810.0,32043,6800.0,17197,6850.0,725,6860.0,21000,6870.0,12687,6880.0,5507,6890.0,2151,2025-05-09 18:59:52.850,,2147483647,1538038,False,nan
12187,1971611,1613162289,MERV - XMEV - GGAL - 24hs,6840.0,2025-05-09 18:59:52,1398,2025-05-09 18:59:53.435,6840.0,18941,6830.0,844,6820.0,2835,6810.0,32043,6800.0,17197,6850.0,725,6860.0,21000,6870.0,12687,6880.0,5507,6890.0,2151,2025-05-09 18:59:53.349,,2147483647,1539436,False,nan
12188,1971661,1613162350,MERV - XMEV - GGAL - 24hs,6850.0,2025-05-09 18:59:54,1,2025-05-09 18:59:54.387,6840.0,18941,6830.0,844,6820.0,2835,6810.0,32043,6800.0,17197,6850.0,725,6860.0,21000,6870.0,12687,6880.0,5507,6890.0,2151,2025-05-09 18:59:54.290,,2147483647,1539436,True,offer
12189,1971721,1613162435,MERV - XMEV - GGAL - 24hs,6850.0,2025-05-09 18:59:54,1,2025-05-09 18:59:54.878,6840.0,18941,6830.0,844,6820.0,2835,6810.0,32043,6800.0,17197,6850.0,724,6860.0,21000,6870.0,12687,6880.0,5507,6890.0,2151,2025-05-09 18:59:54.790,,2147483647,1539437,False,nan
12190,1972416,1613163312,MERV - XMEV - GGAL - 24hs,6850.0,2025-05-09 19:00:01,14,2025-05-09 19:00:01.894,6840.0,18941,6830.0,844,6820.0,2835,6810.0,32043,6800.0,17197,6850.0,724,6860.0,21000,6870.0,12687,6880.0,5507,6890.0,2151,2025-05-09 19:00:01.763,,2147483647,1539437,True,offer
12191,1972505,1613163446,MERV - XMEV - GGAL - 24hs,6850.0,2025-05-09 19:00:01,14,2025-05-09 19:00:02.523,6840.0,18941,6830.0,844,6820.0,2835,6810.0,32043,6800.0,17201,6850.0,710,6860.0,21000,6870.0,12687,6880.0,5507,6890.0,2151,2025-05-09 19:00:02.420,,2147483647,1539437,False,nan
12192,1972629,1613163587,MERV - XMEV - GGAL - 24hs,6850.0,2025-05-09 19:00:01,14,2025-05-09 19:00:03.068,6840.0,18941,6830.0,844,6820.0,2835,6810.0,32043,6800.0,17201,6850.0,710,6860.0,21000,6870.0,12687,6880.0,5507,6890.0,2151,2025-05-09 19:00:02.921,,2147483647,1539451,False,nan
12193,1972885,1613163918,MERV - XMEV - GGAL - 24hs,6850.0,2025-05-09 19:00:04,313,2025-05-09 19:00:04.724,6840.0,18941,6830.0,844,6820.0,2835,6810.0,32043,6800.0,17201,6850.0,710,6860.0,21000,6870.0,12687,6880.0,5507,6890.0,2151,2025-05-09 19:00:04.623,,2147483647,1539451,True,offer
12194,1972962,1613164023,MERV - XMEV - GGAL - 24hs,6850.0,2025-05-09 19:00:04,313,2025-05-09 19:00:05.355,6840.0,18941,6830.0,844,6820.0,2835,6810.0,32043,6800.0,17201,6850.0,710,6860.0,21000,6870.0,12687,6880.0,5507,6890.0,2151,2025-05-09 19:00:05.266,,2147483647,1539764,False,nan
12195,1973009,1613164108,MERV - XMEV - GGAL - 24hs,6850.0,2025-05-09 19:00:04,313,2025-05-09 19:00:05.847,6840.0,18941,6830.0,844,6820.0,2835,6810.0,32043,6800.0,17201,6850.0,397,6860.0,21000,6870.0,12687,6880.0,5507,6890.0,2151,2025-05-09 19:00:05.762,,2147483647,1539764,False,nan
12196,1973738,1613165056,MERV - XMEV - GGAL - 24hs,6850.0,2025-05-09 19:00:04,313,2025-05-09 19:00:10.695,6840.0,18931,6830.0,844,6820.0,2835,6810.0,32043,6800.0,17201,6850.0,397,6860.0,21000,6870.0,17687,6880.0,507,6890.0,2151,2025-05-09 19:00:10.591,,2147483647,1539764,False,nan
12197,1974040,1613165442,MERV - XMEV - GGAL - 24hs,6850.0,2025-05-09 19:00:04,313,2025-05-09 19:00:13.758,6840.0,18931,6830.0,917,6820.0,2835,6810.0,32043,6800.0,17201,6850.0,397,6860.0,21000,6870.0,17687,6880.0,507,6890.0,2151,2025-05-09 19:00:13.478,,2147483647,1539764,False,nan
12198,1974132,1613165551,MERV - XMEV - GGAL - 24hs,6850.0,2025-05-09 19:00:13,397,2025-05-09 19:00:14.096,6840.0,18931,6830.0,917,6820.0,2835,6810.0,32043,6800.0,17201,6850.0,397,6860.0,21000,6870.0,17687,6880.0,507,6890.0,2151,2025-05-09 19:00:13.937,,2147483647,1539764,True,offer
12199,1974187,1613165622,MERV - XMEV - GGAL - 24hs,6850.0,2025-05-09 19:00:13,397,2025-05-09 19:00:14.547,6840.0,19007,6830.0,917,6820.0,2835,6810.0,32043,6800.0,17194,6860.0,21000,6870.0,17687,6880.0,507,6890.0,2151,6900.0,12453,2025-05-09 19:00:14.439,,2147483647,1540161,False,nan
12200,1975232,1613166996,MERV - XMEV - GGAL - 24hs,6850.0,2025-05-09 19:00:13,397,2025-05-09 19:00:25.040,6840.0,18934,6830.0,917,6820.0,2835,6810.0,32043,6800.0,17201,6850.0,500,6860.0,21000,6870.0,17687,6880.0,507,6890.0,2151,2025-05-09 19:00:24.953,,2147483647,1540161,False,nan
12201,1975533,1613167391,MERV - XMEV - GGAL - 24hs,6850.0,2025-05-09 19:00:13,397,2025-05-09 19:00:27.546,6840.0,18934,6830.0,917,6820.0,2835,6810.0,32043,6800.0,17201,6850.0,500,6860.0,21000,6870.0,17687,6880.0,507,6890.0,2548,2025-05-09 19:00:27.460,,2147483647,1540161,False,nan
12202,1975803,1613167754,MERV - XMEV - GGAL - 24hs,6840.0,2025-05-09 19:00:30,8,2025-05-09 19:00:30.616,6840.0,18934,6830.0,917,6820.0,2835,6810.0,32043,6800.0,17201,6850.0,500,6860.0,21000,6870.0,17687,6880.0,507,6890.0,2548,2025-05-09 19:00:30.529,,2147483647,1540161,True,bid
12203,1975870,1613167842,MERV - XMEV - GGAL - 24hs,6850.0,2025-05-09 19:00:30,50,2025-05-09 19:00:31.116,6840.0,18934,6830.0,917,6820.0,2835,6810.0,32043,6800.0,17201,6850.0,500,6860.0,21000,6870.0,17687,6880.0,507,6890.0,2548,2025-05-09 19:00:31.029,,2147483647,1540169,False,nan
12204,1975937,1613167919,MERV - XMEV - GGAL - 24hs,6850.0,2025-05-09 19:00:30,50,2025-05-09 19:00:31.628,6840.0,18926,6830.0,917,6820.0,2835,6810.0,32043,6800.0,17201,6850.0,450,6860.0,21000,6870.0,17687,6880.0,507,6890.0,2548,2025-05-09 19:00:31.529,,2147483647,1540219,False,nan
12205,1976446,1613168549,MERV - XMEV - GGAL - 24hs,6840.0,2025-05-09 19:00:36,1000,2025-05-09 19:00:36.402,6840.0,18926,6830.0,917,6820.0,2835,6810.0,32043,6800.0,17201,6850.0,450,6860.0,21000,6870.0,17687,6880.0,507,6890.0,2548,2025-05-09 19:00:36.315,,2147483647,1540219,True,bid
12206,1976512,1613168626,MERV - XMEV - GGAL - 24hs,6850.0,2025-05-09 19:00:36,11,2025-05-09 19:00:36.999,6840.0,18926,6830.0,917,6820.0,2835,6810.0,32043,6800.0,17201,6850.0,450,6860.0,21000,6870.0,17687,6880.0,507,6890.0,2548,2025-05-09 19:00:36.863,,2147483647,1541219,False,nan
12207,1976574,1613168706,MERV - XMEV - GGAL - 24hs,6850.0,2025-05-09 19:00:36,11,2025-05-09 19:00:37.460,6840.0,17926,6830.0,917,6820.0,2835,6810.0,32043,6800.0,17201,6850.0,439,6860.0,21000,6870.0,17687,6880.0,507,6890.0,2548,2025-05-09 19:00:37.366,,2147483647,1541230,False,nan
12208,1977085,1613169376,MERV - XMEV - GGAL - 24hs,6840.0,2025-05-09 19:00:41,8,2025-05-09 19:00:41.275,6840.0,17926,6830.0,917,6820.0,2835,6810.0,32043,6800.0,17201,6850.0,439,6860.0,21000,6870.0,17687,6880.0,507,6890.0,2548,2025-05-09 19:00:41.184,,2147483647,1541230,True,bid
12209,1977184,1613169495,MERV - XMEV - GGAL - 24hs,6840.0,2025-05-09 19:00:41,8,2025-05-09 19:00:42.003,6840.0,17918,6830.0,917,6820.0,2835,6810.0,32043,6800.0,17201,6850.0,439,6860.0,21000,6870.0,17687,6880.0,507,6890.0,2548,2025-05-09 19:00:41.881,,2147483647,1541230,False,nan
12210,1977271,1613169608,MERV - XMEV - GGAL - 24hs,6840.0,2025-05-09 19:00:41,8,2025-05-09 19:00:42.483,6840.0,17918,6830.0,917,6820.0,2835,6810.0,32043,6800.0,17201,6850.0,439,6860.0,21000,6870.0,17687,6880.0,507,6890.0,2548,2025-05-09 19:00:42.384,,2147483647,1541238,False,nan
12211,1977425,1613169814,MERV - XMEV - GGAL - 24hs,6840.0,2025-05-09 19:00:43,47,2025-05-09 19:00:43.531,6840.0,17918,6830.0,917,6820.0,2835,6810.0,32043,6800.0,17201,6850.0,439,6860.0,21000,6870.0,17687,6880.0,507,6890.0,2548,2025-05-09 19:00:43.445,,2147483647,1541238,True,bid
12212,1977458,1613169856,MERV - XMEV - GGAL - 24hs,6840.0,2025-05-09 19:00:43,47,2025-05-09 19:00:44.037,6840.0,17871,6830.0,917,6820.0,2835,6810.0,32043,6800.0,17201,6850.0,439,6860.0,21000,6870.0,17687,6880.0,507,6890.0,2548,2025-05-09 19:00:43.952,,2147483647,1541238,False,nan
12213,1977495,1613169913,MERV - XMEV - GGAL - 24hs,6840.0,2025-05-09 19:00:43,47,2025-05-09 19:00:44.530,6840.0,17871,6830.0,917,6820.0,2835,6810.0,32043,6800.0,17201,6850.0,439,6860.0,21000,6870.0,17687,6880.0,507,6890.0,2548,2025-05-09 19:00:44.445,,2147483647,1541285,False,nan
12214,1977871,1613170388,MERV - XMEV - GGAL - 24hs,6840.0,2025-05-09 19:00:43,47,2025-05-09 19:00:47.193,6840.0,17866,6830.0,917,6820.0,2835,6810.0,32043,6800.0,17201,6850.0,439,6860.0,21000,6870.0,17687,6880.0,507,6890.0,2548,2025-05-09 19:00:47.093,,2147483647,1541285,False,nan
12215,1978771,1613171579,MERV - XMEV - GGAL - 24hs,6840.0,2025-05-09 19:00:43,47,2025-05-09 19:00:57.239,6840.0,17866,6830.0,917,6820.0,2835,6810.0,32043,6800.0,17201,6850.0,439,6860.0,31000,6870.0,7687,6880.0,507,6890.0,2548,2025-05-09 19:00:57.146,,2147483647,1541285,False,nan
12216,1979174,1613172068,MERV - XMEV - GGAL - 24hs,6840.0,2025-05-09 19:00:43,47,2025-05-09 19:01:00.080,6840.0,17866,6830.0,917,6820.0,2835,6810.0,32043,6800.0,17201,6850.0,439,6860.0,33000,6870.0,5687,6880.0,507,6890.0,2548,2025-05-09 19:00:59.972,,2147483647,1541285,False,nan
12217,1979269,1613172184,MERV - XMEV - GGAL - 24hs,6850.0,2025-05-09 19:01:00,14,2025-05-09 19:01:00.563,6840.0,17866,6830.0,917,6820.0,2835,6810.0,32043,6800.0,17201,6850.0,439,6860.0,33000,6870.0,5687,6880.0,507,6890.0,2548,2025-05-09 19:01:00.473,,2147483647,1541285,True,offer
12218,1979324,1613172250,MERV - XMEV - GGAL - 24hs,6850.0,2025-05-09 19:01:00,14,2025-05-09 19:01:01.068,6840.0,17862,6830.0,917,6820.0,2835,6810.0,46951,6800.0,2293,6850.0,425,6860.0,33000,6870.0,5687,6880.0,507,6890.0,2548,2025-05-09 19:01:00.976,,2147483647,1541299,False,nan
12219,1979464,1613172419,MERV - XMEV - GGAL - 24hs,6850.0,2025-05-09 19:01:00,14,2025-05-09 19:01:01.945,6840.0,17862,6830.0,917,6820.0,2835,6810.0,32043,6800.0,17201,6850.0,425,6860.0,33000,6870.0,5687,6880.0,507,6890.0,2548,2025-05-09 19:01:01.849,,2147483647,1541299,False,nan
12220,1979674,1613172666,MERV - XMEV - GGAL - 24hs,6850.0,2025-05-09 19:01:00,14,2025-05-09 19:01:03.225,6840.0,17862,6830.0,917,6820.0,2835,6810.0,32043,6800.0,2293,6850.0,425,6860.0,33000,6870.0,5687,6880.0,507,6890.0,2548,2025-05-09 19:01:03.140,,2147483647,1541299,False,nan
12221,1979936,1613173005,MERV - XMEV - GGAL - 24hs,6840.0,2025-05-09 19:01:06,5,2025-05-09 19:01:06.416,6840.0,17862,6830.0,917,6820.0,2835,6810.0,32043,6800.0,2293,6850.0,425,6860.0,33000,6870.0,5687,6880.0,507,6890.0,2548,2025-05-09 19:01:06.139,,2147483647,1541299,True,bid
12222,1980028,1613173124,MERV - XMEV - GGAL - 24hs,6840.0,2025-05-09 19:01:06,5,2025-05-09 19:01:06.900,6840.0,17857,6830.0,917,6820.0,2835,6810.0,32043,6800.0,2293,6850.0,425,6860.0,33000,6870.0,5687,6880.0,507,6890.0,2548,2025-05-09 19:01:06.804,,2147483647,1541299,False,nan
12223,1980181,1613173296,MERV - XMEV - GGAL - 24hs,6850.0,2025-05-09 19:01:06,5,2025-05-09 19:01:07.448,6840.0,17857,6830.0,917,6820.0,2835,6810.0,32043,6800.0,2293,6850.0,425,6860.0,33000,6870.0,5687,6880.0,507,6890.0,2548,2025-05-09 19:01:07.312,,2147483647,1541304,False,nan
12224,1980381,1613173544,MERV - XMEV - GGAL - 24hs,6850.0,2025-05-09 19:01:06,5,2025-05-09 19:01:08.339,6840.0,17857,6830.0,917,6820.0,2835,6810.0,32043,6800.0,2293,6850.0,420,6860.0,33000,6870.0,5687,6880.0,507,6890.0,2548,2025-05-09 19:01:07.809,,2147483647,1541309,False,nan
12225,1980441,1613173616,MERV - XMEV - GGAL - 24hs,6850.0,2025-05-09 19:01:07,420,2025-05-09 19:01:08.570,6840.0,17857,6830.0,917,6820.0,2835,6810.0,32043,6800.0,2293,6850.0,420,6860.0,33000,6870.0,5687,6880.0,507,6890.0,2548,2025-05-09 19:01:08.309,,2147483647,1541309,True,offer
12226,1980505,1613173715,MERV - XMEV - GGAL - 24hs,6850.0,2025-05-09 19:01:07,420,2025-05-09 19:01:08.924,6850.0,278,6840.0,17850,6830.0,917,6820.0,2835,6810.0,32043,6860.0,33000,6870.0,5687,6880.0,507,6890.0,2548,6900.0,12953,2025-05-09 19:01:08.809,,2147483647,1541729,False,nan
12227,1981363,1613174913,MERV - XMEV - GGAL - 24hs,6850.0,2025-05-09 19:01:15,26,2025-05-09 19:01:15.876,6850.0,278,6840.0,17850,6830.0,917,6820.0,2835,6810.0,32043,6860.0,33000,6870.0,5687,6880.0,507,6890.0,2548,6900.0,12953,2025-05-09 19:01:15.778,,2147483647,1541729,True,bid
12228,1981423,1613174985,MERV - XMEV - GGAL - 24hs,6850.0,2025-05-09 19:01:15,26,2025-05-09 19:01:16.371,6850.0,252,6840.0,16927,6830.0,917,6820.0,2835,6810.0,32043,6860.0,33000,6870.0,5687,6880.0,507,6890.0,2548,6900.0,12953,2025-05-09 19:01:16.283,,2147483647,1541729,False,nan
12229,1981475,1613175095,MERV - XMEV - GGAL - 24hs,6850.0,2025-05-09 19:01:15,26,2025-05-09 19:01:16.867,6850.0,252,6840.0,16927,6830.0,917,6820.0,2835,6810.0,32043,6860.0,33000,6870.0,5687,6880.0,507,6890.0,2548,6900.0,12953,2025-05-09 19:01:16.783,,2147483647,1541755,False,nan
12230,1981507,1613175140,MERV - XMEV - GGAL - 24hs,6860.0,2025-05-09 19:01:17,4000,2025-05-09 19:01:17.367,6850.0,252,6840.0,16927,6830.0,917,6820.0,2835,6810.0,32043,6860.0,33000,6870.0,5687,6880.0,507,6890.0,2548,6900.0,12953,2025-05-09 19:01:17.283,,2147483647,1541755,True,offer
12231,1981559,1613175212,MERV - XMEV - GGAL - 24hs,6860.0,2025-05-09 19:01:17,4000,2025-05-09 19:01:17.950,6850.0,252,6840.0,16927,6830.0,917,6820.0,2835,6810.0,32043,6860.0,27000,6870.0,5687,6880.0,507,6890.0,2548,6900.0,12953,2025-05-09 19:01:17.864,,2147483647,1541755,False,nan
12232,1981617,1613175285,MERV - XMEV - GGAL - 24hs,6860.0,2025-05-09 19:01:17,4000,2025-05-09 19:01:18.460,6850.0,252,6840.0,16927,6830.0,917,6820.0,2835,6810.0,32043,6860.0,27000,6870.0,5687,6880.0,507,6890.0,2548,6900.0,12953,2025-05-09 19:01:18.364,,2147483647,1551755,False,nan
12233,1981679,1613175363,MERV - XMEV - GGAL - 24hs,6860.0,2025-05-09 19:01:17,4000,2025-05-09 19:01:19.035,6850.0,252,6840.0,16904,6830.0,917,6820.0,2835,6810.0,32043,6860.0,27000,6870.0,5687,6880.0,507,6890.0,2548,6900.0,12953,2025-05-09 19:01:18.950,,2147483647,1551755,False,nan
12234,1981809,1613175531,MERV - XMEV - GGAL - 24hs,6860.0,2025-05-09 19:01:20,332,2025-05-09 19:01:20.099,6850.0,252,6840.0,16904,6830.0,917,6820.0,2835,6810.0,32043,6860.0,27000,6870.0,5687,6880.0,507,6890.0,2548,6900.0,12953,2025-05-09 19:01:20.015,,2147483647,1551755,True,offer
12235,1981907,1613175663,MERV - XMEV - GGAL - 24hs,6860.0,2025-05-09 19:01:20,332,2025-05-09 19:01:20.784,6850.0,252,6840.0,16904,6830.0,917,6820.0,2835,6810.0,32043,6860.0,26668,6870.0,5687,6880.0,507,6890.0,2548,6900.0,12953,2025-05-09 19:01:20.680,,2147483647,1551755,False,nan
12236,1981947,1613175711,MERV - XMEV - GGAL - 24hs,6860.0,2025-05-09 19:01:20,332,2025-05-09 19:01:21.275,6850.0,252,6840.0,16904,6830.0,917,6820.0,2835,6810.0,32043,6860.0,26668,6870.0,5687,6880.0,507,6890.0,2548,6900.0,12953,2025-05-09 19:01:21.180,,2147483647,1552087,False,nan
12237,1981978,1613175746,MERV - XMEV - GGAL - 24hs,6860.0,2025-05-09 19:01:21,1,2025-05-09 19:01:21.769,6850.0,252,6840.0,16904,6830.0,917,6820.0,2835,6810.0,32043,6860.0,26668,6870.0,5687,6880.0,507,6890.0,2548,6900.0,12953,2025-05-09 19:01:21.682,,2147483647,1552087,True,offer
12238,1982017,1613175824,MERV - XMEV - GGAL - 24hs,6850.0,2025-05-09 19:01:21,9,2025-05-09 19:01:22.307,6850.0,252,6840.0,16904,6830.0,917,6820.0,2835,6810.0,32043,6860.0,26668,6870.0,5687,6880.0,507,6890.0,2548,6900.0,12953,2025-05-09 19:01:22.185,,2147483647,1552088,False,nan
12239,1982080,1613175928,MERV - XMEV - GGAL - 24hs,6850.0,2025-05-09 19:01:21,9,2025-05-09 19:01:22.824,6850.0,243,6840.0,16904,6830.0,917,6820.0,2835,6810.0,32043,6860.0,26667,6870.0,5687,6880.0,507,6890.0,2548,6900.0,12953,2025-05-09 19:01:22.692,,2147483647,1552097,False,nan
12240,1982227,1613176149,MERV - XMEV - GGAL - 24hs,6850.0,2025-05-09 19:01:21,9,2025-05-09 19:01:24.540,6840.0,17223,6830.0,917,6820.0,2835,6810.0,32043,6800.0,2286,6860.0,26667,6870.0,5687,6880.0,507,6890.0,2548,6900.0,12953,2025-05-09 19:01:24.454,,2147483647,1552097,False,nan
12241,1982741,1613176783,MERV - XMEV - GGAL - 24hs,6850.0,2025-05-09 19:01:21,9,2025-05-09 19:01:28.895,6840.0,16436,6830.0,917,6820.0,2835,6810.0,32043,6800.0,2286,6860.0,26667,6870.0,5687,6880.0,507,6890.0,2548,6900.0,12953,2025-05-09 19:01:28.668,,2147483647,1552097,False,nan
12242,1983061,1613177199,MERV - XMEV - GGAL - 24hs,6850.0,2025-05-09 19:01:21,9,2025-05-09 19:01:30.148,6840.0,16360,6830.0,917,6820.0,2835,6810.0,32043,6800.0,2293,6850.0,2000,6860.0,26667,6870.0,5687,6880.0,507,6890.0,2548,2025-05-09 19:01:29.664,,2147483647,1552097,False,nan
12243,1983210,1613177399,MERV - XMEV - GGAL - 24hs,6850.0,2025-05-09 19:01:21,9,2025-05-09 19:01:30.763,6840.0,15905,6830.0,917,6820.0,2835,6810.0,32043,6800.0,2293,6850.0,2000,6860.0,26667,6870.0,5687,6880.0,507,6890.0,2548,2025-05-09 19:01:30.677,,2147483647,1552097,False,nan
12244,1983625,1613177890,MERV - XMEV - GGAL - 24hs,6850.0,2025-05-09 19:01:33,50,2025-05-09 19:01:34.071,6840.0,15905,6830.0,917,6820.0,2835,6810.0,32043,6800.0,2293,6850.0,2000,6860.0,26667,6870.0,5687,6880.0,507,6890.0,2548,2025-05-09 19:01:33.891,,2147483647,1552097,True,offer
12245,1983672,1613177949,MERV - XMEV - GGAL - 24hs,6850.0,2025-05-09 19:01:33,50,2025-05-09 19:01:34.478,6840.0,15649,6830.0,917,6820.0,2435,6810.0,32043,6800.0,2293,6850.0,1950,6860.0,26667,6870.0,5687,6880.0,507,6890.0,2548,2025-05-09 19:01:34.389,,2147483647,1552097,False,nan
12246,1983752,1613178033,MERV - XMEV - GGAL - 24hs,6850.0,2025-05-09 19:01:33,50,2025-05-09 19:01:35.018,6840.0,15649,6830.0,917,6820.0,2435,6810.0,32043,6800.0,2293,6850.0,1950,6860.0,26667,6870.0,5687,6880.0,507,6890.0,2548,2025-05-09 19:01:34.891,,2147483647,1552147,False,nan
12247,1983867,1613178176,MERV - XMEV - GGAL - 24hs,6840.0,2025-05-09 19:01:35,1000,2025-05-09 19:01:35.558,6840.0,15649,6830.0,917,6820.0,2435,6810.0,32043,6800.0,2293,6850.0,1950,6860.0,26667,6870.0,5687,6880.0,507,6890.0,2548,2025-05-09 19:01:35.392,,2147483647,1552147,True,bid
12248,1983907,1613178224,MERV - XMEV - GGAL - 24hs,6840.0,2025-05-09 19:01:35,1000,2025-05-09 19:01:35.979,6840.0,14649,6830.0,917,6820.0,2435,6810.0,32043,6800.0,2293,6850.0,1950,6860.0,26667,6870.0,5687,6880.0,507,6890.0,2548,2025-05-09 19:01:35.895,,2147483647,1552147,False,nan
12249,1983941,1613178262,MERV - XMEV - GGAL - 24hs,6840.0,2025-05-09 19:01:35,1000,2025-05-09 19:01:36.480,6840.0,14649,6830.0,917,6820.0,2435,6810.0,32043,6800.0,2293,6850.0,1950,6860.0,26667,6870.0,5687,6880.0,507,6890.0,2548,2025-05-09 19:01:36.396,,2147483647,1553147,False,nan
12250,1984403,1613178818,MERV - XMEV - GGAL - 24hs,6850.0,2025-05-09 19:01:39,1,2025-05-09 19:01:39.774,6840.0,14649,6830.0,917,6820.0,2435,6810.0,32043,6800.0,2293,6850.0,1950,6860.0,26667,6870.0,5687,6880.0,507,6890.0,2548,2025-05-09 19:01:39.685,,2147483647,1553147,True,offer
12251,1984475,1613178900,MERV - XMEV - GGAL - 24hs,6850.0,2025-05-09 19:01:39,1,2025-05-09 19:01:40.435,6840.0,14649,6830.0,917,6820.0,2435,6810.0,32043,6800.0,2293,6850.0,1949,6860.0,26667,6870.0,5687,6880.0,507,6890.0,2548,2025-05-09 19:01:40.350,,2147483647,1553147,False,nan
12252,1984556,1613178996,MERV - XMEV - GGAL - 24hs,6850.0,2025-05-09 19:01:39,1,2025-05-09 19:01:40.940,6840.0,14649,6830.0,917,6820.0,2435,6810.0,32043,6800.0,2293,6850.0,1949,6860.0,26667,6870.0,5687,6880.0,507,6890.0,2548,2025-05-09 19:01:40.855,,2147483647,1553148,False,nan
12253,1984710,1613179166,MERV - XMEV - GGAL - 24hs,6850.0,2025-05-09 19:01:39,1,2025-05-09 19:01:42.330,6840.0,14643,6830.0,917,6820.0,2435,6810.0,32043,6800.0,2293,6850.0,2949,6860.0,26667,6870.0,5687,6880.0,507,6890.0,2548,2025-05-09 19:01:42.237,,2147483647,1553148,False,nan
12254,1984813,1613179305,MERV - XMEV - GGAL - 24hs,6850.0,2025-05-09 19:01:39,1,2025-05-09 19:01:43.291,6840.0,14623,6830.0,917,6820.0,2435,6810.0,32043,6800.0,2293,6850.0,2949,6860.0,26667,6870.0,5687,6880.0,507,6890.0,2548,2025-05-09 19:01:43.110,,2147483647,1553148,False,nan
12255,1984971,1613179533,MERV - XMEV - GGAL - 24hs,6850.0,2025-05-09 19:01:39,1,2025-05-09 19:01:44.532,6840.0,14623,6830.0,917,6820.0,2435,6810.0,32043,6800.0,2293,6850.0,2949,6860.0,26667,6870.0,6138,6880.0,507,6890.0,2548,2025-05-09 19:01:44.446,,2147483647,1553148,False,nan
12256,1985206,1613179852,MERV - XMEV - GGAL - 24hs,6850.0,2025-05-09 19:01:39,1,2025-05-09 19:01:46.578,6840.0,13988,6830.0,917,6820.0,2435,6810.0,32043,6800.0,2293,6850.0,2949,6860.0,26667,6870.0,6138,6880.0,507,6890.0,2548,2025-05-09 19:01:46.486,,2147483647,1553148,False,nan
12257,1985383,1613180078,MERV - XMEV - GGAL - 24hs,6850.0,2025-05-09 19:01:39,1,2025-05-09 19:01:48.127,6840.0,11940,6830.0,917,6820.0,2435,6810.0,32043,6800.0,2293,6850.0,2949,6860.0,26667,6870.0,6138,6880.0,507,6890.0,2548,2025-05-09 19:01:47.740,,2147483647,1553148,False,nan
12258,1985541,1613180266,MERV - XMEV - GGAL - 24hs,6850.0,2025-05-09 19:01:39,1,2025-05-09 19:01:48.696,6840.0,1091,6830.0,917,6820.0,2445,6810.0,32043,6800.0,2293,6850.0,2949,6860.0,26667,6870.0,6138,6880.0,507,6890.0,2548,2025-05-09 19:01:48.451,,2147483647,1553148,False,nan
12259,1985950,1613180772,MERV - XMEV - GGAL - 24hs,6850.0,2025-05-09 19:01:39,1,2025-05-09 19:01:54.807,6840.0,1091,6830.0,917,6820.0,2445,6810.0,32043,6800.0,2293,6850.0,1949,6860.0,26667,6870.0,6138,6880.0,507,6890.0,2548,2025-05-09 19:01:54.715,,2147483647,1553148,False,nan
12260,1986076,1613180932,MERV - XMEV - GGAL - 24hs,6850.0,2025-05-09 19:01:56,1,2025-05-09 19:01:56.380,6840.0,1091,6830.0,917,6820.0,2445,6810.0,32043,6800.0,2293,6850.0,1949,6860.0,26667,6870.0,6138,6880.0,507,6890.0,2548,2025-05-09 19:01:56.292,,2147483647,1553148,True,offer
12261,1986127,1613181002,MERV - XMEV - GGAL - 24hs,6850.0,2025-05-09 19:01:56,1,2025-05-09 19:01:57.044,6840.0,1091,6830.0,917,6820.0,2445,6810.0,32043,6800.0,2293,6850.0,1948,6860.0,26667,6870.0,6138,6880.0,507,6890.0,2548,2025-05-09 19:01:56.960,,2147483647,1553148,False,nan
12262,1986178,1613181069,MERV - XMEV - GGAL - 24hs,6850.0,2025-05-09 19:01:56,1,2025-05-09 19:01:57.545,6840.0,1091,6830.0,917,6820.0,2445,6810.0,32043,6800.0,2293,6850.0,1948,6860.0,26667,6870.0,6138,6880.0,507,6890.0,2548,2025-05-09 19:01:57.460,,2147483647,1553149,False,nan
12263,1986245,1613181152,MERV - XMEV - GGAL - 24hs,6850.0,2025-05-09 19:01:58,3,2025-05-09 19:01:58.715,6840.0,1091,6830.0,917,6820.0,2445,6810.0,32043,6800.0,2293,6850.0,1948,6860.0,26667,6870.0,6138,6880.0,507,6890.0,2548,2025-05-09 19:01:58.626,,2147483647,1553149,True,offer
12264,1986286,1613181204,MERV - XMEV - GGAL - 24hs,6850.0,2025-05-09 19:01:58,3,2025-05-09 19:01:59.385,6840.0,1091,6830.0,917,6820.0,2445,6810.0,32043,6800.0,2293,6850.0,1945,6860.0,26667,6870.0,6138,6880.0,507,6890.0,2548,2025-05-09 19:01:59.295,,2147483647,1553149,False,nan
12265,1986318,1613181242,MERV - XMEV - GGAL - 24hs,6850.0,2025-05-09 19:01:58,3,2025-05-09 19:01:59.884,6840.0,1091,6830.0,917,6820.0,2445,6810.0,32043,6800.0,2293,6850.0,1945,6860.0,26667,6870.0,6138,6880.0,507,6890.0,2548,2025-05-09 19:01:59.795,,2147483647,1553152,False,nan
12266,1987218,1613182436,MERV - XMEV - GGAL - 24hs,6850.0,2025-05-09 19:01:58,3,2025-05-09 19:02:07.299,6840.0,1091,6830.0,917,6820.0,2445,6810.0,32043,6800.0,2293,6850.0,2151,6860.0,26667,6870.0,6138,6880.0,507,6890.0,2548,2025-05-09 19:02:07.114,,2147483647,1553152,False,nan
12267,1987514,1613182801,MERV - XMEV - GGAL - 24hs,6850.0,2025-05-09 19:02:10,72,2025-05-09 19:02:10.383,6840.0,1091,6830.0,917,6820.0,2445,6810.0,32043,6800.0,2293,6850.0,2151,6860.0,26667,6870.0,6138,6880.0,507,6890.0,2548,2025-05-09 19:02:10.265,,2147483647,1553152,True,offer
12268,1987632,1613182941,MERV - XMEV - GGAL - 24hs,6850.0,2025-05-09 19:02:10,72,2025-05-09 19:02:10.867,6840.0,1091,6830.0,917,6820.0,2445,6810.0,32043,6800.0,2293,6850.0,2079,6860.0,26667,6870.0,6138,6880.0,507,6890.0,2548,2025-05-09 19:02:10.766,,2147483647,1553152,False,nan
12269,1987683,1613183003,MERV - XMEV - GGAL - 24hs,6850.0,2025-05-09 19:02:10,72,2025-05-09 19:02:11.358,6840.0,1091,6830.0,917,6820.0,2445,6810.0,32043,6800.0,2293,6850.0,2079,6860.0,26667,6870.0,6138,6880.0,507,6890.0,2548,2025-05-09 19:02:11.269,,2147483647,1553224,False,nan
12270,1987742,1613183073,MERV - XMEV - GGAL - 24hs,6850.0,2025-05-09 19:02:10,72,2025-05-09 19:02:11.865,6840.0,1091,6830.0,917,6820.0,2445,6810.0,32043,6800.0,2293,6850.0,12079,6860.0,26667,6870.0,6138,6880.0,507,6890.0,2548,2025-05-09 19:02:11.773,,2147483647,1553224,False,nan
12271,1987932,1613183314,MERV - XMEV - GGAL - 24hs,6850.0,2025-05-09 19:02:10,72,2025-05-09 19:02:13.622,6840.0,1091,6830.0,917,6820.0,2445,6810.0,32043,6800.0,2293,6850.0,15079,6860.0,26667,6870.0,6138,6880.0,507,6890.0,2548,2025-05-09 19:02:13.535,,2147483647,1553224,False,nan
12272,1988253,1613183728,MERV - XMEV - GGAL - 24hs,6840.0,2025-05-09 19:02:17,99,2025-05-09 19:02:17.551,6840.0,1091,6830.0,917,6820.0,2445,6810.0,32043,6800.0,2293,6850.0,15079,6860.0,26667,6870.0,6138,6880.0,507,6890.0,2548,2025-05-09 19:02:17.466,,2147483647,1553224,True,bid
12273,1988331,1613183833,MERV - XMEV - GGAL - 24hs,6840.0,2025-05-09 19:02:17,1,2025-05-09 19:02:18.083,6840.0,1091,6830.0,917,6820.0,2445,6810.0,32043,6800.0,2293,6850.0,15079,6860.0,26667,6870.0,6138,6880.0,507,6890.0,2548,2025-05-09 19:02:17.965,,2147483647,1553224,False,nan
12274,1988415,1613183946,MERV - XMEV - GGAL - 24hs,6840.0,2025-05-09 19:02:17,1,2025-05-09 19:02:18.550,6840.0,991,6830.0,1417,6820.0,2445,6810.0,32043,6800.0,2293,6850.0,15079,6860.0,26667,6870.0,6138,6880.0,507,6890.0,2548,2025-05-09 19:02:18.465,,2147483647,1553324,False,nan
12275,1989180,1613184969,MERV - XMEV - GGAL - 24hs,6840.0,2025-05-09 19:02:28,4,2025-05-09 19:02:28.985,6840.0,991,6830.0,1417,6820.0,2445,6810.0,32043,6800.0,2293,6850.0,15079,6860.0,26667,6870.0,6138,6880.0,507,6890.0,2548,2025-05-09 19:02:28.816,,2147483647,1553324,True,bid
12276,1989266,1613185090,MERV - XMEV - GGAL - 24hs,6840.0,2025-05-09 19:02:28,2,2025-05-09 19:02:29.404,6840.0,732,6830.0,1417,6820.0,2445,6810.0,32043,6800.0,2293,6850.0,15079,6860.0,26667,6870.0,6138,6880.0,507,6890.0,2548,2025-05-09 19:02:29.313,,2147483647,1553324,False,nan
12277,1989371,1613185234,MERV - XMEV - GGAL - 24hs,6840.0,2025-05-09 19:02:28,2,2025-05-09 19:02:29.948,6840.0,732,6830.0,1417,6820.0,2445,6810.0,32043,6800.0,2293,6850.0,15079,6860.0,26667,6870.0,6138,6880.0,507,6890.0,2548,2025-05-09 19:02:29.807,,2147483647,1553583,False,nan
12278,1989463,1613185344,MERV - XMEV - GGAL - 24hs,6840.0,2025-05-09 19:02:28,2,2025-05-09 19:02:30.865,6840.0,732,6830.0,1417,6820.0,2445,6810.0,32043,6800.0,2293,6850.0,15079,6860.0,31667,6870.0,1138,6880.0,507,6890.0,2548,2025-05-09 19:02:30.777,,2147483647,1553583,False,nan
12279,1989505,1613185396,MERV - XMEV - GGAL - 24hs,6840.0,2025-05-09 19:02:30,50,2025-05-09 19:02:31.366,6840.0,732,6830.0,1417,6820.0,2445,6810.0,32043,6800.0,2293,6850.0,15079,6860.0,31667,6870.0,1138,6880.0,507,6890.0,2548,2025-05-09 19:02:31.281,,2147483647,1553583,True,bid
12280,1989549,1613185451,MERV - XMEV - GGAL - 24hs,6840.0,2025-05-09 19:02:30,50,2025-05-09 19:02:32.259,6840.0,308,6830.0,1417,6820.0,4435,6810.0,33566,6800.0,2293,6850.0,15079,6860.0,31667,6870.0,1138,6880.0,507,6890.0,2548,2025-05-09 19:02:32.082,,2147483647,1554007,False,nan
12281,1989626,1613185538,MERV - XMEV - GGAL - 24hs,6840.0,2025-05-09 19:02:30,50,2025-05-09 19:02:32.959,6840.0,308,6830.0,1617,6820.0,4435,6810.0,33566,6800.0,2293,6850.0,30079,6860.0,16667,6870.0,1138,6880.0,507,6890.0,2548,2025-05-09 19:02:32.860,,2147483647,1554007,False,nan
12282,1989657,1613185577,MERV - XMEV - GGAL - 24hs,6850.0,2025-05-09 19:02:33,8,2025-05-09 19:02:33.447,6840.0,308,6830.0,1617,6820.0,4435,6810.0,33566,6800.0,2293,6850.0,30079,6860.0,16667,6870.0,1138,6880.0,507,6890.0,2548,2025-05-09 19:02:33.362,,2147483647,1554007,True,offer
12283,1989689,1613185616,MERV - XMEV - GGAL - 24hs,6840.0,2025-05-09 19:02:33,243,2025-05-09 19:02:33.958,6830.0,1617,6820.0,4435,6810.0,33566,6800.0,2293,6790.0,16860,6850.0,30071,6860.0,16667,6870.0,1138,6880.0,507,6890.0,2548,2025-05-09 19:02:33.862,,2147483647,1554323,False,nan
12284,1989727,1613185667,MERV - XMEV - GGAL - 24hs,6850.0,2025-05-09 19:02:34,234,2025-05-09 19:02:34.451,6830.0,1617,6820.0,4435,6810.0,33566,6800.0,2293,6790.0,16860,6850.0,30071,6860.0,16667,6870.0,1138,6880.0,507,6890.0,2548,2025-05-09 19:02:34.366,,2147483647,1554323,True,offer
12285,1989752,1613185703,MERV - XMEV - GGAL - 24hs,6850.0,2025-05-09 19:02:34,234,2025-05-09 19:02:34.954,6830.0,1693,6820.0,4435,6810.0,33566,6800.0,2286,6790.0,16860,6850.0,29837,6860.0,16667,6870.0,1138,6880.0,507,6890.0,2548,2025-05-09 19:02:34.870,,2147483647,1554557,False,nan
12286,1989791,1613185751,MERV - XMEV - GGAL - 24hs,6850.0,2025-05-09 19:02:34,234,2025-05-09 19:02:35.498,6830.0,1693,6820.0,4435,6810.0,33428,6800.0,2286,6790.0,16860,6850.0,29837,6860.0,16667,6870.0,687,6880.0,507,6890.0,2548,2025-05-09 19:02:35.408,,2147483647,1554557,False,nan
12287,1990328,1613186394,MERV - XMEV - GGAL - 24hs,6850.0,2025-05-09 19:02:39,141,2025-05-09 19:02:39.722,6830.0,1693,6820.0,4435,6810.0,33428,6800.0,2286,6790.0,16860,6850.0,29837,6860.0,16667,6870.0,687,6880.0,507,6890.0,2548,2025-05-09 19:02:39.636,,2147483647,1554557,True,offer
12288,1990377,1613186451,MERV - XMEV - GGAL - 24hs,6850.0,2025-05-09 19:02:39,141,2025-05-09 19:02:40.395,6830.0,1693,6820.0,4435,6810.0,33428,6800.0,2286,6790.0,16860,6850.0,29696,6860.0,16667,6870.0,687,6880.0,507,6890.0,2548,2025-05-09 19:02:40.309,,2147483647,1554557,False,nan
12289,1990424,1613186518,MERV - XMEV - GGAL - 24hs,6850.0,2025-05-09 19:02:39,141,2025-05-09 19:02:40.895,6830.0,1693,6820.0,4435,6810.0,33428,6800.0,2286,6790.0,16860,6850.0,29696,6860.0,16667,6870.0,687,6880.0,507,6890.0,2548,2025-05-09 19:02:40.809,,2147483647,1554698,False,nan
12290,1990608,1613186762,MERV - XMEV - GGAL - 24hs,6850.0,2025-05-09 19:02:39,141,2025-05-09 19:02:41.804,6830.0,1693,6820.0,4435,6810.0,32815,6800.0,2286,6790.0,16860,6850.0,29696,6860.0,16667,6870.0,687,6880.0,507,6890.0,2548,2025-05-09 19:02:41.684,,2147483647,1554698,False,nan
12291,1990726,1613186909,MERV - XMEV - GGAL - 24hs,6850.0,2025-05-09 19:02:39,141,2025-05-09 19:02:42.556,6830.0,1693,6820.0,4435,6810.0,33428,6800.0,2286,6790.0,16860,6850.0,29696,6860.0,16667,6870.0,687,6880.0,507,6890.0,2548,2025-05-09 19:02:42.424,,2147483647,1554698,False,nan
12292,1990900,1613187115,MERV - XMEV - GGAL - 24hs,6850.0,2025-05-09 19:02:39,141,2025-05-09 19:02:44.775,6830.0,1693,6820.0,4435,6810.0,33428,6800.0,2286,6790.0,16860,6850.0,31696,6860.0,14667,6870.0,687,6880.0,507,6890.0,2548,2025-05-09 19:02:44.672,,2147483647,1554698,False,nan
12293,1991040,1613187291,MERV - XMEV - GGAL - 24hs,6850.0,2025-05-09 19:02:39,141,2025-05-09 19:02:46.125,6830.0,1693,6820.0,4435,6810.0,32779,6800.0,2286,6790.0,16860,6850.0,31696,6860.0,14667,6870.0,687,6880.0,507,6890.0,2548,2025-05-09 19:02:46.030,,2147483647,1554698,False,nan
12294,1991160,1613187443,MERV - XMEV - GGAL - 24hs,6850.0,2025-05-09 19:02:39,141,2025-05-09 19:02:47.694,6830.0,1693,6820.0,4435,6810.0,33428,6800.0,2286,6790.0,16860,6850.0,31696,6860.0,14667,6870.0,687,6880.0,507,6890.0,2548,2025-05-09 19:02:47.609,,2147483647,1554698,False,nan
12295,1991246,1613187557,MERV - XMEV - GGAL - 24hs,6850.0,2025-05-09 19:02:39,141,2025-05-09 19:02:48.813,6840.0,10000,6830.0,1617,6820.0,4435,6810.0,33428,6800.0,17201,6850.0,31696,6860.0,14667,6870.0,687,6880.0,507,6890.0,2548,2025-05-09 19:02:48.729,,2147483647,1554698,False,nan
12296,1991832,1613188294,MERV - XMEV - GGAL - 24hs,6850.0,2025-05-09 19:02:39,141,2025-05-09 19:02:52.376,6840.0,10000,6830.0,1617,6820.0,4435,6810.0,33428,6800.0,17281,6850.0,31696,6860.0,14667,6870.0,687,6880.0,507,6890.0,2548,2025-05-09 19:02:52.290,,2147483647,1554698,False,nan
12297,1992678,1613189392,MERV - XMEV - GGAL - 24hs,6850.0,2025-05-09 19:02:39,141,2025-05-09 19:02:57.739,6840.0,10000,6830.0,1617,6820.0,4435,6810.0,32043,6800.0,17292,6850.0,31696,6860.0,14667,6870.0,687,6880.0,507,6890.0,2548,2025-05-09 19:02:56.730,,2147483647,1554698,False,nan
12298,1994011,1613191052,MERV - XMEV - GGAL - 24hs,6850.0,2025-05-09 19:02:39,141,2025-05-09 19:03:02.962,6840.0,10000,6830.0,1617,6820.0,4435,6810.0,32043,6800.0,17292,6850.0,41363,6860.0,5000,6870.0,687,6880.0,507,6890.0,2548,2025-05-09 19:03:01.992,,2147483647,1554698,False,nan
12299,1994248,1613191339,MERV - XMEV - GGAL - 24hs,6850.0,2025-05-09 19:03:03,64,2025-05-09 19:03:03.851,6840.0,10000,6830.0,1617,6820.0,4435,6810.0,32043,6800.0,17292,6850.0,41363,6860.0,5000,6870.0,687,6880.0,507,6890.0,2548,2025-05-09 19:03:03.340,,2147483647,1554698,True,offer
12300,1994417,1613191541,MERV - XMEV - GGAL - 24hs,6850.0,2025-05-09 19:03:03,64,2025-05-09 19:03:04.482,6840.0,10000,6830.0,1617,6820.0,4435,6810.0,32043,6800.0,17292,6850.0,41299,6860.0,5000,6870.0,687,6880.0,507,6890.0,2548,2025-05-09 19:03:03.842,,2147483647,1554698,False,nan
12301,1994474,1613191607,MERV - XMEV - GGAL - 24hs,6840.0,2025-05-09 19:03:03,92,2025-05-09 19:03:04.683,6840.0,10000,6830.0,1617,6820.0,4435,6810.0,32043,6800.0,17292,6850.0,41299,6860.0,5000,6870.0,687,6880.0,507,6890.0,2548,2025-05-09 19:03:04.342,,2147483647,1554854,False,nan
12302,1994554,1613191711,MERV - XMEV - GGAL - 24hs,6840.0,2025-05-09 19:03:03,92,2025-05-09 19:03:05.007,6840.0,9908,6830.0,1617,6820.0,4435,6810.0,32043,6800.0,17292,6850.0,41299,6860.0,5000,6870.0,687,6880.0,507,6890.0,2548,2025-05-09 19:03:04.843,,2147483647,1554854,False,nan
12303,1994984,1613192236,MERV - XMEV - GGAL - 24hs,6840.0,2025-05-09 19:03:03,92,2025-05-09 19:03:07.436,6840.0,9908,6830.0,1617,6820.0,4449,6810.0,32043,6800.0,17292,6850.0,41299,6860.0,5000,6870.0,687,6880.0,507,6890.0,2548,2025-05-09 19:03:07.349,,2147483647,1554854,False,nan
12304,1995218,1613192527,MERV - XMEV - GGAL - 24hs,6840.0,2025-05-09 19:03:03,92,2025-05-09 19:03:09.369,6840.0,9908,6830.0,1617,6820.0,4449,6810.0,32043,6800.0,17292,6850.0,41299,6860.0,5000,6870.0,687,6880.0,607,6890.0,2548,2025-05-09 19:03:09.282,,2147483647,1554854,False,nan
12305,1996011,1613193540,MERV - XMEV - GGAL - 24hs,6840.0,2025-05-09 19:03:03,92,2025-05-09 19:03:16.652,6840.0,9908,6830.0,1617,6820.0,4449,6810.0,32043,6800.0,17292,6850.0,41299,6860.0,5000,6870.0,687,6880.0,607,6890.0,2648,2025-05-09 19:03:16.550,,2147483647,1554854,False,nan
12306,1996306,1613193939,MERV - XMEV - GGAL - 24hs,6840.0,2025-05-09 19:03:19,500,2025-05-09 19:03:19.392,6840.0,9908,6830.0,1617,6820.0,4449,6810.0,32043,6800.0,17292,6850.0,41299,6860.0,5000,6870.0,687,6880.0,607,6890.0,2648,2025-05-09 19:03:19.304,,2147483647,1554854,True,bid
12307,1996335,1613193978,MERV - XMEV - GGAL - 24hs,6840.0,2025-05-09 19:03:19,500,2025-05-09 19:03:19.887,6840.0,9408,6830.0,1617,6820.0,4449,6810.0,32043,6800.0,17292,6850.0,38299,6860.0,5000,6870.0,687,6880.0,607,6890.0,2648,2025-05-09 19:03:19.803,,2147483647,1554854,False,nan
12308,1996371,1613194015,MERV - XMEV - GGAL - 24hs,6840.0,2025-05-09 19:03:19,500,2025-05-09 19:03:20.388,6840.0,9408,6830.0,1617,6820.0,4449,6810.0,32043,6800.0,17292,6850.0,38299,6860.0,5000,6870.0,687,6880.0,607,6890.0,2648,2025-05-09 19:03:20.304,,2147483647,1555354,False,nan
12309,1996492,1613194158,MERV - XMEV - GGAL - 24hs,6850.0,2025-05-09 19:03:21,1,2025-05-09 19:03:21.671,6840.0,9408,6830.0,1617,6820.0,4449,6810.0,32043,6800.0,17292,6850.0,38299,6860.0,5000,6870.0,687,6880.0,607,6890.0,2648,2025-05-09 19:03:21.544,,2147483647,1555354,True,offer
12310,1996526,1613194204,MERV - XMEV - GGAL - 24hs,6850.0,2025-05-09 19:03:21,28,2025-05-09 19:03:22.137,6840.0,9408,6830.0,1617,6820.0,4549,6810.0,32043,6800.0,17292,6850.0,38270,6860.0,5000,6870.0,687,6880.0,607,6890.0,2648,2025-05-09 19:03:22.044,,2147483647,1555355,False,nan
12311,1996569,1613194257,MERV - XMEV - GGAL - 24hs,6850.0,2025-05-09 19:03:21,28,2025-05-09 19:03:22.636,6840.0,9408,6830.0,1617,6820.0,4549,6810.0,32043,6800.0,17292,6850.0,38270,6860.0,5000,6870.0,687,6880.0,607,6890.0,2648,2025-05-09 19:03:22.545,,2147483647,1555383,False,nan
12312,1996898,1613194650,MERV - XMEV - GGAL - 24hs,6850.0,2025-05-09 19:03:21,28,2025-05-09 19:03:24.960,6840.0,9408,6830.0,1617,6820.0,4549,6810.0,32043,6800.0,17289,6850.0,38270,6860.0,5000,6870.0,687,6880.0,607,6890.0,2648,2025-05-09 19:03:24.855,,2147483647,1555383,False,nan
12313,1997797,1613195852,MERV - XMEV - GGAL - 24hs,6850.0,2025-05-09 19:03:33,42,2025-05-09 19:03:33.368,6840.0,9408,6830.0,1617,6820.0,4549,6810.0,32043,6800.0,17289,6850.0,38270,6860.0,5000,6870.0,687,6880.0,607,6890.0,2648,2025-05-09 19:03:33.284,,2147483647,1555383,True,offer
12314,1997849,1613195916,MERV - XMEV - GGAL - 24hs,6850.0,2025-05-09 19:03:33,42,2025-05-09 19:03:34.034,6840.0,9408,6830.0,1617,6820.0,4549,6810.0,32043,6800.0,17289,6850.0,38228,6860.0,5000,6870.0,687,6880.0,607,6890.0,2648,2025-05-09 19:03:33.950,,2147483647,1555383,False,nan
12315,1997890,1613195966,MERV - XMEV - GGAL - 24hs,6850.0,2025-05-09 19:03:33,42,2025-05-09 19:03:34.534,6840.0,9408,6830.0,1617,6820.0,4549,6810.0,32043,6800.0,17289,6850.0,38228,6860.0,5000,6870.0,687,6880.0,607,6890.0,2648,2025-05-09 19:03:34.450,,2147483647,1555425,False,nan
12316,1998181,1613196308,MERV - XMEV - GGAL - 24hs,6850.0,2025-05-09 19:03:33,42,2025-05-09 19:03:37.546,6840.0,9408,6830.0,1617,6820.0,4549,6810.0,32043,6800.0,17289,6850.0,38228,6860.0,5050,6870.0,687,6880.0,607,6890.0,2648,2025-05-09 19:03:37.459,,2147483647,1555425,False,nan
12317,1998226,1613196362,MERV - XMEV - GGAL - 24hs,6840.0,2025-05-09 19:03:37,504,2025-05-09 19:03:38.044,6840.0,9408,6830.0,1617,6820.0,4549,6810.0,32043,6800.0,17289,6850.0,38228,6860.0,5050,6870.0,687,6880.0,607,6890.0,2648,2025-05-09 19:03:37.960,,2147483647,1555425,True,bid
12318,1998282,1613196427,MERV - XMEV - GGAL - 24hs,6840.0,2025-05-09 19:03:37,504,2025-05-09 19:03:38.544,6840.0,8904,6830.0,1617,6820.0,4549,6810.0,32043,6800.0,17289,6850.0,38228,6860.0,5050,6870.0,687,6880.0,607,6890.0,2648,2025-05-09 19:03:38.460,,2147483647,1555929,False,nan
12319,1998515,1613196723,MERV - XMEV - GGAL - 24hs,6840.0,2025-05-09 19:03:37,504,2025-05-09 19:03:39.947,6840.0,8904,6830.0,1617,6820.0,4549,6810.0,32043,6800.0,2381,6850.0,38228,6860.0,5050,6870.0,687,6880.0,607,6890.0,2648,2025-05-09 19:03:39.747,,2147483647,1555929,False,nan
12320,2000086,1613198744,MERV - XMEV - GGAL - 24hs,6840.0,2025-05-09 19:03:37,504,2025-05-09 19:03:53.277,6840.0,8928,6830.0,1617,6820.0,4549,6810.0,32043,6800.0,2381,6850.0,38228,6860.0,5050,6870.0,687,6880.0,607,6890.0,2648,2025-05-09 19:03:53.190,,2147483647,1555929,False,nan
12321,2001053,1613200019,MERV - XMEV - GGAL - 24hs,6850.0,2025-05-09 19:04:02,360,2025-05-09 19:04:03.000,6840.0,8928,6830.0,1617,6820.0,4549,6810.0,32043,6800.0,2381,6850.0,38228,6860.0,5050,6870.0,687,6880.0,607,6890.0,2648,2025-05-09 19:04:02.773,,2147483647,1555929,True,offer
12322,2001138,1613200126,MERV - XMEV - GGAL - 24hs,6850.0,2025-05-09 19:04:02,360,2025-05-09 19:04:03.517,6840.0,8928,6830.0,1617,6820.0,4549,6810.0,32043,6800.0,2381,6850.0,37868,6860.0,5050,6870.0,687,6880.0,607,6890.0,2648,2025-05-09 19:04:03.431,,2147483647,1555929,False,nan
12323,2001216,1613200244,MERV - XMEV - GGAL - 24hs,6850.0,2025-05-09 19:04:03,437,2025-05-09 19:04:04.064,6840.0,8928,6830.0,1617,6820.0,4549,6810.0,32043,6800.0,2381,6850.0,37868,6860.0,5050,6870.0,687,6880.0,607,6890.0,2648,2025-05-09 19:04:03.936,,2147483647,1556289,True,offer
12324,2001351,1613200400,MERV - XMEV - GGAL - 24hs,6850.0,2025-05-09 19:04:03,437,2025-05-09 19:04:04.559,6840.0,8928,6830.0,1617,6820.0,4549,6810.0,32043,6800.0,2381,6850.0,37431,6860.0,5050,6870.0,687,6880.0,607,6890.0,2648,2025-05-09 19:04:04.434,,2147483647,1556726,False,nan
12325,2001405,1613200479,MERV - XMEV - GGAL - 24hs,6850.0,2025-05-09 19:04:04,202,2025-05-09 19:04:05.018,6840.0,8928,6830.0,1617,6820.0,4549,6810.0,32043,6800.0,2381,6850.0,37431,6860.0,5050,6870.0,687,6880.0,607,6890.0,2648,2025-05-09 19:04:04.934,,2147483647,1556726,True,offer
12326,2001450,1613200547,MERV - XMEV - GGAL - 24hs,6850.0,2025-05-09 19:04:04,202,2025-05-09 19:04:05.518,6840.0,8928,6830.0,1617,6820.0,4549,6810.0,32043,6800.0,2381,6850.0,37229,6860.0,5050,6870.0,687,6880.0,607,6890.0,2648,2025-05-09 19:04:05.434,,2147483647,1556928,False,nan
12327,2001535,1613200648,MERV - XMEV - GGAL - 24hs,6850.0,2025-05-09 19:04:04,202,2025-05-09 19:04:06.356,6840.0,8928,6830.0,1617,6820.0,4549,6810.0,32043,6800.0,2381,6850.0,37229,6860.0,5050,6870.0,687,6880.0,382,6890.0,2648,2025-05-09 19:04:06.271,,2147483647,1556928,False,nan
12328,2001666,1613200826,MERV - XMEV - GGAL - 24hs,6840.0,2025-05-09 19:04:07,350,2025-05-09 19:04:07.998,6840.0,8928,6830.0,1617,6820.0,4549,6810.0,32043,6800.0,2381,6850.0,37229,6860.0,5050,6870.0,687,6880.0,382,6890.0,2648,2025-05-09 19:04:07.913,,2147483647,1556928,True,bid
12329,2001742,1613200923,MERV - XMEV - GGAL - 24hs,6840.0,2025-05-09 19:04:07,350,2025-05-09 19:04:08.661,6840.0,8578,6830.0,1617,6820.0,4549,6810.0,32043,6800.0,2381,6850.0,37229,6860.0,5050,6870.0,687,6880.0,382,6890.0,2648,2025-05-09 19:04:08.577,,2147483647,1556928,False,nan
12330,2001794,1613200988,MERV - XMEV - GGAL - 24hs,6840.0,2025-05-09 19:04:07,350,2025-05-09 19:04:09.166,6840.0,8578,6830.0,1617,6820.0,4549,6810.0,32043,6800.0,2381,6850.0,37229,6860.0,5050,6870.0,687,6880.0,382,6890.0,2648,2025-05-09 19:04:09.079,,2147483647,1557278,False,nan
12331,2001964,1613201195,MERV - XMEV - GGAL - 24hs,6850.0,2025-05-09 19:04:10,42,2025-05-09 19:04:10.398,6840.0,8578,6830.0,1617,6820.0,4549,6810.0,32043,6800.0,2381,6850.0,37229,6860.0,5050,6870.0,687,6880.0,382,6890.0,2648,2025-05-09 19:04:10.313,,2147483647,1557278,True,offer
12332,2002023,1613201267,MERV - XMEV - GGAL - 24hs,6850.0,2025-05-09 19:04:10,42,2025-05-09 19:04:11.071,6840.0,8578,6830.0,1617,6820.0,4549,6810.0,32043,6800.0,2381,6850.0,37187,6860.0,5050,6870.0,687,6880.0,382,6890.0,2648,2025-05-09 19:04:10.980,,2147483647,1557278,False,nan
12333,2002074,1613201338,MERV - XMEV - GGAL - 24hs,6850.0,2025-05-09 19:04:10,42,2025-05-09 19:04:11.567,6840.0,8578,6830.0,1617,6820.0,4549,6810.0,32043,6800.0,2381,6850.0,37187,6860.0,5050,6870.0,687,6880.0,382,6890.0,2648,2025-05-09 19:04:11.479,,2147483647,1557320,False,nan
12334,2002477,1613201835,MERV - XMEV - GGAL - 24hs,6850.0,2025-05-09 19:04:10,42,2025-05-09 19:04:15.638,6840.0,8578,6830.0,1617,6820.0,4549,6810.0,32043,6800.0,17289,6850.0,37187,6860.0,5050,6870.0,687,6880.0,382,6890.0,2648,2025-05-09 19:04:15.552,,2147483647,1557320,False,nan
12335,2002699,1613202114,MERV - XMEV - GGAL - 24hs,6850.0,2025-05-09 19:04:10,42,2025-05-09 19:04:17.712,6840.0,8678,6830.0,1617,6820.0,4549,6810.0,32043,6800.0,17289,6850.0,27520,6860.0,14717,6880.0,382,6890.0,2648,6900.0,13053,2025-05-09 19:04:17.614,,2147483647,1557320,False,nan
12336,2002822,1613202272,MERV - XMEV - GGAL - 24hs,6850.0,2025-05-09 19:04:18,1,2025-05-09 19:04:18.438,6840.0,8678,6830.0,1617,6820.0,4549,6810.0,32043,6800.0,17289,6850.0,27520,6860.0,14717,6880.0,382,6890.0,2648,6900.0,13053,2025-05-09 19:04:18.340,,2147483647,1557320,True,offer
12337,2002901,1613202364,MERV - XMEV - GGAL - 24hs,6850.0,2025-05-09 19:04:18,1,2025-05-09 19:04:19.093,6840.0,8678,6830.0,1617,6820.0,4549,6810.0,32043,6800.0,17289,6850.0,27519,6860.0,14717,6880.0,382,6890.0,2648,6900.0,13067,2025-05-09 19:04:19.008,,2147483647,1557320,False,nan
12338,2002966,1613202457,MERV - XMEV - GGAL - 24hs,6850.0,2025-05-09 19:04:18,1,2025-05-09 19:04:19.600,6840.0,8678,6830.0,1617,6820.0,4549,6810.0,32043,6800.0,17289,6850.0,27519,6860.0,14717,6880.0,382,6890.0,2648,6900.0,13067,2025-05-09 19:04:19.508,,2147483647,1557321,False,nan
12339,2003058,1613202587,MERV - XMEV - GGAL - 24hs,6840.0,2025-05-09 19:04:20,2000,2025-05-09 19:04:20.616,6840.0,8678,6830.0,1617,6820.0,4549,6810.0,32043,6800.0,17289,6850.0,27519,6860.0,14717,6880.0,382,6890.0,2648,6900.0,13067,2025-05-09 19:04:20.519,,2147483647,1557321,True,bid
12340,2003109,1613202646,MERV - XMEV - GGAL - 24hs,6840.0,2025-05-09 19:04:20,1000,2025-05-09 19:04:21.094,6840.0,5678,6830.0,1617,6820.0,4549,6810.0,32043,6800.0,2381,6850.0,37186,6860.0,5050,6880.0,382,6890.0,2648,6900.0,13067,2025-05-09 19:04:21.009,,2147483647,1559321,False,nan
12341,2003162,1613202712,MERV - XMEV - GGAL - 24hs,6840.0,2025-05-09 19:04:20,1000,2025-05-09 19:04:21.603,6840.0,5678,6830.0,1617,6820.0,4549,6810.0,32043,6800.0,2381,6850.0,37186,6860.0,5050,6880.0,382,6890.0,2648,6900.0,13067,2025-05-09 19:04:21.509,,2147483647,1560321,False,nan
12342,2003248,1613202830,MERV - XMEV - GGAL - 24hs,6850.0,2025-05-09 19:04:21,10,2025-05-09 19:04:22.127,6840.0,5678,6830.0,1617,6820.0,4549,6810.0,32043,6800.0,2381,6850.0,37186,6860.0,5050,6880.0,382,6890.0,2648,6900.0,13067,2025-05-09 19:04:22.010,,2147483647,1560321,True,offer
12343,2003338,1613202942,MERV - XMEV - GGAL - 24hs,6850.0,2025-05-09 19:04:21,10,2025-05-09 19:04:22.604,6840.0,5678,6830.0,1617,6820.0,4549,6810.0,32043,6800.0,2381,6850.0,37176,6860.0,5050,6880.0,382,6890.0,2648,6900.0,13067,2025-05-09 19:04:22.509,,2147483647,1560321,False,nan
12344,2003404,1613203060,MERV - XMEV - GGAL - 24hs,6850.0,2025-05-09 19:04:21,10,2025-05-09 19:04:23.124,6840.0,5678,6830.0,1617,6820.0,4549,6810.0,32043,6800.0,2381,6850.0,37176,6860.0,5050,6880.0,382,6890.0,2648,6900.0,13067,2025-05-09 19:04:23.012,,2147483647,1560331,False,nan
12345,2003561,1613203261,MERV - XMEV - GGAL - 24hs,6850.0,2025-05-09 19:04:24,200,2025-05-09 19:04:24.530,6840.0,5678,6830.0,1617,6820.0,4549,6810.0,32043,6800.0,2381,6850.0,37176,6860.0,5050,6880.0,382,6890.0,2648,6900.0,13067,2025-05-09 19:04:24.446,,2147483647,1560331,True,offer
12346,2003661,1613203396,MERV - XMEV - GGAL - 24hs,6850.0,2025-05-09 19:04:24,200,2025-05-09 19:04:25.093,6840.0,5678,6830.0,1617,6820.0,4449,6810.0,32043,6800.0,2381,6850.0,36976,6860.0,5050,6880.0,382,6890.0,2648,6900.0,13067,2025-05-09 19:04:25.005,,2147483647,1560331,False,nan
12347,2003711,1613203464,MERV - XMEV - GGAL - 24hs,6850.0,2025-05-09 19:04:24,200,2025-05-09 19:04:25.591,6840.0,5678,6830.0,1617,6820.0,4449,6810.0,32043,6800.0,2381,6850.0,36976,6860.0,5050,6880.0,382,6890.0,2648,6900.0,13067,2025-05-09 19:04:25.503,,2147483647,1560531,False,nan
12348,2005101,1613205283,MERV - XMEV - GGAL - 24hs,6840.0,2025-05-09 19:04:37,271,2025-05-09 19:04:38.063,6840.0,5678,6830.0,1617,6820.0,4449,6810.0,32043,6800.0,2381,6850.0,36976,6860.0,5050,6880.0,382,6890.0,2648,6900.0,13067,2025-05-09 19:04:37.978,,2147483647,1560531,True,bid
12349,2005124,1613205318,MERV - XMEV - GGAL - 24hs,6840.0,2025-05-09 19:04:37,271,2025-05-09 19:04:38.727,6840.0,5407,6830.0,1617,6820.0,4449,6810.0,32043,6800.0,2381,6850.0,36976,6860.0,5050,6880.0,382,6890.0,2648,6900.0,13067,2025-05-09 19:04:38.642,,2147483647,1560531,False,nan
12350,2005149,1613205346,MERV - XMEV - GGAL - 24hs,6840.0,2025-05-09 19:04:37,271,2025-05-09 19:04:39.228,6840.0,5407,6830.0,1617,6820.0,4449,6810.0,32043,6800.0,2381,6850.0,36976,6860.0,5050,6880.0,382,6890.0,2648,6900.0,13067,2025-05-09 19:04:39.143,,2147483647,1560802,False,nan
12351,2005322,1613205576,MERV - XMEV - GGAL - 24hs,6840.0,2025-05-09 19:04:40,687,2025-05-09 19:04:40.656,6840.0,5407,6830.0,1617,6820.0,4449,6810.0,32043,6800.0,2381,6850.0,36976,6860.0,5050,6880.0,382,6890.0,2648,6900.0,13067,2025-05-09 19:04:40.562,,2147483647,1560802,True,bid
12352,2005381,1613205656,MERV - XMEV - GGAL - 24hs,6840.0,2025-05-09 19:04:40,687,2025-05-09 19:04:41.320,6840.0,4720,6830.0,1617,6820.0,4449,6810.0,32043,6800.0,2381,6850.0,36976,6860.0,5050,6880.0,382,6890.0,2648,6900.0,13067,2025-05-09 19:04:41.230,,2147483647,1560802,False,nan
12353,2005426,1613205714,MERV - XMEV - GGAL - 24hs,6850.0,2025-05-09 19:04:41,4,2025-05-09 19:04:41.842,6840.0,4720,6830.0,1617,6820.0,4449,6810.0,32043,6800.0,2381,6850.0,36976,6860.0,5050,6880.0,382,6890.0,2648,6900.0,13067,2025-05-09 19:04:41.732,,2147483647,1561489,True,offer
12354,2005451,1613205748,MERV - XMEV - GGAL - 24hs,6850.0,2025-05-09 19:04:41,4,2025-05-09 19:04:42.316,6840.0,4720,6830.0,1617,6820.0,4449,6810.0,32043,6800.0,2381,6850.0,36972,6860.0,5050,6880.0,382,6890.0,2648,6900.0,13067,2025-05-09 19:04:42.229,,2147483647,1561493,False,nan
12355,2005514,1613205855,MERV - XMEV - GGAL - 24hs,6840.0,2025-05-09 19:04:43,4596,2025-05-09 19:04:43.585,6840.0,4720,6830.0,1617,6820.0,4449,6810.0,32043,6800.0,2381,6850.0,36972,6860.0,5050,6880.0,382,6890.0,2648,6900.0,13067,2025-05-09 19:04:43.500,,2147483647,1561493,True,bid
12356,2005546,1613205900,MERV - XMEV - GGAL - 24hs,6840.0,2025-05-09 19:04:43,19,2025-05-09 19:04:44.088,6840.0,4720,6830.0,1617,6820.0,4449,6810.0,32043,6800.0,2381,6850.0,36972,6860.0,5050,6880.0,382,6890.0,2648,6900.0,13067,2025-05-09 19:04:44.001,,2147483647,1566213,False,nan
12357,2005580,1613205982,MERV - XMEV - GGAL - 24hs,6840.0,2025-05-09 19:04:43,19,2025-05-09 19:04:44.604,6830.0,1617,6820.0,4449,6810.0,32043,6800.0,2381,6790.0,16860,6840.0,261,6850.0,36972,6860.0,5050,6880.0,382,6890.0,2648,2025-05-09 19:04:44.500,,2147483647,1566232,False,nan
12358,2006170,1613206819,MERV - XMEV - GGAL - 24hs,6830.0,2025-05-09 19:04:51,5,2025-05-09 19:04:52.115,6830.0,1617,6820.0,4449,6810.0,32043,6800.0,2381,6790.0,16860,6840.0,261,6850.0,36972,6860.0,5050,6880.0,382,6890.0,2648,2025-05-09 19:04:51.998,,2147483647,1566232,True,bid
12359,2006210,1613206870,MERV - XMEV - GGAL - 24hs,6830.0,2025-05-09 19:04:51,9,2025-05-09 19:04:52.594,6830.0,1617,6820.0,4449,6810.0,32043,6800.0,2381,6790.0,16860,6840.0,261,6850.0,36972,6860.0,5050,6880.0,382,6890.0,2648,2025-05-09 19:04:52.499,,2147483647,1566232,False,nan
12360,2006264,1613206935,MERV - XMEV - GGAL - 24hs,6830.0,2025-05-09 19:04:51,9,2025-05-09 19:04:53.091,6830.0,1603,6820.0,4449,6810.0,32043,6800.0,2373,6790.0,16980,6840.0,261,6850.0,36972,6860.0,5050,6880.0,382,6890.0,2648,2025-05-09 19:04:52.999,,2147483647,1566246,False,nan
12361,2006339,1613207027,MERV - XMEV - GGAL - 24hs,6830.0,2025-05-09 19:04:51,9,2025-05-09 19:04:54.212,6830.0,1603,6820.0,4449,6810.0,32043,6800.0,2373,6790.0,17017,6840.0,261,6850.0,36972,6860.0,5050,6880.0,482,6890.0,2648,2025-05-09 19:04:54.124,,2147483647,1566246,False,nan
12362,2006621,1613207397,MERV - XMEV - GGAL - 24hs,6830.0,2025-05-09 19:04:51,9,2025-05-09 19:04:58.011,6830.0,1603,6820.0,4449,6810.0,32043,6800.0,2373,6790.0,17011,6840.0,261,6850.0,36972,6860.0,5050,6880.0,482,6890.0,2648,2025-05-09 19:04:57.927,,2147483647,1566246,False,nan
12363,2006681,1613207476,MERV - XMEV - GGAL - 24hs,6830.0,2025-05-09 19:04:51,9,2025-05-09 19:04:58.547,6830.0,1603,6820.0,4449,6810.0,32043,6800.0,2373,6790.0,16974,6840.0,261,6850.0,36972,6860.0,5050,6880.0,482,6890.0,2648,2025-05-09 19:04:58.458,,2147483647,1566246,False,nan
12364,2006818,1613207646,MERV - XMEV - GGAL - 24hs,6840.0,2025-05-09 19:05:00,261,2025-05-09 19:05:00.495,6830.0,1603,6820.0,4449,6810.0,32043,6800.0,2373,6790.0,16974,6840.0,261,6850.0,36972,6860.0,5050,6880.0,482,6890.0,2648,2025-05-09 19:05:00.410,,2147483647,1566246,True,offer
12365,2006857,1613207691,MERV - XMEV - GGAL - 24hs,6850.0,2025-05-09 19:05:00,31,2025-05-09 19:05:00.994,6830.0,1603,6820.0,4449,6810.0,32043,6800.0,2366,6790.0,16981,6840.0,355,6850.0,36941,6860.0,5050,6880.0,482,6890.0,2648,2025-05-09 19:05:00.910,,2147483647,1566246,False,nan
12366,2006886,1613207730,MERV - XMEV - GGAL - 24hs,6850.0,2025-05-09 19:05:00,31,2025-05-09 19:05:01.500,6830.0,1603,6820.0,4449,6810.0,32043,6800.0,2366,6790.0,16981,6840.0,355,6850.0,36941,6860.0,5050,6880.0,482,6890.0,2648,2025-05-09 19:05:01.410,,2147483647,1566538,False,nan
12367,2006939,1613207790,MERV - XMEV - GGAL - 24hs,6850.0,2025-05-09 19:05:00,31,2025-05-09 19:05:01.997,6830.0,1603,6820.0,9449,6810.0,32043,6800.0,2366,6790.0,2073,6840.0,17355,6850.0,24941,6860.0,50,6880.0,482,6890.0,2648,2025-05-09 19:05:01.911,,2147483647,1566538,False,nan
12368,2006984,1613207843,MERV - XMEV - GGAL - 24hs,6840.0,2025-05-09 19:05:02,43,2025-05-09 19:05:02.499,6830.0,1603,6820.0,9449,6810.0,32043,6800.0,2366,6790.0,2073,6840.0,312,6850.0,36941,6860.0,5050,6880.0,482,6890.0,2648,2025-05-09 19:05:02.410,,2147483647,1566538,True,offer
12369,2007056,1613207929,MERV - XMEV - GGAL - 24hs,6840.0,2025-05-09 19:05:02,43,2025-05-09 19:05:03.019,6830.0,1603,6820.0,9449,6810.0,32043,6800.0,2366,6790.0,2073,6840.0,312,6850.0,36941,6860.0,5050,6880.0,482,6890.0,2648,2025-05-09 19:05:02.924,,2147483647,1566581,False,nan
12370,2007147,1613208039,MERV - XMEV - GGAL - 24hs,6830.0,2025-05-09 19:05:04,91,2025-05-09 19:05:04.154,6830.0,1603,6820.0,9449,6810.0,32043,6800.0,2366,6790.0,2073,6840.0,312,6850.0,36941,6860.0,5050,6880.0,482,6890.0,2648,2025-05-09 19:05:04.067,,2147483647,1566581,True,bid
12371,2007210,1613208111,MERV - XMEV - GGAL - 24hs,6830.0,2025-05-09 19:05:04,71,2025-05-09 19:05:04.652,6830.0,1603,6820.0,9449,6810.0,32043,6800.0,2366,6790.0,2073,6840.0,312,6850.0,36941,6860.0,5050,6880.0,482,6890.0,2648,2025-05-09 19:05:04.568,,2147483647,1566581,False,nan
12372,2007267,1613208188,MERV - XMEV - GGAL - 24hs,6830.0,2025-05-09 19:05:05,300,2025-05-09 19:05:05.163,6830.0,1241,6820.0,9449,6810.0,32043,6800.0,2366,6790.0,2073,6840.0,312,6850.0,36941,6860.0,5050,6880.0,482,6890.0,2648,2025-05-09 19:05:05.069,,2147483647,1566886,True,bid
12373,2007318,1613208268,MERV - XMEV - GGAL - 24hs,6840.0,2025-05-09 19:05:05,65,2025-05-09 19:05:05.660,6830.0,1241,6820.0,9449,6810.0,32043,6800.0,2366,6790.0,2073,6840.0,312,6850.0,36941,6860.0,5050,6880.0,482,6890.0,2648,2025-05-09 19:05:05.568,,2147483647,1566886,False,nan
12374,2007365,1613208327,MERV - XMEV - GGAL - 24hs,6840.0,2025-05-09 19:05:05,65,2025-05-09 19:05:06.153,6830.0,746,6820.0,9449,6810.0,32043,6800.0,2366,6790.0,2073,6840.0,204,6850.0,36941,6860.0,5050,6880.0,482,6890.0,2648,2025-05-09 19:05:06.067,,2147483647,1567446,False,nan
12375,2007472,1613208448,MERV - XMEV - GGAL - 24hs,6840.0,2025-05-09 19:05:07,43,2025-05-09 19:05:07.198,6830.0,746,6820.0,9449,6810.0,32043,6800.0,2366,6790.0,2073,6840.0,204,6850.0,36941,6860.0,5050,6880.0,482,6890.0,2648,2025-05-09 19:05:07.113,,2147483647,1567446,True,offer
12376,2007547,1613208533,MERV - XMEV - GGAL - 24hs,6840.0,2025-05-09 19:05:07,43,2025-05-09 19:05:07.856,6830.0,746,6820.0,9449,6810.0,32043,6800.0,2366,6790.0,2073,6840.0,17161,6850.0,24941,6860.0,50,6880.0,482,6890.0,2648,2025-05-09 19:05:07.771,,2147483647,1567446,False,nan
12377,2007580,1613208574,MERV - XMEV - GGAL - 24hs,6840.0,2025-05-09 19:05:07,43,2025-05-09 19:05:08.356,6830.0,746,6820.0,9449,6810.0,32043,6800.0,2366,6790.0,2073,6840.0,17161,6850.0,24941,6860.0,50,6880.0,482,6890.0,2648,2025-05-09 19:05:08.270,,2147483647,1567489,False,nan
12378,2007722,1613208741,MERV - XMEV - GGAL - 24hs,6840.0,2025-05-09 19:05:07,43,2025-05-09 19:05:09.996,6830.0,746,6820.0,9449,6810.0,32043,6800.0,2366,6790.0,2073,6840.0,18661,6850.0,24941,6860.0,50,6880.0,482,6890.0,2648,2025-05-09 19:05:09.911,,2147483647,1567489,False,nan
12379,2007986,1613209065,MERV - XMEV - GGAL - 24hs,6830.0,2025-05-09 19:05:11,46,2025-05-09 19:05:11.958,6830.0,746,6820.0,9449,6810.0,32043,6800.0,2366,6790.0,2073,6840.0,18661,6850.0,24941,6860.0,50,6880.0,482,6890.0,2648,2025-05-09 19:05:11.873,,2147483647,1567489,True,bid
12380,2008074,1613209166,MERV - XMEV - GGAL - 24hs,6830.0,2025-05-09 19:05:11,200,2025-05-09 19:05:12.457,6830.0,746,6820.0,9449,6810.0,32043,6800.0,2366,6790.0,2073,6840.0,18661,6850.0,24941,6860.0,50,6880.0,482,6890.0,2648,2025-05-09 19:05:12.373,,2147483647,1567489,False,nan
12381,2008114,1613209219,MERV - XMEV - GGAL - 24hs,6830.0,2025-05-09 19:05:11,200,2025-05-09 19:05:12.975,6820.0,9525,6810.0,32043,6800.0,2366,6790.0,2065,6780.0,18953,6840.0,18661,6850.0,24941,6860.0,50,6880.0,482,6890.0,2648,2025-05-09 19:05:12.877,,2147483647,1568235,False,nan
12382,2008177,1613209308,MERV - XMEV - GGAL - 24hs,6830.0,2025-05-09 19:05:11,200,2025-05-09 19:05:14.019,6820.0,9525,6810.0,32043,6800.0,2366,6790.0,2065,6780.0,18953,6840.0,18661,6850.0,24941,6860.0,50,6880.0,482,6890.0,2662,2025-05-09 19:05:13.884,,2147483647,1568235,False,nan
12383,2008543,1613209782,MERV - XMEV - GGAL - 24hs,6830.0,2025-05-09 19:05:11,200,2025-05-09 19:05:18.412,6820.0,9525,6810.0,32043,6800.0,2366,6790.0,707,6780.0,18953,6840.0,1661,6850.0,36941,6860.0,5050,6880.0,482,6890.0,2662,2025-05-09 19:05:18.327,,2147483647,1568235,False,nan
12384,2008867,1613210212,MERV - XMEV - GGAL - 24hs,6830.0,2025-05-09 19:05:11,200,2025-05-09 19:05:21.891,6820.0,9525,6810.0,32043,6800.0,2366,6790.0,707,6780.0,18953,6840.0,28328,6850.0,15274,6860.0,50,6880.0,782,6890.0,2662,2025-05-09 19:05:21.807,,2147483647,1568235,False,nan
12385,2009058,1613210440,MERV - XMEV - GGAL - 24hs,6830.0,2025-05-09 19:05:11,200,2025-05-09 19:05:23.736,6820.0,9525,6810.0,32043,6800.0,2366,6790.0,707,6780.0,17953,6840.0,28328,6850.0,15274,6860.0,50,6880.0,782,6890.0,2662,2025-05-09 19:05:23.641,,2147483647,1568235,False,nan
12386,2009308,1613210745,MERV - XMEV - GGAL - 24hs,6840.0,2025-05-09 19:05:26,133,2025-05-09 19:05:26.860,6820.0,9525,6810.0,32043,6800.0,2366,6790.0,707,6780.0,17953,6840.0,28328,6850.0,15274,6860.0,50,6880.0,782,6890.0,2662,2025-05-09 19:05:26.774,,2147483647,1568235,True,offer
12387,2009363,1613210819,MERV - XMEV - GGAL - 24hs,6840.0,2025-05-09 19:05:26,133,2025-05-09 19:05:27.523,6820.0,9525,6810.0,32043,6800.0,2366,6790.0,1353,6780.0,17953,6840.0,28195,6850.0,15274,6860.0,50,6880.0,796,6890.0,2662,2025-05-09 19:05:27.438,,2147483647,1568235,False,nan
12388,2009395,1613210859,MERV - XMEV - GGAL - 24hs,6840.0,2025-05-09 19:05:26,133,2025-05-09 19:05:28.022,6820.0,9525,6810.0,32043,6800.0,2366,6790.0,1353,6780.0,17953,6840.0,28195,6850.0,15274,6860.0,50,6880.0,796,6890.0,2662,2025-05-09 19:05:27.938,,2147483647,1568368,False,nan
12389,2009681,1613211201,MERV - XMEV - GGAL - 24hs,6840.0,2025-05-09 19:05:26,133,2025-05-09 19:05:30.684,6820.0,9449,6810.0,32043,6800.0,2366,6790.0,1353,6780.0,17960,6830.0,110,6840.0,28195,6850.0,15274,6860.0,50,6880.0,796,2025-05-09 19:05:30.583,,2147483647,1568368,False,nan
12390,2009726,1613211254,MERV - XMEV - GGAL - 24hs,6830.0,2025-05-09 19:05:30,95,2025-05-09 19:05:31.167,6820.0,9449,6810.0,32043,6800.0,2366,6790.0,1353,6780.0,17960,6830.0,110,6840.0,28195,6850.0,15274,6860.0,50,6880.0,796,2025-05-09 19:05:31.083,,2147483647,1568368,True,offer
12391,2009756,1613211290,MERV - XMEV - GGAL - 24hs,6830.0,2025-05-09 19:05:30,95,2025-05-09 19:05:31.671,6830.0,609,6820.0,9449,6810.0,32043,6800.0,2366,6790.0,1353,6840.0,28195,6850.0,15274,6860.0,50,6880.0,796,6890.0,2662,2025-05-09 19:05:31.583,,2147483647,1568478,False,nan
12392,2009839,1613211393,MERV - XMEV - GGAL - 24hs,6830.0,2025-05-09 19:05:30,95,2025-05-09 19:05:32.698,6830.0,609,6820.0,9449,6810.0,32043,6800.0,4741,6790.0,1353,6840.0,28195,6850.0,15274,6860.0,50,6880.0,796,6890.0,2662,2025-05-09 19:05:32.613,,2147483647,1568478,False,nan
12393,2009983,1613211580,MERV - XMEV - GGAL - 24hs,6830.0,2025-05-09 19:05:30,95,2025-05-09 19:05:33.856,6830.0,609,6820.0,9449,6810.0,32043,6800.0,4741,6790.0,2148,6840.0,28195,6850.0,15274,6860.0,50,6880.0,796,6890.0,2662,2025-05-09 19:05:33.772,,2147483647,1568478,False,nan
12394,2010418,1613212162,MERV - XMEV - GGAL - 24hs,6830.0,2025-05-09 19:05:30,95,2025-05-09 19:05:38.800,6830.0,609,6820.0,9449,6810.0,32043,6800.0,4741,6790.0,2037,6840.0,28195,6850.0,15274,6860.0,50,6880.0,796,6890.0,2662,2025-05-09 19:05:38.715,,2147483647,1568478,False,nan
12395,2010905,1613212861,MERV - XMEV - GGAL - 24hs,6830.0,2025-05-09 19:05:30,95,2025-05-09 19:05:43.951,6830.0,609,6820.0,9449,6810.0,32043,6800.0,4741,6790.0,2035,6840.0,28195,6850.0,15274,6860.0,64,6880.0,796,6890.0,2662,2025-05-09 19:05:43.846,,2147483647,1568478,False,nan
12396,2011094,1613213087,MERV - XMEV - GGAL - 24hs,6830.0,2025-05-09 19:05:30,95,2025-05-09 19:05:45.675,6830.0,609,6820.0,9449,6810.0,32043,6800.0,4741,6790.0,2035,6840.0,28195,6850.0,15274,6860.0,64,6880.0,796,6890.0,2762,2025-05-09 19:05:45.586,,2147483647,1568478,False,nan
12397,2011258,1613213286,MERV - XMEV - GGAL - 24hs,6840.0,2025-05-09 19:05:47,2,2025-05-09 19:05:47.637,6830.0,609,6820.0,9449,6810.0,32043,6800.0,4741,6790.0,2035,6840.0,28195,6850.0,15274,6860.0,64,6880.0,796,6890.0,2762,2025-05-09 19:05:47.548,,2147483647,1568478,True,offer
12398,2011285,1613213319,MERV - XMEV - GGAL - 24hs,6840.0,2025-05-09 19:05:47,2,2025-05-09 19:05:48.298,6830.0,609,6820.0,9449,6810.0,32043,6800.0,4741,6790.0,2035,6840.0,28193,6850.0,15274,6860.0,64,6880.0,796,6890.0,2762,2025-05-09 19:05:48.212,,2147483647,1568478,False,nan
12399,2011311,1613213348,MERV - XMEV - GGAL - 24hs,6840.0,2025-05-09 19:05:47,2,2025-05-09 19:05:48.811,6830.0,609,6820.0,9449,6810.0,32043,6800.0,4741,6790.0,2035,6840.0,28193,6850.0,15274,6860.0,64,6880.0,796,6890.0,2762,2025-05-09 19:05:48.712,,2147483647,1568480,False,nan
12400,2011345,1613213385,MERV - XMEV - GGAL - 24hs,6840.0,2025-05-09 19:05:48,16,2025-05-09 19:05:49.296,6830.0,609,6820.0,9449,6810.0,32043,6800.0,4741,6790.0,2035,6840.0,28193,6850.0,15274,6860.0,64,6880.0,796,6890.0,2762,2025-05-09 19:05:49.211,,2147483647,1568552,True,offer
12401,2011382,1613213433,MERV - XMEV - GGAL - 24hs,6840.0,2025-05-09 19:05:48,16,2025-05-09 19:05:49.798,6830.0,647,6820.0,9449,6810.0,32043,6800.0,4741,6790.0,2035,6840.0,28105,6850.0,15274,6860.0,64,6880.0,796,6890.0,2762,2025-05-09 19:05:49.711,,2147483647,1568568,False,nan
12402,2011527,1613213608,MERV - XMEV - GGAL - 24hs,6840.0,2025-05-09 19:05:51,1,2025-05-09 19:05:51.906,6830.0,647,6820.0,9449,6810.0,32043,6800.0,4741,6790.0,2035,6840.0,28105,6850.0,15274,6860.0,64,6880.0,796,6890.0,2762,2025-05-09 19:05:51.820,,2147483647,1568568,True,offer
12403,2011565,1613213662,MERV - XMEV - GGAL - 24hs,6840.0,2025-05-09 19:05:51,1,2025-05-09 19:05:52.581,6830.0,647,6820.0,9449,6810.0,32043,6800.0,4741,6790.0,2035,6840.0,28104,6850.0,15274,6860.0,64,6880.0,796,6890.0,2762,2025-05-09 19:05:52.492,,2147483647,1568568,False,nan
12404,2011601,1613213721,MERV - XMEV - GGAL - 24hs,6840.0,2025-05-09 19:05:51,1,2025-05-09 19:05:53.087,6830.0,647,6820.0,9449,6810.0,32043,6800.0,4741,6790.0,2035,6840.0,28104,6850.0,15274,6860.0,64,6880.0,796,6890.0,2762,2025-05-09 19:05:52.999,,2147483647,1568569,False,nan
12405,2011634,1613213766,MERV - XMEV - GGAL - 24hs,6830.0,2025-05-09 19:05:53,157,2025-05-09 19:05:53.589,6830.0,647,6820.0,9449,6810.0,32043,6800.0,4741,6790.0,2035,6840.0,28104,6850.0,15274,6860.0,64,6880.0,796,6890.0,2762,2025-05-09 19:05:53.500,,2147483647,1568569,True,bid
12406,2011669,1613213806,MERV - XMEV - GGAL - 24hs,6830.0,2025-05-09 19:05:53,157,2025-05-09 19:05:54.159,6830.0,147,6820.0,9449,6810.0,32043,6800.0,4741,6790.0,2035,6840.0,28104,6850.0,15274,6860.0,64,6880.0,796,6890.0,2762,2025-05-09 19:05:54.072,,2147483647,1568569,False,nan
12407,2011705,1613213859,MERV - XMEV - GGAL - 24hs,6830.0,2025-05-09 19:05:53,157,2025-05-09 19:05:54.660,6830.0,147,6820.0,9449,6810.0,32043,6800.0,4741,6790.0,2035,6840.0,28104,6850.0,15274,6860.0,64,6880.0,796,6890.0,2762,2025-05-09 19:05:54.572,,2147483647,1569069,False,nan
12408,2012002,1613214214,MERV - XMEV - GGAL - 24hs,6830.0,2025-05-09 19:05:56,43,2025-05-09 19:05:57.053,6830.0,147,6820.0,9449,6810.0,32043,6800.0,4741,6790.0,2035,6840.0,28104,6850.0,15274,6860.0,64,6880.0,796,6890.0,2762,2025-05-09 19:05:56.969,,2147483647,1569069,True,bid
12409,2012020,1613214236,MERV - XMEV - GGAL - 24hs,6840.0,2025-05-09 19:05:57,114,2025-05-09 19:05:57.559,6830.0,147,6820.0,9449,6810.0,32043,6800.0,4741,6790.0,2035,6840.0,28104,6850.0,15274,6860.0,64,6880.0,796,6890.0,2762,2025-05-09 19:05:57.469,,2147483647,1569216,True,offer
12410,2012046,1613214268,MERV - XMEV - GGAL - 24hs,6840.0,2025-05-09 19:05:57,114,2025-05-09 19:05:58.055,6820.0,9449,6810.0,32043,6800.0,4741,6790.0,2035,6780.0,25583,6840.0,27990,6850.0,15274,6860.0,64,6880.0,796,6890.0,2762,2025-05-09 19:05:57.968,,2147483647,1569906,False,nan
12411,2012089,1613214318,MERV - XMEV - GGAL - 24hs,6840.0,2025-05-09 19:05:57,114,2025-05-09 19:05:58.766,6830.0,15,6820.0,9449,6810.0,32043,6800.0,4741,6790.0,2038,6840.0,27990,6850.0,15274,6860.0,64,6880.0,796,6890.0,2765,2025-05-09 19:05:58.678,,2147483647,1569906,False,nan
12412,2012240,1613214512,MERV - XMEV - GGAL - 24hs,6840.0,2025-05-09 19:05:57,114,2025-05-09 19:06:00.987,6830.0,15,6820.0,9849,6810.0,32043,6800.0,4741,6790.0,2038,6840.0,27990,6850.0,15274,6860.0,64,6880.0,796,6890.0,2765,2025-05-09 19:06:00.895,,2147483647,1569906,False,nan
12413,2012446,1613214770,MERV - XMEV - GGAL - 24hs,6840.0,2025-05-09 19:05:57,114,2025-05-09 19:06:02.995,6830.0,15,6820.0,9849,6810.0,32043,6800.0,4741,6790.0,2038,6840.0,29990,6850.0,15274,6860.0,64,6880.0,796,6890.0,2765,2025-05-09 19:06:02.911,,2147483647,1569906,False,nan
12414,2012561,1613214917,MERV - XMEV - GGAL - 24hs,6840.0,2025-05-09 19:06:03,7,2025-05-09 19:06:04.034,6830.0,15,6820.0,9849,6810.0,32043,6800.0,4741,6790.0,2038,6840.0,29990,6850.0,15274,6860.0,64,6880.0,796,6890.0,2765,2025-05-09 19:06:03.949,,2147483647,1569906,True,offer
12415,2012622,1613214995,MERV - XMEV - GGAL - 24hs,6840.0,2025-05-09 19:06:03,7,2025-05-09 19:06:04.698,6830.0,15,6820.0,9849,6810.0,32043,6800.0,4741,6790.0,2038,6840.0,29983,6850.0,15274,6860.0,64,6880.0,796,6890.0,2765,2025-05-09 19:06:04.613,,2147483647,1569906,False,nan
12416,2012694,1613215084,MERV - XMEV - GGAL - 24hs,6840.0,2025-05-09 19:06:03,7,2025-05-09 19:06:05.201,6830.0,15,6820.0,9849,6810.0,32043,6800.0,4741,6790.0,2038,6840.0,29983,6850.0,15274,6860.0,64,6880.0,796,6890.0,2765,2025-05-09 19:06:05.114,,2147483647,1569913,False,nan
12417,2013430,1613216057,MERV - XMEV - GGAL - 24hs,6830.0,2025-05-09 19:06:14,15,2025-05-09 19:06:14.202,6830.0,15,6820.0,9849,6810.0,32043,6800.0,4741,6790.0,2038,6840.0,29983,6850.0,15274,6860.0,64,6880.0,796,6890.0,2765,2025-05-09 19:06:14.116,,2147483647,1569913,True,bid
12418,2013492,1613216143,MERV - XMEV - GGAL - 24hs,6830.0,2025-05-09 19:06:14,15,2025-05-09 19:06:14.863,6820.0,9849,6810.0,32043,6800.0,4741,6790.0,2038,6780.0,25583,6840.0,29983,6850.0,15274,6860.0,64,6880.0,796,6890.0,2765,2025-05-09 19:06:14.779,,2147483647,1569913,False,nan
12419,2013548,1613216217,MERV - XMEV - GGAL - 24hs,6830.0,2025-05-09 19:06:14,15,2025-05-09 19:06:15.363,6820.0,9849,6810.0,32043,6800.0,4741,6790.0,2038,6780.0,25583,6840.0,29983,6850.0,15274,6860.0,64,6880.0,796,6890.0,2765,2025-05-09 19:06:15.278,,2147483647,1569928,False,nan
12420,2013572,1613216250,MERV - XMEV - GGAL - 24hs,6830.0,2025-05-09 19:06:15,46,2025-05-09 19:06:15.865,6820.0,9849,6810.0,32043,6800.0,4741,6790.0,2038,6780.0,25583,6830.0,1459,6840.0,29983,6850.0,15274,6860.0,64,6880.0,796,2025-05-09 19:06:15.779,,2147483647,1570345,True,nan
12421,2013610,1613216293,MERV - XMEV - GGAL - 24hs,6830.0,2025-05-09 19:06:15,46,2025-05-09 19:06:16.410,6820.0,9849,6810.0,32043,6800.0,4741,6790.0,2038,6780.0,25583,6830.0,344,6840.0,18316,6850.0,26941,6860.0,64,6880.0,796,2025-05-09 19:06:16.318,,2147483647,1570345,False,nan
12422,2013670,1613216372,MERV - XMEV - GGAL - 24hs,6830.0,2025-05-09 19:06:15,46,2025-05-09 19:06:16.905,6820.0,9849,6810.0,32043,6800.0,4741,6790.0,2038,6780.0,25583,6830.0,344,6840.0,18316,6850.0,26941,6860.0,64,6880.0,796,2025-05-09 19:06:16.819,,2147483647,1571191,False,nan
12423,2013908,1613216689,MERV - XMEV - GGAL - 24hs,6830.0,2025-05-09 19:06:15,46,2025-05-09 19:06:19.897,6820.0,9849,6810.0,32043,6800.0,4741,6790.0,2038,6780.0,25583,6830.0,346,6840.0,18316,6850.0,26941,6860.0,64,6880.0,796,2025-05-09 19:06:19.810,,2147483647,1571191,False,nan
12424,2013938,1613216726,MERV - XMEV - GGAL - 24hs,6830.0,2025-05-09 19:06:20,34,2025-05-09 19:06:20.401,6820.0,9849,6810.0,32043,6800.0,4741,6790.0,2038,6780.0,25583,6830.0,346,6840.0,18316,6850.0,26941,6860.0,64,6880.0,796,2025-05-09 19:06:20.314,,2147483647,1571191,True,offer
12425,2013962,1613216765,MERV - XMEV - GGAL - 24hs,6830.0,2025-05-09 19:06:20,34,2025-05-09 19:06:20.972,6820.0,9849,6810.0,32043,6800.0,4741,6790.0,2038,6780.0,25583,6830.0,312,6840.0,18316,6850.0,26941,6860.0,64,6880.0,796,2025-05-09 19:06:20.886,,2147483647,1571191,False,nan
12426,2013999,1613216808,MERV - XMEV - GGAL - 24hs,6830.0,2025-05-09 19:06:20,34,2025-05-09 19:06:21.844,6820.0,9849,6810.0,32043,6800.0,4741,6790.0,2038,6780.0,25583,6830.0,312,6840.0,18316,6850.0,26941,6860.0,64,6880.0,796,2025-05-09 19:06:21.717,,2147483647,1571225,False,nan
12427,2014145,1613216987,MERV - XMEV - GGAL - 24hs,6830.0,2025-05-09 19:06:20,34,2025-05-09 19:06:23.298,6820.0,9849,6810.0,32043,6800.0,4741,6790.0,2038,6780.0,25697,6830.0,312,6840.0,18316,6850.0,26941,6860.0,64,6880.0,796,2025-05-09 19:06:23.213,,2147483647,1571225,False,nan
12428,2014216,1613217073,MERV - XMEV - GGAL - 24hs,6820.0,2025-05-09 19:06:24,100,2025-05-09 19:06:24.379,6820.0,9849,6810.0,32043,6800.0,4741,6790.0,2038,6780.0,25697,6830.0,312,6840.0,18316,6850.0,26941,6860.0,64,6880.0,796,2025-05-09 19:06:24.291,,2147483647,1571225,True,bid
12429,2014266,1613217135,MERV - XMEV - GGAL - 24hs,6820.0,2025-05-09 19:06:24,899,2025-05-09 19:06:24.876,6820.0,9849,6810.0,32043,6800.0,4741,6790.0,2038,6780.0,25697,6830.0,312,6840.0,18316,6850.0,26941,6860.0,64,6880.0,796,2025-05-09 19:06:24.791,,2147483647,1571225,False,nan
12430,2014325,1613217218,MERV - XMEV - GGAL - 24hs,6820.0,2025-05-09 19:06:24,899,2025-05-09 19:06:25.378,6820.0,7849,6810.0,32043,6800.0,4741,6790.0,2038,6780.0,25697,6830.0,312,6840.0,18316,6850.0,26941,6860.0,64,6880.0,796,2025-05-09 19:06:25.291,,2147483647,1573225,False,nan
12431,2014617,1613217594,MERV - XMEV - GGAL - 24hs,6830.0,2025-05-09 19:06:28,17,2025-05-09 19:06:28.351,6820.0,7849,6810.0,32043,6800.0,4741,6790.0,2038,6780.0,25697,6830.0,312,6840.0,18316,6850.0,26941,6860.0,64,6880.0,796,2025-05-09 19:06:28.249,,2147483647,1573225,True,offer
12432,2014664,1613217646,MERV - XMEV - GGAL - 24hs,6840.0,2025-05-09 19:06:28,65,2025-05-09 19:06:28.834,6820.0,7849,6810.0,32043,6800.0,4741,6790.0,2038,6780.0,25697,6830.0,312,6840.0,18316,6850.0,26941,6860.0,64,6880.0,796,2025-05-09 19:06:28.749,,2147483647,1573242,False,nan
12433,2014698,1613217685,MERV - XMEV - GGAL - 24hs,6840.0,2025-05-09 19:06:28,65,2025-05-09 19:06:29.340,6820.0,7849,6810.0,32043,6800.0,4741,6790.0,2038,6780.0,25697,6840.0,18251,6850.0,26941,6860.0,64,6880.0,796,6890.0,2765,2025-05-09 19:06:29.253,,2147483647,1573602,False,nan
12434,2014735,1613217730,MERV - XMEV - GGAL - 24hs,6840.0,2025-05-09 19:06:28,65,2025-05-09 19:06:29.838,6830.0,132,6820.0,7849,6810.0,32043,6800.0,4741,6790.0,2038,6840.0,18251,6850.0,26941,6860.0,64,6880.0,796,6890.0,2765,2025-05-09 19:06:29.751,,2147483647,1573602,False,nan
12435,2014775,1613217776,MERV - XMEV - GGAL - 24hs,6840.0,2025-05-09 19:06:30,360,2025-05-09 19:06:30.338,6830.0,132,6820.0,7849,6810.0,32043,6800.0,4741,6790.0,2038,6840.0,18251,6850.0,26941,6860.0,64,6880.0,796,6890.0,2765,2025-05-09 19:06:30.251,,2147483647,1573714,True,offer
12436,2014804,1613217809,MERV - XMEV - GGAL - 24hs,6830.0,2025-05-09 19:06:30,20,2025-05-09 19:06:30.837,6830.0,20,6820.0,7849,6810.0,32043,6800.0,4741,6790.0,2038,6840.0,17891,6850.0,26941,6860.0,64,6880.0,796,6890.0,2765,2025-05-09 19:06:30.751,,2147483647,1574074,False,nan
12437,2014853,1613217871,MERV - XMEV - GGAL - 24hs,6830.0,2025-05-09 19:06:30,20,2025-05-09 19:06:31.342,6820.0,7849,6810.0,32043,6800.0,4741,6790.0,2038,6780.0,25697,6830.0,92,6840.0,17891,6850.0,26941,6860.0,64,6880.0,796,2025-05-09 19:06:31.251,,2147483647,1574074,False,nan
12438,2014917,1613217956,MERV - XMEV - GGAL - 24hs,6830.0,2025-05-09 19:06:30,20,2025-05-09 19:06:31.844,6820.0,7849,6810.0,32043,6800.0,4741,6790.0,2038,6780.0,25697,6830.0,92,6840.0,17891,6850.0,26941,6860.0,64,6880.0,796,2025-05-09 19:06:31.752,,2147483647,1574094,False,nan
12439,2014954,1613218002,MERV - XMEV - GGAL - 24hs,6820.0,2025-05-09 19:06:32,75,2025-05-09 19:06:32.337,6820.0,7849,6810.0,32043,6800.0,4741,6790.0,2038,6780.0,25697,6830.0,92,6840.0,17891,6850.0,26941,6860.0,64,6880.0,796,2025-05-09 19:06:32.252,,2147483647,1574095,True,bid
12440,2015003,1613218065,MERV - XMEV - GGAL - 24hs,6820.0,2025-05-09 19:06:32,75,2025-05-09 19:06:32.994,6820.0,7774,6810.0,32043,6800.0,4741,6790.0,2038,6780.0,25697,6830.0,91,6840.0,17891,6850.0,26941,6860.0,64,6880.0,796,2025-05-09 19:06:32.896,,2147483647,1574095,False,nan
12441,2015032,1613218103,MERV - XMEV - GGAL - 24hs,6820.0,2025-05-09 19:06:32,75,2025-05-09 19:06:33.490,6820.0,7774,6810.0,32043,6800.0,4741,6790.0,2038,6780.0,25697,6830.0,91,6840.0,17891,6850.0,26941,6860.0,64,6880.0,796,2025-05-09 19:06:33.402,,2147483647,1574170,False,nan
12442,2015375,1613218545,MERV - XMEV - GGAL - 24hs,6830.0,2025-05-09 19:06:37,91,2025-05-09 19:06:37.430,6820.0,7774,6810.0,32043,6800.0,4741,6790.0,2038,6780.0,25697,6830.0,91,6840.0,17891,6850.0,26941,6860.0,64,6880.0,796,2025-05-09 19:06:37.342,,2147483647,1574170,True,offer
12443,2015442,1613218627,MERV - XMEV - GGAL - 24hs,6830.0,2025-05-09 19:06:37,91,2025-05-09 19:06:38.097,6830.0,9,6820.0,7774,6810.0,32043,6800.0,4741,6790.0,2038,6840.0,17891,6850.0,26941,6860.0,64,6880.0,796,6890.0,2368,2025-05-09 19:06:38.005,,2147483647,1574170,False,nan
12444,2015495,1613218689,MERV - XMEV - GGAL - 24hs,6830.0,2025-05-09 19:06:37,91,2025-05-09 19:06:38.591,6830.0,9,6820.0,7774,6810.0,32043,6800.0,4741,6790.0,2038,6840.0,17891,6850.0,26941,6860.0,64,6880.0,796,6890.0,2368,2025-05-09 19:06:38.505,,2147483647,1574261,False,nan
12445,2015583,1613218806,MERV - XMEV - GGAL - 24hs,6830.0,2025-05-09 19:06:37,91,2025-05-09 19:06:39.598,6830.0,19,6820.0,7774,6810.0,32043,6800.0,4741,6790.0,2038,6840.0,17891,6850.0,26941,6860.0,64,6880.0,796,6890.0,2368,2025-05-09 19:06:39.512,,2147483647,1574261,False,nan
12446,2015624,1613218851,MERV - XMEV - GGAL - 24hs,6830.0,2025-05-09 19:06:39,10,2025-05-09 19:06:40.098,6830.0,19,6820.0,7774,6810.0,32043,6800.0,4741,6790.0,2038,6840.0,17891,6850.0,26941,6860.0,64,6880.0,796,6890.0,2368,2025-05-09 19:06:40.012,,2147483647,1574261,True,bid
12447,2015659,1613218900,MERV - XMEV - GGAL - 24hs,6830.0,2025-05-09 19:06:39,10,2025-05-09 19:06:40.644,6820.0,7774,6810.0,32043,6800.0,4741,6790.0,2038,6780.0,25697,6830.0,49,6840.0,17891,6850.0,26873,6860.0,64,6880.0,796,2025-05-09 19:06:40.558,,2147483647,1574261,False,nan
12448,2015703,1613218965,MERV - XMEV - GGAL - 24hs,6830.0,2025-05-09 19:06:39,10,2025-05-09 19:06:41.145,6820.0,7774,6810.0,32043,6800.0,4741,6790.0,2038,6780.0,25697,6830.0,49,6840.0,17891,6850.0,26873,6860.0,64,6880.0,796,2025-05-09 19:06:41.059,,2147483647,1574280,False,nan
12449,2015741,1613219012,MERV - XMEV - GGAL - 24hs,6830.0,2025-05-09 19:06:39,10,2025-05-09 19:06:41.643,6820.0,7774,6810.0,32043,6800.0,4741,6790.0,2038,6780.0,25697,6830.0,2197,6840.0,15891,6850.0,26873,6860.0,64,6880.0,796,2025-05-09 19:06:41.559,,2147483647,1574280,False,nan
12450,2015861,1613219169,MERV - XMEV - GGAL - 24hs,6830.0,2025-05-09 19:06:39,10,2025-05-09 19:06:43.111,6820.0,7774,6810.0,32043,6800.0,4741,6790.0,2038,6780.0,25350,6830.0,2197,6840.0,15891,6850.0,26873,6860.0,64,6880.0,796,2025-05-09 19:06:43.026,,2147483647,1574280,False,nan
12451,2015940,1613219273,MERV - XMEV - GGAL - 24hs,6830.0,2025-05-09 19:06:39,10,2025-05-09 19:06:44.077,6820.0,7774,6810.0,32043,6800.0,4741,6790.0,2038,6780.0,25697,6830.0,2197,6840.0,15891,6850.0,26873,6860.0,64,6880.0,796,2025-05-09 19:06:43.992,,2147483647,1574280,False,nan
12452,2016062,1613219411,MERV - XMEV - GGAL - 24hs,6830.0,2025-05-09 19:06:45,2,2025-05-09 19:06:45.617,6820.0,7774,6810.0,32043,6800.0,4741,6790.0,2038,6780.0,25697,6830.0,2197,6840.0,15891,6850.0,26873,6860.0,64,6880.0,796,2025-05-09 19:06:45.532,,2147483647,1574280,True,offer
12453,2016133,1613219495,MERV - XMEV - GGAL - 24hs,6830.0,2025-05-09 19:06:45,2,2025-05-09 19:06:46.283,6820.0,7774,6810.0,32043,6800.0,4741,6790.0,2038,6780.0,25697,6830.0,2195,6840.0,15891,6850.0,26873,6860.0,64,6880.0,796,2025-05-09 19:06:46.197,,2147483647,1574280,False,nan
12454,2016193,1613219568,MERV - XMEV - GGAL - 24hs,6830.0,2025-05-09 19:06:45,2,2025-05-09 19:06:46.782,6820.0,7774,6810.0,32043,6800.0,4741,6790.0,2038,6780.0,25697,6830.0,2195,6840.0,15891,6850.0,26873,6860.0,64,6880.0,796,2025-05-09 19:06:46.697,,2147483647,1574282,False,nan
12455,2016581,1613220040,MERV - XMEV - GGAL - 24hs,6830.0,2025-05-09 19:06:45,2,2025-05-09 19:06:51.479,6820.0,7774,6810.0,32043,6800.0,4941,6790.0,2038,6780.0,25697,6830.0,2195,6840.0,15891,6850.0,26873,6860.0,64,6880.0,796,2025-05-09 19:06:51.300,,2147483647,1574282,False,nan
12456,2016711,1613220226,MERV - XMEV - GGAL - 24hs,6830.0,2025-05-09 19:06:45,2,2025-05-09 19:06:52.716,6820.0,7774,6810.0,32065,6800.0,4941,6790.0,2038,6780.0,25697,6830.0,2195,6840.0,15891,6850.0,26873,6860.0,64,6880.0,796,2025-05-09 19:06:52.622,,2147483647,1574282,False,nan
12457,2016817,1613220386,MERV - XMEV - GGAL - 24hs,6830.0,2025-05-09 19:06:45,2,2025-05-09 19:06:53.818,6820.0,7774,6810.0,32065,6800.0,4941,6790.0,2038,6780.0,26044,6830.0,2195,6840.0,15891,6850.0,26873,6860.0,64,6880.0,796,2025-05-09 19:06:53.732,,2147483647,1574282,False,nan
12458,2017577,1613221354,MERV - XMEV - GGAL - 24hs,6820.0,2025-05-09 19:07:01,2,2025-05-09 19:07:01.906,6820.0,7774,6810.0,32065,6800.0,4941,6790.0,2038,6780.0,26044,6830.0,2195,6840.0,15891,6850.0,26873,6860.0,64,6880.0,796,2025-05-09 19:07:01.819,,2147483647,1574282,True,bid
12459,2017604,1613221386,MERV - XMEV - GGAL - 24hs,6820.0,2025-05-09 19:07:01,7,2025-05-09 19:07:02.405,6820.0,7694,6810.0,32065,6800.0,4941,6790.0,2478,6780.0,17953,6830.0,2195,6840.0,15891,6850.0,26873,6860.0,64,6880.0,796,2025-05-09 19:07:02.319,,2147483647,1574282,False,nan
12460,2017634,1613221425,MERV - XMEV - GGAL - 24hs,6820.0,2025-05-09 19:07:01,7,2025-05-09 19:07:02.905,6820.0,7694,6810.0,32065,6800.0,4941,6790.0,2478,6780.0,17953,6830.0,2195,6840.0,15891,6850.0,26873,6860.0,64,6880.0,796,2025-05-09 19:07:02.819,,2147483647,1574362,False,nan
12461,2017781,1613221610,MERV - XMEV - GGAL - 24hs,6820.0,2025-05-09 19:07:01,7,2025-05-09 19:07:04.368,6820.0,7694,6810.0,32565,6800.0,4941,6790.0,2038,6780.0,26044,6830.0,17195,6840.0,17558,6850.0,10206,6860.0,64,6880.0,796,2025-05-09 19:07:04.279,,2147483647,1574362,False,nan
12462,2017906,1613221755,MERV - XMEV - GGAL - 24hs,6830.0,2025-05-09 19:07:05,1,2025-05-09 19:07:05.365,6820.0,7694,6810.0,32565,6800.0,4941,6790.0,2038,6780.0,26044,6830.0,17195,6840.0,17558,6850.0,10206,6860.0,64,6880.0,796,2025-05-09 19:07:05.277,,2147483647,1574362,True,offer
12463,2017946,1613221804,MERV - XMEV - GGAL - 24hs,6830.0,2025-05-09 19:07:05,1,2025-05-09 19:07:05.860,6820.0,7694,6810.0,32565,6800.0,4941,6790.0,1978,6780.0,27431,6830.0,17194,6840.0,17558,6850.0,10206,6860.0,64,6880.0,796,2025-05-09 19:07:05.775,,2147483647,1574362,False,nan
12464,2018003,1613221880,MERV - XMEV - GGAL - 24hs,6830.0,2025-05-09 19:07:05,1,2025-05-09 19:07:06.361,6820.0,7694,6810.0,32565,6800.0,4941,6790.0,1978,6780.0,27431,6830.0,17194,6840.0,17558,6850.0,10206,6860.0,64,6880.0,796,2025-05-09 19:07:06.276,,2147483647,1574363,False,nan
12465,2018196,1613222112,MERV - XMEV - GGAL - 24hs,6820.0,2025-05-09 19:07:08,33,2025-05-09 19:07:08.288,6820.0,7694,6810.0,32565,6800.0,4941,6790.0,1978,6780.0,27431,6830.0,17194,6840.0,17558,6850.0,10206,6860.0,64,6880.0,796,2025-05-09 19:07:08.203,,2147483647,1574363,True,bid
12466,2018231,1613222153,MERV - XMEV - GGAL - 24hs,6820.0,2025-05-09 19:07:08,9,2025-05-09 19:07:08.787,6820.0,7694,6810.0,32565,6800.0,4941,6790.0,1978,6780.0,27431,6830.0,17194,6840.0,17558,6850.0,10206,6860.0,64,6880.0,796,2025-05-09 19:07:08.702,,2147483647,1574363,False,nan
12467,2018263,1613222192,MERV - XMEV - GGAL - 24hs,6820.0,2025-05-09 19:07:08,9,2025-05-09 19:07:09.287,6820.0,7428,6810.0,32565,6800.0,4941,6790.0,1978,6780.0,27431,6830.0,17194,6840.0,17558,6850.0,10206,6860.0,64,6880.0,796,2025-05-09 19:07:09.202,,2147483647,1574629,False,nan
12468,2018562,1613222606,MERV - XMEV - GGAL - 24hs,6820.0,2025-05-09 19:07:08,9,2025-05-09 19:07:12.464,6820.0,7428,6810.0,32565,6800.0,5441,6790.0,1978,6780.0,27431,6830.0,17194,6840.0,17558,6850.0,10206,6860.0,64,6880.0,796,2025-05-09 19:07:12.379,,2147483647,1574629,False,nan
12469,2018638,1613222695,MERV - XMEV - GGAL - 24hs,6820.0,2025-05-09 19:07:13,6,2025-05-09 19:07:13.686,6820.0,7428,6810.0,32565,6800.0,5441,6790.0,1978,6780.0,27431,6830.0,17194,6840.0,17558,6850.0,10206,6860.0,64,6880.0,796,2025-05-09 19:07:13.439,,2147483647,1574629,True,bid
12470,2018721,1613222791,MERV - XMEV - GGAL - 24hs,6820.0,2025-05-09 19:07:13,18,2025-05-09 19:07:13.983,6820.0,7396,6810.0,32565,6800.0,5441,6790.0,1978,6780.0,27431,6830.0,17194,6840.0,17558,6850.0,10206,6860.0,64,6880.0,796,2025-05-09 19:07:13.769,,2147483647,1574629,False,nan
12471,2018773,1613222856,MERV - XMEV - GGAL - 24hs,6820.0,2025-05-09 19:07:13,18,2025-05-09 19:07:14.354,6820.0,7396,6810.0,32565,6800.0,5441,6790.0,1978,6780.0,27431,6830.0,17194,6840.0,17558,6850.0,10206,6860.0,64,6880.0,796,2025-05-09 19:07:14.269,,2147483647,1574661,False,nan
12472,2019169,1613223398,MERV - XMEV - GGAL - 24hs,6820.0,2025-05-09 19:07:18,557,2025-05-09 19:07:18.746,6820.0,7396,6810.0,32565,6800.0,5441,6790.0,1978,6780.0,27431,6830.0,17194,6840.0,17558,6850.0,10206,6860.0,64,6880.0,796,2025-05-09 19:07:18.660,,2147483647,1574661,True,bid
12473,2019292,1613223534,MERV - XMEV - GGAL - 24hs,6830.0,2025-05-09 19:07:18,6,2025-05-09 19:07:19.371,6820.0,6839,6810.0,32565,6800.0,5441,6790.0,1978,6780.0,27431,6830.0,17194,6840.0,17558,6850.0,10206,6860.0,64,6880.0,796,2025-05-09 19:07:19.160,,2147483647,1575218,False,nan
12474,2019441,1613223730,MERV - XMEV - GGAL - 24hs,6830.0,2025-05-09 19:07:18,6,2025-05-09 19:07:19.971,6820.0,6839,6810.0,32565,6800.0,5441,6790.0,4788,6780.0,17953,6830.0,17188,6840.0,17558,6850.0,10206,6860.0,64,6880.0,796,2025-05-09 19:07:19.660,,2147483647,1575224,False,nan
12475,2019904,1613224293,MERV - XMEV - GGAL - 24hs,6820.0,2025-05-09 19:07:25,1425,2025-05-09 19:07:25.283,6820.0,6839,6810.0,32565,6800.0,5441,6790.0,4788,6780.0,17953,6830.0,17188,6840.0,17558,6850.0,10206,6860.0,64,6880.0,796,2025-05-09 19:07:25.196,,2147483647,1575224,True,bid
12476,2019978,1613224386,MERV - XMEV - GGAL - 24hs,6820.0,2025-05-09 19:07:25,561,2025-05-09 19:07:25.785,6820.0,6839,6810.0,32565,6800.0,5441,6790.0,4788,6780.0,17953,6830.0,17188,6840.0,17558,6850.0,10206,6860.0,64,6880.0,796,2025-05-09 19:07:25.696,,2147483647,1575224,False,nan
12477,2020030,1613224453,MERV - XMEV - GGAL - 24hs,6820.0,2025-05-09 19:07:25,561,2025-05-09 19:07:26.287,6820.0,4839,6810.0,32565,6800.0,5441,6790.0,4788,6780.0,17953,6830.0,17188,6840.0,17558,6850.0,10206,6860.0,64,6880.0,796,2025-05-09 19:07:26.200,,2147483647,1577224,False,nan
12478,2020086,1613224520,MERV - XMEV - GGAL - 24hs,6820.0,2025-05-09 19:07:26,6,2025-05-09 19:07:26.781,6820.0,4839,6810.0,32565,6800.0,5441,6790.0,4788,6780.0,17953,6830.0,17188,6840.0,17558,6850.0,10206,6860.0,64,6880.0,796,2025-05-09 19:07:26.696,,2147483647,1577224,True,bid
12479,2020141,1613224588,MERV - XMEV - GGAL - 24hs,6820.0,2025-05-09 19:07:26,6,2025-05-09 19:07:27.412,6820.0,4833,6810.0,32565,6800.0,5441,6790.0,4788,6780.0,17953,6830.0,17188,6840.0,17558,6850.0,10206,6860.0,64,6880.0,796,2025-05-09 19:07:27.326,,2147483647,1577224,False,nan
12480,2020204,1613224672,MERV - XMEV - GGAL - 24hs,6830.0,2025-05-09 19:07:27,1,2025-05-09 19:07:27.910,6820.0,4833,6810.0,32565,6800.0,5441,6790.0,4788,6780.0,17953,6830.0,17188,6840.0,17558,6850.0,10206,6860.0,64,6880.0,796,2025-05-09 19:07:27.826,,2147483647,1577230,True,offer
12481,2020251,1613224725,MERV - XMEV - GGAL - 24hs,6830.0,2025-05-09 19:07:27,1,2025-05-09 19:07:28.411,6820.0,4833,6810.0,32565,6800.0,5441,6790.0,4788,6780.0,17953,6830.0,17187,6840.0,17558,6850.0,10206,6860.0,64,6880.0,796,2025-05-09 19:07:28.325,,2147483647,1577231,False,nan
12482,2020297,1613224776,MERV - XMEV - GGAL - 24hs,6830.0,2025-05-09 19:07:27,1,2025-05-09 19:07:29.098,6820.0,4833,6810.0,32565,6800.0,5441,6790.0,4899,6780.0,17953,6830.0,17187,6840.0,17558,6850.0,10206,6860.0,64,6880.0,796,2025-05-09 19:07:29.011,,2147483647,1577231,False,nan
12483,2020389,1613224880,MERV - XMEV - GGAL - 24hs,6830.0,2025-05-09 19:07:27,1,2025-05-09 19:07:30.673,6820.0,4833,6810.0,32565,6800.0,5441,6790.0,4899,6780.0,17953,6830.0,17187,6840.0,12558,6850.0,15206,6860.0,64,6880.0,796,2025-05-09 19:07:30.585,,2147483647,1577231,False,nan
12484,2020519,1613225033,MERV - XMEV - GGAL - 24hs,6830.0,2025-05-09 19:07:27,1,2025-05-09 19:07:31.784,6820.0,4833,6810.0,32565,6800.0,5441,6790.0,4899,6780.0,17953,6830.0,17187,6840.0,17558,6850.0,10206,6860.0,64,6880.0,796,2025-05-09 19:07:31.691,,2147483647,1577231,False,nan
12485,2020720,1613225257,MERV - XMEV - GGAL - 24hs,6830.0,2025-05-09 19:07:33,1,2025-05-09 19:07:34.087,6820.0,4833,6810.0,32565,6800.0,5441,6790.0,4899,6780.0,17953,6830.0,17187,6840.0,17558,6850.0,10206,6860.0,64,6880.0,796,2025-05-09 19:07:33.999,,2147483647,1577231,True,offer
12486,2020773,1613225332,MERV - XMEV - GGAL - 24hs,6830.0,2025-05-09 19:07:34,567,2025-05-09 19:07:34.584,6820.0,4833,6810.0,32565,6800.0,5441,6790.0,4899,6780.0,17953,6830.0,17187,6840.0,17558,6850.0,10206,6860.0,64,6880.0,796,2025-05-09 19:07:34.499,,2147483647,1577232,True,offer
12487,2020830,1613225397,MERV - XMEV - GGAL - 24hs,6830.0,2025-05-09 19:07:34,567,2025-05-09 19:07:35.083,6820.0,4833,6810.0,32565,6800.0,5525,6790.0,4899,6780.0,17953,6830.0,16492,6840.0,17558,6850.0,10206,6860.0,64,6880.0,796,2025-05-09 19:07:34.998,,2147483647,1577985,False,nan
12488,2020924,1613225519,MERV - XMEV - GGAL - 24hs,6830.0,2025-05-09 19:07:34,567,2025-05-09 19:07:36.079,6820.0,4833,6810.0,32565,6800.0,5525,6790.0,2818,6780.0,17953,6830.0,16492,6840.0,17558,6850.0,10206,6860.0,64,6880.0,796,2025-05-09 19:07:35.773,,2147483647,1577985,False,nan
12489,2021148,1613225791,MERV - XMEV - GGAL - 24hs,6820.0,2025-05-09 19:07:37,6,2025-05-09 19:07:37.098,6820.0,4833,6810.0,32565,6800.0,5525,6790.0,2818,6780.0,17953,6830.0,16492,6840.0,17558,6850.0,10206,6860.0,64,6880.0,796,2025-05-09 19:07:37.014,,2147483647,1577985,True,bid
12490,2021216,1613225884,MERV - XMEV - GGAL - 24hs,6820.0,2025-05-09 19:07:37,6,2025-05-09 19:07:37.767,6820.0,4827,6810.0,32565,6800.0,5525,6790.0,2818,6780.0,17953,6830.0,16492,6840.0,17558,6850.0,10206,6860.0,64,6880.0,796,2025-05-09 19:07:37.680,,2147483647,1577985,False,nan
12491,2021309,1613225995,MERV - XMEV - GGAL - 24hs,6820.0,2025-05-09 19:07:37,6,2025-05-09 19:07:38.265,6820.0,4827,6810.0,32565,6800.0,5525,6790.0,2818,6780.0,17953,6830.0,16492,6840.0,17558,6850.0,10206,6860.0,64,6880.0,796,2025-05-09 19:07:38.180,,2147483647,1577991,False,nan
12492,2021373,1613226068,MERV - XMEV - GGAL - 24hs,6820.0,2025-05-09 19:07:37,6,2025-05-09 19:07:38.767,6820.0,4827,6810.0,32565,6800.0,5525,6790.0,3165,6780.0,17953,6830.0,16492,6840.0,17558,6850.0,10206,6860.0,64,6880.0,796,2025-05-09 19:07:38.680,,2147483647,1577991,False,nan
12493,2021579,1613226326,MERV - XMEV - GGAL - 24hs,6820.0,2025-05-09 19:07:37,6,2025-05-09 19:07:40.230,6820.0,4827,6810.0,32565,6800.0,5525,6790.0,2670,6780.0,17953,6830.0,16492,6840.0,17558,6850.0,10206,6860.0,64,6880.0,796,2025-05-09 19:07:40.146,,2147483647,1577991,False,nan
12494,2021768,1613226556,MERV - XMEV - GGAL - 24hs,6820.0,2025-05-09 19:07:37,6,2025-05-09 19:07:41.942,6820.0,4827,6810.0,32565,6800.0,5525,6790.0,2323,6780.0,17953,6830.0,16492,6840.0,17558,6850.0,10206,6860.0,64,6880.0,796,2025-05-09 19:07:41.853,,2147483647,1577991,False,nan
12495,2021989,1613226853,MERV - XMEV - GGAL - 24hs,6820.0,2025-05-09 19:07:37,6,2025-05-09 19:07:44.251,6820.0,4827,6810.0,32565,6800.0,5525,6790.0,2670,6780.0,17953,6830.0,16492,6840.0,17558,6850.0,10206,6860.0,64,6880.0,796,2025-05-09 19:07:44.167,,2147483647,1577991,False,nan
12496,2022280,1613227216,MERV - XMEV - GGAL - 24hs,6820.0,2025-05-09 19:07:37,6,2025-05-09 19:07:47.783,6820.0,4827,6810.0,32565,6800.0,5525,6790.0,2700,6780.0,17953,6830.0,16529,6840.0,17558,6850.0,10206,6860.0,64,6880.0,796,2025-05-09 19:07:47.668,,2147483647,1577991,False,nan
12497,2022398,1613227352,MERV - XMEV - GGAL - 24hs,6820.0,2025-05-09 19:07:49,103,2025-05-09 19:07:49.223,6820.0,4827,6810.0,32565,6800.0,5525,6790.0,2700,6780.0,17953,6830.0,16529,6840.0,17558,6850.0,10206,6860.0,64,6880.0,796,2025-05-09 19:07:49.137,,2147483647,1577991,True,bid
12498,2022440,1613227400,MERV - XMEV - GGAL - 24hs,6820.0,2025-05-09 19:07:49,103,2025-05-09 19:07:49.732,6820.0,4724,6810.0,32565,6800.0,5525,6790.0,2700,6780.0,17953,6830.0,16529,6840.0,17558,6850.0,10206,6860.0,64,6880.0,796,2025-05-09 19:07:49.642,,2147483647,1577991,False,nan
12499,2022492,1613227466,MERV - XMEV - GGAL - 24hs,6820.0,2025-05-09 19:07:49,103,2025-05-09 19:07:50.227,6820.0,4724,6810.0,32565,6800.0,5525,6790.0,2700,6780.0,17953,6830.0,16529,6840.0,17558,6850.0,10206,6860.0,64,6880.0,796,2025-05-09 19:07:50.142,,2147483647,1578094,False,nan
12500,2022624,1613227641,MERV - XMEV - GGAL - 24hs,6830.0,2025-05-09 19:07:52,624,2025-05-09 19:07:52.387,6820.0,4724,6810.0,32565,6800.0,5525,6790.0,2700,6780.0,17953,6830.0,16529,6840.0,17558,6850.0,10206,6860.0,64,6880.0,796,2025-05-09 19:07:52.197,,2147483647,1578094,True,offer
12501,2022693,1613227726,MERV - XMEV - GGAL - 24hs,6830.0,2025-05-09 19:07:52,624,2025-05-09 19:07:52.947,6820.0,4724,6810.0,32565,6800.0,5525,6790.0,2700,6780.0,17953,6830.0,15905,6840.0,17558,6850.0,10206,6860.0,64,6880.0,796,2025-05-09 19:07:52.862,,2147483647,1578094,False,nan
12502,2022733,1613227770,MERV - XMEV - GGAL - 24hs,6830.0,2025-05-09 19:07:52,624,2025-05-09 19:07:53.447,6820.0,4724,6810.0,32565,6800.0,5525,6790.0,2700,6780.0,17953,6830.0,15905,6840.0,17558,6850.0,10206,6860.0,64,6880.0,796,2025-05-09 19:07:53.362,,2147483647,1578718,False,nan
12503,2022821,1613227871,MERV - XMEV - GGAL - 24hs,6830.0,2025-05-09 19:07:54,110,2025-05-09 19:07:54.309,6820.0,4724,6810.0,32565,6800.0,5525,6790.0,2700,6780.0,17953,6830.0,15905,6840.0,17558,6850.0,10206,6860.0,64,6880.0,796,2025-05-09 19:07:54.223,,2147483647,1578718,True,offer
12504,2022954,1613228019,MERV - XMEV - GGAL - 24hs,6830.0,2025-05-09 19:07:54,110,2025-05-09 19:07:54.888,6820.0,4724,6810.0,32565,6800.0,5525,6790.0,2700,6780.0,17953,6830.0,15795,6840.0,17558,6850.0,10206,6860.0,64,6880.0,796,2025-05-09 19:07:54.730,,2147483647,1578718,False,nan
12505,2023184,1613228301,MERV - XMEV - GGAL - 24hs,6830.0,2025-05-09 19:07:54,110,2025-05-09 19:07:55.756,6820.0,4724,6810.0,32565,6800.0,5525,6790.0,2700,6780.0,17953,6830.0,15795,6840.0,17558,6850.0,10206,6860.0,64,6880.0,796,2025-05-09 19:07:55.248,,2147483647,1578828,False,nan
12506,2023255,1613228393,MERV - XMEV - GGAL - 24hs,6830.0,2025-05-09 19:07:54,110,2025-05-09 19:07:56.047,6820.0,4724,6810.0,32565,6800.0,5525,6790.0,18108,6780.0,4045,6830.0,795,6840.0,15891,6850.0,26873,6860.0,64,6880.0,796,2025-05-09 19:07:55.758,,2147483647,1578828,False,nan
12507,2023367,1613228531,MERV - XMEV - GGAL - 24hs,6830.0,2025-05-09 19:07:54,110,2025-05-09 19:07:56.616,6820.0,4724,6810.0,32565,6800.0,5525,6790.0,18108,6780.0,3045,6830.0,795,6840.0,15891,6850.0,26873,6860.0,64,6880.0,796,2025-05-09 19:07:56.515,,2147483647,1578828,False,nan
12508,2024118,1613229503,MERV - XMEV - GGAL - 24hs,6820.0,2025-05-09 19:08:02,279,2025-05-09 19:08:02.415,6820.0,4724,6810.0,32565,6800.0,5525,6790.0,18108,6780.0,3045,6830.0,795,6840.0,15891,6850.0,26873,6860.0,64,6880.0,796,2025-05-09 19:08:02.328,,2147483647,1578828,True,bid
12509,2024166,1613229575,MERV - XMEV - GGAL - 24hs,6820.0,2025-05-09 19:08:02,279,2025-05-09 19:08:03.078,6820.0,4445,6810.0,32565,6800.0,5525,6790.0,18108,6780.0,3045,6830.0,795,6840.0,15891,6850.0,26873,6860.0,64,6880.0,796,2025-05-09 19:08:02.992,,2147483647,1578828,False,nan
12510,2024198,1613229617,MERV - XMEV - GGAL - 24hs,6820.0,2025-05-09 19:08:02,279,2025-05-09 19:08:03.586,6820.0,4445,6810.0,32565,6800.0,5525,6790.0,18108,6780.0,3045,6830.0,795,6840.0,15891,6850.0,26873,6860.0,64,6880.0,796,2025-05-09 19:08:03.500,,2147483647,1579107,False,nan
12511,2024328,1613229777,MERV - XMEV - GGAL - 24hs,6820.0,2025-05-09 19:08:04,3,2025-05-09 19:08:04.523,6820.0,4445,6810.0,32565,6800.0,5525,6790.0,18108,6780.0,3045,6830.0,795,6840.0,15891,6850.0,26873,6860.0,64,6880.0,796,2025-05-09 19:08:04.398,,2147483647,1579107,True,bid
12512,2024456,1613229953,MERV - XMEV - GGAL - 24hs,6820.0,2025-05-09 19:08:04,3,2025-05-09 19:08:05.040,6820.0,4442,6810.0,32565,6800.0,5525,6790.0,18108,6780.0,3045,6830.0,795,6840.0,15891,6850.0,26873,6860.0,64,6880.0,796,2025-05-09 19:08:04.898,,2147483647,1579107,False,nan
12513,2024509,1613230017,MERV - XMEV - GGAL - 24hs,6820.0,2025-05-09 19:08:04,3,2025-05-09 19:08:05.483,6820.0,4442,6810.0,32565,6800.0,5525,6790.0,18108,6780.0,3045,6830.0,795,6840.0,15891,6850.0,26873,6860.0,64,6880.0,796,2025-05-09 19:08:05.398,,2147483647,1579110,False,nan
12514,2024565,1613230086,MERV - XMEV - GGAL - 24hs,6820.0,2025-05-09 19:08:04,3,2025-05-09 19:08:05.983,6820.0,4442,6810.0,32565,6800.0,5525,6790.0,18455,6780.0,3045,6830.0,795,6840.0,15891,6850.0,26873,6860.0,64,6880.0,796,2025-05-09 19:08:05.898,,2147483647,1579110,False,nan
12515,2024923,1613230530,MERV - XMEV - GGAL - 24hs,6820.0,2025-05-09 19:08:04,3,2025-05-09 19:08:10.044,6820.0,4442,6810.0,32565,6800.0,5525,6790.0,18108,6780.0,3045,6830.0,795,6840.0,15891,6850.0,26873,6860.0,64,6880.0,796,2025-05-09 19:08:09.949,,2147483647,1579110,False,nan
12516,2025064,1613230709,MERV - XMEV - GGAL - 24hs,6830.0,2025-05-09 19:08:11,699,2025-05-09 19:08:11.671,6820.0,4442,6810.0,32565,6800.0,5525,6790.0,18108,6780.0,3045,6830.0,795,6840.0,15891,6850.0,26873,6860.0,64,6880.0,796,2025-05-09 19:08:11.586,,2147483647,1579110,True,offer
12517,2025092,1613230750,MERV - XMEV - GGAL - 24hs,6830.0,2025-05-09 19:08:11,37,2025-05-09 19:08:12.170,6820.0,4442,6810.0,32565,6800.0,5525,6790.0,18108,6780.0,3045,6830.0,795,6840.0,15891,6850.0,26873,6860.0,64,6880.0,796,2025-05-09 19:08:12.086,,2147483647,1579110,False,nan
12518,2025161,1613230836,MERV - XMEV - GGAL - 24hs,6830.0,2025-05-09 19:08:11,37,2025-05-09 19:08:12.671,6830.0,16,6820.0,4442,6810.0,32565,6800.0,5525,6790.0,18108,6840.0,15891,6850.0,26873,6860.0,64,6880.0,796,6890.0,2368,2025-05-09 19:08:12.586,,2147483647,1579905,False,nan
12519,2025306,1613231030,MERV - XMEV - GGAL - 24hs,6830.0,2025-05-09 19:08:11,37,2025-05-09 19:08:14.382,6830.0,18,6820.0,4442,6810.0,32565,6800.0,5525,6790.0,18108,6840.0,15891,6850.0,26873,6860.0,64,6880.0,796,6890.0,2368,2025-05-09 19:08:14.250,,2147483647,1579905,False,nan
12520,2025438,1613231308,MERV - XMEV - GGAL - 24hs,6830.0,2025-05-09 19:08:11,37,2025-05-09 19:08:16.058,6830.0,18,6820.0,4442,6810.0,32565,6800.0,5525,6790.0,18108,6840.0,15000,6850.0,26873,6860.0,64,6880.0,796,6890.0,2368,2025-05-09 19:08:15.973,,2147483647,1579905,False,nan
12521,2025468,1613231347,MERV - XMEV - GGAL - 24hs,6840.0,2025-05-09 19:08:16,5,2025-05-09 19:08:16.774,6830.0,18,6820.0,4442,6810.0,32565,6800.0,5525,6790.0,18108,6840.0,15000,6850.0,26873,6860.0,64,6880.0,796,6890.0,2368,2025-05-09 19:08:16.688,,2147483647,1579905,True,offer
12522,2025495,1613231382,MERV - XMEV - GGAL - 24hs,6840.0,2025-05-09 19:08:16,5,2025-05-09 19:08:17.438,6830.0,18,6820.0,4442,6810.0,32565,6800.0,5525,6790.0,18108,6840.0,14995,6850.0,26873,6860.0,64,6880.0,796,6890.0,2368,2025-05-09 19:08:17.353,,2147483647,1579905,False,nan
12523,2025531,1613231438,MERV - XMEV - GGAL - 24hs,6840.0,2025-05-09 19:08:16,5,2025-05-09 19:08:17.952,6830.0,18,6820.0,4442,6810.0,32565,6800.0,5525,6790.0,18108,6840.0,14995,6850.0,26873,6860.0,64,6880.0,796,6890.0,2368,2025-05-09 19:08:17.855,,2147483647,1579910,False,nan
12524,2025741,1613231790,MERV - XMEV - GGAL - 24hs,6840.0,2025-05-09 19:08:16,5,2025-05-09 19:08:20.454,6830.0,1518,6820.0,4442,6810.0,32565,6800.0,5525,6790.0,18108,6840.0,14995,6850.0,26873,6860.0,64,6880.0,796,6890.0,2368,2025-05-09 19:08:20.368,,2147483647,1579910,False,nan
12525,2025836,1613231912,MERV - XMEV - GGAL - 24hs,6840.0,2025-05-09 19:08:16,5,2025-05-09 19:08:21.620,6830.0,1518,6820.0,4442,6810.0,32565,6800.0,5525,6790.0,18802,6840.0,14995,6850.0,26873,6860.0,64,6880.0,796,6890.0,2368,2025-05-09 19:08:21.525,,2147483647,1579910,False,nan
12526,2025938,1613232103,MERV - XMEV - GGAL - 24hs,6840.0,2025-05-09 19:08:16,5,2025-05-09 19:08:22.784,6830.0,1520,6820.0,4442,6810.0,32565,6800.0,5525,6790.0,18802,6840.0,14995,6850.0,26873,6860.0,64,6880.0,796,6890.0,2368,2025-05-09 19:08:22.590,,2147483647,1579910,False,nan
12527,2025991,1613232174,MERV - XMEV - GGAL - 24hs,6840.0,2025-05-09 19:08:16,5,2025-05-09 19:08:23.383,6830.0,1520,6820.0,4442,6810.0,32565,6800.0,5525,6790.0,18802,6840.0,14995,6850.0,26873,6860.0,64,6880.0,1787,6890.0,2368,2025-05-09 19:08:23.297,,2147483647,1579910,False,nan
12528,2026059,1613232281,MERV - XMEV - GGAL - 24hs,6830.0,2025-05-09 19:08:24,16,2025-05-09 19:08:24.256,6830.0,1520,6820.0,4442,6810.0,32565,6800.0,5525,6790.0,18802,6840.0,14995,6850.0,26873,6860.0,64,6880.0,1787,6890.0,2368,2025-05-09 19:08:24.171,,2147483647,1579910,True,bid
12529,2026120,1613232361,MERV - XMEV - GGAL - 24hs,6830.0,2025-05-09 19:08:24,680,2025-05-09 19:08:24.765,6830.0,1520,6820.0,4442,6810.0,32565,6800.0,5525,6790.0,18802,6840.0,14995,6850.0,26873,6860.0,64,6880.0,1787,6890.0,2368,2025-05-09 19:08:24.678,,2147483647,1579910,False,nan
12530,2026188,1613232466,MERV - XMEV - GGAL - 24hs,6830.0,2025-05-09 19:08:24,680,2025-05-09 19:08:25.259,6830.0,822,6820.0,4442,6810.0,32565,6800.0,5525,6790.0,18802,6840.0,14995,6850.0,26873,6860.0,64,6880.0,1787,6890.0,2368,2025-05-09 19:08:25.172,,2147483647,1580608,False,nan
12531,2026362,1613232726,MERV - XMEV - GGAL - 24hs,6830.0,2025-05-09 19:08:24,680,2025-05-09 19:08:26.642,6830.0,2,6820.0,4442,6810.0,32065,6800.0,5025,6790.0,18156,6840.0,14995,6850.0,26873,6860.0,64,6880.0,1787,6890.0,2368,2025-05-09 19:08:26.506,,2147483647,1580608,False,nan
12532,2026618,1613233141,MERV - XMEV - GGAL - 24hs,6830.0,2025-05-09 19:08:24,680,2025-05-09 19:08:29.709,6830.0,2,6820.0,4442,6810.0,32065,6800.0,5025,6790.0,18185,6840.0,14995,6850.0,26873,6860.0,64,6880.0,1787,6890.0,2368,2025-05-09 19:08:29.624,,2147483647,1580608,False,nan
12533,2026757,1613233321,MERV - XMEV - GGAL - 24hs,6830.0,2025-05-09 19:08:30,2,2025-05-09 19:08:31.051,6830.0,2,6820.0,4442,6810.0,32065,6800.0,5025,6790.0,18185,6840.0,14995,6850.0,26873,6860.0,64,6880.0,1787,6890.0,2368,2025-05-09 19:08:30.965,,2147483647,1580608,True,bid
12534,2026785,1613233353,MERV - XMEV - GGAL - 24hs,6820.0,2025-05-09 19:08:30,22,2025-05-09 19:08:31.550,6830.0,2,6820.0,4442,6810.0,32065,6800.0,5025,6790.0,18185,6840.0,14995,6850.0,26873,6860.0,64,6880.0,1787,6890.0,2368,2025-05-09 19:08:31.465,,2147483647,1580608,False,nan
12535,2026818,1613233390,MERV - XMEV - GGAL - 24hs,6820.0,2025-05-09 19:08:30,22,2025-05-09 19:08:32.055,6820.0,4458,6810.0,32065,6800.0,5025,6790.0,18182,6780.0,3045,6840.0,15033,6850.0,26873,6860.0,64,6880.0,1787,6890.0,2365,2025-05-09 19:08:31.966,,2147483647,1580632,False,nan
12536,2026934,1613233523,MERV - XMEV - GGAL - 24hs,6840.0,2025-05-09 19:08:34,1,2025-05-09 19:08:34.101,6820.0,4458,6810.0,32065,6800.0,5025,6790.0,18182,6780.0,3045,6840.0,15033,6850.0,26873,6860.0,64,6880.0,1787,6890.0,2365,2025-05-09 19:08:34.015,,2147483647,1580632,True,offer
12537,2026986,1613233584,MERV - XMEV - GGAL - 24hs,6840.0,2025-05-09 19:08:34,266,2025-05-09 19:08:34.700,6820.0,4458,6810.0,32065,6800.0,5025,6790.0,18182,6780.0,3045,6840.0,15033,6850.0,26873,6860.0,64,6880.0,1787,6890.0,2365,2025-05-09 19:08:34.615,,2147483647,1580633,False,nan
12538,2027016,1613233633,MERV - XMEV - GGAL - 24hs,6840.0,2025-05-09 19:08:34,266,2025-05-09 19:08:35.199,6820.0,4458,6810.0,32065,6800.0,5025,6790.0,18182,6780.0,3045,6840.0,14766,6850.0,26873,6860.0,64,6880.0,1787,6890.0,2365,2025-05-09 19:08:35.114,,2147483647,1580899,False,nan
12539,2027130,1613233766,MERV - XMEV - GGAL - 24hs,6840.0,2025-05-09 19:08:34,266,2025-05-09 19:08:36.248,6820.0,4458,6810.0,32065,6800.0,5025,6790.0,17488,6780.0,3045,6840.0,14766,6850.0,26873,6860.0,64,6880.0,1787,6890.0,2365,2025-05-09 19:08:36.163,,2147483647,1580899,False,nan
12540,2028417,1613235456,MERV - XMEV - GGAL - 24hs,6840.0,2025-05-09 19:08:34,266,2025-05-09 19:08:48.819,6820.0,4458,6810.0,32065,6800.0,5025,6790.0,17488,6780.0,4045,6840.0,14766,6850.0,26873,6860.0,64,6880.0,1787,6890.0,2365,2025-05-09 19:08:48.733,,2147483647,1580899,False,nan
12541,2028497,1613235547,MERV - XMEV - GGAL - 24hs,6840.0,2025-05-09 19:08:49,709,2025-05-09 19:08:49.712,6820.0,4458,6810.0,32065,6800.0,5025,6790.0,17488,6780.0,4045,6840.0,14766,6850.0,26873,6860.0,64,6880.0,1787,6890.0,2365,2025-05-09 19:08:49.625,,2147483647,1580899,True,offer
12542,2028557,1613235619,MERV - XMEV - GGAL - 24hs,6840.0,2025-05-09 19:08:49,709,2025-05-09 19:08:50.379,6820.0,4458,6810.0,32065,6800.0,5025,6790.0,17488,6780.0,4045,6840.0,14057,6850.0,26873,6860.0,64,6880.0,1787,6890.0,3362,2025-05-09 19:08:50.288,,2147483647,1580899,False,nan
12543,2028620,1613235697,MERV - XMEV - GGAL - 24hs,6840.0,2025-05-09 19:08:50,94,2025-05-09 19:08:50.874,6820.0,4458,6810.0,32065,6800.0,5025,6790.0,17488,6780.0,4045,6840.0,14057,6850.0,26873,6860.0,64,6880.0,1787,6890.0,3362,2025-05-09 19:08:50.789,,2147483647,1581608,True,offer
12544,2028643,1613235723,MERV - XMEV - GGAL - 24hs,6840.0,2025-05-09 19:08:50,94,2025-05-09 19:08:51.374,6820.0,4458,6810.0,32065,6800.0,5025,6790.0,17141,6780.0,4045,6840.0,15038,6850.0,26873,6860.0,64,6880.0,1787,6890.0,3362,2025-05-09 19:08:51.289,,2147483647,1581702,False,nan
12545,2028939,1613236070,MERV - XMEV - GGAL - 24hs,6840.0,2025-05-09 19:08:54,38,2025-05-09 19:08:55.004,6820.0,4458,6810.0,32065,6800.0,5025,6790.0,17141,6780.0,4045,6840.0,15038,6850.0,26873,6860.0,64,6880.0,1787,6890.0,3362,2025-05-09 19:08:54.918,,2147483647,1581702,True,offer
12546,2028975,1613236116,MERV - XMEV - GGAL - 24hs,6840.0,2025-05-09 19:08:54,627,2025-05-09 19:08:55.514,6820.0,4458,6810.0,32065,6800.0,5025,6790.0,17141,6780.0,4045,6840.0,15038,6850.0,26873,6860.0,64,6880.0,1787,6890.0,3362,2025-05-09 19:08:55.429,,2147483647,1581702,False,nan
12547,2029017,1613236164,MERV - XMEV - GGAL - 24hs,6840.0,2025-05-09 19:08:54,627,2025-05-09 19:08:56.019,6820.0,4458,6810.0,32065,6800.0,5025,6790.0,17141,6780.0,4045,6840.0,14373,6850.0,26873,6860.0,64,6880.0,1787,6890.0,3362,2025-05-09 19:08:55.918,,2147483647,1582367,False,nan
12548,2029478,1613236703,MERV - XMEV - GGAL - 24hs,6840.0,2025-05-09 19:08:54,627,2025-05-09 19:09:00.588,6820.0,5458,6810.0,32065,6800.0,5025,6790.0,17141,6780.0,4045,6840.0,14373,6850.0,26873,6860.0,64,6880.0,1787,6890.0,3362,2025-05-09 19:09:00.503,,2147483647,1582367,False,nan
12549,2029631,1613236898,MERV - XMEV - GGAL - 24hs,6840.0,2025-05-09 19:09:02,601,2025-05-09 19:09:02.517,6820.0,5458,6810.0,32065,6800.0,5025,6790.0,17141,6780.0,4045,6840.0,14373,6850.0,26873,6860.0,64,6880.0,1787,6890.0,3362,2025-05-09 19:09:02.432,,2147483647,1582367,True,offer
12550,2029684,1613236958,MERV - XMEV - GGAL - 24hs,6840.0,2025-05-09 19:09:02,601,2025-05-09 19:09:03.200,6820.0,5458,6810.0,32065,6800.0,5025,6790.0,17141,6780.0,4045,6840.0,15000,6850.0,26873,6860.0,64,6880.0,1787,6890.0,3362,2025-05-09 19:09:03.111,,2147483647,1582367,False,nan
12551,2029798,1613237081,MERV - XMEV - GGAL - 24hs,6840.0,2025-05-09 19:09:02,601,2025-05-09 19:09:03.697,6820.0,5458,6810.0,32065,6800.0,5025,6790.0,17141,6780.0,4045,6840.0,15000,6850.0,26873,6860.0,64,6880.0,1787,6890.0,3362,2025-05-09 19:09:03.611,,2147483647,1582968,False,nan
12552,2030104,1613237458,MERV - XMEV - GGAL - 24hs,6840.0,2025-05-09 19:09:02,601,2025-05-09 19:09:05.448,6820.0,5458,6810.0,32065,6800.0,5025,6790.0,17140,6780.0,4045,6840.0,15000,6850.0,26873,6860.0,64,6880.0,1787,6890.0,3362,2025-05-09 19:09:05.356,,2147483647,1582968,False,nan
12553,2030170,1613237539,MERV - XMEV - GGAL - 24hs,6840.0,2025-05-09 19:09:05,665,2025-05-09 19:09:05.942,6820.0,5458,6810.0,32065,6800.0,5025,6790.0,17140,6780.0,4045,6840.0,15000,6850.0,26873,6860.0,64,6880.0,1787,6890.0,3362,2025-05-09 19:09:05.856,,2147483647,1582968,True,offer
12554,2030247,1613237627,MERV - XMEV - GGAL - 24hs,6840.0,2025-05-09 19:09:05,665,2025-05-09 19:09:06.441,6820.0,5458,6810.0,32065,6800.0,5025,6790.0,17140,6780.0,4045,6840.0,14335,6850.0,26873,6860.0,64,6880.0,1787,6890.0,3362,2025-05-09 19:09:06.357,,2147483647,1583633,False,nan
12555,2030438,1613237864,MERV - XMEV - GGAL - 24hs,6840.0,2025-05-09 19:09:05,665,2025-05-09 19:09:07.886,6820.0,5458,6810.0,32065,6800.0,5025,6790.0,17141,6780.0,4045,6840.0,14335,6850.0,26873,6860.0,64,6880.0,1787,6890.0,3362,2025-05-09 19:09:07.800,,2147483647,1583633,False,nan
12556,2030491,1613237925,MERV - XMEV - GGAL - 24hs,6840.0,2025-05-09 19:09:08,50,2025-05-09 19:09:08.391,6820.0,5458,6810.0,32065,6800.0,5025,6790.0,17141,6780.0,4045,6840.0,14335,6850.0,26873,6860.0,64,6880.0,1787,6890.0,3362,2025-05-09 19:09:08.300,,2147483647,1583633,True,offer
12557,2030544,1613238001,MERV - XMEV - GGAL - 24hs,6840.0,2025-05-09 19:09:08,50,2025-05-09 19:09:08.927,6820.0,5458,6810.0,32065,6800.0,5025,6790.0,17141,6780.0,4045,6840.0,14285,6850.0,26873,6860.0,64,6880.0,1787,6890.0,3362,2025-05-09 19:09:08.836,,2147483647,1583633,False,nan
12558,2030571,1613238035,MERV - XMEV - GGAL - 24hs,6840.0,2025-05-09 19:09:08,50,2025-05-09 19:09:09.427,6820.0,5458,6810.0,32065,6800.0,5025,6790.0,17141,6780.0,4045,6840.0,14285,6850.0,26873,6860.0,64,6880.0,1787,6890.0,3362,2025-05-09 19:09:09.336,,2147483647,1583683,False,nan
12559,2030654,1613238146,MERV - XMEV - GGAL - 24hs,6840.0,2025-05-09 19:09:09,200,2025-05-09 19:09:09.939,6840.0,200,6820.0,5420,6810.0,32065,6800.0,5025,6790.0,16797,6850.0,41158,6860.0,64,6880.0,1787,6890.0,3362,6900.0,11576,2025-05-09 19:09:09.839,,2147483647,1583683,True,offer
12560,2030768,1613238303,MERV - XMEV - GGAL - 24hs,6840.0,2025-05-09 19:09:09,200,2025-05-09 19:09:10.425,6820.0,5519,6810.0,32065,6800.0,5025,6790.0,16794,6780.0,3045,6850.0,41158,6860.0,64,6880.0,1787,6890.0,3362,6900.0,11576,2025-05-09 19:09:10.337,,2147483647,1583883,False,nan
12561,2030849,1613238421,MERV - XMEV - GGAL - 24hs,6820.0,2025-05-09 19:09:11,156,2025-05-09 19:09:11.317,6820.0,5519,6810.0,32065,6800.0,5025,6790.0,16794,6780.0,3045,6850.0,41158,6860.0,64,6880.0,1787,6890.0,3362,6900.0,11576,2025-05-09 19:09:11.232,,2147483647,1583883,True,bid
12562,2030900,1613238484,MERV - XMEV - GGAL - 24hs,6820.0,2025-05-09 19:09:11,1,2025-05-09 19:09:11.817,6820.0,5519,6810.0,32065,6800.0,5025,6790.0,16794,6780.0,3045,6850.0,41158,6860.0,64,6880.0,1787,6890.0,3362,6900.0,11576,2025-05-09 19:09:11.731,,2147483647,1584039,False,nan
12563,2030934,1613238522,MERV - XMEV - GGAL - 24hs,6820.0,2025-05-09 19:09:11,1,2025-05-09 19:09:12.317,6820.0,5286,6810.0,32065,6800.0,5025,6790.0,1886,6780.0,17960,6830.0,3,6850.0,41158,6860.0,64,6880.0,1787,6890.0,3362,2025-05-09 19:09:12.232,,2147483647,1584040,False,nan
12564,2031838,1613239730,MERV - XMEV - GGAL - 24hs,6820.0,2025-05-09 19:09:11,1,2025-05-09 19:09:20.595,6820.0,12336,6810.0,25015,6800.0,5025,6790.0,1886,6780.0,17960,6830.0,3,6850.0,41158,6860.0,64,6880.0,1787,6890.0,3362,2025-05-09 19:09:20.274,,2147483647,1584040,False,nan
12565,2032070,1613240031,MERV - XMEV - GGAL - 24hs,6820.0,2025-05-09 19:09:11,1,2025-05-09 19:09:22.239,6820.0,12336,6810.0,25015,6800.0,5025,6790.0,6886,6780.0,17960,6830.0,3,6850.0,41158,6860.0,64,6880.0,1787,6890.0,3362,2025-05-09 19:09:22.149,,2147483647,1584040,False,nan
12566,2032136,1613240110,MERV - XMEV - GGAL - 24hs,6830.0,2025-05-09 19:09:22,3,2025-05-09 19:09:22.914,6820.0,12336,6810.0,25015,6800.0,5025,6790.0,6886,6780.0,17960,6830.0,3,6850.0,41158,6860.0,64,6880.0,1787,6890.0,3362,2025-05-09 19:09:22.829,,2147483647,1584040,True,offer
12567,2032216,1613240228,MERV - XMEV - GGAL - 24hs,6830.0,2025-05-09 19:09:22,3,2025-05-09 19:09:23.615,6830.0,523,6820.0,12336,6810.0,25015,6800.0,5025,6790.0,6886,6850.0,41158,6860.0,64,6880.0,1787,6890.0,3362,6900.0,11576,2025-05-09 19:09:23.499,,2147483647,1584040,False,nan
12568,2032250,1613240277,MERV - XMEV - GGAL - 24hs,6830.0,2025-05-09 19:09:22,3,2025-05-09 19:09:24.083,6830.0,523,6820.0,12336,6810.0,25015,6800.0,5025,6790.0,6886,6850.0,41158,6860.0,64,6880.0,1787,6890.0,3362,6900.0,11576,2025-05-09 19:09:23.998,,2147483647,1584043,False,nan
12569,2032314,1613240353,MERV - XMEV - GGAL - 24hs,6850.0,2025-05-09 19:09:24,14,2025-05-09 19:09:24.661,6830.0,523,6820.0,12336,6810.0,25015,6800.0,5025,6790.0,6886,6850.0,41158,6860.0,64,6880.0,1787,6890.0,3362,6900.0,11576,2025-05-09 19:09:24.576,,2147483647,1584043,True,offer
12570,2032396,1613240453,MERV - XMEV - GGAL - 24hs,6850.0,2025-05-09 19:09:24,14,2025-05-09 19:09:25.356,6830.0,523,6820.0,12336,6810.0,25015,6800.0,5025,6790.0,6886,6850.0,41144,6860.0,64,6880.0,1787,6890.0,3362,6900.0,11576,2025-05-09 19:09:25.257,,2147483647,1584043,False,nan
12571,2032465,1613240546,MERV - XMEV - GGAL - 24hs,6850.0,2025-05-09 19:09:24,14,2025-05-09 19:09:25.847,6830.0,523,6820.0,12336,6810.0,25015,6800.0,5025,6790.0,6886,6850.0,41144,6860.0,64,6880.0,1787,6890.0,3362,6900.0,11576,2025-05-09 19:09:25.758,,2147483647,1584057,False,nan
12572,2032586,1613240699,MERV - XMEV - GGAL - 24hs,6850.0,2025-05-09 19:09:24,14,2025-05-09 19:09:27.099,6830.0,447,6820.0,12336,6810.0,25015,6800.0,5025,6790.0,6893,6840.0,14285,6850.0,26859,6860.0,64,6880.0,1787,6890.0,3362,2025-05-09 19:09:27.014,,2147483647,1584057,False,nan
12573,2032785,1613240986,MERV - XMEV - GGAL - 24hs,6830.0,2025-05-09 19:09:29,447,2025-05-09 19:09:29.375,6830.0,447,6820.0,12336,6810.0,25015,6800.0,5025,6790.0,6893,6840.0,14285,6850.0,26859,6860.0,64,6880.0,1787,6890.0,3362,2025-05-09 19:09:29.289,,2147483647,1584057,True,bid
12574,2032820,1613241027,MERV - XMEV - GGAL - 24hs,6830.0,2025-05-09 19:09:29,447,2025-05-09 19:09:30.038,6820.0,12336,6810.0,25015,6800.0,5025,6790.0,6893,6780.0,17328,6830.0,1553,6840.0,14285,6850.0,26859,6860.0,64,6880.0,1787,2025-05-09 19:09:29.953,,2147483647,1584057,False,nan
12575,2032863,1613241080,MERV - XMEV - GGAL - 24hs,6830.0,2025-05-09 19:09:30,37,2025-05-09 19:09:30.538,6820.0,12336,6810.0,25015,6800.0,5025,6790.0,6893,6780.0,17328,6830.0,1553,6840.0,14285,6850.0,26859,6860.0,64,6880.0,1787,2025-05-09 19:09:30.454,,2147483647,1584504,True,offer
12576,2032915,1613241140,MERV - XMEV - GGAL - 24hs,6830.0,2025-05-09 19:09:30,37,2025-05-09 19:09:31.094,6820.0,12336,6810.0,25015,6800.0,5025,6790.0,6893,6780.0,17328,6830.0,1516,6840.0,14285,6850.0,26859,6860.0,64,6880.0,1787,2025-05-09 19:09:30.999,,2147483647,1584504,False,nan
12577,2032978,1613241221,MERV - XMEV - GGAL - 24hs,6830.0,2025-05-09 19:09:30,37,2025-05-09 19:09:31.586,6820.0,12336,6810.0,25015,6800.0,5025,6790.0,6893,6780.0,17328,6830.0,1516,6840.0,14285,6850.0,26859,6860.0,64,6880.0,1787,2025-05-09 19:09:31.500,,2147483647,1584541,False,nan
12578,2033521,1613241947,MERV - XMEV - GGAL - 24hs,6830.0,2025-05-09 19:09:30,37,2025-05-09 19:09:34.863,6820.0,12336,6810.0,25015,6800.0,5025,6790.0,21801,6780.0,3420,6830.0,1516,6850.0,26477,6860.0,14731,6880.0,1787,6890.0,3362,2025-05-09 19:09:34.765,,2147483647,1584541,False,nan
12579,2033664,1613242133,MERV - XMEV - GGAL - 24hs,6830.0,2025-05-09 19:09:30,37,2025-05-09 19:09:35.563,6820.0,12336,6810.0,25015,6800.0,5025,6790.0,25963,6780.0,3420,6830.0,1576,6850.0,26477,6860.0,14731,6880.0,1787,6890.0,3362,2025-05-09 19:09:35.477,,2147483647,1584541,False,nan
12580,2033791,1613242301,MERV - XMEV - GGAL - 24hs,6830.0,2025-05-09 19:09:30,37,2025-05-09 19:09:36.999,6820.0,12336,6810.0,25015,6800.0,5025,6790.0,25963,6780.0,3420,6830.0,1576,6840.0,25,6850.0,26477,6860.0,14731,6880.0,1787,2025-05-09 19:09:36.908,,2147483647,1584541,False,nan
12581,2033919,1613242467,MERV - XMEV - GGAL - 24hs,6830.0,2025-05-09 19:09:30,37,2025-05-09 19:09:38.611,6820.0,12336,6810.0,25015,6800.0,5025,6790.0,25963,6780.0,3420,6830.0,1576,6840.0,25,6850.0,24477,6860.0,16731,6880.0,1787,2025-05-09 19:09:38.459,,2147483647,1584541,False,nan
12582,2034069,1613242686,MERV - XMEV - GGAL - 24hs,6830.0,2025-05-09 19:09:40,1516,2025-05-09 19:09:40.650,6820.0,12336,6810.0,25015,6800.0,5025,6790.0,25963,6780.0,3420,6830.0,1576,6840.0,25,6850.0,24477,6860.0,16731,6880.0,1787,2025-05-09 19:09:40.558,,2147483647,1584541,True,offer
12583,2034116,1613242747,MERV - XMEV - GGAL - 24hs,6830.0,2025-05-09 19:09:40,60,2025-05-09 19:09:41.148,6820.0,12336,6810.0,25015,6800.0,5025,6790.0,25963,6780.0,3420,6840.0,25,6850.0,24477,6860.0,16731,6880.0,1787,6890.0,3362,2025-05-09 19:09:41.058,,2147483647,1584541,False,nan
12584,2034169,1613242854,MERV - XMEV - GGAL - 24hs,6830.0,2025-05-09 19:09:40,60,2025-05-09 19:09:41.672,6820.0,12336,6810.0,25015,6800.0,5025,6790.0,25963,6780.0,3420,6840.0,25,6850.0,24477,6860.0,16731,6880.0,1787,6890.0,3362,2025-05-09 19:09:41.559,,2147483647,1586117,False,nan
12585,2034222,1613242937,MERV - XMEV - GGAL - 24hs,6830.0,2025-05-09 19:09:40,60,2025-05-09 19:09:42.144,6820.0,12412,6810.0,26400,6800.0,5025,6790.0,21767,6780.0,3420,6840.0,25,6850.0,24477,6860.0,16731,6880.0,1787,6890.0,3362,2025-05-09 19:09:42.058,,2147483647,1586117,False,nan
12586,2034514,1613243332,MERV - XMEV - GGAL - 24hs,6830.0,2025-05-09 19:09:40,60,2025-05-09 19:09:44.900,6820.0,12412,6810.0,27440,6800.0,5025,6790.0,21767,6780.0,3420,6840.0,25,6850.0,24477,6860.0,16731,6880.0,1787,6890.0,3362,2025-05-09 19:09:44.783,,2147483647,1586117,False,nan
12587,2034651,1613243521,MERV - XMEV - GGAL - 24hs,6830.0,2025-05-09 19:09:40,60,2025-05-09 19:09:45.705,6820.0,12412,6810.0,27787,6800.0,5025,6790.0,21767,6780.0,3420,6840.0,25,6850.0,24477,6860.0,16731,6880.0,1787,6890.0,3362,2025-05-09 19:09:45.619,,2147483647,1586117,False,nan
12588,2035092,1613244119,MERV - XMEV - GGAL - 24hs,6830.0,2025-05-09 19:09:40,60,2025-05-09 19:09:48.588,6820.0,12412,6810.0,28480,6800.0,5025,6790.0,21767,6780.0,3420,6840.0,25,6850.0,24477,6860.0,16731,6880.0,1787,6890.0,3362,2025-05-09 19:09:48.491,,2147483647,1586117,False,nan
12589,2035515,1613244635,MERV - XMEV - GGAL - 24hs,6830.0,2025-05-09 19:09:40,60,2025-05-09 19:09:51.112,6820.0,12412,6810.0,28480,6800.0,5025,6790.0,21767,6780.0,3420,6840.0,25,6850.0,10192,6860.0,31016,6880.0,3363,6890.0,3362,2025-05-09 19:09:50.865,,2147483647,1586117,False,nan
12590,2035812,1613244985,MERV - XMEV - GGAL - 24hs,6830.0,2025-05-09 19:09:40,60,2025-05-09 19:09:53.236,6820.0,12412,6810.0,28134,6800.0,5025,6790.0,21767,6780.0,3420,6840.0,25,6850.0,10192,6860.0,31016,6880.0,3363,6890.0,3362,2025-05-09 19:09:53.140,,2147483647,1586117,False,nan
12591,2035965,1613245192,MERV - XMEV - GGAL - 24hs,6830.0,2025-05-09 19:09:40,60,2025-05-09 19:09:54.296,6820.0,12412,6810.0,27787,6800.0,5025,6790.0,21767,6780.0,3420,6840.0,25,6850.0,10192,6860.0,31016,6880.0,3363,6890.0,3362,2025-05-09 19:09:54.209,,2147483647,1586117,False,nan
12592,2036114,1613245384,MERV - XMEV - GGAL - 24hs,6830.0,2025-05-09 19:09:40,60,2025-05-09 19:09:55.059,6820.0,12412,6810.0,27787,6800.0,19933,6790.0,7859,6780.0,2420,6840.0,25,6850.0,10192,6860.0,31016,6880.0,3363,6890.0,3362,2025-05-09 19:09:54.967,,2147483647,1586117,False,nan
12593,2036219,1613245500,MERV - XMEV - GGAL - 24hs,6830.0,2025-05-09 19:09:40,60,2025-05-09 19:09:56.239,6820.0,12562,6810.0,27787,6800.0,19933,6790.0,7859,6780.0,2420,6840.0,25,6850.0,10192,6860.0,31016,6880.0,3363,6890.0,3362,2025-05-09 19:09:55.987,,2147483647,1586117,False,nan
12594,2036285,1613245608,MERV - XMEV - GGAL - 24hs,6840.0,2025-05-09 19:09:56,5,2025-05-09 19:09:56.563,6820.0,12562,6810.0,27787,6800.0,19933,6790.0,7859,6780.0,2420,6840.0,25,6850.0,10192,6860.0,31016,6880.0,3363,6890.0,3362,2025-05-09 19:09:56.406,,2147483647,1586117,True,offer
12595,2036347,1613245710,MERV - XMEV - GGAL - 24hs,6840.0,2025-05-09 19:09:56,5,2025-05-09 19:09:57.146,6820.0,12562,6810.0,27787,6800.0,22933,6790.0,7859,6780.0,2420,6840.0,20,6850.0,10192,6860.0,31016,6880.0,3363,6890.0,3362,2025-05-09 19:09:57.057,,2147483647,1586117,False,nan
12596,2036396,1613245771,MERV - XMEV - GGAL - 24hs,6840.0,2025-05-09 19:09:56,5,2025-05-09 19:09:57.646,6820.0,12562,6810.0,27787,6800.0,22933,6790.0,7859,6780.0,2420,6840.0,20,6850.0,10192,6860.0,31016,6880.0,3363,6890.0,3362,2025-05-09 19:09:57.558,,2147483647,1586122,False,nan
12597,2036543,1613245937,MERV - XMEV - GGAL - 24hs,6840.0,2025-05-09 19:09:56,5,2025-05-09 19:09:58.280,6820.0,12562,6810.0,25707,6800.0,22933,6790.0,7859,6780.0,2420,6840.0,20,6850.0,19859,6860.0,21349,6880.0,3363,6890.0,3362,2025-05-09 19:09:58.059,,2147483647,1586122,False,nan
12598,2036794,1613246257,MERV - XMEV - GGAL - 24hs,6840.0,2025-05-09 19:09:56,5,2025-05-09 19:09:59.608,6820.0,14008,6810.0,25015,6800.0,22933,6790.0,7859,6780.0,2420,6840.0,9687,6850.0,10192,6860.0,21349,6880.0,3363,6890.0,3362,2025-05-09 19:09:59.493,,2147483647,1586122,False,nan
12599,2037095,1613246669,MERV - XMEV - GGAL - 24hs,6840.0,2025-05-09 19:09:56,5,2025-05-09 19:10:01.792,6820.0,13088,6810.0,25015,6800.0,22933,6790.0,7859,6780.0,2420,6840.0,9687,6850.0,10192,6860.0,21349,6880.0,3363,6890.0,3362,2025-05-09 19:10:01.706,,2147483647,1586122,False,nan
12600,2037249,1613246863,MERV - XMEV - GGAL - 24hs,6840.0,2025-05-09 19:09:56,5,2025-05-09 19:10:03.350,6820.0,13062,6810.0,25388,6800.0,22933,6790.0,7859,6780.0,2420,6840.0,9687,6850.0,10192,6860.0,21349,6880.0,3363,6890.0,3362,2025-05-09 19:10:03.260,,2147483647,1586122,False,nan
12601,2037332,1613246972,MERV - XMEV - GGAL - 24hs,6840.0,2025-05-09 19:09:56,5,2025-05-09 19:10:04.090,6820.0,13092,6810.0,25388,6800.0,22933,6790.0,7859,6780.0,2420,6840.0,9687,6850.0,10192,6860.0,21349,6880.0,3363,6890.0,3462,2025-05-09 19:10:04.005,,2147483647,1586122,False,nan
12602,2037830,1613247586,MERV - XMEV - GGAL - 24hs,6840.0,2025-05-09 19:09:56,5,2025-05-09 19:10:07.483,6820.0,13092,6810.0,25041,6800.0,22933,6790.0,7859,6780.0,2420,6840.0,9687,6850.0,10192,6860.0,21349,6880.0,3363,6890.0,3462,2025-05-09 19:10:06.740,,2147483647,1586122,False,nan
12603,2037902,1613247672,MERV - XMEV - GGAL - 24hs,6840.0,2025-05-09 19:09:56,5,2025-05-09 19:10:07.793,6820.0,13092,6810.0,25041,6800.0,22933,6790.0,7859,6780.0,2420,6840.0,20,6850.0,19859,6860.0,19349,6870.0,2000,6880.0,3363,2025-05-09 19:10:07.708,,2147483647,1586122,False,nan
12604,2037979,1613247774,MERV - XMEV - GGAL - 24hs,6840.0,2025-05-09 19:09:56,5,2025-05-09 19:10:08.840,6820.0,13092,6810.0,25041,6800.0,22933,6790.0,7859,6780.0,2420,6840.0,9687,6850.0,10192,6860.0,21349,6880.0,3363,6890.0,3462,2025-05-09 19:10:08.749,,2147483647,1586122,False,nan
12605,2038108,1613247934,MERV - XMEV - GGAL - 24hs,6840.0,2025-05-09 19:09:56,5,2025-05-09 19:10:10.587,6820.0,13092,6810.0,25041,6800.0,22933,6790.0,7859,6780.0,2420,6840.0,20,6850.0,19859,6860.0,19349,6870.0,2000,6880.0,3363,2025-05-09 19:10:10.500,,2147483647,1586122,False,nan
12606,2038501,1613248413,MERV - XMEV - GGAL - 24hs,6840.0,2025-05-09 19:09:56,5,2025-05-09 19:10:13.460,6820.0,13238,6810.0,39949,6800.0,8025,6790.0,7859,6780.0,2420,6840.0,20,6850.0,19859,6860.0,16349,6870.0,5000,6880.0,3363,2025-05-09 19:10:13.358,,2147483647,1586122,False,nan
12607,2038611,1613248563,MERV - XMEV - GGAL - 24hs,6840.0,2025-05-09 19:09:56,5,2025-05-09 19:10:14.347,6830.0,500,6820.0,13162,6810.0,39949,6800.0,8025,6790.0,7866,6840.0,20,6850.0,19859,6860.0,16349,6870.0,5000,6880.0,3363,2025-05-09 19:10:14.261,,2147483647,1586122,False,nan
12608,2039095,1613249151,MERV - XMEV - GGAL - 24hs,6840.0,2025-05-09 19:09:56,5,2025-05-09 19:10:18.423,6830.0,3500,6820.0,13162,6810.0,39949,6800.0,8025,6790.0,7866,6840.0,20,6850.0,19859,6860.0,16349,6870.0,5000,6880.0,3363,2025-05-09 19:10:18.334,,2147483647,1586122,False,nan
12609,2039203,1613249298,MERV - XMEV - GGAL - 24hs,6840.0,2025-05-09 19:09:56,5,2025-05-09 19:10:19.434,6830.0,3000,6820.0,13162,6810.0,39979,6800.0,8025,6790.0,7866,6840.0,20,6850.0,19859,6860.0,16349,6870.0,5000,6880.0,3363,2025-05-09 19:10:19.284,,2147483647,1586122,False,nan
12610,2039257,1613249371,MERV - XMEV - GGAL - 24hs,6840.0,2025-05-09 19:10:19,20,2025-05-09 19:10:19.925,6830.0,3000,6820.0,13162,6810.0,39979,6800.0,8025,6790.0,7866,6840.0,20,6850.0,19859,6860.0,16349,6870.0,5000,6880.0,3363,2025-05-09 19:10:19.838,,2147483647,1586122,True,offer
12611,2039407,1613249549,MERV - XMEV - GGAL - 24hs,6840.0,2025-05-09 19:10:19,20,2025-05-09 19:10:20.519,6830.0,3576,6820.0,13162,6810.0,39979,6800.0,8025,6790.0,7859,6850.0,19859,6860.0,21349,6880.0,3363,6890.0,3462,6900.0,11576,2025-05-09 19:10:20.338,,2147483647,1586122,False,nan
12612,2039465,1613249618,MERV - XMEV - GGAL - 24hs,6840.0,2025-05-09 19:10:19,20,2025-05-09 19:10:20.923,6830.0,3576,6820.0,13162,6810.0,39979,6800.0,8025,6790.0,7859,6850.0,19859,6860.0,21349,6880.0,3363,6890.0,3462,6900.0,11576,2025-05-09 19:10:20.838,,2147483647,1586142,False,nan
12613,2039486,1613249641,MERV - XMEV - GGAL - 24hs,6840.0,2025-05-09 19:10:19,20,2025-05-09 19:10:21.423,6830.0,3576,6820.0,13162,6810.0,39979,6800.0,8025,6790.0,7859,6850.0,19859,6860.0,2064,6870.0,19285,6880.0,3363,6890.0,3462,2025-05-09 19:10:21.338,,2147483647,1586142,False,nan
12614,2039705,1613249898,MERV - XMEV - GGAL - 24hs,6840.0,2025-05-09 19:10:19,20,2025-05-09 19:10:23.843,6830.0,3596,6820.0,13162,6810.0,39979,6800.0,8025,6790.0,7859,6850.0,19859,6860.0,7064,6870.0,14285,6880.0,3363,6890.0,3462,2025-05-09 19:10:23.752,,2147483647,1586142,False,nan
12615,2039752,1613249954,MERV - XMEV - GGAL - 24hs,6840.0,2025-05-09 19:10:19,20,2025-05-09 19:10:24.537,6830.0,3596,6820.0,13162,6810.0,25071,6800.0,22933,6790.0,6859,6850.0,19859,6860.0,21349,6880.0,3363,6890.0,3462,6900.0,11576,2025-05-09 19:10:24.451,,2147483647,1586142,False,nan
12616,2040285,1613250618,MERV - XMEV - GGAL - 24hs,6840.0,2025-05-09 19:10:19,20,2025-05-09 19:10:30.508,6830.0,3610,6820.0,13162,6810.0,25131,6800.0,22933,6790.0,6859,6850.0,19859,6860.0,21349,6880.0,3363,6890.0,3462,6900.0,11576,2025-05-09 19:10:30.423,,2147483647,1586142,False,nan
12617,2040341,1613250683,MERV - XMEV - GGAL - 24hs,6840.0,2025-05-09 19:10:19,20,2025-05-09 19:10:31.382,6830.0,3610,6820.0,13162,6810.0,25131,6800.0,22933,6790.0,6859,6850.0,19859,6860.0,21349,6880.0,3383,6890.0,3462,6900.0,11576,2025-05-09 19:10:31.290,,2147483647,1586142,False,nan
12618,2040438,1613250813,MERV - XMEV - GGAL - 24hs,6840.0,2025-05-09 19:10:19,20,2025-05-09 19:10:32.168,6830.0,3610,6820.0,13162,6810.0,25110,6800.0,22933,6790.0,6859,6850.0,19859,6860.0,16349,6870.0,5000,6880.0,3383,6890.0,3462,2025-05-09 19:10:32.033,,2147483647,1586142,False,nan
12619,2040498,1613250905,MERV - XMEV - GGAL - 24hs,6840.0,2025-05-09 19:10:19,20,2025-05-09 19:10:32.839,6830.0,3610,6820.0,13162,6810.0,25110,6800.0,22933,6790.0,6859,6850.0,19859,6860.0,7064,6870.0,14285,6880.0,3383,6890.0,3462,2025-05-09 19:10:32.744,,2147483647,1586142,False,nan
12620,2040582,1613251036,MERV - XMEV - GGAL - 24hs,6850.0,2025-05-09 19:10:34,15,2025-05-09 19:10:34.340,6830.0,3610,6820.0,13162,6810.0,25110,6800.0,22933,6790.0,6859,6850.0,19859,6860.0,7064,6870.0,14285,6880.0,3383,6890.0,3462,2025-05-09 19:10:34.252,,2147483647,1586142,True,offer
12621,2040616,1613251087,MERV - XMEV - GGAL - 24hs,6850.0,2025-05-09 19:10:34,15,2025-05-09 19:10:35.000,6830.0,3610,6820.0,13162,6810.0,25110,6800.0,22933,6790.0,6859,6850.0,19844,6860.0,7064,6870.0,14285,6880.0,3383,6890.0,3462,2025-05-09 19:10:34.915,,2147483647,1586142,False,nan
12622,2040647,1613251130,MERV - XMEV - GGAL - 24hs,6850.0,2025-05-09 19:10:34,15,2025-05-09 19:10:35.501,6830.0,3610,6820.0,13162,6810.0,25110,6800.0,22933,6790.0,6859,6850.0,19844,6860.0,7064,6870.0,14285,6880.0,3383,6890.0,3462,2025-05-09 19:10:35.416,,2147483647,1586157,False,nan
12623,2040747,1613251252,MERV - XMEV - GGAL - 24hs,6850.0,2025-05-09 19:10:34,15,2025-05-09 19:10:36.762,6830.0,7473,6820.0,9299,6810.0,25110,6800.0,22933,6790.0,6859,6850.0,19844,6860.0,7064,6870.0,14285,6880.0,3383,6890.0,3462,2025-05-09 19:10:36.676,,2147483647,1586157,False,nan
12624,2040909,1613251446,MERV - XMEV - GGAL - 24hs,6850.0,2025-05-09 19:10:34,15,2025-05-09 19:10:37.939,6840.0,6,6830.0,7397,6820.0,9299,6810.0,25110,6800.0,22940,6850.0,19844,6860.0,21349,6880.0,3383,6890.0,3462,6900.0,11576,2025-05-09 19:10:37.823,,2147483647,1586157,False,nan
12625,2041418,1613252127,MERV - XMEV - GGAL - 24hs,6850.0,2025-05-09 19:10:43,1,2025-05-09 19:10:43.882,6840.0,6,6830.0,7397,6820.0,9299,6810.0,25110,6800.0,22940,6850.0,19844,6860.0,21349,6880.0,3383,6890.0,3462,6900.0,11576,2025-05-09 19:10:43.797,,2147483647,1586157,True,offer
12626,2041458,1613252187,MERV - XMEV - GGAL - 24hs,6850.0,2025-05-09 19:10:43,1,2025-05-09 19:10:44.550,6840.0,6,6830.0,7397,6820.0,9299,6810.0,25110,6800.0,22940,6850.0,19843,6860.0,21349,6880.0,3383,6890.0,3462,6900.0,11576,2025-05-09 19:10:44.463,,2147483647,1586157,False,nan
12627,2041504,1613252251,MERV - XMEV - GGAL - 24hs,6850.0,2025-05-09 19:10:43,1,2025-05-09 19:10:45.049,6840.0,6,6830.0,7397,6820.0,9299,6810.0,25110,6800.0,22940,6850.0,19843,6860.0,21349,6880.0,3383,6890.0,3462,6900.0,11576,2025-05-09 19:10:44.963,,2147483647,1586158,False,nan
12628,2041551,1613252310,MERV - XMEV - GGAL - 24hs,6850.0,2025-05-09 19:10:43,1,2025-05-09 19:10:45.549,6840.0,9,6830.0,7397,6820.0,9299,6810.0,40018,6800.0,8032,6850.0,19843,6860.0,21349,6880.0,3383,6890.0,3462,6900.0,11576,2025-05-09 19:10:45.464,,2147483647,1586158,False,nan
12629,2041584,1613252362,MERV - XMEV - GGAL - 24hs,6850.0,2025-05-09 19:10:43,1,2025-05-09 19:10:46.048,6840.0,9,6830.0,7397,6820.0,9299,6810.0,40013,6800.0,8724,6850.0,19843,6860.0,21349,6880.0,3383,6890.0,3462,6900.0,11576,2025-05-09 19:10:45.963,,2147483647,1586158,False,nan
12630,2041622,1613252422,MERV - XMEV - GGAL - 24hs,6840.0,2025-05-09 19:10:46,6,2025-05-09 19:10:46.779,6840.0,9,6830.0,7397,6820.0,9299,6810.0,40013,6800.0,8724,6850.0,19843,6860.0,21349,6880.0,3383,6890.0,3462,6900.0,11576,2025-05-09 19:10:46.694,,2147483647,1586158,True,bid
12631,2041677,1613252495,MERV - XMEV - GGAL - 24hs,6830.0,2025-05-09 19:10:46,591,2025-05-09 19:10:47.279,6840.0,9,6830.0,7397,6820.0,9299,6810.0,40013,6800.0,8724,6850.0,19843,6860.0,21349,6880.0,3383,6890.0,3462,6900.0,11576,2025-05-09 19:10:47.194,,2147483647,1586158,False,nan
12632,2041749,1613252579,MERV - XMEV - GGAL - 24hs,6830.0,2025-05-09 19:10:46,591,2025-05-09 19:10:47.786,6830.0,6882,6820.0,9299,6810.0,40013,6800.0,8717,6790.0,7859,6850.0,19843,6860.0,21349,6880.0,3383,6890.0,3462,6900.0,11576,2025-05-09 19:10:47.697,,2147483647,1586758,False,nan
12633,2042064,1613253014,MERV - XMEV - GGAL - 24hs,6830.0,2025-05-09 19:10:46,591,2025-05-09 19:10:51.442,6830.0,6882,6820.0,12299,6810.0,40013,6800.0,8717,6790.0,7859,6850.0,19843,6860.0,21349,6880.0,3383,6890.0,3462,6900.0,11576,2025-05-09 19:10:51.357,,2147483647,1586758,False,nan
12634,2042110,1613253074,MERV - XMEV - GGAL - 24hs,6850.0,2025-05-09 19:10:51,60,2025-05-09 19:10:51.945,6830.0,6882,6820.0,12299,6810.0,40013,6800.0,8717,6790.0,7859,6850.0,19843,6860.0,21349,6880.0,3383,6890.0,3462,6900.0,11576,2025-05-09 19:10:51.858,,2147483647,1586758,True,offer
12635,2042152,1613253123,MERV - XMEV - GGAL - 24hs,6850.0,2025-05-09 19:10:51,60,2025-05-09 19:10:52.545,6830.0,6882,6820.0,12299,6810.0,40013,6800.0,8717,6790.0,7859,6850.0,19783,6860.0,21349,6880.0,3383,6890.0,3462,6900.0,11576,2025-05-09 19:10:52.460,,2147483647,1586758,False,nan
12636,2042215,1613253217,MERV - XMEV - GGAL - 24hs,6850.0,2025-05-09 19:10:51,60,2025-05-09 19:10:53.047,6830.0,6882,6820.0,12299,6810.0,40013,6800.0,8717,6790.0,7859,6850.0,19783,6860.0,21349,6880.0,3383,6890.0,3462,6900.0,11576,2025-05-09 19:10:52.960,,2147483647,1586818,False,nan
12637,2042269,1613253293,MERV - XMEV - GGAL - 24hs,6850.0,2025-05-09 19:10:51,60,2025-05-09 19:10:53.639,6830.0,6882,6820.0,12299,6810.0,40013,6800.0,8717,6790.0,7859,6850.0,19783,6860.0,7064,6870.0,14285,6880.0,3383,6890.0,3462,2025-05-09 19:10:53.545,,2147483647,1586818,False,nan
12638,2042332,1613253404,MERV - XMEV - GGAL - 24hs,6850.0,2025-05-09 19:10:51,60,2025-05-09 19:10:54.420,6830.0,7882,6820.0,12299,6810.0,40013,6800.0,9064,6790.0,6859,6850.0,19783,6860.0,7064,6870.0,14285,6880.0,3383,6890.0,3462,2025-05-09 19:10:54.334,,2147483647,1586818,False,nan
12639,2042396,1613253489,MERV - XMEV - GGAL - 24hs,6850.0,2025-05-09 19:10:51,60,2025-05-09 19:10:55.144,6830.0,7882,6820.0,12299,6810.0,25105,6800.0,8717,6790.0,21767,6850.0,19783,6860.0,7064,6870.0,14285,6880.0,3383,6890.0,3462,2025-05-09 19:10:55.057,,2147483647,1586818,False,nan
12640,2042769,1613254010,MERV - XMEV - GGAL - 24hs,6850.0,2025-05-09 19:10:51,60,2025-05-09 19:10:59.451,6830.0,7882,6820.0,12299,6810.0,25105,6800.0,8370,6790.0,21767,6850.0,19783,6860.0,7064,6870.0,14285,6880.0,3383,6890.0,3462,2025-05-09 19:10:59.337,,2147483647,1586818,False,nan
12641,2043120,1613254495,MERV - XMEV - GGAL - 24hs,6850.0,2025-05-09 19:10:51,60,2025-05-09 19:11:03.620,6830.0,6882,6820.0,12299,6810.0,25105,6800.0,8370,6790.0,21767,6850.0,19783,6860.0,7064,6870.0,14285,6880.0,3383,6890.0,3462,2025-05-09 19:11:03.526,,2147483647,1586818,False,nan
12642,2043218,1613254621,MERV - XMEV - GGAL - 24hs,6850.0,2025-05-09 19:10:51,60,2025-05-09 19:11:05.194,6830.0,6882,6820.0,12299,6810.0,25105,6800.0,8370,6790.0,6859,6850.0,19783,6860.0,21349,6880.0,3383,6890.0,3462,6900.0,11576,2025-05-09 19:11:05.102,,2147483647,1586818,False,nan
12643,2043299,1613254723,MERV - XMEV - GGAL - 24hs,6850.0,2025-05-09 19:10:51,60,2025-05-09 19:11:05.980,6830.0,6882,6820.0,13299,6810.0,25105,6800.0,8025,6790.0,6886,6850.0,19783,6860.0,21349,6880.0,3383,6890.0,3462,6900.0,11576,2025-05-09 19:11:05.873,,2147483647,1586818,False,nan
12644,2043716,1613255274,MERV - XMEV - GGAL - 24hs,6850.0,2025-05-09 19:11:10,1,2025-05-09 19:11:10.418,6830.0,6882,6820.0,13299,6810.0,25105,6800.0,8025,6790.0,6886,6850.0,19783,6860.0,21349,6880.0,3383,6890.0,3462,6900.0,11576,2025-05-09 19:11:10.292,,2147483647,1586818,True,offer
12645,2044044,1613255683,MERV - XMEV - GGAL - 24hs,6850.0,2025-05-09 19:11:10,1,2025-05-09 19:11:11.918,6830.0,6882,6820.0,13299,6810.0,25105,6800.0,8025,6790.0,6886,6850.0,19783,6860.0,21349,6880.0,3383,6890.0,3462,6900.0,11576,2025-05-09 19:11:11.816,,2147483647,1586819,False,nan
12646,2044161,1613255841,MERV - XMEV - GGAL - 24hs,6850.0,2025-05-09 19:11:10,1,2025-05-09 19:11:12.407,6830.0,6882,6820.0,13299,6810.0,25105,6800.0,8025,6790.0,6886,6850.0,19782,6860.0,21349,6880.0,3383,6890.0,3462,6900.0,11576,2025-05-09 19:11:12.316,,2147483647,1586819,False,nan
12647,2044311,1613256032,MERV - XMEV - GGAL - 24hs,6850.0,2025-05-09 19:11:10,1,2025-05-09 19:11:13.750,6830.0,6882,6820.0,13299,6810.0,25105,6800.0,8025,6790.0,6886,6850.0,19782,6860.0,21349,6880.0,3383,6890.0,3476,6900.0,11576,2025-05-09 19:11:13.657,,2147483647,1586819,False,nan
12648,2045222,1613257334,MERV - XMEV - GGAL - 24hs,6850.0,2025-05-09 19:11:24,5,2025-05-09 19:11:24.167,6830.0,6882,6820.0,13299,6810.0,25105,6800.0,8025,6790.0,6886,6850.0,19782,6860.0,21349,6880.0,3383,6890.0,3476,6900.0,11576,2025-05-09 19:11:24.082,,2147483647,1586819,True,offer
12649,2045269,1613257407,MERV - XMEV - GGAL - 24hs,6830.0,2025-05-09 19:11:24,6,2025-05-09 19:11:24.675,6830.0,6882,6820.0,13299,6810.0,25105,6800.0,8025,6790.0,6886,6850.0,19782,6860.0,21349,6880.0,3383,6890.0,3476,6900.0,11576,2025-05-09 19:11:24.585,,2147483647,1586824,False,nan
12650,2045308,1613257466,MERV - XMEV - GGAL - 24hs,6830.0,2025-05-09 19:11:24,6,2025-05-09 19:11:25.175,6830.0,6876,6820.0,13299,6810.0,25105,6800.0,8025,6790.0,6886,6850.0,19777,6860.0,21349,6880.0,3383,6890.0,3476,6900.0,11576,2025-05-09 19:11:25.084,,2147483647,1586830,False,nan
12651,2045346,1613257519,MERV - XMEV - GGAL - 24hs,6850.0,2025-05-09 19:11:25,4,2025-05-09 19:11:25.671,6830.0,6876,6820.0,13299,6810.0,25105,6800.0,8025,6790.0,6886,6850.0,19777,6860.0,21349,6880.0,3383,6890.0,3476,6900.0,11576,2025-05-09 19:11:25.584,,2147483647,1586830,True,offer
12652,2045400,1613257608,MERV - XMEV - GGAL - 24hs,6850.0,2025-05-09 19:11:25,4,2025-05-09 19:11:26.182,6830.0,6876,6820.0,13299,6810.0,25105,6800.0,8025,6790.0,21794,6850.0,19773,6860.0,21349,6880.0,3383,6890.0,3476,6900.0,11576,2025-05-09 19:11:26.089,,2147483647,1586834,False,nan
12653,2045979,1613258393,MERV - XMEV - GGAL - 24hs,6850.0,2025-05-09 19:11:25,4,2025-05-09 19:11:33.507,6840.0,6513,6830.0,6800,6820.0,13299,6810.0,19755,6800.0,8032,6850.0,19773,6860.0,21349,6880.0,3383,6890.0,3476,6900.0,11576,2025-05-09 19:11:33.421,,2147483647,1586834,False,nan
12654,2046261,1613258742,MERV - XMEV - GGAL - 24hs,6850.0,2025-05-09 19:11:25,4,2025-05-09 19:11:36.282,6840.0,6513,6830.0,6830,6820.0,13299,6810.0,19755,6800.0,8032,6850.0,19773,6860.0,21349,6880.0,3383,6890.0,3476,6900.0,11576,2025-05-09 19:11:36.196,,2147483647,1586834,False,nan
12655,2046289,1613258775,MERV - XMEV - GGAL - 24hs,6840.0,2025-05-09 19:11:36,900,2025-05-09 19:11:36.775,6840.0,6513,6830.0,6830,6820.0,13299,6810.0,19755,6800.0,8032,6850.0,19773,6860.0,21349,6880.0,3383,6890.0,3476,6900.0,11576,2025-05-09 19:11:36.690,,2147483647,1586834,True,bid
12656,2046336,1613258833,MERV - XMEV - GGAL - 24hs,6840.0,2025-05-09 19:11:36,900,2025-05-09 19:11:37.276,6840.0,5613,6830.0,6830,6820.0,13299,6810.0,19755,6800.0,8032,6850.0,19773,6860.0,21349,6880.0,3383,6890.0,3476,6900.0,11576,2025-05-09 19:11:37.190,,2147483647,1587734,False,nan
12657,2046500,1613259047,MERV - XMEV - GGAL - 24hs,6840.0,2025-05-09 19:11:39,25,2025-05-09 19:11:39.592,6840.0,5613,6830.0,6830,6820.0,13299,6810.0,19755,6800.0,8032,6850.0,19773,6860.0,21349,6880.0,3383,6890.0,3476,6900.0,11576,2025-05-09 19:11:39.507,,2147483647,1587734,True,bid
12658,2046534,1613259084,MERV - XMEV - GGAL - 24hs,6840.0,2025-05-09 19:11:39,25,2025-05-09 19:11:40.092,6840.0,5588,6830.0,6830,6820.0,13299,6810.0,19755,6800.0,8032,6850.0,19773,6860.0,21349,6880.0,3383,6890.0,3476,6900.0,11576,2025-05-09 19:11:40.007,,2147483647,1587734,False,nan
12659,2046598,1613259174,MERV - XMEV - GGAL - 24hs,6840.0,2025-05-09 19:11:39,25,2025-05-09 19:11:40.599,6840.0,5588,6830.0,6830,6820.0,13299,6810.0,19755,6800.0,8032,6850.0,19773,6860.0,21349,6880.0,3383,6890.0,3476,6900.0,11576,2025-05-09 19:11:40.514,,2147483647,1587759,False,nan
12660,2046646,1613259233,MERV - XMEV - GGAL - 24hs,6840.0,2025-05-09 19:11:39,25,2025-05-09 19:11:41.107,6840.0,5588,6830.0,6830,6820.0,13299,6810.0,19755,6800.0,8377,6850.0,19773,6860.0,21349,6870.0,700,6880.0,3383,6890.0,3476,2025-05-09 19:11:41.006,,2147483647,1587759,False,nan
12661,2046978,1613259652,MERV - XMEV - GGAL - 24hs,6840.0,2025-05-09 19:11:39,25,2025-05-09 19:11:45.799,6840.0,5588,6830.0,6830,6820.0,13299,6810.0,19755,6800.0,8724,6850.0,19773,6860.0,21349,6870.0,700,6880.0,3383,6890.0,3476,2025-05-09 19:11:45.715,,2147483647,1587759,False,nan
12662,2047150,1613259866,MERV - XMEV - GGAL - 24hs,6840.0,2025-05-09 19:11:39,25,2025-05-09 19:11:47.443,6840.0,5588,6830.0,6830,6820.0,13269,6810.0,19755,6800.0,8724,6850.0,19773,6860.0,21349,6870.0,700,6880.0,3383,6890.0,3476,2025-05-09 19:11:47.357,,2147483647,1587759,False,nan
12663,2047327,1613260106,MERV - XMEV - GGAL - 24hs,6840.0,2025-05-09 19:11:39,25,2025-05-09 19:11:49.555,6840.0,7382,6830.0,6830,6820.0,13269,6810.0,19755,6800.0,8724,6850.0,19773,6860.0,21349,6870.0,700,6880.0,3383,6890.0,3476,2025-05-09 19:11:49.468,,2147483647,1587759,False,nan
12664,2047732,1613260647,MERV - XMEV - GGAL - 24hs,6850.0,2025-05-09 19:11:53,10,2025-05-09 19:11:53.478,6840.0,7382,6830.0,6830,6820.0,13269,6810.0,19755,6800.0,8724,6850.0,19773,6860.0,21349,6870.0,700,6880.0,3383,6890.0,3476,2025-05-09 19:11:53.392,,2147483647,1587759,True,offer
12665,2047763,1613260686,MERV - XMEV - GGAL - 24hs,6850.0,2025-05-09 19:11:53,10,2025-05-09 19:11:53.986,6840.0,7382,6830.0,6830,6820.0,13269,6810.0,19755,6800.0,11845,6850.0,19763,6860.0,21349,6870.0,700,6880.0,3383,6890.0,3476,2025-05-09 19:11:53.899,,2147483647,1587759,False,nan
12666,2047807,1613260739,MERV - XMEV - GGAL - 24hs,6850.0,2025-05-09 19:11:53,10,2025-05-09 19:11:54.480,6840.0,7382,6830.0,6830,6820.0,13269,6810.0,19755,6800.0,11845,6850.0,19763,6860.0,21349,6870.0,700,6880.0,3383,6890.0,3476,2025-05-09 19:11:54.393,,2147483647,1587769,False,nan
12667,2047947,1613260904,MERV - XMEV - GGAL - 24hs,6850.0,2025-05-09 19:11:53,10,2025-05-09 19:11:56.043,6840.0,7382,6830.0,6832,6820.0,13269,6810.0,19755,6800.0,11845,6850.0,19763,6860.0,21349,6870.0,700,6880.0,3383,6890.0,3476,2025-05-09 19:11:55.924,,2147483647,1587769,False,nan
12668,2048375,1613261398,MERV - XMEV - GGAL - 24hs,6850.0,2025-05-09 19:11:53,10,2025-05-09 19:11:59.014,6840.0,7382,6830.0,6832,6820.0,12269,6810.0,19755,6800.0,11845,6850.0,19763,6860.0,21349,6870.0,700,6880.0,3383,6890.0,3476,2025-05-09 19:11:58.929,,2147483647,1587769,False,nan
12669,2048489,1613261550,MERV - XMEV - GGAL - 24hs,6850.0,2025-05-09 19:11:59,30,2025-05-09 19:12:00.225,6840.0,7382,6830.0,6832,6820.0,12269,6810.0,19755,6800.0,11845,6850.0,19763,6860.0,21349,6870.0,700,6880.0,3383,6890.0,3476,2025-05-09 19:11:59.987,,2147483647,1587769,True,offer
12670,2048528,1613261617,MERV - XMEV - GGAL - 24hs,6850.0,2025-05-09 19:11:59,30,2025-05-09 19:12:00.438,6840.0,7382,6830.0,6832,6820.0,12269,6810.0,19755,6800.0,11845,6850.0,19733,6860.0,21349,6870.0,700,6880.0,3383,6890.0,3476,2025-05-09 19:12:00.247,,2147483647,1587769,False,nan
12671,2048543,1613261637,MERV - XMEV - GGAL - 24hs,6850.0,2025-05-09 19:11:59,30,2025-05-09 19:12:00.837,6840.0,7382,6830.0,6832,6820.0,12269,6810.0,19755,6800.0,11845,6850.0,19733,6860.0,21349,6870.0,700,6880.0,3383,6890.0,3476,2025-05-09 19:12:00.748,,2147483647,1587799,False,nan
12672,2048887,1613262060,MERV - XMEV - GGAL - 24hs,6850.0,2025-05-09 19:12:04,3,2025-05-09 19:12:04.390,6840.0,7382,6830.0,6832,6820.0,12269,6810.0,19755,6800.0,11845,6850.0,19733,6860.0,21349,6870.0,700,6880.0,3383,6890.0,3476,2025-05-09 19:12:04.303,,2147483647,1587799,True,offer
12673,2048945,1613262129,MERV - XMEV - GGAL - 24hs,6850.0,2025-05-09 19:12:04,20,2025-05-09 19:12:04.889,6840.0,7382,6830.0,6832,6820.0,12269,6810.0,19755,6800.0,11845,6850.0,19710,6860.0,21349,6870.0,700,6880.0,3383,6890.0,3476,2025-05-09 19:12:04.803,,2147483647,1587802,False,nan
12674,2048999,1613262197,MERV - XMEV - GGAL - 24hs,6850.0,2025-05-09 19:12:04,20,2025-05-09 19:12:05.400,6840.0,7382,6830.0,6832,6820.0,12269,6810.0,19755,6800.0,11845,6850.0,19710,6860.0,21349,6870.0,700,6880.0,3383,6890.0,3476,2025-05-09 19:12:05.309,,2147483647,1587822,False,nan
12675,2049801,1613263177,MERV - XMEV - GGAL - 24hs,6850.0,2025-05-09 19:12:04,20,2025-05-09 19:12:11.843,6840.0,7382,6830.0,6832,6820.0,12269,6810.0,19755,6800.0,12192,6850.0,19710,6860.0,21349,6870.0,700,6880.0,3383,6890.0,3476,2025-05-09 19:12:11.758,,2147483647,1587822,False,nan
12676,2049851,1613263234,MERV - XMEV - GGAL - 24hs,6840.0,2025-05-09 19:12:12,281,2025-05-09 19:12:12.505,6840.0,7382,6830.0,6832,6820.0,12269,6810.0,19755,6800.0,12192,6850.0,19710,6860.0,21349,6870.0,700,6880.0,3383,6890.0,3476,2025-05-09 19:12:12.418,,2147483647,1587822,True,bid
12677,2049889,1613263280,MERV - XMEV - GGAL - 24hs,6840.0,2025-05-09 19:12:12,281,2025-05-09 19:12:13.003,6840.0,7101,6830.0,6832,6820.0,12269,6810.0,19755,6800.0,12192,6850.0,19710,6860.0,21349,6870.0,700,6880.0,3383,6890.0,3476,2025-05-09 19:12:12.918,,2147483647,1587822,False,nan
12678,2049947,1613263350,MERV - XMEV - GGAL - 24hs,6840.0,2025-05-09 19:12:12,281,2025-05-09 19:12:13.506,6840.0,7101,6830.0,6832,6820.0,12269,6810.0,19755,6800.0,12192,6850.0,19710,6860.0,21349,6870.0,700,6880.0,3383,6890.0,3476,2025-05-09 19:12:13.418,,2147483647,1588103,False,nan
12679,2050214,1613263686,MERV - XMEV - GGAL - 24hs,6840.0,2025-05-09 19:12:12,281,2025-05-09 19:12:16.743,6840.0,7101,6830.0,6832,6820.0,12269,6810.0,19755,6800.0,11845,6850.0,19710,6860.0,21349,6870.0,700,6880.0,3383,6890.0,3476,2025-05-09 19:12:16.653,,2147483647,1588103,False,nan
12680,2050284,1613263766,MERV - XMEV - GGAL - 24hs,6840.0,2025-05-09 19:12:12,281,2025-05-09 19:12:17.584,6840.0,7101,6830.0,6832,6820.0,12269,6810.0,19755,6800.0,11845,6850.0,19710,6860.0,16349,6870.0,5700,6880.0,3383,6890.0,3476,2025-05-09 19:12:17.498,,2147483647,1588103,False,nan
12681,2050404,1613263933,MERV - XMEV - GGAL - 24hs,6840.0,2025-05-09 19:12:12,281,2025-05-09 19:12:19.365,6840.0,7101,6830.0,6832,6820.0,12269,6810.0,19755,6800.0,11845,6850.0,10043,6860.0,26016,6870.0,5700,6880.0,3383,6890.0,3476,2025-05-09 19:12:19.279,,2147483647,1588103,False,nan
12682,2050462,1613264006,MERV - XMEV - GGAL - 24hs,6850.0,2025-05-09 19:12:19,10,2025-05-09 19:12:19.865,6840.0,7101,6830.0,6832,6820.0,12269,6810.0,19755,6800.0,11845,6850.0,10043,6860.0,26016,6870.0,5700,6880.0,3383,6890.0,3476,2025-05-09 19:12:19.779,,2147483647,1588103,True,offer
12683,2050563,1613264134,MERV - XMEV - GGAL - 24hs,6850.0,2025-05-09 19:12:19,10,2025-05-09 19:12:20.363,6840.0,7101,6830.0,6832,6820.0,12269,6810.0,19755,6800.0,11845,6850.0,10033,6860.0,26016,6870.0,5700,6880.0,3383,6890.0,3476,2025-05-09 19:12:20.278,,2147483647,1588113,False,nan
12684,2050789,1613264428,MERV - XMEV - GGAL - 24hs,6850.0,2025-05-09 19:12:22,26,2025-05-09 19:12:22.251,6840.0,7101,6830.0,6832,6820.0,12269,6810.0,19755,6800.0,11845,6850.0,10033,6860.0,26016,6870.0,5700,6880.0,3383,6890.0,3476,2025-05-09 19:12:22.166,,2147483647,1588113,True,offer
12685,2050826,1613264473,MERV - XMEV - GGAL - 24hs,6850.0,2025-05-09 19:12:22,26,2025-05-09 19:12:23.064,6840.0,7101,6830.0,6832,6820.0,12269,6810.0,19755,6800.0,11845,6850.0,10007,6860.0,26016,6870.0,5700,6880.0,3383,6890.0,3476,2025-05-09 19:12:22.901,,2147483647,1588113,False,nan
12686,2050869,1613264527,MERV - XMEV - GGAL - 24hs,6850.0,2025-05-09 19:12:22,26,2025-05-09 19:12:23.251,6840.0,7101,6830.0,6832,6820.0,12269,6810.0,19755,6800.0,11845,6850.0,10007,6860.0,26016,6870.0,5700,6880.0,3383,6890.0,3476,2025-05-09 19:12:23.166,,2147483647,1588139,False,nan
12687,2051396,1613265168,MERV - XMEV - GGAL - 24hs,6840.0,2025-05-09 19:12:28,4,2025-05-09 19:12:28.690,6840.0,7101,6830.0,6832,6820.0,12269,6810.0,19755,6800.0,11845,6850.0,10007,6860.0,26016,6870.0,5700,6880.0,3383,6890.0,3476,2025-05-09 19:12:28.598,,2147483647,1588139,True,bid
12688,2051479,1613265270,MERV - XMEV - GGAL - 24hs,6840.0,2025-05-09 19:12:28,4,2025-05-09 19:12:29.348,6840.0,7097,6830.0,6832,6820.0,12269,6810.0,19755,6800.0,11845,6850.0,10007,6860.0,26016,6870.0,5700,6880.0,3383,6890.0,3476,2025-05-09 19:12:29.262,,2147483647,1588139,False,nan
12689,2051504,1613265312,MERV - XMEV - GGAL - 24hs,6840.0,2025-05-09 19:12:28,4,2025-05-09 19:12:29.848,6840.0,7097,6830.0,6832,6820.0,12269,6810.0,19755,6800.0,11845,6850.0,10007,6860.0,26016,6870.0,5700,6880.0,3383,6890.0,3476,2025-05-09 19:12:29.762,,2147483647,1588143,False,nan
12690,2051553,1613265373,MERV - XMEV - GGAL - 24hs,6840.0,2025-05-09 19:12:28,4,2025-05-09 19:12:30.668,6840.0,15637,6830.0,6832,6820.0,5219,6810.0,19755,6800.0,11845,6850.0,10007,6860.0,26016,6870.0,5700,6880.0,3383,6890.0,3476,2025-05-09 19:12:30.575,,2147483647,1588143,False,nan
12691,2051983,1613265903,MERV - XMEV - GGAL - 24hs,6840.0,2025-05-09 19:12:28,4,2025-05-09 19:12:35.882,6840.0,15637,6830.0,6832,6820.0,5219,6810.0,19755,6800.0,12192,6850.0,10007,6860.0,26016,6870.0,5700,6880.0,3383,6890.0,3476,2025-05-09 19:12:35.796,,2147483647,1588143,False,nan
12692,2052154,1613266113,MERV - XMEV - GGAL - 24hs,6840.0,2025-05-09 19:12:28,4,2025-05-09 19:12:37.999,6840.0,15637,6830.0,8032,6820.0,5219,6810.0,19755,6800.0,12192,6850.0,10007,6860.0,26016,6870.0,5700,6880.0,3383,6890.0,3476,2025-05-09 19:12:37.908,,2147483647,1588143,False,nan
12693,2052472,1613266506,MERV - XMEV - GGAL - 24hs,6840.0,2025-05-09 19:12:28,4,2025-05-09 19:12:41.003,6840.0,15637,6830.0,8032,6820.0,5219,6810.0,19725,6800.0,12192,6850.0,10007,6860.0,26016,6870.0,5700,6880.0,3383,6890.0,3476,2025-05-09 19:12:40.918,,2147483647,1588143,False,nan
12694,2052544,1613266606,MERV - XMEV - GGAL - 24hs,6840.0,2025-05-09 19:12:28,4,2025-05-09 19:12:41.807,6840.0,15637,6830.0,8032,6820.0,5219,6810.0,19725,6800.0,16353,6850.0,10007,6860.0,26016,6870.0,5700,6880.0,3383,6890.0,3476,2025-05-09 19:12:41.714,,2147483647,1588143,False,nan
12695,2052627,1613266710,MERV - XMEV - GGAL - 24hs,6850.0,2025-05-09 19:12:43,7,2025-05-09 19:12:43.558,6840.0,15637,6830.0,8032,6820.0,5219,6810.0,19725,6800.0,16353,6850.0,10007,6860.0,26016,6870.0,5700,6880.0,3383,6890.0,3476,2025-05-09 19:12:43.473,,2147483647,1588143,True,offer
12696,2052666,1613266764,MERV - XMEV - GGAL - 24hs,6850.0,2025-05-09 19:12:43,21,2025-05-09 19:12:44.059,6840.0,15637,6830.0,8032,6820.0,5219,6810.0,19725,6800.0,16353,6850.0,10007,6860.0,26016,6870.0,5700,6880.0,3383,6890.0,3476,2025-05-09 19:12:43.973,,2147483647,1588143,False,nan
12697,2052703,1613266809,MERV - XMEV - GGAL - 24hs,6850.0,2025-05-09 19:12:43,21,2025-05-09 19:12:44.560,6840.0,15637,6830.0,8032,6820.0,5219,6810.0,19725,6800.0,16353,6850.0,9979,6860.0,26016,6870.0,5700,6880.0,3383,6890.0,3476,2025-05-09 19:12:44.473,,2147483647,1588171,False,nan
12698,2053017,1613267195,MERV - XMEV - GGAL - 24hs,6840.0,2025-05-09 19:12:48,5000,2025-05-09 19:12:48.254,6840.0,15637,6830.0,8032,6820.0,5219,6810.0,19725,6800.0,16353,6850.0,9979,6860.0,26016,6870.0,5700,6880.0,3383,6890.0,3476,2025-05-09 19:12:48.169,,2147483647,1588171,True,bid
12699,2053048,1613267234,MERV - XMEV - GGAL - 24hs,6840.0,2025-05-09 19:12:48,5000,2025-05-09 19:12:49.334,6840.0,10637,6830.0,13132,6820.0,5219,6810.0,19725,6800.0,16353,6850.0,9979,6860.0,26016,6870.0,5700,6880.0,3383,6890.0,3476,2025-05-09 19:12:49.245,,2147483647,1588171,False,nan
12700,2053086,1613267285,MERV - XMEV - GGAL - 24hs,6840.0,2025-05-09 19:12:48,5000,2025-05-09 19:12:49.490,6840.0,10637,6830.0,13132,6820.0,5219,6810.0,19725,6800.0,16353,6850.0,9979,6860.0,26016,6870.0,5700,6880.0,3383,6890.0,3476,2025-05-09 19:12:49.345,,2147483647,1593171,False,nan
12701,2053982,1613268447,MERV - XMEV - GGAL - 24hs,6840.0,2025-05-09 19:12:48,5000,2025-05-09 19:12:57.912,6840.0,10637,6830.0,13132,6820.0,5219,6810.0,19725,6800.0,31261,6850.0,9979,6860.0,26016,6870.0,5700,6880.0,3383,6890.0,3476,2025-05-09 19:12:57.826,,2147483647,1593171,False,nan
12702,2054193,1613268709,MERV - XMEV - GGAL - 24hs,6840.0,2025-05-09 19:12:48,5000,2025-05-09 19:13:01.014,6840.0,10637,6830.0,13132,6820.0,4819,6810.0,19725,6800.0,31261,6850.0,9979,6860.0,26016,6870.0,5700,6880.0,3383,6890.0,3476,2025-05-09 19:13:00.929,,2147483647,1593171,False,nan
12703,2054244,1613268767,MERV - XMEV - GGAL - 24hs,6840.0,2025-05-09 19:12:48,5000,2025-05-09 19:13:01.745,6840.0,19837,6830.0,13132,6820.0,4819,6810.0,10347,6800.0,31261,6850.0,9979,6860.0,26016,6870.0,5700,6880.0,3383,6890.0,3476,2025-05-09 19:13:01.655,,2147483647,1593171,False,nan
12704,2054383,1613268950,MERV - XMEV - GGAL - 24hs,6840.0,2025-05-09 19:12:48,5000,2025-05-09 19:13:02.998,6840.0,19837,6830.0,13277,6820.0,4819,6810.0,10347,6800.0,31261,6850.0,9979,6860.0,26016,6870.0,5700,6880.0,3383,6890.0,3476,2025-05-09 19:13:02.910,,2147483647,1593171,False,nan
12705,2054819,1613269510,MERV - XMEV - GGAL - 24hs,6840.0,2025-05-09 19:12:48,5000,2025-05-09 19:13:07.431,6840.0,19837,6830.0,13277,6820.0,4819,6810.0,10347,6800.0,31298,6850.0,10127,6860.0,26016,6870.0,5700,6880.0,3383,6890.0,3476,2025-05-09 19:13:07.298,,2147483647,1593171,False,nan
12706,2054975,1613269734,MERV - XMEV - GGAL - 24hs,6840.0,2025-05-09 19:12:48,5000,2025-05-09 19:13:09.286,6840.0,19837,6830.0,13277,6820.0,4819,6810.0,10347,6800.0,31298,6850.0,10127,6860.0,26016,6870.0,700,6880.0,8383,6890.0,3476,2025-05-09 19:13:09.201,,2147483647,1593171,False,nan
12707,2055274,1613270156,MERV - XMEV - GGAL - 24hs,6850.0,2025-05-09 19:13:13,1,2025-05-09 19:13:13.255,6840.0,19837,6830.0,13277,6820.0,4819,6810.0,10347,6800.0,31298,6850.0,10127,6860.0,26016,6870.0,700,6880.0,8383,6890.0,3476,2025-05-09 19:13:13.160,,2147483647,1593171,True,offer
12708,2055314,1613270219,MERV - XMEV - GGAL - 24hs,6850.0,2025-05-09 19:13:13,1,2025-05-09 19:13:13.747,6840.0,19837,6830.0,13277,6820.0,4819,6810.0,10347,6800.0,28923,6850.0,10126,6860.0,26016,6870.0,700,6880.0,8383,6890.0,3476,2025-05-09 19:13:13.660,,2147483647,1593171,False,nan
12709,2055359,1613270279,MERV - XMEV - GGAL - 24hs,6850.0,2025-05-09 19:13:13,1,2025-05-09 19:13:14.246,6840.0,19837,6830.0,13277,6820.0,4819,6810.0,10347,6800.0,28923,6850.0,10126,6860.0,26016,6870.0,700,6880.0,8383,6890.0,3476,2025-05-09 19:13:14.160,,2147483647,1593172,False,nan
12710,2055396,1613270322,MERV - XMEV - GGAL - 24hs,6850.0,2025-05-09 19:13:13,1,2025-05-09 19:13:14.880,6840.0,19837,6830.0,13277,6820.0,4819,6810.0,25255,6800.0,14015,6850.0,10126,6860.0,11731,6870.0,14985,6880.0,8383,6890.0,3476,2025-05-09 19:13:14.789,,2147483647,1593172,False,nan
12711,2055534,1613270504,MERV - XMEV - GGAL - 24hs,6850.0,2025-05-09 19:13:13,1,2025-05-09 19:13:17.171,6840.0,19837,6830.0,13277,6820.0,4819,6810.0,25255,6800.0,14015,6850.0,10126,6860.0,11731,6870.0,19985,6880.0,3383,6890.0,3476,2025-05-09 19:13:17.077,,2147483647,1593172,False,nan
12712,2056255,1613271446,MERV - XMEV - GGAL - 24hs,6850.0,2025-05-09 19:13:13,1,2025-05-09 19:13:22.104,6840.0,19837,6830.0,13277,6820.0,4819,6810.0,25255,6800.0,14015,6850.0,148,6860.0,2064,6870.0,29652,6880.0,3383,6890.0,3476,2025-05-09 19:13:21.962,,2147483647,1593172,False,nan
12713,2056437,1613271673,MERV - XMEV - GGAL - 24hs,6850.0,2025-05-09 19:13:23,1,2025-05-09 19:13:23.291,6840.0,19837,6830.0,13277,6820.0,4819,6810.0,25255,6800.0,14015,6850.0,148,6860.0,2064,6870.0,29652,6880.0,3383,6890.0,3476,2025-05-09 19:13:23.206,,2147483647,1593172,True,offer
12714,2056477,1613271722,MERV - XMEV - GGAL - 24hs,6850.0,2025-05-09 19:13:23,1,2025-05-09 19:13:23.954,6840.0,19837,6830.0,13277,6820.0,4819,6810.0,25255,6800.0,14015,6850.0,147,6860.0,2064,6870.0,29652,6880.0,3383,6890.0,3476,2025-05-09 19:13:23.868,,2147483647,1593172,False,nan
12715,2056517,1613271767,MERV - XMEV - GGAL - 24hs,6850.0,2025-05-09 19:13:23,30,2025-05-09 19:13:24.470,6840.0,19837,6830.0,13277,6820.0,4819,6810.0,25255,6800.0,14015,6850.0,147,6860.0,2064,6870.0,29652,6880.0,3383,6890.0,3476,2025-05-09 19:13:24.369,,2147483647,1593173,False,nan
12716,2056557,1613271827,MERV - XMEV - GGAL - 24hs,6850.0,2025-05-09 19:13:23,30,2025-05-09 19:13:24.953,6840.0,19837,6830.0,13277,6820.0,4819,6810.0,25255,6800.0,14015,6850.0,117,6860.0,2064,6870.0,29652,6880.0,3383,6890.0,3476,2025-05-09 19:13:24.868,,2147483647,1593203,False,nan
12717,2056614,1613271903,MERV - XMEV - GGAL - 24hs,6850.0,2025-05-09 19:13:25,117,2025-05-09 19:13:25.653,6840.0,19837,6830.0,13277,6820.0,4819,6810.0,25255,6800.0,14015,6850.0,117,6860.0,2064,6870.0,29652,6880.0,3383,6890.0,3476,2025-05-09 19:13:25.564,,2147483647,1593203,True,offer
12718,2056681,1613272013,MERV - XMEV - GGAL - 24hs,6850.0,2025-05-09 19:13:25,117,2025-05-09 19:13:26.299,6850.0,174,6840.0,19837,6830.0,13277,6820.0,4819,6810.0,25255,6860.0,2064,6870.0,29652,6880.0,3383,6890.0,3476,6900.0,11576,2025-05-09 19:13:26.213,,2147483647,1593203,False,nan
12719,2056731,1613272077,MERV - XMEV - GGAL - 24hs,6850.0,2025-05-09 19:13:25,117,2025-05-09 19:13:26.799,6850.0,174,6840.0,19837,6830.0,13277,6820.0,4819,6810.0,25255,6860.0,2064,6870.0,29652,6880.0,3383,6890.0,3476,6900.0,11576,2025-05-09 19:13:26.713,,2147483647,1593320,False,nan
12720,2056816,1613272194,MERV - XMEV - GGAL - 24hs,6850.0,2025-05-09 19:13:25,117,2025-05-09 19:13:27.887,6850.0,174,6840.0,31672,6830.0,13277,6820.0,4819,6810.0,25255,6860.0,2064,6870.0,29652,6880.0,3383,6890.0,3476,6900.0,11576,2025-05-09 19:13:27.802,,2147483647,1593320,False,nan
12721,2057284,1613272813,MERV - XMEV - GGAL - 24hs,6850.0,2025-05-09 19:13:25,117,2025-05-09 19:13:33.880,6850.0,174,6840.0,31672,6830.0,13247,6820.0,4819,6810.0,25255,6860.0,2064,6870.0,29652,6880.0,3383,6890.0,3476,6900.0,11576,2025-05-09 19:13:33.795,,2147483647,1593320,False,nan
12722,2057504,1613273155,MERV - XMEV - GGAL - 24hs,6850.0,2025-05-09 19:13:36,12,2025-05-09 19:13:37.068,6850.0,174,6840.0,31672,6830.0,13247,6820.0,4819,6810.0,25255,6860.0,2064,6870.0,29652,6880.0,3383,6890.0,3476,6900.0,11576,2025-05-09 19:13:36.981,,2147483647,1593320,True,bid
12723,2057539,1613273216,MERV - XMEV - GGAL - 24hs,6850.0,2025-05-09 19:13:36,12,2025-05-09 19:13:37.567,6850.0,162,6840.0,31672,6830.0,13247,6820.0,4819,6810.0,25255,6860.0,2064,6870.0,29652,6880.0,3383,6890.0,3476,6900.0,11576,2025-05-09 19:13:37.480,,2147483647,1593320,False,nan
12724,2057568,1613273256,MERV - XMEV - GGAL - 24hs,6850.0,2025-05-09 19:13:36,12,2025-05-09 19:13:38.066,6850.0,162,6840.0,31672,6830.0,13247,6820.0,4819,6810.0,25255,6860.0,2064,6870.0,29652,6880.0,3383,6890.0,3476,6900.0,11576,2025-05-09 19:13:37.980,,2147483647,1593332,False,nan
12725,2058350,1613274227,MERV - XMEV - GGAL - 24hs,6850.0,2025-05-09 19:13:36,12,2025-05-09 19:13:47.647,6850.0,162,6840.0,31672,6830.0,13247,6820.0,4819,6810.0,10347,6860.0,2064,6870.0,29652,6880.0,3383,6890.0,3476,6900.0,11576,2025-05-09 19:13:47.546,,2147483647,1593332,False,nan
12726,2058609,1613274556,MERV - XMEV - GGAL - 24hs,6850.0,2025-05-09 19:13:50,160,2025-05-09 19:13:50.329,6850.0,162,6840.0,31672,6830.0,13247,6820.0,4819,6810.0,10347,6860.0,2064,6870.0,29652,6880.0,3383,6890.0,3476,6900.0,11576,2025-05-09 19:13:50.232,,2147483647,1593332,True,bid
12727,2058802,1613274808,MERV - XMEV - GGAL - 24hs,6840.0,2025-05-09 19:13:50,158,2025-05-09 19:13:51.123,6850.0,162,6840.0,31672,6830.0,13247,6820.0,4819,6810.0,10347,6860.0,21349,6870.0,10367,6880.0,3383,6890.0,3476,6900.0,11576,2025-05-09 19:13:50.734,,2147483647,1593332,False,nan
12728,2058866,1613274923,MERV - XMEV - GGAL - 24hs,6840.0,2025-05-09 19:13:50,158,2025-05-09 19:13:51.482,6840.0,31590,6830.0,13247,6820.0,4819,6810.0,10347,6800.0,20558,6860.0,31016,6870.0,700,6880.0,3383,6890.0,3476,6900.0,11576,2025-05-09 19:13:51.232,,2147483647,1593652,False,nan
12729,2058908,1613274983,MERV - XMEV - GGAL - 24hs,6840.0,2025-05-09 19:13:50,158,2025-05-09 19:13:51.819,6840.0,31590,6830.0,13247,6820.0,4673,6810.0,10347,6800.0,20558,6860.0,31016,6870.0,700,6880.0,3383,6890.0,3476,6900.0,11576,2025-05-09 19:13:51.732,,2147483647,1593652,False,nan
12730,2060105,1613276700,MERV - XMEV - GGAL - 24hs,6840.0,2025-05-09 19:14:05,88,2025-05-09 19:14:05.927,6840.0,31590,6830.0,13247,6820.0,4673,6810.0,10347,6800.0,20558,6860.0,31016,6870.0,700,6880.0,3383,6890.0,3476,6900.0,11576,2025-05-09 19:14:05.839,,2147483647,1593652,True,bid
12731,2060162,1613276796,MERV - XMEV - GGAL - 24hs,6840.0,2025-05-09 19:14:06,57,2025-05-09 19:14:06.591,6840.0,31590,6830.0,13247,6820.0,4673,6810.0,10347,6800.0,20558,6860.0,31016,6870.0,700,6880.0,3383,6890.0,3476,6900.0,11576,2025-05-09 19:14:06.504,,2147483647,1593740,True,bid
12732,2060200,1613276860,MERV - XMEV - GGAL - 24hs,6840.0,2025-05-09 19:14:06,253,2025-05-09 19:14:07.092,6840.0,37292,6830.0,13247,6820.0,4673,6810.0,10347,6800.0,20565,6850.0,4000,6860.0,31016,6870.0,700,6880.0,3383,6890.0,3476,2025-05-09 19:14:07.005,,2147483647,1594114,False,nan
12733,2060259,1613276931,MERV - XMEV - GGAL - 24hs,6840.0,2025-05-09 19:14:06,253,2025-05-09 19:14:07.591,6840.0,37039,6830.0,13247,6820.0,4673,6810.0,10347,6800.0,20565,6850.0,4000,6860.0,31016,6870.0,700,6880.0,3383,6890.0,3476,2025-05-09 19:14:07.505,,2147483647,1594114,False,nan
12734,2060868,1613277729,MERV - XMEV - GGAL - 24hs,6840.0,2025-05-09 19:14:06,253,2025-05-09 19:14:15.378,6840.0,37185,6830.0,13247,6820.0,4673,6810.0,10347,6800.0,20565,6850.0,4000,6860.0,31016,6870.0,700,6880.0,3383,6890.0,3476,2025-05-09 19:14:15.288,,2147483647,1594114,False,nan
12735,2061091,1613277994,MERV - XMEV - GGAL - 24hs,6840.0,2025-05-09 19:14:06,253,2025-05-09 19:14:17.467,6840.0,37185,6830.0,13247,6820.0,4673,6810.0,10347,6800.0,20565,6850.0,4200,6860.0,31016,6870.0,700,6880.0,3383,6890.0,3476,2025-05-09 19:14:17.382,,2147483647,1594114,False,nan
12736,2061351,1613278355,MERV - XMEV - GGAL - 24hs,6840.0,2025-05-09 19:14:06,253,2025-05-09 19:14:19.282,6840.0,37185,6830.0,12047,6820.0,4673,6810.0,10347,6800.0,20565,6850.0,4200,6860.0,31016,6870.0,700,6880.0,3383,6890.0,3476,2025-05-09 19:14:19.197,,2147483647,1594114,False,nan
12737,2061442,1613278468,MERV - XMEV - GGAL - 24hs,6850.0,2025-05-09 19:14:19,14,2025-05-09 19:14:19.855,6840.0,37185,6830.0,12047,6820.0,4673,6810.0,10347,6800.0,20565,6850.0,4200,6860.0,31016,6870.0,700,6880.0,3383,6890.0,3476,2025-05-09 19:14:19.700,,2147483647,1594114,True,offer
12738,2061621,1613278717,MERV - XMEV - GGAL - 24hs,6850.0,2025-05-09 19:14:19,14,2025-05-09 19:14:20.878,6840.0,37185,6830.0,12047,6820.0,4673,6810.0,10347,6800.0,20565,6850.0,4186,6860.0,31016,6870.0,700,6880.0,3383,6890.0,3476,2025-05-09 19:14:20.258,,2147483647,1594128,False,nan
12739,2062065,1613279316,MERV - XMEV - GGAL - 24hs,6850.0,2025-05-09 19:14:19,14,2025-05-09 19:14:24.435,6840.0,37185,6830.0,12047,6820.0,4673,6810.0,10347,6800.0,20565,6850.0,4186,6860.0,31016,6870.0,800,6880.0,3383,6890.0,3476,2025-05-09 19:14:24.348,,2147483647,1594128,False,nan
12740,2062320,1613279626,MERV - XMEV - GGAL - 24hs,6850.0,2025-05-09 19:14:25,4,2025-05-09 19:14:25.588,6840.0,37185,6830.0,12047,6820.0,4673,6810.0,10347,6800.0,20565,6850.0,4186,6860.0,31016,6870.0,800,6880.0,3383,6890.0,3476,2025-05-09 19:14:25.501,,2147483647,1594128,True,offer
12741,2062430,1613279766,MERV - XMEV - GGAL - 24hs,6850.0,2025-05-09 19:14:25,4,2025-05-09 19:14:26.136,6840.0,37185,6830.0,12047,6820.0,4673,6810.0,10347,6800.0,20565,6850.0,4182,6860.0,31016,6870.0,800,6880.0,3383,6890.0,3476,2025-05-09 19:14:26.001,,2147483647,1594128,False,nan
12742,2062492,1613279844,MERV - XMEV - GGAL - 24hs,6850.0,2025-05-09 19:14:25,4,2025-05-09 19:14:26.586,6840.0,37185,6830.0,12047,6820.0,4673,6810.0,10347,6800.0,20565,6850.0,4182,6860.0,31016,6870.0,800,6880.0,3383,6890.0,3476,2025-05-09 19:14:26.501,,2147483647,1594132,False,nan
12743,2062635,1613280040,MERV - XMEV - GGAL - 24hs,6850.0,2025-05-09 19:14:25,4,2025-05-09 19:14:27.729,6840.0,37185,6830.0,12047,6820.0,4673,6810.0,10347,6800.0,20565,6850.0,4285,6860.0,31016,6870.0,800,6880.0,3383,6890.0,3476,2025-05-09 19:14:27.644,,2147483647,1594132,False,nan
12744,2063094,1613280616,MERV - XMEV - GGAL - 24hs,6850.0,2025-05-09 19:14:32,100,2025-05-09 19:14:32.901,6840.0,37185,6830.0,12047,6820.0,4673,6810.0,10347,6800.0,20565,6850.0,4285,6860.0,31016,6870.0,800,6880.0,3383,6890.0,3476,2025-05-09 19:14:32.815,,2147483647,1594132,True,offer
12745,2063158,1613280684,MERV - XMEV - GGAL - 24hs,6850.0,2025-05-09 19:14:32,100,2025-05-09 19:14:33.400,6840.0,37185,6830.0,12047,6820.0,4673,6810.0,10347,6800.0,20565,6850.0,9565,6860.0,31016,6870.0,800,6880.0,3383,6890.0,3476,2025-05-09 19:14:33.315,,2147483647,1594132,False,nan
12746,2063196,1613280743,MERV - XMEV - GGAL - 24hs,6850.0,2025-05-09 19:14:32,100,2025-05-09 19:14:33.900,6840.0,37185,6830.0,12047,6820.0,4673,6810.0,10347,6800.0,20565,6850.0,9565,6860.0,31016,6870.0,800,6880.0,3383,6890.0,3476,2025-05-09 19:14:33.815,,2147483647,1594232,False,nan
12747,2063477,1613281115,MERV - XMEV - GGAL - 24hs,6840.0,2025-05-09 19:14:37,3,2025-05-09 19:14:37.557,6840.0,37185,6830.0,12047,6820.0,4673,6810.0,10347,6800.0,20565,6850.0,9565,6860.0,31016,6870.0,800,6880.0,3383,6890.0,3476,2025-05-09 19:14:37.471,,2147483647,1594232,True,bid
12748,2063625,1613281305,MERV - XMEV - GGAL - 24hs,6840.0,2025-05-09 19:14:37,3,2025-05-09 19:14:38.367,6840.0,37182,6830.0,12047,6820.0,4673,6810.0,10387,6800.0,20565,6850.0,9565,6860.0,26016,6870.0,5800,6880.0,3383,6890.0,3476,2025-05-09 19:14:38.194,,2147483647,1594232,False,nan
12749,2063702,1613281405,MERV - XMEV - GGAL - 24hs,6840.0,2025-05-09 19:14:37,3,2025-05-09 19:14:38.781,6840.0,37182,6830.0,12047,6820.0,4673,6810.0,10387,6800.0,20565,6850.0,9565,6860.0,26016,6870.0,5800,6880.0,3383,6890.0,3476,2025-05-09 19:14:38.695,,2147483647,1594235,False,nan
12750,2063829,1613281571,MERV - XMEV - GGAL - 24hs,6840.0,2025-05-09 19:14:37,3,2025-05-09 19:14:39.367,6840.0,38682,6830.0,12047,6820.0,4673,6810.0,10387,6800.0,20565,6850.0,9565,6860.0,26016,6870.0,5800,6880.0,3383,6890.0,3476,2025-05-09 19:14:39.194,,2147483647,1594235,False,nan
12751,2064390,1613282266,MERV - XMEV - GGAL - 24hs,6850.0,2025-05-09 19:14:43,10,2025-05-09 19:14:43.727,6840.0,38682,6830.0,12047,6820.0,4673,6810.0,10387,6800.0,20565,6850.0,9565,6860.0,26016,6870.0,5800,6880.0,3383,6890.0,3476,2025-05-09 19:14:43.539,,2147483647,1594235,True,offer
12752,2064424,1613282311,MERV - XMEV - GGAL - 24hs,6850.0,2025-05-09 19:14:43,10,2025-05-09 19:14:44.124,6840.0,38682,6830.0,12047,6820.0,4673,6810.0,10387,6800.0,20565,6850.0,9555,6860.0,26016,6870.0,5800,6880.0,3383,6890.0,3476,2025-05-09 19:14:44.039,,2147483647,1594235,False,nan
12753,2064500,1613282428,MERV - XMEV - GGAL - 24hs,6850.0,2025-05-09 19:14:43,10,2025-05-09 19:14:44.626,6840.0,38682,6830.0,12047,6820.0,4673,6810.0,10387,6800.0,20565,6850.0,9555,6860.0,26016,6870.0,5800,6880.0,3383,6890.0,3476,2025-05-09 19:14:44.539,,2147483647,1594245,False,nan
12754,2065507,1613283690,MERV - XMEV - GGAL - 24hs,6850.0,2025-05-09 19:14:43,10,2025-05-09 19:14:53.433,6840.0,38682,6830.0,12047,6820.0,4673,6810.0,10387,6800.0,20565,6850.0,9556,6860.0,26016,6870.0,5800,6880.0,3383,6890.0,3476,2025-05-09 19:14:53.346,,2147483647,1594245,False,nan
12755,2067636,1613286398,MERV - XMEV - GGAL - 24hs,6850.0,2025-05-09 19:14:43,10,2025-05-09 19:15:13.192,6840.0,38682,6830.0,9644,6820.0,4673,6810.0,10387,6800.0,20565,6850.0,9556,6860.0,26016,6870.0,5800,6880.0,3383,6890.0,3476,2025-05-09 19:15:13.102,,2147483647,1594245,False,nan
12756,2067690,1613286469,MERV - XMEV - GGAL - 24hs,6850.0,2025-05-09 19:15:13,143,2025-05-09 19:15:14.018,6840.0,38682,6830.0,9644,6820.0,4673,6810.0,10387,6800.0,20565,6850.0,9556,6860.0,26016,6870.0,5800,6880.0,3383,6890.0,3476,2025-05-09 19:15:13.932,,2147483647,1594245,True,offer
12757,2067744,1613286540,MERV - XMEV - GGAL - 24hs,6850.0,2025-05-09 19:15:13,143,2025-05-09 19:15:14.680,6840.0,38682,6830.0,9644,6820.0,4673,6810.0,10387,6800.0,20565,6850.0,9413,6860.0,26016,6870.0,5800,6880.0,3383,6890.0,3476,2025-05-09 19:15:14.594,,2147483647,1594245,False,nan
12758,2067767,1613286570,MERV - XMEV - GGAL - 24hs,6850.0,2025-05-09 19:15:13,143,2025-05-09 19:15:15.180,6840.0,38682,6830.0,9644,6820.0,4673,6810.0,10387,6800.0,20565,6850.0,9413,6860.0,26016,6870.0,5800,6880.0,3383,6890.0,3476,2025-05-09 19:15:15.094,,2147483647,1594388,False,nan
12759,2068524,1613287589,MERV - XMEV - GGAL - 24hs,6850.0,2025-05-09 19:15:13,143,2025-05-09 19:15:21.666,6840.0,38682,6830.0,9644,6820.0,4673,6810.0,10381,6800.0,20565,6850.0,9413,6860.0,26016,6870.0,5800,6880.0,3383,6890.0,3476,2025-05-09 19:15:21.564,,2147483647,1594388,False,nan
12760,2070231,1613289836,MERV - XMEV - GGAL - 24hs,6850.0,2025-05-09 19:15:13,143,2025-05-09 19:15:34.752,6840.0,38802,6830.0,9644,6820.0,4673,6810.0,10381,6800.0,20565,6850.0,9413,6860.0,26016,6870.0,5800,6880.0,3383,6890.0,3476,2025-05-09 19:15:34.649,,2147483647,1594388,False,nan
12761,2071099,1613290889,MERV - XMEV - GGAL - 24hs,6850.0,2025-05-09 19:15:13,143,2025-05-09 19:15:42.743,6840.0,38802,6830.0,9644,6820.0,4673,6810.0,10381,6800.0,20565,6850.0,9413,6860.0,26016,6870.0,800,6880.0,8383,6890.0,3476,2025-05-09 19:15:42.642,,2147483647,1594388,False,nan
12762,2071371,1613291207,MERV - XMEV - GGAL - 24hs,6850.0,2025-05-09 19:15:13,143,2025-05-09 19:15:45.914,6840.0,38802,6830.0,9644,6820.0,4673,6810.0,10381,6800.0,20565,6850.0,9413,6860.0,24016,6870.0,800,6880.0,8383,6890.0,3476,2025-05-09 19:15:45.821,,2147483647,1594388,False,nan
12763,2071672,1613291565,MERV - XMEV - GGAL - 24hs,6850.0,2025-05-09 19:15:13,143,2025-05-09 19:15:47.503,6840.0,38802,6830.0,9644,6820.0,4673,6810.0,10381,6800.0,20565,6850.0,9413,6860.0,26016,6870.0,800,6880.0,8383,6890.0,3476,2025-05-09 19:15:47.392,,2147483647,1594388,False,nan
12764,2071839,1613291804,MERV - XMEV - GGAL - 24hs,6850.0,2025-05-09 19:15:49,5,2025-05-09 19:15:49.542,6840.0,38802,6830.0,9644,6820.0,4673,6810.0,10381,6800.0,20565,6850.0,9413,6860.0,26016,6870.0,800,6880.0,8383,6890.0,3476,2025-05-09 19:15:49.456,,2147483647,1594388,True,offer
12765,2071871,1613291845,MERV - XMEV - GGAL - 24hs,6850.0,2025-05-09 19:15:49,5,2025-05-09 19:15:50.042,6840.0,38802,6830.0,9644,6820.0,4673,6810.0,10381,6800.0,20565,6850.0,9408,6860.0,26016,6870.0,800,6880.0,8383,6890.0,3476,2025-05-09 19:15:49.956,,2147483647,1594388,False,nan
12766,2071984,1613291977,MERV - XMEV - GGAL - 24hs,6850.0,2025-05-09 19:15:49,5,2025-05-09 19:15:50.542,6840.0,38802,6830.0,9644,6820.0,4673,6810.0,10381,6800.0,20565,6850.0,9408,6860.0,26016,6870.0,800,6880.0,8383,6890.0,3476,2025-05-09 19:15:50.456,,2147483647,1594393,False,nan
12767,2073185,1613293462,MERV - XMEV - GGAL - 24hs,6850.0,2025-05-09 19:16:01,1000,2025-05-09 19:16:02.086,6840.0,38802,6830.0,9644,6820.0,4673,6810.0,10381,6800.0,20565,6850.0,9408,6860.0,26016,6870.0,800,6880.0,8383,6890.0,3476,2025-05-09 19:16:02.001,,2147483647,1594393,True,offer
12768,2073256,1613293558,MERV - XMEV - GGAL - 24hs,6850.0,2025-05-09 19:16:01,1000,2025-05-09 19:16:02.586,6840.0,38802,6830.0,9644,6820.0,4673,6810.0,10381,6800.0,20565,6850.0,8408,6860.0,26016,6870.0,800,6880.0,8383,6890.0,3476,2025-05-09 19:16:02.501,,2147483647,1594393,False,nan
12769,2073299,1613293614,MERV - XMEV - GGAL - 24hs,6850.0,2025-05-09 19:16:01,1000,2025-05-09 19:16:03.086,6840.0,38802,6830.0,9644,6820.0,4673,6810.0,10381,6800.0,20565,6850.0,8408,6860.0,26016,6870.0,800,6880.0,8383,6890.0,3476,2025-05-09 19:16:03.001,,2147483647,1595393,False,nan
12770,2073533,1613293922,MERV - XMEV - GGAL - 24hs,6850.0,2025-05-09 19:16:01,1000,2025-05-09 19:16:05.769,6840.0,38802,6830.0,9644,6820.0,4673,6810.0,10381,6800.0,20565,6850.0,8408,6860.0,16349,6870.0,10467,6880.0,8383,6890.0,3476,2025-05-09 19:16:05.675,,2147483647,1595393,False,nan
12771,2073922,1613294389,MERV - XMEV - GGAL - 24hs,6850.0,2025-05-09 19:16:01,1000,2025-05-09 19:16:07.886,6840.0,38802,6830.0,9644,6820.0,4673,6810.0,10381,6800.0,5657,6850.0,8408,6860.0,26016,6870.0,5800,6880.0,3383,6890.0,3476,2025-05-09 19:16:07.798,,2147483647,1595393,False,nan
12772,2075416,1613296384,MERV - XMEV - GGAL - 24hs,6850.0,2025-05-09 19:16:23,27,2025-05-09 19:16:23.872,6840.0,38802,6830.0,9644,6820.0,4673,6810.0,10381,6800.0,5657,6850.0,8408,6860.0,26016,6870.0,5800,6880.0,3383,6890.0,3476,2025-05-09 19:16:23.758,,2147483647,1595393,True,offer
12773,2075483,1613296470,MERV - XMEV - GGAL - 24hs,6850.0,2025-05-09 19:16:23,27,2025-05-09 19:16:24.535,6840.0,38802,6830.0,9644,6820.0,4673,6810.0,10381,6800.0,5657,6850.0,8381,6860.0,26016,6870.0,5800,6880.0,3383,6890.0,3476,2025-05-09 19:16:24.426,,2147483647,1595393,False,nan
12774,2075547,1613296558,MERV - XMEV - GGAL - 24hs,6850.0,2025-05-09 19:16:23,27,2025-05-09 19:16:25.020,6840.0,38802,6830.0,9644,6820.0,4673,6810.0,10381,6800.0,5657,6850.0,8381,6860.0,26016,6870.0,5800,6880.0,3383,6890.0,3476,2025-05-09 19:16:24.932,,2147483647,1595420,False,nan
12775,2077351,1613298699,MERV - XMEV - GGAL - 24hs,6850.0,2025-05-09 19:16:23,27,2025-05-09 19:16:33.672,6840.0,38802,6830.0,9644,6820.0,4673,6810.0,10380,6800.0,5657,6850.0,8381,6860.0,26016,6870.0,5800,6880.0,3383,6890.0,3476,2025-05-09 19:16:33.515,,2147483647,1595420,False,nan
12776,2077410,1613298769,MERV - XMEV - GGAL - 24hs,6840.0,2025-05-09 19:16:33,10,2025-05-09 19:16:33.882,6840.0,38802,6830.0,9644,6820.0,4673,6810.0,10380,6800.0,5657,6850.0,8381,6860.0,26016,6870.0,5800,6880.0,3383,6890.0,3476,2025-05-09 19:16:33.617,,2147483647,1595420,True,bid
12777,2077451,1613298814,MERV - XMEV - GGAL - 24hs,6840.0,2025-05-09 19:16:33,10,2025-05-09 19:16:34.202,6840.0,38782,6830.0,9644,6820.0,4673,6810.0,10380,6800.0,5657,6850.0,8381,6860.0,26016,6870.0,5800,6880.0,3383,6890.0,3476,2025-05-09 19:16:34.117,,2147483647,1595440,False,nan
12778,2078092,1613299632,MERV - XMEV - GGAL - 24hs,6840.0,2025-05-09 19:16:33,10,2025-05-09 19:16:40.307,6840.0,38782,6830.0,9644,6820.0,4673,6810.0,10380,6800.0,5657,6850.0,8381,6860.0,26016,6870.0,800,6880.0,8383,6890.0,3476,2025-05-09 19:16:40.221,,2147483647,1595440,False,nan
12779,2078159,1613299723,MERV - XMEV - GGAL - 24hs,6840.0,2025-05-09 19:16:33,10,2025-05-09 19:16:41.216,6840.0,38782,6830.0,9644,6820.0,4673,6810.0,10380,6800.0,5657,6850.0,8381,6860.0,26016,6870.0,5800,6880.0,3383,6890.0,3476,2025-05-09 19:16:41.122,,2147483647,1595440,False,nan
12780,2078435,1613300061,MERV - XMEV - GGAL - 24hs,6850.0,2025-05-09 19:16:43,200,2025-05-09 19:16:43.811,6840.0,38782,6830.0,9644,6820.0,4673,6810.0,10380,6800.0,5657,6850.0,8381,6860.0,26016,6870.0,5800,6880.0,3383,6890.0,3476,2025-05-09 19:16:43.724,,2147483647,1595440,True,offer
12781,2078495,1613300132,MERV - XMEV - GGAL - 24hs,6850.0,2025-05-09 19:16:43,200,2025-05-09 19:16:44.477,6840.0,38782,6830.0,9644,6820.0,4673,6810.0,10380,6800.0,5657,6850.0,8181,6860.0,26016,6870.0,5800,6880.0,3383,6890.0,3476,2025-05-09 19:16:44.392,,2147483647,1595440,False,nan
12782,2078551,1613300193,MERV - XMEV - GGAL - 24hs,6850.0,2025-05-09 19:16:43,200,2025-05-09 19:16:44.977,6840.0,38782,6830.0,9644,6820.0,4673,6810.0,10380,6800.0,5657,6850.0,8181,6860.0,26016,6870.0,5800,6880.0,3383,6890.0,3476,2025-05-09 19:16:44.891,,2147483647,1595640,False,nan
12783,2078621,1613300270,MERV - XMEV - GGAL - 24hs,6840.0,2025-05-09 19:16:45,3,2025-05-09 19:16:45.844,6840.0,38782,6830.0,9644,6820.0,4673,6810.0,10380,6800.0,5657,6850.0,8181,6860.0,26016,6870.0,5800,6880.0,3383,6890.0,3476,2025-05-09 19:16:45.758,,2147483647,1595640,True,bid
12784,2078661,1613300318,MERV - XMEV - GGAL - 24hs,6840.0,2025-05-09 19:16:45,3,2025-05-09 19:16:46.508,6840.0,38779,6830.0,9644,6820.0,4673,6810.0,10380,6800.0,5657,6850.0,8181,6860.0,26016,6870.0,5800,6880.0,3383,6890.0,3476,2025-05-09 19:16:46.416,,2147483647,1595640,False,nan
12785,2078709,1613300375,MERV - XMEV - GGAL - 24hs,6840.0,2025-05-09 19:16:45,3,2025-05-09 19:16:47.012,6840.0,38779,6830.0,9644,6820.0,4673,6810.0,10380,6800.0,5657,6850.0,8181,6860.0,26016,6870.0,5800,6880.0,3383,6890.0,3476,2025-05-09 19:16:46.915,,2147483647,1595643,False,nan
12786,2080161,1613302162,MERV - XMEV - GGAL - 24hs,6840.0,2025-05-09 19:16:45,3,2025-05-09 19:16:57.668,6840.0,38779,6830.0,9644,6820.0,4673,6810.0,10369,6800.0,5657,6850.0,8181,6860.0,26016,6870.0,5800,6880.0,3383,6890.0,3476,2025-05-09 19:16:57.290,,2147483647,1595643,False,nan
12787,2080512,1613302594,MERV - XMEV - GGAL - 24hs,6840.0,2025-05-09 19:16:45,3,2025-05-09 19:17:00.447,6840.0,38779,6830.0,9644,6820.0,4673,6810.0,10369,6800.0,5657,6850.0,8181,6860.0,16349,6870.0,15467,6880.0,3383,6890.0,3476,2025-05-09 19:17:00.320,,2147483647,1595643,False,nan
12788,2080616,1613302715,MERV - XMEV - GGAL - 24hs,6840.0,2025-05-09 19:17:01,20,2025-05-09 19:17:01.221,6840.0,38779,6830.0,9644,6820.0,4673,6810.0,10369,6800.0,5657,6850.0,8181,6860.0,16349,6870.0,15467,6880.0,3383,6890.0,3476,2025-05-09 19:17:01.133,,2147483647,1595643,True,bid
12789,2080785,1613302906,MERV - XMEV - GGAL - 24hs,6850.0,2025-05-09 19:17:01,5,2025-05-09 19:17:02.314,6840.0,38759,6830.0,9644,6820.0,4673,6810.0,10369,6800.0,5657,6850.0,8181,6860.0,16349,6870.0,15467,6880.0,3383,6890.0,3476,2025-05-09 19:17:02.008,,2147483647,1595663,False,nan
12790,2080882,1613303038,MERV - XMEV - GGAL - 24hs,6850.0,2025-05-09 19:17:01,5,2025-05-09 19:17:02.727,6840.0,38759,6830.0,9644,6820.0,4673,6810.0,10369,6800.0,5657,6850.0,8181,6860.0,16349,6870.0,15467,6880.0,3383,6890.0,3476,2025-05-09 19:17:02.507,,2147483647,1595668,False,nan
12791,2080922,1613303084,MERV - XMEV - GGAL - 24hs,6850.0,2025-05-09 19:17:01,5,2025-05-09 19:17:03.103,6840.0,38759,6830.0,9644,6820.0,4673,6810.0,10369,6800.0,5657,6850.0,8176,6860.0,16349,6870.0,15467,6880.0,3383,6890.0,3476,2025-05-09 19:17:03.004,,2147483647,1595668,False,nan
12792,2081232,1613303457,MERV - XMEV - GGAL - 24hs,6850.0,2025-05-09 19:17:01,5,2025-05-09 19:17:05.598,6840.0,38759,6830.0,9644,6820.0,4673,6810.0,10365,6800.0,5657,6850.0,8176,6860.0,16349,6870.0,15467,6880.0,3383,6890.0,3476,2025-05-09 19:17:05.346,,2147483647,1595668,False,nan
12793,2081419,1613303680,MERV - XMEV - GGAL - 24hs,6850.0,2025-05-09 19:17:07,300,2025-05-09 19:17:07.545,6840.0,38759,6830.0,9644,6820.0,4673,6810.0,10365,6800.0,5657,6850.0,8176,6860.0,16349,6870.0,15467,6880.0,3383,6890.0,3476,2025-05-09 19:17:07.419,,2147483647,1595668,True,offer
12794,2081549,1613303850,MERV - XMEV - GGAL - 24hs,6850.0,2025-05-09 19:17:07,300,2025-05-09 19:17:08.152,6840.0,38759,6830.0,9644,6820.0,4673,6810.0,10365,6800.0,5657,6850.0,7876,6860.0,16349,6870.0,15467,6880.0,3383,6890.0,3476,2025-05-09 19:17:08.065,,2147483647,1595668,False,nan
12795,2081608,1613303926,MERV - XMEV - GGAL - 24hs,6850.0,2025-05-09 19:17:07,300,2025-05-09 19:17:08.663,6840.0,38759,6830.0,9644,6820.0,4673,6810.0,10365,6800.0,5657,6850.0,7876,6860.0,16349,6870.0,15467,6880.0,3383,6890.0,3476,2025-05-09 19:17:08.566,,2147483647,1595968,False,nan
12796,2081649,1613303971,MERV - XMEV - GGAL - 24hs,6850.0,2025-05-09 19:17:08,66,2025-05-09 19:17:09.152,6840.0,38759,6830.0,9644,6820.0,4673,6810.0,10481,6800.0,5657,6850.0,7810,6860.0,16349,6870.0,15467,6880.0,3383,6890.0,3476,2025-05-09 19:17:09.066,,2147483647,1595968,True,offer
12797,2081686,1613304016,MERV - XMEV - GGAL - 24hs,6850.0,2025-05-09 19:17:08,66,2025-05-09 19:17:09.659,6840.0,38759,6830.0,9644,6820.0,4673,6810.0,10481,6800.0,5657,6850.0,7810,6860.0,16349,6870.0,15467,6880.0,3383,6890.0,3476,2025-05-09 19:17:09.565,,2147483647,1596034,False,nan
12798,2081954,1613304365,MERV - XMEV - GGAL - 24hs,6840.0,2025-05-09 19:17:12,700,2025-05-09 19:17:12.120,6840.0,38759,6830.0,9644,6820.0,4673,6810.0,10481,6800.0,5657,6850.0,7810,6860.0,16349,6870.0,15467,6880.0,3383,6890.0,3476,2025-05-09 19:17:12.034,,2147483647,1596034,True,bid
12799,2082021,1613304443,MERV - XMEV - GGAL - 24hs,6840.0,2025-05-09 19:17:12,700,2025-05-09 19:17:12.795,6840.0,38059,6830.0,9644,6820.0,4673,6810.0,10481,6800.0,5657,6850.0,7810,6860.0,16349,6870.0,15467,6880.0,3383,6890.0,3476,2025-05-09 19:17:12.697,,2147483647,1596034,False,nan
12800,2082176,1613304639,MERV - XMEV - GGAL - 24hs,6840.0,2025-05-09 19:17:12,700,2025-05-09 19:17:13.455,6840.0,38059,6830.0,9644,6820.0,4673,6810.0,10481,6800.0,5657,6850.0,7810,6860.0,16349,6870.0,15467,6880.0,3383,6890.0,3476,2025-05-09 19:17:13.197,,2147483647,1596734,False,nan
12801,2082413,1613304945,MERV - XMEV - GGAL - 24hs,6850.0,2025-05-09 19:17:16,3,2025-05-09 19:17:16.139,6840.0,38059,6830.0,9644,6820.0,4673,6810.0,10481,6800.0,5657,6850.0,7810,6860.0,16349,6870.0,15467,6880.0,3383,6890.0,3476,2025-05-09 19:17:16.041,,2147483647,1596734,True,offer
12802,2082450,1613304994,MERV - XMEV - GGAL - 24hs,6850.0,2025-05-09 19:17:16,3,2025-05-09 19:17:16.795,6840.0,38059,6830.0,9644,6820.0,4673,6810.0,10481,6800.0,5657,6850.0,7807,6860.0,16349,6870.0,15467,6880.0,3383,6890.0,3476,2025-05-09 19:17:16.710,,2147483647,1596734,False,nan
12803,2082485,1613305032,MERV - XMEV - GGAL - 24hs,6850.0,2025-05-09 19:17:16,61,2025-05-09 19:17:17.296,6840.0,38059,6830.0,9644,6820.0,4673,6810.0,10481,6800.0,5657,6850.0,7807,6860.0,16349,6870.0,15467,6880.0,3383,6890.0,3476,2025-05-09 19:17:17.210,,2147483647,1596737,False,nan
12804,2082516,1613305071,MERV - XMEV - GGAL - 24hs,6850.0,2025-05-09 19:17:16,61,2025-05-09 19:17:17.806,6840.0,38059,6830.0,9644,6820.0,4673,6810.0,10481,6800.0,5657,6850.0,7746,6860.0,16349,6870.0,15467,6880.0,3383,6890.0,3476,2025-05-09 19:17:17.711,,2147483647,1596798,False,nan
12805,2083184,1613305904,MERV - XMEV - GGAL - 24hs,6850.0,2025-05-09 19:17:21,3,2025-05-09 19:17:22.255,6840.0,38059,6830.0,9644,6820.0,4673,6810.0,10481,6800.0,5657,6850.0,7746,6860.0,16349,6870.0,15467,6880.0,3383,6890.0,3476,2025-05-09 19:17:21.881,,2147483647,1596798,True,offer
12806,2083328,1613306090,MERV - XMEV - GGAL - 24hs,6850.0,2025-05-09 19:17:21,3,2025-05-09 19:17:22.820,6840.0,38059,6830.0,9644,6820.0,4673,6810.0,10347,6800.0,5657,6850.0,7743,6860.0,16349,6870.0,15467,6880.0,3383,6890.0,3476,2025-05-09 19:17:22.504,,2147483647,1596798,False,nan
12807,2083386,1613306162,MERV - XMEV - GGAL - 24hs,6850.0,2025-05-09 19:17:21,3,2025-05-09 19:17:23.090,6840.0,38059,6830.0,9644,6820.0,4673,6810.0,10347,6800.0,5657,6850.0,7743,6860.0,16349,6870.0,15467,6880.0,3383,6890.0,3476,2025-05-09 19:17:23.004,,2147483647,1596801,False,nan
12808,2083775,1613306631,MERV - XMEV - GGAL - 24hs,6850.0,2025-05-09 19:17:24,600,2025-05-09 19:17:24.851,6840.0,38059,6830.0,9644,6820.0,4673,6810.0,10347,6800.0,5657,6850.0,7743,6860.0,16349,6870.0,15467,6880.0,3383,6890.0,3476,2025-05-09 19:17:24.354,,2147483647,1596801,True,offer
12809,2083862,1613306735,MERV - XMEV - GGAL - 24hs,6850.0,2025-05-09 19:17:24,600,2025-05-09 19:17:25.164,6840.0,38059,6830.0,9644,6820.0,4673,6810.0,10347,6800.0,5657,6850.0,7143,6860.0,16349,6870.0,15467,6880.0,3383,6890.0,3476,2025-05-09 19:17:25.024,,2147483647,1596801,False,nan
12810,2083905,1613306788,MERV - XMEV - GGAL - 24hs,6850.0,2025-05-09 19:17:24,600,2025-05-09 19:17:25.616,6840.0,38059,6830.0,9644,6820.0,4673,6810.0,10347,6800.0,5657,6850.0,7143,6860.0,16349,6870.0,15467,6880.0,3383,6890.0,3476,2025-05-09 19:17:25.524,,2147483647,1597401,False,nan
12811,2084057,1613307004,MERV - XMEV - GGAL - 24hs,6840.0,2025-05-09 19:17:27,13,2025-05-09 19:17:27.880,6840.0,38059,6830.0,9644,6820.0,4673,6810.0,10347,6800.0,5657,6850.0,7143,6860.0,16349,6870.0,15467,6880.0,3383,6890.0,3476,2025-05-09 19:17:27.637,,2147483647,1597401,True,bid
12812,2084130,1613307099,MERV - XMEV - GGAL - 24hs,6840.0,2025-05-09 19:17:27,13,2025-05-09 19:17:28.167,6840.0,38046,6830.0,9644,6820.0,4673,6810.0,10347,6800.0,5657,6850.0,7143,6860.0,2064,6870.0,29752,6880.0,3383,6890.0,3476,2025-05-09 19:17:27.903,,2147483647,1597401,False,nan
12813,2084275,1613307288,MERV - XMEV - GGAL - 24hs,6840.0,2025-05-09 19:17:27,13,2025-05-09 19:17:28.750,6840.0,38046,6830.0,9644,6820.0,4673,6810.0,10347,6800.0,5657,6850.0,7143,6860.0,2064,6870.0,29752,6880.0,3383,6890.0,3476,2025-05-09 19:17:28.429,,2147483647,1597414,False,nan
12814,2084541,1613307645,MERV - XMEV - GGAL - 24hs,6840.0,2025-05-09 19:17:27,13,2025-05-09 19:17:31.423,6840.0,38046,6830.0,9644,6820.0,4673,6810.0,10347,6800.0,5657,6850.0,7143,6860.0,2064,6870.0,24752,6880.0,8383,6890.0,3476,2025-05-09 19:17:31.315,,2147483647,1597414,False,nan
12815,2085253,1613308504,MERV - XMEV - GGAL - 24hs,6840.0,2025-05-09 19:17:27,13,2025-05-09 19:17:34.995,6840.0,40421,6830.0,9644,6820.0,4673,6810.0,10347,6800.0,5657,6850.0,7143,6860.0,2064,6870.0,24752,6880.0,8383,6890.0,3476,2025-05-09 19:17:34.749,,2147483647,1597414,False,nan
12816,2085522,1613308856,MERV - XMEV - GGAL - 24hs,6840.0,2025-05-09 19:17:27,13,2025-05-09 19:17:37.299,6840.0,40421,6830.0,9644,6820.0,4673,6810.0,10347,6800.0,20565,6850.0,7143,6860.0,2064,6870.0,24752,6880.0,8383,6890.0,3476,2025-05-09 19:17:37.213,,2147483647,1597414,False,nan
12817,2085591,1613308937,MERV - XMEV - GGAL - 24hs,6840.0,2025-05-09 19:17:27,13,2025-05-09 19:17:38.304,6840.0,40421,6830.0,9644,6820.0,4673,6810.0,10347,6800.0,20565,6850.0,7143,6860.0,64,6870.0,26752,6880.0,8383,6890.0,3476,2025-05-09 19:17:38.219,,2147483647,1597414,False,nan
12818,2085969,1613309420,MERV - XMEV - GGAL - 24hs,6840.0,2025-05-09 19:17:40,60,2025-05-09 19:17:40.572,6840.0,40421,6830.0,9644,6820.0,4673,6810.0,10347,6800.0,20565,6850.0,7143,6860.0,64,6870.0,26752,6880.0,8383,6890.0,3476,2025-05-09 19:17:40.460,,2147483647,1597414,True,bid
12819,2086019,1613309511,MERV - XMEV - GGAL - 24hs,6840.0,2025-05-09 19:17:40,60,2025-05-09 19:17:41.220,6840.0,40361,6830.0,9644,6820.0,4673,6810.0,10347,6800.0,20565,6850.0,7143,6860.0,64,6870.0,26752,6880.0,8383,6890.0,3476,2025-05-09 19:17:41.135,,2147483647,1597414,False,nan
12820,2086058,1613309578,MERV - XMEV - GGAL - 24hs,6840.0,2025-05-09 19:17:40,60,2025-05-09 19:17:41.720,6840.0,40361,6830.0,9644,6820.0,4673,6810.0,10347,6800.0,20565,6850.0,7143,6860.0,64,6870.0,26752,6880.0,8383,6890.0,3476,2025-05-09 19:17:41.635,,2147483647,1597474,False,nan
12821,2086103,1613309637,MERV - XMEV - GGAL - 24hs,6850.0,2025-05-09 19:17:42,50,2025-05-09 19:17:42.220,6840.0,40361,6830.0,9644,6820.0,4673,6810.0,10347,6800.0,20565,6850.0,7143,6860.0,64,6870.0,26752,6880.0,8383,6890.0,3476,2025-05-09 19:17:42.135,,2147483647,1597474,True,offer
12822,2086483,1613310103,MERV - XMEV - GGAL - 24hs,6850.0,2025-05-09 19:17:42,50,2025-05-09 19:17:43.691,6840.0,40361,6830.0,9644,6820.0,4673,6810.0,10347,6800.0,20565,6850.0,7143,6860.0,64,6870.0,26752,6880.0,8383,6890.0,3476,2025-05-09 19:17:43.249,,2147483647,1597524,False,nan
12823,2086557,1613310212,MERV - XMEV - GGAL - 24hs,6850.0,2025-05-09 19:17:43,450,2025-05-09 19:17:44.020,6840.0,40361,6830.0,9644,6820.0,4673,6810.0,10347,6800.0,20565,6850.0,7093,6860.0,64,6870.0,26752,6880.0,8383,6890.0,3476,2025-05-09 19:17:43.650,,2147483647,1597524,True,offer
12824,2086621,1613310292,MERV - XMEV - GGAL - 24hs,6850.0,2025-05-09 19:17:43,450,2025-05-09 19:17:44.268,6840.0,40361,6830.0,9644,6820.0,4673,6810.0,10347,6800.0,20565,6850.0,6643,6860.0,64,6870.0,26752,6880.0,8383,6890.0,3476,2025-05-09 19:17:44.183,,2147483647,1597524,False,nan
12825,2086660,1613310376,MERV - XMEV - GGAL - 24hs,6850.0,2025-05-09 19:17:43,450,2025-05-09 19:17:44.771,6840.0,40361,6830.0,9644,6820.0,4673,6810.0,10347,6800.0,20565,6850.0,6643,6860.0,64,6870.0,26752,6880.0,8383,6890.0,3476,2025-05-09 19:17:44.683,,2147483647,1597974,False,nan
12826,2087055,1613310911,MERV - XMEV - GGAL - 24hs,6850.0,2025-05-09 19:17:49,2,2025-05-09 19:17:49.250,6840.0,40361,6830.0,9644,6820.0,4673,6810.0,10347,6800.0,20565,6850.0,6643,6860.0,64,6870.0,26752,6880.0,8383,6890.0,3476,2025-05-09 19:17:49.163,,2147483647,1597974,True,offer
12827,2087106,1613310967,MERV - XMEV - GGAL - 24hs,6850.0,2025-05-09 19:17:49,2,2025-05-09 19:17:49.919,6840.0,40361,6830.0,9644,6820.0,4673,6810.0,10347,6800.0,20565,6850.0,6641,6860.0,64,6870.0,26752,6880.0,8383,6890.0,3476,2025-05-09 19:17:49.833,,2147483647,1597974,False,nan
12828,2087218,1613311127,MERV - XMEV - GGAL - 24hs,6840.0,2025-05-09 19:17:49,160,2025-05-09 19:17:50.536,6840.0,40361,6830.0,9644,6820.0,4673,6810.0,10347,6800.0,20565,6850.0,6641,6860.0,64,6870.0,26752,6880.0,8383,6890.0,3476,2025-05-09 19:17:50.341,,2147483647,1597976,False,nan
12829,2087254,1613311169,MERV - XMEV - GGAL - 24hs,6840.0,2025-05-09 19:17:49,160,2025-05-09 19:17:50.919,6840.0,40201,6830.0,9644,6820.0,4673,6810.0,10347,6800.0,20565,6850.0,6641,6860.0,64,6870.0,26752,6880.0,8383,6890.0,3476,2025-05-09 19:17:50.833,,2147483647,1598136,False,nan
12830,2087307,1613311236,MERV - XMEV - GGAL - 24hs,6840.0,2025-05-09 19:17:49,160,2025-05-09 19:17:51.591,6840.0,40201,6830.0,9644,6820.0,4673,6810.0,10347,6800.0,20565,6850.0,6641,6860.0,2064,6870.0,29752,6880.0,3383,6890.0,3476,2025-05-09 19:17:51.465,,2147483647,1598136,False,nan
12831,2087460,1613311419,MERV - XMEV - GGAL - 24hs,6840.0,2025-05-09 19:17:49,160,2025-05-09 19:17:52.286,6840.0,40201,6830.0,9644,6820.0,4673,6810.0,10347,6800.0,5657,6850.0,6641,6860.0,64,6870.0,31752,6880.0,3383,6890.0,3476,2025-05-09 19:17:52.197,,2147483647,1598136,False,nan
12832,2087567,1613311563,MERV - XMEV - GGAL - 24hs,6840.0,2025-05-09 19:17:49,160,2025-05-09 19:17:53.295,6840.0,40201,6830.0,9644,6820.0,4673,6810.0,10347,6800.0,20565,6850.0,6641,6860.0,64,6870.0,31752,6880.0,3383,6890.0,3476,2025-05-09 19:17:53.206,,2147483647,1598136,False,nan
12833,2089467,1613314039,MERV - XMEV - GGAL - 24hs,6840.0,2025-05-09 19:17:49,160,2025-05-09 19:18:15.112,6840.0,40201,6830.0,9624,6820.0,4673,6810.0,10347,6800.0,20565,6850.0,6641,6860.0,64,6870.0,31752,6880.0,3383,6890.0,3476,2025-05-09 19:18:15.021,,2147483647,1598136,False,nan
12834,2089841,1613314507,MERV - XMEV - GGAL - 24hs,6840.0,2025-05-09 19:17:49,160,2025-05-09 19:18:19.406,6840.0,40201,6830.0,9624,6820.0,4673,6810.0,10347,6800.0,20565,6850.0,6641,6860.0,14349,6870.0,17467,6880.0,3383,6890.0,3476,2025-05-09 19:18:19.315,,2147483647,1598136,False,nan
12835,2090037,1613314737,MERV - XMEV - GGAL - 24hs,6850.0,2025-05-09 19:18:21,100,2025-05-09 19:18:21.218,6840.0,40201,6830.0,9624,6820.0,4673,6810.0,10347,6800.0,20565,6850.0,6641,6860.0,14349,6870.0,17467,6880.0,3383,6890.0,3476,2025-05-09 19:18:21.132,,2147483647,1598136,True,offer
12836,2090091,1613314802,MERV - XMEV - GGAL - 24hs,6850.0,2025-05-09 19:18:21,100,2025-05-09 19:18:21.893,6840.0,40201,6830.0,9624,6820.0,4673,6810.0,10347,6800.0,20565,6850.0,6541,6860.0,14349,6870.0,17467,6880.0,3383,6890.0,3476,2025-05-09 19:18:21.799,,2147483647,1598136,False,nan
12837,2090137,1613314869,MERV - XMEV - GGAL - 24hs,6850.0,2025-05-09 19:18:21,100,2025-05-09 19:18:22.381,6840.0,40201,6830.0,9624,6820.0,4673,6810.0,10347,6800.0,20565,6850.0,6541,6860.0,14349,6870.0,17467,6880.0,3383,6890.0,3476,2025-05-09 19:18:22.295,,2147483647,1598236,False,nan
12838,2090974,1613315936,MERV - XMEV - GGAL - 24hs,6850.0,2025-05-09 19:18:21,100,2025-05-09 19:18:29.619,6840.0,40201,6830.0,9624,6820.0,4673,6810.0,10347,6800.0,20565,6850.0,6541,6860.0,14449,6870.0,17467,6880.0,3383,6890.0,3476,2025-05-09 19:18:29.534,,2147483647,1598236,False,nan
12839,2091786,1613316923,MERV - XMEV - GGAL - 24hs,6850.0,2025-05-09 19:18:37,2,2025-05-09 19:18:38.057,6840.0,40201,6830.0,9624,6820.0,4673,6810.0,10347,6800.0,20565,6850.0,6541,6860.0,14449,6870.0,17467,6880.0,3383,6890.0,3476,2025-05-09 19:18:37.970,,2147483647,1598236,True,offer
12840,2091912,1613317082,MERV - XMEV - GGAL - 24hs,6850.0,2025-05-09 19:18:37,2,2025-05-09 19:18:38.887,6840.0,40201,6830.0,9624,6820.0,4673,6810.0,10347,6800.0,20565,6850.0,6539,6860.0,14449,6870.0,17467,6880.0,3383,6890.0,3476,2025-05-09 19:18:38.635,,2147483647,1598236,False,nan
12841,2091956,1613317139,MERV - XMEV - GGAL - 24hs,6850.0,2025-05-09 19:18:37,2,2025-05-09 19:18:39.699,6840.0,40201,6830.0,9624,6820.0,4673,6810.0,10347,6800.0,20565,6850.0,6539,6860.0,14449,6870.0,17467,6880.0,3383,6890.0,3476,2025-05-09 19:18:39.597,,2147483647,1598238,False,nan
12842,2092315,1613317561,MERV - XMEV - GGAL - 24hs,6850.0,2025-05-09 19:18:43,14,2025-05-09 19:18:43.239,6840.0,40201,6830.0,9624,6820.0,4673,6810.0,10347,6800.0,20565,6850.0,6539,6860.0,14449,6870.0,17467,6880.0,3383,6890.0,3476,2025-05-09 19:18:43.151,,2147483647,1598238,True,offer
12843,2092397,1613317663,MERV - XMEV - GGAL - 24hs,6850.0,2025-05-09 19:18:43,14,2025-05-09 19:18:43.931,6840.0,40201,6830.0,9624,6820.0,4673,6810.0,10347,6800.0,20565,6850.0,6525,6860.0,14449,6870.0,17467,6880.0,3383,6890.0,3476,2025-05-09 19:18:43.825,,2147483647,1598238,False,nan
12844,2092458,1613317736,MERV - XMEV - GGAL - 24hs,6850.0,2025-05-09 19:18:43,14,2025-05-09 19:18:44.411,6840.0,40201,6830.0,9624,6820.0,4673,6810.0,10347,6800.0,20565,6850.0,6525,6860.0,14449,6870.0,17467,6880.0,3383,6890.0,3476,2025-05-09 19:18:44.325,,2147483647,1598252,False,nan
12845,2093594,1613319137,MERV - XMEV - GGAL - 24hs,6850.0,2025-05-09 19:18:55,1,2025-05-09 19:18:55.725,6840.0,40201,6830.0,9624,6820.0,4673,6810.0,10347,6800.0,20565,6850.0,6525,6860.0,14449,6870.0,17467,6880.0,3383,6890.0,3476,2025-05-09 19:18:55.640,,2147483647,1598252,True,offer
12846,2093639,1613319192,MERV - XMEV - GGAL - 24hs,6850.0,2025-05-09 19:18:55,1,2025-05-09 19:18:56.389,6840.0,40201,6830.0,9624,6820.0,4673,6810.0,10347,6800.0,20565,6850.0,6524,6860.0,14449,6870.0,17467,6880.0,3383,6890.0,3476,2025-05-09 19:18:56.303,,2147483647,1598252,False,nan
12847,2093681,1613319242,MERV - XMEV - GGAL - 24hs,6850.0,2025-05-09 19:18:55,1,2025-05-09 19:18:56.891,6840.0,40201,6830.0,9624,6820.0,4673,6810.0,10347,6800.0,20565,6850.0,6524,6860.0,14449,6870.0,17467,6880.0,3383,6890.0,3476,2025-05-09 19:18:56.805,,2147483647,1598253,False,nan
12848,2095154,1613321166,MERV - XMEV - GGAL - 24hs,6850.0,2025-05-09 19:18:55,1,2025-05-09 19:19:13.006,6840.0,40201,6830.0,9624,6820.0,4673,6810.0,10347,6800.0,20565,6850.0,6524,6860.0,16449,6870.0,15467,6880.0,3383,6890.0,3476,2025-05-09 19:19:12.921,,2147483647,1598253,False,nan
12849,2095768,1613321986,MERV - XMEV - GGAL - 24hs,6850.0,2025-05-09 19:19:19,37,2025-05-09 19:19:19.637,6840.0,40201,6830.0,9624,6820.0,4673,6810.0,10347,6800.0,20565,6850.0,6524,6860.0,16449,6870.0,15467,6880.0,3383,6890.0,3476,2025-05-09 19:19:19.551,,2147483647,1598253,True,offer
12850,2095857,1613322115,MERV - XMEV - GGAL - 24hs,6850.0,2025-05-09 19:19:19,37,2025-05-09 19:19:20.309,6840.0,40201,6830.0,9624,6820.0,4673,6810.0,10347,6800.0,20565,6850.0,6487,6860.0,16449,6870.0,15467,6880.0,3383,6890.0,3476,2025-05-09 19:19:20.217,,2147483647,1598253,False,nan
12851,2095920,1613322210,MERV - XMEV - GGAL - 24hs,6850.0,2025-05-09 19:19:19,37,2025-05-09 19:19:20.807,6840.0,40201,6830.0,9624,6820.0,4673,6810.0,10347,6800.0,20565,6850.0,6487,6860.0,16449,6870.0,15467,6880.0,3383,6890.0,3476,2025-05-09 19:19:20.722,,2147483647,1598290,False,nan
12852,2096137,1613322482,MERV - XMEV - GGAL - 24hs,6850.0,2025-05-09 19:19:19,37,2025-05-09 19:19:22.641,6840.0,40609,6830.0,9624,6820.0,4673,6810.0,10347,6800.0,20565,6850.0,6487,6860.0,16449,6870.0,15467,6880.0,3383,6890.0,3476,2025-05-09 19:19:22.555,,2147483647,1598290,False,nan
12853,2096197,1613322570,MERV - XMEV - GGAL - 24hs,6850.0,2025-05-09 19:19:23,150,2025-05-09 19:19:23.541,6840.0,40609,6830.0,9624,6820.0,4673,6810.0,10347,6800.0,20565,6850.0,6487,6860.0,16449,6870.0,15467,6880.0,3383,6890.0,3476,2025-05-09 19:19:23.455,,2147483647,1598290,True,offer
12854,2096231,1613322638,MERV - XMEV - GGAL - 24hs,6850.0,2025-05-09 19:19:23,1,2025-05-09 19:19:24.052,6840.0,40609,6830.0,9624,6820.0,4673,6810.0,10347,6800.0,20565,6850.0,6487,6860.0,16449,6870.0,15467,6880.0,3383,6890.0,3476,2025-05-09 19:19:23.962,,2147483647,1598440,False,nan
12855,2096278,1613322705,MERV - XMEV - GGAL - 24hs,6850.0,2025-05-09 19:19:23,1,2025-05-09 19:19:24.543,6840.0,40609,6830.0,9624,6820.0,4673,6810.0,10347,6800.0,20565,6850.0,6336,6860.0,16449,6870.0,15467,6880.0,3383,6890.0,3476,2025-05-09 19:19:24.455,,2147483647,1598441,False,nan
12856,2096739,1613323272,MERV - XMEV - GGAL - 24hs,6850.0,2025-05-09 19:19:28,6,2025-05-09 19:19:28.968,6840.0,40609,6830.0,9624,6820.0,4673,6810.0,10347,6800.0,20565,6850.0,6336,6860.0,16449,6870.0,15467,6880.0,3383,6890.0,3476,2025-05-09 19:19:28.881,,2147483647,1598441,True,offer
12857,2096816,1613323372,MERV - XMEV - GGAL - 24hs,6850.0,2025-05-09 19:19:28,6,2025-05-09 19:19:29.639,6840.0,40609,6830.0,9624,6820.0,4673,6810.0,10347,6800.0,20565,6850.0,6330,6860.0,16449,6870.0,15467,6880.0,3383,6890.0,3476,2025-05-09 19:19:29.552,,2147483647,1598441,False,nan
12858,2096845,1613323406,MERV - XMEV - GGAL - 24hs,6850.0,2025-05-09 19:19:28,6,2025-05-09 19:19:30.138,6840.0,40609,6830.0,9624,6820.0,4673,6810.0,10347,6800.0,20565,6850.0,6330,6860.0,16449,6870.0,15467,6880.0,3383,6890.0,3476,2025-05-09 19:19:30.052,,2147483647,1598447,False,nan
12859,2096974,1613323569,MERV - XMEV - GGAL - 24hs,6850.0,2025-05-09 19:19:28,6,2025-05-09 19:19:31.616,6840.0,40609,6830.0,9624,6820.0,4673,6810.0,10347,6800.0,20565,6850.0,6330,6860.0,16449,6870.0,10467,6880.0,8383,6890.0,3476,2025-05-09 19:19:31.507,,2147483647,1598447,False,nan
12860,2097379,1613324099,MERV - XMEV - GGAL - 24hs,6850.0,2025-05-09 19:19:28,6,2025-05-09 19:19:34.709,6840.0,40609,6830.0,9624,6820.0,4523,6810.0,10347,6800.0,20565,6850.0,6330,6860.0,14449,6870.0,12467,6880.0,8383,6890.0,3476,2025-05-09 19:19:34.623,,2147483647,1598447,False,nan
12861,2097477,1613324228,MERV - XMEV - GGAL - 24hs,6850.0,2025-05-09 19:19:28,6,2025-05-09 19:19:35.593,6840.0,40609,6830.0,9624,6820.0,4523,6810.0,10347,6800.0,20565,6850.0,6330,6860.0,14449,6870.0,12467,6880.0,22383,6890.0,3476,2025-05-09 19:19:35.506,,2147483647,1598447,False,nan
12862,2097922,1613324793,MERV - XMEV - GGAL - 24hs,6850.0,2025-05-09 19:19:39,2,2025-05-09 19:19:39.846,6840.0,40609,6830.0,9624,6820.0,4523,6810.0,10347,6800.0,20565,6850.0,6330,6860.0,14449,6870.0,12467,6880.0,22383,6890.0,3476,2025-05-09 19:19:39.751,,2147483647,1598447,True,offer
12863,2097962,1613324874,MERV - XMEV - GGAL - 24hs,6850.0,2025-05-09 19:19:39,2,2025-05-09 19:19:40.505,6840.0,40609,6830.0,9624,6820.0,4523,6810.0,10347,6800.0,20565,6850.0,6328,6860.0,14449,6870.0,12467,6880.0,22383,6890.0,3476,2025-05-09 19:19:40.419,,2147483647,1598447,False,nan
12864,2098007,1613324932,MERV - XMEV - GGAL - 24hs,6850.0,2025-05-09 19:19:39,2,2025-05-09 19:19:41.005,6840.0,40609,6830.0,9624,6820.0,4523,6810.0,10347,6800.0,20565,6850.0,6328,6860.0,14449,6870.0,12467,6880.0,22383,6890.0,3476,2025-05-09 19:19:40.918,,2147483647,1598449,False,nan
12865,2098250,1613325235,MERV - XMEV - GGAL - 24hs,6850.0,2025-05-09 19:19:42,15,2025-05-09 19:19:42.927,6840.0,40609,6830.0,9624,6820.0,4523,6810.0,10347,6800.0,20565,6850.0,6328,6860.0,14449,6870.0,12467,6880.0,22383,6890.0,3476,2025-05-09 19:19:42.842,,2147483647,1598449,True,offer
12866,2098286,1613325278,MERV - XMEV - GGAL - 24hs,6850.0,2025-05-09 19:19:42,15,2025-05-09 19:19:43.431,6840.0,40609,6830.0,9624,6820.0,4523,6810.0,10347,6800.0,20565,6850.0,6313,6860.0,14449,6870.0,12467,6880.0,22383,6890.0,3476,2025-05-09 19:19:43.342,,2147483647,1598449,False,nan
12867,2098339,1613325340,MERV - XMEV - GGAL - 24hs,6850.0,2025-05-09 19:19:42,15,2025-05-09 19:19:43.928,6840.0,40609,6830.0,9624,6820.0,4523,6810.0,10347,6800.0,20565,6850.0,6313,6860.0,14449,6870.0,12467,6880.0,22383,6890.0,3476,2025-05-09 19:19:43.842,,2147483647,1598464,False,nan
12868,2098893,1613326020,MERV - XMEV - GGAL - 24hs,6850.0,2025-05-09 19:19:48,103,2025-05-09 19:19:48.514,6840.0,40609,6830.0,9624,6820.0,4523,6810.0,10347,6800.0,20565,6850.0,6313,6860.0,14449,6870.0,12467,6880.0,22383,6890.0,3476,2025-05-09 19:19:48.427,,2147483647,1598464,True,offer
12869,2098933,1613326077,MERV - XMEV - GGAL - 24hs,6850.0,2025-05-09 19:19:48,103,2025-05-09 19:19:49.179,6840.0,40609,6830.0,9624,6820.0,4523,6810.0,10347,6800.0,20565,6850.0,6210,6860.0,14449,6870.0,12467,6880.0,22383,6890.0,3476,2025-05-09 19:19:49.091,,2147483647,1598464,False,nan
12870,2098962,1613326115,MERV - XMEV - GGAL - 24hs,6850.0,2025-05-09 19:19:48,103,2025-05-09 19:19:49.677,6840.0,40609,6830.0,9624,6820.0,4523,6810.0,10347,6800.0,20565,6850.0,6210,6860.0,14449,6870.0,12467,6880.0,22383,6890.0,3476,2025-05-09 19:19:49.591,,2147483647,1598567,False,nan
12871,2099248,1613326464,MERV - XMEV - GGAL - 24hs,6840.0,2025-05-09 19:19:54,5,2025-05-09 19:19:54.336,6840.0,40609,6830.0,9624,6820.0,4523,6810.0,10347,6800.0,20565,6850.0,6210,6860.0,14449,6870.0,12467,6880.0,22383,6890.0,3476,2025-05-09 19:19:54.250,,2147483647,1598567,True,bid
12872,2099288,1613326507,MERV - XMEV - GGAL - 24hs,6840.0,2025-05-09 19:19:54,5,2025-05-09 19:19:55.003,6840.0,40604,6830.0,9624,6820.0,4523,6810.0,10347,6800.0,20565,6850.0,6210,6860.0,14449,6870.0,12467,6880.0,22383,6890.0,3476,2025-05-09 19:19:54.917,,2147483647,1598567,False,nan
12873,2099326,1613326563,MERV - XMEV - GGAL - 24hs,6840.0,2025-05-09 19:19:54,5,2025-05-09 19:19:55.502,6840.0,40604,6830.0,9624,6820.0,4523,6810.0,10347,6800.0,20565,6850.0,6210,6860.0,14449,6870.0,12467,6880.0,22383,6890.0,3476,2025-05-09 19:19:55.416,,2147483647,1598572,False,nan
12874,2100407,1613327918,MERV - XMEV - GGAL - 24hs,6850.0,2025-05-09 19:20:08,493,2025-05-09 19:20:08.852,6840.0,40604,6830.0,9624,6820.0,4523,6810.0,10347,6800.0,20565,6850.0,6210,6860.0,14449,6870.0,12467,6880.0,22383,6890.0,3476,2025-05-09 19:20:08.765,,2147483647,1598572,True,offer
12875,2100449,1613327975,MERV - XMEV - GGAL - 24hs,6850.0,2025-05-09 19:20:08,493,2025-05-09 19:20:09.519,6840.0,40111,6830.0,9624,6820.0,4523,6810.0,10347,6800.0,20565,6850.0,5517,6860.0,14449,6870.0,12467,6880.0,22383,6890.0,3476,2025-05-09 19:20:09.433,,2147483647,1598572,False,nan
12876,2100490,1613328018,MERV - XMEV - GGAL - 24hs,6850.0,2025-05-09 19:20:08,493,2025-05-09 19:20:10.020,6840.0,40111,6830.0,9624,6820.0,4523,6810.0,10347,6800.0,20565,6850.0,5517,6860.0,14449,6870.0,12467,6880.0,22383,6890.0,3476,2025-05-09 19:20:09.934,,2147483647,1599065,False,nan
12877,2100536,1613328107,MERV - XMEV - GGAL - 24hs,6850.0,2025-05-09 19:20:10,33,2025-05-09 19:20:10.775,6840.0,40111,6830.0,9624,6820.0,4523,6810.0,10347,6800.0,20565,6850.0,5517,6860.0,14449,6870.0,12467,6880.0,22383,6890.0,3476,2025-05-09 19:20:10.689,,2147483647,1599065,True,offer
12878,2100581,1613328163,MERV - XMEV - GGAL - 24hs,6850.0,2025-05-09 19:20:10,3727,2025-05-09 19:20:11.284,6840.0,40111,6830.0,5761,6820.0,4523,6810.0,10347,6800.0,20565,6850.0,1654,6860.0,14449,6870.0,12467,6880.0,22383,6890.0,3476,2025-05-09 19:20:11.189,,2147483647,1599065,False,nan
12879,2100629,1613328235,MERV - XMEV - GGAL - 24hs,6850.0,2025-05-09 19:20:10,3727,2025-05-09 19:20:11.775,6840.0,40111,6830.0,5761,6820.0,4523,6810.0,10347,6800.0,20565,6850.0,1654,6860.0,14449,6870.0,12467,6880.0,22383,6890.0,3476,2025-05-09 19:20:11.690,,2147483647,1602928,False,nan
12880,2101110,1613328833,MERV - XMEV - GGAL - 24hs,6850.0,2025-05-09 19:20:10,3727,2025-05-09 19:20:18.320,6840.0,40111,6830.0,5761,6820.0,4523,6810.0,10287,6800.0,20565,6850.0,1654,6860.0,14449,6870.0,12467,6880.0,22383,6890.0,3476,2025-05-09 19:20:18.235,,2147483647,1602928,False,nan
12881,2101712,1613329604,MERV - XMEV - GGAL - 24hs,6850.0,2025-05-09 19:20:10,3727,2025-05-09 19:20:25.127,6840.0,40171,6830.0,5761,6820.0,4523,6810.0,10287,6800.0,20565,6850.0,1654,6860.0,14449,6870.0,12467,6880.0,22383,6890.0,3476,2025-05-09 19:20:24.738,,2147483647,1602928,False,nan
12882,2102164,1613330224,MERV - XMEV - GGAL - 24hs,6850.0,2025-05-09 19:20:10,3727,2025-05-09 19:20:28.575,6840.0,40171,6830.0,5761,6820.0,4523,6810.0,25195,6800.0,5657,6850.0,1654,6860.0,14449,6870.0,12467,6880.0,22383,6890.0,3476,2025-05-09 19:20:28.489,,2147483647,1602928,False,nan
12883,2102253,1613330343,MERV - XMEV - GGAL - 24hs,6850.0,2025-05-09 19:20:10,3727,2025-05-09 19:20:29.344,6840.0,40171,6830.0,5761,6820.0,4523,6810.0,25195,6800.0,6657,6850.0,1654,6860.0,14449,6870.0,17467,6880.0,17383,6890.0,3476,2025-05-09 19:20:29.230,,2147483647,1602928,False,nan
12884,2102374,1613330490,MERV - XMEV - GGAL - 24hs,6840.0,2025-05-09 19:20:30,150,2025-05-09 19:20:30.589,6840.0,40171,6830.0,5761,6820.0,4523,6810.0,25195,6800.0,6657,6850.0,1654,6860.0,14449,6870.0,17467,6880.0,17383,6890.0,3476,2025-05-09 19:20:30.502,,2147483647,1602928,True,bid
12885,2102427,1613330559,MERV - XMEV - GGAL - 24hs,6840.0,2025-05-09 19:20:30,150,2025-05-09 19:20:31.274,6840.0,40021,6830.0,5761,6820.0,4523,6810.0,10287,6800.0,20565,6850.0,1654,6860.0,14449,6870.0,17467,6880.0,17383,6890.0,3476,2025-05-09 19:20:31.189,,2147483647,1602928,False,nan
12886,2102500,1613330641,MERV - XMEV - GGAL - 24hs,6840.0,2025-05-09 19:20:30,150,2025-05-09 19:20:31.778,6840.0,40021,6830.0,5761,6820.0,4523,6810.0,10287,6800.0,20565,6850.0,1654,6860.0,14449,6870.0,17467,6880.0,17383,6890.0,3476,2025-05-09 19:20:31.689,,2147483647,1603078,False,nan
12887,2102546,1613330698,MERV - XMEV - GGAL - 24hs,6840.0,2025-05-09 19:20:30,150,2025-05-09 19:20:32.275,6840.0,40021,6830.0,5761,6820.0,4523,6810.0,10287,6800.0,20565,6850.0,1654,6860.0,14449,6870.0,12467,6880.0,22383,6890.0,3476,2025-05-09 19:20:32.189,,2147483647,1603078,False,nan
12888,2102893,1613331127,MERV - XMEV - GGAL - 24hs,6840.0,2025-05-09 19:20:34,257,2025-05-09 19:20:35.065,6840.0,40021,6830.0,5761,6820.0,4523,6810.0,10287,6800.0,20565,6850.0,1654,6860.0,14449,6870.0,12467,6880.0,22383,6890.0,3476,2025-05-09 19:20:34.893,,2147483647,1603078,True,bid
12889,2102933,1613331174,MERV - XMEV - GGAL - 24hs,6850.0,2025-05-09 19:20:35,700,2025-05-09 19:20:35.483,6840.0,40021,6830.0,5761,6820.0,4523,6810.0,10287,6800.0,20565,6850.0,1654,6860.0,14449,6870.0,12467,6880.0,22383,6890.0,3476,2025-05-09 19:20:35.396,,2147483647,1603340,True,offer
12890,2102996,1613331248,MERV - XMEV - GGAL - 24hs,6850.0,2025-05-09 19:20:35,1,2025-05-09 19:20:35.986,6840.0,39764,6830.0,5761,6820.0,4523,6810.0,10287,6800.0,20565,6850.0,949,6860.0,14449,6870.0,12467,6880.0,22383,6890.0,3476,2025-05-09 19:20:35.894,,2147483647,1604040,False,nan
12891,2103039,1613331302,MERV - XMEV - GGAL - 24hs,6850.0,2025-05-09 19:20:35,1,2025-05-09 19:20:36.559,6840.0,39840,6830.0,5761,6820.0,4523,6810.0,10287,6800.0,20558,6860.0,14449,6870.0,12467,6880.0,22383,6890.0,3476,6900.0,11976,2025-05-09 19:20:36.473,,2147483647,1604040,False,nan
12892,2103090,1613331377,MERV - XMEV - GGAL - 24hs,6850.0,2025-05-09 19:20:35,1,2025-05-09 19:20:37.059,6840.0,39840,6830.0,5761,6820.0,4523,6810.0,10287,6800.0,20558,6860.0,14449,6870.0,12467,6880.0,22383,6890.0,3476,6900.0,11976,2025-05-09 19:20:36.974,,2147483647,1604989,False,nan
12893,2103151,1613331449,MERV - XMEV - GGAL - 24hs,6860.0,2025-05-09 19:20:37,50,2025-05-09 19:20:37.904,6840.0,39840,6830.0,5761,6820.0,4523,6810.0,10287,6800.0,20558,6860.0,14449,6870.0,12467,6880.0,22383,6890.0,3476,6900.0,11976,2025-05-09 19:20:37.811,,2147483647,1604989,True,offer
12894,2103171,1613331477,MERV - XMEV - GGAL - 24hs,6860.0,2025-05-09 19:20:37,100,2025-05-09 19:20:38.397,6840.0,39840,6830.0,5761,6820.0,4523,6810.0,10287,6800.0,20558,6860.0,14449,6870.0,12467,6880.0,22383,6890.0,3476,6900.0,11976,2025-05-09 19:20:38.311,,2147483647,1604989,False,nan
12895,2103192,1613331507,MERV - XMEV - GGAL - 24hs,6860.0,2025-05-09 19:20:37,100,2025-05-09 19:20:38.896,6840.0,39840,6830.0,5761,6820.0,4523,6810.0,25195,6800.0,6650,6870.0,27467,6880.0,22383,6890.0,3476,6900.0,11976,6910.0,293,2025-05-09 19:20:38.811,,2147483647,1619438,False,nan
12896,2103222,1613331541,MERV - XMEV - GGAL - 24hs,6870.0,2025-05-09 19:20:39,918,2025-05-09 19:20:39.397,6850.0,2008,6840.0,39840,6830.0,5761,6820.0,4523,6810.0,25195,6870.0,27467,6880.0,22383,6890.0,3476,6900.0,11976,6910.0,293,2025-05-09 19:20:39.311,,2147483647,1619438,True,offer
12897,2103245,1613331567,MERV - XMEV - GGAL - 24hs,6850.0,2025-05-09 19:20:39,1200,2025-05-09 19:20:39.898,6850.0,2008,6840.0,39840,6830.0,5761,6820.0,4523,6810.0,25195,6870.0,27467,6880.0,22383,6890.0,3476,6900.0,11976,6910.0,293,2025-05-09 19:20:39.811,,2147483647,1632823,False,nan
12898,2103274,1613331602,MERV - XMEV - GGAL - 24hs,6850.0,2025-05-09 19:20:39,1200,2025-05-09 19:20:40.396,6850.0,95,6840.0,39764,6830.0,5761,6820.0,4523,6810.0,26195,6870.0,14082,6880.0,27383,6890.0,8476,6900.0,11976,6910.0,293,2025-05-09 19:20:40.311,,2147483647,1634812,False,nan
12899,2103375,1613331723,MERV - XMEV - GGAL - 24hs,6850.0,2025-05-09 19:20:39,1200,2025-05-09 19:20:41.967,6850.0,95,6840.0,39764,6830.0,5761,6820.0,19431,6810.0,11287,6870.0,14082,6880.0,27383,6890.0,8476,6900.0,11976,6910.0,293,2025-05-09 19:20:41.881,,2147483647,1634812,False,nan
12900,2104318,1613332941,MERV - XMEV - GGAL - 24hs,6850.0,2025-05-09 19:20:39,1200,2025-05-09 19:20:52.896,6850.0,95,6840.0,39764,6830.0,5761,6820.0,19431,6810.0,11287,6880.0,41465,6890.0,8476,6900.0,11976,6910.0,293,6920.0,9475,2025-05-09 19:20:52.787,,2147483647,1634812,False,nan
12901,2104353,1613333009,MERV - XMEV - GGAL - 24hs,6850.0,2025-05-09 19:20:52,76,2025-05-09 19:20:53.375,6850.0,95,6840.0,39764,6830.0,5761,6820.0,19431,6810.0,11287,6880.0,41465,6890.0,8476,6900.0,11976,6910.0,293,6920.0,9475,2025-05-09 19:20:53.287,,2147483647,1634812,True,bid
12902,2104389,1613333071,MERV - XMEV - GGAL - 24hs,6850.0,2025-05-09 19:20:52,76,2025-05-09 19:20:53.872,6840.0,39764,6830.0,5761,6820.0,19431,6810.0,11287,6800.0,5650,6850.0,62,6880.0,41465,6890.0,8476,6900.0,11976,6910.0,300,2025-05-09 19:20:53.787,,2147483647,1634907,False,nan
12903,2104414,1613333104,MERV - XMEV - GGAL - 24hs,6850.0,2025-05-09 19:20:54,62,2025-05-09 19:20:54.373,6840.0,39764,6830.0,5761,6820.0,19431,6810.0,11287,6800.0,5650,6850.0,62,6880.0,41465,6890.0,8476,6900.0,11976,6910.0,300,2025-05-09 19:20:54.287,,2147483647,1634907,True,offer
12904,2104450,1613333146,MERV - XMEV - GGAL - 24hs,6850.0,2025-05-09 19:20:54,62,2025-05-09 19:20:54.926,6840.0,39764,6830.0,5761,6820.0,19431,6810.0,11287,6800.0,5650,6880.0,41465,6890.0,8476,6900.0,11976,6910.0,300,6920.0,9475,2025-05-09 19:20:54.839,,2147483647,1634907,False,nan
12905,2104478,1613333179,MERV - XMEV - GGAL - 24hs,6870.0,2025-05-09 19:20:55,75,2025-05-09 19:20:55.425,6840.0,39764,6830.0,5761,6820.0,19431,6810.0,11287,6800.0,5650,6880.0,41465,6890.0,8476,6900.0,11976,6910.0,300,6920.0,9475,2025-05-09 19:20:55.340,,2147483647,1634970,True,offer
12906,2104514,1613333220,MERV - XMEV - GGAL - 24hs,6870.0,2025-05-09 19:20:55,75,2025-05-09 19:20:55.926,6850.0,1,6840.0,39764,6830.0,5761,6820.0,4523,6810.0,26195,6880.0,43465,6890.0,8476,6900.0,11976,6910.0,293,6920.0,9475,2025-05-09 19:20:55.839,,2147483647,1634970,False,nan
12907,2104551,1613333262,MERV - XMEV - GGAL - 24hs,6870.0,2025-05-09 19:20:55,75,2025-05-09 19:20:56.429,6850.0,1,6840.0,39764,6830.0,5761,6820.0,4523,6810.0,26195,6880.0,43465,6890.0,8476,6900.0,11976,6910.0,293,6920.0,9475,2025-05-09 19:20:56.340,,2147483647,1635045,False,nan
12908,2104601,1613333323,MERV - XMEV - GGAL - 24hs,6870.0,2025-05-09 19:20:55,75,2025-05-09 19:20:56.952,6850.0,1,6840.0,39764,6830.0,5761,6820.0,4523,6810.0,25195,6880.0,43465,6890.0,8476,6900.0,11976,6910.0,293,6920.0,9475,2025-05-09 19:20:56.840,,2147483647,1635045,False,nan
12909,2104941,1613333720,MERV - XMEV - GGAL - 24hs,6870.0,2025-05-09 19:20:55,75,2025-05-09 19:20:58.595,6850.0,1,6840.0,39764,6830.0,5761,6820.0,4523,6810.0,25195,6880.0,29465,6890.0,8476,6900.0,11976,6910.0,293,6920.0,9475,2025-05-09 19:20:58.136,,2147483647,1635045,False,nan
12910,2105132,1613333956,MERV - XMEV - GGAL - 24hs,6870.0,2025-05-09 19:21:00,450,2025-05-09 19:21:01.069,6850.0,1,6840.0,39764,6830.0,5761,6820.0,4523,6810.0,25195,6880.0,29465,6890.0,8476,6900.0,11976,6910.0,293,6920.0,9475,2025-05-09 19:21:00.983,,2147483647,1635045,True,offer
12911,2105169,1613334000,MERV - XMEV - GGAL - 24hs,6870.0,2025-05-09 19:21:00,450,2025-05-09 19:21:01.693,6850.0,1,6840.0,39764,6830.0,5761,6820.0,4523,6810.0,25195,6870.0,2000,6880.0,27465,6890.0,8476,6900.0,11976,6910.0,293,2025-05-09 19:21:01.608,,2147483647,1635045,False,nan
12912,2105208,1613334065,MERV - XMEV - GGAL - 24hs,6870.0,2025-05-09 19:21:01,143,2025-05-09 19:21:02.192,6850.0,1,6840.0,39764,6830.0,5761,6820.0,4523,6810.0,25195,6870.0,2000,6880.0,27465,6890.0,8476,6900.0,11976,6910.0,293,2025-05-09 19:21:02.107,,2147483647,1635638,True,offer
12913,2105248,1613334118,MERV - XMEV - GGAL - 24hs,6870.0,2025-05-09 19:21:02,1857,2025-05-09 19:21:02.698,6850.0,1,6840.0,39764,6830.0,5761,6820.0,4523,6810.0,25195,6880.0,27465,6890.0,8476,6900.0,11976,6910.0,293,6920.0,9475,2025-05-09 19:21:02.611,,2147483647,1635638,True,offer
12914,2105305,1613334192,MERV - XMEV - GGAL - 24hs,6870.0,2025-05-09 19:21:02,1857,2025-05-09 19:21:03.198,6850.0,1,6840.0,39764,6830.0,5761,6820.0,4523,6810.0,25195,6870.0,2000,6880.0,27465,6890.0,8476,6900.0,11976,6910.0,293,2025-05-09 19:21:03.111,,2147483647,1637495,False,nan
12915,2105362,1613334287,MERV - XMEV - GGAL - 24hs,6870.0,2025-05-09 19:21:04,2000,2025-05-09 19:21:04.271,6850.0,1,6840.0,39764,6830.0,5761,6820.0,4523,6810.0,25195,6870.0,2000,6880.0,27465,6890.0,8476,6900.0,11976,6910.0,293,2025-05-09 19:21:04.185,,2147483647,1637495,True,offer
12916,2105408,1613334338,MERV - XMEV - GGAL - 24hs,6870.0,2025-05-09 19:21:04,2000,2025-05-09 19:21:04.935,6850.0,1,6840.0,39764,6830.0,5761,6820.0,4523,6810.0,25195,6870.0,5000,6880.0,27465,6890.0,8476,6900.0,11976,6910.0,293,2025-05-09 19:21:04.849,,2147483647,1637495,False,nan
12917,2105457,1613334410,MERV - XMEV - GGAL - 24hs,6870.0,2025-05-09 19:21:04,2000,2025-05-09 19:21:05.437,6850.0,1,6840.0,39764,6830.0,5761,6820.0,4523,6810.0,25195,6870.0,5000,6880.0,27465,6890.0,8476,6900.0,11976,6910.0,293,2025-05-09 19:21:05.351,,2147483647,1639495,False,nan
12918,2105555,1613334525,MERV - XMEV - GGAL - 24hs,6870.0,2025-05-09 19:21:04,2000,2025-05-09 19:21:05.951,6850.0,1,6840.0,39764,6830.0,5761,6820.0,4523,6810.0,25195,6870.0,5431,6880.0,27465,6890.0,8476,6900.0,11976,6910.0,293,2025-05-09 19:21:05.857,,2147483647,1639495,False,nan
12919,2105659,1613334651,MERV - XMEV - GGAL - 24hs,6870.0,2025-05-09 19:21:06,431,2025-05-09 19:21:06.454,6850.0,1,6840.0,39764,6830.0,5761,6820.0,4523,6810.0,25195,6870.0,5431,6880.0,27465,6890.0,8476,6900.0,11976,6910.0,293,2025-05-09 19:21:06.353,,2147483647,1639495,True,offer
12920,2105714,1613334719,MERV - XMEV - GGAL - 24hs,6870.0,2025-05-09 19:21:06,431,2025-05-09 19:21:06.947,6850.0,1,6840.0,39764,6830.0,5761,6820.0,4523,6810.0,25195,6870.0,2000,6880.0,27465,6890.0,8476,6900.0,11976,6910.0,293,2025-05-09 19:21:06.853,,2147483647,1639495,False,nan
12921,2105739,1613334747,MERV - XMEV - GGAL - 24hs,6870.0,2025-05-09 19:21:06,431,2025-05-09 19:21:07.444,6850.0,1,6840.0,39764,6830.0,5761,6820.0,4523,6810.0,25195,6870.0,2000,6880.0,27465,6890.0,8476,6900.0,11976,6910.0,293,2025-05-09 19:21:07.358,,2147483647,1644926,False,nan
12922,2105817,1613334891,MERV - XMEV - GGAL - 24hs,6870.0,2025-05-09 19:21:08,1629,2025-05-09 19:21:08.277,6850.0,1,6840.0,39764,6830.0,5761,6820.0,4523,6810.0,25195,6870.0,2000,6880.0,27465,6890.0,8476,6900.0,11976,6910.0,293,2025-05-09 19:21:08.191,,2147483647,1644926,True,offer
12923,2105873,1613334961,MERV - XMEV - GGAL - 24hs,6870.0,2025-05-09 19:21:08,1629,2025-05-09 19:21:08.936,6850.0,1,6840.0,39764,6830.0,5761,6820.0,4523,6810.0,25195,6870.0,371,6880.0,27465,6890.0,8476,6900.0,11976,6910.0,293,2025-05-09 19:21:08.849,,2147483647,1644926,False,nan
12924,2105919,1613335013,MERV - XMEV - GGAL - 24hs,6870.0,2025-05-09 19:21:08,1629,2025-05-09 19:21:09.448,6850.0,1,6840.0,39764,6830.0,5761,6820.0,4523,6810.0,25195,6870.0,371,6880.0,27465,6890.0,8476,6900.0,11976,6910.0,293,2025-05-09 19:21:09.359,,2147483647,1646555,False,nan
12925,2105997,1613335106,MERV - XMEV - GGAL - 24hs,6870.0,2025-05-09 19:21:08,1629,2025-05-09 19:21:10.148,6850.0,1,6840.0,39764,6830.0,5761,6820.0,4523,6810.0,25195,6870.0,193,6880.0,27465,6890.0,8476,6900.0,11976,6910.0,293,2025-05-09 19:21:10.049,,2147483647,1646555,False,nan
12926,2106531,1613335719,MERV - XMEV - GGAL - 24hs,6870.0,2025-05-09 19:21:08,1629,2025-05-09 19:21:12.759,6850.0,1,6840.0,39764,6830.0,5761,6820.0,4523,6810.0,25195,6870.0,993,6880.0,27465,6890.0,8476,6900.0,11976,6910.0,293,2025-05-09 19:21:12.674,,2147483647,1646555,False,nan
12927,2106589,1613335785,MERV - XMEV - GGAL - 24hs,6870.0,2025-05-09 19:21:08,1629,2025-05-09 19:21:13.668,6850.0,1,6840.0,39764,6830.0,5761,6820.0,4523,6810.0,25195,6870.0,993,6880.0,27465,6890.0,7479,6900.0,12973,6910.0,293,2025-05-09 19:21:13.418,,2147483647,1646555,False,nan
12928,2106670,1613335900,MERV - XMEV - GGAL - 24hs,6870.0,2025-05-09 19:21:08,1629,2025-05-09 19:21:14.936,6850.0,3001,6840.0,39764,6830.0,5761,6820.0,4523,6810.0,25195,6870.0,993,6880.0,27465,6890.0,7479,6900.0,12973,6910.0,293,2025-05-09 19:21:14.847,,2147483647,1646555,False,nan
12929,2106779,1613336090,MERV - XMEV - GGAL - 24hs,6870.0,2025-05-09 19:21:08,1629,2025-05-09 19:21:16.144,6850.0,3001,6840.0,39764,6830.0,5761,6820.0,4523,6810.0,25195,6870.0,993,6880.0,27465,6890.0,7479,6900.0,12973,6910.0,493,2025-05-09 19:21:16.018,,2147483647,1646555,False,nan
12930,2107208,1613336728,MERV - XMEV - GGAL - 24hs,6870.0,2025-05-09 19:21:19,2,2025-05-09 19:21:19.876,6850.0,3001,6840.0,39764,6830.0,5761,6820.0,4523,6810.0,25195,6870.0,993,6880.0,27465,6890.0,7479,6900.0,12973,6910.0,493,2025-05-09 19:21:19.791,,2147483647,1646555,True,offer
12931,2107257,1613336781,MERV - XMEV - GGAL - 24hs,6870.0,2025-05-09 19:21:19,2,2025-05-09 19:21:20.376,6850.0,3001,6840.0,39764,6830.0,5761,6820.0,4523,6810.0,25195,6870.0,4341,6880.0,27465,6890.0,7479,6900.0,12973,6910.0,493,2025-05-09 19:21:20.290,,2147483647,1646555,False,nan
12932,2107285,1613336820,MERV - XMEV - GGAL - 24hs,6870.0,2025-05-09 19:21:19,2,2025-05-09 19:21:20.891,6850.0,3001,6840.0,39764,6830.0,5761,6820.0,4523,6810.0,25195,6870.0,4341,6880.0,27465,6890.0,7479,6900.0,12973,6910.0,493,2025-05-09 19:21:20.790,,2147483647,1646557,False,nan
12933,2107389,1613336935,MERV - XMEV - GGAL - 24hs,6870.0,2025-05-09 19:21:19,2,2025-05-09 19:21:22.467,6850.0,3001,6840.0,39764,6830.0,5761,6820.0,4523,6810.0,25195,6870.0,7691,6880.0,27465,6890.0,7479,6900.0,12973,6910.0,493,2025-05-09 19:21:22.375,,2147483647,1646557,False,nan
12934,2107495,1613337053,MERV - XMEV - GGAL - 24hs,6870.0,2025-05-09 19:21:19,2,2025-05-09 19:21:23.770,6850.0,3001,6840.0,39764,6830.0,5761,6820.0,4523,6810.0,25195,6870.0,7991,6880.0,27465,6890.0,7479,6900.0,12973,6910.0,493,2025-05-09 19:21:23.684,,2147483647,1646557,False,nan
12935,2107528,1613337089,MERV - XMEV - GGAL - 24hs,6870.0,2025-05-09 19:21:23,2848,2025-05-09 19:21:24.265,6850.0,3001,6840.0,39764,6830.0,5761,6820.0,4523,6810.0,25195,6870.0,7991,6880.0,27465,6890.0,7479,6900.0,12973,6910.0,493,2025-05-09 19:21:24.178,,2147483647,1646557,True,offer
12936,2107551,1613337147,MERV - XMEV - GGAL - 24hs,6870.0,2025-05-09 19:21:23,2848,2025-05-09 19:21:24.763,6850.0,3001,6840.0,39764,6830.0,5761,6820.0,4523,6810.0,25195,6870.0,4152,6880.0,27465,6890.0,7479,6900.0,12973,6910.0,493,2025-05-09 19:21:24.677,,2147483647,1653746,False,nan
12937,2108904,1613338914,MERV - XMEV - GGAL - 24hs,6870.0,2025-05-09 19:21:23,2848,2025-05-09 19:21:32.636,6850.0,3001,6840.0,39356,6830.0,5761,6820.0,4523,6810.0,25195,6870.0,4152,6880.0,27465,6890.0,7479,6900.0,12973,6910.0,493,2025-05-09 19:21:32.533,,2147483647,1653746,False,nan
12938,2109849,1613340057,MERV - XMEV - GGAL - 24hs,6870.0,2025-05-09 19:21:38,502,2025-05-09 19:21:38.615,6850.0,3001,6840.0,39356,6830.0,5761,6820.0,4523,6810.0,25195,6870.0,4152,6880.0,27465,6890.0,7479,6900.0,12973,6910.0,493,2025-05-09 19:21:38.528,,2147483647,1653746,True,offer
12939,2109911,1613340137,MERV - XMEV - GGAL - 24hs,6870.0,2025-05-09 19:21:38,3,2025-05-09 19:21:39.127,6850.0,3001,6840.0,39356,6830.0,5761,6820.0,4523,6810.0,25195,6870.0,4152,6880.0,27465,6890.0,7479,6900.0,12973,6910.0,493,2025-05-09 19:21:39.028,,2147483647,1657898,False,nan
12940,2109996,1613340244,MERV - XMEV - GGAL - 24hs,6870.0,2025-05-09 19:21:38,3,2025-05-09 19:21:39.614,6850.0,3001,6840.0,39356,6830.0,5761,6820.0,4523,6810.0,25195,6870.0,6697,6880.0,27465,6890.0,7479,6900.0,12973,6910.0,493,2025-05-09 19:21:39.528,,2147483647,1657901,False,nan
12941,2110040,1613340297,MERV - XMEV - GGAL - 24hs,6870.0,2025-05-09 19:21:39,3037,2025-05-09 19:21:40.116,6850.0,3001,6840.0,39356,6830.0,5761,6820.0,4523,6810.0,25195,6870.0,6697,6880.0,27465,6890.0,7479,6900.0,12973,6910.0,493,2025-05-09 19:21:40.028,,2147483647,1657901,True,offer
12942,2110127,1613340422,MERV - XMEV - GGAL - 24hs,6870.0,2025-05-09 19:21:39,3037,2025-05-09 19:21:40.708,6850.0,3409,6840.0,39356,6830.0,5761,6820.0,4523,6810.0,25195,6870.0,3660,6880.0,29465,6890.0,7479,6900.0,12573,6910.0,493,2025-05-09 19:21:40.527,,2147483647,1657901,False,nan
12943,2110178,1613340512,MERV - XMEV - GGAL - 24hs,6870.0,2025-05-09 19:21:39,3037,2025-05-09 19:21:41.116,6850.0,3409,6840.0,39356,6830.0,5761,6820.0,4523,6810.0,25195,6870.0,3660,6880.0,29465,6890.0,7479,6900.0,12573,6910.0,493,2025-05-09 19:21:41.028,,2147483647,1660938,False,nan
12944,2110280,1613340636,MERV - XMEV - GGAL - 24hs,6870.0,2025-05-09 19:21:39,3037,2025-05-09 19:21:41.663,6850.0,3431,6840.0,39356,6830.0,5761,6820.0,4523,6810.0,25195,6870.0,3660,6880.0,29465,6890.0,7479,6900.0,12573,6910.0,493,2025-05-09 19:21:41.528,,2147483647,1660938,False,nan
12945,2110712,1613341216,MERV - XMEV - GGAL - 24hs,6870.0,2025-05-09 19:21:39,3037,2025-05-09 19:21:44.887,6850.0,3503,6840.0,39356,6830.0,5761,6820.0,4523,6810.0,25195,6870.0,3660,6880.0,29465,6890.0,7479,6900.0,12573,6910.0,493,2025-05-09 19:21:44.802,,2147483647,1660938,False,nan
12946,2111566,1613342349,MERV - XMEV - GGAL - 24hs,6870.0,2025-05-09 19:21:39,3037,2025-05-09 19:21:53.671,6850.0,3903,6840.0,39356,6830.0,5761,6820.0,4523,6810.0,25195,6870.0,3660,6880.0,29465,6890.0,7479,6900.0,12573,6910.0,493,2025-05-09 19:21:53.576,,2147483647,1660938,False,nan
12947,2111983,1613342927,MERV - XMEV - GGAL - 24hs,6870.0,2025-05-09 19:21:56,310,2025-05-09 19:21:57.175,6850.0,3903,6840.0,39356,6830.0,5761,6820.0,4523,6810.0,25195,6870.0,3660,6880.0,29465,6890.0,7479,6900.0,12573,6910.0,493,2025-05-09 19:21:56.958,,2147483647,1660938,True,offer
12948,2112006,1613342956,MERV - XMEV - GGAL - 24hs,6870.0,2025-05-09 19:21:56,2565,2025-05-09 19:21:57.541,6850.0,3903,6840.0,39356,6830.0,5761,6820.0,4523,6810.0,25195,6870.0,3660,6880.0,29465,6890.0,7479,6900.0,12573,6910.0,493,2025-05-09 19:21:57.456,,2147483647,1660938,False,nan
12949,2112033,1613342991,MERV - XMEV - GGAL - 24hs,6870.0,2025-05-09 19:21:56,2565,2025-05-09 19:21:58.042,6850.0,3903,6840.0,39356,6830.0,5761,6820.0,4523,6810.0,25195,6870.0,4135,6880.0,29465,6890.0,7479,6900.0,12573,6910.0,493,2025-05-09 19:21:57.956,,2147483647,1663813,False,nan
12950,2112496,1613343634,MERV - XMEV - GGAL - 24hs,6870.0,2025-05-09 19:21:56,2565,2025-05-09 19:22:02.680,6850.0,3881,6840.0,39356,6830.0,5761,6820.0,4523,6810.0,25195,6870.0,4135,6880.0,29465,6890.0,7479,6900.0,12573,6910.0,493,2025-05-09 19:22:02.594,,2147483647,1663813,False,nan
12951,2113591,1613345034,MERV - XMEV - GGAL - 24hs,6870.0,2025-05-09 19:21:56,2565,2025-05-09 19:22:10.517,6850.0,3881,6840.0,39356,6830.0,5761,6820.0,4523,6810.0,10287,6870.0,4135,6880.0,29465,6890.0,7479,6900.0,12573,6910.0,493,2025-05-09 19:22:10.428,,2147483647,1663813,False,nan
12952,2113657,1613345116,MERV - XMEV - GGAL - 24hs,6870.0,2025-05-09 19:21:56,2565,2025-05-09 19:22:11.308,6850.0,3881,6840.0,39356,6830.0,5761,6820.0,4623,6810.0,10287,6870.0,4135,6880.0,29465,6890.0,7479,6900.0,12573,6910.0,493,2025-05-09 19:22:11.221,,2147483647,1663813,False,nan
12953,2113834,1613345322,MERV - XMEV - GGAL - 24hs,6870.0,2025-05-09 19:22:11,1803,2025-05-09 19:22:12.067,6850.0,3881,6840.0,39356,6830.0,5761,6820.0,4623,6810.0,10287,6870.0,4135,6880.0,29465,6890.0,7479,6900.0,12573,6910.0,493,2025-05-09 19:22:11.739,,2147483647,1663813,True,offer
12954,2113999,1613345526,MERV - XMEV - GGAL - 24hs,6870.0,2025-05-09 19:22:11,1803,2025-05-09 19:22:12.680,6850.0,3881,6840.0,39356,6830.0,5761,6820.0,4623,6810.0,10287,6870.0,4897,6880.0,29465,6890.0,7479,6900.0,12573,6910.0,493,2025-05-09 19:22:12.222,,2147483647,1663813,False,nan
12955,2114034,1613345607,MERV - XMEV - GGAL - 24hs,6870.0,2025-05-09 19:22:11,1803,2025-05-09 19:22:12.927,6850.0,3881,6840.0,39356,6830.0,5761,6820.0,4623,6810.0,10287,6870.0,4897,6880.0,29465,6890.0,7479,6900.0,12573,6910.0,493,2025-05-09 19:22:12.722,,2147483647,1666401,False,nan
12956,2114223,1613345878,MERV - XMEV - GGAL - 24hs,6870.0,2025-05-09 19:22:11,1803,2025-05-09 19:22:15.431,6850.0,3503,6840.0,39356,6830.0,5761,6820.0,4623,6810.0,10287,6870.0,4897,6880.0,29465,6890.0,7479,6900.0,12573,6910.0,493,2025-05-09 19:22:15.346,,2147483647,1666401,False,nan
12957,2114503,1613346208,MERV - XMEV - GGAL - 24hs,6850.0,2025-05-09 19:22:18,1,2025-05-09 19:22:18.535,6850.0,3503,6840.0,39356,6830.0,5761,6820.0,4623,6810.0,10287,6870.0,4897,6880.0,29465,6890.0,7479,6900.0,12573,6910.0,493,2025-05-09 19:22:18.450,,2147483647,1666401,True,bid
12958,2114571,1613346290,MERV - XMEV - GGAL - 24hs,6870.0,2025-05-09 19:22:18,1,2025-05-09 19:22:19.035,6850.0,578,6840.0,39356,6830.0,5761,6820.0,4623,6810.0,10287,6870.0,30979,6880.0,8383,6890.0,2479,6900.0,12573,6910.0,493,2025-05-09 19:22:18.949,,2147483647,1669431,False,nan
12959,2114626,1613346358,MERV - XMEV - GGAL - 24hs,6870.0,2025-05-09 19:22:18,1,2025-05-09 19:22:19.537,6850.0,578,6840.0,39356,6830.0,5761,6820.0,4623,6810.0,10287,6870.0,30979,6880.0,8383,6890.0,2479,6900.0,12573,6910.0,493,2025-05-09 19:22:19.449,,2147483647,1669432,False,nan
12960,2114654,1613346395,MERV - XMEV - GGAL - 24hs,6870.0,2025-05-09 19:22:18,1,2025-05-09 19:22:20.035,6850.0,578,6840.0,39356,6830.0,5761,6820.0,4623,6810.0,10287,6870.0,31079,6880.0,8383,6890.0,2479,6900.0,12573,6910.0,493,2025-05-09 19:22:19.950,,2147483647,1669432,False,nan
12961,2115143,1613346980,MERV - XMEV - GGAL - 24hs,6870.0,2025-05-09 19:22:26,1294,2025-05-09 19:22:26.183,6850.0,578,6840.0,39356,6830.0,5761,6820.0,4623,6810.0,10287,6870.0,31079,6880.0,8383,6890.0,2479,6900.0,12573,6910.0,493,2025-05-09 19:22:26.091,,2147483647,1669432,True,offer
12962,2115196,1613347041,MERV - XMEV - GGAL - 24hs,6870.0,2025-05-09 19:22:26,1294,2025-05-09 19:22:26.677,6850.0,578,6840.0,39656,6830.0,5761,6820.0,4623,6810.0,10287,6870.0,29785,6880.0,8383,6890.0,2879,6900.0,12573,6910.0,493,2025-05-09 19:22:26.591,,2147483647,1669432,False,nan
12963,2115238,1613347096,MERV - XMEV - GGAL - 24hs,6870.0,2025-05-09 19:22:26,1294,2025-05-09 19:22:27.610,6850.0,578,6840.0,39656,6830.0,5761,6820.0,4623,6810.0,10287,6870.0,29785,6880.0,8383,6890.0,2879,6900.0,12573,6910.0,493,2025-05-09 19:22:27.485,,2147483647,1670726,False,nan
12964,2115301,1613347174,MERV - XMEV - GGAL - 24hs,6870.0,2025-05-09 19:22:28,10,2025-05-09 19:22:28.268,6850.0,578,6840.0,39656,6830.0,5761,6820.0,4623,6810.0,10287,6870.0,29785,6880.0,8383,6890.0,2879,6900.0,12573,6910.0,493,2025-05-09 19:22:28.183,,2147483647,1670726,True,offer
12965,2115362,1613347261,MERV - XMEV - GGAL - 24hs,6870.0,2025-05-09 19:22:28,10,2025-05-09 19:22:28.768,6850.0,578,6840.0,39656,6830.0,5781,6820.0,4623,6810.0,10287,6870.0,29775,6880.0,8383,6890.0,2879,6900.0,12573,6910.0,493,2025-05-09 19:22:28.683,,2147483647,1670726,False,nan
12966,2115394,1613347316,MERV - XMEV - GGAL - 24hs,6870.0,2025-05-09 19:22:28,10,2025-05-09 19:22:29.270,6850.0,578,6840.0,39656,6830.0,5781,6820.0,4623,6810.0,10287,6870.0,29775,6880.0,8383,6890.0,2879,6900.0,12573,6910.0,493,2025-05-09 19:22:29.184,,2147483647,1670736,False,nan
12967,2115669,1613347700,MERV - XMEV - GGAL - 24hs,6870.0,2025-05-09 19:22:28,10,2025-05-09 19:22:31.844,6850.0,503,6840.0,39656,6830.0,5781,6820.0,4623,6810.0,10294,6860.0,1000,6870.0,29774,6880.0,8383,6890.0,2879,6900.0,12574,2025-05-09 19:22:31.752,,2147483647,1670736,False,nan
12968,2116439,1613348592,MERV - XMEV - GGAL - 24hs,6860.0,2025-05-09 19:22:40,1000,2025-05-09 19:22:40.950,6850.0,503,6840.0,39656,6830.0,5781,6820.0,4623,6810.0,10294,6860.0,1000,6870.0,29774,6880.0,8383,6890.0,2879,6900.0,12574,2025-05-09 19:22:40.862,,2147483647,1670736,True,offer
12969,2116478,1613348648,MERV - XMEV - GGAL - 24hs,6860.0,2025-05-09 19:22:40,1000,2025-05-09 19:22:41.617,6850.0,578,6840.0,39656,6830.0,5781,6820.0,4623,6810.0,10287,6870.0,29775,6880.0,8383,6890.0,2879,6900.0,12573,6910.0,493,2025-05-09 19:22:41.527,,2147483647,1670736,False,nan
12970,2116559,1613348745,MERV - XMEV - GGAL - 24hs,6860.0,2025-05-09 19:22:40,1000,2025-05-09 19:22:42.113,6850.0,578,6840.0,39656,6830.0,5781,6820.0,4623,6810.0,10287,6870.0,29775,6880.0,8383,6890.0,2879,6900.0,12573,6910.0,493,2025-05-09 19:22:42.027,,2147483647,1671736,False,nan
12971,2116629,1613348835,MERV - XMEV - GGAL - 24hs,6850.0,2025-05-09 19:22:42,1,2025-05-09 19:22:42.916,6850.0,578,6840.0,39656,6830.0,5781,6820.0,4623,6810.0,10287,6870.0,29775,6880.0,8383,6890.0,2879,6900.0,12573,6910.0,493,2025-05-09 19:22:42.826,,2147483647,1671736,True,bid
12972,2116665,1613348876,MERV - XMEV - GGAL - 24hs,6850.0,2025-05-09 19:22:43,29,2025-05-09 19:22:43.414,6850.0,578,6840.0,39656,6830.0,5781,6820.0,4623,6810.0,10287,6870.0,29775,6880.0,8383,6890.0,2879,6900.0,12573,6910.0,493,2025-05-09 19:22:43.327,,2147483647,1672580,True,bid
12973,2116707,1613348932,MERV - XMEV - GGAL - 24hs,6840.0,2025-05-09 19:22:43,50,2025-05-09 19:22:43.915,6840.0,39656,6830.0,5781,6820.0,4623,6810.0,10287,6800.0,20346,6850.0,382,6870.0,32829,6880.0,8383,6890.0,2879,6900.0,12574,2025-05-09 19:22:43.827,,2147483647,1672609,False,nan
12974,2116741,1613348997,MERV - XMEV - GGAL - 24hs,6840.0,2025-05-09 19:22:43,50,2025-05-09 19:22:44.562,6840.0,39606,6830.0,5781,6820.0,4623,6810.0,10287,6800.0,20346,6850.0,382,6870.0,32829,6880.0,8383,6890.0,2879,6900.0,12574,2025-05-09 19:22:44.477,,2147483647,1672609,False,nan
12975,2116799,1613349070,MERV - XMEV - GGAL - 24hs,6840.0,2025-05-09 19:22:44,790,2025-05-09 19:22:45.066,6840.0,39606,6830.0,5781,6820.0,4623,6810.0,10287,6800.0,20346,6850.0,382,6870.0,32829,6880.0,8383,6890.0,2879,6900.0,12574,2025-05-09 19:22:44.978,,2147483647,1672659,True,bid
12976,2116821,1613349101,MERV - XMEV - GGAL - 24hs,6840.0,2025-05-09 19:22:45,790,2025-05-09 19:22:45.568,6840.0,39606,6830.0,5781,6820.0,4623,6810.0,10287,6800.0,20346,6850.0,382,6870.0,32829,6880.0,8383,6890.0,2879,6900.0,12574,2025-05-09 19:22:45.478,,2147483647,1674147,True,bid
12977,2116866,1613349160,MERV - XMEV - GGAL - 24hs,6840.0,2025-05-09 19:22:45,776,2025-05-09 19:22:46.063,6840.0,36552,6830.0,5781,6820.0,4623,6810.0,10287,6800.0,20346,6850.0,382,6870.0,32829,6880.0,8383,6890.0,2879,6900.0,12574,2025-05-09 19:22:45.978,,2147483647,1675713,False,nan
12978,2117104,1613349482,MERV - XMEV - GGAL - 24hs,6840.0,2025-05-09 19:22:45,776,2025-05-09 19:22:47.999,6840.0,36639,6830.0,5781,6820.0,4623,6810.0,10287,6800.0,20346,6850.0,382,6870.0,32829,6880.0,8383,6890.0,2879,6900.0,12574,2025-05-09 19:22:47.899,,2147483647,1675713,False,nan
12979,2117269,1613349688,MERV - XMEV - GGAL - 24hs,6850.0,2025-05-09 19:22:50,30,2025-05-09 19:22:50.636,6840.0,36639,6830.0,5781,6820.0,4623,6810.0,10287,6800.0,20346,6850.0,382,6870.0,32829,6880.0,8383,6890.0,2879,6900.0,12574,2025-05-09 19:22:50.423,,2147483647,1675713,True,offer
12980,2117296,1613349725,MERV - XMEV - GGAL - 24hs,6850.0,2025-05-09 19:22:50,100,2025-05-09 19:22:50.752,6840.0,36639,6830.0,5781,6820.0,4623,6810.0,10287,6800.0,20346,6850.0,382,6870.0,32829,6880.0,8383,6890.0,2879,6900.0,12574,2025-05-09 19:22:50.563,,2147483647,1675743,False,nan
12981,2117341,1613349791,MERV - XMEV - GGAL - 24hs,6850.0,2025-05-09 19:22:50,100,2025-05-09 19:22:51.155,6840.0,36639,6830.0,5781,6820.0,4623,6810.0,10287,6800.0,20346,6850.0,252,6870.0,32829,6880.0,8383,6890.0,2879,6900.0,12574,2025-05-09 19:22:51.063,,2147483647,1675843,False,nan
12982,2117477,1613349958,MERV - XMEV - GGAL - 24hs,6850.0,2025-05-09 19:22:52,252,2025-05-09 19:22:52.962,6840.0,36639,6830.0,5781,6820.0,4623,6810.0,10287,6800.0,20346,6850.0,252,6870.0,32829,6880.0,8383,6890.0,2879,6900.0,12574,2025-05-09 19:22:52.876,,2147483647,1675843,True,offer
12983,2117530,1613350020,MERV - XMEV - GGAL - 24hs,6850.0,2025-05-09 19:22:52,252,2025-05-09 19:22:53.630,6850.0,120,6840.0,36639,6830.0,5781,6820.0,4623,6810.0,10287,6870.0,32905,6880.0,8383,6890.0,2879,6900.0,12573,6910.0,493,2025-05-09 19:22:53.544,,2147483647,1675843,False,nan
12984,2117582,1613350078,MERV - XMEV - GGAL - 24hs,6850.0,2025-05-09 19:22:52,252,2025-05-09 19:22:54.140,6850.0,120,6840.0,36639,6830.0,5781,6820.0,4623,6810.0,10287,6870.0,32905,6880.0,8383,6890.0,2879,6900.0,12573,6910.0,493,2025-05-09 19:22:54.046,,2147483647,1676095,False,nan
12985,2117923,1613350497,MERV - XMEV - GGAL - 24hs,6850.0,2025-05-09 19:22:57,120,2025-05-09 19:22:57.540,6850.0,120,6840.0,36639,6830.0,5781,6820.0,4623,6810.0,10287,6870.0,32905,6880.0,8383,6890.0,2879,6900.0,12573,6910.0,493,2025-05-09 19:22:57.427,,2147483647,1676095,True,bid
12986,2117961,1613350546,MERV - XMEV - GGAL - 24hs,6840.0,2025-05-09 19:22:57,391,2025-05-09 19:22:58.006,6850.0,120,6840.0,36639,6830.0,5781,6820.0,4623,6810.0,10287,6870.0,32905,6880.0,8383,6890.0,2879,6900.0,12573,6910.0,493,2025-05-09 19:22:57.921,,2147483647,1676605,False,nan
12987,2118095,1613350708,MERV - XMEV - GGAL - 24hs,6840.0,2025-05-09 19:22:57,391,2025-05-09 19:22:58.679,6850.0,5,6840.0,35858,6830.0,5781,6820.0,4623,6810.0,10287,6870.0,32905,6880.0,8383,6890.0,2879,6900.0,12573,6910.0,493,2025-05-09 19:22:58.422,,2147483647,1676996,False,nan
12988,2118340,1613351007,MERV - XMEV - GGAL - 24hs,6870.0,2025-05-09 19:22:59,1294,2025-05-09 19:22:59.618,6850.0,5,6840.0,35858,6830.0,5781,6820.0,4623,6810.0,10287,6870.0,32905,6880.0,8383,6890.0,2879,6900.0,12573,6910.0,493,2025-05-09 19:22:59.483,,2147483647,1676996,True,offer
12989,2118394,1613351074,MERV - XMEV - GGAL - 24hs,6870.0,2025-05-09 19:22:59,1294,2025-05-09 19:23:00.229,6850.0,5,6840.0,35858,6830.0,5781,6820.0,4623,6810.0,10287,6870.0,31611,6880.0,8383,6890.0,2879,6900.0,12573,6910.0,493,2025-05-09 19:23:00.142,,2147483647,1676996,False,nan
12990,2118425,1613351109,MERV - XMEV - GGAL - 24hs,6870.0,2025-05-09 19:22:59,1294,2025-05-09 19:23:00.727,6850.0,5,6840.0,35858,6830.0,5781,6820.0,4623,6810.0,10287,6870.0,31611,6880.0,8383,6890.0,2879,6900.0,12573,6910.0,493,2025-05-09 19:23:00.642,,2147483647,1678290,False,nan
12991,2118469,1613351161,MERV - XMEV - GGAL - 24hs,6870.0,2025-05-09 19:22:59,1294,2025-05-09 19:23:01.408,6850.0,5,6840.0,35858,6830.0,5781,6820.0,4623,6810.0,10287,6860.0,423,6870.0,31535,6880.0,8383,6890.0,2879,6900.0,12580,2025-05-09 19:23:01.323,,2147483647,1678290,False,nan
12992,2118823,1613351615,MERV - XMEV - GGAL - 24hs,6850.0,2025-05-09 19:23:05,4,2025-05-09 19:23:05.249,6850.0,5,6840.0,35858,6830.0,5781,6820.0,4623,6810.0,10287,6860.0,423,6870.0,31535,6880.0,8383,6890.0,2879,6900.0,12580,2025-05-09 19:23:05.162,,2147483647,1678290,True,bid
12993,2118925,1613351744,MERV - XMEV - GGAL - 24hs,6850.0,2025-05-09 19:23:05,4,2025-05-09 19:23:05.970,6850.0,1,6840.0,35858,6830.0,5781,6820.0,4623,6810.0,10287,6860.0,423,6870.0,31535,6880.0,8383,6890.0,2879,6900.0,12580,2025-05-09 19:23:05.841,,2147483647,1678290,False,nan
12994,2119056,1613351912,MERV - XMEV - GGAL - 24hs,6850.0,2025-05-09 19:23:05,4,2025-05-09 19:23:06.479,6850.0,1,6840.0,35858,6830.0,5781,6820.0,4623,6810.0,10287,6860.0,423,6870.0,31535,6880.0,8383,6890.0,2879,6900.0,12580,2025-05-09 19:23:06.342,,2147483647,1678294,False,nan
12995,2119111,1613351991,MERV - XMEV - GGAL - 24hs,6850.0,2025-05-09 19:23:07,1,2025-05-09 19:23:07.107,6850.0,1,6840.0,35858,6830.0,5781,6820.0,4623,6810.0,10287,6860.0,423,6870.0,31535,6880.0,8383,6890.0,2879,6900.0,12580,2025-05-09 19:23:07.020,,2147483647,1678294,True,bid
12996,2119154,1613352044,MERV - XMEV - GGAL - 24hs,6840.0,2025-05-09 19:23:07,2320,2025-05-09 19:23:07.609,6850.0,1,6840.0,35858,6830.0,5781,6820.0,4623,6810.0,10287,6860.0,423,6870.0,31535,6880.0,8383,6890.0,2879,6900.0,12580,2025-05-09 19:23:07.519,,2147483647,1679097,False,nan
12997,2119249,1613352154,MERV - XMEV - GGAL - 24hs,6840.0,2025-05-09 19:23:07,680,2025-05-09 19:23:08.105,6840.0,32056,6830.0,5781,6820.0,4623,6810.0,10287,6800.0,20346,6860.0,499,6870.0,31535,6880.0,8383,6890.0,2879,6900.0,12573,2025-05-09 19:23:08.019,,2147483647,1682097,False,nan
12998,2119292,1613352200,MERV - XMEV - GGAL - 24hs,6840.0,2025-05-09 19:23:08,129,2025-05-09 19:23:08.605,6840.0,32056,6830.0,5781,6820.0,4623,6810.0,10287,6800.0,20346,6860.0,499,6870.0,31535,6880.0,8383,6890.0,2879,6900.0,12573,2025-05-09 19:23:08.519,,2147483647,1682097,True,bid
12999,2119370,1613352290,MERV - XMEV - GGAL - 24hs,6840.0,2025-05-09 19:23:08,790,2025-05-09 19:23:09.140,6840.0,35241,6830.0,5781,6820.0,4623,6810.0,10287,6800.0,20346,6860.0,2499,6870.0,29535,6880.0,8383,6890.0,2879,6900.0,12573,2025-05-09 19:23:09.019,,2147483647,1682872,False,nan
13000,2119439,1613352366,MERV - XMEV - GGAL - 24hs,6840.0,2025-05-09 19:23:08,790,2025-05-09 19:23:09.604,6840.0,34451,6830.0,5781,6820.0,4623,6810.0,10287,6800.0,5438,6860.0,26581,6870.0,5453,6880.0,8383,6890.0,2879,6900.0,12573,2025-05-09 19:23:09.519,,2147483647,1683662,False,nan
13001,2119612,1613352560,MERV - XMEV - GGAL - 24hs,6840.0,2025-05-09 19:23:08,790,2025-05-09 19:23:11.159,6840.0,34451,6830.0,5781,6820.0,4623,6810.0,10287,6800.0,20346,6850.0,4000,6860.0,26505,6870.0,5453,6880.0,8383,6890.0,2886,2025-05-09 19:23:11.074,,2147483647,1683662,False,nan
13002,2119657,1613352608,MERV - XMEV - GGAL - 24hs,6840.0,2025-05-09 19:23:11,1580,2025-05-09 19:23:11.674,6840.0,34451,6830.0,5781,6820.0,4623,6810.0,10287,6800.0,20346,6850.0,4000,6860.0,26505,6870.0,5453,6880.0,8383,6890.0,2886,2025-05-09 19:23:11.580,,2147483647,1686039,True,bid
13003,2119702,1613352666,MERV - XMEV - GGAL - 24hs,6840.0,2025-05-09 19:23:11,1580,2025-05-09 19:23:12.161,6840.0,30494,6830.0,5781,6820.0,4623,6810.0,10287,6800.0,20346,6850.0,4000,6860.0,26505,6870.0,5453,6880.0,8383,6890.0,2886,2025-05-09 19:23:12.075,,2147483647,1687619,False,nan
13004,2119809,1613352781,MERV - XMEV - GGAL - 24hs,6840.0,2025-05-09 19:23:12,1505,2025-05-09 19:23:13.164,6840.0,30494,6830.0,5781,6820.0,4623,6810.0,10287,6800.0,20346,6850.0,4000,6860.0,26505,6870.0,5453,6880.0,8383,6890.0,2886,2025-05-09 19:23:12.805,,2147483647,1687619,True,bid
13005,2119959,1613352959,MERV - XMEV - GGAL - 24hs,6840.0,2025-05-09 19:23:12,1580,2025-05-09 19:23:13.712,6840.0,26544,6830.0,5781,6820.0,4623,6810.0,10287,6800.0,20346,6850.0,4000,6860.0,26505,6870.0,5453,6880.0,8383,6890.0,2886,2025-05-09 19:23:13.083,,2147483647,1689989,False,nan
13006,2120089,1613353139,MERV - XMEV - GGAL - 24hs,6840.0,2025-05-09 19:23:12,1580,2025-05-09 19:23:14.279,6840.0,26544,6830.0,5781,6820.0,4623,6810.0,10287,6800.0,20346,6850.0,4000,6860.0,26505,6870.0,5453,6880.0,8383,6890.0,2886,2025-05-09 19:23:13.575,,2147483647,1691569,False,nan
13007,2120188,1613353254,MERV - XMEV - GGAL - 24hs,6840.0,2025-05-09 19:23:12,1580,2025-05-09 19:23:14.655,6840.0,26544,6830.0,5781,6820.0,4623,6810.0,10287,6800.0,20691,6850.0,4000,6860.0,26505,6870.0,5453,6880.0,8383,6890.0,2886,2025-05-09 19:23:14.080,,2147483647,1691569,False,nan
13008,2120272,1613353349,MERV - XMEV - GGAL - 24hs,6840.0,2025-05-09 19:23:14,1580,2025-05-09 19:23:14.949,6840.0,26544,6830.0,5781,6820.0,4623,6810.0,10287,6800.0,20691,6850.0,2847,6860.0,26505,6870.0,5453,6880.0,8383,6890.0,2886,2025-05-09 19:23:14.577,,2147483647,1693512,True,bid
13009,2120375,1613353478,MERV - XMEV - GGAL - 24hs,6840.0,2025-05-09 19:23:14,1580,2025-05-09 19:23:15.364,6840.0,26544,6830.0,5781,6820.0,4623,6810.0,10287,6800.0,20691,6850.0,2847,6860.0,26505,6870.0,5453,6880.0,8383,6890.0,2886,2025-05-09 19:23:15.077,,2147483647,1695092,False,nan
13010,2120459,1613353583,MERV - XMEV - GGAL - 24hs,6840.0,2025-05-09 19:23:14,1580,2025-05-09 19:23:15.709,6840.0,24552,6830.0,5781,6820.0,4623,6810.0,10287,6800.0,21385,6850.0,2847,6860.0,26505,6870.0,5453,6880.0,8383,6890.0,2886,2025-05-09 19:23:15.575,,2147483647,1695092,False,nan
13011,2120858,1613354081,MERV - XMEV - GGAL - 24hs,6850.0,2025-05-09 19:23:16,60,2025-05-09 19:23:17.331,6840.0,24552,6830.0,5781,6820.0,4623,6810.0,10287,6800.0,21385,6850.0,2847,6860.0,26505,6870.0,5453,6880.0,8383,6890.0,2886,2025-05-09 19:23:17.044,,2147483647,1695092,True,offer
13012,2120951,1613354195,MERV - XMEV - GGAL - 24hs,6850.0,2025-05-09 19:23:16,60,2025-05-09 19:23:17.694,6840.0,24552,6830.0,5781,6820.0,4623,6810.0,10287,6800.0,21385,6850.0,2787,6860.0,26505,6870.0,5453,6880.0,8383,6890.0,2886,2025-05-09 19:23:17.556,,2147483647,1695092,False,nan
13013,2121057,1613354314,MERV - XMEV - GGAL - 24hs,6850.0,2025-05-09 19:23:16,60,2025-05-09 19:23:18.199,6840.0,24552,6830.0,5781,6820.0,4623,6810.0,10287,6800.0,21385,6850.0,2787,6860.0,26505,6870.0,5453,6880.0,8383,6890.0,2886,2025-05-09 19:23:18.057,,2147483647,1695152,False,nan
13014,2121135,1613354406,MERV - XMEV - GGAL - 24hs,6850.0,2025-05-09 19:23:16,60,2025-05-09 19:23:19.313,6840.0,24552,6830.0,5781,6820.0,4623,6810.0,10287,6800.0,20691,6850.0,2787,6860.0,26605,6870.0,5453,6880.0,8383,6890.0,2886,2025-05-09 19:23:19.227,,2147483647,1695152,False,nan
13015,2121234,1613354531,MERV - XMEV - GGAL - 24hs,6840.0,2025-05-09 19:23:19,790,2025-05-09 19:23:19.960,6840.0,24552,6830.0,5781,6820.0,4623,6810.0,10287,6800.0,20691,6850.0,2787,6860.0,26605,6870.0,5453,6880.0,8383,6890.0,2886,2025-05-09 19:23:19.875,,2147483647,1695152,True,bid
13016,2121285,1613354585,MERV - XMEV - GGAL - 24hs,6840.0,2025-05-09 19:23:20,1565,2025-05-09 19:23:20.831,6840.0,22182,6830.0,5781,6820.0,4623,6810.0,10287,6800.0,21038,6850.0,2787,6860.0,26605,6870.0,5453,6880.0,8383,6890.0,2886,2025-05-09 19:23:20.637,,2147483647,1697522,True,bid
13017,2121346,1613354658,MERV - XMEV - GGAL - 24hs,6840.0,2025-05-09 19:23:20,1565,2025-05-09 19:23:21.055,6840.0,17472,6830.0,5781,6820.0,4623,6810.0,10287,6800.0,21038,6850.0,2787,6860.0,26605,6870.0,5453,6880.0,8383,6890.0,2886,2025-05-09 19:23:20.877,,2147483647,1700667,False,nan
13018,2121401,1613354720,MERV - XMEV - GGAL - 24hs,6840.0,2025-05-09 19:23:20,1580,2025-05-09 19:23:21.469,6840.0,17472,6830.0,5781,6820.0,4623,6810.0,10287,6800.0,21038,6850.0,2787,6860.0,26605,6870.0,5453,6880.0,8383,6890.0,2886,2025-05-09 19:23:21.376,,2147483647,1702232,False,nan
13019,2121441,1613354767,MERV - XMEV - GGAL - 24hs,6840.0,2025-05-09 19:23:20,1580,2025-05-09 19:23:21.966,6840.0,15892,6830.0,5781,6820.0,4623,6810.0,10287,6800.0,21038,6850.0,2787,6860.0,26605,6870.0,5453,6880.0,8383,6890.0,2886,2025-05-09 19:23:21.876,,2147483647,1703812,False,nan
13020,2121639,1613355018,MERV - XMEV - GGAL - 24hs,6840.0,2025-05-09 19:23:20,1580,2025-05-09 19:23:23.396,6840.0,15892,6830.0,5781,6820.0,4623,6810.0,10287,6800.0,22425,6850.0,2787,6860.0,26605,6870.0,5453,6880.0,8383,6890.0,2886,2025-05-09 19:23:23.308,,2147483647,1703812,False,nan
13021,2121703,1613355091,MERV - XMEV - GGAL - 24hs,6840.0,2025-05-09 19:23:20,1580,2025-05-09 19:23:24.149,6840.0,15892,6830.0,5781,6820.0,4623,6810.0,10287,6800.0,21732,6850.0,2787,6860.0,26605,6870.0,5453,6880.0,8383,6890.0,2886,2025-05-09 19:23:24.064,,2147483647,1703812,False,nan
13022,2121753,1613355144,MERV - XMEV - GGAL - 24hs,6850.0,2025-05-09 19:23:24,30,2025-05-09 19:23:24.659,6840.0,15892,6830.0,5781,6820.0,4623,6810.0,10287,6800.0,21732,6850.0,2787,6860.0,26605,6870.0,5453,6880.0,8383,6890.0,2886,2025-05-09 19:23:24.565,,2147483647,1703812,True,offer
13023,2121784,1613355180,MERV - XMEV - GGAL - 24hs,6850.0,2025-05-09 19:23:24,30,2025-05-09 19:23:25.150,6840.0,15892,6830.0,5781,6820.0,4623,6810.0,10287,6800.0,21385,6850.0,2757,6860.0,26605,6870.0,5453,6880.0,8383,6890.0,2886,2025-05-09 19:23:25.064,,2147483647,1703842,False,nan
13024,2122230,1613355747,MERV - XMEV - GGAL - 24hs,6850.0,2025-05-09 19:23:24,30,2025-05-09 19:23:28.521,6840.0,15892,6830.0,5781,6820.0,4623,6810.0,10287,6800.0,21385,6850.0,2757,6860.0,26605,6870.0,10453,6880.0,3383,6890.0,2886,2025-05-09 19:23:28.435,,2147483647,1703842,False,nan
13025,2122279,1613355807,MERV - XMEV - GGAL - 24hs,6850.0,2025-05-09 19:23:28,576,2025-05-09 19:23:29.020,6840.0,15892,6830.0,5781,6820.0,4623,6810.0,10287,6800.0,21385,6850.0,2757,6860.0,26605,6870.0,10453,6880.0,3383,6890.0,2886,2025-05-09 19:23:28.935,,2147483647,1703842,True,offer
13026,2122321,1613355855,MERV - XMEV - GGAL - 24hs,6840.0,2025-05-09 19:23:29,1580,2025-05-09 19:23:29.528,6840.0,11942,6830.0,5781,6820.0,4623,6810.0,10287,6800.0,21385,6850.0,2181,6860.0,26605,6870.0,10453,6880.0,3383,6890.0,2886,2025-05-09 19:23:29.439,,2147483647,1708368,True,bid
13027,2122373,1613355915,MERV - XMEV - GGAL - 24hs,6840.0,2025-05-09 19:23:29,788,2025-05-09 19:23:30.026,6840.0,11942,6830.0,5781,6820.0,4623,6810.0,10287,6800.0,21385,6850.0,2181,6860.0,26605,6870.0,10453,6880.0,3383,6890.0,2886,2025-05-09 19:23:29.941,,2147483647,1710738,False,nan
13028,2122430,1613355997,MERV - XMEV - GGAL - 24hs,6840.0,2025-05-09 19:23:29,788,2025-05-09 19:23:30.521,6840.0,7992,6830.0,5781,6820.0,4623,6810.0,10287,6800.0,21385,6850.0,2181,6860.0,26605,6870.0,10453,6880.0,3383,6890.0,2886,2025-05-09 19:23:30.436,,2147483647,1712318,False,nan
13029,2122464,1613356038,MERV - XMEV - GGAL - 24hs,6840.0,2025-05-09 19:23:30,712,2025-05-09 19:23:31.048,6840.0,7992,6830.0,5781,6820.0,4623,6810.0,10287,6800.0,21385,6850.0,2181,6860.0,26605,6870.0,10453,6880.0,3383,6890.0,2886,2025-05-09 19:23:30.963,,2147483647,1712318,True,bid
13030,2122520,1613356115,MERV - XMEV - GGAL - 24hs,6840.0,2025-05-09 19:23:31,296,2025-05-09 19:23:31.547,6840.0,5622,6830.0,5781,6820.0,4623,6810.0,10287,6800.0,21385,6850.0,2181,6860.0,26605,6870.0,10453,6880.0,3383,6890.0,2886,2025-05-09 19:23:31.462,,2147483647,1714688,True,bid
13031,2122582,1613356187,MERV - XMEV - GGAL - 24hs,6840.0,2025-05-09 19:23:31,296,2025-05-09 19:23:32.047,6840.0,4042,6830.0,5781,6820.0,4623,6810.0,10287,6800.0,21385,6850.0,2181,6860.0,26605,6870.0,10453,6880.0,3383,6890.0,2886,2025-05-09 19:23:31.962,,2147483647,1716268,False,nan
13032,2122737,1613356393,MERV - XMEV - GGAL - 24hs,6850.0,2025-05-09 19:23:32,1,2025-05-09 19:23:32.804,6840.0,4042,6830.0,5781,6820.0,4623,6810.0,10287,6800.0,21385,6850.0,2181,6860.0,26605,6870.0,10453,6880.0,3383,6890.0,2886,2025-05-09 19:23:32.709,,2147483647,1716268,True,offer
13033,2122836,1613356530,MERV - XMEV - GGAL - 24hs,6850.0,2025-05-09 19:23:32,1,2025-05-09 19:23:33.464,6840.0,4042,6830.0,5781,6820.0,4623,6810.0,10287,6800.0,21385,6850.0,2180,6860.0,26605,6870.0,10453,6880.0,3383,6890.0,2886,2025-05-09 19:23:33.375,,2147483647,1716268,False,nan
13034,2122898,1613356620,MERV - XMEV - GGAL - 24hs,6850.0,2025-05-09 19:23:32,1,2025-05-09 19:23:33.962,6840.0,4042,6830.0,5781,6820.0,4623,6810.0,10287,6800.0,21385,6850.0,2180,6860.0,26605,6870.0,10453,6880.0,3383,6890.0,2886,2025-05-09 19:23:33.876,,2147483647,1716269,False,nan
13035,2123227,1613357054,MERV - XMEV - GGAL - 24hs,6850.0,2025-05-09 19:23:32,1,2025-05-09 19:23:36.943,6840.0,4042,6830.0,5781,6820.0,4623,6810.0,10287,6800.0,21385,6850.0,4183,6860.0,26605,6870.0,8450,6880.0,3383,6890.0,2886,2025-05-09 19:23:36.857,,2147483647,1716269,False,nan
13036,2123369,1613357248,MERV - XMEV - GGAL - 24hs,6840.0,2025-05-09 19:23:39,75,2025-05-09 19:23:39.280,6840.0,4042,6830.0,5781,6820.0,4623,6810.0,10287,6800.0,21385,6850.0,4183,6860.0,26605,6870.0,8450,6880.0,3383,6890.0,2886,2025-05-09 19:23:39.193,,2147483647,1716269,True,bid
13037,2123448,1613357371,MERV - XMEV - GGAL - 24hs,6840.0,2025-05-09 19:23:39,75,2025-05-09 19:23:39.811,6840.0,3967,6830.0,5781,6820.0,4623,6810.0,10287,6800.0,21385,6850.0,4483,6860.0,26605,6870.0,8450,6880.0,3383,6890.0,2886,2025-05-09 19:23:39.716,,2147483647,1716269,False,nan
13038,2123483,1613357416,MERV - XMEV - GGAL - 24hs,6840.0,2025-05-09 19:23:39,75,2025-05-09 19:23:40.302,6840.0,3967,6830.0,5781,6820.0,4623,6810.0,10287,6800.0,21385,6850.0,4483,6860.0,26605,6870.0,8450,6880.0,3383,6890.0,2886,2025-05-09 19:23:40.217,,2147483647,1716344,False,nan
13039,2123606,1613357605,MERV - XMEV - GGAL - 24hs,6840.0,2025-05-09 19:23:39,75,2025-05-09 19:23:41.919,6840.0,3967,6830.0,5781,6820.0,4623,6810.0,10287,6800.0,21385,6850.0,7833,6860.0,26605,6870.0,5100,6880.0,3383,6890.0,2886,2025-05-09 19:23:41.832,,2147483647,1716344,False,nan
13040,2123747,1613357768,MERV - XMEV - GGAL - 24hs,6850.0,2025-05-09 19:23:43,1009,2025-05-09 19:23:43.687,6840.0,3967,6830.0,5781,6820.0,4623,6810.0,10287,6800.0,21385,6850.0,7833,6860.0,26605,6870.0,5100,6880.0,3383,6890.0,2886,2025-05-09 19:23:43.490,,2147483647,1716344,True,offer
13041,2123802,1613357841,MERV - XMEV - GGAL - 24hs,6850.0,2025-05-09 19:23:43,1009,2025-05-09 19:23:44.123,6840.0,3967,6830.0,5781,6820.0,4623,6810.0,10287,6800.0,21385,6850.0,6824,6860.0,26605,6870.0,5100,6880.0,3383,6890.0,2886,2025-05-09 19:23:44.038,,2147483647,1716344,False,nan
13042,2123860,1613357908,MERV - XMEV - GGAL - 24hs,6850.0,2025-05-09 19:23:43,1009,2025-05-09 19:23:44.623,6840.0,3967,6830.0,5781,6820.0,4623,6810.0,10287,6800.0,21385,6850.0,6824,6860.0,26605,6870.0,5100,6880.0,3383,6890.0,2886,2025-05-09 19:23:44.539,,2147483647,1717353,False,nan
13043,2124721,1613358990,MERV - XMEV - GGAL - 24hs,6840.0,2025-05-09 19:23:53,790,2025-05-09 19:23:54.056,6840.0,3967,6830.0,5781,6820.0,4623,6810.0,10287,6800.0,21385,6850.0,6824,6860.0,26605,6870.0,5100,6880.0,3383,6890.0,2886,2025-05-09 19:23:53.967,,2147483647,1717353,True,bid
13044,2124788,1613359099,MERV - XMEV - GGAL - 24hs,6840.0,2025-05-09 19:23:54,1580,2025-05-09 19:23:54.589,6840.0,3967,6830.0,5781,6820.0,4623,6810.0,10287,6800.0,21385,6850.0,6824,6860.0,26605,6870.0,5100,6880.0,3383,6890.0,2886,2025-05-09 19:23:54.467,,2147483647,1718984,True,bid
13045,2124887,1613359220,MERV - XMEV - GGAL - 24hs,6840.0,2025-05-09 19:23:54,1580,2025-05-09 19:23:55.151,6840.0,756,6830.0,5781,6820.0,19531,6810.0,11287,6800.0,6477,6850.0,6824,6860.0,523,6870.0,100,6880.0,29465,6890.0,7886,2025-05-09 19:23:54.967,,2147483647,1720564,False,nan
13046,2125009,1613359405,MERV - XMEV - GGAL - 24hs,6840.0,2025-05-09 19:23:54,1580,2025-05-09 19:23:55.731,6840.0,756,6830.0,5781,6820.0,20965,6810.0,11287,6800.0,5438,6850.0,6824,6860.0,523,6870.0,100,6880.0,29465,6890.0,7886,2025-05-09 19:23:55.467,,2147483647,1720564,False,nan
13047,2125194,1613359645,MERV - XMEV - GGAL - 24hs,6840.0,2025-05-09 19:23:54,1580,2025-05-09 19:23:56.474,6840.0,756,6830.0,5781,6820.0,20569,6810.0,11287,6800.0,5438,6850.0,6824,6860.0,523,6870.0,100,6880.0,29465,6890.0,7886,2025-05-09 19:23:56.190,,2147483647,1720564,False,nan
13048,2125406,1613359961,MERV - XMEV - GGAL - 24hs,6850.0,2025-05-09 19:23:57,865,2025-05-09 19:23:58.087,6840.0,756,6830.0,5781,6820.0,20569,6810.0,11287,6800.0,5438,6850.0,6824,6860.0,523,6870.0,100,6880.0,29465,6890.0,7886,2025-05-09 19:23:57.997,,2147483647,1720564,True,offer
13049,2125444,1613360029,MERV - XMEV - GGAL - 24hs,6850.0,2025-05-09 19:23:57,865,2025-05-09 19:23:58.746,6840.0,756,6830.0,5781,6820.0,20569,6810.0,11287,6800.0,5438,6850.0,5959,6860.0,523,6870.0,100,6880.0,29465,6890.0,7886,2025-05-09 19:23:58.660,,2147483647,1720564,False,nan
13050,2125478,1613360073,MERV - XMEV - GGAL - 24hs,6850.0,2025-05-09 19:23:57,865,2025-05-09 19:23:59.247,6840.0,756,6830.0,5781,6820.0,20569,6810.0,11287,6800.0,5438,6850.0,5959,6860.0,523,6870.0,100,6880.0,29465,6890.0,7886,2025-05-09 19:23:59.161,,2147483647,1721429,False,nan
13051,2125531,1613360157,MERV - XMEV - GGAL - 24hs,6850.0,2025-05-09 19:23:57,865,2025-05-09 19:23:59.745,6840.0,756,6830.0,5781,6820.0,20569,6810.0,10287,6800.0,6438,6850.0,5959,6860.0,523,6870.0,100,6880.0,29465,6890.0,7886,2025-05-09 19:23:59.661,,2147483647,1721429,False,nan
13052,2125949,1613360681,MERV - XMEV - GGAL - 24hs,6850.0,2025-05-09 19:23:57,865,2025-05-09 19:24:03.807,6840.0,756,6830.0,5781,6820.0,20569,6810.0,10287,6800.0,6438,6850.0,5959,6860.0,523,6870.0,470,6880.0,29465,6890.0,7886,2025-05-09 19:24:03.721,,2147483647,1721429,False,nan
13053,2126057,1613360795,MERV - XMEV - GGAL - 24hs,6850.0,2025-05-09 19:24:03,1135,2025-05-09 19:24:04.431,6840.0,756,6830.0,5781,6820.0,20569,6810.0,10287,6800.0,6438,6850.0,5959,6860.0,523,6870.0,470,6880.0,29465,6890.0,7886,2025-05-09 19:24:04.239,,2147483647,1721429,True,offer
13054,2126227,1613361001,MERV - XMEV - GGAL - 24hs,6850.0,2025-05-09 19:24:03,1135,2025-05-09 19:24:05.331,6840.0,756,6830.0,5781,6820.0,20569,6810.0,10287,6800.0,6438,6850.0,8518,6860.0,523,6870.0,470,6880.0,29465,6890.0,7886,2025-05-09 19:24:05.036,,2147483647,1722870,False,nan
13055,2126266,1613361049,MERV - XMEV - GGAL - 24hs,6840.0,2025-05-09 19:24:04,6,2025-05-09 19:24:05.483,6840.0,756,6830.0,5781,6820.0,20569,6810.0,10287,6800.0,6438,6850.0,8518,6860.0,523,6870.0,470,6880.0,29465,6890.0,7886,2025-05-09 19:24:05.226,,2147483647,1722870,True,bid
13056,2126363,1613361181,MERV - XMEV - GGAL - 24hs,6840.0,2025-05-09 19:24:05,378,2025-05-09 19:24:05.879,6840.0,750,6830.0,5781,6820.0,20569,6810.0,10287,6800.0,6438,6850.0,8518,6860.0,523,6870.0,470,6880.0,29465,6890.0,7886,2025-05-09 19:24:05.733,,2147483647,1722876,True,bid
13057,2126427,1613361269,MERV - XMEV - GGAL - 24hs,6840.0,2025-05-09 19:24:05,378,2025-05-09 19:24:06.316,6830.0,5781,6820.0,19531,6810.0,10287,6800.0,8207,6790.0,6359,6840.0,6,6850.0,8518,6860.0,523,6870.0,470,6880.0,29465,2025-05-09 19:24:06.230,,2147483647,1722876,False,nan
13058,2126494,1613361358,MERV - XMEV - GGAL - 24hs,6840.0,2025-05-09 19:24:06,6,2025-05-09 19:24:06.832,6830.0,5781,6820.0,19531,6810.0,10287,6800.0,8207,6790.0,6359,6840.0,6,6850.0,8518,6860.0,523,6870.0,470,6880.0,29465,2025-05-09 19:24:06.731,,2147483647,1723626,True,offer
13059,2126543,1613361424,MERV - XMEV - GGAL - 24hs,6840.0,2025-05-09 19:24:06,6,2025-05-09 19:24:07.322,6840.0,557,6830.0,5781,6820.0,19531,6810.0,10287,6800.0,8207,6850.0,8518,6860.0,523,6870.0,470,6880.0,29465,6890.0,7886,2025-05-09 19:24:07.235,,2147483647,1723632,False,nan
13060,2126600,1613361522,MERV - XMEV - GGAL - 24hs,6850.0,2025-05-09 19:24:07,28,2025-05-09 19:24:07.983,6840.0,557,6830.0,5781,6820.0,19531,6810.0,10287,6800.0,8207,6850.0,8518,6860.0,523,6870.0,470,6880.0,29465,6890.0,7886,2025-05-09 19:24:07.898,,2147483647,1723632,True,offer
13061,2126639,1613361571,MERV - XMEV - GGAL - 24hs,6850.0,2025-05-09 19:24:07,28,2025-05-09 19:24:08.483,6840.0,557,6830.0,5781,6820.0,19531,6810.0,10287,6800.0,8170,6850.0,8490,6860.0,523,6870.0,470,6880.0,29465,6890.0,7886,2025-05-09 19:24:08.397,,2147483647,1723632,False,nan
13062,2126690,1613361639,MERV - XMEV - GGAL - 24hs,6850.0,2025-05-09 19:24:07,28,2025-05-09 19:24:08.985,6840.0,557,6830.0,5781,6820.0,19531,6810.0,10287,6800.0,8170,6850.0,8490,6860.0,523,6870.0,470,6880.0,29465,6890.0,7886,2025-05-09 19:24:08.898,,2147483647,1723660,False,nan
13063,2127150,1613362254,MERV - XMEV - GGAL - 24hs,6850.0,2025-05-09 19:24:07,28,2025-05-09 19:24:11.934,6840.0,557,6830.0,5781,6820.0,19531,6810.0,10287,6800.0,8517,6850.0,8490,6860.0,523,6870.0,470,6880.0,29465,6890.0,7886,2025-05-09 19:24:11.791,,2147483647,1723660,False,nan
13064,2127252,1613362379,MERV - XMEV - GGAL - 24hs,6850.0,2025-05-09 19:24:12,504,2025-05-09 19:24:12.791,6840.0,557,6830.0,5781,6820.0,19531,6810.0,10287,6800.0,8517,6850.0,8490,6860.0,523,6870.0,470,6880.0,29465,6890.0,7886,2025-05-09 19:24:12.706,,2147483647,1723660,True,offer
13065,2127332,1613362487,MERV - XMEV - GGAL - 24hs,6850.0,2025-05-09 19:24:12,504,2025-05-09 19:24:13.515,6840.0,557,6830.0,5781,6820.0,19531,6810.0,10287,6800.0,8517,6850.0,7986,6860.0,523,6870.0,470,6880.0,29465,6890.0,7886,2025-05-09 19:24:13.389,,2147483647,1723660,False,nan
13066,2127358,1613362523,MERV - XMEV - GGAL - 24hs,6850.0,2025-05-09 19:24:12,504,2025-05-09 19:24:13.975,6840.0,557,6830.0,5781,6820.0,19531,6810.0,10287,6800.0,8517,6850.0,7986,6860.0,523,6870.0,470,6880.0,29465,6890.0,7886,2025-05-09 19:24:13.888,,2147483647,1724164,False,nan
13067,2127400,1613362581,MERV - XMEV - GGAL - 24hs,6850.0,2025-05-09 19:24:12,504,2025-05-09 19:24:14.476,6840.0,557,6830.0,5781,6820.0,19531,6810.0,10287,6800.0,8517,6850.0,7986,6860.0,523,6870.0,1461,6880.0,28474,6890.0,7886,2025-05-09 19:24:14.388,,2147483647,1724164,False,nan
13068,2127868,1613363157,MERV - XMEV - GGAL - 24hs,6850.0,2025-05-09 19:24:12,504,2025-05-09 19:24:19.840,6840.0,557,6830.0,5781,6820.0,19531,6810.0,10287,6800.0,8864,6850.0,7986,6860.0,523,6870.0,1461,6880.0,28474,6890.0,7886,2025-05-09 19:24:19.755,,2147483647,1724164,False,nan
13069,2128074,1613363433,MERV - XMEV - GGAL - 24hs,6850.0,2025-05-09 19:24:12,504,2025-05-09 19:24:22.075,6840.0,557,6830.0,5781,6820.0,19531,6810.0,11287,6800.0,7864,6850.0,7986,6860.0,523,6870.0,1461,6880.0,28474,6890.0,7886,2025-05-09 19:24:21.986,,2147483647,1724164,False,nan
13070,2128270,1613363680,MERV - XMEV - GGAL - 24hs,6850.0,2025-05-09 19:24:12,504,2025-05-09 19:24:24.068,6830.0,6338,6820.0,19531,6810.0,11632,6800.0,5438,6790.0,6359,6850.0,8062,6860.0,523,6870.0,1461,6880.0,28474,6890.0,7879,2025-05-09 19:24:23.981,,2147483647,1724164,False,nan
13071,2128410,1613363869,MERV - XMEV - GGAL - 24hs,6850.0,2025-05-09 19:24:12,504,2025-05-09 19:24:25.096,6830.0,6338,6820.0,19531,6810.0,11287,6800.0,5438,6790.0,10381,6850.0,8062,6860.0,523,6870.0,1461,6880.0,28474,6890.0,7879,2025-05-09 19:24:25.010,,2147483647,1724164,False,nan
13072,2128536,1613364052,MERV - XMEV - GGAL - 24hs,6850.0,2025-05-09 19:24:12,504,2025-05-09 19:24:25.875,6830.0,6338,6820.0,19531,6810.0,11287,6800.0,5438,6790.0,11459,6850.0,8062,6860.0,523,6870.0,1461,6880.0,28474,6890.0,7879,2025-05-09 19:24:25.749,,2147483647,1724164,False,nan
13073,2128793,1613364395,MERV - XMEV - GGAL - 24hs,6850.0,2025-05-09 19:24:27,336,2025-05-09 19:24:27.499,6830.0,6338,6820.0,19531,6810.0,11287,6800.0,5438,6790.0,11459,6850.0,8062,6860.0,523,6870.0,1461,6880.0,28474,6890.0,7879,2025-05-09 19:24:27.399,,2147483647,1724164,True,offer
13074,2128843,1613364457,MERV - XMEV - GGAL - 24hs,6850.0,2025-05-09 19:24:27,85,2025-05-09 19:24:28.427,6830.0,6338,6820.0,19531,6810.0,11287,6800.0,5438,6790.0,11459,6850.0,8062,6860.0,523,6870.0,1461,6880.0,28474,6890.0,7879,2025-05-09 19:24:28.232,,2147483647,1724164,False,nan
13075,2128888,1613364522,MERV - XMEV - GGAL - 24hs,6850.0,2025-05-09 19:24:27,85,2025-05-09 19:24:28.631,6830.0,6338,6820.0,19531,6810.0,11287,6800.0,5438,6790.0,11459,6850.0,9344,6860.0,523,6870.0,1461,6880.0,28474,6890.0,7879,2025-05-09 19:24:28.400,,2147483647,1724885,False,nan
13076,2128968,1613364627,MERV - XMEV - GGAL - 24hs,6850.0,2025-05-09 19:24:27,85,2025-05-09 19:24:29.360,6830.0,6338,6820.0,19531,6810.0,11632,6800.0,5438,6790.0,6359,6850.0,9344,6860.0,523,6870.0,1461,6880.0,28474,6890.0,7879,2025-05-09 19:24:29.276,,2147483647,1724885,False,nan
13077,2129290,1613365213,MERV - XMEV - GGAL - 24hs,6850.0,2025-05-09 19:24:27,85,2025-05-09 19:24:31.851,6830.0,6338,6820.0,19531,6810.0,11632,6800.0,5438,6790.0,6559,6850.0,9344,6860.0,523,6870.0,1461,6880.0,28474,6890.0,7879,2025-05-09 19:24:31.758,,2147483647,1724885,False,nan
13078,2129653,1613365730,MERV - XMEV - GGAL - 24hs,6850.0,2025-05-09 19:24:27,85,2025-05-09 19:24:34.722,6830.0,6338,6820.0,19531,6810.0,10287,6800.0,7167,6790.0,6559,6850.0,9344,6860.0,523,6870.0,1461,6880.0,33474,6890.0,2879,2025-05-09 19:24:34.629,,2147483647,1724885,False,nan
13079,2129780,1613365900,MERV - XMEV - GGAL - 24hs,6850.0,2025-05-09 19:24:27,85,2025-05-09 19:24:35.979,6830.0,6338,6820.0,19531,6810.0,10287,6800.0,7514,6790.0,6559,6850.0,9344,6860.0,523,6870.0,1461,6880.0,28474,6890.0,7879,2025-05-09 19:24:35.834,,2147483647,1724885,False,nan
13080,2129895,1613366041,MERV - XMEV - GGAL - 24hs,6850.0,2025-05-09 19:24:27,85,2025-05-09 19:24:36.654,6830.0,6338,6820.0,19531,6810.0,10287,6800.0,8207,6790.0,6559,6850.0,9344,6860.0,523,6870.0,1461,6880.0,28474,6890.0,7879,2025-05-09 19:24:36.556,,2147483647,1724885,False,nan
13081,2129968,1613366127,MERV - XMEV - GGAL - 24hs,6850.0,2025-05-09 19:24:27,85,2025-05-09 19:24:37.379,6830.0,6338,6820.0,19531,6810.0,10287,6800.0,8193,6790.0,6559,6850.0,9344,6860.0,523,6870.0,1461,6880.0,28474,6890.0,7879,2025-05-09 19:24:37.291,,2147483647,1724885,False,nan
13082,2130164,1613366366,MERV - XMEV - GGAL - 24hs,6850.0,2025-05-09 19:24:27,85,2025-05-09 19:24:38.854,6830.0,6338,6820.0,19531,6810.0,10287,6800.0,8193,6790.0,6559,6850.0,9344,6860.0,523,6870.0,1461,6880.0,28474,6890.0,7893,2025-05-09 19:24:38.769,,2147483647,1724885,False,nan
13083,2130311,1613366579,MERV - XMEV - GGAL - 24hs,6850.0,2025-05-09 19:24:27,85,2025-05-09 19:24:39.690,6830.0,6338,6820.0,19531,6810.0,10287,6800.0,8167,6790.0,6559,6850.0,9344,6860.0,523,6870.0,1461,6880.0,28474,6890.0,7893,2025-05-09 19:24:39.578,,2147483647,1724885,False,nan
13084,2130393,1613366669,MERV - XMEV - GGAL - 24hs,6850.0,2025-05-09 19:24:27,85,2025-05-09 19:24:40.382,6830.0,6338,6820.0,19531,6810.0,10287,6800.0,8170,6790.0,6559,6850.0,9344,6860.0,523,6870.0,1461,6880.0,28474,6890.0,7893,2025-05-09 19:24:40.289,,2147483647,1724885,False,nan
13085,2130509,1613366810,MERV - XMEV - GGAL - 24hs,6850.0,2025-05-09 19:24:41,22,2025-05-09 19:24:41.580,6830.0,6338,6820.0,19531,6810.0,10287,6800.0,8170,6790.0,6559,6850.0,9344,6860.0,523,6870.0,1461,6880.0,28474,6890.0,7893,2025-05-09 19:24:41.487,,2147483647,1724885,True,offer
13086,2130735,1613367075,MERV - XMEV - GGAL - 24hs,6850.0,2025-05-09 19:24:41,22,2025-05-09 19:24:42.871,6830.0,6338,6820.0,19531,6810.0,10287,6800.0,8170,6790.0,6559,6850.0,9322,6860.0,523,6870.0,1461,6880.0,28474,6890.0,7893,2025-05-09 19:24:42.416,,2147483647,1724885,False,nan
13087,2130929,1613367344,MERV - XMEV - GGAL - 24hs,6850.0,2025-05-09 19:24:42,721,2025-05-09 19:24:43.700,6830.0,6338,6820.0,19531,6810.0,10287,6800.0,6438,6790.0,6766,6850.0,8601,6860.0,523,6870.0,1461,6880.0,28474,6890.0,7893,2025-05-09 19:24:42.601,,2147483647,1724907,True,offer
13088,2130965,1613367396,MERV - XMEV - GGAL - 24hs,6850.0,2025-05-09 19:24:42,721,2025-05-09 19:24:43.868,6830.0,6338,6820.0,19531,6810.0,10287,6800.0,6438,6790.0,6766,6850.0,8601,6860.0,523,6870.0,1461,6880.0,28474,6890.0,7893,2025-05-09 19:24:42.991,,2147483647,1725628,False,nan
13089,2131249,1613367774,MERV - XMEV - GGAL - 24hs,6850.0,2025-05-09 19:24:42,721,2025-05-09 19:24:45.342,6830.0,7338,6820.0,4623,6810.0,25195,6800.0,6438,6790.0,6766,6850.0,8601,6860.0,523,6870.0,1461,6880.0,28474,6890.0,7893,2025-05-09 19:24:45.252,,2147483647,1725628,False,nan
13090,2131629,1613368347,MERV - XMEV - GGAL - 24hs,6850.0,2025-05-09 19:24:47,4,2025-05-09 19:24:48.072,6830.0,7338,6820.0,4623,6810.0,25195,6800.0,6438,6790.0,6766,6850.0,8601,6860.0,523,6870.0,1461,6880.0,28474,6890.0,7893,2025-05-09 19:24:47.947,,2147483647,1725628,True,offer
13091,2131694,1613368431,MERV - XMEV - GGAL - 24hs,6850.0,2025-05-09 19:24:47,4,2025-05-09 19:24:48.684,6830.0,7338,6820.0,4623,6810.0,25195,6800.0,6438,6790.0,6766,6850.0,8597,6860.0,523,6870.0,1461,6880.0,28474,6890.0,7893,2025-05-09 19:24:48.599,,2147483647,1725628,False,nan
13092,2131737,1613368484,MERV - XMEV - GGAL - 24hs,6850.0,2025-05-09 19:24:47,4,2025-05-09 19:24:49.183,6830.0,7338,6820.0,4623,6810.0,25195,6800.0,6438,6790.0,6766,6850.0,8597,6860.0,523,6870.0,1461,6880.0,28474,6890.0,7893,2025-05-09 19:24:49.099,,2147483647,1725632,False,nan
13093,2132120,1613368970,MERV - XMEV - GGAL - 24hs,6850.0,2025-05-09 19:24:47,4,2025-05-09 19:24:51.036,6830.0,7338,6820.0,4623,6810.0,25195,6800.0,8170,6790.0,6559,6850.0,8597,6860.0,523,6870.0,1461,6880.0,28474,6890.0,7893,2025-05-09 19:24:50.289,,2147483647,1725632,False,nan
13094,2133454,1613370638,MERV - XMEV - GGAL - 24hs,6850.0,2025-05-09 19:24:47,4,2025-05-09 19:24:57.214,6830.0,7938,6820.0,4623,6810.0,25195,6800.0,6438,6790.0,8500,6850.0,8597,6860.0,523,6870.0,1461,6880.0,28474,6890.0,7893,2025-05-09 19:24:56.629,,2147483647,1725632,False,nan
13095,2133517,1613370725,MERV - XMEV - GGAL - 24hs,6850.0,2025-05-09 19:24:56,721,2025-05-09 19:24:57.491,6830.0,7938,6820.0,4623,6810.0,25195,6800.0,6438,6790.0,8500,6850.0,8597,6860.0,523,6870.0,1461,6880.0,28474,6890.0,7893,2025-05-09 19:24:57.122,,2147483647,1725632,True,offer
13096,2133555,1613370776,MERV - XMEV - GGAL - 24hs,6850.0,2025-05-09 19:24:56,721,2025-05-09 19:24:57.708,6830.0,7938,6820.0,4623,6810.0,25195,6800.0,6438,6790.0,8500,6850.0,7876,6860.0,523,6870.0,1461,6880.0,28474,6890.0,7893,2025-05-09 19:24:57.621,,2147483647,1726353,False,nan
13097,2133986,1613371298,MERV - XMEV - GGAL - 24hs,6850.0,2025-05-09 19:24:56,721,2025-05-09 19:25:01.832,6830.0,7938,6820.0,4623,6810.0,25195,6800.0,6438,6790.0,7681,6850.0,7876,6860.0,523,6870.0,1461,6880.0,28474,6890.0,7893,2025-05-09 19:25:01.714,,2147483647,1726353,False,nan
13098,2134193,1613371529,MERV - XMEV - GGAL - 24hs,6850.0,2025-05-09 19:25:02,10,2025-05-09 19:25:02.543,6830.0,7938,6820.0,4623,6810.0,25195,6800.0,6438,6790.0,7681,6850.0,7876,6860.0,523,6870.0,1461,6880.0,28474,6890.0,7893,2025-05-09 19:25:02.215,,2147483647,1726353,True,offer
13099,2134353,1613371718,MERV - XMEV - GGAL - 24hs,6850.0,2025-05-09 19:25:02,10,2025-05-09 19:25:03.126,6830.0,7938,6820.0,4623,6810.0,25195,6800.0,6438,6790.0,7681,6850.0,7876,6860.0,523,6870.0,1461,6880.0,28474,6890.0,7893,2025-05-09 19:25:02.866,,2147483647,1726363,False,nan
13100,2134411,1613371795,MERV - XMEV - GGAL - 24hs,6850.0,2025-05-09 19:25:02,10,2025-05-09 19:25:03.459,6830.0,7938,6820.0,4623,6810.0,25195,6800.0,6438,6790.0,7681,6850.0,7866,6860.0,523,6870.0,1461,6880.0,28474,6890.0,7893,2025-05-09 19:25:03.367,,2147483647,1726363,False,nan
13101,2134580,1613372004,MERV - XMEV - GGAL - 24hs,6850.0,2025-05-09 19:25:02,10,2025-05-09 19:25:04.179,6830.0,7938,6820.0,4623,6810.0,25195,6800.0,6438,6790.0,8329,6850.0,7866,6860.0,523,6870.0,1461,6880.0,28474,6890.0,7893,2025-05-09 19:25:04.044,,2147483647,1726363,False,nan
13102,2135198,1613372860,MERV - XMEV - GGAL - 24hs,6850.0,2025-05-09 19:25:11,576,2025-05-09 19:25:11.492,6830.0,7938,6820.0,4623,6810.0,25195,6800.0,6438,6790.0,8329,6850.0,7866,6860.0,523,6870.0,1461,6880.0,28474,6890.0,7893,2025-05-09 19:25:11.407,,2147483647,1726363,True,offer
13103,2135263,1613372940,MERV - XMEV - GGAL - 24hs,6850.0,2025-05-09 19:25:11,576,2025-05-09 19:25:12.153,6830.0,7938,6820.0,4623,6810.0,25195,6800.0,6438,6790.0,8329,6850.0,7290,6860.0,523,6870.0,1461,6880.0,28474,6890.0,7893,2025-05-09 19:25:12.068,,2147483647,1726363,False,nan
13104,2135372,1613373061,MERV - XMEV - GGAL - 24hs,6850.0,2025-05-09 19:25:11,576,2025-05-09 19:25:12.740,6830.0,7938,6820.0,4623,6810.0,25195,6800.0,6438,6790.0,8329,6850.0,7290,6860.0,523,6870.0,1461,6880.0,28474,6890.0,7893,2025-05-09 19:25:12.567,,2147483647,1726939,False,nan
13105,2135444,1613373161,MERV - XMEV - GGAL - 24hs,6850.0,2025-05-09 19:25:11,576,2025-05-09 19:25:13.153,6830.0,7938,6820.0,4623,6810.0,25195,6800.0,7130,6790.0,6559,6850.0,7290,6860.0,523,6870.0,1461,6880.0,28474,6890.0,7893,2025-05-09 19:25:13.068,,2147483647,1726939,False,nan
13106,2135492,1613373230,MERV - XMEV - GGAL - 24hs,6850.0,2025-05-09 19:25:11,576,2025-05-09 19:25:13.904,6830.0,7938,6820.0,4623,6810.0,25195,6800.0,6783,6790.0,6559,6850.0,7290,6860.0,523,6870.0,1461,6880.0,18474,6890.0,7893,2025-05-09 19:25:13.817,,2147483647,1726939,False,nan
13107,2135619,1613373412,MERV - XMEV - GGAL - 24hs,6850.0,2025-05-09 19:25:11,576,2025-05-09 19:25:15.962,6830.0,7938,6820.0,4623,6810.0,25195,6800.0,6783,6790.0,6559,6850.0,7290,6860.0,523,6870.0,1461,6880.0,18474,6890.0,8890,2025-05-09 19:25:15.865,,2147483647,1726939,False,nan
13108,2136059,1613373990,MERV - XMEV - GGAL - 24hs,6850.0,2025-05-09 19:25:22,2,2025-05-09 19:25:22.337,6830.0,7938,6820.0,4623,6810.0,25195,6800.0,6783,6790.0,6559,6850.0,7290,6860.0,523,6870.0,1461,6880.0,18474,6890.0,8890,2025-05-09 19:25:22.251,,2147483647,1726939,True,offer
13109,2136102,1613374056,MERV - XMEV - GGAL - 24hs,6850.0,2025-05-09 19:25:22,2,2025-05-09 19:25:22.933,6830.0,7938,6820.0,4623,6810.0,25195,6800.0,6783,6790.0,6559,6850.0,7288,6860.0,523,6870.0,1461,6880.0,18474,6890.0,8890,2025-05-09 19:25:22.848,,2147483647,1726939,False,nan
13110,2136128,1613374084,MERV - XMEV - GGAL - 24hs,6850.0,2025-05-09 19:25:22,2,2025-05-09 19:25:23.434,6830.0,7938,6820.0,4623,6810.0,25195,6800.0,6783,6790.0,6559,6850.0,7288,6860.0,523,6870.0,1461,6880.0,18474,6890.0,8890,2025-05-09 19:25:23.348,,2147483647,1726941,False,nan
13111,2136326,1613374335,MERV - XMEV - GGAL - 24hs,6850.0,2025-05-09 19:25:22,2,2025-05-09 19:25:25.972,6830.0,7938,6820.0,4623,6810.0,25195,6800.0,6782,6790.0,6559,6850.0,7288,6860.0,523,6870.0,1461,6880.0,18474,6890.0,8890,2025-05-09 19:25:25.886,,2147483647,1726941,False,nan
13112,2136359,1613374386,MERV - XMEV - GGAL - 24hs,6850.0,2025-05-09 19:25:25,576,2025-05-09 19:25:26.506,6830.0,7938,6820.0,4623,6810.0,25195,6800.0,6782,6790.0,6559,6850.0,7288,6860.0,523,6870.0,1461,6880.0,18474,6890.0,8890,2025-05-09 19:25:26.387,,2147483647,1726941,True,offer
13113,2136396,1613374443,MERV - XMEV - GGAL - 24hs,6850.0,2025-05-09 19:25:25,576,2025-05-09 19:25:26.971,6830.0,6338,6820.0,4623,6810.0,25195,6800.0,6783,6790.0,6559,6850.0,6712,6860.0,523,6870.0,1461,6880.0,18474,6890.0,8890,2025-05-09 19:25:26.886,,2147483647,1727517,False,nan
13114,2136738,1613374851,MERV - XMEV - GGAL - 24hs,6850.0,2025-05-09 19:25:31,7,2025-05-09 19:25:31.724,6830.0,6338,6820.0,4623,6810.0,25195,6800.0,6783,6790.0,6559,6850.0,6712,6860.0,523,6870.0,1461,6880.0,18474,6890.0,8890,2025-05-09 19:25:31.638,,2147483647,1727517,True,offer
13115,2136805,1613374975,MERV - XMEV - GGAL - 24hs,6850.0,2025-05-09 19:25:31,7,2025-05-09 19:25:32.403,6830.0,6338,6820.0,4623,6810.0,25195,6800.0,6783,6790.0,6559,6850.0,6705,6860.0,523,6870.0,1461,6880.0,18474,6890.0,8890,2025-05-09 19:25:32.304,,2147483647,1727517,False,nan
13116,2136842,1613375051,MERV - XMEV - GGAL - 24hs,6850.0,2025-05-09 19:25:31,7,2025-05-09 19:25:32.899,6830.0,6338,6820.0,4623,6810.0,25195,6800.0,6783,6790.0,6559,6850.0,6705,6860.0,523,6870.0,1461,6880.0,18474,6890.0,8890,2025-05-09 19:25:32.804,,2147483647,1727524,False,nan
13117,2137167,1613375611,MERV - XMEV - GGAL - 24hs,6850.0,2025-05-09 19:25:37,626,2025-05-09 19:25:37.411,6830.0,6338,6820.0,4623,6810.0,25195,6800.0,6783,6790.0,6559,6850.0,6705,6860.0,523,6870.0,1461,6880.0,18474,6890.0,8890,2025-05-09 19:25:37.326,,2147483647,1727524,True,offer
13118,2137193,1613375638,MERV - XMEV - GGAL - 24hs,6850.0,2025-05-09 19:25:37,374,2025-05-09 19:25:37.912,6830.0,6338,6820.0,4623,6810.0,25195,6800.0,6783,6790.0,6559,6850.0,6705,6860.0,523,6870.0,1461,6880.0,18474,6890.0,8890,2025-05-09 19:25:37.826,,2147483647,1727524,False,nan
13119,2137222,1613375681,MERV - XMEV - GGAL - 24hs,6850.0,2025-05-09 19:25:37,374,2025-05-09 19:25:38.411,6830.0,6338,6820.0,4623,6810.0,25195,6800.0,6783,6790.0,6559,6850.0,9055,6860.0,523,6870.0,1461,6880.0,18474,6890.0,8890,2025-05-09 19:25:38.326,,2147483647,1728524,False,nan
13120,2137265,1613375740,MERV - XMEV - GGAL - 24hs,6850.0,2025-05-09 19:25:39,22,2025-05-09 19:25:39.093,6830.0,6338,6820.0,4623,6810.0,25195,6800.0,6783,6790.0,6559,6850.0,9055,6860.0,523,6870.0,1461,6880.0,18474,6890.0,8890,2025-05-09 19:25:39.009,,2147483647,1728524,True,offer
13121,2137304,1613375802,MERV - XMEV - GGAL - 24hs,6850.0,2025-05-09 19:25:39,581,2025-05-09 19:25:39.599,6830.0,6338,6820.0,4623,6810.0,25195,6800.0,6783,6790.0,6559,6850.0,9055,6860.0,523,6870.0,1461,6880.0,18474,6890.0,8890,2025-05-09 19:25:39.510,,2147483647,1728546,False,nan
13122,2137343,1613375858,MERV - XMEV - GGAL - 24hs,6850.0,2025-05-09 19:25:39,581,2025-05-09 19:25:40.097,6830.0,6338,6820.0,4623,6810.0,25195,6800.0,6783,6790.0,6559,6850.0,8452,6860.0,523,6870.0,1461,6880.0,18474,6890.0,8890,2025-05-09 19:25:40.011,,2147483647,1729127,False,nan
13123,2137411,1613375978,MERV - XMEV - GGAL - 24hs,6850.0,2025-05-09 19:25:40,576,2025-05-09 19:25:40.859,6830.0,6338,6820.0,4623,6810.0,25195,6800.0,6783,6790.0,6559,6850.0,8452,6860.0,523,6870.0,1461,6880.0,18474,6890.0,8890,2025-05-09 19:25:40.752,,2147483647,1729127,True,offer
13124,2137447,1613376026,MERV - XMEV - GGAL - 24hs,6850.0,2025-05-09 19:25:40,576,2025-05-09 19:25:41.504,6830.0,6338,6820.0,4623,6810.0,25195,6800.0,6783,6790.0,6559,6850.0,7876,6860.0,523,6870.0,1461,6880.0,18474,6890.0,8890,2025-05-09 19:25:41.417,,2147483647,1729127,False,nan
13125,2137482,1613376072,MERV - XMEV - GGAL - 24hs,6850.0,2025-05-09 19:25:40,576,2025-05-09 19:25:42.003,6830.0,6338,6820.0,4623,6810.0,25195,6800.0,6783,6790.0,6559,6850.0,7876,6860.0,523,6870.0,1461,6880.0,18474,6890.0,8890,2025-05-09 19:25:41.918,,2147483647,1729703,False,nan
13126,2137540,1613376157,MERV - XMEV - GGAL - 24hs,6850.0,2025-05-09 19:25:40,576,2025-05-09 19:25:42.893,6830.0,6338,6820.0,4623,6810.0,25195,6800.0,6766,6790.0,6559,6850.0,7876,6860.0,523,6870.0,1461,6880.0,18474,6890.0,8890,2025-05-09 19:25:42.809,,2147483647,1729703,False,nan
13127,2137655,1613376299,MERV - XMEV - GGAL - 24hs,6850.0,2025-05-09 19:25:40,576,2025-05-09 19:25:44.033,6830.0,6438,6820.0,4623,6810.0,25195,6800.0,6766,6790.0,6559,6850.0,7876,6860.0,523,6870.0,1461,6880.0,18474,6890.0,8890,2025-05-09 19:25:43.948,,2147483647,1729703,False,nan
13128,2137841,1613376535,MERV - XMEV - GGAL - 24hs,6850.0,2025-05-09 19:25:40,576,2025-05-09 19:25:45.531,6830.0,6438,6820.0,4623,6810.0,25195,6800.0,6783,6790.0,6559,6850.0,7876,6860.0,523,6870.0,1461,6880.0,18474,6890.0,8890,2025-05-09 19:25:45.445,,2147483647,1729703,False,nan
13129,2138446,1613377339,MERV - XMEV - GGAL - 24hs,6850.0,2025-05-09 19:25:40,576,2025-05-09 19:25:54.587,6830.0,6438,6820.0,4623,6810.0,25195,6800.0,6771,6790.0,6559,6850.0,7876,6860.0,523,6870.0,1461,6880.0,18474,6890.0,8890,2025-05-09 19:25:54.488,,2147483647,1729703,False,nan
13130,2138497,1613377400,MERV - XMEV - GGAL - 24hs,6850.0,2025-05-09 19:25:55,288,2025-05-09 19:25:55.328,6830.0,6438,6820.0,4623,6810.0,25195,6800.0,6771,6790.0,6559,6850.0,7876,6860.0,523,6870.0,1461,6880.0,18474,6890.0,8890,2025-05-09 19:25:55.242,,2147483647,1729703,True,offer
13131,2138541,1613377449,MERV - XMEV - GGAL - 24hs,6850.0,2025-05-09 19:25:55,2,2025-05-09 19:25:55.839,6830.0,6438,6820.0,4623,6810.0,25195,6800.0,6771,6790.0,6559,6850.0,7586,6860.0,523,6870.0,1461,6880.0,18474,6890.0,8890,2025-05-09 19:25:55.745,,2147483647,1729991,False,nan
13132,2138592,1613377510,MERV - XMEV - GGAL - 24hs,6850.0,2025-05-09 19:25:55,2,2025-05-09 19:25:56.333,6830.0,6438,6820.0,4623,6810.0,25195,6800.0,6771,6790.0,6559,6850.0,7586,6860.0,523,6870.0,1461,6880.0,18474,6890.0,8890,2025-05-09 19:25:56.245,,2147483647,1729993,False,nan
13133,2138746,1613377692,MERV - XMEV - GGAL - 24hs,6850.0,2025-05-09 19:25:55,2,2025-05-09 19:25:58.056,6830.0,6438,6820.0,4623,6810.0,25195,6800.0,6783,6790.0,6559,6850.0,7586,6860.0,523,6870.0,1461,6880.0,18474,6890.0,8890,2025-05-09 19:25:57.971,,2147483647,1729993,False,nan
13134,2138815,1613377776,MERV - XMEV - GGAL - 24hs,6850.0,2025-05-09 19:25:55,2,2025-05-09 19:25:58.816,6830.0,6438,6820.0,4623,6810.0,25195,6800.0,6783,6790.0,6559,6850.0,7588,6860.0,523,6870.0,1461,6880.0,18474,6890.0,8890,2025-05-09 19:25:58.730,,2147483647,1729993,False,nan
13135,2139009,1613378003,MERV - XMEV - GGAL - 24hs,6850.0,2025-05-09 19:25:55,2,2025-05-09 19:26:02.011,6830.0,6438,6820.0,4623,6810.0,25195,6800.0,6783,6790.0,6559,6850.0,7588,6860.0,523,6870.0,3461,6880.0,18474,6890.0,8890,2025-05-09 19:26:01.925,,2147483647,1729993,False,nan
13136,2139129,1613378143,MERV - XMEV - GGAL - 24hs,6850.0,2025-05-09 19:25:55,2,2025-05-09 19:26:03.310,6830.0,6438,6820.0,4623,6810.0,25195,6800.0,6438,6790.0,7635,6850.0,7588,6860.0,523,6870.0,3461,6880.0,18474,6890.0,8890,2025-05-09 19:26:03.224,,2147483647,1729993,False,nan
13137,2139202,1613378227,MERV - XMEV - GGAL - 24hs,6850.0,2025-05-09 19:25:55,2,2025-05-09 19:26:04.054,6830.0,6438,6820.0,4623,6810.0,25195,6800.0,6438,6790.0,7982,6850.0,7588,6860.0,523,6870.0,3461,6880.0,18474,6890.0,8890,2025-05-09 19:26:03.968,,2147483647,1729993,False,nan
13138,2139630,1613378780,MERV - XMEV - GGAL - 24hs,6850.0,2025-05-09 19:26:08,1,2025-05-09 19:26:09.269,6830.0,6438,6820.0,4623,6810.0,25195,6800.0,6438,6790.0,7982,6850.0,7588,6860.0,523,6870.0,3461,6880.0,18474,6890.0,8890,2025-05-09 19:26:09.184,,2147483647,1729993,True,offer
13139,2139705,1613378882,MERV - XMEV - GGAL - 24hs,6850.0,2025-05-09 19:26:08,1,2025-05-09 19:26:09.963,6830.0,6438,6820.0,4623,6810.0,25195,6800.0,6438,6790.0,7982,6850.0,7587,6860.0,523,6870.0,3461,6880.0,18474,6890.0,8890,2025-05-09 19:26:09.817,,2147483647,1729993,False,nan
13140,2139733,1613378926,MERV - XMEV - GGAL - 24hs,6850.0,2025-05-09 19:26:09,504,2025-05-09 19:26:10.391,6830.0,6438,6820.0,4623,6810.0,25195,6800.0,6438,6790.0,7982,6850.0,7587,6860.0,523,6870.0,3461,6880.0,18474,6890.0,8890,2025-05-09 19:26:10.307,,2147483647,1729994,True,offer
13141,2139766,1613378966,MERV - XMEV - GGAL - 24hs,6850.0,2025-05-09 19:26:09,504,2025-05-09 19:26:10.892,6830.0,6438,6820.0,4623,6810.0,25195,6800.0,6438,6790.0,7982,6850.0,7083,6860.0,523,6870.0,3461,6880.0,18474,6890.0,8890,2025-05-09 19:26:10.807,,2147483647,1730498,False,nan
13142,2139787,1613378992,MERV - XMEV - GGAL - 24hs,6850.0,2025-05-09 19:26:11,36,2025-05-09 19:26:11.391,6830.0,6438,6820.0,4623,6810.0,25195,6800.0,6438,6790.0,7982,6850.0,7083,6860.0,523,6870.0,3461,6880.0,18474,6890.0,8890,2025-05-09 19:26:11.307,,2147483647,1730498,True,offer
13143,2139819,1613379039,MERV - XMEV - GGAL - 24hs,6850.0,2025-05-09 19:26:11,36,2025-05-09 19:26:11.892,6830.0,6438,6820.0,4623,6810.0,25195,6800.0,6438,6790.0,7982,6850.0,7047,6860.0,523,6870.0,3461,6880.0,18474,6890.0,8890,2025-05-09 19:26:11.807,,2147483647,1730534,False,nan
13144,2139858,1613379091,MERV - XMEV - GGAL - 24hs,6850.0,2025-05-09 19:26:11,36,2025-05-09 19:26:12.614,6830.0,6438,6820.0,4623,6810.0,25195,6800.0,6538,6790.0,7982,6850.0,7047,6860.0,523,6870.0,3461,6880.0,18474,6890.0,8890,2025-05-09 19:26:12.526,,2147483647,1730534,False,nan
13145,2140153,1613379451,MERV - XMEV - GGAL - 24hs,6850.0,2025-05-09 19:26:16,6,2025-05-09 19:26:16.745,6830.0,6438,6820.0,4623,6810.0,25195,6800.0,6538,6790.0,7982,6850.0,7047,6860.0,523,6870.0,3461,6880.0,18474,6890.0,8890,2025-05-09 19:26:16.658,,2147483647,1730534,True,offer
13146,2140185,1613379494,MERV - XMEV - GGAL - 24hs,6830.0,2025-05-09 19:26:17,424,2025-05-09 19:26:17.272,6830.0,6438,6820.0,4623,6810.0,25195,6800.0,6538,6790.0,7982,6850.0,7047,6860.0,523,6870.0,3461,6880.0,18474,6890.0,8890,2025-05-09 19:26:17.188,,2147483647,1730540,True,bid
13147,2140218,1613379534,MERV - XMEV - GGAL - 24hs,6830.0,2025-05-09 19:26:17,424,2025-05-09 19:26:17.779,6830.0,6014,6820.0,4623,6810.0,25195,6800.0,6538,6790.0,7982,6850.0,7041,6860.0,100,6870.0,3461,6880.0,18474,6890.0,8890,2025-05-09 19:26:17.686,,2147483647,1730964,False,nan
13148,2140258,1613379586,MERV - XMEV - GGAL - 24hs,6850.0,2025-05-09 19:26:17,581,2025-05-09 19:26:18.280,6830.0,6014,6820.0,4623,6810.0,25195,6800.0,6538,6790.0,7982,6850.0,7041,6860.0,100,6870.0,3461,6880.0,18474,6890.0,8890,2025-05-09 19:26:18.192,,2147483647,1730964,False,nan
13149,2140286,1613379625,MERV - XMEV - GGAL - 24hs,6850.0,2025-05-09 19:26:17,581,2025-05-09 19:26:18.780,6830.0,6014,6820.0,4623,6810.0,25195,6800.0,6538,6790.0,7982,6850.0,6460,6860.0,100,6870.0,3461,6880.0,18474,6890.0,8890,2025-05-09 19:26:18.690,,2147483647,1731545,False,nan
13150,2140654,1613380071,MERV - XMEV - GGAL - 24hs,6850.0,2025-05-09 19:26:24,432,2025-05-09 19:26:24.630,6830.0,6014,6820.0,4623,6810.0,25195,6800.0,6538,6790.0,7982,6850.0,6460,6860.0,100,6870.0,3461,6880.0,18474,6890.0,8890,2025-05-09 19:26:24.537,,2147483647,1731545,True,offer
13151,2140699,1613380126,MERV - XMEV - GGAL - 24hs,6850.0,2025-05-09 19:26:24,432,2025-05-09 19:26:25.289,6830.0,6014,6820.0,4623,6810.0,25195,6800.0,6538,6790.0,7982,6850.0,6028,6860.0,100,6870.0,3461,6880.0,18474,6890.0,8890,2025-05-09 19:26:25.204,,2147483647,1731545,False,nan
13152,2140750,1613380189,MERV - XMEV - GGAL - 24hs,6850.0,2025-05-09 19:26:24,432,2025-05-09 19:26:25.789,6830.0,6014,6820.0,4623,6810.0,25195,6800.0,6538,6790.0,7982,6850.0,6028,6860.0,100,6870.0,3461,6880.0,18474,6890.0,8890,2025-05-09 19:26:25.704,,2147483647,1731977,False,nan
13153,2140802,1613380289,MERV - XMEV - GGAL - 24hs,6850.0,2025-05-09 19:26:26,596,2025-05-09 19:26:26.728,6830.0,6014,6820.0,4623,6810.0,25195,6800.0,6538,6790.0,7982,6850.0,6028,6860.0,100,6870.0,3461,6880.0,18474,6890.0,8890,2025-05-09 19:26:26.644,,2147483647,1731977,True,offer
13154,2140855,1613380354,MERV - XMEV - GGAL - 24hs,6850.0,2025-05-09 19:26:26,596,2025-05-09 19:26:27.395,6840.0,1000,6830.0,6014,6820.0,4623,6810.0,25195,6800.0,6538,6850.0,5356,6860.0,100,6870.0,3461,6880.0,18474,6890.0,8897,2025-05-09 19:26:27.310,,2147483647,1731977,False,nan
13155,2140889,1613380398,MERV - XMEV - GGAL - 24hs,6850.0,2025-05-09 19:26:27,13,2025-05-09 19:26:27.895,6840.0,1000,6830.0,6014,6820.0,4623,6810.0,25195,6800.0,6538,6850.0,5356,6860.0,100,6870.0,3461,6880.0,18474,6890.0,8897,2025-05-09 19:26:27.811,,2147483647,1732573,True,offer
13156,2140942,1613380485,MERV - XMEV - GGAL - 24hs,6850.0,2025-05-09 19:26:27,13,2025-05-09 19:26:28.395,6840.0,1000,6830.0,6014,6820.0,4623,6810.0,25195,6800.0,6538,6850.0,9342,6860.0,100,6870.0,3461,6880.0,18474,6890.0,8897,2025-05-09 19:26:28.310,,2147483647,1732587,False,nan
13157,2141121,1613380691,MERV - XMEV - GGAL - 24hs,6850.0,2025-05-09 19:26:27,13,2025-05-09 19:26:29.929,6840.0,1001,6830.0,6014,6820.0,4623,6810.0,25195,6800.0,6538,6850.0,9342,6860.0,100,6870.0,3461,6880.0,18474,6890.0,8897,2025-05-09 19:26:29.762,,2147483647,1732587,False,nan
13158,2141493,1613381165,MERV - XMEV - GGAL - 24hs,6850.0,2025-05-09 19:26:34,357,2025-05-09 19:26:34.195,6840.0,1001,6830.0,6014,6820.0,4623,6810.0,25195,6800.0,6538,6850.0,9342,6860.0,100,6870.0,3461,6880.0,18474,6890.0,8897,2025-05-09 19:26:34.110,,2147483647,1732587,True,offer
13159,2141534,1613381226,MERV - XMEV - GGAL - 24hs,6850.0,2025-05-09 19:26:34,357,2025-05-09 19:26:34.695,6840.0,1001,6830.0,6014,6820.0,4623,6810.0,25195,6800.0,6538,6850.0,8985,6860.0,100,6870.0,5461,6880.0,16474,6890.0,8897,2025-05-09 19:26:34.610,,2147483647,1732587,False,nan
13160,2141577,1613381279,MERV - XMEV - GGAL - 24hs,6850.0,2025-05-09 19:26:34,357,2025-05-09 19:26:35.195,6840.0,1001,6830.0,6014,6820.0,4623,6810.0,25195,6800.0,6538,6850.0,8985,6860.0,100,6870.0,5461,6880.0,16474,6890.0,8897,2025-05-09 19:26:35.111,,2147483647,1732944,False,nan
13161,2141781,1613381526,MERV - XMEV - GGAL - 24hs,6850.0,2025-05-09 19:26:39,504,2025-05-09 19:26:39.158,6840.0,1001,6830.0,6014,6820.0,4623,6810.0,25195,6800.0,6538,6850.0,8985,6860.0,100,6870.0,5461,6880.0,16474,6890.0,8897,2025-05-09 19:26:39.073,,2147483647,1732944,True,offer
13162,2141820,1613381569,MERV - XMEV - GGAL - 24hs,6850.0,2025-05-09 19:26:39,504,2025-05-09 19:26:39.657,6840.0,1001,6830.0,6014,6820.0,4623,6810.0,25195,6800.0,6538,6850.0,8481,6860.0,100,6870.0,5461,6880.0,16474,6890.0,8897,2025-05-09 19:26:39.573,,2147483647,1732944,False,nan
13163,2141846,1613381599,MERV - XMEV - GGAL - 24hs,6850.0,2025-05-09 19:26:39,504,2025-05-09 19:26:40.158,6840.0,1001,6830.0,6014,6820.0,4623,6810.0,25195,6800.0,6538,6850.0,8481,6860.0,100,6870.0,5461,6880.0,16474,6890.0,8897,2025-05-09 19:26:40.073,,2147483647,1733448,False,nan
13164,2141880,1613381636,MERV - XMEV - GGAL - 24hs,6850.0,2025-05-09 19:26:39,504,2025-05-09 19:26:40.657,6840.0,1001,6830.0,6014,6820.0,4873,6810.0,25195,6800.0,6538,6850.0,8481,6860.0,100,6870.0,5461,6880.0,16474,6890.0,8897,2025-05-09 19:26:40.573,,2147483647,1733448,False,nan
13165,2141994,1613381776,MERV - XMEV - GGAL - 24hs,6850.0,2025-05-09 19:26:39,504,2025-05-09 19:26:41.668,6840.0,1001,6830.0,6014,6820.0,4873,6810.0,25195,6800.0,6538,6850.0,8481,6860.0,100,6870.0,3461,6880.0,18474,6890.0,8897,2025-05-09 19:26:41.549,,2147483647,1733448,False,nan
13166,2142086,1613381891,MERV - XMEV - GGAL - 24hs,6850.0,2025-05-09 19:26:39,504,2025-05-09 19:26:42.845,6840.0,1004,6830.0,6014,6820.0,4873,6810.0,25195,6800.0,6538,6850.0,8481,6860.0,100,6870.0,3461,6880.0,18474,6890.0,8897,2025-05-09 19:26:42.757,,2147483647,1733448,False,nan
13167,2142280,1613382150,MERV - XMEV - GGAL - 24hs,6850.0,2025-05-09 19:26:39,504,2025-05-09 19:26:44.530,6840.0,1561,6830.0,5457,6820.0,4873,6810.0,25195,6800.0,6538,6850.0,8481,6860.0,100,6870.0,3461,6880.0,18474,6890.0,8897,2025-05-09 19:26:44.446,,2147483647,1733448,False,nan
13168,2142432,1613382350,MERV - XMEV - GGAL - 24hs,6840.0,2025-05-09 19:26:47,11,2025-05-09 19:26:47.159,6840.0,1561,6830.0,5457,6820.0,4873,6810.0,25195,6800.0,6538,6850.0,8481,6860.0,100,6870.0,3461,6880.0,18474,6890.0,8897,2025-05-09 19:26:47.074,,2147483647,1733448,True,bid
13169,2142477,1613382403,MERV - XMEV - GGAL - 24hs,6840.0,2025-05-09 19:26:47,11,2025-05-09 19:26:47.825,6840.0,1550,6830.0,5457,6820.0,4873,6810.0,25195,6800.0,6538,6850.0,8481,6860.0,100,6870.0,3461,6880.0,18474,6890.0,8897,2025-05-09 19:26:47.736,,2147483647,1733448,False,nan
13170,2142508,1613382446,MERV - XMEV - GGAL - 24hs,6840.0,2025-05-09 19:26:47,11,2025-05-09 19:26:48.322,6840.0,1550,6830.0,5457,6820.0,4873,6810.0,25195,6800.0,6538,6850.0,8481,6860.0,100,6870.0,3461,6880.0,18474,6890.0,8897,2025-05-09 19:26:48.236,,2147483647,1733459,False,nan
13171,2142532,1613382491,MERV - XMEV - GGAL - 24hs,6850.0,2025-05-09 19:26:48,4,2025-05-09 19:26:48.821,6840.0,1550,6830.0,5457,6820.0,4873,6810.0,25195,6800.0,6538,6850.0,8481,6860.0,100,6870.0,3461,6880.0,18474,6890.0,8897,2025-05-09 19:26:48.736,,2147483647,1733459,True,offer
13172,2142578,1613382560,MERV - XMEV - GGAL - 24hs,6850.0,2025-05-09 19:26:48,4,2025-05-09 19:26:49.355,6840.0,1550,6830.0,5457,6820.0,4873,6810.0,25195,6800.0,6538,6850.0,8477,6860.0,100,6870.0,3461,6880.0,18474,6890.0,8897,2025-05-09 19:26:49.236,,2147483647,1733463,False,nan
13173,2142702,1613382742,MERV - XMEV - GGAL - 24hs,6850.0,2025-05-09 19:26:48,4,2025-05-09 19:26:50.835,6840.0,1550,6830.0,5457,6820.0,4873,6810.0,25195,6800.0,6538,6850.0,8477,6860.0,100,6870.0,3461,6880.0,28474,6890.0,8897,2025-05-09 19:26:50.745,,2147483647,1733463,False,nan
13174,2142998,1613383080,MERV - XMEV - GGAL - 24hs,6850.0,2025-05-09 19:26:53,432,2025-05-09 19:26:53.755,6840.0,1550,6830.0,5457,6820.0,4873,6810.0,25195,6800.0,6538,6850.0,8477,6860.0,100,6870.0,3461,6880.0,28474,6890.0,8897,2025-05-09 19:26:53.616,,2147483647,1733463,True,offer
13175,2143041,1613383135,MERV - XMEV - GGAL - 24hs,6850.0,2025-05-09 19:26:53,432,2025-05-09 19:26:54.472,6840.0,1550,6830.0,5457,6820.0,4873,6810.0,25195,6800.0,6538,6850.0,8045,6860.0,100,6870.0,3461,6880.0,28474,6890.0,8897,2025-05-09 19:26:54.382,,2147483647,1733463,False,nan
13176,2143156,1613383262,MERV - XMEV - GGAL - 24hs,6850.0,2025-05-09 19:26:53,432,2025-05-09 19:26:54.967,6840.0,1550,6830.0,5457,6820.0,4873,6810.0,25195,6800.0,6538,6850.0,8045,6860.0,100,6870.0,3461,6880.0,28474,6890.0,8897,2025-05-09 19:26:54.882,,2147483647,1733895,False,nan
13177,2143237,1613383358,MERV - XMEV - GGAL - 24hs,6850.0,2025-05-09 19:26:55,251,2025-05-09 19:26:55.928,6840.0,1550,6830.0,5457,6820.0,4873,6810.0,25195,6800.0,6538,6850.0,8045,6860.0,100,6870.0,3461,6880.0,28474,6890.0,8897,2025-05-09 19:26:55.841,,2147483647,1733895,True,offer
13178,2143294,1613383446,MERV - XMEV - GGAL - 24hs,6850.0,2025-05-09 19:26:55,251,2025-05-09 19:26:56.593,6840.0,1550,6830.0,5457,6820.0,4873,6810.0,25195,6800.0,6538,6850.0,7794,6860.0,100,6870.0,3461,6880.0,28474,6890.0,8897,2025-05-09 19:26:56.508,,2147483647,1733895,False,nan
13179,2143331,1613383491,MERV - XMEV - GGAL - 24hs,6850.0,2025-05-09 19:26:55,251,2025-05-09 19:26:57.101,6840.0,1550,6830.0,5457,6820.0,4873,6810.0,25195,6800.0,6538,6850.0,7794,6860.0,100,6870.0,3461,6880.0,28474,6890.0,8897,2025-05-09 19:26:57.012,,2147483647,1734146,False,nan
13180,2143484,1613383706,MERV - XMEV - GGAL - 24hs,6840.0,2025-05-09 19:26:58,989,2025-05-09 19:26:58.925,6840.0,1550,6830.0,5457,6820.0,4873,6810.0,25195,6800.0,6538,6850.0,7794,6860.0,100,6870.0,3461,6880.0,28474,6890.0,8897,2025-05-09 19:26:58.821,,2147483647,1734146,True,bid
13181,2143514,1613383772,MERV - XMEV - GGAL - 24hs,6840.0,2025-05-09 19:26:58,557,2025-05-09 19:26:59.405,6840.0,1550,6830.0,5457,6820.0,4873,6810.0,25195,6800.0,6538,6850.0,7794,6860.0,100,6870.0,3461,6880.0,28474,6890.0,8897,2025-05-09 19:26:59.320,,2147483647,1734146,False,nan
13182,2143574,1613383851,MERV - XMEV - GGAL - 24hs,6830.0,2025-05-09 19:26:59,12,2025-05-09 19:26:59.903,6830.0,5457,6820.0,4873,6810.0,25195,6800.0,6538,6790.0,7982,6840.0,4000,6850.0,3794,6860.0,100,6870.0,3461,6880.0,28474,2025-05-09 19:26:59.819,,2147483647,1735696,True,bid
13183,2143619,1613383919,MERV - XMEV - GGAL - 24hs,6830.0,2025-05-09 19:26:59,12,2025-05-09 19:27:00.404,6830.0,5445,6820.0,4873,6810.0,25195,6800.0,6538,6790.0,7982,6840.0,4000,6850.0,3794,6860.0,100,6870.0,3461,6880.0,28474,2025-05-09 19:27:00.320,,2147483647,1735708,False,nan
13184,2144116,1613384563,MERV - XMEV - GGAL - 24hs,6840.0,2025-05-09 19:27:06,1398,2025-05-09 19:27:06.767,6830.0,5445,6820.0,4873,6810.0,25195,6800.0,6538,6790.0,7982,6840.0,4000,6850.0,3794,6860.0,100,6870.0,3461,6880.0,28474,2025-05-09 19:27:06.681,,2147483647,1735708,True,offer
13185,2144154,1613384614,MERV - XMEV - GGAL - 24hs,6840.0,2025-05-09 19:27:06,1398,2025-05-09 19:27:07.433,6830.0,5445,6820.0,4873,6810.0,25195,6800.0,6538,6790.0,7982,6840.0,2602,6850.0,3794,6860.0,100,6870.0,3461,6880.0,28474,2025-05-09 19:27:07.349,,2147483647,1735708,False,nan
13186,2144203,1613384707,MERV - XMEV - GGAL - 24hs,6840.0,2025-05-09 19:27:06,1398,2025-05-09 19:27:07.938,6830.0,5445,6820.0,4873,6810.0,25195,6800.0,6538,6790.0,7982,6840.0,2602,6850.0,3794,6860.0,100,6870.0,3461,6880.0,28474,2025-05-09 19:27:07.853,,2147483647,1737106,False,nan
13187,2144234,1613384745,MERV - XMEV - GGAL - 24hs,6840.0,2025-05-09 19:27:08,288,2025-05-09 19:27:08.434,6830.0,5445,6820.0,4873,6810.0,25195,6800.0,6538,6790.0,7982,6840.0,2602,6850.0,3794,6860.0,100,6870.0,3461,6880.0,28474,2025-05-09 19:27:08.349,,2147483647,1737106,True,offer
13188,2144281,1613384802,MERV - XMEV - GGAL - 24hs,6840.0,2025-05-09 19:27:08,288,2025-05-09 19:27:08.955,6830.0,5445,6820.0,4873,6810.0,25195,6800.0,6883,6790.0,6559,6840.0,2314,6850.0,3794,6860.0,100,6870.0,3461,6880.0,28474,2025-05-09 19:27:08.849,,2147483647,1737106,False,nan
13189,2144323,1613384852,MERV - XMEV - GGAL - 24hs,6840.0,2025-05-09 19:27:08,288,2025-05-09 19:27:09.434,6830.0,5445,6820.0,4873,6810.0,25195,6800.0,6883,6790.0,6559,6840.0,2314,6850.0,3794,6860.0,100,6870.0,3461,6880.0,28474,2025-05-09 19:27:09.350,,2147483647,1737394,False,nan
13190,2144515,1613385096,MERV - XMEV - GGAL - 24hs,6840.0,2025-05-09 19:27:11,42,2025-05-09 19:27:11.153,6830.0,5445,6820.0,4873,6810.0,25195,6800.0,6883,6790.0,6559,6840.0,2314,6850.0,3794,6860.0,100,6870.0,3461,6880.0,28474,2025-05-09 19:27:11.068,,2147483647,1737394,True,offer
13191,2144541,1613385131,MERV - XMEV - GGAL - 24hs,6840.0,2025-05-09 19:27:11,14,2025-05-09 19:27:11.653,6830.0,5445,6820.0,4873,6810.0,25195,6800.0,6883,6790.0,6559,6840.0,1258,6850.0,3794,6860.0,100,6870.0,3461,6880.0,28474,2025-05-09 19:27:11.568,,2147483647,1738436,False,nan
13192,2144570,1613385180,MERV - XMEV - GGAL - 24hs,6840.0,2025-05-09 19:27:11,14,2025-05-09 19:27:12.153,6830.0,5445,6820.0,4873,6810.0,25195,6800.0,6883,6790.0,6559,6840.0,1258,6850.0,3794,6860.0,100,6870.0,3461,6880.0,28474,2025-05-09 19:27:12.068,,2147483647,1738450,False,nan
13193,2144627,1613385258,MERV - XMEV - GGAL - 24hs,6840.0,2025-05-09 19:27:11,14,2025-05-09 19:27:13.657,6830.0,5445,6820.0,4873,6810.0,25195,6800.0,6538,6790.0,7982,6840.0,1258,6850.0,3794,6860.0,100,6870.0,3461,6880.0,28474,2025-05-09 19:27:13.571,,2147483647,1738450,False,nan
13194,2144745,1613385405,MERV - XMEV - GGAL - 24hs,6840.0,2025-05-09 19:27:15,30,2025-05-09 19:27:15.940,6830.0,5445,6820.0,4873,6810.0,25195,6800.0,6538,6790.0,7982,6840.0,1258,6850.0,3794,6860.0,100,6870.0,3461,6880.0,28474,2025-05-09 19:27:15.856,,2147483647,1738450,True,offer
13195,2144771,1613385443,MERV - XMEV - GGAL - 24hs,6840.0,2025-05-09 19:27:15,30,2025-05-09 19:27:16.610,6830.0,5445,6820.0,4873,6810.0,25195,6800.0,6538,6790.0,7982,6840.0,1228,6850.0,3794,6860.0,100,6870.0,3461,6880.0,28474,2025-05-09 19:27:16.522,,2147483647,1738450,False,nan
13196,2144791,1613385473,MERV - XMEV - GGAL - 24hs,6840.0,2025-05-09 19:27:16,1184,2025-05-09 19:27:17.106,6830.0,5445,6820.0,4873,6810.0,25195,6800.0,6538,6790.0,7982,6840.0,1228,6850.0,3794,6860.0,100,6870.0,3461,6880.0,28474,2025-05-09 19:27:17.022,,2147483647,1738480,True,offer
13197,2144826,1613385515,MERV - XMEV - GGAL - 24hs,6840.0,2025-05-09 19:27:17,330,2025-05-09 19:27:17.607,6830.0,5445,6820.0,4873,6810.0,25195,6800.0,6538,6790.0,7982,6840.0,44,6850.0,3794,6860.0,100,6870.0,3461,6880.0,28474,2025-05-09 19:27:17.522,,2147483647,1739666,True,offer
13198,2144871,1613385583,MERV - XMEV - GGAL - 24hs,6840.0,2025-05-09 19:27:17,330,2025-05-09 19:27:18.170,6830.0,5443,6820.0,4873,6810.0,25195,6800.0,6538,6790.0,7982,6840.0,4000,6850.0,3794,6860.0,100,6870.0,3461,6880.0,28474,2025-05-09 19:27:18.081,,2147483647,1739666,False,nan
13199,2144945,1613385672,MERV - XMEV - GGAL - 24hs,6840.0,2025-05-09 19:27:17,330,2025-05-09 19:27:18.666,6830.0,5443,6820.0,4873,6810.0,25195,6800.0,6538,6790.0,7982,6840.0,4000,6850.0,3794,6860.0,100,6870.0,3461,6880.0,28474,2025-05-09 19:27:18.582,,2147483647,1740040,False,nan
13200,2145014,1613385759,MERV - XMEV - GGAL - 24hs,6840.0,2025-05-09 19:27:17,330,2025-05-09 19:27:19.480,6830.0,5443,6820.0,4873,6810.0,25195,6800.0,6883,6790.0,6559,6840.0,4000,6850.0,3794,6860.0,100,6870.0,3461,6880.0,28474,2025-05-09 19:27:19.391,,2147483647,1740040,False,nan
13201,2145069,1613385829,MERV - XMEV - GGAL - 24hs,6840.0,2025-05-09 19:27:17,330,2025-05-09 19:27:20.387,6830.0,5443,6820.0,4873,6810.0,25195,6800.0,7230,6790.0,6559,6840.0,4000,6850.0,3794,6860.0,100,6870.0,3461,6880.0,28474,2025-05-09 19:27:20.290,,2147483647,1740040,False,nan
13202,2145161,1613385939,MERV - XMEV - GGAL - 24hs,6840.0,2025-05-09 19:27:17,330,2025-05-09 19:27:21.884,6830.0,5443,6820.0,4873,6810.0,25195,6800.0,6883,6790.0,6559,6840.0,4000,6850.0,3794,6860.0,100,6870.0,3461,6880.0,28474,2025-05-09 19:27:21.796,,2147483647,1740040,False,nan
13203,2145263,1613386057,MERV - XMEV - GGAL - 24hs,6840.0,2025-05-09 19:27:22,361,2025-05-09 19:27:23.011,6830.0,5443,6820.0,4873,6810.0,25195,6800.0,6883,6790.0,6559,6840.0,4000,6850.0,3794,6860.0,100,6870.0,3461,6880.0,28474,2025-05-09 19:27:22.925,,2147483647,1740040,True,offer
13204,2145299,1613386100,MERV - XMEV - GGAL - 24hs,6840.0,2025-05-09 19:27:22,361,2025-05-09 19:27:23.674,6830.0,5443,6820.0,4873,6810.0,25195,6800.0,6883,6790.0,6559,6840.0,3639,6850.0,3794,6860.0,100,6870.0,3461,6880.0,28474,2025-05-09 19:27:23.588,,2147483647,1740040,False,nan
13205,2145339,1613386149,MERV - XMEV - GGAL - 24hs,6840.0,2025-05-09 19:27:22,361,2025-05-09 19:27:24.172,6830.0,5443,6820.0,4873,6810.0,25195,6800.0,6883,6790.0,6559,6840.0,3639,6850.0,3794,6860.0,100,6870.0,3461,6880.0,28474,2025-05-09 19:27:24.088,,2147483647,1740401,False,nan
13206,2145488,1613386340,MERV - XMEV - GGAL - 24hs,6840.0,2025-05-09 19:27:26,27,2025-05-09 19:27:26.828,6830.0,5443,6820.0,4873,6810.0,25195,6800.0,6883,6790.0,6559,6840.0,3639,6850.0,3794,6860.0,100,6870.0,3461,6880.0,28474,2025-05-09 19:27:26.739,,2147483647,1740401,True,offer
13207,2145544,1613386411,MERV - XMEV - GGAL - 24hs,6840.0,2025-05-09 19:27:26,27,2025-05-09 19:27:27.487,6830.0,5443,6820.0,4873,6810.0,25195,6800.0,6883,6790.0,6559,6840.0,3612,6850.0,3794,6860.0,100,6870.0,3461,6880.0,28474,2025-05-09 19:27:27.402,,2147483647,1740401,False,nan
13208,2145587,1613386465,MERV - XMEV - GGAL - 24hs,6840.0,2025-05-09 19:27:26,27,2025-05-09 19:27:27.987,6830.0,5443,6820.0,4873,6810.0,25195,6800.0,6883,6790.0,6559,6840.0,3612,6850.0,3794,6860.0,100,6870.0,3461,6880.0,28474,2025-05-09 19:27:27.902,,2147483647,1740428,False,nan
13209,2145877,1613386818,MERV - XMEV - GGAL - 24hs,6840.0,2025-05-09 19:27:26,27,2025-05-09 19:27:32.143,6830.0,5443,6820.0,4873,6810.0,25195,6800.0,7230,6790.0,6559,6840.0,3612,6850.0,3794,6860.0,100,6870.0,3461,6880.0,28474,2025-05-09 19:27:32.058,,2147483647,1740428,False,nan
13210,2146001,1613386991,MERV - XMEV - GGAL - 24hs,6840.0,2025-05-09 19:27:26,27,2025-05-09 19:27:33.647,6830.0,5443,6820.0,4873,6810.0,25195,6800.0,6883,6790.0,6559,6840.0,3612,6850.0,3794,6860.0,100,6870.0,3461,6880.0,28474,2025-05-09 19:27:33.558,,2147483647,1740428,False,nan
13211,2146110,1613387127,MERV - XMEV - GGAL - 24hs,6840.0,2025-05-09 19:27:26,27,2025-05-09 19:27:35.130,6830.0,5443,6820.0,4873,6810.0,25195,6800.0,7230,6790.0,6559,6840.0,3612,6850.0,3794,6860.0,100,6870.0,3461,6880.0,28474,2025-05-09 19:27:35.045,,2147483647,1740428,False,nan
13212,2146162,1613387189,MERV - XMEV - GGAL - 24hs,6840.0,2025-05-09 19:27:26,27,2025-05-09 19:27:36.422,6830.0,5443,6820.0,4873,6810.0,25195,6800.0,6883,6790.0,6559,6840.0,3612,6850.0,3794,6860.0,100,6870.0,3461,6880.0,28474,2025-05-09 19:27:36.328,,2147483647,1740428,False,nan
13213,2146226,1613387262,MERV - XMEV - GGAL - 24hs,6840.0,2025-05-09 19:27:26,27,2025-05-09 19:27:36.913,6830.0,5443,6820.0,4873,6810.0,25195,6800.0,7230,6790.0,6559,6840.0,3612,6850.0,3794,6860.0,100,6870.0,3461,6880.0,28474,2025-05-09 19:27:36.828,,2147483647,1740428,False,nan
13214,2146276,1613387320,MERV - XMEV - GGAL - 24hs,6840.0,2025-05-09 19:27:37,288,2025-05-09 19:27:37.523,6830.0,5443,6820.0,4873,6810.0,25195,6800.0,7230,6790.0,6559,6840.0,3612,6850.0,3794,6860.0,100,6870.0,3461,6880.0,28474,2025-05-09 19:27:37.438,,2147483647,1740428,True,offer
13215,2146311,1613387363,MERV - XMEV - GGAL - 24hs,6840.0,2025-05-09 19:27:37,288,2025-05-09 19:27:38.024,6830.0,5443,6820.0,4873,6810.0,25195,6800.0,6883,6790.0,6559,6840.0,3324,6850.0,3794,6860.0,100,6870.0,3461,6880.0,28474,2025-05-09 19:27:37.938,,2147483647,1740428,False,nan
13216,2146339,1613387400,MERV - XMEV - GGAL - 24hs,6840.0,2025-05-09 19:27:38,800,2025-05-09 19:27:38.523,6830.0,5443,6820.0,4873,6810.0,25195,6800.0,6883,6790.0,6559,6840.0,3324,6850.0,3794,6860.0,100,6870.0,3461,6880.0,28474,2025-05-09 19:27:38.438,,2147483647,1740743,True,offer
13217,2146382,1613387452,MERV - XMEV - GGAL - 24hs,6840.0,2025-05-09 19:27:38,800,2025-05-09 19:27:39.022,6830.0,5443,6820.0,4873,6810.0,25195,6800.0,7230,6790.0,6559,6840.0,2497,6850.0,3794,6860.0,100,6870.0,3461,6880.0,28474,2025-05-09 19:27:38.938,,2147483647,1741543,False,nan
13218,2146410,1613387488,MERV - XMEV - GGAL - 24hs,6840.0,2025-05-09 19:27:39,500,2025-05-09 19:27:39.523,6830.0,5443,6820.0,4873,6810.0,25195,6800.0,6883,6790.0,6559,6840.0,1997,6850.0,3794,6860.0,100,6870.0,3461,6880.0,28474,2025-05-09 19:27:39.438,,2147483647,1741543,True,offer
13219,2146434,1613387514,MERV - XMEV - GGAL - 24hs,6840.0,2025-05-09 19:27:39,1558,2025-05-09 19:27:40.023,6830.0,5443,6820.0,4873,6810.0,25195,6800.0,6883,6790.0,6559,6840.0,1997,6850.0,3794,6860.0,100,6870.0,3461,6880.0,28474,2025-05-09 19:27:39.938,,2147483647,1742043,False,nan
13220,2146471,1613387560,MERV - XMEV - GGAL - 24hs,6840.0,2025-05-09 19:27:39,1558,2025-05-09 19:27:40.594,6830.0,14858,6820.0,4873,6810.0,15780,6800.0,6883,6790.0,6559,6840.0,439,6850.0,3794,6860.0,100,6870.0,3461,6880.0,28474,2025-05-09 19:27:40.510,,2147483647,1742043,False,nan
13221,2146506,1613387621,MERV - XMEV - GGAL - 24hs,6840.0,2025-05-09 19:27:39,1558,2025-05-09 19:27:41.095,6830.0,14858,6820.0,4873,6810.0,15780,6800.0,6883,6790.0,6559,6840.0,439,6850.0,3794,6860.0,100,6870.0,3461,6880.0,28474,2025-05-09 19:27:41.010,,2147483647,1743601,False,nan
13222,2146589,1613387730,MERV - XMEV - GGAL - 24hs,6840.0,2025-05-09 19:27:39,1558,2025-05-09 19:27:43.094,6830.0,14858,6820.0,4873,6810.0,15780,6800.0,6883,6790.0,6559,6840.0,439,6850.0,3794,6860.0,100,6870.0,3461,6880.0,33474,2025-05-09 19:27:43.010,,2147483647,1743601,False,nan
13223,2146746,1613387907,MERV - XMEV - GGAL - 24hs,6840.0,2025-05-09 19:27:39,1558,2025-05-09 19:27:45.900,6830.0,14858,6820.0,4873,6810.0,15780,6800.0,6883,6790.0,6559,6840.0,439,6850.0,3794,6860.0,100,6870.0,3461,6880.0,28474,2025-05-09 19:27:45.809,,2147483647,1743601,False,nan
13224,2146810,1613388002,MERV - XMEV - GGAL - 24hs,6840.0,2025-05-09 19:27:46,217,2025-05-09 19:27:46.867,6830.0,14858,6820.0,4873,6810.0,15780,6800.0,6883,6790.0,6559,6840.0,439,6850.0,3794,6860.0,100,6870.0,3461,6880.0,28474,2025-05-09 19:27:46.782,,2147483647,1743601,True,offer
13225,2146846,1613388043,MERV - XMEV - GGAL - 24hs,6840.0,2025-05-09 19:27:47,42,2025-05-09 19:27:47.369,6830.0,14858,6820.0,4873,6810.0,15780,6800.0,6883,6790.0,6559,6840.0,439,6850.0,3794,6860.0,100,6870.0,3461,6880.0,28474,2025-05-09 19:27:47.283,,2147483647,1743818,True,offer
13226,2146885,1613388090,MERV - XMEV - GGAL - 24hs,6840.0,2025-05-09 19:27:47,42,2025-05-09 19:27:47.868,6830.0,14858,6820.0,4873,6810.0,15780,6800.0,6883,6790.0,6559,6840.0,180,6850.0,3794,6860.0,100,6870.0,3461,6880.0,28474,2025-05-09 19:27:47.783,,2147483647,1743860,False,nan
13227,2146953,1613388187,MERV - XMEV - GGAL - 24hs,6840.0,2025-05-09 19:27:47,42,2025-05-09 19:27:48.709,6830.0,14858,6820.0,4873,6810.0,872,6800.0,20791,6790.0,7559,6840.0,180,6850.0,3794,6860.0,100,6870.0,29543,6880.0,7392,2025-05-09 19:27:48.624,,2147483647,1743860,False,nan
13228,2147079,1613388366,MERV - XMEV - GGAL - 24hs,6840.0,2025-05-09 19:27:47,42,2025-05-09 19:27:51.435,6830.0,14858,6820.0,4873,6810.0,15780,6800.0,5883,6790.0,7559,6840.0,180,6850.0,3794,6860.0,100,6870.0,29543,6880.0,7392,2025-05-09 19:27:51.350,,2147483647,1743860,False,nan
13229,2147109,1613388406,MERV - XMEV - GGAL - 24hs,6840.0,2025-05-09 19:27:52,180,2025-05-09 19:27:52.105,6830.0,14858,6820.0,4873,6810.0,15780,6800.0,5883,6790.0,7559,6840.0,180,6850.0,3794,6860.0,100,6870.0,29543,6880.0,7392,2025-05-09 19:27:52.020,,2147483647,1743860,True,offer
13230,2147127,1613388428,MERV - XMEV - GGAL - 24hs,6840.0,2025-05-09 19:27:52,180,2025-05-09 19:27:52.770,6830.0,14858,6820.0,4873,6810.0,15780,6800.0,5883,6790.0,7559,6840.0,4000,6850.0,3794,6860.0,100,6870.0,29543,6880.0,7392,2025-05-09 19:27:52.683,,2147483647,1743860,False,nan
13231,2147140,1613388444,MERV - XMEV - GGAL - 24hs,6840.0,2025-05-09 19:27:52,180,2025-05-09 19:27:53.268,6830.0,14858,6820.0,4873,6810.0,15780,6800.0,5883,6790.0,7559,6840.0,4000,6850.0,3794,6860.0,100,6870.0,29543,6880.0,7392,2025-05-09 19:27:53.184,,2147483647,1744040,False,nan
13232,2147190,1613388503,MERV - XMEV - GGAL - 24hs,6840.0,2025-05-09 19:27:54,108,2025-05-09 19:27:54.113,6830.0,14858,6820.0,4873,6810.0,15780,6800.0,5883,6790.0,7559,6840.0,4000,6850.0,3794,6860.0,100,6870.0,29543,6880.0,7392,2025-05-09 19:27:54.027,,2147483647,1744040,True,offer
13233,2147246,1613388566,MERV - XMEV - GGAL - 24hs,6840.0,2025-05-09 19:27:54,108,2025-05-09 19:27:54.777,6830.0,14858,6820.0,4873,6810.0,15780,6800.0,5883,6790.0,7559,6840.0,3892,6850.0,3794,6860.0,100,6870.0,29543,6880.0,7392,2025-05-09 19:27:54.689,,2147483647,1744040,False,nan
13234,2147299,1613388644,MERV - XMEV - GGAL - 24hs,6840.0,2025-05-09 19:27:54,108,2025-05-09 19:27:55.274,6830.0,14858,6820.0,4873,6810.0,15780,6800.0,5883,6790.0,7559,6840.0,3892,6850.0,3794,6860.0,100,6870.0,29543,6880.0,7392,2025-05-09 19:27:55.189,,2147483647,1744148,False,nan
13235,2147501,1613388912,MERV - XMEV - GGAL - 24hs,6840.0,2025-05-09 19:27:54,108,2025-05-09 19:27:59.962,6830.0,14858,6820.0,4931,6810.0,15780,6800.0,5883,6790.0,7559,6840.0,3892,6850.0,3794,6860.0,100,6870.0,29543,6880.0,7392,2025-05-09 19:27:59.632,,2147483647,1744148,False,nan
13236,2148269,1613389883,MERV - XMEV - GGAL - 24hs,6840.0,2025-05-09 19:28:10,288,2025-05-09 19:28:10.481,6830.0,14858,6820.0,4931,6810.0,15780,6800.0,5883,6790.0,7559,6840.0,3892,6850.0,3794,6860.0,100,6870.0,29543,6880.0,7392,2025-05-09 19:28:10.396,,2147483647,1744148,True,offer
13237,2148297,1613389918,MERV - XMEV - GGAL - 24hs,6840.0,2025-05-09 19:28:10,288,2025-05-09 19:28:11.145,6830.0,14858,6820.0,4931,6810.0,15780,6800.0,5883,6790.0,7559,6840.0,3604,6850.0,3794,6860.0,100,6870.0,29543,6880.0,7392,2025-05-09 19:28:11.061,,2147483647,1744148,False,nan
13238,2148326,1613389955,MERV - XMEV - GGAL - 24hs,6840.0,2025-05-09 19:28:10,288,2025-05-09 19:28:11.652,6830.0,14858,6820.0,4931,6810.0,15780,6800.0,5883,6790.0,7559,6840.0,3604,6850.0,3794,6860.0,100,6870.0,29543,6880.0,7392,2025-05-09 19:28:11.567,,2147483647,1744436,False,nan
13239,2148519,1613390191,MERV - XMEV - GGAL - 24hs,6840.0,2025-05-09 19:28:10,288,2025-05-09 19:28:15.239,6830.0,14858,6820.0,4931,6810.0,872,6800.0,20791,6790.0,7559,6840.0,3604,6850.0,3794,6860.0,100,6870.0,29543,6880.0,7392,2025-05-09 19:28:15.155,,2147483647,1744436,False,nan
13240,2148633,1613390324,MERV - XMEV - GGAL - 24hs,6840.0,2025-05-09 19:28:10,288,2025-05-09 19:28:16.367,6830.0,14858,6820.0,4931,6810.0,872,6800.0,20446,6790.0,9329,6840.0,3604,6850.0,3794,6860.0,100,6870.0,29543,6880.0,7392,2025-05-09 19:28:16.283,,2147483647,1744436,False,nan
13241,2148759,1613390473,MERV - XMEV - GGAL - 24hs,6840.0,2025-05-09 19:28:10,288,2025-05-09 19:28:17.995,6830.0,14858,6820.0,4931,6810.0,872,6800.0,20446,6790.0,10716,6840.0,3604,6850.0,3794,6860.0,100,6870.0,29543,6880.0,7392,2025-05-09 19:28:17.909,,2147483647,1744436,False,nan
13242,2149283,1613391106,MERV - XMEV - GGAL - 24hs,6840.0,2025-05-09 19:28:25,288,2025-05-09 19:28:25.293,6830.0,14858,6820.0,4931,6810.0,872,6800.0,20446,6790.0,10716,6840.0,3604,6850.0,3794,6860.0,100,6870.0,29543,6880.0,7392,2025-05-09 19:28:25.209,,2147483647,1744436,True,offer
13243,2149332,1613391166,MERV - XMEV - GGAL - 24hs,6840.0,2025-05-09 19:28:25,288,2025-05-09 19:28:25.793,6830.0,14865,6820.0,4681,6810.0,872,6800.0,20446,6790.0,10716,6840.0,3316,6850.0,3794,6860.0,100,6870.0,29543,6880.0,7392,2025-05-09 19:28:25.708,,2147483647,1744436,False,nan
13244,2149353,1613391187,MERV - XMEV - GGAL - 24hs,6840.0,2025-05-09 19:28:25,288,2025-05-09 19:28:26.293,6830.0,14865,6820.0,4681,6810.0,872,6800.0,20446,6790.0,10369,6840.0,3316,6850.0,3794,6860.0,100,6870.0,29543,6880.0,7392,2025-05-09 19:28:26.209,,2147483647,1744724,False,nan
13245,2149388,1613391225,MERV - XMEV - GGAL - 24hs,6840.0,2025-05-09 19:28:26,28,2025-05-09 19:28:27.013,6830.0,14865,6820.0,4681,6810.0,872,6800.0,20446,6790.0,10369,6840.0,3316,6850.0,3794,6860.0,100,6870.0,29543,6880.0,7392,2025-05-09 19:28:26.929,,2147483647,1744724,True,offer
13246,2149443,1613391289,MERV - XMEV - GGAL - 24hs,6840.0,2025-05-09 19:28:26,28,2025-05-09 19:28:27.558,6830.0,14865,6820.0,4681,6810.0,872,6800.0,20446,6790.0,10369,6840.0,3288,6850.0,3794,6860.0,100,6870.0,29543,6880.0,7392,2025-05-09 19:28:27.444,,2147483647,1744724,False,nan
13247,2149496,1613391355,MERV - XMEV - GGAL - 24hs,6840.0,2025-05-09 19:28:26,28,2025-05-09 19:28:28.031,6830.0,14865,6820.0,4681,6810.0,872,6800.0,20446,6790.0,10369,6840.0,3288,6850.0,3794,6860.0,100,6870.0,29543,6880.0,7392,2025-05-09 19:28:27.944,,2147483647,1744752,False,nan
13248,2149560,1613391436,MERV - XMEV - GGAL - 24hs,6840.0,2025-05-09 19:28:28,156,2025-05-09 19:28:29.021,6830.0,14865,6820.0,4681,6810.0,872,6800.0,20446,6790.0,10369,6840.0,3288,6850.0,3794,6860.0,100,6870.0,29543,6880.0,7392,2025-05-09 19:28:28.935,,2147483647,1744752,True,offer
13249,2149610,1613391494,MERV - XMEV - GGAL - 24hs,6840.0,2025-05-09 19:28:28,156,2025-05-09 19:28:29.686,6830.0,14865,6820.0,4681,6810.0,872,6800.0,20446,6790.0,10716,6840.0,3132,6850.0,3794,6860.0,100,6870.0,29543,6880.0,7392,2025-05-09 19:28:29.600,,2147483647,1744752,False,nan
13250,2149642,1613391528,MERV - XMEV - GGAL - 24hs,6840.0,2025-05-09 19:28:28,156,2025-05-09 19:28:30.185,6830.0,14865,6820.0,4681,6810.0,872,6800.0,20446,6790.0,10716,6840.0,3132,6850.0,3794,6860.0,100,6870.0,29543,6880.0,7392,2025-05-09 19:28:30.101,,2147483647,1744908,False,nan
13251,2150132,1613392109,MERV - XMEV - GGAL - 24hs,6840.0,2025-05-09 19:28:28,156,2025-05-09 19:28:37.035,6830.0,14865,6820.0,4681,6810.0,872,6800.0,20446,6790.0,10716,6840.0,3132,6850.0,3794,6860.0,200,6870.0,29543,6880.0,7392,2025-05-09 19:28:36.947,,2147483647,1744908,False,nan
13252,2150188,1613392173,MERV - XMEV - GGAL - 24hs,6840.0,2025-05-09 19:28:28,156,2025-05-09 19:28:37.820,6830.0,14865,6820.0,4681,6810.0,872,6800.0,20446,6790.0,10716,6840.0,3132,6850.0,3794,6860.0,200,6870.0,29543,6880.0,21392,2025-05-09 19:28:37.728,,2147483647,1744908,False,nan
13253,2150354,1613392380,MERV - XMEV - GGAL - 24hs,6840.0,2025-05-09 19:28:40,216,2025-05-09 19:28:40.122,6830.0,14865,6820.0,4681,6810.0,872,6800.0,20446,6790.0,10716,6840.0,3132,6850.0,3794,6860.0,200,6870.0,29543,6880.0,21392,2025-05-09 19:28:40.036,,2147483647,1744908,True,offer
13254,2150421,1613392457,MERV - XMEV - GGAL - 24hs,6840.0,2025-05-09 19:28:40,216,2025-05-09 19:28:40.621,6830.0,5450,6820.0,14096,6810.0,872,6800.0,20446,6790.0,10716,6840.0,2916,6850.0,3794,6860.0,200,6870.0,29543,6880.0,21392,2025-05-09 19:28:40.536,,2147483647,1744908,False,nan
13255,2150442,1613392481,MERV - XMEV - GGAL - 24hs,6840.0,2025-05-09 19:28:40,216,2025-05-09 19:28:41.123,6830.0,5450,6820.0,14096,6810.0,872,6800.0,20446,6790.0,10716,6840.0,2916,6850.0,3794,6860.0,200,6870.0,29543,6880.0,21392,2025-05-09 19:28:41.037,,2147483647,1745124,False,nan
13256,2150571,1613392652,MERV - XMEV - GGAL - 24hs,6840.0,2025-05-09 19:28:40,216,2025-05-09 19:28:43.064,6830.0,5450,6820.0,14096,6810.0,872,6800.0,20446,6790.0,10716,6840.0,2916,6850.0,3794,6860.0,200,6870.0,29643,6880.0,21392,2025-05-09 19:28:42.975,,2147483647,1745124,False,nan
13257,2150626,1613392722,MERV - XMEV - GGAL - 24hs,6840.0,2025-05-09 19:28:40,216,2025-05-09 19:28:44.054,6830.0,5450,6820.0,14096,6810.0,872,6800.0,20446,6790.0,10369,6840.0,2916,6850.0,3794,6860.0,200,6870.0,29643,6880.0,21392,2025-05-09 19:28:43.967,,2147483647,1745124,False,nan
13258,2150944,1613393174,MERV - XMEV - GGAL - 24hs,6830.0,2025-05-09 19:28:47,62,2025-05-09 19:28:47.858,6830.0,5450,6820.0,14096,6810.0,872,6800.0,20446,6790.0,10369,6840.0,2916,6850.0,3794,6860.0,200,6870.0,29643,6880.0,21392,2025-05-09 19:28:47.771,,2147483647,1745124,True,bid
13259,2150994,1613393234,MERV - XMEV - GGAL - 24hs,6830.0,2025-05-09 19:28:47,62,2025-05-09 19:28:48.523,6830.0,5388,6820.0,14096,6810.0,872,6800.0,20446,6790.0,10369,6840.0,2916,6850.0,3794,6860.0,200,6870.0,29643,6880.0,21392,2025-05-09 19:28:48.437,,2147483647,1745124,False,nan
13260,2151018,1613393261,MERV - XMEV - GGAL - 24hs,6830.0,2025-05-09 19:28:47,62,2025-05-09 19:28:49.312,6830.0,5388,6820.0,14096,6810.0,872,6800.0,20446,6790.0,10369,6840.0,2916,6850.0,3794,6860.0,200,6870.0,29643,6880.0,21392,2025-05-09 19:28:49.196,,2147483647,1745186,False,nan
13261,2151244,1613393527,MERV - XMEV - GGAL - 24hs,6840.0,2025-05-09 19:28:53,23,2025-05-09 19:28:53.620,6830.0,5388,6820.0,14096,6810.0,872,6800.0,20446,6790.0,10369,6840.0,2916,6850.0,3794,6860.0,200,6870.0,29643,6880.0,21392,2025-05-09 19:28:53.535,,2147483647,1745186,True,offer
13262,2151281,1613393569,MERV - XMEV - GGAL - 24hs,6840.0,2025-05-09 19:28:53,23,2025-05-09 19:28:54.286,6830.0,5388,6820.0,14096,6810.0,872,6800.0,20446,6790.0,9369,6840.0,2893,6850.0,3794,6860.0,200,6870.0,29643,6880.0,21392,2025-05-09 19:28:54.200,,2147483647,1745186,False,nan
13263,2151326,1613393628,MERV - XMEV - GGAL - 24hs,6840.0,2025-05-09 19:28:54,216,2025-05-09 19:28:54.786,6830.0,5388,6820.0,14096,6810.0,872,6800.0,20446,6790.0,9369,6840.0,2893,6850.0,3794,6860.0,200,6870.0,29643,6880.0,21392,2025-05-09 19:28:54.701,,2147483647,1745209,True,offer
13264,2151361,1613393672,MERV - XMEV - GGAL - 24hs,6840.0,2025-05-09 19:28:54,216,2025-05-09 19:28:55.423,6830.0,5388,6820.0,14096,6810.0,872,6800.0,20446,6790.0,9369,6840.0,2677,6850.0,3794,6860.0,200,6870.0,29643,6880.0,21392,2025-05-09 19:28:55.339,,2147483647,1745209,False,nan
13265,2151387,1613393703,MERV - XMEV - GGAL - 24hs,6840.0,2025-05-09 19:28:54,216,2025-05-09 19:28:55.923,6830.0,5388,6820.0,14096,6810.0,872,6800.0,20446,6790.0,9369,6840.0,2677,6850.0,3794,6860.0,200,6870.0,29643,6880.0,21392,2025-05-09 19:28:55.839,,2147483647,1745425,False,nan
13266,2151497,1613393842,MERV - XMEV - GGAL - 24hs,6840.0,2025-05-09 19:28:54,216,2025-05-09 19:28:58.962,6830.0,5408,6820.0,14096,6810.0,872,6800.0,20446,6790.0,9369,6840.0,2677,6850.0,3794,6860.0,200,6870.0,29643,6880.0,21392,2025-05-09 19:28:58.871,,2147483647,1745425,False,nan
13267,2151591,1613393976,MERV - XMEV - GGAL - 24hs,6830.0,2025-05-09 19:29:00,14,2025-05-09 19:29:00.148,6830.0,5408,6820.0,14096,6810.0,872,6800.0,20446,6790.0,9369,6840.0,2677,6850.0,3794,6860.0,200,6870.0,29643,6880.0,21392,2025-05-09 19:29:00.062,,2147483647,1745425,True,bid
13268,2151618,1613394013,MERV - XMEV - GGAL - 24hs,6830.0,2025-05-09 19:29:00,87,2025-05-09 19:29:00.646,6830.0,5408,6820.0,14096,6810.0,872,6800.0,20446,6790.0,9369,6840.0,2677,6850.0,3794,6860.0,200,6870.0,29643,6880.0,21392,2025-05-09 19:29:00.561,,2147483647,1745425,False,nan
13269,2151639,1613394040,MERV - XMEV - GGAL - 24hs,6830.0,2025-05-09 19:29:00,87,2025-05-09 19:29:01.147,6830.0,5305,6820.0,14096,6810.0,872,6800.0,20446,6790.0,9369,6840.0,2677,6850.0,3794,6860.0,200,6870.0,29643,6880.0,21392,2025-05-09 19:29:01.061,,2147483647,1745528,False,nan
13270,2151660,1613394063,MERV - XMEV - GGAL - 24hs,6830.0,2025-05-09 19:29:01,732,2025-05-09 19:29:01.650,6830.0,5305,6820.0,14096,6810.0,872,6800.0,20446,6790.0,9369,6840.0,2677,6850.0,3794,6860.0,200,6870.0,29643,6880.0,21392,2025-05-09 19:29:01.566,,2147483647,1745528,True,bid
13271,2151691,1613394098,MERV - XMEV - GGAL - 24hs,6830.0,2025-05-09 19:29:01,732,2025-05-09 19:29:02.307,6830.0,4573,6820.0,14096,6810.0,872,6800.0,20446,6790.0,9369,6840.0,2677,6850.0,3794,6860.0,200,6870.0,29643,6880.0,21392,2025-05-09 19:29:02.222,,2147483647,1745528,False,nan
13272,2151724,1613394134,MERV - XMEV - GGAL - 24hs,6830.0,2025-05-09 19:29:01,732,2025-05-09 19:29:02.809,6830.0,4573,6820.0,14096,6810.0,872,6800.0,20446,6790.0,9369,6840.0,2677,6850.0,3794,6860.0,200,6870.0,29643,6880.0,21392,2025-05-09 19:29:02.724,,2147483647,1746260,False,nan
13273,2152124,1613394685,MERV - XMEV - GGAL - 24hs,6840.0,2025-05-09 19:29:09,1011,2025-05-09 19:29:09.279,6830.0,4573,6820.0,14096,6810.0,872,6800.0,20446,6790.0,9369,6840.0,2677,6850.0,3794,6860.0,200,6870.0,29643,6880.0,21392,2025-05-09 19:29:09.193,,2147483647,1746260,True,offer
13274,2152159,1613394727,MERV - XMEV - GGAL - 24hs,6840.0,2025-05-09 19:29:09,1011,2025-05-09 19:29:09.944,6830.0,4573,6820.0,14096,6810.0,872,6800.0,20446,6790.0,9369,6840.0,1666,6850.0,3794,6860.0,200,6870.0,29643,6880.0,21392,2025-05-09 19:29:09.855,,2147483647,1746260,False,nan
13275,2152207,1613394782,MERV - XMEV - GGAL - 24hs,6840.0,2025-05-09 19:29:09,1011,2025-05-09 19:29:10.439,6830.0,4573,6820.0,14096,6810.0,872,6800.0,20446,6790.0,9369,6840.0,1666,6850.0,3794,6860.0,200,6870.0,29643,6880.0,21392,2025-05-09 19:29:10.355,,2147483647,1747271,False,nan
13276,2152732,1613395451,MERV - XMEV - GGAL - 24hs,6840.0,2025-05-09 19:29:17,7,2025-05-09 19:29:17.327,6830.0,4573,6820.0,14096,6810.0,872,6800.0,20446,6790.0,9369,6840.0,1666,6850.0,3794,6860.0,200,6870.0,29643,6880.0,21392,2025-05-09 19:29:17.235,,2147483647,1747271,True,offer
13277,2152753,1613395474,MERV - XMEV - GGAL - 24hs,6840.0,2025-05-09 19:29:17,7,2025-05-09 19:29:17.820,6830.0,4573,6820.0,14096,6810.0,872,6800.0,20446,6790.0,9716,6840.0,1659,6850.0,3794,6860.0,200,6870.0,29643,6880.0,21392,2025-05-09 19:29:17.733,,2147483647,1747271,False,nan
13278,2152788,1613395515,MERV - XMEV - GGAL - 24hs,6840.0,2025-05-09 19:29:17,7,2025-05-09 19:29:18.330,6830.0,4573,6820.0,14096,6810.0,872,6800.0,20446,6790.0,9716,6840.0,1659,6850.0,3794,6860.0,200,6870.0,29643,6880.0,21392,2025-05-09 19:29:18.242,,2147483647,1747278,False,nan
13279,2153070,1613395973,MERV - XMEV - GGAL - 24hs,6840.0,2025-05-09 19:29:17,7,2025-05-09 19:29:22.796,6830.0,4973,6820.0,14096,6810.0,872,6800.0,20446,6790.0,9577,6840.0,1659,6850.0,3794,6860.0,200,6870.0,29643,6880.0,21392,2025-05-09 19:29:22.699,,2147483647,1747278,False,nan
13280,2153277,1613396242,MERV - XMEV - GGAL - 24hs,6840.0,2025-05-09 19:29:24,216,2025-05-09 19:29:24.562,6830.0,4973,6820.0,14096,6810.0,872,6800.0,20446,6790.0,9577,6840.0,1659,6850.0,3794,6860.0,200,6870.0,29643,6880.0,21392,2025-05-09 19:29:24.476,,2147483647,1747278,True,offer
13281,2153305,1613396293,MERV - XMEV - GGAL - 24hs,6840.0,2025-05-09 19:29:24,216,2025-05-09 19:29:25.125,6830.0,4973,6820.0,14096,6810.0,872,6800.0,20446,6790.0,9716,6840.0,1443,6850.0,3794,6860.0,200,6870.0,29643,6880.0,21392,2025-05-09 19:29:25.041,,2147483647,1747278,False,nan
13282,2153326,1613396332,MERV - XMEV - GGAL - 24hs,6840.0,2025-05-09 19:29:24,216,2025-05-09 19:29:25.625,6830.0,4973,6820.0,14096,6810.0,872,6800.0,20446,6790.0,9716,6840.0,1443,6850.0,3794,6860.0,200,6870.0,29643,6880.0,21392,2025-05-09 19:29:25.541,,2147483647,1747494,False,nan
13283,2153697,1613396840,MERV - XMEV - GGAL - 24hs,6840.0,2025-05-09 19:29:24,216,2025-05-09 19:29:30.098,6830.0,4973,6820.0,14096,6810.0,872,6800.0,20446,6790.0,9716,6840.0,1443,6850.0,3794,6860.0,2200,6870.0,32643,6880.0,16392,2025-05-09 19:29:30.013,,2147483647,1747494,False,nan
13284,2153982,1613397281,MERV - XMEV - GGAL - 24hs,6840.0,2025-05-09 19:29:34,9,2025-05-09 19:29:34.963,6830.0,4973,6820.0,14096,6810.0,872,6800.0,20446,6790.0,9716,6840.0,1443,6850.0,3794,6860.0,2200,6870.0,32643,6880.0,16392,2025-05-09 19:29:34.875,,2147483647,1747494,True,offer
13285,2154040,1613397360,MERV - XMEV - GGAL - 24hs,6840.0,2025-05-09 19:29:34,9,2025-05-09 19:29:35.634,6830.0,4973,6820.0,14096,6810.0,872,6800.0,20446,6790.0,9716,6840.0,1434,6850.0,3794,6860.0,2200,6870.0,32643,6880.0,16392,2025-05-09 19:29:35.545,,2147483647,1747494,False,nan
13286,2154069,1613397395,MERV - XMEV - GGAL - 24hs,6840.0,2025-05-09 19:29:34,9,2025-05-09 19:29:36.131,6830.0,4973,6820.0,14096,6810.0,872,6800.0,20446,6790.0,9716,6840.0,1434,6850.0,3794,6860.0,2200,6870.0,32643,6880.0,16392,2025-05-09 19:29:36.041,,2147483647,1747503,False,nan
13287,2154423,1613397865,MERV - XMEV - GGAL - 24hs,6840.0,2025-05-09 19:29:42,144,2025-05-09 19:29:42.583,6830.0,4973,6820.0,14096,6810.0,872,6800.0,20446,6790.0,9716,6840.0,1434,6850.0,3794,6860.0,2200,6870.0,32643,6880.0,16392,2025-05-09 19:29:42.498,,2147483647,1747503,True,offer
13288,2154489,1613397946,MERV - XMEV - GGAL - 24hs,6840.0,2025-05-09 19:29:42,144,2025-05-09 19:29:43.246,6830.0,4973,6820.0,14096,6810.0,872,6800.0,20446,6790.0,9716,6840.0,1290,6850.0,3794,6860.0,2200,6870.0,32643,6880.0,16392,2025-05-09 19:29:43.162,,2147483647,1747503,False,nan
13289,2154512,1613397981,MERV - XMEV - GGAL - 24hs,6840.0,2025-05-09 19:29:42,144,2025-05-09 19:29:43.746,6830.0,4973,6820.0,14096,6810.0,872,6800.0,20446,6790.0,9716,6840.0,1290,6850.0,3794,6860.0,2200,6870.0,32643,6880.0,16392,2025-05-09 19:29:43.662,,2147483647,1747647,False,nan
13290,2154677,1613398202,MERV - XMEV - GGAL - 24hs,6840.0,2025-05-09 19:29:42,144,2025-05-09 19:29:45.744,6830.0,4973,6820.0,14096,6810.0,872,6800.0,20446,6790.0,9670,6840.0,1290,6850.0,3794,6860.0,2200,6870.0,32643,6880.0,16392,2025-05-09 19:29:45.654,,2147483647,1747647,False,nan
13291,2154739,1613398283,MERV - XMEV - GGAL - 24hs,6840.0,2025-05-09 19:29:42,144,2025-05-09 19:29:46.705,6830.0,4974,6820.0,14096,6810.0,872,6800.0,20446,6790.0,9670,6840.0,1290,6850.0,3794,6860.0,2200,6870.0,32643,6880.0,16392,2025-05-09 19:29:46.621,,2147483647,1747647,False,nan
13292,2155131,1613398755,MERV - XMEV - GGAL - 24hs,6840.0,2025-05-09 19:29:42,144,2025-05-09 19:29:52.114,6830.0,4974,6820.0,14096,6810.0,872,6800.0,20446,6790.0,6941,6840.0,1290,6850.0,3794,6860.0,2200,6870.0,32643,6880.0,16392,2025-05-09 19:29:52.029,,2147483647,1747647,False,nan
13293,2155179,1613398812,MERV - XMEV - GGAL - 24hs,6830.0,2025-05-09 19:29:53,15,2025-05-09 19:29:53.262,6830.0,4974,6820.0,14096,6810.0,872,6800.0,20446,6790.0,6941,6840.0,1290,6850.0,3794,6860.0,2200,6870.0,32643,6880.0,16392,2025-05-09 19:29:53.177,,2147483647,1747647,True,bid
13294,2155202,1613398838,MERV - XMEV - GGAL - 24hs,6830.0,2025-05-09 19:29:53,15,2025-05-09 19:29:53.930,6830.0,4959,6820.0,14096,6810.0,872,6800.0,20446,6790.0,6941,6840.0,1290,6850.0,3794,6860.0,2200,6870.0,32643,6880.0,16392,2025-05-09 19:29:53.844,,2147483647,1747647,False,nan
13295,2155242,1613398886,MERV - XMEV - GGAL - 24hs,6830.0,2025-05-09 19:29:53,15,2025-05-09 19:29:54.430,6830.0,4959,6820.0,14096,6810.0,872,6800.0,20446,6790.0,6941,6840.0,1290,6850.0,3794,6860.0,2200,6870.0,32643,6880.0,16392,2025-05-09 19:29:54.345,,2147483647,1747662,False,nan
13296,2155273,1613398926,MERV - XMEV - GGAL - 24hs,6830.0,2025-05-09 19:29:53,15,2025-05-09 19:29:54.947,6830.0,4959,6820.0,14096,6810.0,872,6800.0,20362,6790.0,6941,6840.0,1290,6850.0,3794,6860.0,2200,6870.0,32643,6880.0,16392,2025-05-09 19:29:54.848,,2147483647,1747662,False,nan
13297,2155376,1613399083,MERV - XMEV - GGAL - 24hs,6830.0,2025-05-09 19:29:53,15,2025-05-09 19:29:56.307,6830.0,4959,6820.0,14096,6810.0,872,6800.0,20362,6790.0,7635,6840.0,1290,6850.0,3794,6860.0,2200,6870.0,32643,6880.0,16392,2025-05-09 19:29:56.223,,2147483647,1747662,False,nan
13298,2155423,1613399142,MERV - XMEV - GGAL - 24hs,6830.0,2025-05-09 19:29:53,15,2025-05-09 19:29:57.200,6830.0,4959,6820.0,14096,6810.0,872,6800.0,20362,6790.0,9022,6840.0,1290,6850.0,3794,6860.0,2200,6870.0,32643,6880.0,16392,2025-05-09 19:29:57.115,,2147483647,1747662,False,nan
13299,2155449,1613399172,MERV - XMEV - GGAL - 24hs,6840.0,2025-05-09 19:29:57,7,2025-05-09 19:29:57.702,6830.0,4959,6820.0,14096,6810.0,872,6800.0,20362,6790.0,9022,6840.0,1290,6850.0,3794,6860.0,2200,6870.0,32643,6880.0,16392,2025-05-09 19:29:57.616,,2147483647,1747806,True,offer
13300,2155475,1613399204,MERV - XMEV - GGAL - 24hs,6840.0,2025-05-09 19:29:57,7,2025-05-09 19:29:58.201,6830.0,4959,6820.0,14096,6810.0,872,6800.0,20362,6790.0,9022,6840.0,1139,6850.0,3794,6860.0,2200,6870.0,32643,6880.0,16392,2025-05-09 19:29:58.116,,2147483647,1747813,False,nan
13301,2156048,1613400014,MERV - XMEV - GGAL - 24hs,6840.0,2025-05-09 19:29:57,7,2025-05-09 19:30:04.651,6830.0,4959,6820.0,14096,6810.0,872,6800.0,5454,6790.0,23930,6840.0,1139,6850.0,5794,6860.0,29282,6870.0,3561,6880.0,16392,2025-05-09 19:30:04.496,,2147483647,1747813,False,nan
13302,2156160,1613400209,MERV - XMEV - GGAL - 24hs,6840.0,2025-05-09 19:29:57,7,2025-05-09 19:30:05.240,6830.0,4959,6820.0,14096,6810.0,872,6800.0,5454,6790.0,24277,6840.0,1139,6850.0,5794,6860.0,29282,6870.0,3561,6880.0,16392,2025-05-09 19:30:04.991,,2147483647,1747813,False,nan
13303,2156482,1613400633,MERV - XMEV - GGAL - 24hs,6840.0,2025-05-09 19:29:57,7,2025-05-09 19:30:10.036,6830.0,4959,6820.0,14096,6810.0,872,6800.0,5454,6790.0,24277,6840.0,1139,6850.0,5794,6860.0,29282,6870.0,3191,6880.0,16392,2025-05-09 19:30:09.950,,2147483647,1747813,False,nan
13304,2156579,1613400746,MERV - XMEV - GGAL - 24hs,6840.0,2025-05-09 19:30:10,1,2025-05-09 19:30:10.606,6830.0,4959,6820.0,14096,6810.0,872,6800.0,5454,6790.0,24277,6840.0,1139,6850.0,5794,6860.0,29282,6870.0,3191,6880.0,16392,2025-05-09 19:30:10.451,,2147483647,1747813,True,offer
13305,2156610,1613400793,MERV - XMEV - GGAL - 24hs,6840.0,2025-05-09 19:30:10,1,2025-05-09 19:30:11.036,6830.0,4959,6820.0,14096,6810.0,872,6800.0,5454,6790.0,24277,6840.0,1138,6850.0,5794,6860.0,29282,6870.0,3191,6880.0,16392,2025-05-09 19:30:10.951,,2147483647,1747813,False,nan
13306,2156645,1613400839,MERV - XMEV - GGAL - 24hs,6840.0,2025-05-09 19:30:10,1,2025-05-09 19:30:11.539,6830.0,4959,6820.0,14096,6810.0,872,6800.0,5454,6790.0,24277,6840.0,1138,6850.0,5794,6860.0,29282,6870.0,3191,6880.0,16392,2025-05-09 19:30:11.450,,2147483647,1747814,False,nan
13307,2156683,1613400885,MERV - XMEV - GGAL - 24hs,6840.0,2025-05-09 19:30:11,43,2025-05-09 19:30:12.035,6830.0,4959,6820.0,14096,6810.0,872,6800.0,5454,6790.0,24277,6840.0,1138,6850.0,5794,6860.0,29282,6870.0,3191,6880.0,16392,2025-05-09 19:30:11.951,,2147483647,1747814,True,offer
13308,2156725,1613400935,MERV - XMEV - GGAL - 24hs,6840.0,2025-05-09 19:30:11,43,2025-05-09 19:30:12.656,6830.0,4959,6820.0,14096,6810.0,872,6800.0,5454,6790.0,24277,6840.0,1138,6850.0,5794,6860.0,29282,6870.0,3191,6880.0,16392,2025-05-09 19:30:12.560,,2147483647,1747857,False,nan
13309,2156764,1613400994,MERV - XMEV - GGAL - 24hs,6840.0,2025-05-09 19:30:11,43,2025-05-09 19:30:13.145,6830.0,4959,6820.0,14096,6810.0,872,6800.0,5454,6790.0,24277,6840.0,1095,6850.0,5794,6860.0,29282,6870.0,3191,6880.0,16392,2025-05-09 19:30:13.060,,2147483647,1747857,False,nan
13310,2156948,1613401244,MERV - XMEV - GGAL - 24hs,6840.0,2025-05-09 19:30:11,43,2025-05-09 19:30:15.262,6830.0,4959,6820.0,14096,6810.0,872,6800.0,5454,6790.0,24277,6840.0,1095,6850.0,5794,6860.0,29282,6870.0,4188,6880.0,16392,2025-05-09 19:30:15.178,,2147483647,1747857,False,nan
13311,2157242,1613401624,MERV - XMEV - GGAL - 24hs,6840.0,2025-05-09 19:30:11,43,2025-05-09 19:30:18.606,6830.0,4959,6820.0,14096,6810.0,872,6800.0,5454,6790.0,24624,6840.0,1095,6850.0,5794,6860.0,29282,6870.0,4188,6880.0,16392,2025-05-09 19:30:18.512,,2147483647,1747857,False,nan
13312,2157320,1613401739,MERV - XMEV - GGAL - 24hs,6840.0,2025-05-09 19:30:11,43,2025-05-09 19:30:19.020,6830.0,4959,6820.0,14096,6810.0,872,6800.0,5454,6790.0,24277,6840.0,1095,6850.0,5794,6860.0,29282,6870.0,4208,6880.0,16372,2025-05-09 19:30:18.936,,2147483647,1747857,False,nan
13313,2157367,1613401800,MERV - XMEV - GGAL - 24hs,6840.0,2025-05-09 19:30:11,43,2025-05-09 19:30:19.804,6830.0,4959,6820.0,14096,6810.0,872,6800.0,20362,6790.0,10716,6840.0,1095,6850.0,5794,6860.0,24282,6870.0,9208,6880.0,16372,2025-05-09 19:30:19.718,,2147483647,1747857,False,nan
13314,2157653,1613402177,MERV - XMEV - GGAL - 24hs,6840.0,2025-05-09 19:30:11,43,2025-05-09 19:30:22.443,6830.0,4959,6820.0,14096,6810.0,872,6800.0,20362,6790.0,9716,6840.0,1095,6850.0,5794,6860.0,24282,6870.0,9208,6880.0,16372,2025-05-09 19:30:22.348,,2147483647,1747857,False,nan
13315,2157738,1613402282,MERV - XMEV - GGAL - 24hs,6830.0,2025-05-09 19:30:23,13,2025-05-09 19:30:23.828,6830.0,4959,6820.0,14096,6810.0,872,6800.0,20362,6790.0,9716,6840.0,1095,6850.0,5794,6860.0,24282,6870.0,9208,6880.0,16372,2025-05-09 19:30:23.743,,2147483647,1747857,True,bid
13316,2157838,1613402406,MERV - XMEV - GGAL - 24hs,6830.0,2025-05-09 19:30:23,13,2025-05-09 19:30:24.493,6830.0,4946,6820.0,14096,6810.0,872,6800.0,20362,6790.0,9716,6840.0,1095,6850.0,5794,6860.0,24282,6870.0,9208,6880.0,16372,2025-05-09 19:30:24.409,,2147483647,1747857,False,nan
13317,2157870,1613402450,MERV - XMEV - GGAL - 24hs,6830.0,2025-05-09 19:30:23,13,2025-05-09 19:30:24.993,6830.0,4946,6820.0,14096,6810.0,872,6800.0,20362,6790.0,9716,6840.0,1095,6850.0,5794,6860.0,24282,6870.0,9208,6880.0,16372,2025-05-09 19:30:24.909,,2147483647,1747870,False,nan
13318,2157903,1613402487,MERV - XMEV - GGAL - 24hs,6830.0,2025-05-09 19:30:23,13,2025-05-09 19:30:25.523,6830.0,4946,6820.0,14096,6810.0,872,6800.0,20362,6790.0,10410,6840.0,1095,6850.0,5794,6860.0,24282,6870.0,9208,6880.0,16372,2025-05-09 19:30:25.439,,2147483647,1747870,False,nan
13319,2157972,1613402570,MERV - XMEV - GGAL - 24hs,6840.0,2025-05-09 19:30:26,144,2025-05-09 19:30:26.753,6830.0,4946,6820.0,14096,6810.0,872,6800.0,20362,6790.0,10410,6840.0,1095,6850.0,5794,6860.0,24282,6870.0,9208,6880.0,16372,2025-05-09 19:30:26.664,,2147483647,1747870,True,offer
13320,2158013,1613402618,MERV - XMEV - GGAL - 24hs,6840.0,2025-05-09 19:30:26,144,2025-05-09 19:30:27.416,6830.0,4946,6820.0,14096,6810.0,872,6800.0,20362,6790.0,10410,6840.0,951,6850.0,5794,6860.0,24282,6870.0,9208,6880.0,16372,2025-05-09 19:30:27.325,,2147483647,1747870,False,nan
13321,2158061,1613402690,MERV - XMEV - GGAL - 24hs,6840.0,2025-05-09 19:30:26,144,2025-05-09 19:30:27.909,6830.0,4946,6820.0,14096,6810.0,872,6800.0,20362,6790.0,10410,6840.0,951,6850.0,5794,6860.0,24282,6870.0,9208,6880.0,16372,2025-05-09 19:30:27.825,,2147483647,1748014,False,nan
13322,2158558,1613403284,MERV - XMEV - GGAL - 24hs,6840.0,2025-05-09 19:30:26,144,2025-05-09 19:30:35.802,6830.0,4946,6820.0,14096,6810.0,872,6800.0,20362,6790.0,10063,6840.0,951,6850.0,5794,6860.0,24282,6870.0,9208,6880.0,16372,2025-05-09 19:30:35.717,,2147483647,1748014,False,nan
13323,2159168,1613404033,MERV - XMEV - GGAL - 24hs,6840.0,2025-05-09 19:30:45,4,2025-05-09 19:30:45.096,6830.0,4946,6820.0,14096,6810.0,872,6800.0,20362,6790.0,10063,6840.0,951,6850.0,5794,6860.0,24282,6870.0,9208,6880.0,16372,2025-05-09 19:30:45.012,,2147483647,1748014,True,offer
13324,2159201,1613404070,MERV - XMEV - GGAL - 24hs,6830.0,2025-05-09 19:30:45,28,2025-05-09 19:30:45.598,6830.0,4946,6820.0,14096,6810.0,872,6800.0,20362,6790.0,10063,6840.0,951,6850.0,5794,6860.0,24282,6870.0,9208,6880.0,16372,2025-05-09 19:30:45.513,,2147483647,1748018,False,nan
13325,2159248,1613404122,MERV - XMEV - GGAL - 24hs,6830.0,2025-05-09 19:30:45,28,2025-05-09 19:30:46.102,6830.0,4918,6820.0,14096,6810.0,872,6800.0,20362,6790.0,10063,6840.0,947,6850.0,5794,6860.0,24282,6870.0,9208,6880.0,16372,2025-05-09 19:30:46.012,,2147483647,1748046,False,nan
13326,2159327,1613404226,MERV - XMEV - GGAL - 24hs,6830.0,2025-05-09 19:30:45,28,2025-05-09 19:30:47.117,6830.0,4918,6820.0,14096,6810.0,872,6800.0,20362,6790.0,10063,6840.0,947,6850.0,5794,6860.0,29282,6870.0,4208,6880.0,16372,2025-05-09 19:30:47.032,,2147483647,1748046,False,nan
13327,2159371,1613404283,MERV - XMEV - GGAL - 24hs,6840.0,2025-05-09 19:30:47,144,2025-05-09 19:30:48.124,6830.0,4918,6820.0,14096,6810.0,872,6800.0,20362,6790.0,10063,6840.0,947,6850.0,5794,6860.0,29282,6870.0,4208,6880.0,16372,2025-05-09 19:30:47.988,,2147483647,1748046,True,offer
13328,2159421,1613404342,MERV - XMEV - GGAL - 24hs,6840.0,2025-05-09 19:30:47,144,2025-05-09 19:30:48.352,6830.0,4918,6820.0,14096,6810.0,872,6800.0,20362,6790.0,10063,6840.0,803,6850.0,5794,6860.0,29282,6870.0,4208,6880.0,16372,2025-05-09 19:30:48.268,,2147483647,1748046,False,nan
13329,2159446,1613404375,MERV - XMEV - GGAL - 24hs,6840.0,2025-05-09 19:30:47,144,2025-05-09 19:30:48.852,6830.0,4918,6820.0,14096,6810.0,872,6800.0,20362,6790.0,10063,6840.0,803,6850.0,5794,6860.0,29282,6870.0,4208,6880.0,16372,2025-05-09 19:30:48.767,,2147483647,1748190,False,nan
13330,2160103,1613405159,MERV - XMEV - GGAL - 24hs,6840.0,2025-05-09 19:30:54,10,2025-05-09 19:30:54.792,6830.0,4918,6820.0,14096,6810.0,872,6800.0,20362,6790.0,10063,6840.0,803,6850.0,5794,6860.0,29282,6870.0,4208,6880.0,16372,2025-05-09 19:30:54.692,,2147483647,1748190,True,offer
13331,2160198,1613405265,MERV - XMEV - GGAL - 24hs,6840.0,2025-05-09 19:30:54,10,2025-05-09 19:30:55.427,6830.0,4918,6820.0,14096,6810.0,872,6800.0,20362,6790.0,10410,6840.0,793,6850.0,5794,6860.0,29282,6870.0,4208,6880.0,16372,2025-05-09 19:30:55.320,,2147483647,1748190,False,nan
13332,2160225,1613405295,MERV - XMEV - GGAL - 24hs,6840.0,2025-05-09 19:30:54,10,2025-05-09 19:30:55.905,6830.0,4918,6820.0,14096,6810.0,872,6800.0,20362,6790.0,10410,6840.0,793,6850.0,5794,6860.0,29282,6870.0,4208,6880.0,16372,2025-05-09 19:30:55.821,,2147483647,1748200,False,nan
13333,2160417,1613405532,MERV - XMEV - GGAL - 24hs,6840.0,2025-05-09 19:30:58,3,2025-05-09 19:30:58.883,6830.0,4918,6820.0,14096,6810.0,872,6800.0,20362,6790.0,10410,6840.0,793,6850.0,5794,6860.0,29282,6870.0,4208,6880.0,16372,2025-05-09 19:30:58.797,,2147483647,1748200,True,offer
13334,2160489,1613405615,MERV - XMEV - GGAL - 24hs,6840.0,2025-05-09 19:30:58,3,2025-05-09 19:30:59.556,6830.0,4918,6820.0,14096,6810.0,872,6800.0,20362,6790.0,10410,6840.0,790,6850.0,5794,6860.0,29282,6870.0,4208,6880.0,16372,2025-05-09 19:30:59.461,,2147483647,1748200,False,nan
13335,2160510,1613405651,MERV - XMEV - GGAL - 24hs,6840.0,2025-05-09 19:30:58,3,2025-05-09 19:31:00.062,6830.0,4918,6820.0,14096,6810.0,872,6800.0,20362,6790.0,10410,6840.0,790,6850.0,5794,6860.0,29282,6870.0,4208,6880.0,16372,2025-05-09 19:30:59.962,,2147483647,1748203,False,nan
13336,2160652,1613405826,MERV - XMEV - GGAL - 24hs,6840.0,2025-05-09 19:30:58,3,2025-05-09 19:31:01.772,6830.0,4918,6820.0,14096,6810.0,872,6800.0,20362,6790.0,10410,6840.0,790,6850.0,15794,6860.0,19282,6870.0,4208,6880.0,16372,2025-05-09 19:31:01.677,,2147483647,1748203,False,nan
13337,2161153,1613406438,MERV - XMEV - GGAL - 24hs,6840.0,2025-05-09 19:31:08,101,2025-05-09 19:31:08.249,6830.0,4918,6820.0,14096,6810.0,872,6800.0,20362,6790.0,10410,6840.0,790,6850.0,15794,6860.0,19282,6870.0,4208,6880.0,16372,2025-05-09 19:31:08.164,,2147483647,1748203,True,offer
13338,2161183,1613406470,MERV - XMEV - GGAL - 24hs,6840.0,2025-05-09 19:31:08,101,2025-05-09 19:31:08.837,6830.0,4918,6820.0,14096,6810.0,872,6800.0,20362,6790.0,11410,6840.0,689,6850.0,15794,6860.0,19282,6870.0,4208,6880.0,16372,2025-05-09 19:31:08.752,,2147483647,1748203,False,nan
13339,2161202,1613406518,MERV - XMEV - GGAL - 24hs,6840.0,2025-05-09 19:31:08,101,2025-05-09 19:31:09.337,6830.0,4918,6820.0,14096,6810.0,872,6800.0,20362,6790.0,11410,6840.0,689,6850.0,15794,6860.0,19282,6870.0,4208,6880.0,16372,2025-05-09 19:31:09.253,,2147483647,1748304,False,nan
13340,2161324,1613406675,MERV - XMEV - GGAL - 24hs,6840.0,2025-05-09 19:31:08,101,2025-05-09 19:31:12.004,6830.0,4918,6820.0,14096,6810.0,872,6800.0,5454,6790.0,25318,6840.0,689,6850.0,15794,6860.0,19282,6870.0,4208,6880.0,16372,2025-05-09 19:31:11.920,,2147483647,1748304,False,nan
13341,2161418,1613406785,MERV - XMEV - GGAL - 24hs,6840.0,2025-05-09 19:31:08,101,2025-05-09 19:31:13.515,6830.0,5018,6820.0,14096,6810.0,872,6800.0,5454,6790.0,24971,6840.0,689,6850.0,15794,6860.0,19282,6870.0,4208,6880.0,16372,2025-05-09 19:31:13.429,,2147483647,1748304,False,nan
13342,2161536,1613406958,MERV - XMEV - GGAL - 24hs,6840.0,2025-05-09 19:31:14,57,2025-05-09 19:31:14.963,6830.0,5018,6820.0,14096,6810.0,872,6800.0,5454,6790.0,24971,6840.0,689,6850.0,15794,6860.0,19282,6870.0,4208,6880.0,16372,2025-05-09 19:31:14.864,,2147483647,1748304,True,offer
13343,2161610,1613407046,MERV - XMEV - GGAL - 24hs,6840.0,2025-05-09 19:31:14,57,2025-05-09 19:31:15.453,6830.0,5018,6820.0,14096,6810.0,872,6800.0,5454,6790.0,24934,6840.0,632,6850.0,15794,6860.0,19282,6870.0,4208,6880.0,16372,2025-05-09 19:31:15.366,,2147483647,1748304,False,nan
13344,2161641,1613407083,MERV - XMEV - GGAL - 24hs,6840.0,2025-05-09 19:31:14,57,2025-05-09 19:31:15.952,6830.0,5018,6820.0,14096,6810.0,872,6800.0,5454,6790.0,24934,6840.0,632,6850.0,15794,6860.0,19282,6870.0,4208,6880.0,16372,2025-05-09 19:31:15.865,,2147483647,1748361,False,nan
13345,2161828,1613407329,MERV - XMEV - GGAL - 24hs,6830.0,2025-05-09 19:31:19,810,2025-05-09 19:31:19.223,6830.0,5018,6820.0,14096,6810.0,872,6800.0,5454,6790.0,24934,6840.0,632,6850.0,15794,6860.0,19282,6870.0,4208,6880.0,16372,2025-05-09 19:31:19.138,,2147483647,1748361,True,bid
13346,2161874,1613407381,MERV - XMEV - GGAL - 24hs,6830.0,2025-05-09 19:31:19,810,2025-05-09 19:31:19.887,6830.0,4208,6820.0,14096,6810.0,872,6800.0,5454,6790.0,24934,6840.0,632,6850.0,15794,6860.0,19282,6870.0,4208,6880.0,16372,2025-05-09 19:31:19.803,,2147483647,1748361,False,nan
13347,2161899,1613407409,MERV - XMEV - GGAL - 24hs,6830.0,2025-05-09 19:31:19,810,2025-05-09 19:31:20.387,6830.0,4208,6820.0,14096,6810.0,872,6800.0,5454,6790.0,24934,6840.0,632,6850.0,15794,6860.0,19282,6870.0,4208,6880.0,16372,2025-05-09 19:31:20.302,,2147483647,1749171,False,nan
13348,2162147,1613407689,MERV - XMEV - GGAL - 24hs,6840.0,2025-05-09 19:31:23,632,2025-05-09 19:31:23.299,6830.0,4208,6820.0,14096,6810.0,872,6800.0,5454,6790.0,24934,6840.0,632,6850.0,15794,6860.0,19282,6870.0,4208,6880.0,16372,2025-05-09 19:31:23.212,,2147483647,1749171,True,offer
13349,2162180,1613407742,MERV - XMEV - GGAL - 24hs,6840.0,2025-05-09 19:31:23,168,2025-05-09 19:31:23.799,6830.0,4208,6820.0,14096,6810.0,872,6800.0,5454,6790.0,24934,6840.0,632,6850.0,15794,6860.0,19282,6870.0,4208,6880.0,16372,2025-05-09 19:31:23.713,,2147483647,1749171,False,nan
13350,2162220,1613407790,MERV - XMEV - GGAL - 24hs,6840.0,2025-05-09 19:31:23,168,2025-05-09 19:31:24.296,6830.0,4208,6820.0,14096,6810.0,872,6800.0,5454,6790.0,24934,6840.0,4000,6850.0,18794,6860.0,19282,6870.0,4208,6880.0,16372,2025-05-09 19:31:24.213,,2147483647,1749971,False,nan
13351,2162266,1613407849,MERV - XMEV - GGAL - 24hs,6840.0,2025-05-09 19:31:23,168,2025-05-09 19:31:24.929,6830.0,4208,6820.0,14096,6810.0,872,6800.0,5454,6790.0,24587,6840.0,4000,6850.0,18794,6860.0,19282,6870.0,4208,6880.0,16372,2025-05-09 19:31:24.841,,2147483647,1749971,False,nan
13352,2162299,1613407889,MERV - XMEV - GGAL - 24hs,6830.0,2025-05-09 19:31:25,1,2025-05-09 19:31:25.427,6830.0,4208,6820.0,14096,6810.0,872,6800.0,5454,6790.0,24587,6840.0,4000,6850.0,18794,6860.0,19282,6870.0,4208,6880.0,16372,2025-05-09 19:31:25.342,,2147483647,1749971,True,bid
13353,2162395,1613408045,MERV - XMEV - GGAL - 24hs,6830.0,2025-05-09 19:31:25,1,2025-05-09 19:31:26.095,6830.0,4207,6820.0,14096,6810.0,872,6800.0,5454,6790.0,24587,6840.0,4000,6850.0,18794,6860.0,19282,6870.0,4208,6880.0,16372,2025-05-09 19:31:26.008,,2147483647,1749971,False,nan
13354,2162429,1613408086,MERV - XMEV - GGAL - 24hs,6830.0,2025-05-09 19:31:25,1,2025-05-09 19:31:26.594,6830.0,4207,6820.0,14096,6810.0,872,6800.0,5454,6790.0,24587,6840.0,4000,6850.0,18794,6860.0,19282,6870.0,4208,6880.0,16372,2025-05-09 19:31:26.508,,2147483647,1749972,False,nan
13355,2162701,1613408462,MERV - XMEV - GGAL - 24hs,6840.0,2025-05-09 19:31:29,72,2025-05-09 19:31:29.628,6830.0,4207,6820.0,14096,6810.0,872,6800.0,5454,6790.0,24587,6840.0,4000,6850.0,18794,6860.0,19282,6870.0,4208,6880.0,16372,2025-05-09 19:31:29.292,,2147483647,1749972,True,offer
13356,2162754,1613408521,MERV - XMEV - GGAL - 24hs,6840.0,2025-05-09 19:31:29,72,2025-05-09 19:31:29.967,6830.0,4207,6820.0,14096,6810.0,872,6800.0,5454,6790.0,24587,6840.0,3928,6850.0,18794,6860.0,19282,6870.0,4208,6880.0,16372,2025-05-09 19:31:29.882,,2147483647,1749972,False,nan
13357,2162798,1613408578,MERV - XMEV - GGAL - 24hs,6840.0,2025-05-09 19:31:29,72,2025-05-09 19:31:30.469,6830.0,4207,6820.0,14096,6810.0,872,6800.0,5454,6790.0,24587,6840.0,3928,6850.0,18794,6860.0,19282,6870.0,4208,6880.0,16372,2025-05-09 19:31:30.382,,2147483647,1750044,False,nan
13358,2162854,1613408652,MERV - XMEV - GGAL - 24hs,6840.0,2025-05-09 19:31:29,72,2025-05-09 19:31:30.970,6830.0,4207,6820.0,14096,6810.0,872,6800.0,5454,6790.0,24587,6840.0,3928,6850.0,15794,6860.0,19282,6870.0,4208,6880.0,16372,2025-05-09 19:31:30.887,,2147483647,1750044,False,nan
13359,2162998,1613408822,MERV - XMEV - GGAL - 24hs,6830.0,2025-05-09 19:31:33,3,2025-05-09 19:31:33.370,6830.0,4207,6820.0,14096,6810.0,872,6800.0,5454,6790.0,24587,6840.0,3928,6850.0,15794,6860.0,19282,6870.0,4208,6880.0,16372,2025-05-09 19:31:33.285,,2147483647,1750044,True,bid
13360,2163072,1613408911,MERV - XMEV - GGAL - 24hs,6830.0,2025-05-09 19:31:33,3,2025-05-09 19:31:34.034,6830.0,4204,6820.0,14096,6810.0,872,6800.0,5454,6790.0,24587,6840.0,3928,6850.0,15794,6860.0,19282,6870.0,4208,6880.0,16372,2025-05-09 19:31:33.950,,2147483647,1750044,False,nan
13361,2163101,1613408992,MERV - XMEV - GGAL - 24hs,6830.0,2025-05-09 19:31:33,3,2025-05-09 19:31:34.580,6830.0,4204,6820.0,14096,6810.0,872,6800.0,5454,6790.0,24587,6840.0,3928,6850.0,15794,6860.0,19282,6870.0,4208,6880.0,16372,2025-05-09 19:31:34.449,,2147483647,1750047,False,nan
13362,2163178,1613409118,MERV - XMEV - GGAL - 24hs,6830.0,2025-05-09 19:31:33,3,2025-05-09 19:31:35.586,6830.0,4204,6820.0,14096,6810.0,799,6800.0,5454,6790.0,24587,6840.0,3928,6850.0,15794,6860.0,19282,6870.0,4222,6880.0,16372,2025-05-09 19:31:35.501,,2147483647,1750047,False,nan
13363,2163627,1613409760,MERV - XMEV - GGAL - 24hs,6830.0,2025-05-09 19:31:33,3,2025-05-09 19:31:41.242,6830.0,4204,6820.0,14096,6810.0,799,6800.0,5454,6790.0,25281,6840.0,3928,6850.0,15794,6860.0,19282,6870.0,4222,6880.0,16372,2025-05-09 19:31:41.152,,2147483647,1750047,False,nan
13364,2163687,1613409874,MERV - XMEV - GGAL - 24hs,6830.0,2025-05-09 19:31:33,3,2025-05-09 19:31:41.976,6830.0,4204,6820.0,14096,6810.0,799,6800.0,5454,6790.0,25281,6840.0,3928,6850.0,18794,6860.0,19282,6870.0,4222,6880.0,16372,2025-05-09 19:31:41.891,,2147483647,1750047,False,nan
13365,2163867,1613410128,MERV - XMEV - GGAL - 24hs,6830.0,2025-05-09 19:31:33,3,2025-05-09 19:31:44.511,6830.0,4204,6820.0,14096,6810.0,799,6800.0,5454,6790.0,25253,6840.0,3928,6850.0,18794,6860.0,19282,6870.0,4222,6880.0,16372,2025-05-09 19:31:44.422,,2147483647,1750047,False,nan
13366,2163980,1613410299,MERV - XMEV - GGAL - 24hs,6830.0,2025-05-09 19:31:33,3,2025-05-09 19:31:45.757,6830.0,4204,6820.0,14096,6810.0,799,6800.0,5454,6790.0,25281,6840.0,3928,6850.0,18794,6860.0,19282,6870.0,4222,6880.0,16372,2025-05-09 19:31:45.673,,2147483647,1750047,False,nan
13367,2164334,1613410730,MERV - XMEV - GGAL - 24hs,6840.0,2025-05-09 19:31:48,144,2025-05-09 19:31:48.415,6830.0,4204,6820.0,14096,6810.0,799,6800.0,5454,6790.0,25281,6840.0,3928,6850.0,18794,6860.0,19282,6870.0,4222,6880.0,16372,2025-05-09 19:31:48.322,,2147483647,1750047,True,offer
13368,2164370,1613410783,MERV - XMEV - GGAL - 24hs,6840.0,2025-05-09 19:31:48,144,2025-05-09 19:31:49.075,6830.0,4204,6820.0,14096,6810.0,799,6800.0,5454,6790.0,25281,6840.0,3784,6850.0,18794,6860.0,19282,6870.0,4222,6880.0,16372,2025-05-09 19:31:48.991,,2147483647,1750047,False,nan
13369,2164399,1613410820,MERV - XMEV - GGAL - 24hs,6840.0,2025-05-09 19:31:48,144,2025-05-09 19:31:49.577,6830.0,4204,6820.0,14096,6810.0,799,6800.0,5454,6790.0,25281,6840.0,3784,6850.0,18794,6860.0,19282,6870.0,4222,6880.0,16372,2025-05-09 19:31:49.490,,2147483647,1750191,False,nan
13370,2164806,1613411360,MERV - XMEV - GGAL - 24hs,6840.0,2025-05-09 19:31:54,17,2025-05-09 19:31:54.570,6830.0,4204,6820.0,14096,6810.0,799,6800.0,5454,6790.0,25281,6840.0,3784,6850.0,18794,6860.0,19282,6870.0,4222,6880.0,16372,2025-05-09 19:31:54.485,,2147483647,1750191,True,offer
13371,2164830,1613411388,MERV - XMEV - GGAL - 24hs,6840.0,2025-05-09 19:31:54,17,2025-05-09 19:31:55.229,6830.0,4204,6820.0,14096,6810.0,799,6800.0,5454,6790.0,25281,6840.0,3767,6850.0,18794,6860.0,19282,6870.0,4222,6880.0,16372,2025-05-09 19:31:55.144,,2147483647,1750191,False,nan
13372,2164856,1613411430,MERV - XMEV - GGAL - 24hs,6840.0,2025-05-09 19:31:54,17,2025-05-09 19:31:55.728,6830.0,4204,6820.0,14096,6810.0,799,6800.0,5454,6790.0,25281,6840.0,3767,6850.0,18794,6860.0,19282,6870.0,4222,6880.0,16372,2025-05-09 19:31:55.644,,2147483647,1750208,False,nan
13373,2165396,1613412121,MERV - XMEV - GGAL - 24hs,6840.0,2025-05-09 19:31:54,17,2025-05-09 19:32:05.050,6830.0,4204,6820.0,14096,6810.0,799,6800.0,5454,6790.0,24934,6840.0,3767,6850.0,18794,6860.0,19282,6870.0,4222,6880.0,16372,2025-05-09 19:32:04.942,,2147483647,1750208,False,nan
13374,2165434,1613412166,MERV - XMEV - GGAL - 24hs,6840.0,2025-05-09 19:32:05,86,2025-05-09 19:32:05.565,6830.0,4204,6820.0,14096,6810.0,799,6800.0,5454,6790.0,24934,6840.0,3767,6850.0,18794,6860.0,19282,6870.0,4222,6880.0,16372,2025-05-09 19:32:05.478,,2147483647,1750208,True,offer
13375,2165463,1613412201,MERV - XMEV - GGAL - 24hs,6840.0,2025-05-09 19:32:05,86,2025-05-09 19:32:06.236,6830.0,4204,6820.0,14096,6810.0,799,6800.0,5454,6790.0,24934,6840.0,3681,6850.0,18794,6860.0,19282,6870.0,4222,6880.0,16372,2025-05-09 19:32:06.149,,2147483647,1750208,False,nan
13376,2165480,1613412223,MERV - XMEV - GGAL - 24hs,6840.0,2025-05-09 19:32:05,86,2025-05-09 19:32:06.728,6830.0,4204,6820.0,14096,6810.0,799,6800.0,5454,6790.0,24934,6840.0,3681,6850.0,18794,6860.0,19282,6870.0,4222,6880.0,16372,2025-05-09 19:32:06.644,,2147483647,1750294,False,nan
13377,2165773,1613412585,MERV - XMEV - GGAL - 24hs,6840.0,2025-05-09 19:32:05,86,2025-05-09 19:32:11.722,6830.0,4204,6820.0,14096,6810.0,799,6800.0,5454,6790.0,24943,6840.0,3681,6850.0,18794,6860.0,19282,6870.0,4222,6880.0,16372,2025-05-09 19:32:11.637,,2147483647,1750294,False,nan
13378,2165817,1613412636,MERV - XMEV - GGAL - 24hs,6840.0,2025-05-09 19:32:05,86,2025-05-09 19:32:12.473,6830.0,4204,6820.0,14096,6810.0,799,6800.0,5454,6790.0,22515,6840.0,3681,6850.0,18794,6860.0,19282,6870.0,4222,6880.0,16372,2025-05-09 19:32:12.388,,2147483647,1750294,False,nan
13379,2165860,1613412686,MERV - XMEV - GGAL - 24hs,6840.0,2025-05-09 19:32:05,86,2025-05-09 19:32:13.285,6830.0,4204,6820.0,14096,6810.0,799,6800.0,5454,6790.0,22862,6840.0,3681,6850.0,18794,6860.0,19282,6870.0,4222,6880.0,16372,2025-05-09 19:32:13.200,,2147483647,1750294,False,nan
13380,2165951,1613412803,MERV - XMEV - GGAL - 24hs,6830.0,2025-05-09 19:32:14,1,2025-05-09 19:32:14.448,6830.0,4204,6820.0,14096,6810.0,799,6800.0,5454,6790.0,22862,6840.0,3681,6850.0,18794,6860.0,19282,6870.0,4222,6880.0,16372,2025-05-09 19:32:14.361,,2147483647,1750294,True,bid
13381,2165971,1613412844,MERV - XMEV - GGAL - 24hs,6830.0,2025-05-09 19:32:14,1,2025-05-09 19:32:14.945,6830.0,4203,6820.0,14096,6810.0,799,6800.0,5454,6790.0,22515,6840.0,3681,6850.0,18794,6860.0,19282,6870.0,4222,6880.0,16372,2025-05-09 19:32:14.861,,2147483647,1750294,False,nan
13382,2166016,1613412903,MERV - XMEV - GGAL - 24hs,6830.0,2025-05-09 19:32:14,1,2025-05-09 19:32:15.768,6830.0,4203,6820.0,14096,6810.0,799,6800.0,5454,6790.0,22515,6840.0,3681,6850.0,18794,6860.0,19282,6870.0,4222,6880.0,16372,2025-05-09 19:32:15.583,,2147483647,1750295,False,nan
13383,2166046,1613412938,MERV - XMEV - GGAL - 24hs,6830.0,2025-05-09 19:32:14,1,2025-05-09 19:32:15.945,6830.0,4203,6820.0,14096,6810.0,799,6800.0,5454,6790.0,22862,6840.0,3681,6850.0,18794,6860.0,19282,6870.0,4222,6880.0,16372,2025-05-09 19:32:15.861,,2147483647,1750295,False,nan
13384,2166319,1613413248,MERV - XMEV - GGAL - 24hs,6830.0,2025-05-09 19:32:19,3000,2025-05-09 19:32:19.767,6830.0,4203,6820.0,14096,6810.0,799,6800.0,5454,6790.0,22862,6840.0,3681,6850.0,18794,6860.0,19282,6870.0,4222,6880.0,16372,2025-05-09 19:32:19.682,,2147483647,1750295,True,bid
13385,2166369,1613413305,MERV - XMEV - GGAL - 24hs,6830.0,2025-05-09 19:32:19,3000,2025-05-09 19:32:20.431,6830.0,1203,6820.0,14096,6810.0,799,6800.0,5454,6790.0,22862,6840.0,3681,6850.0,18794,6860.0,19282,6870.0,4222,6880.0,16372,2025-05-09 19:32:20.347,,2147483647,1750295,False,nan
13386,2166394,1613413337,MERV - XMEV - GGAL - 24hs,6830.0,2025-05-09 19:32:19,3000,2025-05-09 19:32:20.932,6830.0,1203,6820.0,14096,6810.0,799,6800.0,5454,6790.0,22862,6840.0,3681,6850.0,18794,6860.0,19282,6870.0,4222,6880.0,16372,2025-05-09 19:32:20.847,,2147483647,1753295,False,nan
13387,2166605,1613413603,MERV - XMEV - GGAL - 24hs,6840.0,2025-05-09 19:32:23,72,2025-05-09 19:32:23.347,6830.0,1203,6820.0,14096,6810.0,799,6800.0,5454,6790.0,22862,6840.0,3681,6850.0,18794,6860.0,19282,6870.0,4222,6880.0,16372,2025-05-09 19:32:23.257,,2147483647,1753295,True,offer
13388,2166625,1613413629,MERV - XMEV - GGAL - 24hs,6840.0,2025-05-09 19:32:23,72,2025-05-09 19:32:23.873,6830.0,1203,6820.0,14096,6810.0,800,6800.0,5454,6790.0,21467,6840.0,3609,6850.0,18794,6860.0,19282,6870.0,4222,6880.0,16372,2025-05-09 19:32:23.789,,2147483647,1753295,False,nan
13389,2166652,1613413663,MERV - XMEV - GGAL - 24hs,6840.0,2025-05-09 19:32:23,72,2025-05-09 19:32:24.367,6830.0,1203,6820.0,14096,6810.0,800,6800.0,5454,6790.0,21467,6840.0,3609,6850.0,18794,6860.0,19282,6870.0,4222,6880.0,16372,2025-05-09 19:32:24.282,,2147483647,1753367,False,nan
13390,2166681,1613413698,MERV - XMEV - GGAL - 24hs,6830.0,2025-05-09 19:32:24,375,2025-05-09 19:32:24.869,6830.0,1203,6820.0,14096,6810.0,800,6800.0,5454,6790.0,21467,6840.0,3609,6850.0,18794,6860.0,19282,6870.0,4222,6880.0,16372,2025-05-09 19:32:24.782,,2147483647,1753367,True,bid
13391,2166711,1613413731,MERV - XMEV - GGAL - 24hs,6830.0,2025-05-09 19:32:24,375,2025-05-09 19:32:25.434,6830.0,126,6820.0,14096,6810.0,800,6800.0,5454,6790.0,21467,6840.0,3609,6850.0,18794,6860.0,19282,6870.0,4222,6880.0,16372,2025-05-09 19:32:25.348,,2147483647,1753367,False,nan
13392,2166754,1613413776,MERV - XMEV - GGAL - 24hs,6830.0,2025-05-09 19:32:24,375,2025-05-09 19:32:25.933,6830.0,126,6820.0,14096,6810.0,800,6800.0,5454,6790.0,21467,6840.0,3609,6850.0,18794,6860.0,19282,6870.0,4222,6880.0,16372,2025-05-09 19:32:25.849,,2147483647,1754444,False,nan
13393,2166782,1613413810,MERV - XMEV - GGAL - 24hs,6830.0,2025-05-09 19:32:26,25,2025-05-09 19:32:26.550,6830.0,126,6820.0,14096,6810.0,800,6800.0,5454,6790.0,21467,6840.0,3609,6850.0,18794,6860.0,19282,6870.0,4222,6880.0,16372,2025-05-09 19:32:26.455,,2147483647,1754444,True,bid
13394,2166800,1613413842,MERV - XMEV - GGAL - 24hs,6830.0,2025-05-09 19:32:26,100,2025-05-09 19:32:27.046,6830.0,126,6820.0,14096,6810.0,800,6800.0,5454,6790.0,21467,6840.0,3609,6850.0,18794,6860.0,19282,6870.0,4222,6880.0,16372,2025-05-09 19:32:26.960,,2147483647,1754444,False,nan
13395,2166826,1613413888,MERV - XMEV - GGAL - 24hs,6830.0,2025-05-09 19:32:26,100,2025-05-09 19:32:27.540,6820.0,14096,6810.0,800,6800.0,5454,6790.0,21467,6780.0,3421,6830.0,442,6840.0,3609,6850.0,18352,6860.0,19282,6870.0,4222,2025-05-09 19:32:27.455,,2147483647,1754570,False,nan
13396,2167088,1613414225,MERV - XMEV - GGAL - 24hs,6830.0,2025-05-09 19:32:30,431,2025-05-09 19:32:30.325,6820.0,14096,6810.0,800,6800.0,5454,6790.0,21467,6780.0,3421,6830.0,442,6840.0,3609,6850.0,18352,6860.0,19282,6870.0,4222,2025-05-09 19:32:30.241,,2147483647,1754570,True,offer
13397,2167134,1613414282,MERV - XMEV - GGAL - 24hs,6830.0,2025-05-09 19:32:30,23,2025-05-09 19:32:30.828,6820.0,14096,6810.0,800,6800.0,5454,6790.0,21467,6780.0,3421,6830.0,442,6840.0,3609,6850.0,18352,6860.0,19282,6870.0,4222,2025-05-09 19:32:30.741,,2147483647,1755001,False,nan
13398,2167177,1613414333,MERV - XMEV - GGAL - 24hs,6830.0,2025-05-09 19:32:30,23,2025-05-09 19:32:31.328,6820.0,14096,6810.0,800,6800.0,5454,6790.0,21467,6780.0,3421,6830.0,442,6840.0,3609,6850.0,18352,6860.0,19282,6870.0,4229,2025-05-09 19:32:31.241,,2147483647,1755035,False,nan
13399,2167340,1613414518,MERV - XMEV - GGAL - 24hs,6820.0,2025-05-09 19:32:33,23,2025-05-09 19:32:33.273,6820.0,14096,6810.0,800,6800.0,5454,6790.0,21467,6780.0,3421,6830.0,442,6840.0,3609,6850.0,18352,6860.0,19282,6870.0,4229,2025-05-09 19:32:33.189,,2147483647,1755035,True,bid
13400,2167367,1613414551,MERV - XMEV - GGAL - 24hs,6820.0,2025-05-09 19:32:33,11839,2025-05-09 19:32:33.773,6820.0,14096,6810.0,800,6800.0,5454,6790.0,21467,6780.0,3421,6830.0,442,6840.0,3609,6850.0,18352,6860.0,19282,6870.0,4229,2025-05-09 19:32:33.689,,2147483647,1755035,False,nan
13401,2167397,1613414587,MERV - XMEV - GGAL - 24hs,6820.0,2025-05-09 19:32:34,1142,2025-05-09 19:32:34.273,6810.0,800,6800.0,5454,6790.0,21467,6780.0,3421,6770.0,1265,6820.0,2865,6830.0,442,6840.0,3609,6850.0,15002,6860.0,19282,2025-05-09 19:32:34.189,,2147483647,1782076,True,bid
13402,2167412,1613414614,MERV - XMEV - GGAL - 24hs,6820.0,2025-05-09 19:32:34,1142,2025-05-09 19:32:34.935,6820.0,358,6810.0,800,6800.0,5454,6790.0,21467,6780.0,3421,6830.0,442,6840.0,3609,6850.0,15002,6860.0,19282,6870.0,4229,2025-05-09 19:32:34.843,,2147483647,1782076,False,nan
13403,2167438,1613414653,MERV - XMEV - GGAL - 24hs,6820.0,2025-05-09 19:32:34,1142,2025-05-09 19:32:35.427,6820.0,358,6810.0,800,6800.0,5454,6790.0,21467,6780.0,3421,6830.0,442,6840.0,3609,6850.0,15002,6860.0,19282,6870.0,4229,2025-05-09 19:32:35.342,,2147483647,1783835,False,nan
13404,2167467,1613414686,MERV - XMEV - GGAL - 24hs,6820.0,2025-05-09 19:32:34,1142,2025-05-09 19:32:35.927,6820.0,358,6810.0,800,6800.0,5454,6790.0,21467,6780.0,3421,6830.0,442,6840.0,3609,6850.0,15002,6860.0,19382,6870.0,4229,2025-05-09 19:32:35.842,,2147483647,1783835,False,nan
13405,2167489,1613414713,MERV - XMEV - GGAL - 24hs,6830.0,2025-05-09 19:32:36,17,2025-05-09 19:32:36.767,6820.0,358,6810.0,800,6800.0,5454,6790.0,21467,6780.0,3421,6830.0,442,6840.0,3609,6850.0,15002,6860.0,19382,6870.0,4229,2025-05-09 19:32:36.668,,2147483647,1783835,True,offer
13406,2167530,1613414760,MERV - XMEV - GGAL - 24hs,6830.0,2025-05-09 19:32:36,17,2025-05-09 19:32:37.252,6820.0,358,6810.0,800,6800.0,5454,6790.0,21467,6780.0,3421,6830.0,425,6840.0,3609,6850.0,15002,6860.0,19382,6870.0,4229,2025-05-09 19:32:37.168,,2147483647,1783852,False,nan
13407,2167775,1613415058,MERV - XMEV - GGAL - 24hs,6830.0,2025-05-09 19:32:39,144,2025-05-09 19:32:39.828,6820.0,358,6810.0,800,6800.0,5454,6790.0,21467,6780.0,3421,6830.0,425,6840.0,3609,6850.0,15002,6860.0,19382,6870.0,4229,2025-05-09 19:32:39.742,,2147483647,1783852,True,offer
13408,2167822,1613415124,MERV - XMEV - GGAL - 24hs,6830.0,2025-05-09 19:32:39,144,2025-05-09 19:32:40.497,6820.0,358,6810.0,800,6800.0,5454,6790.0,21467,6780.0,3421,6830.0,281,6840.0,3609,6850.0,15002,6860.0,19382,6870.0,4229,2025-05-09 19:32:40.407,,2147483647,1783852,False,nan
13409,2167838,1613415143,MERV - XMEV - GGAL - 24hs,6830.0,2025-05-09 19:32:39,144,2025-05-09 19:32:40.993,6820.0,358,6810.0,800,6800.0,5454,6790.0,21467,6780.0,3421,6830.0,281,6840.0,3609,6850.0,15002,6860.0,19382,6870.0,4229,2025-05-09 19:32:40.908,,2147483647,1783996,False,nan
13410,2167995,1613415353,MERV - XMEV - GGAL - 24hs,6830.0,2025-05-09 19:32:39,144,2025-05-09 19:32:43.420,6820.0,358,6810.0,800,6800.0,5454,6790.0,21467,6780.0,3421,6830.0,281,6840.0,3609,6850.0,15002,6860.0,19382,6870.0,4329,2025-05-09 19:32:43.330,,2147483647,1783996,False,nan
13411,2168155,1613415575,MERV - XMEV - GGAL - 24hs,6820.0,2025-05-09 19:32:46,358,2025-05-09 19:32:46.274,6820.0,358,6810.0,800,6800.0,5454,6790.0,21467,6780.0,3421,6830.0,281,6840.0,3609,6850.0,15002,6860.0,19382,6870.0,4329,2025-05-09 19:32:46.125,,2147483647,1783996,True,bid
13412,2168200,1613415629,MERV - XMEV - GGAL - 24hs,6820.0,2025-05-09 19:32:46,358,2025-05-09 19:32:46.866,6810.0,800,6800.0,5454,6790.0,21467,6780.0,3421,6770.0,1265,6820.0,281,6840.0,3609,6850.0,15002,6860.0,19382,6870.0,4329,2025-05-09 19:32:46.782,,2147483647,1783996,False,nan
13413,2168222,1613415659,MERV - XMEV - GGAL - 24hs,6820.0,2025-05-09 19:32:46,358,2025-05-09 19:32:47.366,6810.0,800,6800.0,5454,6790.0,21467,6780.0,3421,6770.0,1265,6820.0,281,6840.0,3609,6850.0,15002,6860.0,19382,6870.0,4329,2025-05-09 19:32:47.281,,2147483647,1784354,False,nan
13414,2168652,1613416229,MERV - XMEV - GGAL - 24hs,6820.0,2025-05-09 19:32:55,72,2025-05-09 19:32:55.149,6810.0,800,6800.0,5454,6790.0,21467,6780.0,3421,6770.0,1265,6820.0,281,6840.0,3609,6850.0,15002,6860.0,19382,6870.0,4329,2025-05-09 19:32:55.064,,2147483647,1784354,True,offer
13415,2168666,1613416248,MERV - XMEV - GGAL - 24hs,6820.0,2025-05-09 19:32:55,72,2025-05-09 19:32:55.811,6810.0,800,6800.0,5454,6790.0,21467,6780.0,3421,6770.0,1265,6820.0,209,6840.0,3609,6850.0,15002,6860.0,19382,6870.0,4329,2025-05-09 19:32:55.728,,2147483647,1784354,False,nan
13416,2168714,1613416305,MERV - XMEV - GGAL - 24hs,6820.0,2025-05-09 19:32:55,72,2025-05-09 19:32:56.312,6810.0,800,6800.0,5454,6790.0,21467,6780.0,3421,6770.0,1265,6820.0,209,6840.0,3609,6850.0,15002,6860.0,19382,6870.0,4329,2025-05-09 19:32:56.228,,2147483647,1784426,False,nan
13417,2169014,1613416741,MERV - XMEV - GGAL - 24hs,6820.0,2025-05-09 19:32:55,72,2025-05-09 19:33:01.640,6810.0,800,6800.0,5454,6790.0,21467,6780.0,3421,6770.0,1265,6820.0,209,6840.0,3609,6850.0,29084,6860.0,5300,6870.0,4329,2025-05-09 19:33:01.550,,2147483647,1784426,False,nan
13418,2169088,1613416828,MERV - XMEV - GGAL - 24hs,6820.0,2025-05-09 19:33:02,1,2025-05-09 19:33:02.614,6810.0,800,6800.0,5454,6790.0,21467,6780.0,3421,6770.0,1265,6820.0,209,6840.0,3609,6850.0,29084,6860.0,5300,6870.0,4329,2025-05-09 19:33:02.528,,2147483647,1784426,True,offer
13419,2169116,1613416860,MERV - XMEV - GGAL - 24hs,6820.0,2025-05-09 19:33:03,19,2025-05-09 19:33:03.130,6810.0,800,6800.0,5454,6790.0,21467,6780.0,3421,6770.0,1265,6820.0,209,6840.0,3609,6850.0,29084,6860.0,5300,6870.0,4329,2025-05-09 19:33:03.045,,2147483647,1784427,True,offer
13420,2169146,1613416892,MERV - XMEV - GGAL - 24hs,6820.0,2025-05-09 19:33:03,19,2025-05-09 19:33:03.631,6810.0,800,6800.0,5454,6790.0,21467,6780.0,3421,6770.0,1265,6820.0,189,6840.0,3609,6850.0,29084,6860.0,5300,6870.0,4329,2025-05-09 19:33:03.547,,2147483647,1784446,False,nan
13421,2169529,1613417384,MERV - XMEV - GGAL - 24hs,6820.0,2025-05-09 19:33:03,19,2025-05-09 19:33:07.788,6810.0,900,6800.0,5454,6790.0,21467,6780.0,3421,6770.0,1265,6820.0,189,6840.0,3609,6850.0,29084,6860.0,5300,6870.0,4329,2025-05-09 19:33:07.432,,2147483647,1784446,False,nan
13422,2169589,1613417474,MERV - XMEV - GGAL - 24hs,6820.0,2025-05-09 19:33:08,4,2025-05-09 19:33:08.497,6810.0,900,6800.0,5454,6790.0,21467,6780.0,3421,6770.0,1265,6820.0,189,6840.0,3609,6850.0,29084,6860.0,5300,6870.0,4329,2025-05-09 19:33:08.411,,2147483647,1784446,True,offer
13423,2169637,1613417527,MERV - XMEV - GGAL - 24hs,6820.0,2025-05-09 19:33:08,34,2025-05-09 19:33:08.995,6810.0,900,6800.0,5454,6790.0,21467,6780.0,3421,6770.0,1265,6820.0,189,6840.0,3609,6850.0,29084,6860.0,5300,6870.0,4329,2025-05-09 19:33:08.911,,2147483647,1784450,False,nan
13424,2169677,1613417574,MERV - XMEV - GGAL - 24hs,6820.0,2025-05-09 19:33:08,34,2025-05-09 19:33:09.499,6810.0,900,6800.0,5454,6790.0,21467,6780.0,3421,6770.0,1265,6820.0,151,6840.0,3609,6850.0,29084,6860.0,5300,6870.0,4329,2025-05-09 19:33:09.411,,2147483647,1784484,False,nan
13425,2169720,1613417627,MERV - XMEV - GGAL - 24hs,6820.0,2025-05-09 19:33:08,34,2025-05-09 19:33:09.995,6810.0,907,6800.0,5454,6790.0,21467,6780.0,3421,6770.0,1265,6820.0,151,6840.0,3609,6850.0,29084,6860.0,5300,6870.0,4329,2025-05-09 19:33:09.911,,2147483647,1784484,False,nan
13426,2169743,1613417664,MERV - XMEV - GGAL - 24hs,6820.0,2025-05-09 19:33:10,51,2025-05-09 19:33:10.495,6810.0,907,6800.0,5454,6790.0,21467,6780.0,3421,6770.0,1265,6820.0,151,6840.0,3609,6850.0,29084,6860.0,5300,6870.0,4329,2025-05-09 19:33:10.411,,2147483647,1784484,True,offer
13427,2169765,1613417690,MERV - XMEV - GGAL - 24hs,6820.0,2025-05-09 19:33:10,51,2025-05-09 19:33:10.995,6810.0,907,6800.0,5454,6790.0,21467,6780.0,3421,6770.0,1265,6820.0,281,6840.0,3609,6850.0,29084,6860.0,5300,6870.0,3332,2025-05-09 19:33:10.911,,2147483647,1784686,False,nan
13428,2169875,1613417810,MERV - XMEV - GGAL - 24hs,6820.0,2025-05-09 19:33:12,72,2025-05-09 19:33:12.687,6810.0,907,6800.0,5454,6790.0,21467,6780.0,3421,6770.0,1265,6820.0,281,6840.0,3609,6850.0,29084,6860.0,5300,6870.0,3332,2025-05-09 19:33:12.604,,2147483647,1784686,True,offer
13429,2169907,1613417846,MERV - XMEV - GGAL - 24hs,6820.0,2025-05-09 19:33:12,72,2025-05-09 19:33:13.187,6810.0,907,6800.0,5454,6790.0,21467,6780.0,3421,6770.0,1265,6820.0,209,6840.0,3609,6850.0,29084,6860.0,5300,6870.0,3312,2025-05-09 19:33:13.104,,2147483647,1784686,False,nan
13430,2169933,1613417878,MERV - XMEV - GGAL - 24hs,6820.0,2025-05-09 19:33:12,72,2025-05-09 19:33:13.691,6810.0,907,6800.0,5454,6790.0,21467,6780.0,3421,6770.0,1265,6820.0,209,6840.0,3609,6850.0,29084,6860.0,5300,6870.0,3312,2025-05-09 19:33:13.604,,2147483647,1784758,False,nan
13431,2169988,1613417946,MERV - XMEV - GGAL - 24hs,6820.0,2025-05-09 19:33:12,72,2025-05-09 19:33:14.823,6810.0,907,6800.0,5454,6790.0,21467,6780.0,3567,6770.0,1265,6820.0,209,6840.0,3609,6850.0,29084,6860.0,5300,6870.0,3312,2025-05-09 19:33:14.739,,2147483647,1784758,False,nan
13432,2170027,1613417988,MERV - XMEV - GGAL - 24hs,6820.0,2025-05-09 19:33:14,437,2025-05-09 19:33:15.331,6810.0,907,6800.0,5454,6790.0,21467,6780.0,3567,6770.0,1265,6820.0,209,6840.0,3609,6850.0,29084,6860.0,5300,6870.0,3312,2025-05-09 19:33:15.239,,2147483647,1784797,True,offer
13433,2170082,1613418056,MERV - XMEV - GGAL - 24hs,6820.0,2025-05-09 19:33:14,437,2025-05-09 19:33:15.875,6810.0,907,6800.0,5454,6790.0,21467,6780.0,3567,6770.0,1265,6820.0,281,6840.0,3609,6850.0,29084,6860.0,5300,6870.0,3312,2025-05-09 19:33:15.790,,2147483647,1784797,False,nan
13434,2170109,1613418094,MERV - XMEV - GGAL - 24hs,6820.0,2025-05-09 19:33:14,437,2025-05-09 19:33:16.375,6810.0,907,6800.0,5454,6790.0,21467,6780.0,3567,6770.0,1265,6820.0,281,6840.0,3609,6850.0,29084,6860.0,5300,6870.0,3312,2025-05-09 19:33:16.291,,2147483647,1785404,False,nan
13435,2170148,1613418145,MERV - XMEV - GGAL - 24hs,6820.0,2025-05-09 19:33:14,437,2025-05-09 19:33:17.051,6810.0,907,6800.0,5454,6790.0,21468,6780.0,3567,6770.0,1265,6820.0,281,6840.0,3609,6850.0,29084,6860.0,5300,6870.0,3312,2025-05-09 19:33:16.933,,2147483647,1785404,False,nan
13436,2170361,1613418510,MERV - XMEV - GGAL - 24hs,6820.0,2025-05-09 19:33:14,437,2025-05-09 19:33:19.167,6810.0,907,6800.0,5454,6790.0,21468,6780.0,3567,6770.0,1265,6820.0,281,6840.0,3609,6850.0,29084,6860.0,5300,6870.0,4229,2025-05-09 19:33:19.082,,2147483647,1785404,False,nan
13437,2170407,1613418567,MERV - XMEV - GGAL - 24hs,6820.0,2025-05-09 19:33:14,437,2025-05-09 19:33:19.973,6810.0,906,6800.0,5454,6790.0,22169,6780.0,3567,6770.0,1265,6820.0,281,6840.0,3609,6850.0,29084,6860.0,5300,6870.0,4229,2025-05-09 19:33:19.884,,2147483647,1785404,False,nan
13438,2170448,1613418622,MERV - XMEV - GGAL - 24hs,6820.0,2025-05-09 19:33:14,437,2025-05-09 19:33:20.688,6810.0,906,6800.0,5454,6790.0,21823,6780.0,3567,6770.0,1265,6820.0,281,6840.0,3609,6850.0,29084,6860.0,5300,6870.0,4229,2025-05-09 19:33:20.599,,2147483647,1785404,False,nan
13439,2170472,1613418656,MERV - XMEV - GGAL - 24hs,6820.0,2025-05-09 19:33:21,1,2025-05-09 19:33:21.183,6810.0,906,6800.0,5454,6790.0,21823,6780.0,3567,6770.0,1265,6820.0,281,6840.0,3609,6850.0,29084,6860.0,5300,6870.0,4229,2025-05-09 19:33:21.099,,2147483647,1785404,True,offer
13440,2170493,1613418681,MERV - XMEV - GGAL - 24hs,6820.0,2025-05-09 19:33:21,2,2025-05-09 19:33:21.686,6810.0,906,6800.0,5454,6790.0,21823,6780.0,3567,6770.0,1265,6820.0,281,6840.0,3609,6850.0,29084,6860.0,5300,6870.0,4229,2025-05-09 19:33:21.599,,2147483647,1785405,False,nan
13441,2170510,1613418705,MERV - XMEV - GGAL - 24hs,6820.0,2025-05-09 19:33:21,2,2025-05-09 19:33:22.185,6810.0,906,6800.0,5454,6790.0,21823,6780.0,3567,6770.0,1265,6820.0,278,6840.0,3609,6850.0,29084,6860.0,5300,6870.0,4229,2025-05-09 19:33:22.099,,2147483647,1785407,False,nan
13442,2170774,1613419065,MERV - XMEV - GGAL - 24hs,6820.0,2025-05-09 19:33:28,43,2025-05-09 19:33:28.505,6810.0,906,6800.0,5454,6790.0,21823,6780.0,3567,6770.0,1265,6820.0,278,6840.0,3609,6850.0,29084,6860.0,5300,6870.0,4229,2025-05-09 19:33:28.420,,2147483647,1785407,True,offer
13443,2170800,1613419093,MERV - XMEV - GGAL - 24hs,6820.0,2025-05-09 19:33:28,43,2025-05-09 19:33:29.169,6810.0,906,6800.0,5454,6790.0,21823,6780.0,3567,6770.0,1265,6820.0,235,6840.0,3609,6850.0,29084,6860.0,5300,6870.0,4229,2025-05-09 19:33:29.085,,2147483647,1785407,False,nan
13444,2170820,1613419116,MERV - XMEV - GGAL - 24hs,6820.0,2025-05-09 19:33:28,43,2025-05-09 19:33:29.669,6810.0,906,6800.0,5454,6790.0,21823,6780.0,3567,6770.0,1265,6820.0,235,6840.0,3609,6850.0,29084,6860.0,5300,6870.0,4229,2025-05-09 19:33:29.584,,2147483647,1785450,False,nan
13445,2170857,1613419156,MERV - XMEV - GGAL - 24hs,6820.0,2025-05-09 19:33:30,43,2025-05-09 19:33:30.375,6810.0,906,6800.0,5454,6790.0,21823,6780.0,3567,6770.0,1265,6820.0,235,6840.0,3609,6850.0,29084,6860.0,5300,6870.0,4229,2025-05-09 19:33:30.291,,2147483647,1785450,True,offer
13446,2170891,1613419193,MERV - XMEV - GGAL - 24hs,6820.0,2025-05-09 19:33:30,43,2025-05-09 19:33:31.043,6810.0,906,6800.0,5454,6790.0,21823,6780.0,3567,6770.0,1265,6820.0,192,6840.0,3609,6850.0,29084,6860.0,5300,6870.0,4229,2025-05-09 19:33:30.958,,2147483647,1785450,False,nan
13447,2170917,1613419223,MERV - XMEV - GGAL - 24hs,6820.0,2025-05-09 19:33:30,43,2025-05-09 19:33:31.545,6810.0,906,6800.0,5454,6790.0,21823,6780.0,3567,6770.0,1265,6820.0,192,6840.0,3609,6850.0,29084,6860.0,5300,6870.0,4229,2025-05-09 19:33:31.458,,2147483647,1785493,False,nan
13448,2170970,1613419287,MERV - XMEV - GGAL - 24hs,6820.0,2025-05-09 19:33:30,43,2025-05-09 19:33:32.771,6810.0,906,6800.0,5454,6790.0,22206,6780.0,3567,6770.0,1265,6820.0,192,6840.0,3609,6850.0,29084,6860.0,5300,6870.0,4229,2025-05-09 19:33:32.679,,2147483647,1785493,False,nan
13449,2171216,1613419587,MERV - XMEV - GGAL - 24hs,6820.0,2025-05-09 19:33:30,43,2025-05-09 19:33:36.047,6810.0,906,6800.0,6493,6790.0,21468,6780.0,3567,6770.0,1265,6820.0,192,6840.0,3609,6850.0,29084,6860.0,5300,6870.0,4229,2025-05-09 19:33:35.961,,2147483647,1785493,False,nan
13450,2171416,1613419849,MERV - XMEV - GGAL - 24hs,6810.0,2025-05-09 19:33:38,2,2025-05-09 19:33:39.155,6810.0,906,6800.0,6493,6790.0,21468,6780.0,3567,6770.0,1265,6820.0,192,6840.0,3609,6850.0,29084,6860.0,5300,6870.0,4229,2025-05-09 19:33:38.980,,2147483647,1785493,True,bid
13451,2171450,1613419891,MERV - XMEV - GGAL - 24hs,6810.0,2025-05-09 19:33:38,2,2025-05-09 19:33:39.720,6810.0,904,6800.0,6493,6790.0,21468,6780.0,3567,6770.0,1265,6820.0,192,6840.0,3609,6850.0,5002,6860.0,29382,6870.0,4229,2025-05-09 19:33:39.636,,2147483647,1785493,False,nan
13452,2171492,1613419964,MERV - XMEV - GGAL - 24hs,6810.0,2025-05-09 19:33:38,2,2025-05-09 19:33:40.220,6810.0,904,6800.0,6493,6790.0,21468,6780.0,3567,6770.0,1265,6820.0,192,6840.0,3609,6850.0,5002,6860.0,29382,6870.0,4229,2025-05-09 19:33:40.136,,2147483647,1785495,False,nan
13453,2171517,1613420005,MERV - XMEV - GGAL - 24hs,6810.0,2025-05-09 19:33:38,2,2025-05-09 19:33:40.721,6810.0,904,6800.0,6840,6790.0,21468,6780.0,3567,6770.0,1265,6820.0,192,6840.0,3609,6850.0,5002,6860.0,29382,6870.0,4229,2025-05-09 19:33:40.636,,2147483647,1785495,False,nan
13454,2171579,1613420076,MERV - XMEV - GGAL - 24hs,6820.0,2025-05-09 19:33:42,171,2025-05-09 19:33:42.350,6810.0,904,6800.0,6840,6790.0,21468,6780.0,3567,6770.0,1265,6820.0,192,6840.0,3609,6850.0,5002,6860.0,29382,6870.0,4229,2025-05-09 19:33:42.266,,2147483647,1785495,True,offer
13455,2171604,1613420106,MERV - XMEV - GGAL - 24hs,6820.0,2025-05-09 19:33:42,171,2025-05-09 19:33:43.018,6810.0,904,6800.0,6840,6790.0,21468,6780.0,3567,6770.0,1265,6820.0,21,6840.0,3609,6850.0,5002,6860.0,29382,6870.0,4229,2025-05-09 19:33:42.932,,2147483647,1785495,False,nan
13456,2171631,1613420141,MERV - XMEV - GGAL - 24hs,6820.0,2025-05-09 19:33:42,171,2025-05-09 19:33:43.517,6810.0,904,6800.0,6840,6790.0,21468,6780.0,3567,6770.0,1265,6820.0,21,6840.0,3609,6850.0,5002,6860.0,29382,6870.0,4229,2025-05-09 19:33:43.432,,2147483647,1785666,False,nan
13457,2171828,1613420392,MERV - XMEV - GGAL - 24hs,6820.0,2025-05-09 19:33:47,15,2025-05-09 19:33:47.156,6810.0,904,6800.0,6840,6790.0,21468,6780.0,3567,6770.0,1265,6820.0,21,6840.0,3609,6850.0,5002,6860.0,29382,6870.0,4229,2025-05-09 19:33:47.072,,2147483647,1785666,True,offer
13458,2171866,1613420435,MERV - XMEV - GGAL - 24hs,6820.0,2025-05-09 19:33:47,15,2025-05-09 19:33:47.657,6810.0,904,6800.0,6840,6790.0,21468,6780.0,3567,6770.0,1265,6820.0,6,6840.0,3609,6850.0,5002,6860.0,29382,6870.0,4229,2025-05-09 19:33:47.572,,2147483647,1785666,False,nan
13459,2171893,1613420481,MERV - XMEV - GGAL - 24hs,6820.0,2025-05-09 19:33:47,3,2025-05-09 19:33:48.159,6810.0,904,6800.0,6840,6790.0,21468,6780.0,3567,6770.0,1265,6820.0,6,6840.0,3609,6850.0,5002,6860.0,29382,6870.0,4229,2025-05-09 19:33:48.073,,2147483647,1785681,False,nan
13460,2171913,1613420511,MERV - XMEV - GGAL - 24hs,6820.0,2025-05-09 19:33:47,3,2025-05-09 19:33:48.659,6810.0,904,6800.0,6840,6790.0,21468,6780.0,3567,6770.0,1265,6820.0,3,6840.0,3609,6850.0,5002,6860.0,29382,6870.0,4229,2025-05-09 19:33:48.572,,2147483647,1785684,False,nan
13461,2172028,1613420640,MERV - XMEV - GGAL - 24hs,6820.0,2025-05-09 19:33:47,3,2025-05-09 19:33:50.298,6810.0,904,6800.0,5454,6790.0,22532,6780.0,3567,6770.0,1265,6820.0,3,6840.0,3609,6850.0,5002,6860.0,29382,6870.0,4229,2025-05-09 19:33:50.210,,2147483647,1785684,False,nan
13462,2172154,1613420783,MERV - XMEV - GGAL - 24hs,6820.0,2025-05-09 19:33:51,3,2025-05-09 19:33:51.674,6810.0,904,6800.0,5454,6790.0,22532,6780.0,3567,6770.0,1265,6820.0,3,6840.0,3609,6850.0,5002,6860.0,29382,6870.0,4229,2025-05-09 19:33:51.589,,2147483647,1785684,True,offer
13463,2172184,1613420816,MERV - XMEV - GGAL - 24hs,6820.0,2025-05-09 19:33:51,3,2025-05-09 19:33:52.516,6810.0,904,6800.0,5454,6790.0,22544,6780.0,3567,6770.0,1265,6820.0,281,6840.0,3609,6850.0,5002,6860.0,29382,6870.0,4229,2025-05-09 19:33:52.371,,2147483647,1785684,False,nan
13464,2172204,1613420838,MERV - XMEV - GGAL - 24hs,6820.0,2025-05-09 19:33:51,3,2025-05-09 19:33:52.675,6810.0,904,6800.0,5454,6790.0,22544,6780.0,3567,6770.0,1265,6820.0,281,6840.0,3609,6850.0,5002,6860.0,29382,6870.0,4229,2025-05-09 19:33:52.590,,2147483647,1785687,False,nan
13465,2172246,1613420887,MERV - XMEV - GGAL - 24hs,6820.0,2025-05-09 19:33:53,25,2025-05-09 19:33:53.679,6810.0,904,6800.0,5454,6790.0,22544,6780.0,3567,6770.0,1265,6820.0,281,6840.0,3609,6850.0,5002,6860.0,29382,6870.0,4229,2025-05-09 19:33:53.593,,2147483647,1785687,True,offer
13466,2172282,1613420954,MERV - XMEV - GGAL - 24hs,6820.0,2025-05-09 19:33:54,1,2025-05-09 19:33:54.253,6810.0,904,6800.0,5454,6790.0,22544,6780.0,3567,6770.0,1265,6820.0,281,6840.0,3609,6850.0,5002,6860.0,29382,6870.0,4229,2025-05-09 19:33:54.169,,2147483647,1785712,True,offer
13467,2172355,1613421036,MERV - XMEV - GGAL - 24hs,6820.0,2025-05-09 19:33:54,1,2025-05-09 19:33:54.767,6810.0,904,6800.0,5454,6790.0,22544,6780.0,2567,6770.0,1265,6820.0,255,6840.0,3609,6850.0,5002,6860.0,29382,6870.0,4229,2025-05-09 19:33:54.665,,2147483647,1785713,False,nan
13468,2172510,1613421251,MERV - XMEV - GGAL - 24hs,6820.0,2025-05-09 19:33:54,1,2025-05-09 19:33:55.427,6810.0,904,6800.0,5454,6790.0,22461,6780.0,2567,6770.0,1265,6820.0,255,6840.0,3609,6850.0,5002,6860.0,29382,6870.0,4229,2025-05-09 19:33:55.164,,2147483647,1785713,False,nan
13469,2172542,1613421310,MERV - XMEV - GGAL - 24hs,6820.0,2025-05-09 19:33:54,1,2025-05-09 19:33:55.916,6810.0,904,6800.0,5454,6790.0,22461,6780.0,3567,6770.0,4265,6820.0,255,6840.0,3609,6850.0,5002,6860.0,29382,6870.0,4229,2025-05-09 19:33:55.826,,2147483647,1785713,False,nan
13470,2172573,1613421347,MERV - XMEV - GGAL - 24hs,6820.0,2025-05-09 19:33:54,1,2025-05-09 19:33:56.636,6810.0,904,6800.0,5454,6790.0,21468,6780.0,5923,6770.0,4265,6820.0,255,6840.0,3609,6850.0,5002,6860.0,29382,6870.0,4229,2025-05-09 19:33:56.552,,2147483647,1785713,False,nan
13471,2172643,1613421438,MERV - XMEV - GGAL - 24hs,6820.0,2025-05-09 19:33:54,1,2025-05-09 19:33:57.599,6810.0,904,6800.0,5454,6790.0,21468,6780.0,6270,6770.0,1265,6820.0,255,6840.0,3609,6850.0,5002,6860.0,29382,6870.0,4229,2025-05-09 19:33:57.515,,2147483647,1785713,False,nan
13472,2172700,1613421505,MERV - XMEV - GGAL - 24hs,6820.0,2025-05-09 19:33:54,1,2025-05-09 19:33:58.315,6810.0,904,6800.0,5454,6790.0,21468,6780.0,4883,6770.0,1265,6820.0,255,6840.0,3609,6850.0,5002,6860.0,29382,6870.0,4229,2025-05-09 19:33:58.231,,2147483647,1785713,False,nan
13473,2172766,1613421588,MERV - XMEV - GGAL - 24hs,6820.0,2025-05-09 19:33:54,1,2025-05-09 19:34:00.060,6810.0,904,6800.0,5454,6790.0,21468,6780.0,5229,6770.0,1265,6820.0,255,6840.0,3609,6850.0,5002,6860.0,29382,6870.0,4229,2025-05-09 19:33:59.975,,2147483647,1785713,False,nan
13474,2172827,1613421660,MERV - XMEV - GGAL - 24hs,6820.0,2025-05-09 19:33:54,1,2025-05-09 19:34:00.822,6810.0,904,6800.0,5454,6790.0,21468,6780.0,5923,6770.0,1265,6820.0,255,6840.0,3609,6850.0,5002,6860.0,29382,6870.0,4229,2025-05-09 19:34:00.739,,2147483647,1785713,False,nan
13475,2172951,1613421830,MERV - XMEV - GGAL - 24hs,6820.0,2025-05-09 19:33:54,1,2025-05-09 19:34:02.639,6810.0,904,6800.0,5454,6790.0,21850,6780.0,3567,6770.0,1265,6820.0,255,6840.0,3609,6850.0,29084,6860.0,5300,6870.0,4229,2025-05-09 19:34:02.556,,2147483647,1785713,False,nan
13476,2173273,1613422211,MERV - XMEV - GGAL - 24hs,6820.0,2025-05-09 19:34:05,4,2025-05-09 19:34:05.753,6810.0,904,6800.0,5454,6790.0,21850,6780.0,3567,6770.0,1265,6820.0,255,6840.0,3609,6850.0,29084,6860.0,5300,6870.0,4229,2025-05-09 19:34:05.668,,2147483647,1785713,True,offer
13477,2173341,1613422317,MERV - XMEV - GGAL - 24hs,6820.0,2025-05-09 19:34:05,4,2025-05-09 19:34:06.339,6810.0,904,6800.0,5459,6790.0,21850,6780.0,3567,6770.0,1265,6820.0,251,6840.0,3609,6850.0,29084,6860.0,5300,6870.0,4229,2025-05-09 19:34:06.249,,2147483647,1785713,False,nan
13478,2173382,1613422368,MERV - XMEV - GGAL - 24hs,6820.0,2025-05-09 19:34:05,4,2025-05-09 19:34:06.831,6810.0,904,6800.0,5459,6790.0,21850,6780.0,3567,6770.0,1265,6820.0,251,6840.0,3609,6850.0,29084,6860.0,5300,6870.0,4229,2025-05-09 19:34:06.743,,2147483647,1785717,False,nan
13479,2173599,1613422650,MERV - XMEV - GGAL - 24hs,6820.0,2025-05-09 19:34:11,43,2025-05-09 19:34:11.475,6810.0,904,6800.0,5459,6790.0,21850,6780.0,3567,6770.0,1265,6820.0,251,6840.0,3609,6850.0,29084,6860.0,5300,6870.0,4229,2025-05-09 19:34:11.390,,2147483647,1785717,True,offer
13480,2173648,1613422707,MERV - XMEV - GGAL - 24hs,6820.0,2025-05-09 19:34:11,43,2025-05-09 19:34:11.973,6810.0,904,6800.0,5459,6790.0,21850,6780.0,3567,6770.0,1265,6820.0,208,6840.0,3609,6850.0,29084,6860.0,5300,6870.0,4229,2025-05-09 19:34:11.890,,2147483647,1785717,False,nan
13481,2173708,1613422776,MERV - XMEV - GGAL - 24hs,6820.0,2025-05-09 19:34:11,43,2025-05-09 19:34:12.475,6810.0,904,6800.0,5472,6790.0,21850,6780.0,3567,6770.0,1265,6820.0,208,6840.0,3609,6850.0,29084,6860.0,5300,6870.0,4229,2025-05-09 19:34:12.390,,2147483647,1785760,False,nan
13482,2173861,1613422979,MERV - XMEV - GGAL - 24hs,6820.0,2025-05-09 19:34:11,43,2025-05-09 19:34:15.033,6810.0,904,6800.0,5472,6790.0,21958,6780.0,3567,6770.0,1265,6820.0,208,6840.0,3609,6850.0,29084,6860.0,5300,6870.0,5729,2025-05-09 19:34:14.949,,2147483647,1785760,False,nan
13483,2174166,1613423384,MERV - XMEV - GGAL - 24hs,6820.0,2025-05-09 19:34:11,43,2025-05-09 19:34:20.634,6810.0,904,6800.0,5472,6790.0,21958,6780.0,3567,6770.0,1515,6820.0,208,6840.0,3609,6850.0,29084,6860.0,5300,6870.0,5729,2025-05-09 19:34:20.550,,2147483647,1785760,False,nan
13484,2174240,1613423537,MERV - XMEV - GGAL - 24hs,6820.0,2025-05-09 19:34:11,43,2025-05-09 19:34:22.335,6810.0,904,6800.0,5472,6790.0,21850,6780.0,3567,6770.0,1515,6820.0,208,6840.0,3609,6850.0,29084,6860.0,5300,6870.0,5729,2025-05-09 19:34:22.251,,2147483647,1785760,False,nan
13485,2174582,1613424026,MERV - XMEV - GGAL - 24hs,6820.0,2025-05-09 19:34:26,208,2025-05-09 19:34:26.702,6810.0,904,6800.0,5472,6790.0,21850,6780.0,3567,6770.0,1515,6820.0,208,6840.0,3609,6850.0,29084,6860.0,5300,6870.0,5729,2025-05-09 19:34:26.526,,2147483647,1785760,True,offer
13486,2174606,1613424058,MERV - XMEV - GGAL - 24hs,6820.0,2025-05-09 19:34:26,208,2025-05-09 19:34:27.111,6810.0,904,6800.0,5472,6790.0,21468,6780.0,5229,6770.0,1515,6820.0,281,6840.0,3609,6850.0,29084,6860.0,5300,6870.0,5729,2025-05-09 19:34:27.026,,2147483647,1785760,False,nan
13487,2174626,1613424123,MERV - XMEV - GGAL - 24hs,6820.0,2025-05-09 19:34:26,208,2025-05-09 19:34:27.609,6810.0,904,6800.0,5472,6790.0,21468,6780.0,5229,6770.0,1515,6820.0,281,6840.0,3609,6850.0,29084,6860.0,5300,6870.0,5729,2025-05-09 19:34:27.525,,2147483647,1785968,False,nan
13488,2174698,1613424233,MERV - XMEV - GGAL - 24hs,6820.0,2025-05-09 19:34:28,281,2025-05-09 19:34:28.616,6810.0,904,6800.0,5472,6790.0,21468,6780.0,5229,6770.0,1515,6820.0,281,6840.0,3609,6850.0,29084,6860.0,5300,6870.0,5729,2025-05-09 19:34:28.531,,2147483647,1785968,True,offer
13489,2174744,1613424298,MERV - XMEV - GGAL - 24hs,6820.0,2025-05-09 19:34:28,281,2025-05-09 19:34:29.312,6810.0,904,6800.0,5472,6790.0,21468,6780.0,5229,6770.0,1515,6820.0,281,6840.0,3609,6850.0,29084,6860.0,5300,6870.0,5729,2025-05-09 19:34:29.201,,2147483647,1786249,False,nan
13490,2174792,1613424361,MERV - XMEV - GGAL - 24hs,6820.0,2025-05-09 19:34:30,281,2025-05-09 19:34:30.611,6810.0,904,6800.0,5472,6790.0,21468,6780.0,5229,6770.0,1515,6820.0,281,6840.0,3609,6850.0,29084,6860.0,5300,6870.0,5729,2025-05-09 19:34:30.527,,2147483647,1786249,True,offer
13491,2174825,1613424399,MERV - XMEV - GGAL - 24hs,6820.0,2025-05-09 19:34:30,14,2025-05-09 19:34:31.112,6810.0,904,6800.0,5472,6790.0,21468,6780.0,5229,6770.0,1515,6820.0,281,6840.0,3609,6850.0,29084,6860.0,5300,6870.0,5729,2025-05-09 19:34:31.027,,2147483647,1786530,False,nan
13492,2174853,1613424452,MERV - XMEV - GGAL - 24hs,6820.0,2025-05-09 19:34:30,14,2025-05-09 19:34:31.611,6810.0,904,6800.0,5485,6790.0,21468,6780.0,5576,6770.0,1515,6820.0,267,6840.0,3609,6850.0,29084,6860.0,5300,6870.0,5729,2025-05-09 19:34:31.527,,2147483647,1786544,False,nan
13493,2174893,1613424500,MERV - XMEV - GGAL - 24hs,6820.0,2025-05-09 19:34:32,267,2025-05-09 19:34:32.614,6810.0,904,6800.0,5485,6790.0,21468,6780.0,5576,6770.0,1515,6820.0,267,6840.0,3609,6850.0,29084,6860.0,5300,6870.0,5729,2025-05-09 19:34:32.530,,2147483647,1786544,True,offer
13494,2174908,1613424530,MERV - XMEV - GGAL - 24hs,6820.0,2025-05-09 19:34:32,267,2025-05-09 19:34:33.114,6810.0,904,6800.0,5485,6790.0,21468,6780.0,5576,6770.0,1515,6820.0,281,6840.0,3609,6850.0,29084,6860.0,5300,6870.0,5729,2025-05-09 19:34:33.030,,2147483647,1786544,False,nan
13495,2174936,1613424565,MERV - XMEV - GGAL - 24hs,6820.0,2025-05-09 19:34:32,267,2025-05-09 19:34:33.614,6810.0,904,6800.0,5485,6790.0,21468,6780.0,5576,6770.0,1515,6820.0,281,6840.0,3609,6850.0,29084,6860.0,5300,6870.0,5729,2025-05-09 19:34:33.530,,2147483647,1786811,False,nan
13496,2174994,1613424638,MERV - XMEV - GGAL - 24hs,6820.0,2025-05-09 19:34:34,281,2025-05-09 19:34:34.614,6810.0,904,6800.0,5485,6790.0,21468,6780.0,5576,6770.0,1515,6820.0,281,6840.0,3609,6850.0,29084,6860.0,5300,6870.0,5729,2025-05-09 19:34:34.529,,2147483647,1786811,True,offer
13497,2175038,1613424694,MERV - XMEV - GGAL - 24hs,6820.0,2025-05-09 19:34:34,281,2025-05-09 19:34:35.287,6810.0,904,6800.0,5485,6790.0,21468,6780.0,5576,6770.0,1515,6820.0,281,6840.0,3609,6850.0,29084,6860.0,5300,6870.0,5729,2025-05-09 19:34:35.202,,2147483647,1787092,False,nan
13498,2175079,1613424745,MERV - XMEV - GGAL - 24hs,6820.0,2025-05-09 19:34:36,281,2025-05-09 19:34:36.275,6810.0,904,6800.0,5485,6790.0,21468,6780.0,5576,6770.0,1515,6820.0,281,6840.0,3609,6850.0,29084,6860.0,5300,6870.0,5729,2025-05-09 19:34:36.191,,2147483647,1787092,True,offer
13499,2175118,1613424806,MERV - XMEV - GGAL - 24hs,6820.0,2025-05-09 19:34:36,3350,2025-05-09 19:34:36.775,6810.0,904,6800.0,5485,6790.0,21468,6780.0,5576,6770.0,1515,6820.0,3631,6840.0,3609,6850.0,29084,6860.0,5300,6870.0,5729,2025-05-09 19:34:36.691,,2147483647,1787092,False,nan
13500,2175146,1613424844,MERV - XMEV - GGAL - 24hs,6820.0,2025-05-09 19:34:36,3350,2025-05-09 19:34:37.280,6810.0,904,6800.0,5485,6790.0,21468,6780.0,5576,6770.0,1515,6820.0,3631,6840.0,3609,6850.0,29084,6860.0,5300,6870.0,5729,2025-05-09 19:34:37.191,,2147483647,1790723,False,nan
13501,2175173,1613424886,MERV - XMEV - GGAL - 24hs,6820.0,2025-05-09 19:34:36,3350,2025-05-09 19:34:37.774,6810.0,904,6800.0,5485,6790.0,21563,6780.0,6270,6770.0,1515,6820.0,3631,6840.0,3609,6850.0,29084,6860.0,5300,6870.0,5729,2025-05-09 19:34:37.691,,2147483647,1790723,False,nan
13502,2175210,1613424936,MERV - XMEV - GGAL - 24hs,6820.0,2025-05-09 19:34:38,281,2025-05-09 19:34:38.613,6810.0,904,6800.0,5485,6790.0,21563,6780.0,6270,6770.0,1515,6820.0,3631,6840.0,3609,6850.0,29084,6860.0,5300,6870.0,5729,2025-05-09 19:34:38.529,,2147483647,1790723,True,offer
13503,2175241,1613424972,MERV - XMEV - GGAL - 24hs,6820.0,2025-05-09 19:34:38,3350,2025-05-09 19:34:39.113,6810.0,904,6800.0,5485,6790.0,21563,6780.0,6270,6770.0,1515,6820.0,3631,6840.0,3609,6850.0,29084,6860.0,5300,6870.0,5729,2025-05-09 19:34:39.029,,2147483647,1790723,False,nan
13504,2175272,1613425009,MERV - XMEV - GGAL - 24hs,6820.0,2025-05-09 19:34:38,3350,2025-05-09 19:34:39.613,6810.0,904,6800.0,5485,6790.0,21563,6780.0,6270,6770.0,1515,6820.0,3631,6840.0,3609,6850.0,15002,6860.0,19382,6870.0,5729,2025-05-09 19:34:39.529,,2147483647,1794354,False,nan
13505,2175300,1613425046,MERV - XMEV - GGAL - 24hs,6820.0,2025-05-09 19:34:38,3350,2025-05-09 19:34:40.115,6810.0,904,6800.0,5485,6790.0,21563,6780.0,6270,6770.0,1515,6820.0,3631,6840.0,3609,6850.0,5002,6860.0,29382,6870.0,5729,2025-05-09 19:34:40.029,,2147483647,1794354,False,nan
13506,2175323,1613425077,MERV - XMEV - GGAL - 24hs,6820.0,2025-05-09 19:34:40,3350,2025-05-09 19:34:40.616,6810.0,904,6800.0,5485,6790.0,21563,6780.0,6270,6770.0,1515,6820.0,3631,6840.0,3609,6850.0,5002,6860.0,29382,6870.0,5729,2025-05-09 19:34:40.530,,2147483647,1794354,True,offer
13507,2175347,1613425125,MERV - XMEV - GGAL - 24hs,6820.0,2025-05-09 19:34:40,3350,2025-05-09 19:34:41.289,6810.0,904,6800.0,5485,6790.0,21563,6780.0,6270,6770.0,1515,6820.0,3631,6840.0,3609,6850.0,5002,6860.0,29382,6870.0,5729,2025-05-09 19:34:41.204,,2147483647,1797985,False,nan
13508,2175440,1613425322,MERV - XMEV - GGAL - 24hs,6820.0,2025-05-09 19:34:42,281,2025-05-09 19:34:42.614,6810.0,904,6800.0,5485,6790.0,21563,6780.0,6270,6770.0,1515,6820.0,3631,6840.0,3609,6850.0,5002,6860.0,29382,6870.0,5729,2025-05-09 19:34:42.530,,2147483647,1797985,True,offer
13509,2175461,1613425349,MERV - XMEV - GGAL - 24hs,6820.0,2025-05-09 19:34:42,544,2025-05-09 19:34:43.540,6810.0,904,6800.0,5485,6790.0,21563,6780.0,7570,6770.0,1515,6820.0,3087,6840.0,3609,6850.0,5002,6860.0,29382,6870.0,5729,2025-05-09 19:34:43.423,,2147483647,1797985,False,nan
13510,2175478,1613425371,MERV - XMEV - GGAL - 24hs,6820.0,2025-05-09 19:34:42,544,2025-05-09 19:34:43.616,6810.0,904,6800.0,5485,6790.0,21563,6780.0,7570,6770.0,1515,6820.0,3087,6840.0,3609,6850.0,5002,6860.0,29382,6870.0,5729,2025-05-09 19:34:43.530,,2147483647,1798810,False,nan
13511,2175529,1613425430,MERV - XMEV - GGAL - 24hs,6820.0,2025-05-09 19:34:44,293,2025-05-09 19:34:44.214,6810.0,904,6800.0,5485,6790.0,21563,6780.0,7570,6770.0,1515,6820.0,3087,6840.0,3609,6850.0,5002,6860.0,29382,6870.0,5729,2025-05-09 19:34:44.129,,2147483647,1798810,True,offer
13512,2175564,1613425468,MERV - XMEV - GGAL - 24hs,6820.0,2025-05-09 19:34:44,293,2025-05-09 19:34:45.115,6810.0,904,6800.0,5485,6790.0,21563,6780.0,7570,6770.0,1515,6820.0,2794,6840.0,3609,6850.0,5002,6860.0,29382,6870.0,5729,2025-05-09 19:34:44.986,,2147483647,1798810,False,nan
13513,2175587,1613425498,MERV - XMEV - GGAL - 24hs,6820.0,2025-05-09 19:34:44,293,2025-05-09 19:34:45.574,6810.0,904,6800.0,5485,6790.0,21563,6780.0,7570,6770.0,1515,6820.0,2794,6840.0,3609,6850.0,5002,6860.0,29382,6870.0,5729,2025-05-09 19:34:45.486,,2147483647,1799103,False,nan
13514,2175840,1613425798,MERV - XMEV - GGAL - 24hs,6820.0,2025-05-09 19:34:48,10,2025-05-09 19:34:48.747,6810.0,904,6800.0,5485,6790.0,21563,6780.0,7570,6770.0,1515,6820.0,2794,6840.0,3609,6850.0,5002,6860.0,29382,6870.0,5729,2025-05-09 19:34:48.664,,2147483647,1799103,True,offer
13515,2175863,1613425822,MERV - XMEV - GGAL - 24hs,6820.0,2025-05-09 19:34:48,10,2025-05-09 19:34:49.247,6810.0,904,6800.0,5485,6790.0,21563,6780.0,9999,6770.0,1515,6820.0,2784,6840.0,3609,6850.0,5002,6860.0,29382,6870.0,5729,2025-05-09 19:34:49.164,,2147483647,1799103,False,nan
13516,2175880,1613425839,MERV - XMEV - GGAL - 24hs,6820.0,2025-05-09 19:34:48,10,2025-05-09 19:34:49.888,6810.0,904,6800.0,5485,6790.0,21563,6780.0,9999,6770.0,1515,6820.0,2784,6840.0,3609,6850.0,5002,6860.0,29382,6870.0,5729,2025-05-09 19:34:49.805,,2147483647,1799113,False,nan
13517,2175947,1613425922,MERV - XMEV - GGAL - 24hs,6820.0,2025-05-09 19:34:48,10,2025-05-09 19:34:50.812,6810.0,910,6800.0,5485,6790.0,21563,6780.0,7570,6770.0,1515,6820.0,6134,6840.0,3609,6850.0,5002,6860.0,29382,6870.0,5729,2025-05-09 19:34:50.698,,2147483647,1799113,False,nan
13518,2176178,1613426196,MERV - XMEV - GGAL - 24hs,6820.0,2025-05-09 19:34:48,10,2025-05-09 19:34:53.911,6810.0,910,6800.0,5485,6790.0,21563,6780.0,7570,6770.0,1515,6820.0,6134,6840.0,3609,6850.0,5002,6860.0,29382,6870.0,3729,2025-05-09 19:34:53.820,,2147483647,1799113,False,nan
13519,2176195,1613426219,MERV - XMEV - GGAL - 24hs,6820.0,2025-05-09 19:34:54,45,2025-05-09 19:34:54.406,6810.0,910,6800.0,5485,6790.0,21563,6780.0,7570,6770.0,1515,6820.0,6134,6840.0,3609,6850.0,5002,6860.0,29382,6870.0,3729,2025-05-09 19:34:54.321,,2147483647,1799113,True,offer
13520,2176225,1613426273,MERV - XMEV - GGAL - 24hs,6820.0,2025-05-09 19:34:54,45,2025-05-09 19:34:54.905,6810.0,910,6800.0,5485,6790.0,21563,6780.0,7570,6770.0,1515,6820.0,6089,6840.0,3609,6850.0,15002,6860.0,19382,6870.0,3729,2025-05-09 19:34:54.821,,2147483647,1799113,False,nan
13521,2176269,1613426341,MERV - XMEV - GGAL - 24hs,6820.0,2025-05-09 19:34:55,2,2025-05-09 19:34:55.405,6810.0,910,6800.0,5485,6790.0,21563,6780.0,7570,6770.0,1515,6820.0,6089,6840.0,3609,6850.0,15002,6860.0,19382,6870.0,3729,2025-05-09 19:34:55.321,,2147483647,1799158,True,offer
13522,2176295,1613426378,MERV - XMEV - GGAL - 24hs,6820.0,2025-05-09 19:34:55,2,2025-05-09 19:34:55.906,6810.0,910,6800.0,5485,6790.0,21563,6780.0,7570,6770.0,1515,6820.0,6087,6840.0,3609,6850.0,15002,6860.0,19382,6870.0,3729,2025-05-09 19:34:55.822,,2147483647,1799158,False,nan
13523,2176308,1613426392,MERV - XMEV - GGAL - 24hs,6820.0,2025-05-09 19:34:55,2,2025-05-09 19:34:56.406,6810.0,910,6800.0,5485,6790.0,21563,6780.0,7570,6770.0,1515,6820.0,6087,6840.0,3609,6850.0,15002,6860.0,19382,6870.0,3729,2025-05-09 19:34:56.322,,2147483647,1799160,False,nan
13524,2176365,1613426460,MERV - XMEV - GGAL - 24hs,6820.0,2025-05-09 19:34:55,2,2025-05-09 19:34:57.820,6810.0,931,6800.0,5485,6790.0,21563,6780.0,7570,6770.0,1515,6820.0,6087,6840.0,3609,6850.0,15002,6860.0,19382,6870.0,3729,2025-05-09 19:34:57.736,,2147483647,1799160,False,nan
13525,2176450,1613426568,MERV - XMEV - GGAL - 24hs,6810.0,2025-05-09 19:34:59,143,2025-05-09 19:34:59.630,6810.0,931,6800.0,5485,6790.0,21563,6780.0,7570,6770.0,1515,6820.0,6087,6840.0,3609,6850.0,15002,6860.0,19382,6870.0,3729,2025-05-09 19:34:59.437,,2147483647,1799160,True,bid
13526,2176477,1613426597,MERV - XMEV - GGAL - 24hs,6810.0,2025-05-09 19:34:59,3566,2025-05-09 19:34:59.973,6800.0,5485,6790.0,21563,6780.0,7563,6770.0,1515,6760.0,4000,6810.0,43,6820.0,6087,6850.0,15002,6860.0,19382,6870.0,3729,2025-05-09 19:34:59.889,,2147483647,1799160,False,nan
13527,2176508,1613426673,MERV - XMEV - GGAL - 24hs,6810.0,2025-05-09 19:34:59,22,2025-05-09 19:35:00.475,6800.0,5485,6790.0,21563,6780.0,7563,6770.0,1515,6760.0,4000,6810.0,43,6820.0,6087,6850.0,15002,6860.0,19382,6870.0,3729,2025-05-09 19:35:00.391,,2147483647,1803722,False,nan
13528,2176550,1613426739,MERV - XMEV - GGAL - 24hs,6810.0,2025-05-09 19:34:59,22,2025-05-09 19:35:02.243,6800.0,5485,6790.0,21563,6780.0,7563,6770.0,1515,6760.0,4000,6810.0,3609,6820.0,6087,6850.0,15002,6860.0,19382,6870.0,3729,2025-05-09 19:35:02.158,,2147483647,1803722,False,nan
13529,2176580,1613426798,MERV - XMEV - GGAL - 24hs,6810.0,2025-05-09 19:35:00,923,2025-05-09 19:35:04.685,6800.0,5485,6790.0,21563,6780.0,7563,6770.0,1515,6760.0,4000,6810.0,3609,6820.0,6087,6850.0,15002,6860.0,19382,6870.0,3729,2025-05-09 19:35:04.601,,2147483647,1803722,True,offer
13530,2176709,1613426960,MERV - XMEV - GGAL - 24hs,6810.0,2025-05-09 19:35:00,923,2025-05-09 19:35:18.419,6800.0,5485,6790.0,21563,6780.0,7563,6770.0,1515,6760.0,4000,6810.0,2686,6820.0,6087,6850.0,15002,6860.0,19382,6870.0,3729,2025-05-09 19:35:18.334,,2147483647,1803722,False,nan
13531,2176714,1613426982,MERV - XMEV - GGAL - 24hs,6810.0,2025-05-09 19:35:00,923,2025-05-09 19:35:19.039,6800.0,5485,6790.0,21563,6780.0,7563,6770.0,1515,6760.0,4000,6810.0,2686,6820.0,6087,6850.0,15002,6860.0,19382,6870.0,3729,2025-05-09 19:35:18.853,,2147483647,1804645,False,nan
13532,2176770,1613427107,MERV - XMEV - GGAL - 24hs,6810.0,2025-05-09 19:35:01,1117,2025-05-09 19:35:23.732,6800.0,5485,6790.0,21563,6780.0,7563,6770.0,1515,6760.0,4000,6810.0,2686,6820.0,6087,6850.0,15002,6860.0,19382,6870.0,3729,2025-05-09 19:35:23.633,,2147483647,1804645,True,offer
13533,2176822,1613427163,MERV - XMEV - GGAL - 24hs,6810.0,2025-05-09 19:35:01,1117,2025-05-09 19:35:24.391,6800.0,5485,6790.0,21563,6780.0,7563,6770.0,1515,6760.0,4000,6810.0,1569,6820.0,6087,6850.0,15002,6860.0,19382,6870.0,3729,2025-05-09 19:35:24.307,,2147483647,1804645,False,nan
13534,2176850,1613427215,MERV - XMEV - GGAL - 24hs,6810.0,2025-05-09 19:35:01,1117,2025-05-09 19:35:26.675,6800.0,5485,6790.0,21563,6780.0,7563,6770.0,1515,6760.0,4000,6810.0,1569,6820.0,6087,6850.0,15002,6860.0,19382,6870.0,3729,2025-05-09 19:35:26.562,,2147483647,1805762,False,nan
13535,2176995,1613427391,MERV - XMEV - GGAL - 24hs,6810.0,2025-05-09 19:35:04,467,2025-05-09 19:35:28.367,6800.0,5485,6790.0,21563,6780.0,7563,6770.0,1515,6760.0,4000,6810.0,1569,6820.0,6087,6850.0,15002,6860.0,19382,6870.0,3729,2025-05-09 19:35:28.276,,2147483647,1805762,True,offer
13536,2177043,1613427449,MERV - XMEV - GGAL - 24hs,6810.0,2025-05-09 19:35:04,467,2025-05-09 19:35:28.857,6800.0,5485,6790.0,21563,6780.0,7563,6770.0,1515,6760.0,4000,6810.0,1102,6820.0,6087,6850.0,15002,6860.0,19382,6870.0,3729,2025-05-09 19:35:28.773,,2147483647,1806229,False,nan
13537,2177140,1613427561,MERV - XMEV - GGAL - 24hs,6810.0,2025-05-09 19:35:05,1061,2025-05-09 19:35:29.683,6800.0,5485,6790.0,21563,6780.0,7563,6770.0,1515,6760.0,4000,6810.0,1102,6820.0,6087,6850.0,15002,6860.0,19382,6870.0,3729,2025-05-09 19:35:29.526,,2147483647,1806229,True,offer
13538,2177226,1613427660,MERV - XMEV - GGAL - 24hs,6810.0,2025-05-09 19:35:05,1061,2025-05-09 19:35:30.087,6800.0,5485,6790.0,21563,6780.0,7563,6770.0,1515,6760.0,4000,6810.0,41,6820.0,6087,6850.0,15002,6860.0,19382,6870.0,3729,2025-05-09 19:35:29.853,,2147483647,1807290,False,nan
13539,2177298,1613427750,MERV - XMEV - GGAL - 24hs,6810.0,2025-05-09 19:35:05,1061,2025-05-09 19:35:30.806,6800.0,20393,6790.0,7655,6780.0,6563,6770.0,1515,6760.0,4000,6810.0,41,6820.0,6087,6850.0,15002,6860.0,19382,6870.0,3729,2025-05-09 19:35:30.545,,2147483647,1807290,False,nan
13540,2177440,1613427936,MERV - XMEV - GGAL - 24hs,6810.0,2025-05-09 19:35:05,1061,2025-05-09 19:35:33.707,6800.0,20393,6790.0,7655,6780.0,6563,6770.0,1515,6760.0,4000,6810.0,41,6820.0,6087,6850.0,15002,6860.0,19382,6870.0,3829,2025-05-09 19:35:33.597,,2147483647,1807290,False,nan
13541,2177567,1613428148,MERV - XMEV - GGAL - 24hs,6810.0,2025-05-09 19:35:05,1061,2025-05-09 19:35:34.980,6800.0,17393,6790.0,8000,6780.0,3867,6770.0,1515,6760.0,4000,6810.0,41,6820.0,6087,6850.0,15002,6860.0,19382,6870.0,3829,2025-05-09 19:35:34.634,,2147483647,1807290,False,nan
13542,2177618,1613428252,MERV - XMEV - GGAL - 24hs,6810.0,2025-05-09 19:35:05,1061,2025-05-09 19:35:35.704,6800.0,17393,6790.0,8037,6780.0,3867,6770.0,1515,6760.0,4000,6810.0,41,6820.0,6087,6850.0,15002,6860.0,19382,6870.0,3829,2025-05-09 19:35:35.523,,2147483647,1807290,False,nan
13543,2177664,1613428311,MERV - XMEV - GGAL - 24hs,6810.0,2025-05-09 19:35:05,1061,2025-05-09 19:35:36.540,6800.0,17393,6790.0,8384,6780.0,3867,6770.0,2000,6760.0,4000,6810.0,41,6820.0,6087,6850.0,15002,6860.0,19382,6870.0,3829,2025-05-09 19:35:36.386,,2147483647,1807290,False,nan
13544,2177821,1613428636,MERV - XMEV - GGAL - 24hs,6810.0,2025-05-09 19:35:05,1061,2025-05-09 19:35:38.835,6800.0,17393,6790.0,8384,6780.0,3867,6770.0,2000,6760.0,4000,6810.0,41,6820.0,6087,6850.0,15002,6860.0,19482,6870.0,3829,2025-05-09 19:35:38.749,,2147483647,1807290,False,nan
13545,2178111,1613429001,MERV - XMEV - GGAL - 24hs,6810.0,2025-05-09 19:35:05,1061,2025-05-09 19:35:42.706,6800.0,17393,6790.0,7384,6780.0,4867,6770.0,2000,6760.0,4000,6810.0,41,6820.0,6087,6850.0,15002,6860.0,19482,6870.0,3829,2025-05-09 19:35:42.583,,2147483647,1807290,False,nan
13546,2178144,1613429056,MERV - XMEV - GGAL - 24hs,6800.0,2025-05-09 19:35:21,5,2025-05-09 19:35:43.673,6800.0,17393,6790.0,7384,6780.0,4867,6770.0,2000,6760.0,4000,6810.0,41,6820.0,6087,6850.0,15002,6860.0,19482,6870.0,3829,2025-05-09 19:35:43.583,,2147483647,1807290,True,bid
13547,2178190,1613429119,MERV - XMEV - GGAL - 24hs,6810.0,2025-05-09 19:35:21,41,2025-05-09 19:35:44.174,6800.0,17382,6790.0,7384,6780.0,4867,6770.0,2000,6760.0,4000,6810.0,3609,6820.0,6087,6850.0,15002,6860.0,19482,6870.0,3829,2025-05-09 19:35:44.083,,2147483647,1807342,False,nan
13548,2178249,1613429192,MERV - XMEV - GGAL - 24hs,6810.0,2025-05-09 19:35:23,2860,2025-05-09 19:35:45.531,6800.0,17382,6790.0,7384,6780.0,4867,6770.0,2000,6760.0,4000,6810.0,3609,6820.0,6087,6850.0,15002,6860.0,19482,6870.0,3829,2025-05-09 19:35:45.447,,2147483647,1807342,True,offer
13549,2178283,1613429236,MERV - XMEV - GGAL - 24hs,6810.0,2025-05-09 19:35:23,2860,2025-05-09 19:35:46.047,6800.0,17382,6790.0,7384,6780.0,4867,6770.0,2000,6760.0,4000,6810.0,749,6820.0,6087,6850.0,15002,6860.0,19482,6870.0,3829,2025-05-09 19:35:45.963,,2147483647,1810202,False,nan
13550,2178316,1613429277,MERV - XMEV - GGAL - 24hs,6810.0,2025-05-09 19:35:24,199,2025-05-09 19:35:46.612,6800.0,17382,6790.0,7384,6780.0,4867,6770.0,2000,6760.0,4000,6810.0,749,6820.0,6087,6850.0,15002,6860.0,19482,6870.0,3829,2025-05-09 19:35:46.449,,2147483647,1810202,True,offer
13551,2178364,1613429334,MERV - XMEV - GGAL - 24hs,6810.0,2025-05-09 19:35:24,199,2025-05-09 19:35:47.556,6800.0,17382,6790.0,7384,6780.0,4867,6770.0,2000,6760.0,4000,6810.0,550,6820.0,6087,6850.0,15002,6860.0,19482,6870.0,3829,2025-05-09 19:35:47.441,,2147483647,1810202,False,nan
13552,2178393,1613429373,MERV - XMEV - GGAL - 24hs,6810.0,2025-05-09 19:35:24,199,2025-05-09 19:35:48.034,6800.0,17382,6790.0,7384,6780.0,4867,6770.0,2000,6760.0,4000,6810.0,550,6820.0,6087,6850.0,15002,6860.0,19482,6870.0,3829,2025-05-09 19:35:47.950,,2147483647,1810401,False,nan
13553,2178491,1613429573,MERV - XMEV - GGAL - 24hs,6810.0,2025-05-09 19:35:27,491,2025-05-09 19:35:49.371,6800.0,17382,6790.0,7384,6780.0,4867,6770.0,2000,6760.0,4000,6810.0,550,6820.0,6087,6850.0,15002,6860.0,19482,6870.0,3829,2025-05-09 19:35:48.985,,2147483647,1810401,True,offer
13554,2178521,1613429621,MERV - XMEV - GGAL - 24hs,6810.0,2025-05-09 19:35:27,491,2025-05-09 19:35:49.970,6800.0,17382,6790.0,7384,6780.0,4867,6770.0,2000,6760.0,4000,6810.0,59,6820.0,6087,6850.0,15002,6860.0,19482,6870.0,3829,2025-05-09 19:35:49.851,,2147483647,1810401,False,nan
13555,2178558,1613429664,MERV - XMEV - GGAL - 24hs,6800.0,2025-05-09 19:35:29,14908,2025-05-09 19:35:50.471,6800.0,17382,6790.0,7384,6780.0,4867,6770.0,2000,6760.0,4000,6810.0,59,6820.0,6087,6850.0,15002,6860.0,19482,6870.0,3829,2025-05-09 19:35:50.363,,2147483647,1811015,True,bid
13556,2178619,1613429756,MERV - XMEV - GGAL - 24hs,6800.0,2025-05-09 19:35:30,3,2025-05-09 19:35:51.114,6790.0,22384,6780.0,4867,6770.0,2000,6760.0,4000,6750.0,705,6800.0,1852,6810.0,3609,6820.0,3631,6850.0,34084,6860.0,400,2025-05-09 19:35:50.851,,2147483647,1832205,True,bid
13557,2178923,1613430186,MERV - XMEV - GGAL - 24hs,6800.0,2025-05-09 19:35:39,23,2025-05-09 19:35:52.412,6790.0,22382,6780.0,3567,6770.0,2000,6760.0,4000,6750.0,705,6800.0,4707,6810.0,3609,6820.0,281,6850.0,29184,6860.0,5400,2025-05-09 19:35:51.440,,2147483647,1832705,True,offer
13558,2179187,1613430529,MERV - XMEV - GGAL - 24hs,6800.0,2025-05-09 19:35:48,100,2025-05-09 19:35:53.492,6790.0,21654,6780.0,3835,6770.0,2000,6760.0,4000,6750.0,705,6800.0,4149,6810.0,3609,6850.0,29184,6860.0,5400,6870.0,3829,2025-05-09 19:35:52.236,,2147483647,1833544,True,offer
13559,2179297,1613430666,MERV - XMEV - GGAL - 24hs,6800.0,2025-05-09 19:35:52,242,2025-05-09 19:35:53.931,6790.0,21654,6780.0,3835,6770.0,2000,6760.0,4000,6750.0,705,6800.0,4149,6810.0,3609,6850.0,29184,6860.0,5400,6870.0,3829,2025-05-09 19:35:52.720,,2147483647,1833544,True,offer
13560,2179320,1613430696,MERV - XMEV - GGAL - 24hs,6800.0,2025-05-09 19:35:52,242,2025-05-09 19:35:54.024,6790.0,21654,6780.0,3835,6770.0,2000,6760.0,4000,6750.0,705,6800.0,3907,6810.0,3609,6850.0,29184,6860.0,5400,6870.0,3829,2025-05-09 19:35:53.220,,2147483647,1833544,False,nan
13561,2179354,1613430735,MERV - XMEV - GGAL - 24hs,6800.0,2025-05-09 19:35:52,242,2025-05-09 19:35:54.151,6790.0,21654,6780.0,3835,6770.0,2000,6760.0,4000,6750.0,705,6800.0,3907,6810.0,3609,6850.0,29184,6860.0,5400,6870.0,3829,2025-05-09 19:35:53.720,,2147483647,1833786,False,nan
13562,2179389,1613430804,MERV - XMEV - GGAL - 24hs,6800.0,2025-05-09 19:35:53,44,2025-05-09 19:35:54.379,6790.0,21654,6780.0,3835,6770.0,2000,6760.0,4000,6750.0,705,6800.0,3907,6810.0,3609,6850.0,29184,6860.0,5400,6870.0,3829,2025-05-09 19:35:54.221,,2147483647,1833796,True,offer
13563,2179441,1613430894,MERV - XMEV - GGAL - 24hs,6800.0,2025-05-09 19:35:53,44,2025-05-09 19:35:54.804,6790.0,21654,6780.0,3835,6770.0,2000,6760.0,4000,6750.0,705,6800.0,3853,6810.0,3609,6850.0,29184,6860.0,5400,6870.0,3829,2025-05-09 19:35:54.721,,2147483647,1833840,False,nan
13564,2179505,1613431002,MERV - XMEV - GGAL - 24hs,6790.0,2025-05-09 19:35:55,17,2025-05-09 19:35:55.649,6790.0,21654,6780.0,3835,6770.0,2000,6760.0,4000,6750.0,705,6800.0,3853,6810.0,3609,6850.0,29184,6860.0,5400,6870.0,3829,2025-05-09 19:35:55.561,,2147483647,1833840,True,bid
13565,2179532,1613431032,MERV - XMEV - GGAL - 24hs,6790.0,2025-05-09 19:35:55,33,2025-05-09 19:35:56.145,6790.0,21654,6780.0,3835,6770.0,2000,6760.0,4000,6750.0,705,6800.0,3853,6810.0,3609,6850.0,29184,6860.0,5400,6870.0,3829,2025-05-09 19:35:56.061,,2147483647,1833840,False,nan
13566,2179584,1613431092,MERV - XMEV - GGAL - 24hs,6790.0,2025-05-09 19:35:55,33,2025-05-09 19:35:56.646,6790.0,21604,6780.0,3835,6770.0,2000,6760.0,4000,6750.0,705,6800.0,3853,6810.0,3609,6850.0,29184,6860.0,5400,6870.0,3829,2025-05-09 19:35:56.561,,2147483647,1833890,False,nan
13567,2179722,1613431253,MERV - XMEV - GGAL - 24hs,6790.0,2025-05-09 19:35:55,33,2025-05-09 19:35:59.090,6790.0,21604,6780.0,3835,6770.0,2000,6760.0,4000,6750.0,705,6800.0,3853,6810.0,3609,6850.0,26184,6860.0,5400,6870.0,3829,2025-05-09 19:35:59.006,,2147483647,1833890,False,nan
13568,2180093,1613431713,MERV - XMEV - GGAL - 24hs,6790.0,2025-05-09 19:35:55,33,2025-05-09 19:36:05.484,6790.0,21603,6780.0,3834,6770.0,2000,6760.0,2000,6750.0,3705,6800.0,3853,6810.0,3609,6840.0,38,6850.0,26184,6860.0,5400,2025-05-09 19:36:05.401,,2147483647,1833890,False,nan
13569,2180180,1613431811,MERV - XMEV - GGAL - 24hs,6800.0,2025-05-09 19:36:04,7,2025-05-09 19:36:05.774,6790.0,21603,6780.0,3834,6770.0,2000,6760.0,2000,6750.0,3705,6800.0,3853,6810.0,3609,6840.0,38,6850.0,26184,6860.0,5400,2025-05-09 19:36:05.501,,2147483647,1833890,True,offer
13570,2180226,1613431864,MERV - XMEV - GGAL - 24hs,6800.0,2025-05-09 19:36:04,7,2025-05-09 19:36:05.939,6790.0,21603,6780.0,3834,6770.0,2000,6760.0,2000,6750.0,3705,6800.0,3846,6810.0,3609,6840.0,38,6850.0,26184,6860.0,5400,2025-05-09 19:36:05.830,,2147483647,1833897,False,nan
13571,2180255,1613431913,MERV - XMEV - GGAL - 24hs,6800.0,2025-05-09 19:36:04,7,2025-05-09 19:36:06.479,6790.0,21603,6780.0,4181,6770.0,2000,6760.0,2000,6750.0,3705,6800.0,3846,6810.0,3609,6840.0,38,6850.0,26184,6860.0,5400,2025-05-09 19:36:06.392,,2147483647,1833897,False,nan
13572,2180303,1613431967,MERV - XMEV - GGAL - 24hs,6800.0,2025-05-09 19:36:06,185,2025-05-09 19:36:06.976,6790.0,21603,6780.0,4181,6770.0,2000,6760.0,2000,6750.0,3705,6800.0,3846,6810.0,3609,6840.0,38,6850.0,26184,6860.0,5400,2025-05-09 19:36:06.893,,2147483647,1833897,True,offer
13573,2180339,1613432028,MERV - XMEV - GGAL - 24hs,6800.0,2025-05-09 19:36:06,185,2025-05-09 19:36:07.477,6790.0,21603,6780.0,4181,6770.0,2000,6760.0,2000,6750.0,3705,6800.0,5902,6810.0,3609,6840.0,38,6850.0,26184,6860.0,5400,2025-05-09 19:36:07.393,,2147483647,1834297,False,nan
13574,2180486,1613432207,MERV - XMEV - GGAL - 24hs,6800.0,2025-05-09 19:36:06,185,2025-05-09 19:36:10.987,6790.0,31103,6780.0,4181,6770.0,2000,6760.0,2000,6750.0,3705,6800.0,5902,6810.0,3609,6840.0,38,6850.0,26184,6860.0,5400,2025-05-09 19:36:10.903,,2147483647,1834297,False,nan
13575,2180665,1613432418,MERV - XMEV - GGAL - 24hs,6800.0,2025-05-09 19:36:14,45,2025-05-09 19:36:14.571,6790.0,31103,6780.0,4181,6770.0,2000,6760.0,2000,6750.0,3705,6800.0,5902,6810.0,3609,6840.0,38,6850.0,26184,6860.0,5400,2025-05-09 19:36:14.487,,2147483647,1834297,True,offer
13576,2180697,1613432455,MERV - XMEV - GGAL - 24hs,6800.0,2025-05-09 19:36:14,45,2025-05-09 19:36:15.235,6790.0,31103,6780.0,4181,6770.0,2000,6760.0,2000,6750.0,3705,6800.0,5857,6810.0,3609,6840.0,38,6850.0,26184,6860.0,5400,2025-05-09 19:36:15.151,,2147483647,1834297,False,nan
13577,2180736,1613432502,MERV - XMEV - GGAL - 24hs,6800.0,2025-05-09 19:36:15,100,2025-05-09 19:36:15.736,6790.0,31103,6780.0,4181,6770.0,2000,6760.0,2000,6750.0,3705,6800.0,5857,6810.0,3609,6840.0,38,6850.0,26184,6860.0,5400,2025-05-09 19:36:15.653,,2147483647,1834342,True,offer
13578,2180763,1613432533,MERV - XMEV - GGAL - 24hs,6800.0,2025-05-09 19:36:15,100,2025-05-09 19:36:16.238,6790.0,31103,6780.0,4181,6770.0,2000,6760.0,2000,6750.0,3705,6800.0,5757,6810.0,3609,6840.0,693,6850.0,26184,6860.0,5400,2025-05-09 19:36:16.152,,2147483647,1834442,False,nan
13579,2180841,1613432649,MERV - XMEV - GGAL - 24hs,6800.0,2025-05-09 19:36:17,916,2025-05-09 19:36:18.014,6790.0,31103,6780.0,4181,6770.0,2000,6760.0,2000,6750.0,3705,6800.0,5757,6810.0,3609,6840.0,693,6850.0,26184,6860.0,5400,2025-05-09 19:36:17.931,,2147483647,1834442,True,offer
13580,2180881,1613432690,MERV - XMEV - GGAL - 24hs,6800.0,2025-05-09 19:36:17,916,2025-05-09 19:36:18.681,6790.0,31103,6780.0,4181,6770.0,2000,6760.0,3500,6750.0,3705,6800.0,4841,6810.0,3609,6840.0,693,6850.0,26184,6860.0,5400,2025-05-09 19:36:18.597,,2147483647,1834442,False,nan
13581,2180909,1613432744,MERV - XMEV - GGAL - 24hs,6800.0,2025-05-09 19:36:17,916,2025-05-09 19:36:19.181,6790.0,31103,6780.0,4181,6770.0,2000,6760.0,3500,6750.0,3705,6800.0,4841,6810.0,3609,6840.0,693,6850.0,26184,6860.0,5400,2025-05-09 19:36:19.098,,2147483647,1835358,False,nan
13582,2181043,1613432895,MERV - XMEV - GGAL - 24hs,6800.0,2025-05-09 19:36:20,130,2025-05-09 19:36:20.955,6790.0,31103,6780.0,4181,6770.0,2000,6760.0,3500,6750.0,3705,6800.0,4841,6810.0,3609,6840.0,693,6850.0,26184,6860.0,5400,2025-05-09 19:36:20.870,,2147483647,1835358,True,offer
13583,2181093,1613432955,MERV - XMEV - GGAL - 24hs,6800.0,2025-05-09 19:36:20,130,2025-05-09 19:36:21.622,6790.0,31103,6780.0,4181,6770.0,2000,6760.0,3500,6750.0,3705,6800.0,4711,6810.0,3609,6840.0,693,6850.0,26184,6860.0,5400,2025-05-09 19:36:21.538,,2147483647,1835358,False,nan
13584,2181123,1613432990,MERV - XMEV - GGAL - 24hs,6800.0,2025-05-09 19:36:20,130,2025-05-09 19:36:22.122,6790.0,31103,6780.0,4181,6770.0,2000,6760.0,3500,6750.0,3705,6800.0,4711,6810.0,3609,6840.0,693,6850.0,26184,6860.0,5400,2025-05-09 19:36:22.039,,2147483647,1835488,False,nan
13585,2181155,1613433026,MERV - XMEV - GGAL - 24hs,6800.0,2025-05-09 19:36:22,100,2025-05-09 19:36:22.768,6790.0,31103,6780.0,4181,6770.0,2000,6760.0,3500,6750.0,3705,6800.0,4711,6810.0,3609,6840.0,693,6850.0,26184,6860.0,5400,2025-05-09 19:36:22.685,,2147483647,1835488,True,offer
13586,2181182,1613433059,MERV - XMEV - GGAL - 24hs,6800.0,2025-05-09 19:36:22,5,2025-05-09 19:36:23.270,6790.0,31103,6780.0,4181,6770.0,2000,6760.0,3500,6750.0,3705,6800.0,4711,6810.0,3609,6840.0,693,6850.0,26184,6860.0,5400,2025-05-09 19:36:23.185,,2147483647,1835588,False,nan
13587,2181205,1613433085,MERV - XMEV - GGAL - 24hs,6800.0,2025-05-09 19:36:22,5,2025-05-09 19:36:23.771,6790.0,31103,6780.0,4181,6770.0,2000,6760.0,3500,6750.0,3705,6800.0,4606,6810.0,3609,6840.0,693,6850.0,26184,6860.0,5400,2025-05-09 19:36:23.685,,2147483647,1835593,False,nan
13588,2181239,1613433125,MERV - XMEV - GGAL - 24hs,6800.0,2025-05-09 19:36:22,5,2025-05-09 19:36:24.426,6790.0,39603,6780.0,4181,6770.0,2000,6760.0,3500,6750.0,3705,6800.0,4606,6810.0,3609,6840.0,3693,6850.0,26184,6860.0,5400,2025-05-09 19:36:24.340,,2147483647,1835593,False,nan
13589,2181335,1613433258,MERV - XMEV - GGAL - 24hs,6790.0,2025-05-09 19:36:26,30,2025-05-09 19:36:26.260,6790.0,39603,6780.0,4181,6770.0,2000,6760.0,3500,6750.0,3705,6800.0,4606,6810.0,3609,6840.0,3693,6850.0,26184,6860.0,5400,2025-05-09 19:36:26.164,,2147483647,1835593,True,bid
13590,2181381,1613433310,MERV - XMEV - GGAL - 24hs,6790.0,2025-05-09 19:36:26,30,2025-05-09 19:36:26.790,6790.0,39573,6780.0,3834,6770.0,2000,6760.0,3500,6750.0,3705,6800.0,4606,6810.0,3609,6840.0,3693,6850.0,26184,6860.0,5400,2025-05-09 19:36:26.698,,2147483647,1835593,False,nan
13591,2181412,1613433344,MERV - XMEV - GGAL - 24hs,6790.0,2025-05-09 19:36:26,30,2025-05-09 19:36:27.278,6790.0,39573,6780.0,3834,6770.0,2000,6760.0,3500,6750.0,3705,6800.0,4606,6810.0,3609,6840.0,3693,6850.0,26184,6860.0,5400,2025-05-09 19:36:27.193,,2147483647,1835623,False,nan
13592,2181462,1613433400,MERV - XMEV - GGAL - 24hs,6790.0,2025-05-09 19:36:26,30,2025-05-09 19:36:27.780,6790.0,39573,6780.0,3834,6770.0,2000,6760.0,3500,6750.0,3705,6800.0,4606,6810.0,3609,6840.0,3693,6850.0,26284,6860.0,5400,2025-05-09 19:36:27.691,,2147483647,1835623,False,nan
13593,2181504,1613433457,MERV - XMEV - GGAL - 24hs,6800.0,2025-05-09 19:36:28,83,2025-05-09 19:36:28.607,6790.0,39573,6780.0,3834,6770.0,2000,6760.0,3500,6750.0,3705,6800.0,4606,6810.0,3609,6840.0,3693,6850.0,26284,6860.0,5400,2025-05-09 19:36:28.523,,2147483647,1835623,True,offer
13594,2181517,1613433483,MERV - XMEV - GGAL - 24hs,6800.0,2025-05-09 19:36:28,48,2025-05-09 19:36:29.106,6790.0,39573,6780.0,3834,6770.0,2000,6760.0,3500,6750.0,3705,6800.0,4606,6810.0,3609,6840.0,3693,6850.0,26284,6860.0,5400,2025-05-09 19:36:29.023,,2147483647,1835706,False,nan
13595,2181535,1613433508,MERV - XMEV - GGAL - 24hs,6800.0,2025-05-09 19:36:28,48,2025-05-09 19:36:29.607,6790.0,39573,6780.0,3834,6770.0,2000,6760.0,3500,6750.0,3705,6800.0,4475,6810.0,3609,6840.0,3693,6850.0,26284,6860.0,5400,2025-05-09 19:36:29.523,,2147483647,1835754,False,nan
13596,2181676,1613433677,MERV - XMEV - GGAL - 24hs,6800.0,2025-05-09 19:36:28,48,2025-05-09 19:36:31.791,6790.0,39573,6780.0,3882,6770.0,2000,6760.0,3500,6750.0,3705,6800.0,4475,6810.0,3609,6840.0,3693,6850.0,26284,6860.0,5400,2025-05-09 19:36:31.698,,2147483647,1835754,False,nan
13597,2181803,1613433844,MERV - XMEV - GGAL - 24hs,6800.0,2025-05-09 19:36:28,48,2025-05-09 19:36:34.540,6790.0,40073,6780.0,3882,6770.0,2000,6760.0,3500,6750.0,3705,6800.0,4475,6810.0,3609,6840.0,3693,6850.0,26284,6860.0,5400,2025-05-09 19:36:34.455,,2147483647,1835754,False,nan
13598,2181916,1613433991,MERV - XMEV - GGAL - 24hs,6800.0,2025-05-09 19:36:28,48,2025-05-09 19:36:37.293,6790.0,40073,6780.0,3882,6770.0,2000,6760.0,3500,6750.0,3705,6800.0,4475,6810.0,3609,6840.0,4684,6850.0,26284,6860.0,5400,2025-05-09 19:36:37.210,,2147483647,1835754,False,nan
13599,2181952,1613434030,MERV - XMEV - GGAL - 24hs,6800.0,2025-05-09 19:36:38,130,2025-05-09 19:36:38.252,6790.0,40073,6780.0,3882,6770.0,2000,6760.0,3500,6750.0,3705,6800.0,4475,6810.0,3609,6840.0,4684,6850.0,26284,6860.0,5400,2025-05-09 19:36:38.164,,2147483647,1835754,True,offer
13600,2181987,1613434068,MERV - XMEV - GGAL - 24hs,6800.0,2025-05-09 19:36:38,130,2025-05-09 19:36:38.916,6790.0,40073,6780.0,3882,6770.0,2000,6760.0,3500,6750.0,3705,6800.0,4345,6810.0,3609,6840.0,4684,6850.0,26284,6860.0,5400,2025-05-09 19:36:38.832,,2147483647,1835754,False,nan
13601,2182014,1613434096,MERV - XMEV - GGAL - 24hs,6800.0,2025-05-09 19:36:38,130,2025-05-09 19:36:39.418,6790.0,40073,6780.0,3882,6770.0,2000,6760.0,3500,6750.0,3705,6800.0,4345,6810.0,3609,6840.0,4684,6850.0,26284,6860.0,5400,2025-05-09 19:36:39.332,,2147483647,1835884,False,nan
13602,2182146,1613434294,MERV - XMEV - GGAL - 24hs,6800.0,2025-05-09 19:36:42,206,2025-05-09 19:36:42.362,6790.0,40073,6780.0,3882,6770.0,2000,6760.0,3500,6750.0,3705,6800.0,4345,6810.0,3609,6840.0,4684,6850.0,26284,6860.0,5400,2025-05-09 19:36:42.279,,2147483647,1835884,True,offer
13603,2182163,1613434318,MERV - XMEV - GGAL - 24hs,6800.0,2025-05-09 19:36:42,7,2025-05-09 19:36:42.869,6790.0,40073,6780.0,3882,6770.0,2000,6760.0,3500,6750.0,3705,6800.0,4345,6810.0,3609,6840.0,4684,6850.0,26284,6860.0,5400,2025-05-09 19:36:42.779,,2147483647,1836090,False,nan
13604,2182185,1613434343,MERV - XMEV - GGAL - 24hs,6800.0,2025-05-09 19:36:43,207,2025-05-09 19:36:43.363,6790.0,40073,6780.0,3882,6770.0,2000,6760.0,3500,6750.0,3705,6800.0,4132,6810.0,3609,6840.0,4684,6850.0,26284,6860.0,5400,2025-05-09 19:36:43.279,,2147483647,1836097,True,offer
13605,2182205,1613434375,MERV - XMEV - GGAL - 24hs,6800.0,2025-05-09 19:36:43,207,2025-05-09 19:36:43.902,6790.0,40073,6780.0,3882,6770.0,1265,6760.0,3500,6750.0,3705,6800.0,3925,6810.0,3609,6840.0,4684,6850.0,26284,6860.0,5400,2025-05-09 19:36:43.818,,2147483647,1836097,False,nan
13606,2182225,1613434399,MERV - XMEV - GGAL - 24hs,6800.0,2025-05-09 19:36:43,207,2025-05-09 19:36:44.402,6790.0,40073,6780.0,3882,6770.0,1265,6760.0,3500,6750.0,3705,6800.0,3925,6810.0,3609,6840.0,4684,6850.0,26284,6860.0,5400,2025-05-09 19:36:44.318,,2147483647,1836304,False,nan
13607,2182249,1613434426,MERV - XMEV - GGAL - 24hs,6790.0,2025-05-09 19:36:44,1,2025-05-09 19:36:44.904,6790.0,40073,6780.0,3882,6770.0,1265,6760.0,3500,6750.0,3705,6800.0,3925,6810.0,3609,6840.0,4684,6850.0,26284,6860.0,5400,2025-05-09 19:36:44.819,,2147483647,1836304,True,bid
13608,2182273,1613434457,MERV - XMEV - GGAL - 24hs,6790.0,2025-05-09 19:36:44,1,2025-05-09 19:36:45.402,6790.0,40172,6780.0,3882,6770.0,1265,6760.0,3500,6750.0,3705,6800.0,3925,6810.0,3609,6840.0,4684,6850.0,26284,6860.0,5400,2025-05-09 19:36:45.318,,2147483647,1836304,False,nan
13609,2182292,1613434478,MERV - XMEV - GGAL - 24hs,6790.0,2025-05-09 19:36:44,1,2025-05-09 19:36:45.902,6790.0,40172,6780.0,3882,6770.0,1265,6760.0,3500,6750.0,3705,6800.0,3925,6810.0,3609,6840.0,4684,6850.0,26284,6860.0,5400,2025-05-09 19:36:45.818,,2147483647,1836305,False,nan
13610,2182340,1613434534,MERV - XMEV - GGAL - 24hs,6800.0,2025-05-09 19:36:47,1,2025-05-09 19:36:47.251,6790.0,40172,6780.0,3882,6770.0,1265,6760.0,3500,6750.0,3705,6800.0,3925,6810.0,3609,6840.0,4684,6850.0,26284,6860.0,5400,2025-05-09 19:36:47.165,,2147483647,1836305,True,offer
13611,2182362,1613434558,MERV - XMEV - GGAL - 24hs,6800.0,2025-05-09 19:36:47,1,2025-05-09 19:36:47.911,6790.0,40172,6780.0,3882,6770.0,1265,6760.0,3500,6750.0,3705,6800.0,3924,6810.0,3609,6840.0,4684,6850.0,26284,6860.0,5400,2025-05-09 19:36:47.827,,2147483647,1836305,False,nan
13612,2182385,1613434583,MERV - XMEV - GGAL - 24hs,6800.0,2025-05-09 19:36:47,1,2025-05-09 19:36:48.410,6790.0,40172,6780.0,3882,6770.0,1265,6760.0,3500,6750.0,3705,6800.0,3924,6810.0,3609,6840.0,4684,6850.0,26284,6860.0,5400,2025-05-09 19:36:48.326,,2147483647,1836306,False,nan
13613,2182410,1613434612,MERV - XMEV - GGAL - 24hs,6790.0,2025-05-09 19:36:48,9,2025-05-09 19:36:48.911,6790.0,40163,6780.0,3882,6770.0,1265,6760.0,3500,6750.0,3705,6800.0,3924,6810.0,3609,6840.0,4684,6850.0,26284,6860.0,5400,2025-05-09 19:36:48.826,,2147483647,1836306,True,bid
13614,2182427,1613434631,MERV - XMEV - GGAL - 24hs,6790.0,2025-05-09 19:36:48,9,2025-05-09 19:36:49.414,6790.0,40163,6780.0,3882,6770.0,1265,6760.0,3500,6750.0,3705,6800.0,3924,6810.0,3609,6840.0,4684,6850.0,26284,6860.0,5400,2025-05-09 19:36:49.330,,2147483647,1836315,False,nan
13615,2182452,1613434660,MERV - XMEV - GGAL - 24hs,6800.0,2025-05-09 19:36:50,135,2025-05-09 19:36:50.095,6790.0,40163,6780.0,3882,6770.0,1265,6760.0,3500,6750.0,3705,6800.0,3924,6810.0,3609,6840.0,4684,6850.0,26284,6860.0,5400,2025-05-09 19:36:50.012,,2147483647,1836315,True,offer
13616,2182481,1613434692,MERV - XMEV - GGAL - 24hs,6800.0,2025-05-09 19:36:50,135,2025-05-09 19:36:50.774,6790.0,40163,6780.0,3882,6770.0,1265,6760.0,3500,6750.0,3705,6800.0,3789,6810.0,3609,6840.0,4684,6850.0,26284,6860.0,5400,2025-05-09 19:36:50.680,,2147483647,1836315,False,nan
13617,2182495,1613434714,MERV - XMEV - GGAL - 24hs,6800.0,2025-05-09 19:36:50,135,2025-05-09 19:36:51.261,6790.0,40163,6780.0,3882,6770.0,1265,6760.0,3500,6750.0,3705,6800.0,3789,6810.0,3609,6840.0,4684,6850.0,26284,6860.0,5400,2025-05-09 19:36:51.176,,2147483647,1836450,False,nan
13618,2182568,1613434817,MERV - XMEV - GGAL - 24hs,6800.0,2025-05-09 19:36:50,135,2025-05-09 19:36:52.231,6790.0,40163,6780.0,3882,6770.0,1265,6760.0,3500,6750.0,3805,6800.0,3789,6810.0,3609,6840.0,4684,6850.0,26284,6860.0,5400,2025-05-09 19:36:52.146,,2147483647,1836450,False,nan
13619,2182762,1613435090,MERV - XMEV - GGAL - 24hs,6800.0,2025-05-09 19:36:50,135,2025-05-09 19:36:55.285,6790.0,40163,6780.0,3882,6770.0,1265,6760.0,3500,6750.0,3805,6800.0,3789,6810.0,3609,6840.0,4784,6850.0,26284,6860.0,5400,2025-05-09 19:36:55.200,,2147483647,1836450,False,nan
13620,2182958,1613435454,MERV - XMEV - GGAL - 24hs,6800.0,2025-05-09 19:36:59,1,2025-05-09 19:36:59.531,6790.0,40163,6780.0,3882,6770.0,1265,6760.0,3500,6750.0,3805,6800.0,3789,6810.0,3609,6840.0,4784,6850.0,26284,6860.0,5400,2025-05-09 19:36:59.422,,2147483647,1836450,True,offer
13621,2183006,1613435547,MERV - XMEV - GGAL - 24hs,6800.0,2025-05-09 19:36:59,1,2025-05-09 19:37:00.174,6790.0,40163,6780.0,3882,6770.0,1265,6760.0,3500,6750.0,3805,6800.0,3788,6810.0,3609,6840.0,4784,6850.0,26284,6860.0,5400,2025-05-09 19:37:00.085,,2147483647,1836450,False,nan
13622,2183024,1613435576,MERV - XMEV - GGAL - 24hs,6800.0,2025-05-09 19:36:59,1,2025-05-09 19:37:00.668,6790.0,40163,6780.0,3882,6770.0,1265,6760.0,3500,6750.0,3805,6800.0,3788,6810.0,3609,6840.0,4784,6850.0,26284,6860.0,5400,2025-05-09 19:37:00.585,,2147483647,1836451,False,nan
13623,2183106,1613435726,MERV - XMEV - GGAL - 24hs,6790.0,2025-05-09 19:37:02,5,2025-05-09 19:37:02.493,6790.0,40163,6780.0,3882,6770.0,1265,6760.0,3500,6750.0,3805,6800.0,3788,6810.0,3609,6840.0,4784,6850.0,26284,6860.0,5400,2025-05-09 19:37:02.407,,2147483647,1836451,True,bid
13624,2183142,1613435793,MERV - XMEV - GGAL - 24hs,6790.0,2025-05-09 19:37:02,5,2025-05-09 19:37:03.155,6790.0,40158,6780.0,3882,6770.0,1265,6760.0,3500,6750.0,3805,6800.0,3788,6810.0,3609,6840.0,4784,6850.0,26284,6860.0,5400,2025-05-09 19:37:03.071,,2147483647,1836451,False,nan
13625,2183163,1613435828,MERV - XMEV - GGAL - 24hs,6800.0,2025-05-09 19:37:03,103,2025-05-09 19:37:03.659,6790.0,40158,6780.0,3882,6770.0,1265,6760.0,3500,6750.0,3805,6800.0,3788,6810.0,3609,6840.0,4784,6850.0,26284,6860.0,5400,2025-05-09 19:37:03.571,,2147483647,1836456,True,offer
13626,2183188,1613435857,MERV - XMEV - GGAL - 24hs,6800.0,2025-05-09 19:37:03,103,2025-05-09 19:37:04.158,6790.0,40158,6780.0,3882,6770.0,1265,6760.0,3500,6750.0,3805,6800.0,6087,6810.0,3609,6840.0,4784,6850.0,26284,6860.0,5400,2025-05-09 19:37:04.071,,2147483647,1836456,False,nan
13627,2183212,1613435887,MERV - XMEV - GGAL - 24hs,6800.0,2025-05-09 19:37:04,262,2025-05-09 19:37:04.664,6790.0,40158,6780.0,3882,6770.0,1265,6760.0,3500,6750.0,3805,6800.0,6087,6810.0,3609,6840.0,4784,6850.0,26284,6860.0,5400,2025-05-09 19:37:04.576,,2147483647,1841456,True,offer
13628,2183238,1613435917,MERV - XMEV - GGAL - 24hs,6800.0,2025-05-09 19:37:04,262,2025-05-09 19:37:05.168,6790.0,40158,6780.0,3882,6770.0,1265,6760.0,3500,6750.0,3805,6800.0,5825,6810.0,3609,6840.0,4784,6850.0,26284,6860.0,5400,2025-05-09 19:37:05.083,,2147483647,1841456,False,nan
13629,2183265,1613435987,MERV - XMEV - GGAL - 24hs,6800.0,2025-05-09 19:37:04,262,2025-05-09 19:37:05.666,6790.0,40158,6780.0,3882,6770.0,1265,6760.0,3500,6750.0,3805,6800.0,5825,6810.0,3609,6840.0,4784,6850.0,26284,6860.0,5400,2025-05-09 19:37:05.583,,2147483647,1841718,False,nan
13630,2183358,1613436153,MERV - XMEV - GGAL - 24hs,6800.0,2025-05-09 19:37:07,3088,2025-05-09 19:37:07.401,6790.0,40158,6780.0,3882,6770.0,1265,6760.0,3500,6750.0,3805,6800.0,5825,6810.0,3609,6840.0,4784,6850.0,26284,6860.0,5400,2025-05-09 19:37:07.318,,2147483647,1841718,True,offer
13631,2183380,1613436204,MERV - XMEV - GGAL - 24hs,6800.0,2025-05-09 19:37:07,1631,2025-05-09 19:37:07.901,6790.0,40158,6780.0,3882,6770.0,1265,6760.0,3500,6750.0,3805,6800.0,5825,6810.0,3609,6840.0,4784,6850.0,26284,6860.0,5400,2025-05-09 19:37:07.818,,2147483647,1841718,False,nan
13632,2183393,1613436224,MERV - XMEV - GGAL - 24hs,6800.0,2025-05-09 19:37:07,1631,2025-05-09 19:37:08.406,6790.0,40158,6780.0,3882,6770.0,1265,6760.0,3500,6750.0,3805,6800.0,4456,6810.0,3609,6840.0,4784,6850.0,26284,6860.0,5400,2025-05-09 19:37:08.323,,2147483647,1846718,False,nan
13633,2183638,1613436535,MERV - XMEV - GGAL - 24hs,6800.0,2025-05-09 19:37:12,710,2025-05-09 19:37:12.651,6790.0,40158,6780.0,3882,6770.0,1265,6760.0,3500,6750.0,3805,6800.0,4456,6810.0,3609,6840.0,4784,6850.0,26284,6860.0,5400,2025-05-09 19:37:12.565,,2147483647,1846718,True,offer
13634,2183675,1613436587,MERV - XMEV - GGAL - 24hs,6800.0,2025-05-09 19:37:12,710,2025-05-09 19:37:13.317,6790.0,40158,6780.0,3882,6770.0,1265,6760.0,3500,6750.0,3805,6800.0,3746,6810.0,3609,6840.0,4784,6850.0,26284,6860.0,5400,2025-05-09 19:37:13.228,,2147483647,1846718,False,nan
13635,2183711,1613436641,MERV - XMEV - GGAL - 24hs,6800.0,2025-05-09 19:37:12,710,2025-05-09 19:37:13.811,6790.0,40158,6780.0,3882,6770.0,1265,6760.0,3500,6750.0,3805,6800.0,3746,6810.0,3609,6840.0,4784,6850.0,26284,6860.0,5400,2025-05-09 19:37:13.728,,2147483647,1847428,False,nan
13636,2183735,1613436681,MERV - XMEV - GGAL - 24hs,6800.0,2025-05-09 19:37:14,43,2025-05-09 19:37:14.501,6790.0,40158,6780.0,3882,6770.0,1265,6760.0,3500,6750.0,3805,6800.0,3746,6810.0,3609,6840.0,4784,6850.0,26284,6860.0,5400,2025-05-09 19:37:14.416,,2147483647,1847428,True,offer
13637,2183763,1613436713,MERV - XMEV - GGAL - 24hs,6800.0,2025-05-09 19:37:14,43,2025-05-09 19:37:15.166,6790.0,40158,6780.0,3882,6770.0,1265,6760.0,3500,6750.0,3805,6800.0,3703,6810.0,3609,6840.0,4784,6850.0,26284,6860.0,5400,2025-05-09 19:37:15.080,,2147483647,1847428,False,nan
13638,2183789,1613436743,MERV - XMEV - GGAL - 24hs,6800.0,2025-05-09 19:37:15,62,2025-05-09 19:37:15.665,6790.0,40158,6780.0,3882,6770.0,1265,6760.0,3500,6750.0,3805,6800.0,3703,6810.0,3609,6840.0,4784,6850.0,26284,6860.0,5400,2025-05-09 19:37:15.580,,2147483647,1847471,True,offer
13639,2183820,1613436778,MERV - XMEV - GGAL - 24hs,6800.0,2025-05-09 19:37:15,62,2025-05-09 19:37:16.747,6790.0,40158,6780.0,3882,6770.0,1265,6760.0,3500,6750.0,3805,6800.0,6025,6810.0,3609,6840.0,4784,6850.0,26284,6860.0,5400,2025-05-09 19:37:16.662,,2147483647,1847471,False,nan
13640,2183849,1613436816,MERV - XMEV - GGAL - 24hs,6800.0,2025-05-09 19:37:15,62,2025-05-09 19:37:16.863,6790.0,40158,6780.0,3882,6770.0,1265,6760.0,3500,6750.0,3805,6800.0,6025,6810.0,3609,6840.0,4784,6850.0,26284,6860.0,5400,2025-05-09 19:37:16.763,,2147483647,1847605,False,nan
13641,2183864,1613436833,MERV - XMEV - GGAL - 24hs,6790.0,2025-05-09 19:37:16,4455,2025-05-09 19:37:17.244,6790.0,40158,6780.0,3882,6770.0,1265,6760.0,3500,6750.0,3805,6800.0,6025,6810.0,3609,6840.0,4784,6850.0,26284,6860.0,5400,2025-05-09 19:37:17.160,,2147483647,1847605,True,bid
13642,2183880,1613436853,MERV - XMEV - GGAL - 24hs,6790.0,2025-05-09 19:37:16,4455,2025-05-09 19:37:17.743,6790.0,34441,6780.0,3882,6770.0,1265,6760.0,3500,6750.0,3805,6800.0,6025,6840.0,4784,6850.0,26284,6860.0,5400,6870.0,1331,2025-05-09 19:37:17.660,,2147483647,1847605,False,nan
13643,2183903,1613436880,MERV - XMEV - GGAL - 24hs,6790.0,2025-05-09 19:37:16,4455,2025-05-09 19:37:18.244,6790.0,34441,6780.0,3882,6770.0,1265,6760.0,3500,6750.0,3805,6800.0,6025,6840.0,4784,6850.0,26284,6860.0,5400,6870.0,1331,2025-05-09 19:37:18.160,,2147483647,1853322,False,nan
13644,2184106,1613437138,MERV - XMEV - GGAL - 24hs,6790.0,2025-05-09 19:37:16,4455,2025-05-09 19:37:21.698,6790.0,34441,6780.0,3919,6770.0,1265,6760.0,3500,6750.0,3805,6800.0,6025,6840.0,4784,6850.0,26284,6860.0,5400,6870.0,1331,2025-05-09 19:37:21.613,,2147483647,1853322,False,nan
13645,2184211,1613437273,MERV - XMEV - GGAL - 24hs,6800.0,2025-05-09 19:37:23,100,2025-05-09 19:37:23.982,6790.0,34441,6780.0,3919,6770.0,1265,6760.0,3500,6750.0,3805,6800.0,6025,6840.0,4784,6850.0,26284,6860.0,5400,6870.0,1331,2025-05-09 19:37:23.899,,2147483647,1853322,True,offer
13646,2184285,1613437364,MERV - XMEV - GGAL - 24hs,6800.0,2025-05-09 19:37:23,100,2025-05-09 19:37:24.640,6790.0,34441,6780.0,3919,6770.0,1265,6760.0,3500,6750.0,3805,6800.0,5925,6840.0,4784,6850.0,26284,6860.0,5400,6870.0,1331,2025-05-09 19:37:24.553,,2147483647,1853322,False,nan
13647,2184315,1613437401,MERV - XMEV - GGAL - 24hs,6800.0,2025-05-09 19:37:23,100,2025-05-09 19:37:25.137,6790.0,34441,6780.0,3919,6770.0,1265,6760.0,3500,6750.0,3805,6800.0,5925,6840.0,4784,6850.0,26284,6860.0,5400,6870.0,1331,2025-05-09 19:37:25.054,,2147483647,1853422,False,nan
13648,2184349,1613437453,MERV - XMEV - GGAL - 24hs,6800.0,2025-05-09 19:37:23,100,2025-05-09 19:37:26.016,6790.0,34441,6780.0,3882,6770.0,1265,6760.0,3500,6750.0,3805,6800.0,5925,6840.0,4784,6850.0,26284,6860.0,5400,6870.0,1331,2025-05-09 19:37:25.933,,2147483647,1853422,False,nan
13649,2184394,1613437509,MERV - XMEV - GGAL - 24hs,6800.0,2025-05-09 19:37:23,100,2025-05-09 19:37:27.285,6790.0,34441,6780.0,3871,6770.0,1265,6760.0,3500,6750.0,3805,6800.0,5925,6840.0,4784,6850.0,26284,6860.0,5400,6870.0,1331,2025-05-09 19:37:27.197,,2147483647,1853422,False,nan
13650,2184594,1613437737,MERV - XMEV - GGAL - 24hs,6790.0,2025-05-09 19:37:31,545,2025-05-09 19:37:31.255,6790.0,34441,6780.0,3871,6770.0,1265,6760.0,3500,6750.0,3805,6800.0,5925,6840.0,4784,6850.0,26284,6860.0,5400,6870.0,1331,2025-05-09 19:37:31.164,,2147483647,1853422,True,bid
13651,2184614,1613437759,MERV - XMEV - GGAL - 24hs,6790.0,2025-05-09 19:37:31,58,2025-05-09 19:37:31.748,6790.0,34441,6780.0,3871,6770.0,1265,6760.0,3500,6750.0,3805,6800.0,5925,6840.0,4784,6850.0,26284,6860.0,5400,6870.0,1331,2025-05-09 19:37:31.665,,2147483647,1853422,False,nan
13652,2184636,1613437817,MERV - XMEV - GGAL - 24hs,6790.0,2025-05-09 19:37:31,58,2025-05-09 19:37:32.249,6790.0,33838,6780.0,3871,6770.0,1265,6760.0,3500,6750.0,3805,6800.0,5925,6840.0,4784,6850.0,26284,6860.0,5400,6870.0,1331,2025-05-09 19:37:32.164,,2147483647,1854025,False,nan
13653,2185124,1613438469,MERV - XMEV - GGAL - 24hs,6800.0,2025-05-09 19:37:42,18,2025-05-09 19:37:42.368,6790.0,33838,6780.0,3871,6770.0,1265,6760.0,3500,6750.0,3805,6800.0,5925,6840.0,4784,6850.0,26284,6860.0,5400,6870.0,1331,2025-05-09 19:37:42.279,,2147483647,1854025,True,offer
13654,2185152,1613438514,MERV - XMEV - GGAL - 24hs,6800.0,2025-05-09 19:37:42,18,2025-05-09 19:37:43.026,6790.0,33838,6780.0,3871,6770.0,1265,6760.0,3500,6750.0,3805,6800.0,5907,6840.0,4784,6850.0,26284,6860.0,5400,6870.0,1331,2025-05-09 19:37:42.940,,2147483647,1854025,False,nan
13655,2185169,1613438553,MERV - XMEV - GGAL - 24hs,6800.0,2025-05-09 19:37:42,18,2025-05-09 19:37:43.524,6790.0,33838,6780.0,3871,6770.0,1265,6760.0,3500,6750.0,3805,6800.0,5907,6840.0,4784,6850.0,26284,6860.0,5400,6870.0,1331,2025-05-09 19:37:43.441,,2147483647,1854043,False,nan
13656,2185249,1613438656,MERV - XMEV - GGAL - 24hs,6800.0,2025-05-09 19:37:42,18,2025-05-09 19:37:45.301,6790.0,33838,6780.0,3871,6770.0,1265,6760.0,3500,6750.0,3805,6800.0,5907,6840.0,4784,6850.0,12202,6860.0,5400,6870.0,1331,2025-05-09 19:37:45.217,,2147483647,1854043,False,nan
13657,2185299,1613438712,MERV - XMEV - GGAL - 24hs,6800.0,2025-05-09 19:37:42,18,2025-05-09 19:37:46.496,6790.0,18838,6780.0,3871,6770.0,1265,6760.0,3500,6750.0,3805,6800.0,5907,6840.0,5184,6850.0,12202,6860.0,5400,6870.0,1331,2025-05-09 19:37:46.411,,2147483647,1854043,False,nan
13658,2185397,1613438844,MERV - XMEV - GGAL - 24hs,6800.0,2025-05-09 19:37:42,18,2025-05-09 19:37:48.401,6790.0,18838,6780.0,3871,6770.0,1265,6760.0,3500,6750.0,3805,6800.0,5907,6840.0,5184,6850.0,12202,6860.0,5400,6870.0,1431,2025-05-09 19:37:48.318,,2147483647,1854043,False,nan
13659,2185533,1613439031,MERV - XMEV - GGAL - 24hs,6800.0,2025-05-09 19:37:42,18,2025-05-09 19:37:49.903,6790.0,18838,6780.0,3952,6770.0,1265,6760.0,3500,6750.0,3805,6800.0,5907,6840.0,5184,6850.0,12202,6860.0,5400,6870.0,1431,2025-05-09 19:37:49.806,,2147483647,1854043,False,nan
13660,2185562,1613439064,MERV - XMEV - GGAL - 24hs,6800.0,2025-05-09 19:37:50,1,2025-05-09 19:37:50.556,6790.0,18838,6780.0,3952,6770.0,1265,6760.0,3500,6750.0,3805,6800.0,5907,6840.0,5184,6850.0,12202,6860.0,5400,6870.0,1431,2025-05-09 19:37:50.472,,2147483647,1854043,True,offer
13661,2185604,1613439111,MERV - XMEV - GGAL - 24hs,6800.0,2025-05-09 19:37:50,1,2025-05-09 19:37:51.218,6790.0,18838,6780.0,3952,6770.0,1265,6760.0,3500,6750.0,3805,6800.0,5906,6840.0,5184,6850.0,12202,6860.0,5400,6870.0,1431,2025-05-09 19:37:51.135,,2147483647,1854043,False,nan
13662,2185635,1613439147,MERV - XMEV - GGAL - 24hs,6800.0,2025-05-09 19:37:50,1,2025-05-09 19:37:51.719,6790.0,18838,6780.0,3952,6770.0,1265,6760.0,3500,6750.0,3805,6800.0,5906,6840.0,5184,6850.0,12202,6860.0,5400,6870.0,1431,2025-05-09 19:37:51.635,,2147483647,1854044,False,nan
13663,2185666,1613439183,MERV - XMEV - GGAL - 24hs,6800.0,2025-05-09 19:37:50,1,2025-05-09 19:37:52.443,6790.0,18838,6780.0,3952,6770.0,1265,6760.0,3500,6750.0,3805,6800.0,5906,6840.0,5184,6850.0,12252,6860.0,5400,6870.0,1431,2025-05-09 19:37:52.357,,2147483647,1854044,False,nan
13664,2185909,1613439472,MERV - XMEV - GGAL - 24hs,6790.0,2025-05-09 19:37:56,142,2025-05-09 19:37:56.786,6790.0,18838,6780.0,3952,6770.0,1265,6760.0,3500,6750.0,3805,6800.0,5906,6840.0,5184,6850.0,12252,6860.0,5400,6870.0,1431,2025-05-09 19:37:56.702,,2147483647,1854044,True,bid
13665,2185933,1613439499,MERV - XMEV - GGAL - 24hs,6790.0,2025-05-09 19:37:56,270,2025-05-09 19:37:57.286,6790.0,18838,6780.0,3952,6770.0,1265,6760.0,3500,6750.0,3805,6800.0,5906,6840.0,5184,6850.0,12252,6860.0,5400,6870.0,1431,2025-05-09 19:37:57.202,,2147483647,1854044,False,nan
13666,2185955,1613439532,MERV - XMEV - GGAL - 24hs,6790.0,2025-05-09 19:37:56,270,2025-05-09 19:37:57.786,6790.0,18330,6780.0,3952,6770.0,1265,6760.0,3500,6750.0,3805,6800.0,5906,6840.0,5184,6850.0,12252,6860.0,5400,6870.0,1431,2025-05-09 19:37:57.702,,2147483647,1854552,False,nan
13667,2186352,1613440040,MERV - XMEV - GGAL - 24hs,6800.0,2025-05-09 19:38:03,2,2025-05-09 19:38:04.006,6790.0,18330,6780.0,3952,6770.0,1265,6760.0,3500,6750.0,3805,6800.0,5906,6840.0,5184,6850.0,12252,6860.0,5400,6870.0,1431,2025-05-09 19:38:03.921,,2147483647,1854552,True,offer
13668,2186408,1613440108,MERV - XMEV - GGAL - 24hs,6800.0,2025-05-09 19:38:03,2,2025-05-09 19:38:04.668,6790.0,18330,6780.0,3952,6770.0,1265,6760.0,3500,6750.0,3805,6800.0,5904,6840.0,5184,6850.0,12252,6860.0,5400,6870.0,1431,2025-05-09 19:38:04.583,,2147483647,1854552,False,nan
13669,2186434,1613440146,MERV - XMEV - GGAL - 24hs,6800.0,2025-05-09 19:38:03,2,2025-05-09 19:38:05.167,6790.0,18330,6780.0,3952,6770.0,1265,6760.0,3500,6750.0,3805,6800.0,5904,6840.0,5184,6850.0,12252,6860.0,5400,6870.0,1431,2025-05-09 19:38:05.083,,2147483647,1854554,False,nan
13670,2186566,1613440293,MERV - XMEV - GGAL - 24hs,6790.0,2025-05-09 19:38:07,1750,2025-05-09 19:38:07.764,6790.0,18330,6780.0,3952,6770.0,1265,6760.0,3500,6750.0,3805,6800.0,5904,6840.0,5184,6850.0,12252,6860.0,5400,6870.0,1431,2025-05-09 19:38:07.679,,2147483647,1854554,True,bid
13671,2186598,1613440328,MERV - XMEV - GGAL - 24hs,6790.0,2025-05-09 19:38:07,1750,2025-05-09 19:38:08.264,6790.0,16580,6780.0,3952,6770.0,1265,6760.0,3500,6750.0,3805,6800.0,5904,6840.0,5184,6850.0,12252,6860.0,5400,6870.0,1431,2025-05-09 19:38:08.179,,2147483647,1854554,False,nan
13672,2186633,1613440368,MERV - XMEV - GGAL - 24hs,6800.0,2025-05-09 19:38:08,56,2025-05-09 19:38:08.765,6790.0,16580,6780.0,3952,6770.0,1265,6760.0,3500,6750.0,3805,6800.0,5904,6840.0,5184,6850.0,12252,6860.0,5400,6870.0,1431,2025-05-09 19:38:08.679,,2147483647,1866304,True,offer
13673,2186658,1613440396,MERV - XMEV - GGAL - 24hs,6800.0,2025-05-09 19:38:08,56,2025-05-09 19:38:09.278,6790.0,16580,6780.0,3952,6770.0,1265,6760.0,3500,6750.0,3805,6800.0,4315,6840.0,5184,6850.0,12252,6860.0,5400,6870.0,1431,2025-05-09 19:38:09.179,,2147483647,1866304,False,nan
13674,2186833,1613440638,MERV - XMEV - GGAL - 24hs,6800.0,2025-05-09 19:38:08,56,2025-05-09 19:38:12.524,6790.0,16580,6780.0,3952,6770.0,1265,6760.0,3500,6750.0,5305,6800.0,4315,6840.0,7184,6850.0,15252,6860.0,400,6870.0,1431,2025-05-09 19:38:12.441,,2147483647,1866304,False,nan
13675,2186908,1613440752,MERV - XMEV - GGAL - 24hs,6790.0,2025-05-09 19:38:13,1750,2025-05-09 19:38:13.427,6790.0,16580,6780.0,3952,6770.0,1265,6760.0,3500,6750.0,5305,6800.0,4315,6840.0,7184,6850.0,15252,6860.0,400,6870.0,1431,2025-05-09 19:38:13.343,,2147483647,1866304,True,bid
13676,2186923,1613440774,MERV - XMEV - GGAL - 24hs,6790.0,2025-05-09 19:38:13,1750,2025-05-09 19:38:13.931,6790.0,14830,6780.0,3952,6770.0,1265,6760.0,3500,6750.0,5305,6800.0,4315,6840.0,7184,6850.0,15252,6860.0,400,6870.0,1431,2025-05-09 19:38:13.844,,2147483647,1866304,False,nan
13677,2186956,1613440813,MERV - XMEV - GGAL - 24hs,6790.0,2025-05-09 19:38:13,1750,2025-05-09 19:38:14.428,6790.0,14830,6780.0,3952,6770.0,1265,6760.0,3500,6750.0,5305,6800.0,4315,6840.0,7184,6850.0,15252,6860.0,400,6870.0,1431,2025-05-09 19:38:14.343,,2147483647,1868054,False,nan
13678,2187350,1613441339,MERV - XMEV - GGAL - 24hs,6800.0,2025-05-09 19:38:20,290,2025-05-09 19:38:20.864,6790.0,14830,6780.0,3952,6770.0,1265,6760.0,3500,6750.0,5305,6800.0,4315,6840.0,7184,6850.0,15252,6860.0,400,6870.0,1431,2025-05-09 19:38:20.781,,2147483647,1868054,True,offer
13679,2187440,1613441447,MERV - XMEV - GGAL - 24hs,6800.0,2025-05-09 19:38:20,290,2025-05-09 19:38:21.389,6790.0,14830,6780.0,3952,6770.0,1265,6760.0,3500,6750.0,5305,6800.0,4025,6840.0,7184,6850.0,15252,6860.0,400,6870.0,1431,2025-05-09 19:38:21.301,,2147483647,1868054,False,nan
13680,2187484,1613441511,MERV - XMEV - GGAL - 24hs,6800.0,2025-05-09 19:38:20,290,2025-05-09 19:38:21.885,6790.0,14830,6780.0,3952,6770.0,1265,6760.0,3500,6750.0,5305,6800.0,4025,6840.0,7184,6850.0,15252,6860.0,400,6870.0,1431,2025-05-09 19:38:21.801,,2147483647,1868344,False,nan
13681,2187649,1613441728,MERV - XMEV - GGAL - 24hs,6800.0,2025-05-09 19:38:20,290,2025-05-09 19:38:24.391,6790.0,14830,6780.0,2952,6770.0,2265,6760.0,3500,6750.0,5305,6800.0,4025,6840.0,7184,6850.0,15252,6860.0,400,6870.0,1431,2025-05-09 19:38:24.302,,2147483647,1868344,False,nan
13682,2187714,1613441803,MERV - XMEV - GGAL - 24hs,6800.0,2025-05-09 19:38:25,224,2025-05-09 19:38:25.420,6790.0,14830,6780.0,2952,6770.0,2265,6760.0,3500,6750.0,5305,6800.0,4025,6840.0,7184,6850.0,15252,6860.0,400,6870.0,1431,2025-05-09 19:38:25.337,,2147483647,1868344,True,offer
13683,2187743,1613441838,MERV - XMEV - GGAL - 24hs,6800.0,2025-05-09 19:38:25,224,2025-05-09 19:38:25.920,6790.0,14830,6780.0,2952,6770.0,2265,6760.0,3500,6750.0,5305,6800.0,3801,6840.0,7184,6850.0,15252,6860.0,400,6870.0,1431,2025-05-09 19:38:25.837,,2147483647,1868344,False,nan
13684,2187759,1613441856,MERV - XMEV - GGAL - 24hs,6800.0,2025-05-09 19:38:25,224,2025-05-09 19:38:26.421,6790.0,14830,6780.0,2952,6770.0,2265,6760.0,3500,6750.0,5305,6800.0,3801,6840.0,7184,6850.0,15252,6860.0,400,6870.0,1431,2025-05-09 19:38:26.337,,2147483647,1868568,False,nan
13685,2187776,1613441875,MERV - XMEV - GGAL - 24hs,6790.0,2025-05-09 19:38:26,480,2025-05-09 19:38:26.924,6790.0,14350,6780.0,2952,6770.0,2265,6760.0,3500,6750.0,5305,6800.0,3801,6840.0,7184,6850.0,15252,6860.0,400,6870.0,1431,2025-05-09 19:38:26.837,,2147483647,1868568,True,bid
13686,2187798,1613441900,MERV - XMEV - GGAL - 24hs,6790.0,2025-05-09 19:38:26,480,2025-05-09 19:38:27.421,6790.0,14350,6780.0,2952,6770.0,2265,6760.0,3500,6750.0,5305,6800.0,3801,6840.0,7184,6850.0,15252,6860.0,400,6870.0,1431,2025-05-09 19:38:27.337,,2147483647,1869048,False,nan
13687,2187998,1613442144,MERV - XMEV - GGAL - 24hs,6800.0,2025-05-09 19:38:30,1024,2025-05-09 19:38:30.419,6790.0,14350,6780.0,2952,6770.0,2265,6760.0,3500,6750.0,5305,6800.0,3801,6840.0,7184,6850.0,15252,6860.0,400,6870.0,1431,2025-05-09 19:38:30.336,,2147483647,1869048,True,offer
13688,2188048,1613442213,MERV - XMEV - GGAL - 24hs,6800.0,2025-05-09 19:38:30,1024,2025-05-09 19:38:30.919,6790.0,14350,6780.0,2952,6770.0,2265,6760.0,3500,6750.0,5305,6800.0,2777,6840.0,7184,6850.0,15252,6860.0,400,6870.0,1431,2025-05-09 19:38:30.836,,2147483647,1869048,False,nan
13689,2188077,1613442249,MERV - XMEV - GGAL - 24hs,6790.0,2025-05-09 19:38:31,480,2025-05-09 19:38:31.420,6790.0,14350,6780.0,2952,6770.0,2265,6760.0,3500,6750.0,5305,6800.0,2777,6840.0,7184,6850.0,15252,6860.0,400,6870.0,1431,2025-05-09 19:38:31.336,,2147483647,1871822,True,bid
13690,2188144,1613442330,MERV - XMEV - GGAL - 24hs,6790.0,2025-05-09 19:38:31,480,2025-05-09 19:38:31.920,6790.0,12120,6780.0,2952,6770.0,2265,6760.0,3500,6750.0,5305,6800.0,2777,6840.0,7184,6850.0,15252,6860.0,400,6870.0,1431,2025-05-09 19:38:31.836,,2147483647,1871822,False,nan
13691,2188158,1613442346,MERV - XMEV - GGAL - 24hs,6790.0,2025-05-09 19:38:31,480,2025-05-09 19:38:32.427,6790.0,12120,6780.0,2952,6770.0,2265,6760.0,3500,6750.0,5305,6800.0,2777,6840.0,7184,6850.0,15252,6860.0,400,6870.0,1431,2025-05-09 19:38:32.336,,2147483647,1872302,False,nan
13692,2188312,1613442513,MERV - XMEV - GGAL - 24hs,6790.0,2025-05-09 19:38:31,480,2025-05-09 19:38:34.930,6790.0,12120,6780.0,2952,6770.0,2265,6760.0,3500,6750.0,5305,6800.0,2777,6840.0,7184,6850.0,15252,6860.0,400,6870.0,6431,2025-05-09 19:38:34.846,,2147483647,1872302,False,nan
13693,2188461,1613442734,MERV - XMEV - GGAL - 24hs,6790.0,2025-05-09 19:38:36,1750,2025-05-09 19:38:37.339,6790.0,12120,6780.0,2952,6770.0,2265,6760.0,3500,6750.0,5305,6800.0,2777,6840.0,7184,6850.0,15252,6860.0,400,6870.0,6431,2025-05-09 19:38:37.179,,2147483647,1872302,True,bid
13694,2188501,1613442777,MERV - XMEV - GGAL - 24hs,6790.0,2025-05-09 19:38:36,1750,2025-05-09 19:38:37.744,6790.0,10715,6780.0,2615,6770.0,2265,6760.0,3500,6750.0,5305,6800.0,2777,6840.0,7184,6850.0,15252,6860.0,400,6870.0,6431,2025-05-09 19:38:37.660,,2147483647,1872302,False,nan
13695,2188524,1613442803,MERV - XMEV - GGAL - 24hs,6790.0,2025-05-09 19:38:36,1750,2025-05-09 19:38:38.245,6790.0,10715,6780.0,2615,6770.0,2265,6760.0,3500,6750.0,5305,6800.0,2777,6840.0,7184,6850.0,15252,6860.0,400,6870.0,6431,2025-05-09 19:38:38.160,,2147483647,1874052,False,nan
13696,2188554,1613442833,MERV - XMEV - GGAL - 24hs,6790.0,2025-05-09 19:38:36,1750,2025-05-09 19:38:40.115,6790.0,11409,6780.0,2615,6770.0,2265,6760.0,3500,6750.0,5305,6800.0,2777,6840.0,7184,6850.0,15252,6860.0,400,6870.0,6431,2025-05-09 19:38:40.031,,2147483647,1874052,False,nan
13697,2189016,1613443403,MERV - XMEV - GGAL - 24hs,6790.0,2025-05-09 19:38:36,1750,2025-05-09 19:38:46.795,6790.0,10715,6780.0,2615,6770.0,2265,6760.0,3500,6750.0,5305,6800.0,2777,6840.0,7184,6850.0,15252,6860.0,400,6870.0,6431,2025-05-09 19:38:46.709,,2147483647,1874052,False,nan
13698,2189188,1613443679,MERV - XMEV - GGAL - 24hs,6790.0,2025-05-09 19:38:36,1750,2025-05-09 19:38:49.664,6790.0,11062,6780.0,3615,6770.0,1265,6760.0,3500,6750.0,5305,6800.0,2777,6840.0,5184,6850.0,12252,6860.0,5400,6870.0,6431,2025-05-09 19:38:49.580,,2147483647,1874052,False,nan
13699,2189285,1613443783,MERV - XMEV - GGAL - 24hs,6790.0,2025-05-09 19:38:36,1750,2025-05-09 19:38:52.050,6790.0,11409,6780.0,3615,6770.0,1265,6760.0,3500,6750.0,5305,6800.0,2777,6840.0,5184,6850.0,12252,6860.0,5400,6870.0,6431,2025-05-09 19:38:51.966,,2147483647,1874052,False,nan
13700,2189392,1613443906,MERV - XMEV - GGAL - 24hs,6790.0,2025-05-09 19:38:36,1750,2025-05-09 19:38:53.327,6790.0,11756,6780.0,3615,6770.0,1265,6760.0,3500,6750.0,5305,6800.0,2777,6840.0,5184,6850.0,12252,6860.0,5400,6870.0,6431,2025-05-09 19:38:53.242,,2147483647,1874052,False,nan
13701,2189452,1613444015,MERV - XMEV - GGAL - 24hs,6790.0,2025-05-09 19:38:36,1750,2025-05-09 19:38:54.595,6790.0,11756,6780.0,3615,6770.0,1265,6760.0,3500,6750.0,5305,6800.0,2777,6840.0,5184,6850.0,2252,6860.0,15400,6870.0,6431,2025-05-09 19:38:54.508,,2147483647,1874052,False,nan
13702,2189512,1613444085,MERV - XMEV - GGAL - 24hs,6790.0,2025-05-09 19:38:36,1750,2025-05-09 19:38:55.537,6790.0,11756,6780.0,3615,6770.0,2265,6760.0,3500,6750.0,2305,6800.0,2777,6840.0,5184,6850.0,2252,6860.0,15400,6870.0,6431,2025-05-09 19:38:55.453,,2147483647,1874052,False,nan
13703,2189537,1613444113,MERV - XMEV - GGAL - 24hs,6800.0,2025-05-09 19:38:55,3083,2025-05-09 19:38:56.038,6790.0,11756,6780.0,3615,6770.0,2265,6760.0,3500,6750.0,2305,6800.0,2777,6840.0,5184,6850.0,2252,6860.0,15400,6870.0,6431,2025-05-09 19:38:55.953,,2147483647,1874052,True,offer
13704,2189631,1613444267,MERV - XMEV - GGAL - 24hs,6800.0,2025-05-09 19:38:55,3083,2025-05-09 19:38:56.665,6790.0,10370,6780.0,5340,6770.0,1265,6760.0,4500,6750.0,2305,6800.0,3631,6840.0,5184,6850.0,2252,6860.0,15400,6870.0,6431,2025-05-09 19:38:56.453,,2147483647,1874052,False,nan
13705,2189656,1613444304,MERV - XMEV - GGAL - 24hs,6800.0,2025-05-09 19:38:55,3083,2025-05-09 19:38:57.036,6790.0,10370,6780.0,5340,6770.0,1265,6760.0,4500,6750.0,2305,6800.0,3631,6840.0,5184,6850.0,2252,6860.0,15400,6870.0,6431,2025-05-09 19:38:56.953,,2147483647,1884052,False,nan
13706,2189672,1613444328,MERV - XMEV - GGAL - 24hs,6800.0,2025-05-09 19:38:55,3083,2025-05-09 19:38:57.715,6790.0,11370,6780.0,4343,6770.0,1265,6760.0,4500,6750.0,7305,6800.0,3631,6840.0,5184,6850.0,252,6860.0,2400,6870.0,21431,2025-05-09 19:38:57.631,,2147483647,1884052,False,nan
13707,2189683,1613444342,MERV - XMEV - GGAL - 24hs,6800.0,2025-05-09 19:38:55,3083,2025-05-09 19:38:58.388,6790.0,11370,6780.0,4690,6770.0,1265,6760.0,4500,6750.0,7305,6800.0,3631,6840.0,5184,6850.0,452,6860.0,2400,6870.0,21431,2025-05-09 19:38:58.300,,2147483647,1884052,False,nan
13708,2189699,1613444360,MERV - XMEV - GGAL - 24hs,6800.0,2025-05-09 19:38:55,3083,2025-05-09 19:38:59.064,6790.0,11370,6780.0,5037,6770.0,1265,6760.0,4500,6750.0,7305,6800.0,3631,6840.0,5184,6850.0,452,6860.0,2400,6870.0,21431,2025-05-09 19:38:58.980,,2147483647,1884052,False,nan
13709,2189795,1613444475,MERV - XMEV - GGAL - 24hs,6800.0,2025-05-09 19:39:00,3350,2025-05-09 19:39:00.558,6790.0,11370,6780.0,5037,6770.0,1265,6760.0,4500,6750.0,7305,6800.0,3631,6840.0,5184,6850.0,452,6860.0,2400,6870.0,21431,2025-05-09 19:39:00.474,,2147483647,1884052,True,offer
13710,2189828,1613444513,MERV - XMEV - GGAL - 24hs,6800.0,2025-05-09 19:39:00,2957,2025-05-09 19:39:01.059,6790.0,11370,6780.0,5037,6770.0,1265,6760.0,4500,6750.0,7305,6800.0,3631,6840.0,5184,6850.0,452,6860.0,2400,6870.0,21431,2025-05-09 19:39:00.974,,2147483647,1884052,False,nan
13711,2189857,1613444565,MERV - XMEV - GGAL - 24hs,6800.0,2025-05-09 19:39:01,21,2025-05-09 19:39:01.558,6790.0,12409,6780.0,2618,6770.0,1265,6760.0,4500,6750.0,7305,6800.0,3631,6840.0,5184,6850.0,452,6860.0,2400,6870.0,21431,2025-05-09 19:39:01.475,,2147483647,1894052,True,offer
13712,2189920,1613444645,MERV - XMEV - GGAL - 24hs,6800.0,2025-05-09 19:39:01,21,2025-05-09 19:39:02.070,6790.0,12727,6780.0,2618,6770.0,1265,6760.0,4500,6750.0,7305,6800.0,3610,6840.0,5184,6850.0,452,6860.0,2400,6870.0,21431,2025-05-09 19:39:01.975,,2147483647,1894073,False,nan
13713,2189953,1613444685,MERV - XMEV - GGAL - 24hs,6800.0,2025-05-09 19:39:01,21,2025-05-09 19:39:02.561,6790.0,11727,6780.0,3618,6770.0,1265,6760.0,4500,6750.0,7305,6800.0,3610,6840.0,5184,6850.0,452,6860.0,2400,6870.0,21431,2025-05-09 19:39:02.474,,2147483647,1894073,False,nan
13714,2189971,1613444711,MERV - XMEV - GGAL - 24hs,6800.0,2025-05-09 19:39:02,10,2025-05-09 19:39:03.058,6790.0,11727,6780.0,3618,6770.0,1265,6760.0,4500,6750.0,7305,6800.0,3610,6840.0,5184,6850.0,452,6860.0,2400,6870.0,21431,2025-05-09 19:39:02.974,,2147483647,1894073,True,offer
13715,2189987,1613444737,MERV - XMEV - GGAL - 24hs,6800.0,2025-05-09 19:39:02,10,2025-05-09 19:39:03.568,6790.0,11409,6780.0,3618,6770.0,1265,6760.0,4500,6750.0,7305,6800.0,3631,6840.0,5184,6850.0,822,6860.0,2400,6870.0,21431,2025-05-09 19:39:03.480,,2147483647,1897704,False,nan
13716,2190046,1613444809,MERV - XMEV - GGAL - 24hs,6800.0,2025-05-09 19:39:05,34,2025-05-09 19:39:05.087,6790.0,11409,6780.0,3618,6770.0,1265,6760.0,4500,6750.0,7305,6800.0,3631,6840.0,5184,6850.0,822,6860.0,2400,6870.0,21431,2025-05-09 19:39:05.003,,2147483647,1897704,True,offer
13717,2190074,1613444843,MERV - XMEV - GGAL - 24hs,6800.0,2025-05-09 19:39:05,34,2025-05-09 19:39:05.753,6790.0,11409,6780.0,3618,6770.0,1265,6760.0,4500,6750.0,7305,6800.0,3597,6840.0,5184,6850.0,822,6860.0,2400,6870.0,21431,2025-05-09 19:39:05.670,,2147483647,1897704,False,nan
13718,2190122,1613444918,MERV - XMEV - GGAL - 24hs,6800.0,2025-05-09 19:39:06,102,2025-05-09 19:39:06.260,6790.0,11409,6780.0,3618,6770.0,1265,6760.0,4500,6750.0,7305,6800.0,3597,6840.0,5184,6850.0,822,6860.0,2400,6870.0,21431,2025-05-09 19:39:06.170,,2147483647,1897738,True,offer
13719,2190158,1613444970,MERV - XMEV - GGAL - 24hs,6800.0,2025-05-09 19:39:06,102,2025-05-09 19:39:07.446,6790.0,11409,6780.0,3618,6770.0,1265,6760.0,4500,6750.0,7305,6800.0,3495,6840.0,5184,6850.0,822,6860.0,2400,6870.0,21431,2025-05-09 19:39:07.327,,2147483647,1897738,False,nan
13720,2190194,1613445013,MERV - XMEV - GGAL - 24hs,6800.0,2025-05-09 19:39:06,102,2025-05-09 19:39:07.578,6790.0,11409,6780.0,3618,6770.0,1265,6760.0,4500,6750.0,7305,6800.0,3495,6840.0,5184,6850.0,822,6860.0,2400,6870.0,21431,2025-05-09 19:39:07.447,,2147483647,1897840,False,nan
13721,2190214,1613445036,MERV - XMEV - GGAL - 24hs,6800.0,2025-05-09 19:39:06,102,2025-05-09 19:39:07.849,6790.0,11062,6780.0,3618,6770.0,1265,6760.0,4500,6750.0,7305,6800.0,3495,6840.0,5184,6850.0,822,6860.0,2400,6870.0,21431,2025-05-09 19:39:07.760,,2147483647,1897840,False,nan
13722,2190335,1613445181,MERV - XMEV - GGAL - 24hs,6800.0,2025-05-09 19:39:06,102,2025-05-09 19:39:09.846,6790.0,10370,6780.0,8465,6770.0,1265,6760.0,4500,6750.0,7305,6800.0,3495,6840.0,5184,6850.0,822,6860.0,2400,6870.0,21431,2025-05-09 19:39:09.763,,2147483647,1897840,False,nan
13723,2190417,1613445317,MERV - XMEV - GGAL - 24hs,6800.0,2025-05-09 19:39:06,102,2025-05-09 19:39:11.684,6790.0,10370,6780.0,7771,6770.0,1265,6760.0,4500,6750.0,7305,6800.0,3495,6840.0,5184,6850.0,822,6860.0,2400,6870.0,21431,2025-05-09 19:39:11.599,,2147483647,1897840,False,nan
13724,2190514,1613445432,MERV - XMEV - GGAL - 24hs,6800.0,2025-05-09 19:39:06,102,2025-05-09 19:39:13.055,6790.0,10370,6780.0,3955,6770.0,1265,6760.0,4500,6750.0,7305,6800.0,3495,6840.0,5184,6850.0,822,6860.0,2400,6870.0,21431,2025-05-09 19:39:12.970,,2147483647,1897840,False,nan
13725,2190566,1613445521,MERV - XMEV - GGAL - 24hs,6800.0,2025-05-09 19:39:06,102,2025-05-09 19:39:14.555,6790.0,11370,6780.0,4343,6770.0,1265,6760.0,4500,6750.0,7305,6800.0,3495,6830.0,3631,6840.0,5184,6850.0,822,6860.0,2400,2025-05-09 19:39:14.471,,2147483647,1897840,False,nan
13726,2190670,1613445638,MERV - XMEV - GGAL - 24hs,6800.0,2025-05-09 19:39:15,3214,2025-05-09 19:39:16.030,6790.0,11370,6780.0,4343,6770.0,1265,6760.0,4500,6750.0,7305,6800.0,3495,6830.0,3631,6840.0,5184,6850.0,822,6860.0,2400,2025-05-09 19:39:15.946,,2147483647,1897840,True,offer
13727,2190709,1613445683,MERV - XMEV - GGAL - 24hs,6800.0,2025-05-09 19:39:15,3921,2025-05-09 19:39:16.529,6790.0,11370,6780.0,4690,6770.0,1265,6760.0,4500,6750.0,7305,6800.0,3631,6830.0,3631,6840.0,5184,6850.0,822,6860.0,2400,2025-05-09 19:39:16.446,,2147483647,1897840,False,nan
13728,2190746,1613445724,MERV - XMEV - GGAL - 24hs,6800.0,2025-05-09 19:39:15,3921,2025-05-09 19:39:17.036,6790.0,11370,6780.0,4690,6770.0,1265,6760.0,4500,6750.0,7305,6800.0,3631,6830.0,3631,6840.0,5184,6850.0,822,6860.0,2400,2025-05-09 19:39:16.946,,2147483647,1907840,False,nan
13729,2190850,1613445844,MERV - XMEV - GGAL - 24hs,6800.0,2025-05-09 19:39:18,387,2025-05-09 19:39:18.673,6790.0,11370,6780.0,4690,6770.0,1265,6760.0,4500,6750.0,7305,6800.0,3631,6830.0,3631,6840.0,5184,6850.0,822,6860.0,2400,2025-05-09 19:39:18.589,,2147483647,1907840,True,offer
13730,2190875,1613445879,MERV - XMEV - GGAL - 24hs,6800.0,2025-05-09 19:39:18,387,2025-05-09 19:39:19.168,6790.0,11824,6780.0,2618,6770.0,1265,6760.0,4500,6750.0,7305,6800.0,3244,6830.0,3631,6840.0,5184,6850.0,822,6860.0,2400,2025-05-09 19:39:19.084,,2147483647,1907840,False,nan
13731,2190897,1613445909,MERV - XMEV - GGAL - 24hs,6800.0,2025-05-09 19:39:18,387,2025-05-09 19:39:19.670,6790.0,11824,6780.0,2618,6770.0,1265,6760.0,4500,6750.0,7305,6800.0,3244,6830.0,3631,6840.0,5184,6850.0,822,6860.0,2400,2025-05-09 19:39:19.585,,2147483647,1908227,False,nan
13732,2190920,1613445971,MERV - XMEV - GGAL - 24hs,6800.0,2025-05-09 19:39:18,387,2025-05-09 19:39:20.375,6790.0,11370,6780.0,4690,6770.0,1265,6760.0,4500,6750.0,7305,6800.0,3244,6830.0,3631,6840.0,5184,6850.0,822,6860.0,2400,2025-05-09 19:39:20.272,,2147483647,1908227,False,nan
13733,2190950,1613446047,MERV - XMEV - GGAL - 24hs,6790.0,2025-05-09 19:39:20,45,2025-05-09 19:39:20.938,6790.0,11370,6780.0,4690,6770.0,1265,6760.0,4500,6750.0,7305,6800.0,3244,6830.0,3631,6840.0,5184,6850.0,822,6860.0,2400,2025-05-09 19:39:20.854,,2147483647,1908227,True,bid
13734,2190980,1613446084,MERV - XMEV - GGAL - 24hs,6790.0,2025-05-09 19:39:20,45,2025-05-09 19:39:21.570,6790.0,11325,6780.0,4691,6770.0,1265,6760.0,4500,6750.0,7305,6800.0,3244,6830.0,3631,6840.0,5184,6850.0,822,6860.0,2400,2025-05-09 19:39:21.486,,2147483647,1908227,False,nan
13735,2190998,1613446109,MERV - XMEV - GGAL - 24hs,6790.0,2025-05-09 19:39:20,45,2025-05-09 19:39:22.072,6790.0,11325,6780.0,4691,6770.0,1265,6760.0,4500,6750.0,7305,6800.0,3244,6830.0,3631,6840.0,5184,6850.0,822,6860.0,2400,2025-05-09 19:39:21.986,,2147483647,1908272,False,nan
13736,2191028,1613446169,MERV - XMEV - GGAL - 24hs,6800.0,2025-05-09 19:39:22,2,2025-05-09 19:39:22.589,6790.0,11325,6780.0,4691,6770.0,1265,6760.0,4500,6750.0,7305,6800.0,3244,6830.0,3631,6840.0,5184,6850.0,822,6860.0,2400,2025-05-09 19:39:22.487,,2147483647,1908272,True,offer
13737,2191071,1613446283,MERV - XMEV - GGAL - 24hs,6800.0,2025-05-09 19:39:22,2,2025-05-09 19:39:23.170,6790.0,11325,6780.0,4691,6770.0,1265,6760.0,4500,6750.0,7205,6800.0,3242,6830.0,3631,6840.0,5184,6850.0,822,6860.0,2400,2025-05-09 19:39:23.074,,2147483647,1908272,False,nan
13738,2191113,1613446356,MERV - XMEV - GGAL - 24hs,6800.0,2025-05-09 19:39:23,73,2025-05-09 19:39:23.659,6790.0,11325,6780.0,4691,6770.0,1265,6760.0,4500,6750.0,7205,6800.0,3242,6830.0,3631,6840.0,5184,6850.0,822,6860.0,2400,2025-05-09 19:39:23.574,,2147483647,1908274,True,offer
13739,2191134,1613446390,MERV - XMEV - GGAL - 24hs,6800.0,2025-05-09 19:39:23,73,2025-05-09 19:39:24.157,6790.0,11325,6780.0,4873,6770.0,1265,6760.0,4500,6750.0,7205,6800.0,3169,6830.0,3631,6840.0,5184,6850.0,822,6860.0,2400,2025-05-09 19:39:24.074,,2147483647,1908347,False,nan
13740,2191163,1613446434,MERV - XMEV - GGAL - 24hs,6800.0,2025-05-09 19:39:24,28,2025-05-09 19:39:24.661,6790.0,11325,6780.0,4873,6770.0,1265,6760.0,4500,6750.0,7205,6800.0,3169,6830.0,3631,6840.0,5184,6850.0,822,6860.0,2400,2025-05-09 19:39:24.575,,2147483647,1908347,True,offer
13741,2191215,1613446492,MERV - XMEV - GGAL - 24hs,6800.0,2025-05-09 19:39:24,28,2025-05-09 19:39:25.259,6790.0,11325,6780.0,4873,6770.0,1265,6760.0,4500,6750.0,7205,6800.0,3141,6830.0,3631,6840.0,5184,6850.0,822,6860.0,2400,2025-05-09 19:39:25.172,,2147483647,1908347,False,nan
13742,2191263,1613446565,MERV - XMEV - GGAL - 24hs,6800.0,2025-05-09 19:39:24,28,2025-05-09 19:39:26.108,6790.0,11325,6780.0,4873,6770.0,1265,6760.0,4500,6750.0,7205,6800.0,3141,6830.0,3631,6840.0,5184,6850.0,822,6860.0,2400,2025-05-09 19:39:25.880,,2147483647,1908375,False,nan
13743,2191418,1613446753,MERV - XMEV - GGAL - 24hs,6800.0,2025-05-09 19:39:24,28,2025-05-09 19:39:26.887,6790.0,10825,6780.0,4873,6770.0,1265,6760.0,4500,6750.0,7205,6800.0,3141,6830.0,3631,6840.0,5184,6850.0,822,6860.0,2400,2025-05-09 19:39:26.801,,2147483647,1908375,False,nan
13744,2191545,1613446933,MERV - XMEV - GGAL - 24hs,6800.0,2025-05-09 19:39:29,399,2025-05-09 19:39:29.316,6790.0,10825,6780.0,4873,6770.0,1265,6760.0,4500,6750.0,7205,6800.0,3141,6830.0,3631,6840.0,5184,6850.0,822,6860.0,2400,2025-05-09 19:39:29.220,,2147483647,1908375,True,offer
13745,2191572,1613446993,MERV - XMEV - GGAL - 24hs,6800.0,2025-05-09 19:39:29,399,2025-05-09 19:39:29.970,6790.0,10825,6780.0,4873,6770.0,1265,6760.0,4500,6750.0,7205,6800.0,2742,6830.0,3631,6840.0,5184,6850.0,822,6860.0,2400,2025-05-09 19:39:29.882,,2147483647,1908375,False,nan
13746,2191589,1613447013,MERV - XMEV - GGAL - 24hs,6800.0,2025-05-09 19:39:29,399,2025-05-09 19:39:30.467,6790.0,10825,6780.0,4873,6770.0,1265,6760.0,4500,6750.0,7205,6800.0,2742,6830.0,3631,6840.0,5184,6850.0,822,6860.0,2400,2025-05-09 19:39:30.383,,2147483647,1908774,False,nan
13747,2191674,1613447123,MERV - XMEV - GGAL - 24hs,6790.0,2025-05-09 19:39:30,600,2025-05-09 19:39:31.068,6790.0,10175,6780.0,5219,6770.0,1265,6760.0,4500,6750.0,7205,6800.0,2742,6830.0,3631,6840.0,5184,6850.0,622,6860.0,2400,2025-05-09 19:39:30.882,,2147483647,1908774,True,bid
13748,2191807,1613447287,MERV - XMEV - GGAL - 24hs,6790.0,2025-05-09 19:39:30,600,2025-05-09 19:39:31.563,6790.0,10175,6780.0,5219,6770.0,1265,6760.0,4500,6750.0,7205,6800.0,2742,6830.0,3631,6840.0,5184,6850.0,622,6860.0,2400,2025-05-09 19:39:31.421,,2147483647,1909424,False,nan
13749,2191953,1613447468,MERV - XMEV - GGAL - 24hs,6790.0,2025-05-09 19:39:30,600,2025-05-09 19:39:33.386,6790.0,10175,6780.0,5219,6770.0,1265,6760.0,4500,6750.0,7205,6800.0,2742,6830.0,3631,6840.0,5184,6850.0,622,6860.0,12400,2025-05-09 19:39:33.303,,2147483647,1909424,False,nan
13750,2192036,1613447570,MERV - XMEV - GGAL - 24hs,6790.0,2025-05-09 19:39:30,600,2025-05-09 19:39:34.270,6790.0,10175,6780.0,5219,6770.0,1265,6760.0,4500,6750.0,7205,6800.0,2742,6830.0,3631,6840.0,5184,6850.0,622,6860.0,13317,2025-05-09 19:39:34.183,,2147483647,1909424,False,nan
13751,2192075,1613447610,MERV - XMEV - GGAL - 24hs,6800.0,2025-05-09 19:39:34,5739,2025-05-09 19:39:34.767,6790.0,10175,6780.0,5219,6770.0,1265,6760.0,4500,6750.0,7205,6800.0,2742,6830.0,3631,6840.0,5184,6850.0,622,6860.0,13317,2025-05-09 19:39:34.683,,2147483647,1909424,True,offer
13752,2192090,1613447627,MERV - XMEV - GGAL - 24hs,6800.0,2025-05-09 19:39:34,5739,2025-05-09 19:39:35.362,6790.0,10175,6780.0,5219,6770.0,1265,6760.0,4500,6750.0,7205,6800.0,886,6830.0,3631,6840.0,5184,6850.0,622,6860.0,13317,2025-05-09 19:39:35.279,,2147483647,1909424,False,nan
13753,2192111,1613447650,MERV - XMEV - GGAL - 24hs,6800.0,2025-05-09 19:39:34,5739,2025-05-09 19:39:35.864,6790.0,10175,6780.0,5219,6770.0,1265,6760.0,4500,6750.0,7205,6800.0,886,6830.0,3631,6840.0,5184,6850.0,622,6860.0,13317,2025-05-09 19:39:35.779,,2147483647,1919424,False,nan
13754,2192366,1613447949,MERV - XMEV - GGAL - 24hs,6800.0,2025-05-09 19:39:34,5739,2025-05-09 19:39:37.799,6790.0,10175,6780.0,5306,6770.0,1265,6760.0,4500,6750.0,7205,6800.0,886,6830.0,3631,6840.0,5184,6850.0,622,6860.0,13317,2025-05-09 19:39:37.716,,2147483647,1919424,False,nan
13755,2192393,1613447979,MERV - XMEV - GGAL - 24hs,6800.0,2025-05-09 19:39:34,5739,2025-05-09 19:39:38.617,6790.0,10175,6780.0,5306,6770.0,1265,6760.0,4500,6750.0,7205,6800.0,1253,6830.0,3631,6840.0,5184,6850.0,622,6860.0,13317,2025-05-09 19:39:38.533,,2147483647,1919424,False,nan
13756,2192412,1613448001,MERV - XMEV - GGAL - 24hs,6800.0,2025-05-09 19:39:34,5739,2025-05-09 19:39:39.477,6790.0,10175,6780.0,5320,6770.0,1265,6760.0,4500,6750.0,7205,6800.0,1253,6830.0,3631,6840.0,5184,6850.0,622,6860.0,13317,2025-05-09 19:39:39.394,,2147483647,1919424,False,nan
13757,2192504,1613448130,MERV - XMEV - GGAL - 24hs,6800.0,2025-05-09 19:39:34,5739,2025-05-09 19:39:41.910,6790.0,10867,6780.0,2632,6770.0,1265,6760.0,4500,6750.0,7205,6800.0,1253,6830.0,3631,6840.0,5184,6850.0,622,6860.0,13317,2025-05-09 19:39:41.826,,2147483647,1919424,False,nan
13758,2192568,1613448211,MERV - XMEV - GGAL - 24hs,6800.0,2025-05-09 19:39:43,605,2025-05-09 19:39:44.084,6790.0,10867,6780.0,2632,6770.0,1265,6760.0,4500,6750.0,7205,6800.0,1253,6830.0,3631,6840.0,5184,6850.0,622,6860.0,13317,2025-05-09 19:39:44.000,,2147483647,1919424,True,offer
13759,2192588,1613448233,MERV - XMEV - GGAL - 24hs,6800.0,2025-05-09 19:39:43,114,2025-05-09 19:39:44.584,6790.0,10867,6780.0,2632,6770.0,1265,6760.0,4500,6750.0,7205,6800.0,1253,6830.0,3631,6840.0,5184,6850.0,622,6860.0,13317,2025-05-09 19:39:44.500,,2147483647,1919424,False,nan
13760,2192613,1613448260,MERV - XMEV - GGAL - 24hs,6790.0,2025-05-09 19:39:44,3,2025-05-09 19:39:45.084,6790.0,10867,6780.0,2632,6770.0,1265,6760.0,4500,6750.0,7205,6800.0,534,6830.0,3631,6840.0,5184,6850.0,622,6860.0,13317,2025-05-09 19:39:45.000,,2147483647,1920424,True,bid
13761,2192647,1613448298,MERV - XMEV - GGAL - 24hs,6790.0,2025-05-09 19:39:44,3,2025-05-09 19:39:45.659,6790.0,10864,6780.0,2632,6770.0,1265,6760.0,4500,6750.0,7205,6800.0,534,6830.0,3631,6840.0,5184,6850.0,622,6860.0,13317,2025-05-09 19:39:45.574,,2147483647,1920424,False,nan
13762,2192664,1613448323,MERV - XMEV - GGAL - 24hs,6790.0,2025-05-09 19:39:44,3,2025-05-09 19:39:46.159,6790.0,10864,6780.0,2632,6770.0,1265,6760.0,4500,6750.0,7205,6800.0,534,6830.0,3631,6840.0,5184,6850.0,622,6860.0,13317,2025-05-09 19:39:46.074,,2147483647,1920427,False,nan
13763,2192703,1613448370,MERV - XMEV - GGAL - 24hs,6790.0,2025-05-09 19:39:44,3,2025-05-09 19:39:47.165,6790.0,10172,6780.0,4626,6770.0,1265,6760.0,4500,6750.0,7205,6800.0,534,6830.0,3631,6840.0,5184,6850.0,722,6860.0,13317,2025-05-09 19:39:47.081,,2147483647,1920427,False,nan
13764,2192781,1613448459,MERV - XMEV - GGAL - 24hs,6800.0,2025-05-09 19:39:48,2,2025-05-09 19:39:48.455,6790.0,10172,6780.0,4626,6770.0,1265,6760.0,4500,6750.0,7205,6800.0,534,6830.0,3631,6840.0,5184,6850.0,722,6860.0,13317,2025-05-09 19:39:48.371,,2147483647,1920427,True,offer
13765,2192805,1613448486,MERV - XMEV - GGAL - 24hs,6800.0,2025-05-09 19:39:48,2,2025-05-09 19:39:48.954,6790.0,11558,6780.0,2632,6770.0,1265,6760.0,4500,6750.0,7205,6800.0,532,6830.0,3631,6840.0,5184,6850.0,722,6860.0,13317,2025-05-09 19:39:48.870,,2147483647,1920427,False,nan
13766,2192832,1613448523,MERV - XMEV - GGAL - 24hs,6800.0,2025-05-09 19:39:48,2,2025-05-09 19:39:49.456,6790.0,11558,6780.0,2632,6770.0,1265,6760.0,4500,6750.0,7205,6800.0,532,6830.0,3631,6840.0,5184,6850.0,722,6860.0,13317,2025-05-09 19:39:49.371,,2147483647,1920429,False,nan
13767,2192914,1613448649,MERV - XMEV - GGAL - 24hs,6800.0,2025-05-09 19:39:48,2,2025-05-09 19:39:49.976,6790.0,10172,6780.0,4973,6770.0,1265,6760.0,4500,6750.0,7205,6800.0,532,6830.0,3631,6840.0,5184,6850.0,722,6860.0,13317,2025-05-09 19:39:49.872,,2147483647,1920429,False,nan
13768,2192967,1613448734,MERV - XMEV - GGAL - 24hs,6800.0,2025-05-09 19:39:49,1729,2025-05-09 19:39:50.463,6790.0,10172,6780.0,4973,6770.0,1265,6760.0,4500,6750.0,7205,6800.0,532,6830.0,3631,6840.0,5184,6850.0,722,6860.0,13317,2025-05-09 19:39:50.377,,2147483647,1920429,True,offer
13769,2193000,1613448775,MERV - XMEV - GGAL - 24hs,6800.0,2025-05-09 19:39:49,1729,2025-05-09 19:39:51.328,6800.0,739,6790.0,9172,6780.0,6320,6770.0,1265,6760.0,4500,6830.0,3669,6840.0,5146,6850.0,722,6860.0,13317,6870.0,10714,2025-05-09 19:39:51.186,,2147483647,1922690,False,nan
13770,2193117,1613448906,MERV - XMEV - GGAL - 24hs,6800.0,2025-05-09 19:39:49,1729,2025-05-09 19:39:52.839,6800.0,739,6790.0,9172,6780.0,6317,6770.0,1265,6760.0,4500,6830.0,3669,6840.0,5146,6850.0,2722,6860.0,13317,6870.0,10714,2025-05-09 19:39:52.752,,2147483647,1922690,False,nan
13771,2193219,1613449046,MERV - XMEV - GGAL - 24hs,6800.0,2025-05-09 19:39:49,1729,2025-05-09 19:39:55.198,6800.0,739,6790.0,9172,6780.0,6317,6770.0,1265,6760.0,4500,6830.0,3669,6840.0,5146,6850.0,2722,6860.0,13417,6870.0,10714,2025-05-09 19:39:55.108,,2147483647,1922690,False,nan
13772,2193539,1613449482,MERV - XMEV - GGAL - 24hs,6800.0,2025-05-09 19:39:49,1729,2025-05-09 19:40:00.902,6800.0,739,6790.0,9172,6780.0,6317,6770.0,1265,6760.0,4500,6830.0,3669,6840.0,5146,6850.0,2722,6860.0,13417,6870.0,10814,2025-05-09 19:40:00.815,,2147483647,1922690,False,nan
13773,2193870,1613449867,MERV - XMEV - GGAL - 24hs,6800.0,2025-05-09 19:40:05,703,2025-05-09 19:40:05.519,6800.0,739,6790.0,9172,6780.0,6317,6770.0,1265,6760.0,4500,6830.0,3669,6840.0,5146,6850.0,2722,6860.0,13417,6870.0,10814,2025-05-09 19:40:05.435,,2147483647,1922690,True,bid
13774,2193912,1613449911,MERV - XMEV - GGAL - 24hs,6800.0,2025-05-09 19:40:05,703,2025-05-09 19:40:06.017,6800.0,36,6790.0,9172,6780.0,6088,6770.0,1265,6760.0,4500,6830.0,3669,6840.0,5146,6850.0,2722,6860.0,13417,6870.0,10814,2025-05-09 19:40:05.934,,2147483647,1922690,False,nan
13775,2193997,1613450034,MERV - XMEV - GGAL - 24hs,6800.0,2025-05-09 19:40:05,703,2025-05-09 19:40:06.547,6800.0,36,6790.0,9172,6780.0,6088,6770.0,1265,6760.0,4500,6830.0,3669,6840.0,5146,6850.0,2722,6860.0,13417,6870.0,10814,2025-05-09 19:40:06.435,,2147483647,1923393,False,nan
13776,2194024,1613450067,MERV - XMEV - GGAL - 24hs,6800.0,2025-05-09 19:40:05,703,2025-05-09 19:40:07.018,6800.0,36,6790.0,9172,6780.0,6088,6770.0,1265,6760.0,4500,6820.0,3000,6830.0,3669,6840.0,2146,6850.0,2722,6860.0,13417,2025-05-09 19:40:06.935,,2147483647,1923393,False,nan
13777,2194173,1613450256,MERV - XMEV - GGAL - 24hs,6800.0,2025-05-09 19:40:05,703,2025-05-09 19:40:09.211,6800.0,36,6790.0,9172,6780.0,4700,6770.0,1265,6760.0,4500,6820.0,3000,6830.0,3669,6840.0,2146,6850.0,2722,6860.0,13417,2025-05-09 19:40:09.128,,2147483647,1923393,False,nan
13778,2194253,1613450362,MERV - XMEV - GGAL - 24hs,6800.0,2025-05-09 19:40:05,703,2025-05-09 19:40:10.430,6800.0,36,6790.0,9172,6780.0,5394,6770.0,1265,6760.0,4500,6820.0,3000,6830.0,3669,6840.0,2146,6850.0,2722,6860.0,13417,2025-05-09 19:40:10.346,,2147483647,1923393,False,nan
13779,2194283,1613450417,MERV - XMEV - GGAL - 24hs,6800.0,2025-05-09 19:40:05,703,2025-05-09 19:40:11.203,6800.0,36,6790.0,9172,6780.0,5387,6770.0,1265,6760.0,4500,6820.0,3000,6830.0,3669,6840.0,2146,6850.0,2722,6860.0,13417,2025-05-09 19:40:11.119,,2147483647,1923393,False,nan
13780,2194338,1613450502,MERV - XMEV - GGAL - 24hs,6800.0,2025-05-09 19:40:05,703,2025-05-09 19:40:12.229,6800.0,36,6790.0,9172,6780.0,6081,6770.0,1265,6760.0,4500,6820.0,3000,6830.0,3669,6840.0,2146,6850.0,2722,6860.0,13417,2025-05-09 19:40:12.141,,2147483647,1923393,False,nan
13781,2194499,1613450699,MERV - XMEV - GGAL - 24hs,6800.0,2025-05-09 19:40:05,703,2025-05-09 19:40:14.398,6800.0,36,6790.0,9172,6780.0,5081,6770.0,1265,6760.0,4500,6820.0,3000,6830.0,3669,6840.0,2146,6850.0,2722,6860.0,13417,2025-05-09 19:40:14.182,,2147483647,1923393,False,nan
13782,2194662,1613450887,MERV - XMEV - GGAL - 24hs,6800.0,2025-05-09 19:40:05,703,2025-05-09 19:40:14.963,6800.0,36,6790.0,9172,6780.0,4040,6770.0,1265,6760.0,4500,6820.0,3000,6830.0,3669,6840.0,2146,6850.0,2722,6860.0,13417,2025-05-09 19:40:14.363,,2147483647,1923393,False,nan
13783,2194857,1613451110,MERV - XMEV - GGAL - 24hs,6820.0,2025-05-09 19:40:15,44,2025-05-09 19:40:15.753,6800.0,36,6790.0,9172,6780.0,4040,6770.0,1265,6760.0,4500,6820.0,3000,6830.0,3669,6840.0,2146,6850.0,2722,6860.0,13417,2025-05-09 19:40:15.666,,2147483647,1923393,True,offer
13784,2194893,1613451161,MERV - XMEV - GGAL - 24hs,6820.0,2025-05-09 19:40:15,44,2025-05-09 19:40:16.255,6800.0,36,6790.0,9172,6780.0,3693,6770.0,1265,6760.0,4500,6820.0,3000,6830.0,3669,6840.0,2146,6850.0,2722,6860.0,13417,2025-05-09 19:40:16.167,,2147483647,1923393,False,nan
13785,2194932,1613451209,MERV - XMEV - GGAL - 24hs,6820.0,2025-05-09 19:40:15,44,2025-05-09 19:40:16.755,6800.0,36,6790.0,9172,6780.0,3693,6770.0,1265,6760.0,4500,6820.0,2956,6830.0,3669,6840.0,2146,6850.0,2722,6860.0,13417,2025-05-09 19:40:16.667,,2147483647,1923437,False,nan
13786,2194967,1613451254,MERV - XMEV - GGAL - 24hs,6820.0,2025-05-09 19:40:15,44,2025-05-09 19:40:17.280,6800.0,36,6790.0,9172,6780.0,5081,6770.0,1265,6760.0,4500,6820.0,2956,6830.0,3669,6840.0,2146,6850.0,2722,6860.0,13417,2025-05-09 19:40:17.197,,2147483647,1923437,False,nan
13787,2194987,1613451275,MERV - XMEV - GGAL - 24hs,6800.0,2025-05-09 19:40:17,36,2025-05-09 19:40:17.802,6800.0,36,6790.0,9172,6780.0,5081,6770.0,1265,6760.0,4500,6820.0,2956,6830.0,3669,6840.0,2146,6850.0,2722,6860.0,13417,2025-05-09 19:40:17.717,,2147483647,1923437,True,bid
13788,2195132,1613451435,MERV - XMEV - GGAL - 24hs,6800.0,2025-05-09 19:40:17,36,2025-05-09 19:40:18.476,6790.0,9172,6780.0,5428,6770.0,1265,6760.0,4500,6750.0,2305,6800.0,365,6820.0,2994,6830.0,3631,6840.0,2146,6850.0,2722,2025-05-09 19:40:18.216,,2147483647,1923437,False,nan
13789,2195181,1613451507,MERV - XMEV - GGAL - 24hs,6800.0,2025-05-09 19:40:18,3,2025-05-09 19:40:18.807,6790.0,9172,6780.0,5428,6770.0,1265,6760.0,4500,6750.0,2305,6800.0,365,6820.0,2994,6830.0,3631,6840.0,2146,6850.0,2722,2025-05-09 19:40:18.717,,2147483647,1923476,True,offer
13790,2195214,1613451545,MERV - XMEV - GGAL - 24hs,6800.0,2025-05-09 19:40:18,3,2025-05-09 19:40:19.308,6790.0,9172,6780.0,5428,6770.0,1265,6760.0,4500,6750.0,2305,6800.0,362,6820.0,2994,6830.0,3631,6840.0,2146,6850.0,2722,2025-05-09 19:40:19.216,,2147483647,1923476,False,nan
13791,2195282,1613451639,MERV - XMEV - GGAL - 24hs,6800.0,2025-05-09 19:40:20,250,2025-05-09 19:40:20.405,6790.0,9172,6780.0,5428,6770.0,1265,6760.0,4500,6750.0,2305,6800.0,362,6820.0,2994,6830.0,3631,6840.0,2146,6850.0,2722,2025-05-09 19:40:20.321,,2147483647,1923476,True,offer
13792,2195317,1613451675,MERV - XMEV - GGAL - 24hs,6800.0,2025-05-09 19:40:20,250,2025-05-09 19:40:20.994,6790.0,9172,6780.0,5428,6770.0,1265,6760.0,4500,6750.0,2305,6800.0,112,6820.0,2994,6830.0,3631,6840.0,2146,6850.0,2722,2025-05-09 19:40:20.909,,2147483647,1923476,False,nan
13793,2195342,1613451709,MERV - XMEV - GGAL - 24hs,6800.0,2025-05-09 19:40:20,250,2025-05-09 19:40:21.492,6790.0,9172,6780.0,5428,6770.0,1265,6760.0,4500,6750.0,2305,6800.0,112,6820.0,2994,6830.0,3631,6840.0,2146,6850.0,2722,2025-05-09 19:40:21.409,,2147483647,1923726,False,nan
13794,2195391,1613451774,MERV - XMEV - GGAL - 24hs,6800.0,2025-05-09 19:40:22,112,2025-05-09 19:40:22.436,6790.0,9172,6780.0,5428,6770.0,1265,6760.0,4500,6750.0,2305,6800.0,112,6820.0,2994,6830.0,3631,6840.0,2146,6850.0,2722,2025-05-09 19:40:22.351,,2147483647,1923726,True,offer
13795,2195417,1613451804,MERV - XMEV - GGAL - 24hs,6800.0,2025-05-09 19:40:22,112,2025-05-09 19:40:22.939,6800.0,1888,6790.0,9172,6780.0,5428,6770.0,1265,6760.0,4500,6820.0,2994,6830.0,3631,6840.0,2146,6850.0,2722,6860.0,13417,2025-05-09 19:40:22.853,,2147483647,1923726,False,nan
13796,2195457,1613451851,MERV - XMEV - GGAL - 24hs,6800.0,2025-05-09 19:40:22,112,2025-05-09 19:40:23.437,6800.0,1888,6790.0,9172,6780.0,5428,6770.0,1265,6760.0,4500,6820.0,2994,6830.0,3631,6840.0,2146,6850.0,2722,6860.0,13417,2025-05-09 19:40:23.352,,2147483647,1923838,False,nan
13797,2195496,1613451898,MERV - XMEV - GGAL - 24hs,6820.0,2025-05-09 19:40:23,31,2025-05-09 19:40:23.996,6800.0,1888,6790.0,9172,6780.0,5428,6770.0,1265,6760.0,4500,6820.0,2994,6830.0,3631,6840.0,2146,6850.0,2722,6860.0,13417,2025-05-09 19:40:23.906,,2147483647,1923838,True,offer
13798,2195549,1613451970,MERV - XMEV - GGAL - 24hs,6820.0,2025-05-09 19:40:23,31,2025-05-09 19:40:24.653,6800.0,2000,6790.0,9172,6780.0,5428,6770.0,1265,6760.0,4500,6820.0,2963,6830.0,3631,6840.0,2146,6850.0,2722,6860.0,13417,2025-05-09 19:40:24.569,,2147483647,1923838,False,nan
13799,2195568,1613451991,MERV - XMEV - GGAL - 24hs,6820.0,2025-05-09 19:40:23,31,2025-05-09 19:40:25.158,6800.0,2000,6790.0,9172,6780.0,5428,6770.0,1265,6760.0,4500,6820.0,2963,6830.0,3631,6840.0,2146,6850.0,2722,6860.0,13417,2025-05-09 19:40:25.070,,2147483647,1923869,False,nan
13800,2195677,1613452113,MERV - XMEV - GGAL - 24hs,6820.0,2025-05-09 19:40:23,31,2025-05-09 19:40:26.395,6800.0,2000,6790.0,9172,6780.0,5428,6770.0,1265,6760.0,4500,6820.0,2963,6830.0,3631,6840.0,2146,6850.0,4722,6860.0,11417,2025-05-09 19:40:26.311,,2147483647,1923869,False,nan
13801,2195854,1613452326,MERV - XMEV - GGAL - 24hs,6820.0,2025-05-09 19:40:23,31,2025-05-09 19:40:27.827,6800.0,1888,6790.0,9172,6780.0,5428,6770.0,1265,6760.0,4500,6820.0,2963,6830.0,3631,6840.0,2146,6850.0,4722,6860.0,11417,2025-05-09 19:40:27.744,,2147483647,1923869,False,nan
13802,2196245,1613452780,MERV - XMEV - GGAL - 24hs,6820.0,2025-05-09 19:40:23,31,2025-05-09 19:40:31.539,6800.0,1888,6790.0,9172,6780.0,5081,6770.0,1265,6760.0,4500,6820.0,2963,6830.0,3631,6840.0,2146,6850.0,4722,6860.0,11417,2025-05-09 19:40:31.383,,2147483647,1923869,False,nan
13803,2196330,1613452876,MERV - XMEV - GGAL - 24hs,6820.0,2025-05-09 19:40:23,31,2025-05-09 19:40:31.831,6800.0,1932,6790.0,9172,6780.0,5081,6770.0,1265,6760.0,4500,6820.0,4963,6830.0,3631,6840.0,2146,6850.0,4722,6860.0,11417,2025-05-09 19:40:31.713,,2147483647,1923869,False,nan
13804,2196358,1613452910,MERV - XMEV - GGAL - 24hs,6800.0,2025-05-09 19:40:31,132,2025-05-09 19:40:32.300,6800.0,1932,6790.0,9172,6780.0,5081,6770.0,1265,6760.0,4500,6820.0,4963,6830.0,3631,6840.0,2146,6850.0,4722,6860.0,11417,2025-05-09 19:40:32.214,,2147483647,1923869,True,bid
13805,2196449,1613453012,MERV - XMEV - GGAL - 24hs,6800.0,2025-05-09 19:40:31,132,2025-05-09 19:40:32.799,6800.0,1800,6790.0,9172,6780.0,5428,6770.0,1265,6760.0,4500,6820.0,4963,6830.0,3631,6840.0,2146,6850.0,4722,6860.0,11417,2025-05-09 19:40:32.713,,2147483647,1924001,False,nan
13806,2196476,1613453042,MERV - XMEV - GGAL - 24hs,6800.0,2025-05-09 19:40:31,132,2025-05-09 19:40:33.297,6800.0,1800,6790.0,9172,6780.0,5775,6770.0,1265,6760.0,4500,6820.0,4963,6830.0,3631,6840.0,2146,6850.0,4722,6860.0,11417,2025-05-09 19:40:33.213,,2147483647,1924001,False,nan
13807,2196963,1613453604,MERV - XMEV - GGAL - 24hs,6800.0,2025-05-09 19:40:31,132,2025-05-09 19:40:38.971,6800.0,1800,6790.0,9072,6780.0,5775,6770.0,1265,6760.0,4500,6820.0,4963,6830.0,3631,6840.0,2146,6850.0,4722,6860.0,11417,2025-05-09 19:40:38.887,,2147483647,1924001,False,nan
13808,2196998,1613453639,MERV - XMEV - GGAL - 24hs,6820.0,2025-05-09 19:40:39,140,2025-05-09 19:40:39.471,6800.0,1800,6790.0,9072,6780.0,5775,6770.0,1265,6760.0,4500,6820.0,4963,6830.0,3631,6840.0,2146,6850.0,4722,6860.0,11417,2025-05-09 19:40:39.387,,2147483647,1924001,True,offer
13809,2197057,1613453720,MERV - XMEV - GGAL - 24hs,6820.0,2025-05-09 19:40:39,140,2025-05-09 19:40:39.972,6800.0,1800,6790.0,9072,6780.0,5775,6770.0,1265,6760.0,4500,6820.0,4823,6830.0,3631,6840.0,2146,6850.0,4722,6860.0,11417,2025-05-09 19:40:39.887,,2147483647,1924141,False,nan
13810,2197347,1613454073,MERV - XMEV - GGAL - 24hs,6820.0,2025-05-09 19:40:39,140,2025-05-09 19:40:41.579,6800.0,1800,6790.0,9072,6780.0,5775,6770.0,1265,6760.0,4500,6820.0,4823,6830.0,3631,6840.0,2146,6850.0,14722,6860.0,1417,2025-05-09 19:40:41.493,,2147483647,1924141,False,nan
13811,2197469,1613454209,MERV - XMEV - GGAL - 24hs,6820.0,2025-05-09 19:40:39,140,2025-05-09 19:40:43.025,6800.0,1900,6790.0,9072,6780.0,5775,6770.0,1265,6760.0,4500,6820.0,4823,6830.0,3631,6840.0,2146,6850.0,14722,6860.0,1417,2025-05-09 19:40:42.941,,2147483647,1924141,False,nan
13812,2197621,1613454403,MERV - XMEV - GGAL - 24hs,6820.0,2025-05-09 19:40:39,140,2025-05-09 19:40:44.028,6800.0,1900,6790.0,9072,6780.0,2632,6770.0,7510,6760.0,4500,6820.0,4823,6830.0,3631,6840.0,2146,6850.0,14722,6860.0,1417,2025-05-09 19:40:43.888,,2147483647,1924141,False,nan
13813,2197729,1613454547,MERV - XMEV - GGAL - 24hs,6820.0,2025-05-09 19:40:39,140,2025-05-09 19:40:44.717,6800.0,1900,6790.0,9072,6780.0,2632,6770.0,4734,6760.0,4500,6820.0,5073,6830.0,3631,6840.0,2146,6850.0,14722,6860.0,1417,2025-05-09 19:40:44.634,,2147483647,1924141,False,nan
13814,2197806,1613454639,MERV - XMEV - GGAL - 24hs,6800.0,2025-05-09 19:40:45,90,2025-05-09 19:40:45.293,6800.0,1900,6790.0,9072,6780.0,2632,6770.0,4734,6760.0,4500,6820.0,5073,6830.0,3631,6840.0,2146,6850.0,14722,6860.0,1417,2025-05-09 19:40:45.209,,2147483647,1924141,True,bid
13815,2197867,1613454720,MERV - XMEV - GGAL - 24hs,6800.0,2025-05-09 19:40:45,90,2025-05-09 19:40:45.966,6800.0,1810,6790.0,9072,6780.0,2632,6770.0,5428,6760.0,4500,6820.0,5073,6830.0,3631,6840.0,2146,6850.0,14722,6860.0,1417,2025-05-09 19:40:45.879,,2147483647,1924141,False,nan
13816,2197905,1613454771,MERV - XMEV - GGAL - 24hs,6800.0,2025-05-09 19:40:45,90,2025-05-09 19:40:46.463,6800.0,1810,6790.0,9072,6780.0,2632,6770.0,5428,6760.0,4500,6820.0,5073,6830.0,3631,6840.0,2146,6850.0,14722,6860.0,1417,2025-05-09 19:40:46.380,,2147483647,1924231,False,nan
13817,2197973,1613454852,MERV - XMEV - GGAL - 24hs,6800.0,2025-05-09 19:40:45,90,2025-05-09 19:40:47.656,6800.0,2810,6790.0,9072,6780.0,2632,6770.0,5428,6760.0,4500,6820.0,5073,6830.0,3631,6840.0,2146,6850.0,14722,6860.0,1417,2025-05-09 19:40:47.572,,2147483647,1924231,False,nan
13818,2198044,1613454941,MERV - XMEV - GGAL - 24hs,6800.0,2025-05-09 19:40:45,90,2025-05-09 19:40:49.577,6800.0,2810,6790.0,9072,6780.0,2632,6770.0,5428,6760.0,4500,6820.0,5073,6830.0,3631,6840.0,2146,6850.0,14722,6860.0,6417,2025-05-09 19:40:49.494,,2147483647,1924231,False,nan
13819,2198104,1613455011,MERV - XMEV - GGAL - 24hs,6800.0,2025-05-09 19:40:50,401,2025-05-09 19:40:50.399,6800.0,2810,6790.0,9072,6780.0,2632,6770.0,5428,6760.0,4500,6820.0,5073,6830.0,3631,6840.0,2146,6850.0,14722,6860.0,6417,2025-05-09 19:40:50.314,,2147483647,1924231,True,bid
13820,2198120,1613455031,MERV - XMEV - GGAL - 24hs,6800.0,2025-05-09 19:40:50,401,2025-05-09 19:40:50.897,6800.0,2409,6790.0,9072,6780.0,2632,6770.0,5428,6760.0,4500,6820.0,5073,6830.0,3631,6840.0,2146,6850.0,14722,6860.0,6417,2025-05-09 19:40:50.813,,2147483647,1924231,False,nan
13821,2198196,1613455115,MERV - XMEV - GGAL - 24hs,6800.0,2025-05-09 19:40:50,401,2025-05-09 19:40:51.396,6800.0,2409,6790.0,9072,6780.0,2632,6770.0,5428,6760.0,4500,6820.0,5073,6830.0,3631,6840.0,2146,6850.0,14722,6860.0,6417,2025-05-09 19:40:51.313,,2147483647,1924632,False,nan
13822,2198271,1613455208,MERV - XMEV - GGAL - 24hs,6800.0,2025-05-09 19:40:50,401,2025-05-09 19:40:52.391,6800.0,2409,6790.0,9072,6780.0,2632,6770.0,6469,6760.0,4500,6820.0,5073,6830.0,3631,6840.0,2146,6850.0,14722,6860.0,6417,2025-05-09 19:40:52.305,,2147483647,1924632,False,nan
13823,2198305,1613455250,MERV - XMEV - GGAL - 24hs,6800.0,2025-05-09 19:40:52,1265,2025-05-09 19:40:53.030,6800.0,2409,6790.0,9072,6780.0,2632,6770.0,6469,6760.0,4500,6820.0,5073,6830.0,3631,6840.0,2146,6850.0,14722,6860.0,6417,2025-05-09 19:40:52.946,,2147483647,1924632,True,bid
13824,2198328,1613455279,MERV - XMEV - GGAL - 24hs,6800.0,2025-05-09 19:40:52,1000,2025-05-09 19:40:53.531,6800.0,2409,6790.0,9072,6780.0,2632,6770.0,6469,6760.0,4500,6820.0,5073,6830.0,3631,6840.0,2146,6850.0,14722,6860.0,6417,2025-05-09 19:40:53.446,,2147483647,1924632,False,nan
13825,2198346,1613455302,MERV - XMEV - GGAL - 24hs,6800.0,2025-05-09 19:40:52,1000,2025-05-09 19:40:54.029,6790.0,9072,6780.0,2632,6770.0,6469,6760.0,4500,6750.0,2306,6800.0,3350,6820.0,5073,6830.0,3631,6840.0,2146,6850.0,14722,2025-05-09 19:40:53.945,,2147483647,1927041,False,nan
13826,2198432,1613455408,MERV - XMEV - GGAL - 24hs,6800.0,2025-05-09 19:40:52,1000,2025-05-09 19:40:55.103,6790.0,9187,6780.0,2632,6770.0,6469,6760.0,4500,6750.0,2306,6800.0,3350,6820.0,5073,6830.0,3631,6840.0,2146,6850.0,14722,2025-05-09 19:40:55.018,,2147483647,1927041,False,nan
13827,2198496,1613455495,MERV - XMEV - GGAL - 24hs,6800.0,2025-05-09 19:40:52,1000,2025-05-09 19:40:56.060,6790.0,9187,6780.0,2632,6770.0,6469,6760.0,4500,6750.0,2306,6800.0,3354,6820.0,5073,6830.0,3631,6840.0,2146,6850.0,14722,2025-05-09 19:40:55.937,,2147483647,1927041,False,nan
13828,2198767,1613455818,MERV - XMEV - GGAL - 24hs,6800.0,2025-05-09 19:40:52,1000,2025-05-09 19:40:57.050,6790.0,9187,6780.0,2632,6770.0,8204,6760.0,4500,6750.0,2306,6800.0,3354,6820.0,5073,6830.0,3631,6840.0,2146,6850.0,14722,2025-05-09 19:40:56.645,,2147483647,1927041,False,nan
13829,2198891,1613455958,MERV - XMEV - GGAL - 24hs,6800.0,2025-05-09 19:40:52,1000,2025-05-09 19:40:58.330,6790.0,9187,6780.0,2632,6770.0,8898,6760.0,4500,6750.0,2306,6800.0,6704,6820.0,5073,6830.0,3631,6840.0,2146,6850.0,14722,2025-05-09 19:40:58.220,,2147483647,1927041,False,nan
13830,2198920,1613456000,MERV - XMEV - GGAL - 24hs,6800.0,2025-05-09 19:40:52,1000,2025-05-09 19:40:58.603,6790.0,9187,6780.0,2632,6770.0,1612,6760.0,4500,6750.0,2306,6800.0,6704,6820.0,5073,6830.0,3631,6840.0,2146,6850.0,14722,2025-05-09 19:40:58.519,,2147483647,1927041,False,nan
13831,2199029,1613456148,MERV - XMEV - GGAL - 24hs,6800.0,2025-05-09 19:40:52,1000,2025-05-09 19:41:00.615,6790.0,9187,6780.0,2632,6770.0,1266,6760.0,4500,6750.0,2306,6800.0,6704,6820.0,5073,6830.0,3631,6840.0,2146,6850.0,14722,2025-05-09 19:41:00.527,,2147483647,1927041,False,nan
13832,2199323,1613456514,MERV - XMEV - GGAL - 24hs,6800.0,2025-05-09 19:41:05,3350,2025-05-09 19:41:06.032,6790.0,9187,6780.0,2632,6770.0,1266,6760.0,4500,6750.0,2306,6800.0,6704,6820.0,5073,6830.0,3631,6840.0,2146,6850.0,14722,2025-05-09 19:41:05.948,,2147483647,1927041,True,offer
13833,2199342,1613456537,MERV - XMEV - GGAL - 24hs,6800.0,2025-05-09 19:41:05,4280,2025-05-09 19:41:06.532,6790.0,9187,6780.0,2632,6770.0,1266,6760.0,4500,6750.0,2306,6800.0,6704,6820.0,5073,6830.0,3631,6840.0,2146,6850.0,14722,2025-05-09 19:41:06.448,,2147483647,1927041,False,nan
13834,2199366,1613456572,MERV - XMEV - GGAL - 24hs,6800.0,2025-05-09 19:41:05,4280,2025-05-09 19:41:07.036,6790.0,9187,6780.0,2632,6770.0,2281,6760.0,4500,6750.0,2306,6800.0,6700,6820.0,5073,6830.0,3631,6840.0,2146,6850.0,14822,2025-05-09 19:41:06.947,,2147483647,1942041,False,nan
13835,2199430,1613456655,MERV - XMEV - GGAL - 24hs,6800.0,2025-05-09 19:41:05,4280,2025-05-09 19:41:08.054,6790.0,9187,6780.0,2632,6770.0,2303,6760.0,4500,6750.0,2306,6800.0,6700,6820.0,5073,6830.0,3631,6840.0,2146,6850.0,14822,2025-05-09 19:41:07.970,,2147483647,1942041,False,nan
13836,2199480,1613456728,MERV - XMEV - GGAL - 24hs,6800.0,2025-05-09 19:41:09,73,2025-05-09 19:41:09.571,6790.0,9187,6780.0,2632,6770.0,2303,6760.0,4500,6750.0,2306,6800.0,6700,6820.0,5073,6830.0,3631,6840.0,2146,6850.0,14822,2025-05-09 19:41:09.488,,2147483647,1942041,True,offer
13837,2199525,1613456782,MERV - XMEV - GGAL - 24hs,6800.0,2025-05-09 19:41:09,73,2025-05-09 19:41:10.236,6790.0,9187,6780.0,2632,6770.0,2303,6760.0,4500,6750.0,2306,6800.0,6627,6820.0,5073,6830.0,3631,6840.0,2146,6850.0,14822,2025-05-09 19:41:10.150,,2147483647,1942041,False,nan
13838,2199544,1613456804,MERV - XMEV - GGAL - 24hs,6800.0,2025-05-09 19:41:09,73,2025-05-09 19:41:10.734,6790.0,9187,6780.0,2632,6770.0,2303,6760.0,4500,6750.0,2306,6800.0,6627,6820.0,5073,6830.0,3631,6840.0,2146,6850.0,14822,2025-05-09 19:41:10.650,,2147483647,1942114,False,nan
13839,2199752,1613457039,MERV - XMEV - GGAL - 24hs,6800.0,2025-05-09 19:41:09,73,2025-05-09 19:41:13.456,6790.0,9187,6780.0,2632,6770.0,2996,6760.0,4500,6750.0,2306,6800.0,6627,6820.0,5073,6830.0,3631,6840.0,2146,6850.0,14822,2025-05-09 19:41:13.371,,2147483647,1942114,False,nan
13840,2199841,1613457152,MERV - XMEV - GGAL - 24hs,6800.0,2025-05-09 19:41:09,73,2025-05-09 19:41:14.939,6790.0,9187,6780.0,2632,6770.0,3343,6760.0,4500,6750.0,2306,6800.0,6627,6820.0,5073,6830.0,3631,6840.0,2146,6850.0,14822,2025-05-09 19:41:14.844,,2147483647,1942114,False,nan
13841,2199938,1613457266,MERV - XMEV - GGAL - 24hs,6800.0,2025-05-09 19:41:09,73,2025-05-09 19:41:16.116,6790.0,9187,6780.0,2637,6770.0,3343,6760.0,4500,6750.0,2306,6800.0,6627,6820.0,5073,6830.0,3631,6840.0,2146,6850.0,14822,2025-05-09 19:41:16.033,,2147483647,1942114,False,nan
13842,2200073,1613457429,MERV - XMEV - GGAL - 24hs,6800.0,2025-05-09 19:41:09,73,2025-05-09 19:41:18.365,6790.0,9187,6780.0,2637,6770.0,2303,6760.0,4500,6750.0,2306,6800.0,6627,6820.0,5073,6830.0,3631,6840.0,2146,6850.0,14822,2025-05-09 19:41:18.281,,2147483647,1942114,False,nan
13843,2200282,1613457689,MERV - XMEV - GGAL - 24hs,6800.0,2025-05-09 19:41:09,73,2025-05-09 19:41:20.891,6790.0,9187,6780.0,3637,6770.0,3343,6760.0,4500,6750.0,2306,6800.0,6627,6820.0,5073,6830.0,3631,6840.0,2146,6850.0,14822,2025-05-09 19:41:20.803,,2147483647,1942114,False,nan
13844,2200426,1613457880,MERV - XMEV - GGAL - 24hs,6800.0,2025-05-09 19:41:09,73,2025-05-09 19:41:22.549,6790.0,9187,6780.0,3637,6770.0,2303,6760.0,4500,6750.0,2306,6800.0,6627,6820.0,5073,6830.0,3631,6840.0,2146,6850.0,14822,2025-05-09 19:41:22.466,,2147483647,1942114,False,nan
13845,2200471,1613457950,MERV - XMEV - GGAL - 24hs,6800.0,2025-05-09 19:41:09,73,2025-05-09 19:41:23.388,6790.0,9287,6780.0,3637,6770.0,2303,6760.0,4500,6750.0,2306,6800.0,6627,6820.0,5073,6830.0,3631,6840.0,2146,6850.0,14822,2025-05-09 19:41:23.301,,2147483647,1942114,False,nan
13846,2200642,1613458217,MERV - XMEV - GGAL - 24hs,6800.0,2025-05-09 19:41:25,100,2025-05-09 19:41:26.053,6790.0,9287,6780.0,3637,6770.0,2303,6760.0,4500,6750.0,2306,6800.0,6627,6820.0,5073,6830.0,3631,6840.0,2146,6850.0,14822,2025-05-09 19:41:25.968,,2147483647,1942114,True,offer
13847,2200661,1613458245,MERV - XMEV - GGAL - 24hs,6800.0,2025-05-09 19:41:26,31,2025-05-09 19:41:26.553,6790.0,9287,6780.0,3637,6770.0,2303,6760.0,4500,6750.0,2306,6800.0,6496,6820.0,5073,6830.0,3631,6840.0,2146,6850.0,14822,2025-05-09 19:41:26.468,,2147483647,1942214,True,offer
13848,2200685,1613458283,MERV - XMEV - GGAL - 24hs,6800.0,2025-05-09 19:41:26,31,2025-05-09 19:41:27.051,6790.0,9287,6780.0,3637,6770.0,2303,6760.0,4500,6750.0,2306,6800.0,6496,6820.0,5073,6830.0,3631,6840.0,2146,6850.0,14822,2025-05-09 19:41:26.969,,2147483647,1942245,False,nan
13849,2200760,1613458375,MERV - XMEV - GGAL - 24hs,6800.0,2025-05-09 19:41:26,31,2025-05-09 19:41:28.925,6790.0,9287,6780.0,2637,6770.0,3303,6760.0,3500,6750.0,3306,6800.0,6496,6820.0,5073,6830.0,3631,6840.0,4146,6850.0,12822,2025-05-09 19:41:28.837,,2147483647,1942245,False,nan
13850,2200790,1613458410,MERV - XMEV - GGAL - 24hs,6800.0,2025-05-09 19:41:26,31,2025-05-09 19:41:29.640,6790.0,9287,6780.0,2637,6770.0,2610,6760.0,3500,6750.0,3306,6800.0,6496,6820.0,5073,6830.0,3631,6840.0,4146,6850.0,12822,2025-05-09 19:41:29.552,,2147483647,1942245,False,nan
13851,2200880,1613458517,MERV - XMEV - GGAL - 24hs,6800.0,2025-05-09 19:41:31,10,2025-05-09 19:41:31.128,6790.0,9287,6780.0,2637,6770.0,2610,6760.0,3500,6750.0,3306,6800.0,6496,6820.0,5073,6830.0,3631,6840.0,4146,6850.0,12822,2025-05-09 19:41:31.040,,2147483647,1942245,True,offer
13852,2200904,1613458548,MERV - XMEV - GGAL - 24hs,6800.0,2025-05-09 19:41:31,10,2025-05-09 19:41:31.624,6790.0,9287,6780.0,2637,6770.0,2610,6760.0,3500,6750.0,3306,6800.0,6486,6820.0,5073,6830.0,3631,6840.0,4146,6850.0,12822,2025-05-09 19:41:31.540,,2147483647,1942245,False,nan
13853,2200951,1613458603,MERV - XMEV - GGAL - 24hs,6800.0,2025-05-09 19:41:31,10,2025-05-09 19:41:32.123,6790.0,9287,6780.0,2637,6770.0,2610,6760.0,3500,6750.0,3306,6800.0,6486,6820.0,5073,6830.0,3631,6840.0,4146,6850.0,12822,2025-05-09 19:41:32.040,,2147483647,1942255,False,nan
13854,2201009,1613458679,MERV - XMEV - GGAL - 24hs,6800.0,2025-05-09 19:41:33,1,2025-05-09 19:41:33.666,6790.0,9287,6780.0,2637,6770.0,2610,6760.0,3500,6750.0,3306,6800.0,6486,6820.0,5073,6830.0,3631,6840.0,4146,6850.0,12822,2025-05-09 19:41:33.579,,2147483647,1942255,True,offer
13855,2201030,1613458707,MERV - XMEV - GGAL - 24hs,6800.0,2025-05-09 19:41:33,1,2025-05-09 19:41:34.340,6790.0,9287,6780.0,2637,6770.0,2610,6760.0,3500,6750.0,3306,6800.0,6502,6820.0,5073,6830.0,3631,6840.0,4146,6850.0,12822,2025-05-09 19:41:34.248,,2147483647,1942255,False,nan
13856,2201050,1613458727,MERV - XMEV - GGAL - 24hs,6800.0,2025-05-09 19:41:33,1,2025-05-09 19:41:34.844,6790.0,9287,6780.0,2637,6770.0,2610,6760.0,3500,6750.0,3306,6800.0,6502,6820.0,5073,6830.0,3631,6840.0,4146,6850.0,12822,2025-05-09 19:41:34.752,,2147483647,1942256,False,nan
13857,2201074,1613458756,MERV - XMEV - GGAL - 24hs,6800.0,2025-05-09 19:41:33,1,2025-05-09 19:41:35.411,6790.0,9287,6780.0,2637,6770.0,2610,6760.0,3500,6750.0,2306,6800.0,6502,6820.0,5073,6830.0,3631,6840.0,4146,6850.0,12822,2025-05-09 19:41:35.327,,2147483647,1942256,False,nan
13858,2201253,1613458990,MERV - XMEV - GGAL - 24hs,6800.0,2025-05-09 19:41:33,1,2025-05-09 19:41:38.161,6790.0,9287,6780.0,2637,6770.0,2610,6760.0,3500,6750.0,2306,6800.0,6502,6820.0,5073,6830.0,3631,6840.0,4146,6850.0,17822,2025-05-09 19:41:38.078,,2147483647,1942256,False,nan
13859,2201293,1613459038,MERV - XMEV - GGAL - 24hs,6800.0,2025-05-09 19:41:33,1,2025-05-09 19:41:39.305,6790.0,9287,6780.0,2637,6770.0,2610,6760.0,3500,6750.0,2306,6800.0,6502,6810.0,2785,6820.0,2288,6830.0,3631,6840.0,4146,2025-05-09 19:41:39.221,,2147483647,1942256,False,nan
13860,2201475,1613459253,MERV - XMEV - GGAL - 24hs,6800.0,2025-05-09 19:41:33,1,2025-05-09 19:41:43.195,6790.0,9287,6780.0,2637,6770.0,2610,6760.0,3500,6750.0,2306,6800.0,7302,6810.0,2785,6820.0,2288,6830.0,3631,6840.0,4146,2025-05-09 19:41:43.111,,2147483647,1942256,False,nan
13861,2201603,1613459421,MERV - XMEV - GGAL - 24hs,6800.0,2025-05-09 19:41:33,1,2025-05-09 19:41:45.625,6790.0,9287,6780.0,2637,6770.0,2957,6760.0,3500,6750.0,2306,6800.0,7302,6810.0,2785,6820.0,2288,6830.0,3631,6840.0,4146,2025-05-09 19:41:45.541,,2147483647,1942256,False,nan
13862,2201981,1613459885,MERV - XMEV - GGAL - 24hs,6800.0,2025-05-09 19:41:54,600,2025-05-09 19:41:54.335,6790.0,9287,6780.0,2637,6770.0,2957,6760.0,3500,6750.0,2306,6800.0,7302,6810.0,2785,6820.0,2288,6830.0,3631,6840.0,4146,2025-05-09 19:41:54.235,,2147483647,1942256,True,offer
13863,2202022,1613459937,MERV - XMEV - GGAL - 24hs,6800.0,2025-05-09 19:41:54,600,2025-05-09 19:41:54.819,6790.0,9287,6780.0,2637,6770.0,2656,6760.0,3500,6750.0,2306,6800.0,6702,6810.0,2785,6820.0,2288,6830.0,3631,6840.0,4146,2025-05-09 19:41:54.736,,2147483647,1942256,False,nan
13864,2202043,1613459960,MERV - XMEV - GGAL - 24hs,6800.0,2025-05-09 19:41:54,600,2025-05-09 19:41:55.315,6790.0,9287,6780.0,2637,6770.0,2656,6760.0,3500,6750.0,2306,6800.0,6702,6810.0,2785,6820.0,2288,6830.0,3631,6840.0,4146,2025-05-09 19:41:55.231,,2147483647,1942856,False,nan
13865,2202265,1613460240,MERV - XMEV - GGAL - 24hs,6800.0,2025-05-09 19:41:54,600,2025-05-09 19:42:00.239,6790.0,9287,6780.0,2637,6770.0,2638,6760.0,3500,6750.0,2306,6800.0,6702,6810.0,2785,6820.0,2288,6830.0,3631,6840.0,4146,2025-05-09 19:42:00.154,,2147483647,1942856,False,nan
13866,2202417,1613460407,MERV - XMEV - GGAL - 24hs,6800.0,2025-05-09 19:42:02,3,2025-05-09 19:42:02.986,6790.0,9287,6780.0,2637,6770.0,2638,6760.0,3500,6750.0,2306,6800.0,6702,6810.0,2785,6820.0,2288,6830.0,3631,6840.0,4146,2025-05-09 19:42:02.901,,2147483647,1942856,True,offer
13867,2202435,1613460428,MERV - XMEV - GGAL - 24hs,6800.0,2025-05-09 19:42:02,3,2025-05-09 19:42:03.489,6790.0,9287,6780.0,2637,6770.0,2638,6760.0,3500,6750.0,2306,6800.0,6699,6810.0,2785,6820.0,2288,6830.0,3631,6840.0,4146,2025-05-09 19:42:03.406,,2147483647,1942856,False,nan
13868,2202473,1613460474,MERV - XMEV - GGAL - 24hs,6800.0,2025-05-09 19:42:02,3,2025-05-09 19:42:03.996,6790.0,9287,6780.0,2637,6770.0,2638,6760.0,3500,6750.0,2306,6800.0,6699,6810.0,2785,6820.0,2288,6830.0,3631,6840.0,4146,2025-05-09 19:42:03.906,,2147483647,1942859,False,nan
13869,2202657,1613460699,MERV - XMEV - GGAL - 24hs,6800.0,2025-05-09 19:42:02,3,2025-05-09 19:42:06.507,6790.0,9287,6780.0,2637,6770.0,1638,6760.0,4500,6750.0,2306,6800.0,6699,6810.0,2785,6820.0,2288,6830.0,3631,6840.0,14146,2025-05-09 19:42:06.412,,2147483647,1942859,False,nan
13870,2202728,1613460792,MERV - XMEV - GGAL - 24hs,6800.0,2025-05-09 19:42:02,3,2025-05-09 19:42:07.489,6790.0,9287,6780.0,2637,6770.0,1656,6760.0,4500,6750.0,2306,6800.0,6699,6810.0,2785,6820.0,2288,6830.0,3631,6840.0,14146,2025-05-09 19:42:07.406,,2147483647,1942859,False,nan
13871,2202841,1613460921,MERV - XMEV - GGAL - 24hs,6800.0,2025-05-09 19:42:02,3,2025-05-09 19:42:09.780,6790.0,9287,6780.0,2637,6770.0,1610,6760.0,4500,6750.0,2306,6800.0,6699,6810.0,2785,6820.0,2288,6830.0,3631,6840.0,4146,2025-05-09 19:42:09.693,,2147483647,1942859,False,nan
13872,2202958,1613461056,MERV - XMEV - GGAL - 24hs,6800.0,2025-05-09 19:42:10,20,2025-05-09 19:42:11.014,6790.0,9287,6780.0,2637,6770.0,1610,6760.0,4500,6750.0,2306,6800.0,6699,6810.0,2785,6820.0,2288,6830.0,3631,6840.0,4146,2025-05-09 19:42:10.927,,2147483647,1942859,True,offer
13873,2202982,1613461087,MERV - XMEV - GGAL - 24hs,6800.0,2025-05-09 19:42:10,20,2025-05-09 19:42:11.510,6790.0,9287,6780.0,2637,6770.0,1610,6760.0,4500,6750.0,2306,6800.0,6679,6810.0,2785,6820.0,2288,6830.0,3631,6840.0,4146,2025-05-09 19:42:11.427,,2147483647,1942859,False,nan
13874,2202993,1613461110,MERV - XMEV - GGAL - 24hs,6800.0,2025-05-09 19:42:11,100,2025-05-09 19:42:12.012,6790.0,9287,6780.0,2637,6770.0,1610,6760.0,4500,6750.0,2306,6800.0,6679,6810.0,2785,6820.0,2288,6830.0,3631,6840.0,4146,2025-05-09 19:42:11.928,,2147483647,1942979,True,offer
13875,2203011,1613461132,MERV - XMEV - GGAL - 24hs,6800.0,2025-05-09 19:42:11,100,2025-05-09 19:42:12.511,6790.0,9287,6780.0,2637,6770.0,1610,6760.0,4500,6750.0,2306,6800.0,6579,6810.0,2785,6820.0,2288,6830.0,3631,6840.0,4146,2025-05-09 19:42:12.428,,2147483647,1942979,False,nan
13876,2203140,1613461296,MERV - XMEV - GGAL - 24hs,6800.0,2025-05-09 19:42:11,100,2025-05-09 19:42:14.292,6790.0,9287,6780.0,2637,6770.0,1610,6760.0,4500,6750.0,2306,6800.0,6579,6810.0,2785,6820.0,5919,6840.0,4146,6850.0,17822,2025-05-09 19:42:14.209,,2147483647,1942979,False,nan
13877,2203376,1613461581,MERV - XMEV - GGAL - 24hs,6800.0,2025-05-09 19:42:11,100,2025-05-09 19:42:17.680,6790.0,9287,6780.0,2637,6770.0,1957,6760.0,4500,6750.0,2306,6800.0,6579,6810.0,2785,6820.0,5919,6840.0,4146,6850.0,17822,2025-05-09 19:42:17.590,,2147483647,1942979,False,nan
13878,2203449,1613461664,MERV - XMEV - GGAL - 24hs,6800.0,2025-05-09 19:42:11,100,2025-05-09 19:42:18.551,6790.0,9287,6780.0,2637,6770.0,1610,6760.0,4500,6750.0,2306,6800.0,6579,6810.0,2785,6820.0,5919,6840.0,4146,6850.0,17822,2025-05-09 19:42:18.468,,2147483647,1942979,False,nan
13879,2203552,1613461780,MERV - XMEV - GGAL - 24hs,6800.0,2025-05-09 19:42:11,100,2025-05-09 19:42:19.882,6790.0,9287,6780.0,2637,6770.0,1957,6760.0,4500,6750.0,2306,6800.0,6579,6810.0,2785,6820.0,5919,6840.0,4146,6850.0,17822,2025-05-09 19:42:19.798,,2147483647,1942979,False,nan
13880,2203654,1613461892,MERV - XMEV - GGAL - 24hs,6800.0,2025-05-09 19:42:11,100,2025-05-09 19:42:21.636,6790.0,9287,6780.0,2637,6770.0,1265,6760.0,12150,6750.0,2306,6800.0,6579,6810.0,2785,6820.0,5919,6840.0,14146,6850.0,7822,2025-05-09 19:42:21.542,,2147483647,1942979,False,nan
13881,2203743,1613462007,MERV - XMEV - GGAL - 24hs,6800.0,2025-05-09 19:42:11,100,2025-05-09 19:42:23.051,6790.0,9287,6780.0,2637,6770.0,1265,6760.0,12843,6750.0,2306,6800.0,6579,6810.0,2785,6820.0,5919,6840.0,14146,6850.0,7822,2025-05-09 19:42:22.926,,2147483647,1942979,False,nan
13882,2203781,1613462048,MERV - XMEV - GGAL - 24hs,6800.0,2025-05-09 19:42:11,100,2025-05-09 19:42:23.759,6790.0,9287,6780.0,2637,6770.0,1265,6760.0,13190,6750.0,2306,6800.0,6579,6810.0,2785,6820.0,5919,6840.0,14146,6850.0,7822,2025-05-09 19:42:23.674,,2147483647,1942979,False,nan
13883,2204067,1613462400,MERV - XMEV - GGAL - 24hs,6800.0,2025-05-09 19:42:11,100,2025-05-09 19:42:29.039,6790.0,9287,6780.0,2637,6770.0,1265,6760.0,12843,6750.0,2306,6800.0,6579,6810.0,2785,6820.0,5919,6840.0,14146,6850.0,7822,2025-05-09 19:42:28.951,,2147483647,1942979,False,nan
13884,2204144,1613462485,MERV - XMEV - GGAL - 24hs,6800.0,2025-05-09 19:42:11,100,2025-05-09 19:42:29.804,6790.0,9287,6780.0,2637,6770.0,1265,6760.0,9377,6750.0,2306,6800.0,6579,6810.0,2785,6820.0,5919,6840.0,14160,6850.0,7822,2025-05-09 19:42:29.717,,2147483647,1942979,False,nan
13885,2204532,1613462996,MERV - XMEV - GGAL - 24hs,6800.0,2025-05-09 19:42:36,7,2025-05-09 19:42:36.924,6790.0,9287,6780.0,2637,6770.0,1265,6760.0,9377,6750.0,2306,6800.0,6579,6810.0,2785,6820.0,5919,6840.0,14160,6850.0,7822,2025-05-09 19:42:36.841,,2147483647,1942979,True,offer
13886,2204572,1613463042,MERV - XMEV - GGAL - 24hs,6800.0,2025-05-09 19:42:36,7,2025-05-09 19:42:37.588,6790.0,9287,6780.0,2637,6770.0,1265,6760.0,9377,6750.0,2306,6800.0,6572,6810.0,2785,6820.0,5919,6840.0,14160,6850.0,7822,2025-05-09 19:42:37.505,,2147483647,1942979,False,nan
13887,2204602,1613463077,MERV - XMEV - GGAL - 24hs,6800.0,2025-05-09 19:42:36,7,2025-05-09 19:42:38.088,6790.0,9287,6780.0,2637,6770.0,1265,6760.0,9377,6750.0,2306,6800.0,6572,6810.0,2785,6820.0,5919,6840.0,14160,6850.0,7822,2025-05-09 19:42:38.004,,2147483647,1942986,False,nan
13888,2204728,1613463230,MERV - XMEV - GGAL - 24hs,6800.0,2025-05-09 19:42:39,450,2025-05-09 19:42:39.868,6790.0,9287,6780.0,2637,6770.0,1265,6760.0,9377,6750.0,2306,6800.0,6572,6810.0,2785,6820.0,5919,6840.0,14160,6850.0,7822,2025-05-09 19:42:39.498,,2147483647,1942986,True,offer
13889,2204736,1613463239,MERV - XMEV - GGAL - 24hs,6800.0,2025-05-09 19:42:39,450,2025-05-09 19:42:39.920,6790.0,9287,6780.0,2637,6770.0,1265,6760.0,5911,6750.0,2306,6800.0,6122,6810.0,2785,6820.0,5919,6840.0,14160,6850.0,7822,2025-05-09 19:42:39.837,,2147483647,1942986,False,nan
13890,2204754,1613463260,MERV - XMEV - GGAL - 24hs,6800.0,2025-05-09 19:42:39,450,2025-05-09 19:42:40.422,6790.0,9287,6780.0,2637,6770.0,1265,6760.0,5911,6750.0,2306,6800.0,6122,6810.0,2785,6820.0,5919,6840.0,14160,6850.0,7822,2025-05-09 19:42:40.338,,2147483647,1943436,False,nan
13891,2204904,1613463443,MERV - XMEV - GGAL - 24hs,6800.0,2025-05-09 19:42:42,5,2025-05-09 19:42:42.631,6790.0,9287,6780.0,2637,6770.0,1265,6760.0,5911,6750.0,2306,6800.0,6122,6810.0,2785,6820.0,5919,6840.0,14160,6850.0,7822,2025-05-09 19:42:42.545,,2147483647,1943436,True,offer
13892,2204943,1613463495,MERV - XMEV - GGAL - 24hs,6800.0,2025-05-09 19:42:42,5,2025-05-09 19:42:43.305,6790.0,9287,6780.0,2637,6770.0,1295,6760.0,5911,6750.0,2306,6800.0,6117,6810.0,2785,6820.0,5919,6840.0,14160,6850.0,7822,2025-05-09 19:42:43.220,,2147483647,1943436,False,nan
13893,2204988,1613463547,MERV - XMEV - GGAL - 24hs,6800.0,2025-05-09 19:42:42,5,2025-05-09 19:42:43.796,6790.0,9287,6780.0,2637,6770.0,1295,6760.0,5911,6750.0,2306,6800.0,6117,6810.0,2785,6820.0,5919,6840.0,14160,6850.0,7822,2025-05-09 19:42:43.711,,2147483647,1943441,False,nan
13894,2205060,1613463641,MERV - XMEV - GGAL - 24hs,6800.0,2025-05-09 19:42:42,5,2025-05-09 19:42:45.464,6790.0,9287,6780.0,2637,6770.0,1295,6760.0,5911,6750.0,2306,6800.0,6117,6810.0,2785,6820.0,5919,6840.0,14160,6850.0,7452,2025-05-09 19:42:45.378,,2147483647,1943441,False,nan
13895,2205447,1613464157,MERV - XMEV - GGAL - 24hs,6800.0,2025-05-09 19:42:52,10,2025-05-09 19:42:52.259,6790.0,9287,6780.0,2637,6770.0,1295,6760.0,5911,6750.0,2306,6800.0,6117,6810.0,2785,6820.0,5919,6840.0,14160,6850.0,7452,2025-05-09 19:42:52.175,,2147483647,1943441,True,offer
13896,2205485,1613464225,MERV - XMEV - GGAL - 24hs,6800.0,2025-05-09 19:42:52,10,2025-05-09 19:42:52.923,6790.0,9287,6780.0,2637,6770.0,1295,6760.0,5911,6750.0,2306,6800.0,6107,6810.0,2785,6820.0,5919,6840.0,14160,6850.0,7452,2025-05-09 19:42:52.839,,2147483647,1943441,False,nan
13897,2205511,1613464259,MERV - XMEV - GGAL - 24hs,6800.0,2025-05-09 19:42:52,10,2025-05-09 19:42:53.423,6790.0,9287,6780.0,2637,6770.0,1295,6760.0,5911,6750.0,2306,6800.0,6107,6810.0,2785,6820.0,5919,6840.0,14160,6850.0,7452,2025-05-09 19:42:53.339,,2147483647,1943451,False,nan
13898,2205635,1613464415,MERV - XMEV - GGAL - 24hs,6800.0,2025-05-09 19:42:55,206,2025-05-09 19:42:55.254,6790.0,9287,6780.0,2637,6770.0,1295,6760.0,5911,6750.0,2306,6800.0,6107,6810.0,2785,6820.0,5919,6840.0,14160,6850.0,7452,2025-05-09 19:42:55.168,,2147483647,1943451,True,offer
13899,2205671,1613464466,MERV - XMEV - GGAL - 24hs,6800.0,2025-05-09 19:42:55,100,2025-05-09 19:42:55.758,6790.0,9287,6780.0,2637,6770.0,1295,6760.0,5911,6750.0,2306,6800.0,6107,6810.0,2785,6820.0,5919,6840.0,14160,6850.0,7452,2025-05-09 19:42:55.675,,2147483647,1943657,False,nan
13900,2205695,1613464493,MERV - XMEV - GGAL - 24hs,6800.0,2025-05-09 19:42:55,100,2025-05-09 19:42:56.258,6790.0,9287,6780.0,2637,6770.0,1295,6760.0,5911,6750.0,2306,6800.0,5801,6810.0,2785,6820.0,5919,6840.0,14160,6850.0,7452,2025-05-09 19:42:56.175,,2147483647,1943757,False,nan
13901,2205936,1613464774,MERV - XMEV - GGAL - 24hs,6800.0,2025-05-09 19:42:59,4,2025-05-09 19:42:59.522,6790.0,9287,6780.0,2637,6770.0,1295,6760.0,5911,6750.0,2306,6800.0,5801,6810.0,2785,6820.0,5919,6840.0,14160,6850.0,7452,2025-05-09 19:42:59.439,,2147483647,1943757,True,offer
13902,2205971,1613464811,MERV - XMEV - GGAL - 24hs,6800.0,2025-05-09 19:42:59,4,2025-05-09 19:43:00.193,6790.0,9287,6780.0,2637,6770.0,1295,6760.0,5911,6750.0,2306,6800.0,5797,6810.0,2785,6820.0,5919,6840.0,14160,6850.0,7452,2025-05-09 19:43:00.108,,2147483647,1943757,False,nan
13903,2205990,1613464830,MERV - XMEV - GGAL - 24hs,6800.0,2025-05-09 19:42:59,4,2025-05-09 19:43:00.691,6790.0,9287,6780.0,2637,6770.0,1295,6760.0,5911,6750.0,2306,6800.0,5797,6810.0,2785,6820.0,5919,6840.0,14160,6850.0,7452,2025-05-09 19:43:00.608,,2147483647,1943761,False,nan
13904,2206157,1613465021,MERV - XMEV - GGAL - 24hs,6790.0,2025-05-09 19:43:02,572,2025-05-09 19:43:02.998,6790.0,9287,6780.0,2637,6770.0,1295,6760.0,5911,6750.0,2306,6800.0,5797,6810.0,2785,6820.0,5919,6840.0,14160,6850.0,7452,2025-05-09 19:43:02.915,,2147483647,1943761,True,bid
13905,2206178,1613465046,MERV - XMEV - GGAL - 24hs,6790.0,2025-05-09 19:43:02,106,2025-05-09 19:43:03.501,6790.0,9287,6780.0,2637,6770.0,1295,6760.0,5911,6750.0,2306,6800.0,5797,6810.0,2785,6820.0,5919,6840.0,14160,6850.0,7452,2025-05-09 19:43:03.415,,2147483647,1943761,False,nan
13906,2206226,1613465117,MERV - XMEV - GGAL - 24hs,6790.0,2025-05-09 19:43:02,106,2025-05-09 19:43:03.998,6790.0,8609,6780.0,2637,6770.0,2295,6760.0,4911,6750.0,2306,6800.0,5797,6810.0,2785,6820.0,5919,6840.0,14160,6850.0,7452,2025-05-09 19:43:03.915,,2147483647,1944439,False,nan
13907,2206290,1613465188,MERV - XMEV - GGAL - 24hs,6790.0,2025-05-09 19:43:02,106,2025-05-09 19:43:05.059,6790.0,8609,6780.0,2637,6770.0,2295,6760.0,4911,6750.0,2306,6800.0,4997,6810.0,2785,6820.0,5919,6840.0,14160,6850.0,7452,2025-05-09 19:43:04.969,,2147483647,1944439,False,nan
13908,2206329,1613465232,MERV - XMEV - GGAL - 24hs,6790.0,2025-05-09 19:43:02,106,2025-05-09 19:43:05.755,6790.0,8609,6780.0,2637,6770.0,3333,6760.0,3500,6750.0,2306,6800.0,4997,6810.0,2785,6820.0,5919,6840.0,19160,6850.0,2452,2025-05-09 19:43:05.672,,2147483647,1944439,False,nan
13909,2206672,1613465651,MERV - XMEV - GGAL - 24hs,6790.0,2025-05-09 19:43:10,100,2025-05-09 19:43:10.336,6790.0,8609,6780.0,2637,6770.0,3333,6760.0,3500,6750.0,2306,6800.0,4997,6810.0,2785,6820.0,5919,6840.0,19160,6850.0,2452,2025-05-09 19:43:10.253,,2147483647,1944439,True,bid
13910,2206712,1613465710,MERV - XMEV - GGAL - 24hs,6790.0,2025-05-09 19:43:10,100,2025-05-09 19:43:11.004,6790.0,8509,6780.0,2637,6770.0,3333,6760.0,3500,6750.0,2306,6800.0,4997,6810.0,2785,6820.0,5919,6840.0,19160,6850.0,2452,2025-05-09 19:43:10.921,,2147483647,1944439,False,nan
13911,2206735,1613465737,MERV - XMEV - GGAL - 24hs,6790.0,2025-05-09 19:43:10,100,2025-05-09 19:43:11.503,6790.0,8509,6780.0,2637,6770.0,3333,6760.0,3500,6750.0,2306,6800.0,4997,6810.0,2785,6820.0,5919,6840.0,19160,6850.0,2452,2025-05-09 19:43:11.420,,2147483647,1944539,False,nan
13912,2207110,1613466196,MERV - XMEV - GGAL - 24hs,6800.0,2025-05-09 19:43:16,5,2025-05-09 19:43:17.091,6790.0,8509,6780.0,2637,6770.0,3333,6760.0,3500,6750.0,2306,6800.0,4997,6810.0,2785,6820.0,5919,6840.0,19160,6850.0,2452,2025-05-09 19:43:16.996,,2147483647,1944539,True,offer
13913,2207130,1613466220,MERV - XMEV - GGAL - 24hs,6800.0,2025-05-09 19:43:16,5,2025-05-09 19:43:17.746,6790.0,8509,6780.0,2637,6770.0,3333,6760.0,3500,6750.0,2306,6800.0,4992,6810.0,2785,6820.0,5919,6840.0,14160,6850.0,7452,2025-05-09 19:43:17.663,,2147483647,1944539,False,nan
13914,2207167,1613466263,MERV - XMEV - GGAL - 24hs,6800.0,2025-05-09 19:43:16,5,2025-05-09 19:43:18.247,6790.0,8509,6780.0,2637,6770.0,3333,6760.0,3500,6750.0,2306,6800.0,4992,6810.0,2785,6820.0,5919,6840.0,14160,6850.0,7452,2025-05-09 19:43:18.163,,2147483647,1944544,False,nan
13915,2207308,1613466436,MERV - XMEV - GGAL - 24hs,6800.0,2025-05-09 19:43:16,5,2025-05-09 19:43:21.833,6790.0,8509,6780.0,2637,6770.0,2987,6760.0,3500,6750.0,2306,6800.0,4992,6810.0,2785,6820.0,5919,6840.0,14160,6850.0,7452,2025-05-09 19:43:21.750,,2147483647,1944544,False,nan
13916,2207808,1613467090,MERV - XMEV - GGAL - 24hs,6800.0,2025-05-09 19:43:16,5,2025-05-09 19:43:30.629,6790.0,8509,6780.0,2637,6770.0,2987,6760.0,3500,6750.0,2306,6800.0,4992,6810.0,2785,6820.0,5919,6840.0,16660,6850.0,7452,2025-05-09 19:43:30.546,,2147483647,1944544,False,nan
13917,2208046,1613467383,MERV - XMEV - GGAL - 24hs,6790.0,2025-05-09 19:43:34,100,2025-05-09 19:43:34.841,6790.0,8509,6780.0,2637,6770.0,2987,6760.0,3500,6750.0,2306,6800.0,4992,6810.0,2785,6820.0,5919,6840.0,16660,6850.0,7452,2025-05-09 19:43:34.757,,2147483647,1944544,True,bid
13918,2208077,1613467417,MERV - XMEV - GGAL - 24hs,6790.0,2025-05-09 19:43:34,100,2025-05-09 19:43:35.505,6790.0,8409,6780.0,2637,6770.0,2987,6760.0,3500,6750.0,2306,6800.0,4992,6810.0,2785,6820.0,5919,6840.0,16660,6850.0,7452,2025-05-09 19:43:35.422,,2147483647,1944544,False,nan
13919,2208099,1613467443,MERV - XMEV - GGAL - 24hs,6790.0,2025-05-09 19:43:34,100,2025-05-09 19:43:36.004,6790.0,8409,6780.0,2637,6770.0,2987,6760.0,3500,6750.0,2306,6800.0,4992,6810.0,2785,6820.0,5919,6840.0,16660,6850.0,7452,2025-05-09 19:43:35.922,,2147483647,1944644,False,nan
13920,2208269,1613467682,MERV - XMEV - GGAL - 24hs,6790.0,2025-05-09 19:43:34,100,2025-05-09 19:43:39.384,6790.0,8409,6780.0,2637,6770.0,2987,6760.0,8500,6750.0,2306,6800.0,4992,6810.0,2785,6820.0,5919,6840.0,16660,6850.0,7452,2025-05-09 19:43:39.293,,2147483647,1944644,False,nan
13921,2208352,1613467775,MERV - XMEV - GGAL - 24hs,6790.0,2025-05-09 19:43:34,100,2025-05-09 19:43:40.099,6790.0,8409,6780.0,2637,6770.0,2987,6760.0,3500,6750.0,7306,6800.0,4992,6810.0,2785,6820.0,5919,6840.0,16660,6850.0,7452,2025-05-09 19:43:40.012,,2147483647,1944644,False,nan
13922,2208624,1613468100,MERV - XMEV - GGAL - 24hs,6790.0,2025-05-09 19:43:43,200,2025-05-09 19:43:43.841,6790.0,8409,6780.0,2637,6770.0,2987,6760.0,3500,6750.0,7306,6800.0,4992,6810.0,2785,6820.0,5919,6840.0,16660,6850.0,7452,2025-05-09 19:43:43.758,,2147483647,1944644,True,bid
13923,2208637,1613468114,MERV - XMEV - GGAL - 24hs,6790.0,2025-05-09 19:43:43,200,2025-05-09 19:43:44.506,6790.0,8209,6780.0,2637,6770.0,2987,6760.0,3500,6750.0,7306,6800.0,4992,6810.0,2785,6820.0,5919,6840.0,16660,6850.0,7452,2025-05-09 19:43:44.423,,2147483647,1944644,False,nan
13924,2208654,1613468132,MERV - XMEV - GGAL - 24hs,6790.0,2025-05-09 19:43:43,200,2025-05-09 19:43:45.006,6790.0,8209,6780.0,2637,6770.0,2987,6760.0,3500,6750.0,7306,6800.0,4992,6810.0,2785,6820.0,5919,6840.0,16660,6850.0,7452,2025-05-09 19:43:44.923,,2147483647,1944844,False,nan
13925,2208826,1613468324,MERV - XMEV - GGAL - 24hs,6790.0,2025-05-09 19:43:43,200,2025-05-09 19:43:47.884,6790.0,8209,6780.0,2637,6770.0,3333,6760.0,3500,6750.0,7306,6800.0,4992,6810.0,2785,6820.0,5919,6840.0,16660,6850.0,7452,2025-05-09 19:43:47.801,,2147483647,1944844,False,nan
13926,2208999,1613468531,MERV - XMEV - GGAL - 24hs,6800.0,2025-05-09 19:43:51,3,2025-05-09 19:43:51.682,6790.0,8209,6780.0,2637,6770.0,3333,6760.0,3500,6750.0,7306,6800.0,4992,6810.0,2785,6820.0,5919,6840.0,16660,6850.0,7452,2025-05-09 19:43:51.594,,2147483647,1944844,True,offer
13927,2209039,1613468577,MERV - XMEV - GGAL - 24hs,6800.0,2025-05-09 19:43:51,3,2025-05-09 19:43:52.760,6790.0,8209,6780.0,2637,6770.0,3328,6760.0,3500,6750.0,7306,6800.0,4989,6810.0,2785,6820.0,5919,6840.0,16660,6850.0,7452,2025-05-09 19:43:52.658,,2147483647,1944844,False,nan
13928,2209070,1613468617,MERV - XMEV - GGAL - 24hs,6800.0,2025-05-09 19:43:51,3,2025-05-09 19:43:52.879,6790.0,8209,6780.0,2637,6770.0,3328,6760.0,3500,6750.0,7306,6800.0,4989,6810.0,2785,6820.0,5919,6840.0,16660,6850.0,7452,2025-05-09 19:43:52.761,,2147483647,1944847,False,nan
13929,2209093,1613468641,MERV - XMEV - GGAL - 24hs,6800.0,2025-05-09 19:43:51,3,2025-05-09 19:43:53.348,6790.0,8209,6780.0,2637,6770.0,3333,6760.0,3500,6750.0,7306,6800.0,4989,6810.0,2785,6820.0,5919,6840.0,16660,6850.0,7452,2025-05-09 19:43:53.262,,2147483647,1944847,False,nan
13930,2209126,1613468675,MERV - XMEV - GGAL - 24hs,6800.0,2025-05-09 19:43:53,9,2025-05-09 19:43:54.007,6790.0,8209,6780.0,2637,6770.0,3333,6760.0,3500,6750.0,7306,6800.0,4989,6810.0,2785,6820.0,5919,6840.0,16660,6850.0,7452,2025-05-09 19:43:53.922,,2147483647,1944847,True,offer
13931,2209149,1613468700,MERV - XMEV - GGAL - 24hs,6800.0,2025-05-09 19:43:53,9,2025-05-09 19:43:54.676,6790.0,8209,6780.0,2637,6770.0,3333,6760.0,3500,6750.0,7306,6800.0,4980,6810.0,2785,6820.0,5919,6840.0,16660,6850.0,7452,2025-05-09 19:43:54.592,,2147483647,1944847,False,nan
13932,2209168,1613468726,MERV - XMEV - GGAL - 24hs,6800.0,2025-05-09 19:43:53,9,2025-05-09 19:43:55.171,6790.0,8209,6780.0,2637,6770.0,3333,6760.0,3500,6750.0,7306,6800.0,4980,6810.0,2785,6820.0,5919,6840.0,16660,6850.0,7452,2025-05-09 19:43:55.088,,2147483647,1944856,False,nan
13933,2209203,1613468768,MERV - XMEV - GGAL - 24hs,6790.0,2025-05-09 19:43:55,500,2025-05-09 19:43:55.919,6790.0,8209,6780.0,2637,6770.0,3333,6760.0,3500,6750.0,7306,6800.0,4980,6810.0,2785,6820.0,5919,6840.0,16660,6850.0,7452,2025-05-09 19:43:55.835,,2147483647,1944856,True,bid
13934,2209226,1613468795,MERV - XMEV - GGAL - 24hs,6790.0,2025-05-09 19:43:55,500,2025-05-09 19:43:56.418,6790.0,7709,6780.0,2637,6770.0,3333,6760.0,3500,6750.0,7306,6800.0,4980,6810.0,2785,6820.0,5919,6840.0,16660,6850.0,7452,2025-05-09 19:43:56.335,,2147483647,1944856,False,nan
13935,2209245,1613468815,MERV - XMEV - GGAL - 24hs,6790.0,2025-05-09 19:43:55,500,2025-05-09 19:43:56.925,6790.0,7709,6780.0,2637,6770.0,3333,6760.0,3500,6750.0,7306,6800.0,4980,6810.0,2785,6820.0,5919,6840.0,16660,6850.0,7452,2025-05-09 19:43:56.841,,2147483647,1945356,False,nan
13936,2209267,1613468841,MERV - XMEV - GGAL - 24hs,6800.0,2025-05-09 19:43:57,21,2025-05-09 19:43:57.420,6790.0,7709,6780.0,2637,6770.0,3333,6760.0,3500,6750.0,7306,6800.0,4980,6810.0,2785,6820.0,5919,6840.0,16660,6850.0,7452,2025-05-09 19:43:57.337,,2147483647,1945358,True,offer
13937,2209296,1613468874,MERV - XMEV - GGAL - 24hs,6800.0,2025-05-09 19:43:57,21,2025-05-09 19:43:57.920,6790.0,7709,6780.0,2637,6770.0,3333,6760.0,3500,6750.0,7306,6800.0,4957,6810.0,2785,6820.0,5919,6840.0,16660,6850.0,7452,2025-05-09 19:43:57.837,,2147483647,1945379,False,nan
13938,2209370,1613468967,MERV - XMEV - GGAL - 24hs,6800.0,2025-05-09 19:43:59,344,2025-05-09 19:43:59.233,6790.0,7709,6780.0,2637,6770.0,3333,6760.0,3500,6750.0,7306,6800.0,4957,6810.0,2785,6820.0,5919,6840.0,16660,6850.0,7452,2025-05-09 19:43:59.150,,2147483647,1945379,True,offer
13939,2209403,1613469008,MERV - XMEV - GGAL - 24hs,6800.0,2025-05-09 19:43:59,344,2025-05-09 19:43:59.904,6790.0,7709,6780.0,2637,6770.0,3333,6760.0,3500,6750.0,7306,6800.0,4613,6810.0,2785,6820.0,5919,6840.0,16660,6850.0,7452,2025-05-09 19:43:59.820,,2147483647,1945379,False,nan
13940,2209434,1613469042,MERV - XMEV - GGAL - 24hs,6800.0,2025-05-09 19:43:59,344,2025-05-09 19:44:00.403,6790.0,7709,6780.0,2637,6770.0,3333,6760.0,3500,6750.0,7306,6800.0,4613,6810.0,2785,6820.0,5919,6840.0,16660,6850.0,7452,2025-05-09 19:44:00.320,,2147483647,1945723,False,nan
13941,2210205,1613469954,MERV - XMEV - GGAL - 24hs,6800.0,2025-05-09 19:43:59,344,2025-05-09 19:44:09.963,6790.0,7753,6780.0,2637,6770.0,3333,6760.0,3500,6750.0,7306,6800.0,4613,6810.0,2785,6820.0,5919,6840.0,16660,6850.0,7452,2025-05-09 19:44:09.865,,2147483647,1945723,False,nan
13942,2210512,1613470355,MERV - XMEV - GGAL - 24hs,6800.0,2025-05-09 19:44:14,10,2025-05-09 19:44:14.974,6790.0,7753,6780.0,2637,6770.0,3333,6760.0,3500,6750.0,7306,6800.0,4613,6810.0,2785,6820.0,5919,6840.0,16660,6850.0,7452,2025-05-09 19:44:14.888,,2147483647,1945723,True,offer
13943,2210538,1613470404,MERV - XMEV - GGAL - 24hs,6800.0,2025-05-09 19:44:14,10,2025-05-09 19:44:15.634,6790.0,7753,6780.0,2637,6770.0,3333,6760.0,3500,6750.0,7306,6800.0,4603,6810.0,2785,6820.0,5919,6840.0,16660,6850.0,7452,2025-05-09 19:44:15.551,,2147483647,1945723,False,nan
13944,2210552,1613470421,MERV - XMEV - GGAL - 24hs,6800.0,2025-05-09 19:44:14,10,2025-05-09 19:44:16.137,6790.0,7753,6780.0,2637,6770.0,3333,6760.0,3500,6750.0,7306,6800.0,4603,6810.0,2785,6820.0,5919,6840.0,16660,6850.0,7452,2025-05-09 19:44:16.050,,2147483647,1945733,False,nan
13945,2210580,1613470463,MERV - XMEV - GGAL - 24hs,6800.0,2025-05-09 19:44:14,10,2025-05-09 19:44:16.818,6790.0,22753,6780.0,2637,6770.0,3333,6760.0,3500,6750.0,7306,6800.0,4603,6810.0,2785,6820.0,5919,6840.0,16660,6850.0,7452,2025-05-09 19:44:16.734,,2147483647,1945733,False,nan
13946,2210675,1613470576,MERV - XMEV - GGAL - 24hs,6800.0,2025-05-09 19:44:14,10,2025-05-09 19:44:18.895,6790.0,23253,6780.0,2637,6770.0,2295,6760.0,4565,6750.0,7306,6800.0,4603,6810.0,2785,6820.0,5919,6840.0,16660,6850.0,7452,2025-05-09 19:44:18.812,,2147483647,1945733,False,nan
13947,2210710,1613470615,MERV - XMEV - GGAL - 24hs,6800.0,2025-05-09 19:44:14,10,2025-05-09 19:44:19.636,6790.0,23258,6780.0,2637,6770.0,2295,6760.0,3525,6750.0,7306,6800.0,4603,6810.0,2785,6820.0,5919,6840.0,16660,6850.0,7452,2025-05-09 19:44:19.554,,2147483647,1945733,False,nan
13948,2210775,1613470691,MERV - XMEV - GGAL - 24hs,6790.0,2025-05-09 19:44:21,130,2025-05-09 19:44:21.225,6790.0,23258,6780.0,2637,6770.0,2295,6760.0,3525,6750.0,7306,6800.0,4603,6810.0,2785,6820.0,5919,6840.0,16660,6850.0,7452,2025-05-09 19:44:21.141,,2147483647,1945733,True,bid
13949,2210801,1613470724,MERV - XMEV - GGAL - 24hs,6790.0,2025-05-09 19:44:21,130,2025-05-09 19:44:21.724,6790.0,23128,6780.0,2637,6770.0,2295,6760.0,3525,6750.0,7306,6800.0,4603,6810.0,2785,6820.0,5919,6840.0,16660,6850.0,7452,2025-05-09 19:44:21.641,,2147483647,1945733,False,nan
13950,2210817,1613470744,MERV - XMEV - GGAL - 24hs,6790.0,2025-05-09 19:44:21,4,2025-05-09 19:44:22.225,6790.0,23124,6780.0,2637,6770.0,2295,6760.0,3525,6750.0,7306,6800.0,4603,6810.0,2785,6820.0,5919,6840.0,16660,6850.0,7452,2025-05-09 19:44:22.142,,2147483647,1945867,False,nan
13951,2211094,1613471066,MERV - XMEV - GGAL - 24hs,6790.0,2025-05-09 19:44:21,4,2025-05-09 19:44:27.042,6790.0,23124,6780.0,2637,6770.0,2295,6760.0,3500,6750.0,7329,6800.0,4603,6810.0,2785,6820.0,5919,6840.0,16660,6850.0,7452,2025-05-09 19:44:26.959,,2147483647,1945867,False,nan
13952,2211403,1613471425,MERV - XMEV - GGAL - 24hs,6790.0,2025-05-09 19:44:21,4,2025-05-09 19:44:34.810,6790.0,8124,6780.0,17637,6770.0,2295,6760.0,3500,6750.0,7329,6800.0,4603,6810.0,2785,6820.0,5919,6840.0,16660,6850.0,7452,2025-05-09 19:44:34.726,,2147483647,1945867,False,nan
13953,2211691,1613471757,MERV - XMEV - GGAL - 24hs,6790.0,2025-05-09 19:44:21,4,2025-05-09 19:44:39.542,6790.0,8124,6780.0,17637,6770.0,2295,6760.0,3500,6750.0,7329,6800.0,4603,6810.0,2785,6820.0,5919,6840.0,21660,6850.0,2452,2025-05-09 19:44:39.457,,2147483647,1945867,False,nan
13954,2211737,1613471825,MERV - XMEV - GGAL - 24hs,6790.0,2025-05-09 19:44:21,4,2025-05-09 19:44:40.291,6790.0,8124,6780.0,2637,6770.0,16295,6760.0,4500,6750.0,2329,6800.0,4603,6810.0,2785,6820.0,5919,6840.0,21660,6850.0,2452,2025-05-09 19:44:40.207,,2147483647,1945867,False,nan
13955,2212094,1613472234,MERV - XMEV - GGAL - 24hs,6790.0,2025-05-09 19:44:21,4,2025-05-09 19:44:46.620,6790.0,8124,6780.0,2637,6770.0,16295,6760.0,4500,6750.0,2331,6800.0,4603,6810.0,2785,6820.0,5919,6840.0,21660,6850.0,2452,2025-05-09 19:44:46.529,,2147483647,1945867,False,nan
13956,2212385,1613472590,MERV - XMEV - GGAL - 24hs,6790.0,2025-05-09 19:44:21,4,2025-05-09 19:44:51.338,6790.0,8124,6780.0,2637,6770.0,16295,6760.0,4845,6750.0,2306,6800.0,4603,6810.0,2785,6820.0,5919,6840.0,16660,6850.0,7452,2025-05-09 19:44:51.249,,2147483647,1945867,False,nan
13957,2212706,1613472979,MERV - XMEV - GGAL - 24hs,6790.0,2025-05-09 19:44:21,4,2025-05-09 19:44:55.719,6790.0,8124,6780.0,2637,6770.0,16295,6760.0,5538,6750.0,2306,6800.0,4603,6810.0,2785,6820.0,5919,6840.0,16660,6850.0,7452,2025-05-09 19:44:55.635,,2147483647,1945867,False,nan
13958,2213022,1613473356,MERV - XMEV - GGAL - 24hs,6790.0,2025-05-09 19:44:21,4,2025-05-09 19:44:57.582,6790.0,8124,6780.0,2637,6770.0,16295,6760.0,5538,6750.0,2306,6800.0,5520,6810.0,2785,6820.0,5919,6840.0,16660,6850.0,7452,2025-05-09 19:44:57.499,,2147483647,1945867,False,nan
13959,2213088,1613473450,MERV - XMEV - GGAL - 24hs,6790.0,2025-05-09 19:44:21,4,2025-05-09 19:44:58.624,6790.0,8124,6780.0,2642,6770.0,16295,6760.0,5538,6750.0,2306,6800.0,5520,6810.0,2785,6820.0,5919,6840.0,16660,6850.0,7452,2025-05-09 19:44:58.541,,2147483647,1945867,False,nan
13960,2213328,1613473742,MERV - XMEV - GGAL - 24hs,6790.0,2025-05-09 19:44:21,4,2025-05-09 19:45:03.112,6790.0,8124,6780.0,2642,6770.0,16295,6760.0,5885,6750.0,2306,6800.0,5520,6810.0,2785,6820.0,5919,6840.0,16660,6850.0,7452,2025-05-09 19:45:03.022,,2147483647,1945867,False,nan
13961,2213417,1613473854,MERV - XMEV - GGAL - 24hs,6790.0,2025-05-09 19:44:21,4,2025-05-09 19:45:04.654,6790.0,8124,6780.0,2642,6770.0,16295,6760.0,8311,6750.0,2306,6800.0,5520,6810.0,2785,6820.0,5919,6840.0,16660,6850.0,7452,2025-05-09 19:45:04.567,,2147483647,1945867,False,nan
13962,2213523,1613473972,MERV - XMEV - GGAL - 24hs,6790.0,2025-05-09 19:44:21,4,2025-05-09 19:45:05.333,6790.0,8124,6780.0,2642,6770.0,16295,6760.0,5538,6750.0,2306,6800.0,5520,6810.0,2785,6820.0,5919,6840.0,16660,6850.0,7452,2025-05-09 19:45:05.249,,2147483647,1945867,False,nan
13963,2213566,1613474019,MERV - XMEV - GGAL - 24hs,6790.0,2025-05-09 19:44:21,4,2025-05-09 19:45:06.083,6790.0,8124,6780.0,2642,6770.0,16295,6760.0,4500,6750.0,6143,6800.0,5520,6810.0,2785,6820.0,5919,6840.0,16660,6850.0,7452,2025-05-09 19:45:05.999,,2147483647,1945867,False,nan
13964,2213617,1613474078,MERV - XMEV - GGAL - 24hs,6800.0,2025-05-09 19:45:06,4,2025-05-09 19:45:07.223,6790.0,8124,6780.0,2642,6770.0,16295,6760.0,4500,6750.0,6143,6800.0,5520,6810.0,2785,6820.0,5919,6840.0,16660,6850.0,7452,2025-05-09 19:45:07.062,,2147483647,1945867,True,offer
13965,2213667,1613474137,MERV - XMEV - GGAL - 24hs,6800.0,2025-05-09 19:45:06,4,2025-05-09 19:45:07.647,6790.0,8124,6780.0,2642,6770.0,16295,6760.0,4500,6750.0,6143,6800.0,5516,6810.0,2785,6820.0,5919,6840.0,16660,6850.0,7452,2025-05-09 19:45:07.560,,2147483647,1945867,False,nan
13966,2213692,1613474167,MERV - XMEV - GGAL - 24hs,6800.0,2025-05-09 19:45:06,4,2025-05-09 19:45:08.148,6790.0,8124,6780.0,2642,6770.0,16295,6760.0,4500,6750.0,6143,6800.0,5516,6810.0,2785,6820.0,5919,6840.0,16660,6850.0,7452,2025-05-09 19:45:08.062,,2147483647,1945871,False,nan
13967,2213901,1613474420,MERV - XMEV - GGAL - 24hs,6800.0,2025-05-09 19:45:12,14,2025-05-09 19:45:12.283,6790.0,8124,6780.0,2642,6770.0,16295,6760.0,4500,6750.0,6143,6800.0,5516,6810.0,2785,6820.0,5919,6840.0,16660,6850.0,7452,2025-05-09 19:45:12.197,,2147483647,1945871,True,offer
13968,2213944,1613474534,MERV - XMEV - GGAL - 24hs,6800.0,2025-05-09 19:45:12,14,2025-05-09 19:45:12.953,6790.0,8124,6780.0,2642,6770.0,16295,6760.0,4500,6750.0,6143,6800.0,5502,6810.0,2785,6820.0,5919,6840.0,16660,6850.0,7452,2025-05-09 19:45:12.865,,2147483647,1945871,False,nan
13969,2213980,1613474575,MERV - XMEV - GGAL - 24hs,6800.0,2025-05-09 19:45:12,14,2025-05-09 19:45:13.449,6790.0,8124,6780.0,2642,6770.0,16295,6760.0,4500,6750.0,6143,6800.0,5502,6810.0,2785,6820.0,5919,6840.0,16660,6850.0,7452,2025-05-09 19:45:13.365,,2147483647,1945885,False,nan
13970,2214063,1613474733,MERV - XMEV - GGAL - 24hs,6800.0,2025-05-09 19:45:12,14,2025-05-09 19:45:14.495,6790.0,8124,6780.0,2642,6770.0,16295,6760.0,4500,6750.0,6490,6800.0,5502,6810.0,2785,6820.0,5919,6840.0,21660,6850.0,2452,2025-05-09 19:45:14.411,,2147483647,1945885,False,nan
13971,2214630,1613475444,MERV - XMEV - GGAL - 24hs,6800.0,2025-05-09 19:45:20,225,2025-05-09 19:45:20.558,6790.0,8124,6780.0,2642,6770.0,16295,6760.0,4500,6750.0,6490,6800.0,5502,6810.0,2785,6820.0,5919,6840.0,21660,6850.0,2452,2025-05-09 19:45:20.475,,2147483647,1945885,True,offer
13972,2214662,1613475498,MERV - XMEV - GGAL - 24hs,6800.0,2025-05-09 19:45:20,225,2025-05-09 19:45:21.225,6790.0,8124,6780.0,2642,6770.0,16295,6760.0,4500,6750.0,6490,6800.0,5277,6810.0,2785,6820.0,5919,6840.0,21660,6850.0,2452,2025-05-09 19:45:21.142,,2147483647,1945885,False,nan
13973,2214685,1613475522,MERV - XMEV - GGAL - 24hs,6800.0,2025-05-09 19:45:20,225,2025-05-09 19:45:21.725,6790.0,8124,6780.0,2642,6770.0,16295,6760.0,4500,6750.0,6490,6800.0,5277,6810.0,2785,6820.0,5919,6840.0,21660,6850.0,2452,2025-05-09 19:45:21.642,,2147483647,1946110,False,nan
13974,2214930,1613475789,MERV - XMEV - GGAL - 24hs,6800.0,2025-05-09 19:45:20,225,2025-05-09 19:45:25.646,6790.0,8124,6780.0,2642,6770.0,16295,6760.0,4500,6750.0,6143,6800.0,5277,6810.0,2785,6820.0,5919,6840.0,21660,6850.0,2452,2025-05-09 19:45:25.563,,2147483647,1946110,False,nan
13975,2214984,1613475858,MERV - XMEV - GGAL - 24hs,6800.0,2025-05-09 19:45:20,225,2025-05-09 19:45:26.396,6790.0,8124,6780.0,2642,6770.0,16295,6760.0,4500,6750.0,6490,6800.0,5277,6810.0,2785,6820.0,5919,6840.0,21660,6850.0,2452,2025-05-09 19:45:26.312,,2147483647,1946110,False,nan
13976,2215056,1613475938,MERV - XMEV - GGAL - 24hs,6800.0,2025-05-09 19:45:20,225,2025-05-09 19:45:27.878,6790.0,8124,6780.0,2642,6770.0,16295,6760.0,4500,6750.0,6143,6800.0,5277,6810.0,2785,6820.0,5919,6840.0,21660,6850.0,2452,2025-05-09 19:45:27.794,,2147483647,1946110,False,nan
13977,2215235,1613476169,MERV - XMEV - GGAL - 24hs,6800.0,2025-05-09 19:45:20,225,2025-05-09 19:45:30.933,6790.0,8124,6780.0,2642,6770.0,16295,6760.0,4500,6750.0,6126,6800.0,5277,6810.0,2785,6820.0,5919,6840.0,21660,6850.0,2452,2025-05-09 19:45:30.850,,2147483647,1946110,False,nan
13978,2215392,1613476340,MERV - XMEV - GGAL - 24hs,6800.0,2025-05-09 19:45:20,225,2025-05-09 19:45:33.812,6790.0,8124,6780.0,2642,6770.0,16295,6760.0,4500,6750.0,6126,6800.0,5277,6810.0,2785,6820.0,5919,6830.0,17000,6840.0,19660,2025-05-09 19:45:33.729,,2147483647,1946110,False,nan
13979,2215453,1613476406,MERV - XMEV - GGAL - 24hs,6800.0,2025-05-09 19:45:20,225,2025-05-09 19:45:34.651,6790.0,8124,6780.0,2642,6770.0,16295,6760.0,4500,6750.0,2313,6800.0,5277,6810.0,2785,6820.0,5919,6830.0,17000,6840.0,19660,2025-05-09 19:45:34.565,,2147483647,1946110,False,nan
13980,2215603,1613476571,MERV - XMEV - GGAL - 24hs,6800.0,2025-05-09 19:45:20,225,2025-05-09 19:45:36.698,6790.0,8124,6780.0,2642,6770.0,16295,6760.0,4500,6750.0,2313,6800.0,5277,6810.0,2785,6820.0,5919,6840.0,26660,6850.0,2452,2025-05-09 19:45:36.610,,2147483647,1946110,False,nan
13981,2215812,1613476803,MERV - XMEV - GGAL - 24hs,6800.0,2025-05-09 19:45:20,225,2025-05-09 19:45:37.699,6790.0,8124,6780.0,2642,6770.0,16295,6760.0,4500,6750.0,2306,6800.0,5277,6810.0,2785,6820.0,5919,6840.0,26660,6850.0,2452,2025-05-09 19:45:37.612,,2147483647,1946110,False,nan
13982,2215880,1613476896,MERV - XMEV - GGAL - 24hs,6800.0,2025-05-09 19:45:20,225,2025-05-09 19:45:38.425,6790.0,8124,6780.0,2642,6770.0,16295,6760.0,4500,6750.0,2306,6800.0,5277,6810.0,2785,6820.0,5919,6840.0,26005,6850.0,2452,2025-05-09 19:45:38.341,,2147483647,1946110,False,nan
13983,2215990,1613477047,MERV - XMEV - GGAL - 24hs,6790.0,2025-05-09 19:45:40,2785,2025-05-09 19:45:40.383,6790.0,8124,6780.0,2642,6770.0,16295,6760.0,4500,6750.0,2306,6800.0,5277,6810.0,2785,6820.0,5919,6840.0,26005,6850.0,2452,2025-05-09 19:45:40.287,,2147483647,1946110,True,bid
13984,2216012,1613477072,MERV - XMEV - GGAL - 24hs,6790.0,2025-05-09 19:45:40,2785,2025-05-09 19:45:41.037,6790.0,5339,6780.0,2642,6770.0,16295,6760.0,4500,6750.0,2306,6800.0,5277,6820.0,5919,6840.0,26005,6850.0,2452,6860.0,10500,2025-05-09 19:45:40.954,,2147483647,1946110,False,nan
13985,2216048,1613477113,MERV - XMEV - GGAL - 24hs,6790.0,2025-05-09 19:45:40,2785,2025-05-09 19:45:41.538,6790.0,5339,6780.0,2642,6770.0,16295,6760.0,4500,6750.0,2306,6800.0,5277,6820.0,5919,6840.0,26005,6850.0,2452,6860.0,10500,2025-05-09 19:45:41.454,,2147483647,1948895,False,nan
13986,2216105,1613477187,MERV - XMEV - GGAL - 24hs,6790.0,2025-05-09 19:45:42,12,2025-05-09 19:45:42.267,6790.0,5339,6780.0,2642,6770.0,16295,6760.0,4500,6750.0,2306,6800.0,5277,6820.0,5919,6840.0,26005,6850.0,2452,6860.0,10500,2025-05-09 19:45:42.184,,2147483647,1948895,True,bid
13987,2216138,1613477233,MERV - XMEV - GGAL - 24hs,6790.0,2025-05-09 19:45:42,12,2025-05-09 19:45:42.774,6790.0,5327,6780.0,2642,6770.0,16295,6760.0,4500,6750.0,2306,6800.0,5277,6820.0,5919,6840.0,26005,6850.0,2452,6860.0,10500,2025-05-09 19:45:42.690,,2147483647,1948895,False,nan
13988,2216176,1613477277,MERV - XMEV - GGAL - 24hs,6800.0,2025-05-09 19:45:43,3,2025-05-09 19:45:43.268,6790.0,5327,6780.0,2642,6770.0,16295,6760.0,4500,6750.0,2306,6800.0,5277,6820.0,5919,6840.0,26005,6850.0,2452,6860.0,10500,2025-05-09 19:45:43.184,,2147483647,1948907,True,offer
13989,2216207,1613477317,MERV - XMEV - GGAL - 24hs,6800.0,2025-05-09 19:45:43,3,2025-05-09 19:45:43.767,6790.0,5327,6780.0,2642,6770.0,16295,6760.0,4500,6750.0,2306,6800.0,5274,6820.0,5919,6840.0,26005,6850.0,2452,6860.0,10500,2025-05-09 19:45:43.685,,2147483647,1948910,False,nan
13990,2216220,1613477338,MERV - XMEV - GGAL - 24hs,6800.0,2025-05-09 19:45:43,3,2025-05-09 19:45:44.463,6790.0,5327,6780.0,2642,6770.0,16295,6760.0,4500,6750.0,2306,6800.0,5274,6820.0,5919,6840.0,21005,6850.0,7452,6860.0,10500,2025-05-09 19:45:44.380,,2147483647,1948910,False,nan
13991,2216477,1613477755,MERV - XMEV - GGAL - 24hs,6790.0,2025-05-09 19:45:48,50,2025-05-09 19:45:48.975,6790.0,5327,6780.0,2642,6770.0,16295,6760.0,4500,6750.0,2306,6800.0,5274,6820.0,5919,6840.0,21005,6850.0,7452,6860.0,10500,2025-05-09 19:45:48.890,,2147483647,1948910,True,bid
13992,2216517,1613477814,MERV - XMEV - GGAL - 24hs,6790.0,2025-05-09 19:45:48,50,2025-05-09 19:45:49.493,6790.0,5277,6780.0,2642,6770.0,16295,6760.0,4500,6750.0,2306,6800.0,5274,6810.0,38,6820.0,5881,6840.0,21005,6850.0,7452,2025-05-09 19:45:49.394,,2147483647,1948910,False,nan
13993,2216559,1613477870,MERV - XMEV - GGAL - 24hs,6800.0,2025-05-09 19:45:49,3,2025-05-09 19:45:49.976,6790.0,5277,6780.0,2642,6770.0,16295,6760.0,4500,6750.0,2306,6800.0,5274,6810.0,38,6820.0,5881,6840.0,21005,6850.0,7452,2025-05-09 19:45:49.893,,2147483647,1948960,True,offer
13994,2216585,1613477931,MERV - XMEV - GGAL - 24hs,6800.0,2025-05-09 19:45:49,3,2025-05-09 19:45:50.476,6790.0,5277,6780.0,2642,6770.0,16295,6760.0,4500,6750.0,2306,6800.0,5271,6810.0,38,6820.0,5881,6840.0,21005,6850.0,7452,2025-05-09 19:45:50.393,,2147483647,1948960,False,nan
13995,2216603,1613477957,MERV - XMEV - GGAL - 24hs,6800.0,2025-05-09 19:45:49,3,2025-05-09 19:45:50.977,6790.0,5277,6780.0,2642,6770.0,16295,6760.0,4500,6750.0,2306,6800.0,5271,6810.0,38,6820.0,5881,6840.0,21005,6850.0,7452,2025-05-09 19:45:50.893,,2147483647,1948963,False,nan
13996,2216650,1613478010,MERV - XMEV - GGAL - 24hs,6800.0,2025-05-09 19:45:49,3,2025-05-09 19:45:52.024,6790.0,5277,6780.0,2642,6770.0,16295,6760.0,4500,6750.0,6465,6800.0,5271,6810.0,38,6820.0,5881,6840.0,21005,6850.0,7452,2025-05-09 19:45:51.941,,2147483647,1948963,False,nan
13997,2216683,1613478049,MERV - XMEV - GGAL - 24hs,6800.0,2025-05-09 19:45:49,3,2025-05-09 19:45:52.697,6790.0,5277,6780.0,2642,6770.0,16295,6760.0,4500,6750.0,6811,6800.0,5271,6810.0,38,6820.0,5881,6840.0,21005,6850.0,7452,2025-05-09 19:45:52.614,,2147483647,1948963,False,nan
13998,2216759,1613478141,MERV - XMEV - GGAL - 24hs,6800.0,2025-05-09 19:45:49,3,2025-05-09 19:45:53.692,6790.0,5277,6780.0,2642,6770.0,16295,6760.0,4500,6750.0,7158,6800.0,5271,6810.0,38,6820.0,5881,6840.0,21005,6850.0,7452,2025-05-09 19:45:53.608,,2147483647,1948963,False,nan
13999,2216795,1613478184,MERV - XMEV - GGAL - 24hs,6800.0,2025-05-09 19:45:49,3,2025-05-09 19:45:54.460,6790.0,5277,6780.0,2642,6770.0,16295,6760.0,4500,6750.0,6811,6800.0,5271,6810.0,38,6820.0,5881,6840.0,21005,6850.0,7452,2025-05-09 19:45:54.377,,2147483647,1948963,False,nan
14000,2216927,1613478346,MERV - XMEV - GGAL - 24hs,6800.0,2025-05-09 19:45:57,120,2025-05-09 19:45:57.208,6790.0,5277,6780.0,2642,6770.0,16295,6760.0,4500,6750.0,6811,6800.0,5271,6810.0,38,6820.0,5881,6840.0,21005,6850.0,7452,2025-05-09 19:45:57.114,,2147483647,1948963,True,offer
14001,2216971,1613478392,MERV - XMEV - GGAL - 24hs,6800.0,2025-05-09 19:45:57,120,2025-05-09 19:45:57.705,6790.0,5277,6780.0,2642,6770.0,16295,6760.0,5885,6750.0,2306,6800.0,5151,6810.0,38,6820.0,5881,6840.0,21005,6850.0,7452,2025-05-09 19:45:57.613,,2147483647,1948963,False,nan
14002,2216988,1613478411,MERV - XMEV - GGAL - 24hs,6800.0,2025-05-09 19:45:57,120,2025-05-09 19:45:58.197,6790.0,5277,6780.0,2642,6770.0,16295,6760.0,5885,6750.0,2306,6800.0,5151,6810.0,38,6820.0,5881,6840.0,21005,6850.0,7452,2025-05-09 19:45:58.114,,2147483647,1949083,False,nan
14003,2217007,1613478436,MERV - XMEV - GGAL - 24hs,6790.0,2025-05-09 19:45:58,61,2025-05-09 19:45:58.866,6790.0,5216,6780.0,2642,6770.0,16295,6760.0,4500,6750.0,6811,6800.0,5151,6810.0,38,6820.0,5881,6840.0,21005,6850.0,7452,2025-05-09 19:45:58.737,,2147483647,1949083,True,bid
14004,2217022,1613478454,MERV - XMEV - GGAL - 24hs,6790.0,2025-05-09 19:45:58,61,2025-05-09 19:45:59.197,6790.0,5216,6780.0,2642,6770.0,16295,6760.0,4500,6750.0,6811,6800.0,5151,6810.0,38,6820.0,5881,6840.0,21005,6850.0,7452,2025-05-09 19:45:59.114,,2147483647,1949144,False,nan
14005,2217040,1613478473,MERV - XMEV - GGAL - 24hs,6800.0,2025-05-09 19:45:59,22,2025-05-09 19:45:59.697,6790.0,5216,6780.0,2642,6770.0,16295,6760.0,4500,6750.0,7158,6800.0,5129,6810.0,38,6820.0,5881,6840.0,21005,6850.0,7452,2025-05-09 19:45:59.613,,2147483647,1949144,True,offer
14006,2217064,1613478499,MERV - XMEV - GGAL - 24hs,6800.0,2025-05-09 19:45:59,22,2025-05-09 19:46:00.197,6790.0,5216,6780.0,17642,6770.0,2295,6760.0,3500,6750.0,7811,6800.0,5129,6810.0,38,6820.0,5881,6840.0,21005,6850.0,7452,2025-05-09 19:46:00.114,,2147483647,1949166,False,nan
14007,2217152,1613478597,MERV - XMEV - GGAL - 24hs,6800.0,2025-05-09 19:45:59,22,2025-05-09 19:46:01.237,6790.0,5216,6780.0,17642,6770.0,2295,6760.0,3500,6750.0,9198,6800.0,5129,6810.0,38,6820.0,5881,6840.0,21005,6850.0,7452,2025-05-09 19:46:01.154,,2147483647,1949166,False,nan
14008,2217195,1613478656,MERV - XMEV - GGAL - 24hs,6800.0,2025-05-09 19:45:59,22,2025-05-09 19:46:02.014,6790.0,5216,6780.0,17642,6770.0,2295,6760.0,3500,6750.0,8197,6800.0,5129,6810.0,38,6820.0,5881,6840.0,21005,6850.0,7452,2025-05-09 19:46:01.922,,2147483647,1949166,False,nan
14009,2217401,1613478904,MERV - XMEV - GGAL - 24hs,6800.0,2025-05-09 19:46:04,50,2025-05-09 19:46:04.604,6790.0,5216,6780.0,17642,6770.0,2295,6760.0,3500,6750.0,8197,6800.0,5129,6810.0,38,6820.0,5881,6840.0,21005,6850.0,7452,2025-05-09 19:46:04.522,,2147483647,1949166,True,offer
14010,2217432,1613478936,MERV - XMEV - GGAL - 24hs,6800.0,2025-05-09 19:46:04,50,2025-05-09 19:46:05.111,6790.0,5216,6780.0,17642,6770.0,2295,6760.0,3500,6750.0,8543,6800.0,5079,6810.0,38,6820.0,5881,6840.0,21005,6850.0,7452,2025-05-09 19:46:05.028,,2147483647,1949166,False,nan
14011,2217462,1613478969,MERV - XMEV - GGAL - 24hs,6800.0,2025-05-09 19:46:04,50,2025-05-09 19:46:05.616,6790.0,5216,6780.0,17642,6770.0,2295,6760.0,3500,6750.0,8543,6800.0,5079,6810.0,38,6820.0,5881,6840.0,21005,6850.0,7452,2025-05-09 19:46:05.528,,2147483647,1949216,False,nan
14012,2217752,1613479327,MERV - XMEV - GGAL - 24hs,6800.0,2025-05-09 19:46:04,50,2025-05-09 19:46:09.754,6790.0,5216,6780.0,17642,6770.0,2295,6760.0,3845,6750.0,2306,6800.0,5079,6820.0,5919,6840.0,21005,6850.0,7452,6860.0,10500,2025-05-09 19:46:09.668,,2147483647,1949216,False,nan
14013,2217858,1613479456,MERV - XMEV - GGAL - 24hs,6800.0,2025-05-09 19:46:04,50,2025-05-09 19:46:11.247,6790.0,5216,6780.0,17642,6770.0,2295,6760.0,4192,6750.0,2306,6800.0,5079,6820.0,5919,6840.0,21005,6850.0,7452,6860.0,10500,2025-05-09 19:46:11.163,,2147483647,1949216,False,nan
14014,2217930,1613479531,MERV - XMEV - GGAL - 24hs,6800.0,2025-05-09 19:46:04,50,2025-05-09 19:46:12.015,6790.0,5216,6780.0,17642,6770.0,2295,6760.0,4538,6750.0,2306,6800.0,5079,6820.0,5919,6840.0,21005,6850.0,7452,6860.0,10500,2025-05-09 19:46:11.931,,2147483647,1949216,False,nan
14015,2218278,1613480050,MERV - XMEV - GGAL - 24hs,6800.0,2025-05-09 19:46:04,50,2025-05-09 19:46:16.233,6790.0,764,6780.0,22642,6770.0,2295,6760.0,4896,6750.0,2306,6800.0,5079,6820.0,5919,6840.0,21005,6850.0,7452,6860.0,10500,2025-05-09 19:46:16.149,,2147483647,1949216,False,nan
14016,2218314,1613480126,MERV - XMEV - GGAL - 24hs,6800.0,2025-05-09 19:46:16,1,2025-05-09 19:46:16.733,6790.0,764,6780.0,22642,6770.0,2295,6760.0,4896,6750.0,2306,6800.0,5079,6820.0,5919,6840.0,21005,6850.0,7452,6860.0,10500,2025-05-09 19:46:16.650,,2147483647,1949216,True,offer
14017,2218345,1613480188,MERV - XMEV - GGAL - 24hs,6800.0,2025-05-09 19:46:16,1,2025-05-09 19:46:17.827,6790.0,764,6780.0,22642,6770.0,2295,6760.0,4896,6750.0,2306,6800.0,5078,6820.0,5919,6840.0,21005,6850.0,7452,6860.0,10500,2025-05-09 19:46:17.740,,2147483647,1949217,False,nan
14018,2218474,1613480412,MERV - XMEV - GGAL - 24hs,6790.0,2025-05-09 19:46:19,14,2025-05-09 19:46:19.747,6790.0,764,6780.0,22642,6770.0,2295,6760.0,4896,6750.0,2306,6800.0,5078,6820.0,5919,6840.0,21005,6850.0,7452,6860.0,10500,2025-05-09 19:46:19.663,,2147483647,1949217,True,bid
14019,2218498,1613480442,MERV - XMEV - GGAL - 24hs,6790.0,2025-05-09 19:46:19,14,2025-05-09 19:46:20.416,6790.0,750,6780.0,22642,6770.0,2295,6760.0,4896,6750.0,2306,6800.0,5078,6820.0,5919,6840.0,21005,6850.0,7452,6860.0,10500,2025-05-09 19:46:20.332,,2147483647,1949217,False,nan
14020,2218530,1613480481,MERV - XMEV - GGAL - 24hs,6800.0,2025-05-09 19:46:20,5,2025-05-09 19:46:20.911,6790.0,750,6780.0,22642,6770.0,2295,6760.0,4896,6750.0,2306,6800.0,5078,6820.0,5919,6840.0,21005,6850.0,7452,6860.0,10500,2025-05-09 19:46:20.827,,2147483647,1949231,True,offer
14021,2218583,1613480539,MERV - XMEV - GGAL - 24hs,6800.0,2025-05-09 19:46:20,5,2025-05-09 19:46:21.415,6790.0,750,6780.0,22642,6770.0,2295,6760.0,4896,6750.0,2306,6800.0,5073,6820.0,5919,6840.0,21005,6850.0,7452,6860.0,10500,2025-05-09 19:46:21.327,,2147483647,1949236,False,nan
14022,2218948,1613480981,MERV - XMEV - GGAL - 24hs,6800.0,2025-05-09 19:46:20,5,2025-05-09 19:46:26.644,6790.0,750,6780.0,22644,6770.0,2295,6760.0,4896,6750.0,2306,6800.0,5073,6820.0,5919,6840.0,21005,6850.0,7452,6860.0,10500,2025-05-09 19:46:26.561,,2147483647,1949236,False,nan
14023,2219027,1613481080,MERV - XMEV - GGAL - 24hs,6800.0,2025-05-09 19:46:20,5,2025-05-09 19:46:28.297,6790.0,1500,6780.0,22644,6770.0,2295,6760.0,4896,6750.0,2306,6800.0,5073,6820.0,5919,6840.0,21005,6850.0,7452,6860.0,10500,2025-05-09 19:46:28.213,,2147483647,1949236,False,nan
14024,2219418,1613481586,MERV - XMEV - GGAL - 24hs,6800.0,2025-05-09 19:46:37,1,2025-05-09 19:46:37.227,6790.0,1500,6780.0,22644,6770.0,2295,6760.0,4896,6750.0,2306,6800.0,5073,6820.0,5919,6840.0,21005,6850.0,7452,6860.0,10500,2025-05-09 19:46:37.143,,2147483647,1949236,True,offer
14025,2219450,1613481621,MERV - XMEV - GGAL - 24hs,6800.0,2025-05-09 19:46:37,1,2025-05-09 19:46:37.890,6790.0,1500,6780.0,22644,6770.0,2295,6760.0,4896,6750.0,2306,6800.0,5072,6820.0,5919,6840.0,21005,6850.0,7452,6860.0,10500,2025-05-09 19:46:37.807,,2147483647,1949236,False,nan
14026,2219493,1613481668,MERV - XMEV - GGAL - 24hs,6800.0,2025-05-09 19:46:37,1,2025-05-09 19:46:38.389,6790.0,1500,6780.0,22644,6770.0,2295,6760.0,4896,6750.0,2306,6800.0,5072,6820.0,5919,6840.0,21005,6850.0,7452,6860.0,10500,2025-05-09 19:46:38.307,,2147483647,1949237,False,nan
14027,2219707,1613481925,MERV - XMEV - GGAL - 24hs,6800.0,2025-05-09 19:46:37,1,2025-05-09 19:46:43.350,6790.0,1500,6780.0,22644,6770.0,2295,6760.0,4550,6750.0,2306,6800.0,5072,6820.0,5919,6840.0,21005,6850.0,7452,6860.0,10500,2025-05-09 19:46:43.244,,2147483647,1949237,False,nan
14028,2220039,1613482344,MERV - XMEV - GGAL - 24hs,6800.0,2025-05-09 19:46:37,1,2025-05-09 19:46:48.629,6790.0,1500,6780.0,22644,6770.0,2295,6760.0,4506,6750.0,2306,6800.0,5072,6820.0,5919,6840.0,21005,6850.0,7452,6860.0,10500,2025-05-09 19:46:48.544,,2147483647,1949237,False,nan
14029,2220143,1613482467,MERV - XMEV - GGAL - 24hs,6800.0,2025-05-09 19:46:37,1,2025-05-09 19:46:50.696,6790.0,1500,6780.0,22644,6770.0,2295,6760.0,4506,6750.0,2306,6800.0,4155,6810.0,38,6820.0,6798,6840.0,21005,6850.0,7452,2025-05-09 19:46:50.614,,2147483647,1949237,False,nan
14030,2220256,1613482608,MERV - XMEV - GGAL - 24hs,6800.0,2025-05-09 19:46:37,1,2025-05-09 19:46:52.835,6790.0,1500,6780.0,22644,6770.0,2295,6760.0,4538,6750.0,2306,6800.0,4155,6810.0,38,6820.0,6798,6840.0,21005,6850.0,7452,2025-05-09 19:46:52.752,,2147483647,1949237,False,nan
14031,2220292,1613482648,MERV - XMEV - GGAL - 24hs,6800.0,2025-05-09 19:46:37,1,2025-05-09 19:46:53.727,6790.0,750,6780.0,22644,6770.0,2295,6760.0,4538,6750.0,2306,6800.0,4155,6810.0,38,6820.0,6798,6840.0,21005,6850.0,7452,2025-05-09 19:46:53.643,,2147483647,1949237,False,nan
14032,2220442,1613482809,MERV - XMEV - GGAL - 24hs,6790.0,2025-05-09 19:46:56,101,2025-05-09 19:46:56.529,6790.0,750,6780.0,22644,6770.0,2295,6760.0,4538,6750.0,2306,6800.0,4155,6810.0,38,6820.0,6798,6840.0,21005,6850.0,7452,2025-05-09 19:46:56.446,,2147483647,1949237,True,bid
14033,2220458,1613482828,MERV - XMEV - GGAL - 24hs,6790.0,2025-05-09 19:46:56,125,2025-05-09 19:46:57.029,6790.0,750,6780.0,22644,6770.0,2295,6760.0,4538,6750.0,2306,6800.0,4155,6810.0,38,6820.0,6798,6840.0,21005,6850.0,7452,2025-05-09 19:46:56.946,,2147483647,1949237,False,nan
14034,2220481,1613482855,MERV - XMEV - GGAL - 24hs,6790.0,2025-05-09 19:46:56,125,2025-05-09 19:46:57.534,6790.0,380,6780.0,22644,6770.0,2295,6760.0,4538,6750.0,2306,6800.0,4155,6810.0,38,6820.0,6798,6840.0,21005,6850.0,7452,2025-05-09 19:46:57.451,,2147483647,1949607,False,nan
14035,2220589,1613482971,MERV - XMEV - GGAL - 24hs,6790.0,2025-05-09 19:46:56,125,2025-05-09 19:46:59.871,6790.0,380,6780.0,22644,6770.0,2295,6760.0,4192,6750.0,2306,6800.0,4155,6810.0,38,6820.0,6798,6840.0,21005,6850.0,7452,2025-05-09 19:46:59.783,,2147483647,1949607,False,nan
14036,2220602,1613482984,MERV - XMEV - GGAL - 24hs,6800.0,2025-05-09 19:47:00,4,2025-05-09 19:47:00.370,6790.0,380,6780.0,22644,6770.0,2295,6760.0,4192,6750.0,2306,6800.0,4155,6810.0,38,6820.0,6798,6840.0,21005,6850.0,7452,2025-05-09 19:47:00.286,,2147483647,1949607,True,offer
14037,2220623,1613483010,MERV - XMEV - GGAL - 24hs,6800.0,2025-05-09 19:47:00,4,2025-05-09 19:47:00.869,6790.0,380,6780.0,22644,6770.0,2295,6760.0,4192,6750.0,2306,6800.0,4151,6810.0,38,6820.0,6798,6840.0,21005,6850.0,7452,2025-05-09 19:47:00.785,,2147483647,1949611,False,nan
14038,2220644,1613483034,MERV - XMEV - GGAL - 24hs,6800.0,2025-05-09 19:47:00,4,2025-05-09 19:47:01.369,6790.0,380,6780.0,22644,6770.0,2295,6760.0,4192,6750.0,2306,6800.0,4151,6810.0,38,6820.0,6798,6840.0,21005,6850.0,7452,2025-05-09 19:47:01.285,,2147483647,1949611,False,nan
14039,2220667,1613483063,MERV - XMEV - GGAL - 24hs,6800.0,2025-05-09 19:47:00,4,2025-05-09 19:47:01.871,6790.0,380,6780.0,22644,6770.0,2295,6760.0,4192,6750.0,2306,6800.0,4147,6810.0,38,6820.0,6798,6840.0,21005,6850.0,7452,2025-05-09 19:47:01.785,,2147483647,1949615,False,nan
14040,2220688,1613483092,MERV - XMEV - GGAL - 24hs,6800.0,2025-05-09 19:47:00,4,2025-05-09 19:47:02.369,6790.0,380,6780.0,22644,6770.0,2295,6760.0,3845,6750.0,2306,6800.0,4147,6810.0,38,6820.0,6798,6840.0,21005,6850.0,7452,2025-05-09 19:47:02.285,,2147483647,1949615,False,nan
14041,2220888,1613483347,MERV - XMEV - GGAL - 24hs,6800.0,2025-05-09 19:47:00,4,2025-05-09 19:47:07.651,6790.0,380,6780.0,22644,6770.0,2295,6760.0,4192,6750.0,2306,6800.0,4147,6810.0,38,6820.0,6798,6840.0,21005,6850.0,7452,2025-05-09 19:47:07.568,,2147483647,1949615,False,nan
14042,2220957,1613483448,MERV - XMEV - GGAL - 24hs,6790.0,2025-05-09 19:47:09,4,2025-05-09 19:47:09.758,6790.0,380,6780.0,22644,6770.0,2295,6760.0,4192,6750.0,2306,6800.0,4147,6810.0,38,6820.0,6798,6840.0,21005,6850.0,7452,2025-05-09 19:47:09.673,,2147483647,1949615,True,bid
14043,2220994,1613483489,MERV - XMEV - GGAL - 24hs,6790.0,2025-05-09 19:47:09,4,2025-05-09 19:47:10.425,6790.0,376,6780.0,22644,6770.0,2295,6760.0,4192,6750.0,2306,6800.0,4147,6810.0,38,6820.0,6798,6840.0,21005,6850.0,7452,2025-05-09 19:47:10.339,,2147483647,1949615,False,nan
14044,2221053,1613483559,MERV - XMEV - GGAL - 24hs,6790.0,2025-05-09 19:47:09,4,2025-05-09 19:47:10.939,6790.0,376,6780.0,22644,6770.0,2295,6760.0,4192,6750.0,2306,6800.0,4147,6810.0,38,6820.0,6798,6840.0,21005,6850.0,7452,2025-05-09 19:47:10.839,,2147483647,1949619,False,nan
14045,2221142,1613483664,MERV - XMEV - GGAL - 24hs,6790.0,2025-05-09 19:47:09,4,2025-05-09 19:47:11.781,6790.0,376,6780.0,22644,6770.0,2295,6760.0,4144,6750.0,2306,6800.0,4147,6820.0,6836,6840.0,21005,6850.0,7452,6860.0,10500,2025-05-09 19:47:11.697,,2147483647,1949619,False,nan
14046,2221217,1613483748,MERV - XMEV - GGAL - 24hs,6790.0,2025-05-09 19:47:09,4,2025-05-09 19:47:12.745,6790.0,376,6780.0,22644,6770.0,2295,6760.0,4538,6750.0,2306,6800.0,4147,6820.0,6836,6840.0,21005,6850.0,7452,6860.0,10500,2025-05-09 19:47:12.661,,2147483647,1949619,False,nan
14047,2221706,1613484325,MERV - XMEV - GGAL - 24hs,6790.0,2025-05-09 19:47:09,4,2025-05-09 19:47:18.855,6790.0,382,6780.0,23644,6770.0,1295,6760.0,4538,6750.0,2306,6800.0,4147,6820.0,6836,6840.0,21005,6850.0,7452,6860.0,10500,2025-05-09 19:47:18.771,,2147483647,1949619,False,nan
14048,2221891,1613484544,MERV - XMEV - GGAL - 24hs,6790.0,2025-05-09 19:47:09,4,2025-05-09 19:47:22.973,6790.0,388,6780.0,23644,6770.0,1295,6760.0,4538,6750.0,2306,6800.0,4147,6820.0,6836,6840.0,21005,6850.0,7452,6860.0,10500,2025-05-09 19:47:22.883,,2147483647,1949619,False,nan
14049,2222081,1613484783,MERV - XMEV - GGAL - 24hs,6800.0,2025-05-09 19:47:25,91,2025-05-09 19:47:25.779,6790.0,388,6780.0,23644,6770.0,1295,6760.0,4538,6750.0,2306,6800.0,4147,6820.0,6836,6840.0,21005,6850.0,7452,6860.0,10500,2025-05-09 19:47:25.695,,2147483647,1949619,True,offer
14050,2222101,1613484804,MERV - XMEV - GGAL - 24hs,6800.0,2025-05-09 19:47:25,91,2025-05-09 19:47:26.279,6790.0,388,6780.0,23644,6770.0,1295,6760.0,4538,6750.0,2306,6800.0,4056,6820.0,6836,6840.0,21005,6850.0,7452,6860.0,10500,2025-05-09 19:47:26.195,,2147483647,1949619,False,nan
14051,2222113,1613484817,MERV - XMEV - GGAL - 24hs,6800.0,2025-05-09 19:47:25,91,2025-05-09 19:47:26.780,6790.0,388,6780.0,23644,6770.0,1295,6760.0,4538,6750.0,2306,6800.0,4056,6820.0,6836,6840.0,21005,6850.0,7452,6860.0,10500,2025-05-09 19:47:26.695,,2147483647,1949710,False,nan
14052,2222309,1613485050,MERV - XMEV - GGAL - 24hs,6800.0,2025-05-09 19:47:31,2,2025-05-09 19:47:31.503,6790.0,388,6780.0,23644,6770.0,1295,6760.0,4538,6750.0,2306,6800.0,4056,6820.0,6836,6840.0,21005,6850.0,7452,6860.0,10500,2025-05-09 19:47:31.318,,2147483647,1949710,True,offer
14053,2222332,1613485076,MERV - XMEV - GGAL - 24hs,6800.0,2025-05-09 19:47:31,2,2025-05-09 19:47:31.705,6790.0,15388,6780.0,8644,6770.0,1295,6760.0,4538,6750.0,2306,6800.0,4054,6820.0,6836,6840.0,21005,6850.0,7452,6860.0,10500,2025-05-09 19:47:31.622,,2147483647,1949710,False,nan
14054,2222362,1613485110,MERV - XMEV - GGAL - 24hs,6800.0,2025-05-09 19:47:31,2,2025-05-09 19:47:32.207,6790.0,15388,6780.0,8644,6770.0,1295,6760.0,4538,6750.0,2306,6800.0,4054,6820.0,6836,6840.0,21005,6850.0,7452,6860.0,10500,2025-05-09 19:47:32.122,,2147483647,1949712,False,nan
14055,2222695,1613485484,MERV - XMEV - GGAL - 24hs,6800.0,2025-05-09 19:47:31,2,2025-05-09 19:47:37.315,6790.0,15388,6780.0,8644,6770.0,1295,6760.0,4885,6750.0,2306,6800.0,4054,6820.0,6836,6840.0,21005,6850.0,7452,6860.0,10500,2025-05-09 19:47:37.230,,2147483647,1949712,False,nan
14056,2222739,1613485532,MERV - XMEV - GGAL - 24hs,6800.0,2025-05-09 19:47:37,5,2025-05-09 19:47:37.915,6790.0,15388,6780.0,8644,6770.0,1295,6760.0,4885,6750.0,2306,6800.0,4054,6820.0,6836,6840.0,21005,6850.0,7452,6860.0,10500,2025-05-09 19:47:37.830,,2147483647,1949712,True,offer
14057,2222798,1613485594,MERV - XMEV - GGAL - 24hs,6800.0,2025-05-09 19:47:37,5,2025-05-09 19:47:38.431,6790.0,15388,6780.0,8644,6770.0,1295,6760.0,4885,6750.0,2306,6800.0,4049,6820.0,6836,6840.0,21005,6850.0,7452,6860.0,10500,2025-05-09 19:47:38.330,,2147483647,1949712,False,nan
14058,2222835,1613485637,MERV - XMEV - GGAL - 24hs,6800.0,2025-05-09 19:47:37,5,2025-05-09 19:47:38.915,6790.0,388,6780.0,22644,6770.0,2295,6760.0,4885,6750.0,2306,6800.0,4049,6810.0,38,6820.0,6798,6840.0,26005,6850.0,2452,2025-05-09 19:47:38.830,,2147483647,1949717,False,nan
14059,2222965,1613485786,MERV - XMEV - GGAL - 24hs,6800.0,2025-05-09 19:47:37,5,2025-05-09 19:47:39.871,6790.0,432,6780.0,22644,6770.0,2295,6760.0,4885,6750.0,2306,6800.0,4049,6810.0,38,6820.0,6798,6840.0,26005,6850.0,2452,2025-05-09 19:47:39.774,,2147483647,1949717,False,nan
14060,2223067,1613485904,MERV - XMEV - GGAL - 24hs,6800.0,2025-05-09 19:47:37,5,2025-05-09 19:47:41.627,6790.0,432,6780.0,23644,6770.0,1295,6760.0,4885,6750.0,2306,6800.0,4049,6810.0,38,6820.0,6798,6840.0,26005,6850.0,2452,2025-05-09 19:47:41.538,,2147483647,1949717,False,nan
14061,2223251,1613486140,MERV - XMEV - GGAL - 24hs,6800.0,2025-05-09 19:47:37,5,2025-05-09 19:47:44.881,6790.0,432,6780.0,23644,6770.0,1295,6760.0,4885,6750.0,2306,6800.0,4049,6810.0,38,6820.0,6798,6840.0,21005,6850.0,7452,2025-05-09 19:47:44.796,,2147483647,1949717,False,nan
14062,2223516,1613486447,MERV - XMEV - GGAL - 24hs,6800.0,2025-05-09 19:47:37,5,2025-05-09 19:47:50.336,6790.0,1432,6780.0,22644,6770.0,1295,6760.0,4885,6750.0,2306,6800.0,4049,6810.0,38,6820.0,6798,6840.0,21005,6850.0,7452,2025-05-09 19:47:50.252,,2147483647,1949717,False,nan
14063,2223666,1613486609,MERV - XMEV - GGAL - 24hs,6800.0,2025-05-09 19:47:52,100,2025-05-09 19:47:53.076,6790.0,1432,6780.0,22644,6770.0,1295,6760.0,4885,6750.0,2306,6800.0,4049,6810.0,38,6820.0,6798,6840.0,21005,6850.0,7452,2025-05-09 19:47:52.992,,2147483647,1949717,True,offer
14064,2223704,1613486650,MERV - XMEV - GGAL - 24hs,6800.0,2025-05-09 19:47:52,100,2025-05-09 19:47:53.653,6790.0,1432,6780.0,22644,6770.0,1295,6760.0,4885,6750.0,2306,6800.0,3949,6810.0,38,6820.0,6798,6840.0,21005,6850.0,7452,2025-05-09 19:47:53.566,,2147483647,1949717,False,nan
14065,2223729,1613486678,MERV - XMEV - GGAL - 24hs,6800.0,2025-05-09 19:47:52,100,2025-05-09 19:47:54.149,6790.0,1432,6780.0,22644,6770.0,1295,6760.0,4885,6750.0,2306,6800.0,3949,6810.0,38,6820.0,6798,6840.0,21005,6850.0,7452,2025-05-09 19:47:54.065,,2147483647,1949817,False,nan
14066,2223891,1613486885,MERV - XMEV - GGAL - 24hs,6800.0,2025-05-09 19:47:52,100,2025-05-09 19:47:58.139,6790.0,1432,6780.0,22644,6770.0,1295,6760.0,6271,6750.0,2306,6800.0,3949,6810.0,38,6820.0,6798,6840.0,21005,6850.0,7452,2025-05-09 19:47:58.055,,2147483647,1949817,False,nan
14067,2223949,1613486948,MERV - XMEV - GGAL - 24hs,6800.0,2025-05-09 19:47:52,100,2025-05-09 19:47:58.948,6790.0,1432,6780.0,22644,6770.0,1295,6760.0,6964,6750.0,2306,6800.0,3949,6820.0,6836,6840.0,21005,6850.0,7452,6860.0,10500,2025-05-09 19:47:58.849,,2147483647,1949817,False,nan
14068,2224025,1613487032,MERV - XMEV - GGAL - 24hs,6800.0,2025-05-09 19:47:52,100,2025-05-09 19:47:59.721,6790.0,1432,6780.0,22644,6770.0,2333,6760.0,3500,6750.0,2306,6800.0,3949,6820.0,6836,6840.0,21005,6850.0,7452,6860.0,10500,2025-05-09 19:47:59.635,,2147483647,1949817,False,nan
14069,2224082,1613487095,MERV - XMEV - GGAL - 24hs,6800.0,2025-05-09 19:47:52,100,2025-05-09 19:48:00.720,6790.0,1432,6780.0,22644,6770.0,2680,6760.0,3500,6750.0,2306,6800.0,3949,6820.0,6836,6840.0,21005,6850.0,7452,6860.0,10500,2025-05-09 19:48:00.591,,2147483647,1949817,False,nan
14070,2224160,1613487202,MERV - XMEV - GGAL - 24hs,6800.0,2025-05-09 19:47:52,100,2025-05-09 19:48:02.194,6790.0,1432,6780.0,23144,6770.0,2680,6760.0,3500,6750.0,2306,6800.0,3949,6820.0,6836,6840.0,21005,6850.0,7452,6860.0,10500,2025-05-09 19:48:02.108,,2147483647,1949817,False,nan
14071,2224604,1613487716,MERV - XMEV - GGAL - 24hs,6800.0,2025-05-09 19:47:52,100,2025-05-09 19:48:07.163,6790.0,1432,6780.0,23144,6770.0,2333,6760.0,3500,6750.0,2306,6800.0,3949,6820.0,6836,6840.0,21005,6850.0,7452,6860.0,10500,2025-05-09 19:48:07.078,,2147483647,1949817,False,nan
14072,2224646,1613487763,MERV - XMEV - GGAL - 24hs,6800.0,2025-05-09 19:47:52,100,2025-05-09 19:48:07.933,6790.0,1432,6780.0,23144,6770.0,2680,6760.0,3500,6750.0,2306,6800.0,3949,6820.0,6836,6840.0,21005,6850.0,7452,6860.0,10500,2025-05-09 19:48:07.849,,2147483647,1949817,False,nan
14073,2225116,1613488290,MERV - XMEV - GGAL - 24hs,6800.0,2025-05-09 19:47:52,100,2025-05-09 19:48:12.896,6790.0,1432,6780.0,23142,6770.0,2680,6760.0,3500,6750.0,2306,6800.0,3949,6820.0,6836,6840.0,21005,6850.0,7452,6860.0,10500,2025-05-09 19:48:12.810,,2147483647,1949817,False,nan
14074,2225174,1613488359,MERV - XMEV - GGAL - 24hs,6800.0,2025-05-09 19:47:52,100,2025-05-09 19:48:13.575,6790.0,1432,6780.0,23142,6770.0,2333,6760.0,3500,6750.0,2306,6800.0,3949,6820.0,6836,6840.0,21005,6850.0,7452,6860.0,10500,2025-05-09 19:48:13.485,,2147483647,1949817,False,nan
14075,2225402,1613488613,MERV - XMEV - GGAL - 24hs,6800.0,2025-05-09 19:48:18,15,2025-05-09 19:48:19.084,6790.0,1432,6780.0,23142,6770.0,2333,6760.0,3500,6750.0,2306,6800.0,3949,6820.0,6836,6840.0,21005,6850.0,7452,6860.0,10500,2025-05-09 19:48:19.000,,2147483647,1949817,True,offer
14076,2225421,1613488634,MERV - XMEV - GGAL - 24hs,6800.0,2025-05-09 19:48:18,15,2025-05-09 19:48:19.584,6790.0,1432,6780.0,23142,6770.0,2333,6760.0,3500,6750.0,2306,6800.0,3934,6820.0,6836,6840.0,21005,6850.0,7452,6860.0,10500,2025-05-09 19:48:19.500,,2147483647,1949817,False,nan
14077,2225440,1613488656,MERV - XMEV - GGAL - 24hs,6800.0,2025-05-09 19:48:18,15,2025-05-09 19:48:20.087,6790.0,1432,6780.0,23142,6770.0,2333,6760.0,3500,6750.0,2306,6800.0,3934,6820.0,6836,6840.0,21005,6850.0,7452,6860.0,10500,2025-05-09 19:48:20.000,,2147483647,1949832,False,nan
14078,2225536,1613488777,MERV - XMEV - GGAL - 24hs,6800.0,2025-05-09 19:48:18,15,2025-05-09 19:48:22.180,6790.0,1476,6780.0,23143,6770.0,2333,6760.0,3500,6750.0,2306,6800.0,3934,6820.0,6836,6840.0,21005,6850.0,7452,6860.0,10500,2025-05-09 19:48:22.087,,2147483647,1949832,False,nan
14079,2225653,1613488903,MERV - XMEV - GGAL - 24hs,6800.0,2025-05-09 19:48:18,15,2025-05-09 19:48:24.598,6790.0,1476,6780.0,23143,6770.0,2000,6760.0,3500,6750.0,2306,6800.0,3934,6820.0,6836,6840.0,21005,6850.0,7452,6860.0,10500,2025-05-09 19:48:24.514,,2147483647,1949832,False,nan
14080,2225707,1613488971,MERV - XMEV - GGAL - 24hs,6800.0,2025-05-09 19:48:18,15,2025-05-09 19:48:25.495,6790.0,1476,6780.0,23143,6770.0,2333,6760.0,3500,6750.0,2306,6800.0,3934,6820.0,6836,6840.0,21005,6850.0,7452,6860.0,10500,2025-05-09 19:48:25.411,,2147483647,1949832,False,nan
14081,2225802,1613489202,MERV - XMEV - GGAL - 24hs,6800.0,2025-05-09 19:48:18,15,2025-05-09 19:48:27.434,6790.0,1476,6780.0,23143,6770.0,2333,6760.0,3500,6750.0,2806,6800.0,3934,6820.0,6836,6840.0,21005,6850.0,7452,6860.0,10500,2025-05-09 19:48:27.348,,2147483647,1949832,False,nan
14082,2226147,1613489579,MERV - XMEV - GGAL - 24hs,6800.0,2025-05-09 19:48:18,15,2025-05-09 19:48:30.715,6790.0,1476,6780.0,23143,6770.0,2680,6760.0,3500,6750.0,2806,6800.0,3934,6810.0,38,6820.0,6798,6840.0,21005,6850.0,7452,2025-05-09 19:48:30.629,,2147483647,1949832,False,nan
14083,2226407,1613489875,MERV - XMEV - GGAL - 24hs,6790.0,2025-05-09 19:48:33,1,2025-05-09 19:48:33.311,6790.0,1476,6780.0,23143,6770.0,2680,6760.0,3500,6750.0,2806,6800.0,3934,6810.0,38,6820.0,6798,6840.0,21005,6850.0,7452,2025-05-09 19:48:33.227,,2147483647,1949832,True,bid
14084,2226424,1613489896,MERV - XMEV - GGAL - 24hs,6790.0,2025-05-09 19:48:33,1,2025-05-09 19:48:33.975,6790.0,1475,6780.0,23143,6770.0,3026,6760.0,3500,6750.0,2806,6800.0,3934,6810.0,38,6820.0,6798,6840.0,21005,6850.0,7452,2025-05-09 19:48:33.890,,2147483647,1949832,False,nan
14085,2226478,1613489955,MERV - XMEV - GGAL - 24hs,6790.0,2025-05-09 19:48:33,1,2025-05-09 19:48:34.475,6790.0,1475,6780.0,23143,6770.0,3026,6760.0,3500,6750.0,2806,6800.0,3934,6810.0,38,6820.0,6798,6840.0,21005,6850.0,7452,2025-05-09 19:48:34.390,,2147483647,1949833,False,nan
14086,2226582,1613490072,MERV - XMEV - GGAL - 24hs,6790.0,2025-05-09 19:48:33,1,2025-05-09 19:48:36.514,6790.0,1475,6780.0,23143,6770.0,3026,6760.0,3500,6750.0,2806,6800.0,3934,6810.0,388,6820.0,6798,6840.0,21005,6850.0,7452,2025-05-09 19:48:36.422,,2147483647,1949833,False,nan
14087,2226605,1613490099,MERV - XMEV - GGAL - 24hs,6790.0,2025-05-09 19:48:33,1,2025-05-09 19:48:37.242,6790.0,1475,6780.0,23143,6770.0,3719,6760.0,3500,6750.0,2806,6800.0,3934,6810.0,388,6820.0,6798,6840.0,21005,6850.0,7452,2025-05-09 19:48:37.157,,2147483647,1949833,False,nan
14088,2226645,1613490140,MERV - XMEV - GGAL - 24hs,6790.0,2025-05-09 19:48:33,1,2025-05-09 19:48:38.015,6790.0,1475,6780.0,23143,6770.0,4066,6760.0,3500,6750.0,2806,6800.0,3934,6810.0,388,6820.0,6798,6840.0,21005,6850.0,7452,2025-05-09 19:48:37.929,,2147483647,1949833,False,nan
14089,2226741,1613490242,MERV - XMEV - GGAL - 24hs,6790.0,2025-05-09 19:48:33,1,2025-05-09 19:48:38.943,6790.0,1475,6780.0,23143,6770.0,4759,6760.0,3500,6750.0,2806,6800.0,3934,6810.0,388,6820.0,6798,6840.0,21005,6850.0,7452,2025-05-09 19:48:38.822,,2147483647,1949833,False,nan
14090,2226785,1613490286,MERV - XMEV - GGAL - 24hs,6800.0,2025-05-09 19:48:39,10,2025-05-09 19:48:39.551,6790.0,1475,6780.0,23143,6770.0,4759,6760.0,3500,6750.0,2806,6800.0,3934,6810.0,388,6820.0,6798,6840.0,21005,6850.0,7452,2025-05-09 19:48:39.467,,2147483647,1949833,True,offer
14091,2226833,1613490338,MERV - XMEV - GGAL - 24hs,6800.0,2025-05-09 19:48:39,10,2025-05-09 19:48:40.219,6790.0,1475,6780.0,23145,6770.0,4759,6760.0,3500,6750.0,2806,6800.0,3924,6810.0,388,6820.0,6798,6840.0,21005,6850.0,7452,2025-05-09 19:48:40.134,,2147483647,1949833,False,nan
14092,2226859,1613490390,MERV - XMEV - GGAL - 24hs,6800.0,2025-05-09 19:48:40,3,2025-05-09 19:48:40.719,6790.0,1475,6780.0,23145,6770.0,4759,6760.0,3500,6750.0,2806,6800.0,3924,6810.0,388,6820.0,6798,6840.0,21005,6850.0,7452,2025-05-09 19:48:40.635,,2147483647,1949843,True,offer
14093,2226894,1613490440,MERV - XMEV - GGAL - 24hs,6800.0,2025-05-09 19:48:40,3,2025-05-09 19:48:41.219,6790.0,1475,6780.0,23145,6770.0,4759,6760.0,3500,6750.0,2806,6800.0,3921,6810.0,388,6820.0,6798,6840.0,21005,6850.0,7452,2025-05-09 19:48:41.135,,2147483647,1949846,False,nan
14094,2226966,1613490534,MERV - XMEV - GGAL - 24hs,6800.0,2025-05-09 19:48:42,21,2025-05-09 19:48:42.498,6790.0,1475,6780.0,23145,6770.0,4759,6760.0,3500,6750.0,2806,6800.0,3921,6810.0,388,6820.0,6798,6840.0,21005,6850.0,7452,2025-05-09 19:48:42.413,,2147483647,1949846,True,offer
14095,2227062,1613490642,MERV - XMEV - GGAL - 24hs,6800.0,2025-05-09 19:48:42,21,2025-05-09 19:48:43.100,6790.0,1475,6780.0,23145,6770.0,4759,6760.0,3500,6750.0,2806,6800.0,3900,6810.0,388,6820.0,6798,6840.0,21005,6850.0,7452,2025-05-09 19:48:42.921,,2147483647,1949846,False,nan
14096,2227212,1613490813,MERV - XMEV - GGAL - 24hs,6800.0,2025-05-09 19:48:42,21,2025-05-09 19:48:43.628,6790.0,1475,6780.0,23145,6770.0,4759,6760.0,3500,6750.0,2806,6800.0,3900,6810.0,388,6820.0,6798,6840.0,21005,6850.0,7452,2025-05-09 19:48:43.412,,2147483647,1949867,False,nan
14097,2227242,1613490855,MERV - XMEV - GGAL - 24hs,6800.0,2025-05-09 19:48:43,33,2025-05-09 19:48:44.230,6790.0,6475,6780.0,23145,6770.0,4759,6760.0,3500,6750.0,2806,6800.0,3900,6810.0,388,6820.0,6798,6840.0,21005,6850.0,7452,2025-05-09 19:48:44.016,,2147483647,1949867,True,offer
14098,2227265,1613490881,MERV - XMEV - GGAL - 24hs,6800.0,2025-05-09 19:48:43,33,2025-05-09 19:48:44.498,6790.0,6475,6780.0,23145,6770.0,4759,6760.0,3500,6750.0,2806,6800.0,3867,6810.0,388,6820.0,6798,6840.0,21005,6850.0,7452,2025-05-09 19:48:44.412,,2147483647,1949900,False,nan
14099,2227383,1613491016,MERV - XMEV - GGAL - 24hs,6800.0,2025-05-09 19:48:43,33,2025-05-09 19:48:46.760,6790.0,6475,6780.0,23145,6770.0,4759,6760.0,3500,6750.0,2806,6800.0,3867,6810.0,533,6820.0,6798,6840.0,21005,6850.0,7452,2025-05-09 19:48:46.676,,2147483647,1949900,False,nan
14100,2227925,1613491639,MERV - XMEV - GGAL - 24hs,6800.0,2025-05-09 19:48:43,33,2025-05-09 19:48:55.498,6790.0,6475,6780.0,21145,6770.0,4759,6760.0,3500,6750.0,4806,6800.0,3867,6810.0,495,6820.0,6836,6840.0,21005,6850.0,7452,2025-05-09 19:48:55.414,,2147483647,1949900,False,nan
14101,2228131,1613491869,MERV - XMEV - GGAL - 24hs,6800.0,2025-05-09 19:48:58,19,2025-05-09 19:48:58.378,6790.0,6475,6780.0,21145,6770.0,4759,6760.0,3500,6750.0,4806,6800.0,3867,6810.0,495,6820.0,6836,6840.0,21005,6850.0,7452,2025-05-09 19:48:58.267,,2147483647,1949900,True,offer
14102,2228171,1613491961,MERV - XMEV - GGAL - 24hs,6800.0,2025-05-09 19:48:58,19,2025-05-09 19:48:58.890,6790.0,6475,6780.0,21145,6770.0,4759,6760.0,3500,6750.0,4806,6800.0,3848,6810.0,495,6820.0,6836,6840.0,21005,6850.0,7452,2025-05-09 19:48:58.766,,2147483647,1949900,False,nan
14103,2228203,1613492049,MERV - XMEV - GGAL - 24hs,6800.0,2025-05-09 19:48:58,19,2025-05-09 19:48:59.351,6790.0,6475,6780.0,21145,6770.0,4759,6760.0,3500,6750.0,4806,6800.0,3848,6810.0,495,6820.0,6836,6840.0,21005,6850.0,7452,2025-05-09 19:48:59.266,,2147483647,1949919,False,nan
14104,2228506,1613492494,MERV - XMEV - GGAL - 24hs,6800.0,2025-05-09 19:49:05,2,2025-05-09 19:49:05.990,6790.0,6475,6780.0,21145,6770.0,4759,6760.0,3500,6750.0,4806,6800.0,3848,6810.0,495,6820.0,6836,6840.0,21005,6850.0,7452,2025-05-09 19:49:05.905,,2147483647,1949919,True,offer
14105,2228526,1613492515,MERV - XMEV - GGAL - 24hs,6800.0,2025-05-09 19:49:05,2,2025-05-09 19:49:06.572,6790.0,6475,6780.0,21145,6770.0,4759,6760.0,3500,6750.0,4806,6800.0,3846,6810.0,495,6820.0,6836,6840.0,21005,6850.0,7452,2025-05-09 19:49:06.488,,2147483647,1949919,False,nan
14106,2228543,1613492535,MERV - XMEV - GGAL - 24hs,6800.0,2025-05-09 19:49:05,2,2025-05-09 19:49:07.074,6790.0,6475,6780.0,21145,6770.0,4759,6760.0,3500,6750.0,4806,6800.0,3846,6810.0,495,6820.0,6836,6840.0,21005,6850.0,7452,2025-05-09 19:49:06.990,,2147483647,1949921,False,nan
14107,2228566,1613492559,MERV - XMEV - GGAL - 24hs,6800.0,2025-05-09 19:49:05,2,2025-05-09 19:49:07.574,6790.0,6475,6780.0,21145,6770.0,19754,6760.0,3500,6750.0,4806,6800.0,3846,6810.0,495,6820.0,6836,6840.0,21005,6850.0,7452,2025-05-09 19:49:07.489,,2147483647,1949921,False,nan
14108,2228623,1613492641,MERV - XMEV - GGAL - 24hs,6790.0,2025-05-09 19:49:07,7,2025-05-09 19:49:08.099,6790.0,6475,6780.0,21145,6770.0,19754,6760.0,3500,6750.0,4806,6800.0,3846,6810.0,495,6820.0,6836,6840.0,21005,6850.0,7452,2025-05-09 19:49:07.990,,2147483647,1949921,True,bid
14109,2228649,1613492669,MERV - XMEV - GGAL - 24hs,6790.0,2025-05-09 19:49:07,7,2025-05-09 19:49:08.575,6790.0,6468,6780.0,21145,6770.0,19754,6760.0,3500,6750.0,4806,6800.0,3846,6810.0,495,6820.0,6836,6840.0,21005,6850.0,7452,2025-05-09 19:49:08.490,,2147483647,1949928,False,nan
14110,2228720,1613492762,MERV - XMEV - GGAL - 24hs,6800.0,2025-05-09 19:49:09,26,2025-05-09 19:49:10.103,6790.0,6468,6780.0,21145,6770.0,19754,6760.0,3500,6750.0,4806,6800.0,3846,6810.0,495,6820.0,6836,6840.0,21005,6850.0,7452,2025-05-09 19:49:09.996,,2147483647,1949928,True,offer
14111,2228756,1613492806,MERV - XMEV - GGAL - 24hs,6800.0,2025-05-09 19:49:09,26,2025-05-09 19:49:10.749,6790.0,6468,6780.0,21145,6770.0,19754,6760.0,3500,6750.0,4806,6800.0,3820,6810.0,495,6820.0,6836,6840.0,21005,6850.0,7452,2025-05-09 19:49:10.665,,2147483647,1949928,False,nan
14112,2228779,1613492838,MERV - XMEV - GGAL - 24hs,6800.0,2025-05-09 19:49:09,26,2025-05-09 19:49:11.249,6790.0,6468,6780.0,21145,6770.0,19754,6760.0,3500,6750.0,4806,6800.0,3820,6810.0,495,6820.0,6836,6840.0,21005,6850.0,7452,2025-05-09 19:49:11.164,,2147483647,1949954,False,nan
14113,2228816,1613492883,MERV - XMEV - GGAL - 24hs,6800.0,2025-05-09 19:49:11,100,2025-05-09 19:49:11.784,6790.0,6468,6780.0,21145,6770.0,19754,6760.0,3500,6750.0,4806,6800.0,3820,6810.0,495,6820.0,6836,6840.0,21005,6850.0,7452,2025-05-09 19:49:11.698,,2147483647,1949954,True,offer
14114,2228829,1613492897,MERV - XMEV - GGAL - 24hs,6800.0,2025-05-09 19:49:12,10,2025-05-09 19:49:12.283,6790.0,6468,6780.0,21145,6770.0,19754,6760.0,3500,6750.0,4806,6800.0,3720,6810.0,495,6820.0,6836,6840.0,21005,6850.0,7452,2025-05-09 19:49:12.197,,2147483647,1950054,True,offer
14115,2228845,1613492913,MERV - XMEV - GGAL - 24hs,6800.0,2025-05-09 19:49:12,10,2025-05-09 19:49:12.783,6790.0,6468,6780.0,21145,6770.0,19754,6760.0,3500,6750.0,4806,6800.0,3710,6810.0,495,6820.0,6836,6840.0,21005,6850.0,7452,2025-05-09 19:49:12.698,,2147483647,1950064,False,nan
14116,2228942,1613493025,MERV - XMEV - GGAL - 24hs,6800.0,2025-05-09 19:49:12,10,2025-05-09 19:49:14.478,6790.0,5468,6780.0,7159,6770.0,19754,6760.0,18500,6750.0,4806,6800.0,3710,6810.0,495,6820.0,6836,6840.0,26005,6850.0,2452,2025-05-09 19:49:14.392,,2147483647,1950064,False,nan
14117,2228975,1613493062,MERV - XMEV - GGAL - 24hs,6800.0,2025-05-09 19:49:12,10,2025-05-09 19:49:15.323,6790.0,5468,6780.0,7159,6770.0,18373,6760.0,18500,6750.0,4806,6800.0,3710,6810.0,495,6820.0,6836,6840.0,26005,6850.0,2452,2025-05-09 19:49:15.239,,2147483647,1950064,False,nan
14118,2229178,1613493294,MERV - XMEV - GGAL - 24hs,6800.0,2025-05-09 19:49:12,10,2025-05-09 19:49:20.206,6790.0,6368,6780.0,7159,6770.0,18373,6760.0,18500,6750.0,4806,6800.0,3710,6810.0,533,6820.0,6798,6840.0,26005,6850.0,2452,2025-05-09 19:49:20.122,,2147483647,1950064,False,nan
14119,2229271,1613493404,MERV - XMEV - GGAL - 24hs,6800.0,2025-05-09 19:49:12,10,2025-05-09 19:49:21.965,6790.0,6368,6780.0,7159,6770.0,33373,6760.0,3500,6750.0,4806,6800.0,3710,6810.0,533,6820.0,6798,6840.0,26005,6850.0,2452,2025-05-09 19:49:21.877,,2147483647,1950064,False,nan
14120,2229330,1613493468,MERV - XMEV - GGAL - 24hs,6800.0,2025-05-09 19:49:12,10,2025-05-09 19:49:22.856,6790.0,6368,6780.0,7159,6770.0,33373,6760.0,3500,6750.0,4806,6800.0,3710,6810.0,533,6820.0,6798,6840.0,21005,6850.0,7452,2025-05-09 19:49:22.771,,2147483647,1950064,False,nan
14121,2229678,1613493860,MERV - XMEV - GGAL - 24hs,6800.0,2025-05-09 19:49:12,10,2025-05-09 19:49:30.604,6790.0,6368,6780.0,7159,6770.0,33026,6760.0,3500,6750.0,4806,6800.0,3710,6810.0,533,6820.0,6798,6840.0,21005,6850.0,7452,2025-05-09 19:49:30.520,,2147483647,1950064,False,nan
14122,2229828,1613494041,MERV - XMEV - GGAL - 24hs,6800.0,2025-05-09 19:49:12,10,2025-05-09 19:49:32.209,6790.0,6368,6780.0,7159,6770.0,33373,6760.0,3500,6750.0,4806,6800.0,3710,6810.0,533,6820.0,6798,6840.0,21005,6850.0,7452,2025-05-09 19:49:32.124,,2147483647,1950064,False,nan
14123,2229930,1613494178,MERV - XMEV - GGAL - 24hs,6800.0,2025-05-09 19:49:12,10,2025-05-09 19:49:33.626,6790.0,6368,6780.0,7159,6770.0,33026,6760.0,3500,6750.0,4806,6800.0,3710,6810.0,533,6820.0,6798,6840.0,21005,6850.0,7452,2025-05-09 19:49:33.539,,2147483647,1950064,False,nan
14124,2230010,1613494266,MERV - XMEV - GGAL - 24hs,6800.0,2025-05-09 19:49:12,10,2025-05-09 19:49:34.519,6790.0,6368,6780.0,7159,6770.0,33373,6760.0,3500,6750.0,4806,6800.0,3710,6810.0,533,6820.0,6798,6840.0,21005,6850.0,7452,2025-05-09 19:49:34.387,,2147483647,1950064,False,nan
14125,2230435,1613494723,MERV - XMEV - GGAL - 24hs,6800.0,2025-05-09 19:49:39,200,2025-05-09 19:49:39.318,6790.0,6368,6780.0,7159,6770.0,33373,6760.0,3500,6750.0,4806,6800.0,3710,6810.0,533,6820.0,6798,6840.0,21005,6850.0,7452,2025-05-09 19:49:39.233,,2147483647,1950064,True,offer
14126,2230488,1613494778,MERV - XMEV - GGAL - 24hs,6800.0,2025-05-09 19:49:39,9,2025-05-09 19:49:39.819,6790.0,6368,6780.0,7159,6770.0,33373,6760.0,3500,6750.0,4806,6800.0,3510,6810.0,533,6820.0,6798,6840.0,21005,6850.0,7452,2025-05-09 19:49:39.734,,2147483647,1950264,False,nan
14127,2230515,1613494809,MERV - XMEV - GGAL - 24hs,6800.0,2025-05-09 19:49:40,4,2025-05-09 19:49:40.318,6790.0,6368,6780.0,7159,6770.0,33373,6760.0,3500,6750.0,4806,6800.0,3500,6810.0,533,6820.0,6798,6840.0,21005,6850.0,7452,2025-05-09 19:49:40.233,,2147483647,1950274,True,offer
14128,2230565,1613494860,MERV - XMEV - GGAL - 24hs,6800.0,2025-05-09 19:49:40,4,2025-05-09 19:49:40.818,6790.0,5468,6780.0,7159,6770.0,33373,6760.0,3500,6750.0,4806,6800.0,3496,6810.0,533,6820.0,6798,6840.0,21005,6850.0,7452,2025-05-09 19:49:40.733,,2147483647,1950274,False,nan
14129,2230589,1613494889,MERV - XMEV - GGAL - 24hs,6800.0,2025-05-09 19:49:40,4,2025-05-09 19:49:41.317,6790.0,5468,6780.0,7159,6770.0,33373,6760.0,3500,6750.0,4806,6800.0,3496,6810.0,533,6820.0,6798,6840.0,21005,6850.0,7452,2025-05-09 19:49:41.232,,2147483647,1950278,False,nan
14130,2230659,1613494962,MERV - XMEV - GGAL - 24hs,6800.0,2025-05-09 19:49:42,6,2025-05-09 19:49:42.218,6790.0,5468,6780.0,7159,6770.0,33373,6760.0,3500,6750.0,4806,6800.0,3496,6810.0,533,6820.0,6798,6840.0,21005,6850.0,7452,2025-05-09 19:49:42.133,,2147483647,1950278,True,offer
14131,2230702,1613495011,MERV - XMEV - GGAL - 24hs,6800.0,2025-05-09 19:49:42,6,2025-05-09 19:49:42.883,6790.0,5468,6780.0,7159,6770.0,33373,6760.0,3500,6750.0,4806,6800.0,3490,6810.0,533,6820.0,6798,6840.0,21005,6850.0,7452,2025-05-09 19:49:42.797,,2147483647,1950278,False,nan
14132,2230763,1613495075,MERV - XMEV - GGAL - 24hs,6800.0,2025-05-09 19:49:42,6,2025-05-09 19:49:43.382,6790.0,5468,6780.0,7159,6770.0,33373,6760.0,3500,6750.0,4806,6800.0,3490,6810.0,533,6820.0,6798,6840.0,21005,6850.0,7452,2025-05-09 19:49:43.297,,2147483647,1950284,False,nan
14133,2230791,1613495117,MERV - XMEV - GGAL - 24hs,6800.0,2025-05-09 19:49:43,3,2025-05-09 19:49:43.891,6790.0,5468,6780.0,7159,6770.0,33373,6760.0,3500,6750.0,4806,6800.0,3487,6810.0,533,6820.0,6798,6840.0,21005,6850.0,7452,2025-05-09 19:49:43.800,,2147483647,1950284,True,offer
14134,2230867,1613495204,MERV - XMEV - GGAL - 24hs,6800.0,2025-05-09 19:49:43,3,2025-05-09 19:49:44.388,6790.0,5468,6780.0,7159,6770.0,33373,6760.0,3500,6750.0,4806,6800.0,3487,6810.0,495,6820.0,6836,6840.0,21005,6850.0,7452,2025-05-09 19:49:44.300,,2147483647,1950287,False,nan
14135,2230974,1613495341,MERV - XMEV - GGAL - 24hs,6800.0,2025-05-09 19:49:46,6,2025-05-09 19:49:46.204,6790.0,5468,6780.0,7159,6770.0,33373,6760.0,3500,6750.0,4806,6800.0,3487,6810.0,495,6820.0,6836,6840.0,21005,6850.0,7452,2025-05-09 19:49:46.119,,2147483647,1950287,True,offer
14136,2231015,1613495394,MERV - XMEV - GGAL - 24hs,6800.0,2025-05-09 19:49:46,6,2025-05-09 19:49:46.871,6790.0,5468,6780.0,7159,6770.0,33373,6760.0,3500,6750.0,4806,6800.0,3481,6810.0,495,6820.0,6836,6840.0,21005,6850.0,7452,2025-05-09 19:49:46.785,,2147483647,1950287,False,nan
14137,2231044,1613495429,MERV - XMEV - GGAL - 24hs,6800.0,2025-05-09 19:49:46,6,2025-05-09 19:49:47.369,6790.0,5468,6780.0,7159,6770.0,33373,6760.0,3500,6750.0,4806,6800.0,3481,6810.0,495,6820.0,6836,6840.0,21005,6850.0,7452,2025-05-09 19:49:47.284,,2147483647,1950293,False,nan
14138,2231758,1613496285,MERV - XMEV - GGAL - 24hs,6800.0,2025-05-09 19:49:57,2,2025-05-09 19:49:57.766,6790.0,5468,6780.0,7159,6770.0,33373,6760.0,3500,6750.0,4806,6800.0,3481,6810.0,495,6820.0,6836,6840.0,21005,6850.0,7452,2025-05-09 19:49:57.682,,2147483647,1950293,True,offer
14139,2231796,1613496328,MERV - XMEV - GGAL - 24hs,6800.0,2025-05-09 19:49:57,2,2025-05-09 19:49:58.267,6790.0,5468,6780.0,7159,6770.0,33026,6760.0,3500,6750.0,4806,6800.0,3479,6810.0,495,6820.0,6836,6840.0,21005,6850.0,7452,2025-05-09 19:49:58.181,,2147483647,1950293,False,nan
14140,2231839,1613496374,MERV - XMEV - GGAL - 24hs,6800.0,2025-05-09 19:49:57,2,2025-05-09 19:49:58.767,6790.0,5468,6780.0,7159,6770.0,33026,6760.0,3500,6750.0,4806,6800.0,3479,6810.0,495,6820.0,6836,6840.0,21005,6850.0,7452,2025-05-09 19:49:58.682,,2147483647,1950295,False,nan
14141,2232465,1613497066,MERV - XMEV - GGAL - 24hs,6800.0,2025-05-09 19:49:57,2,2025-05-09 19:50:02.755,6790.0,5468,6780.0,7159,6770.0,33373,6760.0,3500,6750.0,4806,6800.0,3479,6810.0,495,6820.0,6836,6840.0,21005,6850.0,7452,2025-05-09 19:50:02.669,,2147483647,1950295,False,nan
14142,2232562,1613497170,MERV - XMEV - GGAL - 24hs,6800.0,2025-05-09 19:49:57,2,2025-05-09 19:50:03.454,6790.0,5468,6780.0,7159,6770.0,34066,6760.0,3500,6750.0,4806,6800.0,3479,6810.0,495,6820.0,6836,6840.0,21005,6850.0,7452,2025-05-09 19:50:03.369,,2147483647,1950295,False,nan
14143,2232625,1613497242,MERV - XMEV - GGAL - 24hs,6800.0,2025-05-09 19:50:04,112,2025-05-09 19:50:04.419,6790.0,5468,6780.0,7159,6770.0,34066,6760.0,3500,6750.0,4806,6800.0,3479,6810.0,495,6820.0,6836,6840.0,21005,6850.0,7452,2025-05-09 19:50:04.223,,2147483647,1950295,True,offer
14144,2232672,1613497294,MERV - XMEV - GGAL - 24hs,6800.0,2025-05-09 19:50:04,325,2025-05-09 19:50:04.671,6790.0,5468,6780.0,7159,6770.0,34066,6760.0,3500,6750.0,4806,6800.0,6392,6810.0,533,6820.0,6798,6840.0,21005,6850.0,7452,2025-05-09 19:50:04.583,,2147483647,1950295,False,nan
14145,2232733,1613497361,MERV - XMEV - GGAL - 24hs,6800.0,2025-05-09 19:50:04,325,2025-05-09 19:50:05.167,6790.0,5468,6780.0,7159,6770.0,34066,6760.0,3500,6750.0,4806,6800.0,6392,6810.0,533,6820.0,6798,6840.0,21005,6850.0,7452,2025-05-09 19:50:05.082,,2147483647,1950732,False,nan
14146,2232776,1613497408,MERV - XMEV - GGAL - 24hs,6790.0,2025-05-09 19:50:05,363,2025-05-09 19:50:05.929,6790.0,5468,6780.0,7159,6770.0,34066,6760.0,3500,6750.0,4806,6800.0,6392,6810.0,533,6820.0,6798,6840.0,21005,6850.0,7452,2025-05-09 19:50:05.845,,2147483647,1950732,True,bid
14147,2232821,1613497455,MERV - XMEV - GGAL - 24hs,6790.0,2025-05-09 19:50:05,32,2025-05-09 19:50:06.430,6790.0,5468,6780.0,7159,6770.0,34066,6760.0,3500,6750.0,4806,6800.0,6392,6810.0,533,6820.0,6798,6840.0,21005,6850.0,7452,2025-05-09 19:50:06.345,,2147483647,1950732,False,nan
14148,2232867,1613497518,MERV - XMEV - GGAL - 24hs,6790.0,2025-05-09 19:50:05,32,2025-05-09 19:50:06.930,6790.0,4968,6780.0,7159,6770.0,34066,6760.0,3500,6750.0,4806,6800.0,6392,6810.0,533,6820.0,6798,6840.0,21005,6850.0,7452,2025-05-09 19:50:06.846,,2147483647,1951232,False,nan
14149,2232930,1613497589,MERV - XMEV - GGAL - 24hs,6790.0,2025-05-09 19:50:05,32,2025-05-09 19:50:07.497,6790.0,4968,6780.0,7159,6770.0,33719,6760.0,3500,6750.0,4806,6800.0,6392,6810.0,533,6820.0,6798,6840.0,21005,6850.0,7452,2025-05-09 19:50:07.412,,2147483647,1951232,False,nan
14150,2232964,1613497625,MERV - XMEV - GGAL - 24hs,6800.0,2025-05-09 19:50:07,4,2025-05-09 19:50:07.996,6790.0,4968,6780.0,7159,6770.0,33719,6760.0,3500,6750.0,4806,6800.0,6392,6810.0,533,6820.0,6798,6840.0,21005,6850.0,7452,2025-05-09 19:50:07.912,,2147483647,1951232,True,offer
14151,2233002,1613497667,MERV - XMEV - GGAL - 24hs,6800.0,2025-05-09 19:50:07,4,2025-05-09 19:50:08.511,6790.0,4968,6780.0,7159,6770.0,33719,6760.0,3500,6750.0,4806,6800.0,6388,6810.0,533,6820.0,6798,6840.0,21005,6850.0,7452,2025-05-09 19:50:08.412,,2147483647,1951236,False,nan
14152,2233048,1613497714,MERV - XMEV - GGAL - 24hs,6790.0,2025-05-09 19:50:08,678,2025-05-09 19:50:08.997,6790.0,4968,6780.0,7159,6770.0,33719,6760.0,3500,6750.0,4806,6800.0,6388,6810.0,533,6820.0,6798,6840.0,21005,6850.0,7452,2025-05-09 19:50:08.912,,2147483647,1951236,True,bid
14153,2233088,1613497758,MERV - XMEV - GGAL - 24hs,6790.0,2025-05-09 19:50:09,620,2025-05-09 19:50:09.503,6790.0,3670,6780.0,7159,6770.0,33719,6760.0,3500,6750.0,4806,6800.0,6388,6810.0,533,6820.0,6798,6840.0,21005,6850.0,7452,2025-05-09 19:50:09.412,,2147483647,1952534,True,bid
14154,2233312,1613498029,MERV - XMEV - GGAL - 24hs,6790.0,2025-05-09 19:50:09,620,2025-05-09 19:50:12.720,6790.0,3670,6780.0,7159,6770.0,33638,6760.0,3500,6750.0,4806,6800.0,6388,6810.0,533,6820.0,6798,6840.0,21005,6850.0,7452,2025-05-09 19:50:12.632,,2147483647,1952534,False,nan
14155,2233419,1613498147,MERV - XMEV - GGAL - 24hs,6800.0,2025-05-09 19:50:14,1000,2025-05-09 19:50:14.768,6790.0,3670,6780.0,7159,6770.0,33638,6760.0,3500,6750.0,4806,6800.0,6388,6810.0,533,6820.0,6798,6840.0,21005,6850.0,7452,2025-05-09 19:50:14.683,,2147483647,1952534,True,offer
14156,2233471,1613498204,MERV - XMEV - GGAL - 24hs,6800.0,2025-05-09 19:50:14,1000,2025-05-09 19:50:15.716,6790.0,3765,6780.0,21159,6770.0,18638,6760.0,3500,6750.0,9806,6800.0,5388,6810.0,533,6820.0,6798,6840.0,31005,6850.0,7452,2025-05-09 19:50:15.520,,2147483647,1953534,False,nan
14157,2233527,1613498264,MERV - XMEV - GGAL - 24hs,6800.0,2025-05-09 19:50:15,962,2025-05-09 19:50:15.900,6790.0,3765,6780.0,21159,6770.0,18638,6760.0,3500,6750.0,9806,6800.0,5738,6810.0,533,6820.0,6798,6840.0,31005,6850.0,7452,2025-05-09 19:50:15.683,,2147483647,1955534,True,offer
14158,2233560,1613498306,MERV - XMEV - GGAL - 24hs,6800.0,2025-05-09 19:50:16,1000,2025-05-09 19:50:16.267,6790.0,3765,6780.0,21159,6770.0,18638,6760.0,3500,6750.0,9806,6800.0,5738,6810.0,533,6820.0,6798,6840.0,31005,6850.0,7452,2025-05-09 19:50:16.183,,2147483647,1957534,True,offer
14159,2233596,1613498358,MERV - XMEV - GGAL - 24hs,6800.0,2025-05-09 19:50:16,1000,2025-05-09 19:50:16.768,6790.0,3765,6780.0,21159,6770.0,18638,6760.0,3500,6750.0,9806,6800.0,6088,6810.0,533,6820.0,6798,6840.0,31005,6850.0,7452,2025-05-09 19:50:16.683,,2147483647,1959534,False,nan
14160,2233639,1613498408,MERV - XMEV - GGAL - 24hs,6800.0,2025-05-09 19:50:16,1000,2025-05-09 19:50:17.267,6790.0,3765,6780.0,21159,6770.0,18638,6760.0,3500,6750.0,9806,6800.0,6088,6810.0,533,6820.0,6798,6840.0,31005,6850.0,7452,2025-05-09 19:50:17.183,,2147483647,1960534,False,nan
14161,2233712,1613498487,MERV - XMEV - GGAL - 24hs,6800.0,2025-05-09 19:50:16,1000,2025-05-09 19:50:17.771,6790.0,4765,6780.0,21159,6770.0,18638,6760.0,3500,6750.0,4806,6800.0,5088,6810.0,533,6820.0,6798,6840.0,29005,6850.0,9452,2025-05-09 19:50:17.682,,2147483647,1960534,False,nan
14162,2233763,1613498564,MERV - XMEV - GGAL - 24hs,6800.0,2025-05-09 19:50:16,1000,2025-05-09 19:50:18.999,6790.0,4770,6780.0,21159,6770.0,18638,6760.0,3500,6750.0,4806,6800.0,5088,6810.0,533,6820.0,6798,6840.0,29005,6850.0,9452,2025-05-09 19:50:18.915,,2147483647,1960534,False,nan
14163,2234217,1613499085,MERV - XMEV - GGAL - 24hs,6790.0,2025-05-09 19:50:26,1,2025-05-09 19:50:26.417,6790.0,4770,6780.0,21159,6770.0,18638,6760.0,3500,6750.0,4806,6800.0,5088,6810.0,533,6820.0,6798,6840.0,29005,6850.0,9452,2025-05-09 19:50:26.332,,2147483647,1960534,True,bid
14164,2234253,1613499130,MERV - XMEV - GGAL - 24hs,6790.0,2025-05-09 19:50:26,1,2025-05-09 19:50:27.084,6790.0,4769,6780.0,21159,6770.0,18638,6760.0,3500,6750.0,4806,6800.0,5088,6810.0,495,6820.0,6836,6840.0,29005,6850.0,9452,2025-05-09 19:50:26.999,,2147483647,1960534,False,nan
14165,2234277,1613499172,MERV - XMEV - GGAL - 24hs,6790.0,2025-05-09 19:50:26,1,2025-05-09 19:50:27.586,6790.0,4769,6780.0,21159,6770.0,18638,6760.0,3500,6750.0,4806,6800.0,5088,6810.0,495,6820.0,6836,6840.0,29005,6850.0,9452,2025-05-09 19:50:27.500,,2147483647,1960535,False,nan
14166,2234351,1613499271,MERV - XMEV - GGAL - 24hs,6790.0,2025-05-09 19:50:26,1,2025-05-09 19:50:28.988,6790.0,4773,6780.0,21159,6770.0,18292,6760.0,3500,6750.0,4806,6800.0,5088,6810.0,495,6820.0,6836,6840.0,29005,6850.0,9452,2025-05-09 19:50:28.878,,2147483647,1960535,False,nan
14167,2234449,1613499378,MERV - XMEV - GGAL - 24hs,6790.0,2025-05-09 19:50:26,1,2025-05-09 19:50:30.243,6790.0,5273,6780.0,21159,6770.0,18292,6760.0,3500,6750.0,4806,6800.0,5088,6810.0,495,6820.0,6836,6840.0,29005,6850.0,9452,2025-05-09 19:50:30.159,,2147483647,1960535,False,nan
14168,2234721,1613499680,MERV - XMEV - GGAL - 24hs,6790.0,2025-05-09 19:50:26,1,2025-05-09 19:50:33.328,6790.0,5273,6780.0,21159,6770.0,17599,6760.0,3500,6750.0,4806,6800.0,5088,6810.0,495,6820.0,6836,6840.0,29005,6850.0,9452,2025-05-09 19:50:33.203,,2147483647,1960535,False,nan
14169,2234765,1613499727,MERV - XMEV - GGAL - 24hs,6790.0,2025-05-09 19:50:26,1,2025-05-09 19:50:34.295,6790.0,5273,6780.0,21159,6770.0,18292,6760.0,3500,6750.0,4806,6800.0,5088,6810.0,495,6820.0,6836,6840.0,29005,6850.0,9452,2025-05-09 19:50:34.210,,2147483647,1960535,False,nan
14170,2234868,1613499855,MERV - XMEV - GGAL - 24hs,6790.0,2025-05-09 19:50:26,1,2025-05-09 19:50:36.037,6790.0,5273,6780.0,21159,6770.0,18638,6760.0,3500,6750.0,4806,6800.0,5088,6810.0,495,6820.0,6836,6840.0,29005,6850.0,9452,2025-05-09 19:50:35.948,,2147483647,1960535,False,nan
14171,2235039,1613500045,MERV - XMEV - GGAL - 24hs,6790.0,2025-05-09 19:50:26,1,2025-05-09 19:50:37.366,6790.0,4773,6780.0,21159,6770.0,18638,6760.0,3500,6750.0,4806,6800.0,5088,6810.0,495,6820.0,6836,6840.0,29005,6850.0,9452,2025-05-09 19:50:37.280,,2147483647,1960535,False,nan
14172,2235098,1613500107,MERV - XMEV - GGAL - 24hs,6790.0,2025-05-09 19:50:38,3669,2025-05-09 19:50:38.838,6790.0,4773,6780.0,21159,6770.0,18638,6760.0,3500,6750.0,4806,6800.0,5088,6810.0,495,6820.0,6836,6840.0,29005,6850.0,9452,2025-05-09 19:50:38.753,,2147483647,1960535,True,bid
14173,2235115,1613500127,MERV - XMEV - GGAL - 24hs,6790.0,2025-05-09 19:50:38,4,2025-05-09 19:50:39.338,6780.0,21159,6770.0,18638,6760.0,3500,6750.0,4806,6740.0,4986,6790.0,3350,6800.0,5088,6810.0,495,6820.0,6836,6840.0,29005,2025-05-09 19:50:39.253,,2147483647,1960535,False,nan
14174,2235248,1613500268,MERV - XMEV - GGAL - 24hs,6790.0,2025-05-09 19:50:38,4,2025-05-09 19:50:40.035,6780.0,21159,6770.0,18638,6760.0,3500,6750.0,4806,6740.0,4986,6790.0,3350,6800.0,5088,6810.0,495,6820.0,6836,6840.0,29005,2025-05-09 19:50:39.758,,2147483647,1965308,False,nan
14175,2235449,1613500493,MERV - XMEV - GGAL - 24hs,6790.0,2025-05-09 19:50:41,6,2025-05-09 19:50:41.135,6780.0,21159,6770.0,18638,6760.0,3500,6750.0,4806,6740.0,4986,6790.0,3350,6800.0,5088,6810.0,495,6820.0,6836,6840.0,29005,2025-05-09 19:50:41.051,,2147483647,1965308,True,offer
14176,2235482,1613500528,MERV - XMEV - GGAL - 24hs,6790.0,2025-05-09 19:50:41,6,2025-05-09 19:50:41.636,6780.0,21159,6770.0,18638,6760.0,3500,6750.0,4806,6740.0,4986,6790.0,3344,6800.0,5088,6810.0,495,6820.0,6836,6840.0,29005,2025-05-09 19:50:41.551,,2147483647,1965308,False,nan
14177,2235509,1613500572,MERV - XMEV - GGAL - 24hs,6790.0,2025-05-09 19:50:41,6,2025-05-09 19:50:42.135,6780.0,21159,6770.0,18638,6760.0,3500,6750.0,4806,6740.0,4986,6790.0,3344,6800.0,5088,6810.0,495,6820.0,6836,6840.0,29005,2025-05-09 19:50:42.051,,2147483647,1965314,False,nan
14178,2235553,1613500620,MERV - XMEV - GGAL - 24hs,6790.0,2025-05-09 19:50:41,6,2025-05-09 19:50:42.636,6780.0,21159,6770.0,17252,6760.0,3500,6750.0,4806,6740.0,4986,6790.0,3344,6800.0,5088,6810.0,495,6820.0,6836,6840.0,26505,2025-05-09 19:50:42.550,,2147483647,1965314,False,nan
14179,2235633,1613500713,MERV - XMEV - GGAL - 24hs,6790.0,2025-05-09 19:50:41,6,2025-05-09 19:50:43.787,6780.0,21159,6770.0,17599,6760.0,3500,6750.0,4806,6740.0,4986,6790.0,3344,6800.0,5088,6810.0,495,6820.0,6836,6840.0,26505,2025-05-09 19:50:43.596,,2147483647,1965314,False,nan
14180,2235669,1613500765,MERV - XMEV - GGAL - 24hs,6780.0,2025-05-09 19:50:43,9,2025-05-09 19:50:43.945,6780.0,21159,6770.0,17599,6760.0,3500,6750.0,4806,6740.0,4986,6790.0,3344,6800.0,5088,6810.0,495,6820.0,6836,6840.0,26505,2025-05-09 19:50:43.822,,2147483647,1965314,True,bid
14181,2235706,1613500811,MERV - XMEV - GGAL - 24hs,6780.0,2025-05-09 19:50:43,9,2025-05-09 19:50:44.402,6780.0,21150,6770.0,17599,6760.0,3500,6750.0,4806,6740.0,4986,6790.0,6694,6800.0,5088,6810.0,495,6820.0,6836,6840.0,26505,2025-05-09 19:50:44.317,,2147483647,1965314,False,nan
14182,2235724,1613500840,MERV - XMEV - GGAL - 24hs,6780.0,2025-05-09 19:50:43,9,2025-05-09 19:50:44.902,6780.0,21150,6770.0,17599,6760.0,3500,6750.0,4806,6740.0,4986,6790.0,6694,6800.0,5088,6810.0,495,6820.0,6836,6840.0,26505,2025-05-09 19:50:44.818,,2147483647,1965323,False,nan
14183,2235808,1613500934,MERV - XMEV - GGAL - 24hs,6780.0,2025-05-09 19:50:43,9,2025-05-09 19:50:46.330,6780.0,21150,6770.0,17945,6760.0,3500,6750.0,4806,6740.0,4986,6790.0,6694,6800.0,5088,6810.0,495,6820.0,6836,6840.0,26505,2025-05-09 19:50:46.239,,2147483647,1965323,False,nan
14184,2235851,1613500986,MERV - XMEV - GGAL - 24hs,6780.0,2025-05-09 19:50:43,9,2025-05-09 19:50:47.084,6780.0,21150,6770.0,17894,6760.0,3500,6750.0,4806,6740.0,4986,6790.0,6694,6800.0,5126,6810.0,495,6820.0,6798,6840.0,26505,2025-05-09 19:50:47.000,,2147483647,1965323,False,nan
14185,2235882,1613501018,MERV - XMEV - GGAL - 24hs,6780.0,2025-05-09 19:50:47,11,2025-05-09 19:50:47.583,6780.0,21150,6770.0,17894,6760.0,3500,6750.0,4806,6740.0,4986,6790.0,6694,6800.0,5126,6810.0,495,6820.0,6798,6840.0,26505,2025-05-09 19:50:47.499,,2147483647,1965323,True,bid
14186,2235900,1613501039,MERV - XMEV - GGAL - 24hs,6780.0,2025-05-09 19:50:47,11,2025-05-09 19:50:48.090,6780.0,21139,6770.0,17894,6760.0,3500,6750.0,4806,6740.0,4986,6790.0,6694,6800.0,5126,6810.0,495,6820.0,6798,6840.0,26505,2025-05-09 19:50:48.005,,2147483647,1965334,False,nan
14187,2236015,1613501176,MERV - XMEV - GGAL - 24hs,6780.0,2025-05-09 19:50:47,11,2025-05-09 19:50:49.379,6780.0,21139,6770.0,17548,6760.0,3500,6750.0,4806,6740.0,4986,6790.0,6694,6800.0,5126,6810.0,495,6820.0,6798,6840.0,26505,2025-05-09 19:50:49.294,,2147483647,1965334,False,nan
14188,2236108,1613501274,MERV - XMEV - GGAL - 24hs,6790.0,2025-05-09 19:50:49,4,2025-05-09 19:50:49.880,6780.0,21139,6770.0,17548,6760.0,3500,6750.0,4806,6740.0,4986,6790.0,6694,6800.0,5126,6810.0,495,6820.0,6798,6840.0,26505,2025-05-09 19:50:49.795,,2147483647,1965334,True,offer
14189,2236130,1613501297,MERV - XMEV - GGAL - 24hs,6790.0,2025-05-09 19:50:49,4,2025-05-09 19:50:50.431,6780.0,21139,6770.0,17894,6760.0,3500,6750.0,4806,6740.0,4986,6790.0,6690,6800.0,5126,6810.0,495,6820.0,6798,6840.0,26505,2025-05-09 19:50:50.346,,2147483647,1965334,False,nan
14190,2236157,1613501326,MERV - XMEV - GGAL - 24hs,6790.0,2025-05-09 19:50:49,4,2025-05-09 19:50:50.931,6780.0,21139,6770.0,17894,6760.0,3500,6750.0,4806,6740.0,4986,6790.0,6690,6800.0,5126,6810.0,495,6820.0,6798,6840.0,26505,2025-05-09 19:50:50.847,,2147483647,1965338,False,nan
14191,2236315,1613501503,MERV - XMEV - GGAL - 24hs,6790.0,2025-05-09 19:50:51,1000,2025-05-09 19:50:52.053,6780.0,21139,6770.0,17894,6760.0,3500,6750.0,4806,6740.0,4986,6790.0,6690,6800.0,5126,6810.0,495,6820.0,6798,6840.0,26505,2025-05-09 19:50:51.969,,2147483647,1965338,True,offer
14192,2236436,1613501651,MERV - XMEV - GGAL - 24hs,6790.0,2025-05-09 19:50:51,1000,2025-05-09 19:50:52.764,6780.0,21139,6770.0,17894,6760.0,3500,6750.0,4806,6740.0,4986,6790.0,5690,6800.0,5126,6810.0,495,6820.0,6798,6840.0,26505,2025-05-09 19:50:52.639,,2147483647,1965338,False,nan
14193,2236497,1613501720,MERV - XMEV - GGAL - 24hs,6790.0,2025-05-09 19:50:51,1000,2025-05-09 19:50:53.240,6780.0,21139,6770.0,17894,6760.0,3500,6750.0,4806,6740.0,4986,6790.0,5690,6800.0,5126,6810.0,495,6820.0,6798,6840.0,26505,2025-05-09 19:50:53.141,,2147483647,1966338,False,nan
14194,2236574,1613501829,MERV - XMEV - GGAL - 24hs,6790.0,2025-05-09 19:50:51,1000,2025-05-09 19:50:53.723,6780.0,21201,6770.0,17912,6760.0,3500,6750.0,4806,6740.0,4986,6790.0,5690,6800.0,5126,6810.0,495,6820.0,6798,6840.0,26505,2025-05-09 19:50:53.639,,2147483647,1966338,False,nan
14195,2236702,1613501989,MERV - XMEV - GGAL - 24hs,6790.0,2025-05-09 19:50:55,864,2025-05-09 19:50:55.378,6780.0,21201,6770.0,17912,6760.0,3500,6750.0,4806,6740.0,4986,6790.0,5690,6800.0,5126,6810.0,495,6820.0,6798,6840.0,26505,2025-05-09 19:50:55.284,,2147483647,1966338,True,offer
14196,2236757,1613502047,MERV - XMEV - GGAL - 24hs,6790.0,2025-05-09 19:50:55,864,2025-05-09 19:50:56.040,6780.0,21201,6770.0,17912,6760.0,3500,6750.0,4806,6740.0,4986,6790.0,4826,6800.0,5126,6810.0,495,6820.0,6798,6840.0,26505,2025-05-09 19:50:55.953,,2147483647,1966338,False,nan
14197,2236846,1613502148,MERV - XMEV - GGAL - 24hs,6790.0,2025-05-09 19:50:56,100,2025-05-09 19:50:56.538,6780.0,21201,6770.0,17912,6760.0,3500,6750.0,4806,6740.0,4986,6790.0,4826,6800.0,5126,6810.0,495,6820.0,6798,6840.0,26505,2025-05-09 19:50:56.453,,2147483647,1967202,True,offer
14198,2236861,1613502168,MERV - XMEV - GGAL - 24hs,6790.0,2025-05-09 19:50:56,100,2025-05-09 19:50:57.038,6780.0,21201,6770.0,17912,6760.0,3500,6750.0,4806,6740.0,4986,6790.0,4726,6800.0,5126,6810.0,495,6820.0,6798,6840.0,26505,2025-05-09 19:50:56.953,,2147483647,1967202,False,nan
14199,2236890,1613502198,MERV - XMEV - GGAL - 24hs,6790.0,2025-05-09 19:50:56,100,2025-05-09 19:50:57.538,6780.0,21201,6770.0,17912,6760.0,3500,6750.0,4806,6740.0,4986,6790.0,4726,6800.0,5126,6810.0,495,6820.0,6798,6840.0,26505,2025-05-09 19:50:57.454,,2147483647,1967302,False,nan
14200,2236967,1613502279,MERV - XMEV - GGAL - 24hs,6790.0,2025-05-09 19:50:57,624,2025-05-09 19:50:58.047,6780.0,21201,6770.0,18605,6760.0,3500,6750.0,4806,6740.0,4986,6790.0,4726,6800.0,5126,6810.0,495,6820.0,6798,6840.0,26505,2025-05-09 19:50:57.953,,2147483647,1968302,True,offer
14201,2236991,1613502309,MERV - XMEV - GGAL - 24hs,6790.0,2025-05-09 19:50:58,1000,2025-05-09 19:50:58.956,6780.0,21201,6770.0,18951,6760.0,3500,6750.0,4806,6740.0,4986,6790.0,5076,6800.0,5126,6810.0,495,6820.0,6798,6840.0,26505,2025-05-09 19:50:58.849,,2147483647,1970302,True,offer
14202,2237106,1613502432,MERV - XMEV - GGAL - 24hs,6790.0,2025-05-09 19:50:58,274,2025-05-09 19:50:59.334,6780.0,21201,6770.0,18951,6760.0,3500,6750.0,4806,6740.0,4986,6790.0,5076,6800.0,5126,6810.0,495,6820.0,6798,6840.0,26505,2025-05-09 19:50:58.971,,2147483647,1971302,False,nan
14203,2237259,1613502604,MERV - XMEV - GGAL - 24hs,6790.0,2025-05-09 19:50:59,1000,2025-05-09 19:50:59.866,6780.0,21201,6770.0,20110,6760.0,3500,6750.0,4806,6740.0,4986,6790.0,5426,6800.0,5126,6810.0,495,6820.0,6798,6840.0,26505,2025-05-09 19:50:59.453,,2147483647,1973302,True,offer
14204,2237324,1613502686,MERV - XMEV - GGAL - 24hs,6790.0,2025-05-09 19:50:59,1000,2025-05-09 19:51:00.160,6780.0,21211,6770.0,24496,6760.0,3500,6750.0,4806,6740.0,4986,6790.0,6343,6800.0,5126,6810.0,495,6820.0,5881,6840.0,26505,2025-05-09 19:50:59.963,,2147483647,1973302,False,nan
14205,2237385,1613502770,MERV - XMEV - GGAL - 24hs,6790.0,2025-05-09 19:50:59,1000,2025-05-09 19:51:00.795,6780.0,21211,6770.0,21031,6760.0,3500,6750.0,4806,6740.0,4986,6790.0,6343,6800.0,5126,6810.0,495,6820.0,5881,6840.0,25514,2025-05-09 19:51:00.710,,2147483647,1973302,False,nan
14206,2237473,1613502872,MERV - XMEV - GGAL - 24hs,6790.0,2025-05-09 19:51:00,381,2025-05-09 19:51:01.295,6780.0,21211,6770.0,21031,6760.0,3500,6750.0,4806,6740.0,4986,6790.0,6343,6800.0,5126,6810.0,495,6820.0,5881,6840.0,25514,2025-05-09 19:51:01.210,,2147483647,1973302,True,offer
14207,2237513,1613502927,MERV - XMEV - GGAL - 24hs,6790.0,2025-05-09 19:51:01,381,2025-05-09 19:51:01.796,6780.0,21211,6770.0,16295,6760.0,3500,6750.0,4806,6740.0,4986,6790.0,5962,6800.0,5126,6810.0,495,6820.0,5881,6840.0,25514,2025-05-09 19:51:01.710,,2147483647,1973683,True,offer
14208,2237545,1613502981,MERV - XMEV - GGAL - 24hs,6790.0,2025-05-09 19:51:01,694,2025-05-09 19:51:02.296,6780.0,21211,6770.0,16295,6760.0,3500,6750.0,4806,6740.0,4986,6790.0,5962,6800.0,5126,6810.0,495,6820.0,5881,6840.0,25514,2025-05-09 19:51:02.210,,2147483647,1974064,False,nan
14209,2237574,1613503018,MERV - XMEV - GGAL - 24hs,6790.0,2025-05-09 19:51:02,3,2025-05-09 19:51:02.796,6780.0,21211,6770.0,16295,6760.0,3500,6750.0,4806,6740.0,4986,6790.0,4887,6800.0,5126,6810.0,495,6820.0,5881,6840.0,25514,2025-05-09 19:51:02.710,,2147483647,1975069,True,offer
14210,2237737,1613503194,MERV - XMEV - GGAL - 24hs,6790.0,2025-05-09 19:51:03,34,2025-05-09 19:51:03.415,6780.0,21211,6770.0,16295,6760.0,3500,6750.0,4806,6740.0,4986,6790.0,7614,6800.0,5126,6810.0,495,6820.0,5881,6840.0,25514,2025-05-09 19:51:03.211,,2147483647,1975381,True,offer
14211,2237779,1613503242,MERV - XMEV - GGAL - 24hs,6790.0,2025-05-09 19:51:03,36,2025-05-09 19:51:03.811,6780.0,21211,6770.0,16295,6760.0,3500,6750.0,4806,6740.0,4986,6790.0,7614,6800.0,5126,6810.0,495,6820.0,5881,6840.0,25514,2025-05-09 19:51:03.712,,2147483647,1975415,False,nan
14212,2237875,1613503346,MERV - XMEV - GGAL - 24hs,6790.0,2025-05-09 19:51:03,313,2025-05-09 19:51:04.299,6780.0,21211,6770.0,16295,6760.0,3500,6750.0,4806,6740.0,4986,6790.0,7544,6800.0,5126,6810.0,495,6820.0,5881,6840.0,25514,2025-05-09 19:51:04.215,,2147483647,1975451,False,nan
14213,2237911,1613503388,MERV - XMEV - GGAL - 24hs,6790.0,2025-05-09 19:51:03,313,2025-05-09 19:51:04.800,6780.0,21211,6770.0,16295,6760.0,3500,6750.0,4806,6740.0,4986,6790.0,7197,6800.0,5126,6810.0,495,6820.0,5881,6840.0,15514,2025-05-09 19:51:04.715,,2147483647,1975798,False,nan
14214,2238177,1613503697,MERV - XMEV - GGAL - 24hs,6780.0,2025-05-09 19:51:08,80,2025-05-09 19:51:08.530,6780.0,21211,6770.0,16295,6760.0,3500,6750.0,4806,6740.0,4986,6790.0,7197,6800.0,5126,6810.0,495,6820.0,5881,6840.0,15514,2025-05-09 19:51:08.435,,2147483647,1975798,True,bid
14215,2238204,1613503733,MERV - XMEV - GGAL - 24hs,6780.0,2025-05-09 19:51:08,80,2025-05-09 19:51:09.023,6780.0,21131,6770.0,16295,6760.0,3500,6750.0,4806,6740.0,4986,6790.0,7197,6800.0,5088,6810.0,533,6820.0,5881,6840.0,15514,2025-05-09 19:51:08.934,,2147483647,1975798,False,nan
14216,2238239,1613503773,MERV - XMEV - GGAL - 24hs,6780.0,2025-05-09 19:51:08,80,2025-05-09 19:51:09.527,6780.0,21131,6770.0,16295,6760.0,3500,6750.0,4806,6740.0,4986,6790.0,7197,6800.0,5088,6810.0,533,6820.0,5881,6840.0,15514,2025-05-09 19:51:09.434,,2147483647,1975878,False,nan
14217,2238321,1613503879,MERV - XMEV - GGAL - 24hs,6780.0,2025-05-09 19:51:08,80,2025-05-09 19:51:10.886,6780.0,21131,6770.0,16295,6760.0,3500,6750.0,4806,6740.0,4986,6790.0,7197,6800.0,5088,6810.0,533,6820.0,5881,6830.0,100,2025-05-09 19:51:10.800,,2147483647,1975878,False,nan
14218,2238479,1613504050,MERV - XMEV - GGAL - 24hs,6790.0,2025-05-09 19:51:13,20,2025-05-09 19:51:13.546,6780.0,21131,6770.0,16295,6760.0,3500,6750.0,4806,6740.0,4986,6790.0,7197,6800.0,5088,6810.0,533,6820.0,5881,6830.0,100,2025-05-09 19:51:13.459,,2147483647,1975878,True,offer
14219,2238527,1613504113,MERV - XMEV - GGAL - 24hs,6790.0,2025-05-09 19:51:13,20,2025-05-09 19:51:14.210,6780.0,21131,6770.0,1295,6760.0,3500,6750.0,4806,6740.0,4986,6790.0,7177,6800.0,5088,6810.0,533,6820.0,5881,6830.0,100,2025-05-09 19:51:14.125,,2147483647,1975878,False,nan
14220,2238553,1613504145,MERV - XMEV - GGAL - 24hs,6790.0,2025-05-09 19:51:13,20,2025-05-09 19:51:14.709,6780.0,21131,6770.0,1295,6760.0,3500,6750.0,4806,6740.0,4986,6790.0,7177,6800.0,5088,6810.0,533,6820.0,5881,6830.0,100,2025-05-09 19:51:14.625,,2147483647,1975898,False,nan
14221,2238799,1613504460,MERV - XMEV - GGAL - 24hs,6790.0,2025-05-09 19:51:19,3,2025-05-09 19:51:19.255,6780.0,21131,6770.0,1295,6760.0,3500,6750.0,4806,6740.0,4986,6790.0,7177,6800.0,5088,6810.0,533,6820.0,5881,6830.0,100,2025-05-09 19:51:19.170,,2147483647,1975898,True,offer
14222,2238838,1613504505,MERV - XMEV - GGAL - 24hs,6780.0,2025-05-09 19:51:19,16,2025-05-09 19:51:19.757,6780.0,21131,6770.0,1295,6760.0,3500,6750.0,4806,6740.0,4986,6790.0,7177,6800.0,5088,6810.0,533,6820.0,5881,6830.0,100,2025-05-09 19:51:19.669,,2147483647,1976146,False,nan
14223,2238894,1613504565,MERV - XMEV - GGAL - 24hs,6780.0,2025-05-09 19:51:19,16,2025-05-09 19:51:20.262,6780.0,21115,6770.0,1295,6760.0,3500,6750.0,4806,6740.0,4986,6790.0,6929,6800.0,5088,6810.0,533,6820.0,5881,6830.0,100,2025-05-09 19:51:20.169,,2147483647,1976162,False,nan
14224,2238957,1613504639,MERV - XMEV - GGAL - 24hs,6780.0,2025-05-09 19:51:19,16,2025-05-09 19:51:21.380,6780.0,21615,6770.0,1295,6760.0,3500,6750.0,4806,6740.0,4986,6790.0,6929,6800.0,5088,6810.0,533,6820.0,5881,6830.0,100,2025-05-09 19:51:21.295,,2147483647,1976162,False,nan
14225,2239053,1613504753,MERV - XMEV - GGAL - 24hs,6790.0,2025-05-09 19:51:22,14,2025-05-09 19:51:22.937,6780.0,21615,6770.0,1295,6760.0,3500,6750.0,4806,6740.0,4986,6790.0,6929,6800.0,5088,6810.0,533,6820.0,5881,6830.0,100,2025-05-09 19:51:22.853,,2147483647,1976162,True,offer
14226,2239080,1613504787,MERV - XMEV - GGAL - 24hs,6790.0,2025-05-09 19:51:22,14,2025-05-09 19:51:23.607,6780.0,21615,6770.0,1295,6760.0,3500,6750.0,4806,6740.0,4986,6790.0,6915,6800.0,5088,6810.0,533,6820.0,5881,6830.0,100,2025-05-09 19:51:23.520,,2147483647,1976162,False,nan
14227,2239121,1613504831,MERV - XMEV - GGAL - 24hs,6790.0,2025-05-09 19:51:22,14,2025-05-09 19:51:24.106,6780.0,21615,6770.0,1295,6760.0,3500,6750.0,4806,6740.0,4986,6790.0,6915,6800.0,5088,6810.0,533,6820.0,5881,6830.0,100,2025-05-09 19:51:24.019,,2147483647,1976176,False,nan
14228,2239179,1613504896,MERV - XMEV - GGAL - 24hs,6790.0,2025-05-09 19:51:22,14,2025-05-09 19:51:25.520,6780.0,21615,6770.0,1295,6760.0,3500,6750.0,4806,6740.0,4986,6790.0,6915,6800.0,5088,6810.0,533,6820.0,5881,6830.0,114,2025-05-09 19:51:25.396,,2147483647,1976176,False,nan
14229,2239507,1613505352,MERV - XMEV - GGAL - 24hs,6780.0,2025-05-09 19:51:29,4,2025-05-09 19:51:29.838,6780.0,21615,6770.0,1295,6760.0,3500,6750.0,4806,6740.0,4986,6790.0,6915,6800.0,5088,6810.0,533,6820.0,5881,6830.0,114,2025-05-09 19:51:29.752,,2147483647,1976176,True,bid
14230,2239539,1613505389,MERV - XMEV - GGAL - 24hs,6780.0,2025-05-09 19:51:29,96,2025-05-09 19:51:30.336,6780.0,21515,6770.0,1295,6760.0,3500,6750.0,4806,6740.0,4986,6790.0,6915,6800.0,5088,6810.0,533,6820.0,5881,6830.0,114,2025-05-09 19:51:30.252,,2147483647,1976176,False,nan
14231,2239570,1613505432,MERV - XMEV - GGAL - 24hs,6780.0,2025-05-09 19:51:29,96,2025-05-09 19:51:30.839,6780.0,21515,6770.0,1295,6760.0,3500,6750.0,4806,6740.0,4986,6790.0,6915,6800.0,5088,6810.0,533,6820.0,5881,6830.0,114,2025-05-09 19:51:30.752,,2147483647,1976276,False,nan
14232,2240152,1613506150,MERV - XMEV - GGAL - 24hs,6790.0,2025-05-09 19:51:40,1000,2025-05-09 19:51:40.898,6780.0,21515,6770.0,1295,6760.0,3500,6750.0,4806,6740.0,4986,6790.0,6915,6800.0,5088,6810.0,533,6820.0,5881,6830.0,114,2025-05-09 19:51:40.715,,2147483647,1976276,True,offer
14233,2240185,1613506187,MERV - XMEV - GGAL - 24hs,6790.0,2025-05-09 19:51:40,1000,2025-05-09 19:51:41.299,6780.0,21515,6770.0,1295,6760.0,3500,6750.0,4806,6740.0,4986,6790.0,5915,6800.0,5126,6810.0,2495,6820.0,5881,6830.0,114,2025-05-09 19:51:41.214,,2147483647,1976276,False,nan
14234,2240214,1613506217,MERV - XMEV - GGAL - 24hs,6790.0,2025-05-09 19:51:40,1000,2025-05-09 19:51:41.800,6780.0,21515,6770.0,1295,6760.0,3500,6750.0,4806,6740.0,4986,6790.0,5915,6800.0,5126,6810.0,2495,6820.0,5881,6830.0,114,2025-05-09 19:51:41.715,,2147483647,1977276,False,nan
14235,2240257,1613506264,MERV - XMEV - GGAL - 24hs,6790.0,2025-05-09 19:51:41,62,2025-05-09 19:51:42.306,6780.0,21515,6770.0,1295,6760.0,3500,6750.0,4806,6740.0,4986,6790.0,5915,6800.0,5126,6810.0,2495,6820.0,5881,6830.0,114,2025-05-09 19:51:42.215,,2147483647,1977276,True,offer
14236,2240286,1613506295,MERV - XMEV - GGAL - 24hs,6790.0,2025-05-09 19:51:41,62,2025-05-09 19:51:42.799,6780.0,21473,6770.0,1295,6760.0,3500,6750.0,4806,6740.0,4986,6790.0,5853,6800.0,5126,6810.0,2495,6820.0,5881,6830.0,114,2025-05-09 19:51:42.715,,2147483647,1977338,False,nan
14237,2240374,1613506391,MERV - XMEV - GGAL - 24hs,6780.0,2025-05-09 19:51:44,4,2025-05-09 19:51:44.195,6780.0,21473,6770.0,1295,6760.0,3500,6750.0,4806,6740.0,4986,6790.0,5853,6800.0,5126,6810.0,2495,6820.0,5881,6830.0,114,2025-05-09 19:51:44.111,,2147483647,1977338,True,bid
14238,2240400,1613506420,MERV - XMEV - GGAL - 24hs,6790.0,2025-05-09 19:51:44,400,2025-05-09 19:51:44.695,6780.0,21473,6770.0,1295,6760.0,3500,6750.0,4806,6740.0,4986,6790.0,5853,6800.0,5126,6810.0,2495,6820.0,5881,6830.0,114,2025-05-09 19:51:44.610,,2147483647,1977369,False,nan
14239,2240439,1613506464,MERV - XMEV - GGAL - 24hs,6790.0,2025-05-09 19:51:44,400,2025-05-09 19:51:45.199,6780.0,21442,6770.0,1295,6760.0,3500,6750.0,4806,6740.0,4986,6790.0,5453,6800.0,5126,6810.0,2495,6820.0,5881,6830.0,114,2025-05-09 19:51:45.110,,2147483647,1977769,False,nan
14240,2240789,1613506880,MERV - XMEV - GGAL - 24hs,6790.0,2025-05-09 19:51:44,400,2025-05-09 19:51:48.744,6780.0,6442,6770.0,16295,6760.0,3500,6750.0,4806,6740.0,4986,6790.0,5453,6800.0,5126,6810.0,2495,6820.0,5881,6830.0,114,2025-05-09 19:51:48.649,,2147483647,1977769,False,nan
14241,2241086,1613507219,MERV - XMEV - GGAL - 24hs,6780.0,2025-05-09 19:51:51,73,2025-05-09 19:51:51.158,6780.0,6442,6770.0,16295,6760.0,3500,6750.0,4806,6740.0,4986,6790.0,5453,6800.0,5126,6810.0,2495,6820.0,5881,6830.0,114,2025-05-09 19:51:51.071,,2147483647,1977769,True,bid
14242,2241123,1613507274,MERV - XMEV - GGAL - 24hs,6780.0,2025-05-09 19:51:51,145,2025-05-09 19:51:51.657,6780.0,6442,6770.0,16295,6760.0,3500,6750.0,4806,6740.0,4986,6790.0,5453,6800.0,5126,6810.0,2495,6820.0,5881,6830.0,114,2025-05-09 19:51:51.571,,2147483647,1977769,False,nan
14243,2241154,1613507312,MERV - XMEV - GGAL - 24hs,6780.0,2025-05-09 19:51:51,145,2025-05-09 19:51:52.156,6780.0,5902,6770.0,16295,6760.0,3500,6750.0,4806,6740.0,4986,6790.0,5453,6800.0,5126,6810.0,2495,6820.0,5881,6830.0,114,2025-05-09 19:51:52.071,,2147483647,1978309,False,nan
14244,2241333,1613507533,MERV - XMEV - GGAL - 24hs,6780.0,2025-05-09 19:51:54,4855,2025-05-09 19:51:54.446,6780.0,5902,6770.0,16295,6760.0,3500,6750.0,4806,6740.0,4986,6790.0,5453,6800.0,5126,6810.0,2495,6820.0,5881,6830.0,114,2025-05-09 19:51:54.360,,2147483647,1978309,True,bid
14245,2241371,1613507576,MERV - XMEV - GGAL - 24hs,6780.0,2025-05-09 19:51:54,3452,2025-05-09 19:51:54.945,6780.0,5902,6770.0,16295,6760.0,3500,6750.0,4806,6740.0,4986,6790.0,5453,6800.0,5126,6810.0,2495,6820.0,5881,6830.0,114,2025-05-09 19:51:54.860,,2147483647,1978309,False,nan
14246,2241407,1613507618,MERV - XMEV - GGAL - 24hs,6780.0,2025-05-09 19:51:55,1000,2025-05-09 19:51:55.445,6770.0,16295,6760.0,3500,6750.0,4806,6740.0,4986,6730.0,17320,6780.0,4646,6790.0,5453,6800.0,5126,6810.0,2495,6820.0,5881,2025-05-09 19:51:55.360,,2147483647,1988277,True,bid
14247,2241433,1613507684,MERV - XMEV - GGAL - 24hs,6780.0,2025-05-09 19:51:55,1000,2025-05-09 19:51:55.974,6770.0,16194,6760.0,3500,6750.0,4806,6740.0,4986,6730.0,17320,6780.0,3133,6790.0,5453,6800.0,5126,6810.0,2495,6820.0,5881,2025-05-09 19:51:55.886,,2147483647,1988277,False,nan
14248,2241459,1613507721,MERV - XMEV - GGAL - 24hs,6780.0,2025-05-09 19:51:55,1000,2025-05-09 19:51:56.470,6770.0,16194,6760.0,3500,6750.0,4806,6740.0,4986,6730.0,17320,6780.0,3133,6790.0,5453,6800.0,5126,6810.0,2495,6820.0,5881,2025-05-09 19:51:56.385,,2147483647,1989277,False,nan
14249,2241651,1613508089,MERV - XMEV - GGAL - 24hs,6780.0,2025-05-09 19:51:59,3133,2025-05-09 19:51:59.753,6770.0,16194,6760.0,3500,6750.0,4806,6740.0,4986,6730.0,17320,6780.0,3133,6790.0,5453,6800.0,5126,6810.0,2495,6820.0,5881,2025-05-09 19:51:59.667,,2147483647,1989277,True,offer
14250,2241687,1613508128,MERV - XMEV - GGAL - 24hs,6780.0,2025-05-09 19:51:59,3133,2025-05-09 19:52:00.253,6780.0,15000,6770.0,1194,6760.0,3500,6750.0,4806,6740.0,4986,6790.0,5453,6800.0,5126,6810.0,2495,6820.0,5881,6830.0,114,2025-05-09 19:52:00.166,,2147483647,1989277,False,nan
14251,2241727,1613508173,MERV - XMEV - GGAL - 24hs,6780.0,2025-05-09 19:51:59,3133,2025-05-09 19:52:00.752,6780.0,15000,6770.0,1194,6760.0,3500,6750.0,4806,6740.0,4986,6790.0,5453,6800.0,5126,6810.0,2495,6820.0,5881,6830.0,114,2025-05-09 19:52:00.667,,2147483647,1992410,False,nan
14252,2241896,1613508367,MERV - XMEV - GGAL - 24hs,6790.0,2025-05-09 19:52:02,28,2025-05-09 19:52:02.579,6780.0,15000,6770.0,1194,6760.0,3500,6750.0,4806,6740.0,4986,6790.0,5453,6800.0,5126,6810.0,2495,6820.0,5881,6830.0,114,2025-05-09 19:52:02.494,,2147483647,1992410,True,offer
14253,2241918,1613508393,MERV - XMEV - GGAL - 24hs,6790.0,2025-05-09 19:52:02,28,2025-05-09 19:52:03.245,6780.0,15000,6770.0,1194,6760.0,3500,6750.0,4806,6740.0,4986,6790.0,5425,6800.0,5088,6810.0,2533,6820.0,5881,6830.0,114,2025-05-09 19:52:03.159,,2147483647,1992410,False,nan
14254,2241946,1613508422,MERV - XMEV - GGAL - 24hs,6790.0,2025-05-09 19:52:02,28,2025-05-09 19:52:03.744,6780.0,15000,6770.0,1194,6760.0,3500,6750.0,4806,6740.0,4986,6790.0,5425,6800.0,5088,6810.0,2533,6820.0,5881,6830.0,114,2025-05-09 19:52:03.659,,2147483647,1992438,False,nan
14255,2242002,1613508518,MERV - XMEV - GGAL - 24hs,6790.0,2025-05-09 19:52:02,28,2025-05-09 19:52:04.683,6780.0,15000,6770.0,1194,6760.0,3500,6750.0,4806,6740.0,4986,6790.0,5425,6800.0,5088,6810.0,2533,6820.0,6881,6830.0,114,2025-05-09 19:52:04.419,,2147483647,1992438,False,nan
14256,2242189,1613508854,MERV - XMEV - GGAL - 24hs,6780.0,2025-05-09 19:52:06,1,2025-05-09 19:52:06.637,6780.0,15000,6770.0,1194,6760.0,3500,6750.0,4806,6740.0,4986,6790.0,5425,6800.0,5088,6810.0,2533,6820.0,6881,6830.0,114,2025-05-09 19:52:06.552,,2147483647,1992438,True,bid
14257,2242225,1613508910,MERV - XMEV - GGAL - 24hs,6780.0,2025-05-09 19:52:06,1,2025-05-09 19:52:07.283,6780.0,14999,6770.0,1194,6760.0,3500,6750.0,4806,6740.0,4986,6790.0,5425,6800.0,5088,6810.0,2533,6820.0,6881,6830.0,114,2025-05-09 19:52:07.195,,2147483647,1992438,False,nan
14258,2242254,1613508947,MERV - XMEV - GGAL - 24hs,6780.0,2025-05-09 19:52:06,1,2025-05-09 19:52:07.786,6780.0,14999,6770.0,1194,6760.0,3500,6750.0,4806,6740.0,4986,6790.0,5425,6800.0,5088,6810.0,2533,6820.0,6881,6830.0,114,2025-05-09 19:52:07.695,,2147483647,1992439,False,nan
14259,2242299,1613509029,MERV - XMEV - GGAL - 24hs,6780.0,2025-05-09 19:52:07,14999,2025-05-09 19:52:08.281,6780.0,14999,6770.0,1194,6760.0,3500,6750.0,4806,6740.0,4986,6790.0,5425,6800.0,5088,6810.0,2533,6820.0,6881,6830.0,114,2025-05-09 19:52:08.196,,2147483647,1992439,True,bid
14260,2242326,1613509068,MERV - XMEV - GGAL - 24hs,6780.0,2025-05-09 19:52:07,14999,2025-05-09 19:52:08.783,6770.0,1194,6760.0,3500,6750.0,4806,6740.0,4986,6730.0,17320,6780.0,3350,6790.0,5425,6800.0,1738,6810.0,2533,6820.0,6881,2025-05-09 19:52:08.695,,2147483647,2007438,False,nan
14261,2242648,1613509792,MERV - XMEV - GGAL - 24hs,6780.0,2025-05-09 19:52:07,14999,2025-05-09 19:52:12.766,6770.0,1194,6760.0,3500,6750.0,4806,6740.0,4986,6730.0,17320,6780.0,5088,6790.0,5425,6810.0,2533,6820.0,6881,6830.0,114,2025-05-09 19:52:12.680,,2147483647,2007438,False,nan
14262,2242685,1613509836,MERV - XMEV - GGAL - 24hs,6780.0,2025-05-09 19:52:13,147,2025-05-09 19:52:13.450,6770.0,1194,6760.0,3500,6750.0,4806,6740.0,4986,6730.0,17320,6780.0,5088,6790.0,5425,6810.0,2533,6820.0,6881,6830.0,114,2025-05-09 19:52:13.365,,2147483647,2007438,True,offer
14263,2242712,1613509866,MERV - XMEV - GGAL - 24hs,6780.0,2025-05-09 19:52:13,2000,2025-05-09 19:52:13.950,6770.0,1194,6760.0,3510,6750.0,4806,6740.0,4986,6730.0,17320,6780.0,2941,6790.0,5425,6810.0,3533,6820.0,6881,6830.0,114,2025-05-09 19:52:13.865,,2147483647,2007585,False,nan
14264,2242778,1613509990,MERV - XMEV - GGAL - 24hs,6780.0,2025-05-09 19:52:13,2000,2025-05-09 19:52:14.463,6770.0,1194,6760.0,3510,6750.0,4806,6740.0,4986,6730.0,17320,6780.0,2941,6790.0,5425,6810.0,3533,6820.0,6881,6830.0,114,2025-05-09 19:52:14.365,,2147483647,2009585,False,nan
14265,2242847,1613510110,MERV - XMEV - GGAL - 24hs,6780.0,2025-05-09 19:52:13,2000,2025-05-09 19:52:15.558,6770.0,16194,6760.0,3510,6750.0,4806,6740.0,4986,6730.0,17320,6780.0,2941,6790.0,5425,6810.0,3533,6820.0,6881,6830.0,114,2025-05-09 19:52:15.468,,2147483647,2009585,False,nan
14266,2243149,1613510442,MERV - XMEV - GGAL - 24hs,6780.0,2025-05-09 19:52:13,2000,2025-05-09 19:52:18.083,6770.0,16194,6760.0,3516,6750.0,4806,6740.0,4986,6730.0,17320,6780.0,2941,6790.0,5425,6810.0,3533,6820.0,6881,6830.0,114,2025-05-09 19:52:17.996,,2147483647,2009585,False,nan
14267,2243173,1613510469,MERV - XMEV - GGAL - 24hs,6780.0,2025-05-09 19:52:18,1,2025-05-09 19:52:18.581,6770.0,16194,6760.0,3516,6750.0,4806,6740.0,4986,6730.0,17320,6780.0,2941,6790.0,5425,6810.0,3533,6820.0,6881,6830.0,114,2025-05-09 19:52:18.497,,2147483647,2009585,True,offer
14268,2243201,1613510500,MERV - XMEV - GGAL - 24hs,6780.0,2025-05-09 19:52:18,1,2025-05-09 19:52:19.083,6770.0,16194,6760.0,3516,6750.0,4806,6740.0,4986,6730.0,17320,6780.0,2940,6790.0,5425,6810.0,3533,6820.0,6881,6830.0,114,2025-05-09 19:52:18.996,,2147483647,2009585,False,nan
14269,2243257,1613510570,MERV - XMEV - GGAL - 24hs,6780.0,2025-05-09 19:52:18,1,2025-05-09 19:52:19.582,6770.0,16194,6760.0,3516,6750.0,4806,6740.0,4986,6730.0,17320,6780.0,2940,6790.0,5425,6810.0,3533,6820.0,6881,6830.0,114,2025-05-09 19:52:19.497,,2147483647,2009586,False,nan
14270,2243562,1613510934,MERV - XMEV - GGAL - 24hs,6780.0,2025-05-09 19:52:24,1,2025-05-09 19:52:24.867,6770.0,16194,6760.0,3516,6750.0,4806,6740.0,4986,6730.0,17320,6780.0,2940,6790.0,5425,6810.0,3533,6820.0,6881,6830.0,114,2025-05-09 19:52:24.783,,2147483647,2009586,True,offer
14271,2243595,1613510975,MERV - XMEV - GGAL - 24hs,6780.0,2025-05-09 19:52:25,683,2025-05-09 19:52:25.368,6770.0,16194,6760.0,3516,6750.0,4806,6740.0,4986,6730.0,17320,6780.0,2939,6790.0,5425,6800.0,38,6810.0,3495,6820.0,6881,2025-05-09 19:52:25.283,,2147483647,2009587,True,offer
14272,2243623,1613511006,MERV - XMEV - GGAL - 24hs,6780.0,2025-05-09 19:52:25,683,2025-05-09 19:52:25.872,6770.0,16194,6760.0,3516,6750.0,4806,6740.0,4986,6730.0,17320,6780.0,2256,6790.0,5425,6800.0,38,6810.0,3495,6820.0,6881,2025-05-09 19:52:25.783,,2147483647,2010270,False,nan
14273,2243729,1613511125,MERV - XMEV - GGAL - 24hs,6780.0,2025-05-09 19:52:28,68,2025-05-09 19:52:28.210,6770.0,16194,6760.0,3516,6750.0,4806,6740.0,4986,6730.0,17320,6780.0,2256,6790.0,5425,6800.0,38,6810.0,3495,6820.0,6881,2025-05-09 19:52:28.125,,2147483647,2010270,True,offer
14274,2243746,1613511145,MERV - XMEV - GGAL - 24hs,6780.0,2025-05-09 19:52:28,2,2025-05-09 19:52:28.710,6770.0,16194,6760.0,3516,6750.0,4806,6740.0,4986,6730.0,17320,6780.0,2256,6790.0,5425,6800.0,38,6810.0,3495,6820.0,6881,2025-05-09 19:52:28.625,,2147483647,2010338,False,nan
14275,2243774,1613511175,MERV - XMEV - GGAL - 24hs,6780.0,2025-05-09 19:52:28,2,2025-05-09 19:52:29.209,6770.0,16194,6760.0,3516,6750.0,4806,6740.0,4986,6730.0,17320,6780.0,2186,6790.0,5425,6800.0,38,6810.0,3495,6820.0,6881,2025-05-09 19:52:29.124,,2147483647,2010340,False,nan
14276,2244196,1613511679,MERV - XMEV - GGAL - 24hs,6780.0,2025-05-09 19:52:35,171,2025-05-09 19:52:35.219,6770.0,16194,6760.0,3516,6750.0,4806,6740.0,4986,6730.0,17320,6780.0,2186,6790.0,5425,6800.0,38,6810.0,3495,6820.0,6881,2025-05-09 19:52:35.132,,2147483647,2010340,True,offer
14277,2244229,1613511719,MERV - XMEV - GGAL - 24hs,6780.0,2025-05-09 19:52:35,171,2025-05-09 19:52:35.880,6770.0,16194,6760.0,3516,6750.0,4806,6740.0,4986,6730.0,17320,6780.0,2015,6790.0,5425,6800.0,38,6810.0,3495,6820.0,6881,2025-05-09 19:52:35.795,,2147483647,2010340,False,nan
14278,2244249,1613511743,MERV - XMEV - GGAL - 24hs,6780.0,2025-05-09 19:52:35,171,2025-05-09 19:52:36.380,6770.0,16194,6760.0,3516,6750.0,4806,6740.0,4986,6730.0,17320,6780.0,2015,6790.0,5425,6800.0,38,6810.0,3495,6820.0,6881,2025-05-09 19:52:36.295,,2147483647,2010511,False,nan
14279,2244285,1613511784,MERV - XMEV - GGAL - 24hs,6780.0,2025-05-09 19:52:36,778,2025-05-09 19:52:36.891,6770.0,16194,6760.0,3516,6750.0,4806,6740.0,4986,6730.0,17320,6780.0,2015,6790.0,5425,6800.0,38,6810.0,3495,6820.0,6881,2025-05-09 19:52:36.797,,2147483647,2010511,True,offer
14280,2244318,1613511823,MERV - XMEV - GGAL - 24hs,6780.0,2025-05-09 19:52:36,778,2025-05-09 19:52:37.391,6770.0,16194,6760.0,4516,6750.0,4806,6740.0,4986,6730.0,17320,6780.0,5088,6790.0,5425,6800.0,38,6810.0,3495,6820.0,6881,2025-05-09 19:52:37.297,,2147483647,2010511,False,nan
14281,2244353,1613511866,MERV - XMEV - GGAL - 24hs,6780.0,2025-05-09 19:52:37,334,2025-05-09 19:52:37.883,6770.0,16194,6760.0,4516,6750.0,4806,6740.0,4986,6730.0,17320,6780.0,5088,6790.0,5425,6800.0,38,6810.0,3495,6820.0,6881,2025-05-09 19:52:37.798,,2147483647,2013511,True,offer
14282,2244393,1613511908,MERV - XMEV - GGAL - 24hs,6780.0,2025-05-09 19:52:37,334,2025-05-09 19:52:38.508,6770.0,16194,6760.0,4516,6750.0,4806,6740.0,4986,6730.0,17320,6780.0,4754,6790.0,5425,6800.0,38,6810.0,3495,6820.0,6881,2025-05-09 19:52:38.414,,2147483647,2013511,False,nan
14283,2244444,1613511978,MERV - XMEV - GGAL - 24hs,6780.0,2025-05-09 19:52:37,334,2025-05-09 19:52:39.007,6770.0,16194,6760.0,4516,6750.0,4806,6740.0,4986,6730.0,17320,6780.0,4754,6790.0,5425,6800.0,38,6810.0,3495,6820.0,6881,2025-05-09 19:52:38.914,,2147483647,2013845,False,nan
14284,2244481,1613512035,MERV - XMEV - GGAL - 24hs,6780.0,2025-05-09 19:52:37,334,2025-05-09 19:52:39.498,6770.0,16194,6760.0,4516,6750.0,9806,6740.0,4986,6730.0,12320,6780.0,4754,6790.0,4508,6800.0,955,6810.0,3495,6820.0,6881,2025-05-09 19:52:39.414,,2147483647,2013845,False,nan
14285,2245017,1613512625,MERV - XMEV - GGAL - 24hs,6780.0,2025-05-09 19:52:37,334,2025-05-09 19:52:45.798,6770.0,17194,6760.0,3516,6750.0,9806,6740.0,4986,6730.0,12320,6780.0,4754,6790.0,4546,6800.0,917,6810.0,3495,6820.0,6881,2025-05-09 19:52:45.713,,2147483647,2013845,False,nan
14286,2245087,1613512699,MERV - XMEV - GGAL - 24hs,6780.0,2025-05-09 19:52:46,200,2025-05-09 19:52:46.299,6770.0,17194,6760.0,3516,6750.0,9806,6740.0,4986,6730.0,12320,6780.0,4754,6790.0,4546,6800.0,917,6810.0,3495,6820.0,6881,2025-05-09 19:52:46.214,,2147483647,2013845,True,offer
14287,2245126,1613512743,MERV - XMEV - GGAL - 24hs,6780.0,2025-05-09 19:52:46,200,2025-05-09 19:52:46.837,6770.0,17194,6760.0,3516,6750.0,9806,6740.0,4986,6730.0,12320,6780.0,4554,6790.0,4546,6800.0,917,6810.0,3495,6820.0,6881,2025-05-09 19:52:46.753,,2147483647,2013845,False,nan
14288,2245154,1613512777,MERV - XMEV - GGAL - 24hs,6780.0,2025-05-09 19:52:46,200,2025-05-09 19:52:47.338,6770.0,17194,6760.0,3516,6750.0,9806,6740.0,4986,6730.0,12320,6780.0,4554,6790.0,4546,6800.0,917,6810.0,3495,6820.0,6881,2025-05-09 19:52:47.253,,2147483647,2014045,False,nan
14289,2245180,1613512806,MERV - XMEV - GGAL - 24hs,6780.0,2025-05-09 19:52:47,2816,2025-05-09 19:52:48.060,6770.0,17194,6760.0,3516,6750.0,9806,6740.0,4986,6730.0,12320,6780.0,4554,6790.0,4546,6800.0,917,6810.0,3495,6820.0,6881,2025-05-09 19:52:47.974,,2147483647,2014045,True,offer
14290,2245202,1613512831,MERV - XMEV - GGAL - 24hs,6780.0,2025-05-09 19:52:47,17769,2025-05-09 19:52:48.561,6770.0,17194,6760.0,3516,6750.0,9806,6740.0,4986,6730.0,12320,6780.0,4554,6790.0,4546,6800.0,917,6810.0,3495,6820.0,6881,2025-05-09 19:52:48.476,,2147483647,2014045,False,nan
14291,2245231,1613512860,MERV - XMEV - GGAL - 24hs,6780.0,2025-05-09 19:52:47,17769,2025-05-09 19:52:49.061,6770.0,17194,6760.0,3516,6750.0,9806,6740.0,4986,6730.0,12320,6780.0,2880,6790.0,4546,6800.0,917,6810.0,3495,6820.0,6881,2025-05-09 19:52:48.976,,2147483647,2039045,False,nan
14292,2245253,1613512896,MERV - XMEV - GGAL - 24hs,6780.0,2025-05-09 19:52:49,619,2025-05-09 19:52:49.561,6770.0,17194,6760.0,3516,6750.0,9806,6740.0,4986,6730.0,12320,6780.0,2880,6790.0,4546,6800.0,917,6810.0,3495,6820.0,6881,2025-05-09 19:52:49.476,,2147483647,2039104,True,offer
14293,2245279,1613512933,MERV - XMEV - GGAL - 24hs,6780.0,2025-05-09 19:52:49,12,2025-05-09 19:52:50.060,6770.0,17166,6760.0,3516,6750.0,9806,6740.0,4986,6730.0,12320,6780.0,2218,6790.0,4546,6800.0,917,6810.0,3495,6820.0,6881,2025-05-09 19:52:49.975,,2147483647,2039735,False,nan
14294,2245352,1613513021,MERV - XMEV - GGAL - 24hs,6780.0,2025-05-09 19:52:51,480,2025-05-09 19:52:51.231,6770.0,17166,6760.0,3516,6750.0,9806,6740.0,4986,6730.0,12320,6780.0,2218,6790.0,4546,6800.0,917,6810.0,3495,6820.0,6881,2025-05-09 19:52:51.147,,2147483647,2039735,True,offer
14295,2245382,1613513067,MERV - XMEV - GGAL - 24hs,6780.0,2025-05-09 19:52:51,729,2025-05-09 19:52:51.736,6770.0,17166,6760.0,3516,6750.0,9806,6740.0,4986,6730.0,12320,6780.0,2218,6790.0,4546,6800.0,917,6810.0,3495,6820.0,6881,2025-05-09 19:52:51.647,,2147483647,2039735,False,nan
14296,2245413,1613513113,MERV - XMEV - GGAL - 24hs,6780.0,2025-05-09 19:52:51,729,2025-05-09 19:52:52.233,6770.0,17166,6760.0,3516,6750.0,9806,6740.0,4986,6730.0,12320,6780.0,1009,6790.0,4546,6800.0,917,6810.0,3495,6820.0,6881,2025-05-09 19:52:52.147,,2147483647,2040944,False,nan
14297,2245581,1613513316,MERV - XMEV - GGAL - 24hs,6780.0,2025-05-09 19:52:54,1,2025-05-09 19:52:54.590,6770.0,17166,6760.0,3516,6750.0,9806,6740.0,4986,6730.0,12320,6780.0,1009,6790.0,4546,6800.0,917,6810.0,3495,6820.0,6881,2025-05-09 19:52:54.504,,2147483647,2040944,True,offer
14298,2245599,1613513338,MERV - XMEV - GGAL - 24hs,6780.0,2025-05-09 19:52:54,1,2025-05-09 19:52:55.088,6770.0,17166,6760.0,3516,6750.0,9806,6740.0,4986,6730.0,12320,6780.0,1008,6790.0,4546,6800.0,917,6810.0,3495,6820.0,6881,2025-05-09 19:52:55.004,,2147483647,2040944,False,nan
14299,2245752,1613513500,MERV - XMEV - GGAL - 24hs,6780.0,2025-05-09 19:52:55,995,2025-05-09 19:52:55.756,6770.0,17166,6760.0,3516,6750.0,9806,6740.0,4986,6730.0,12320,6780.0,1008,6790.0,4546,6800.0,917,6810.0,3495,6820.0,6881,2025-05-09 19:52:55.504,,2147483647,2041940,True,offer
14300,2245777,1613513528,MERV - XMEV - GGAL - 24hs,6780.0,2025-05-09 19:52:55,995,2025-05-09 19:52:56.092,6770.0,17166,6760.0,3516,6750.0,9806,6740.0,4986,6730.0,12320,6780.0,13,6790.0,4546,6800.0,917,6810.0,3495,6820.0,6881,2025-05-09 19:52:56.007,,2147483647,2041940,False,nan
14301,2245874,1613513694,MERV - XMEV - GGAL - 24hs,6780.0,2025-05-09 19:52:57,13,2025-05-09 19:52:57.328,6770.0,17166,6760.0,3516,6750.0,9806,6740.0,4986,6730.0,12320,6780.0,13,6790.0,4546,6800.0,917,6810.0,3495,6820.0,6881,2025-05-09 19:52:57.241,,2147483647,2041940,True,offer
14302,2245915,1613513755,MERV - XMEV - GGAL - 24hs,6780.0,2025-05-09 19:52:57,287,2025-05-09 19:52:57.827,6770.0,17166,6760.0,3516,6750.0,9806,6740.0,4986,6730.0,12320,6780.0,13,6790.0,4546,6800.0,917,6810.0,3495,6820.0,6881,2025-05-09 19:52:57.742,,2147483647,2041940,False,nan
14303,2245945,1613513796,MERV - XMEV - GGAL - 24hs,6780.0,2025-05-09 19:52:58,100,2025-05-09 19:52:58.719,6770.0,17166,6760.0,3516,6750.0,9806,6740.0,4986,6730.0,12320,6780.0,1738,6790.0,4546,6800.0,917,6810.0,3495,6820.0,6881,2025-05-09 19:52:58.577,,2147483647,2042240,True,offer
14304,2245979,1613513840,MERV - XMEV - GGAL - 24hs,6780.0,2025-05-09 19:52:58,100,2025-05-09 19:52:59.007,6770.0,17166,6760.0,3516,6750.0,9806,6740.0,4986,6730.0,12320,6780.0,1738,6790.0,4546,6800.0,917,6810.0,3495,6820.0,6881,2025-05-09 19:52:58.917,,2147483647,2042340,False,nan
14305,2246030,1613513902,MERV - XMEV - GGAL - 24hs,6780.0,2025-05-09 19:52:58,100,2025-05-09 19:52:59.509,6770.0,17166,6760.0,3516,6750.0,9806,6740.0,4986,6730.0,12320,6780.0,1638,6790.0,4546,6800.0,917,6810.0,3495,6820.0,6881,2025-05-09 19:52:59.422,,2147483647,2042340,False,nan
14306,2246155,1613514044,MERV - XMEV - GGAL - 24hs,6780.0,2025-05-09 19:52:58,100,2025-05-09 19:53:00.956,6770.0,17166,6760.0,8516,6750.0,4806,6740.0,4986,6730.0,12320,6780.0,1638,6790.0,4546,6800.0,917,6810.0,3495,6820.0,6881,2025-05-09 19:53:00.858,,2147483647,2042340,False,nan
14307,2246205,1613514104,MERV - XMEV - GGAL - 24hs,6780.0,2025-05-09 19:53:01,41,2025-05-09 19:53:01.450,6770.0,17166,6760.0,8516,6750.0,4806,6740.0,4986,6730.0,12320,6780.0,1638,6790.0,4546,6800.0,917,6810.0,3495,6820.0,6881,2025-05-09 19:53:01.357,,2147483647,2042340,True,offer
14308,2246248,1613514161,MERV - XMEV - GGAL - 24hs,6780.0,2025-05-09 19:53:01,41,2025-05-09 19:53:01.943,6770.0,17166,6760.0,8516,6750.0,4806,6740.0,4986,6730.0,12320,6780.0,1597,6790.0,4546,6800.0,917,6810.0,3495,6820.0,6881,2025-05-09 19:53:01.857,,2147483647,2042381,False,nan
14309,2246446,1613514411,MERV - XMEV - GGAL - 24hs,6780.0,2025-05-09 19:53:04,1036,2025-05-09 19:53:04.595,6770.0,17166,6760.0,8516,6750.0,4806,6740.0,4986,6730.0,12320,6780.0,1597,6790.0,4546,6800.0,917,6810.0,3495,6820.0,6881,2025-05-09 19:53:04.509,,2147483647,2042381,True,offer
14310,2246473,1613514442,MERV - XMEV - GGAL - 24hs,6780.0,2025-05-09 19:53:04,1036,2025-05-09 19:53:05.097,6770.0,17166,6760.0,8516,6750.0,4806,6740.0,4986,6730.0,12320,6780.0,561,6790.0,4546,6800.0,917,6810.0,3495,6820.0,6881,2025-05-09 19:53:05.009,,2147483647,2042381,False,nan
14311,2246503,1613514473,MERV - XMEV - GGAL - 24hs,6780.0,2025-05-09 19:53:04,1036,2025-05-09 19:53:05.594,6770.0,17166,6760.0,8516,6750.0,4806,6740.0,4986,6730.0,12320,6780.0,561,6790.0,4546,6800.0,917,6810.0,3495,6820.0,6881,2025-05-09 19:53:05.509,,2147483647,2043417,False,nan
14312,2246529,1613514508,MERV - XMEV - GGAL - 24hs,6780.0,2025-05-09 19:53:04,1036,2025-05-09 19:53:06.094,6770.0,17166,6760.0,3516,6750.0,9806,6740.0,4986,6730.0,12320,6780.0,561,6790.0,4546,6800.0,917,6810.0,3495,6820.0,6881,2025-05-09 19:53:06.009,,2147483647,2043417,False,nan
14313,2246573,1613514557,MERV - XMEV - GGAL - 24hs,6780.0,2025-05-09 19:53:07,561,2025-05-09 19:53:07.133,6770.0,17166,6760.0,3516,6750.0,9806,6740.0,4986,6730.0,12320,6780.0,561,6790.0,4546,6800.0,917,6810.0,3495,6820.0,6881,2025-05-09 19:53:07.047,,2147483647,2043417,True,offer
14314,2246624,1613514616,MERV - XMEV - GGAL - 24hs,6780.0,2025-05-09 19:53:07,561,2025-05-09 19:53:07.636,6770.0,17166,6760.0,3516,6750.0,9806,6740.0,4986,6730.0,12320,6780.0,1738,6790.0,4508,6800.0,917,6810.0,3533,6820.0,6881,2025-05-09 19:53:07.547,,2147483647,2043417,False,nan
14315,2246652,1613514647,MERV - XMEV - GGAL - 24hs,6780.0,2025-05-09 19:53:07,561,2025-05-09 19:53:08.131,6770.0,17166,6760.0,3516,6750.0,9806,6740.0,4986,6730.0,12320,6780.0,1738,6790.0,4508,6800.0,917,6810.0,3533,6820.0,6881,2025-05-09 19:53:08.047,,2147483647,2043978,False,nan
14316,2246678,1613514676,MERV - XMEV - GGAL - 24hs,6780.0,2025-05-09 19:53:07,561,2025-05-09 19:53:08.638,6770.0,17166,6760.0,3516,6750.0,9906,6740.0,4986,6730.0,12320,6780.0,1738,6790.0,4508,6800.0,917,6810.0,3533,6820.0,6881,2025-05-09 19:53:08.554,,2147483647,2043978,False,nan
14317,2246956,1613515040,MERV - XMEV - GGAL - 24hs,6770.0,2025-05-09 19:53:12,1,2025-05-09 19:53:12.370,6770.0,17166,6760.0,3516,6750.0,9906,6740.0,4986,6730.0,12320,6780.0,1738,6790.0,4508,6800.0,917,6810.0,3533,6820.0,6881,2025-05-09 19:53:12.285,,2147483647,2043978,True,bid
14318,2246983,1613515071,MERV - XMEV - GGAL - 24hs,6770.0,2025-05-09 19:53:12,1,2025-05-09 19:53:12.870,6770.0,17165,6760.0,3516,6750.0,9906,6740.0,4986,6730.0,12320,6780.0,1738,6790.0,4508,6800.0,917,6810.0,3533,6820.0,6881,2025-05-09 19:53:12.785,,2147483647,2043978,False,nan
14319,2247014,1613515103,MERV - XMEV - GGAL - 24hs,6770.0,2025-05-09 19:53:12,1,2025-05-09 19:53:13.370,6770.0,17165,6760.0,3516,6750.0,9906,6740.0,4986,6730.0,12320,6780.0,1738,6790.0,4508,6800.0,917,6810.0,3533,6820.0,6881,2025-05-09 19:53:13.285,,2147483647,2043979,False,nan
14320,2247282,1613515450,MERV - XMEV - GGAL - 24hs,6770.0,2025-05-09 19:53:12,1,2025-05-09 19:53:17.244,6770.0,17165,6760.0,3516,6750.0,9906,6740.0,4986,6730.0,12320,6780.0,2655,6790.0,4508,6810.0,3533,6820.0,6881,6830.0,114,2025-05-09 19:53:17.155,,2147483647,2043979,False,nan
14321,2247532,1613515765,MERV - XMEV - GGAL - 24hs,6780.0,2025-05-09 19:53:21,50,2025-05-09 19:53:21.310,6770.0,17165,6760.0,3516,6750.0,9906,6740.0,4986,6730.0,12320,6780.0,2655,6790.0,4508,6810.0,3533,6820.0,6881,6830.0,114,2025-05-09 19:53:21.224,,2147483647,2043979,True,offer
14322,2247559,1613515799,MERV - XMEV - GGAL - 24hs,6770.0,2025-05-09 19:53:21,24,2025-05-09 19:53:21.809,6770.0,17165,6760.0,3516,6750.0,9906,6740.0,4986,6730.0,12320,6780.0,2655,6790.0,4508,6810.0,3533,6820.0,6881,6830.0,114,2025-05-09 19:53:21.724,,2147483647,2044029,False,nan
14323,2247615,1613515862,MERV - XMEV - GGAL - 24hs,6770.0,2025-05-09 19:53:21,24,2025-05-09 19:53:22.379,6770.0,17135,6760.0,3516,6750.0,9906,6740.0,4986,6730.0,12320,6780.0,2605,6790.0,4508,6810.0,3533,6820.0,6881,6830.0,114,2025-05-09 19:53:22.224,,2147483647,2044059,False,nan
14324,2247820,1613516092,MERV - XMEV - GGAL - 24hs,6780.0,2025-05-09 19:53:25,1688,2025-05-09 19:53:25.401,6770.0,17135,6760.0,3516,6750.0,9906,6740.0,4986,6730.0,12320,6780.0,2605,6790.0,4508,6810.0,3533,6820.0,6881,6830.0,114,2025-05-09 19:53:25.317,,2147483647,2044059,True,offer
14325,2247852,1613516134,MERV - XMEV - GGAL - 24hs,6780.0,2025-05-09 19:53:25,527,2025-05-09 19:53:25.901,6770.0,17135,6760.0,3516,6750.0,9906,6740.0,4986,6730.0,12320,6780.0,2128,6790.0,4508,6810.0,3533,6820.0,6881,6830.0,114,2025-05-09 19:53:25.817,,2147483647,2044059,False,nan
14326,2247885,1613516168,MERV - XMEV - GGAL - 24hs,6780.0,2025-05-09 19:53:25,527,2025-05-09 19:53:26.401,6770.0,17135,6760.0,3516,6750.0,9906,6740.0,4986,6730.0,12320,6780.0,2128,6790.0,4508,6810.0,3533,6820.0,6881,6830.0,114,2025-05-09 19:53:26.317,,2147483647,2046274,False,nan
14327,2248200,1613516516,MERV - XMEV - GGAL - 24hs,6780.0,2025-05-09 19:53:31,2,2025-05-09 19:53:31.843,6770.0,17135,6760.0,3516,6750.0,9906,6740.0,4986,6730.0,12320,6780.0,2128,6790.0,4508,6810.0,3533,6820.0,6881,6830.0,114,2025-05-09 19:53:31.759,,2147483647,2046274,True,offer
14328,2248229,1613516566,MERV - XMEV - GGAL - 24hs,6780.0,2025-05-09 19:53:31,2,2025-05-09 19:53:32.513,6770.0,17135,6760.0,3516,6750.0,9906,6740.0,4986,6730.0,12320,6780.0,2126,6790.0,4546,6810.0,3495,6820.0,6881,6830.0,114,2025-05-09 19:53:32.427,,2147483647,2046274,False,nan
14329,2248256,1613516593,MERV - XMEV - GGAL - 24hs,6780.0,2025-05-09 19:53:31,2,2025-05-09 19:53:33.011,6770.0,17135,6760.0,3516,6750.0,9906,6740.0,4986,6730.0,12320,6780.0,2126,6790.0,4546,6810.0,3495,6820.0,6881,6830.0,114,2025-05-09 19:53:32.927,,2147483647,2046276,False,nan
14330,2249400,1613517920,MERV - XMEV - GGAL - 24hs,6780.0,2025-05-09 19:53:31,2,2025-05-09 19:53:50.798,6770.0,17135,6760.0,3633,6750.0,9906,6740.0,4986,6730.0,12320,6780.0,2126,6790.0,4546,6810.0,3495,6820.0,6881,6830.0,114,2025-05-09 19:53:50.713,,2147483647,2046276,False,nan
14331,2249876,1613518458,MERV - XMEV - GGAL - 24hs,6780.0,2025-05-09 19:53:56,388,2025-05-09 19:53:56.395,6770.0,17135,6760.0,3633,6750.0,9906,6740.0,4986,6730.0,12320,6780.0,2126,6790.0,4546,6810.0,3495,6820.0,6881,6830.0,114,2025-05-09 19:53:56.306,,2147483647,2046276,True,offer
14332,2249902,1613518489,MERV - XMEV - GGAL - 24hs,6780.0,2025-05-09 19:53:56,346,2025-05-09 19:53:56.894,6770.0,17135,6760.0,3633,6750.0,9906,6740.0,4986,6730.0,12320,6780.0,2126,6790.0,4546,6810.0,3495,6820.0,6881,6830.0,114,2025-05-09 19:53:56.806,,2147483647,2046276,False,nan
14333,2249923,1613518513,MERV - XMEV - GGAL - 24hs,6780.0,2025-05-09 19:53:57,606,2025-05-09 19:53:57.391,6780.0,37528,6770.0,2135,6760.0,8633,6750.0,5206,6740.0,4986,6790.0,4508,6800.0,38,6810.0,3495,6820.0,6881,6830.0,114,2025-05-09 19:53:57.306,,2147483647,2048748,True,offer
14334,2249952,1613518546,MERV - XMEV - GGAL - 24hs,6780.0,2025-05-09 19:53:57,606,2025-05-09 19:53:58.009,6780.0,36922,6770.0,2135,6760.0,8633,6750.0,5206,6740.0,4986,6790.0,4508,6800.0,38,6810.0,3495,6820.0,6881,6830.0,114,2025-05-09 19:53:57.925,,2147483647,2048748,False,nan
14335,2249976,1613518572,MERV - XMEV - GGAL - 24hs,6780.0,2025-05-09 19:53:57,606,2025-05-09 19:53:58.510,6780.0,36922,6770.0,2135,6760.0,8633,6750.0,5206,6740.0,4986,6790.0,4508,6800.0,38,6810.0,3495,6820.0,6881,6830.0,114,2025-05-09 19:53:58.424,,2147483647,2049354,False,nan
14336,2250035,1613518652,MERV - XMEV - GGAL - 24hs,6780.0,2025-05-09 19:53:57,606,2025-05-09 19:53:59.929,6780.0,36922,6770.0,2150,6760.0,8633,6750.0,5206,6740.0,4986,6790.0,4508,6800.0,38,6810.0,3495,6820.0,6881,6830.0,114,2025-05-09 19:53:59.845,,2147483647,2049354,False,nan
14337,2250308,1613518980,MERV - XMEV - GGAL - 24hs,6790.0,2025-05-09 19:54:04,1,2025-05-09 19:54:04.425,6780.0,36922,6770.0,2150,6760.0,8633,6750.0,5206,6740.0,4986,6790.0,4508,6800.0,38,6810.0,3495,6820.0,6881,6830.0,114,2025-05-09 19:54:04.339,,2147483647,2049354,True,offer
14338,2250338,1613519026,MERV - XMEV - GGAL - 24hs,6790.0,2025-05-09 19:54:04,51,2025-05-09 19:54:04.926,6780.0,36922,6770.0,2150,6760.0,8633,6750.0,5206,6740.0,4986,6790.0,4508,6800.0,38,6810.0,3495,6820.0,6881,6830.0,114,2025-05-09 19:54:04.840,,2147483647,2049355,False,nan
14339,2250374,1613519065,MERV - XMEV - GGAL - 24hs,6790.0,2025-05-09 19:54:04,51,2025-05-09 19:54:05.424,6780.0,36922,6770.0,2150,6760.0,8633,6750.0,5206,6740.0,4986,6790.0,4456,6800.0,38,6810.0,3495,6820.0,6881,6830.0,114,2025-05-09 19:54:05.340,,2147483647,2049406,False,nan
14340,2250592,1613519334,MERV - XMEV - GGAL - 24hs,6790.0,2025-05-09 19:54:04,51,2025-05-09 19:54:09.242,6780.0,37022,6770.0,2150,6760.0,8633,6750.0,5206,6740.0,4986,6790.0,4456,6800.0,38,6810.0,3495,6820.0,6881,6830.0,114,2025-05-09 19:54:09.157,,2147483647,2049406,False,nan
14341,2250761,1613519531,MERV - XMEV - GGAL - 24hs,6790.0,2025-05-09 19:54:04,51,2025-05-09 19:54:11.929,6780.0,37022,6770.0,2150,6760.0,8643,6750.0,5206,6740.0,4986,6790.0,4456,6800.0,38,6810.0,3495,6820.0,6881,6830.0,114,2025-05-09 19:54:11.843,,2147483647,2049406,False,nan
14342,2251004,1613519801,MERV - XMEV - GGAL - 24hs,6780.0,2025-05-09 19:54:15,33,2025-05-09 19:54:15.517,6780.0,37022,6770.0,2150,6760.0,8643,6750.0,5206,6740.0,4986,6790.0,4456,6800.0,38,6810.0,3495,6820.0,6881,6830.0,114,2025-05-09 19:54:15.426,,2147483647,2049406,True,bid
14343,2251037,1613519837,MERV - XMEV - GGAL - 24hs,6790.0,2025-05-09 19:54:15,5,2025-05-09 19:54:16.027,6780.0,37022,6770.0,2150,6760.0,8643,6750.0,5206,6740.0,4986,6790.0,4456,6800.0,38,6810.0,3495,6820.0,6881,6830.0,114,2025-05-09 19:54:15.931,,2147483647,2051208,False,nan
14344,2251073,1613519878,MERV - XMEV - GGAL - 24hs,6790.0,2025-05-09 19:54:15,5,2025-05-09 19:54:16.514,6780.0,36989,6770.0,2150,6760.0,8643,6750.0,5206,6740.0,4986,6790.0,6032,6800.0,38,6810.0,3495,6820.0,6881,6830.0,114,2025-05-09 19:54:16.426,,2147483647,2051213,False,nan
14345,2251566,1613520441,MERV - XMEV - GGAL - 24hs,6790.0,2025-05-09 19:54:22,2682,2025-05-09 19:54:22.394,6780.0,36989,6770.0,2150,6760.0,8643,6750.0,5206,6740.0,4986,6790.0,6032,6800.0,38,6810.0,3495,6820.0,6881,6830.0,114,2025-05-09 19:54:22.309,,2147483647,2051213,True,offer
14346,2251591,1613520467,MERV - XMEV - GGAL - 24hs,6790.0,2025-05-09 19:54:22,2682,2025-05-09 19:54:22.898,6780.0,36989,6770.0,2150,6760.0,8643,6750.0,5206,6740.0,4986,6790.0,6738,6810.0,3495,6820.0,6881,6830.0,114,6840.0,17514,2025-05-09 19:54:22.810,,2147483647,2051213,False,nan
14347,2251669,1613520546,MERV - XMEV - GGAL - 24hs,6790.0,2025-05-09 19:54:22,2682,2025-05-09 19:54:23.471,6780.0,36989,6770.0,2150,6760.0,8643,6750.0,5206,6740.0,4986,6790.0,6738,6810.0,3495,6820.0,6881,6830.0,1883,6840.0,17514,2025-05-09 19:54:23.310,,2147483647,2053895,False,nan
14348,2251914,1613520829,MERV - XMEV - GGAL - 24hs,6780.0,2025-05-09 19:54:27,143,2025-05-09 19:54:27.559,6780.0,36989,6770.0,2150,6760.0,8643,6750.0,5206,6740.0,4986,6790.0,6738,6810.0,3495,6820.0,6881,6830.0,1883,6840.0,17514,2025-05-09 19:54:27.389,,2147483647,2053895,True,bid
14349,2251936,1613520863,MERV - XMEV - GGAL - 24hs,6780.0,2025-05-09 19:54:27,143,2025-05-09 19:54:28.111,6780.0,36846,6770.0,2150,6760.0,8643,6750.0,5206,6740.0,4986,6790.0,6738,6810.0,3495,6820.0,6881,6830.0,1883,6840.0,17514,2025-05-09 19:54:28.027,,2147483647,2053895,False,nan
14350,2251981,1613520912,MERV - XMEV - GGAL - 24hs,6780.0,2025-05-09 19:54:27,143,2025-05-09 19:54:28.611,6780.0,36846,6770.0,2150,6760.0,8643,6750.0,5206,6740.0,4986,6790.0,6738,6810.0,3495,6820.0,6881,6830.0,1883,6840.0,17514,2025-05-09 19:54:28.527,,2147483647,2054038,False,nan
14351,2252073,1613521015,MERV - XMEV - GGAL - 24hs,6790.0,2025-05-09 19:54:30,74,2025-05-09 19:54:30.300,6780.0,36846,6770.0,2150,6760.0,8643,6750.0,5206,6740.0,4986,6790.0,6738,6810.0,3495,6820.0,6881,6830.0,1883,6840.0,17514,2025-05-09 19:54:30.212,,2147483647,2054038,True,offer
14352,2252126,1613521070,MERV - XMEV - GGAL - 24hs,6790.0,2025-05-09 19:54:30,220,2025-05-09 19:54:30.803,6780.0,36846,6770.0,2150,6760.0,8643,6750.0,5206,6740.0,4986,6790.0,6738,6810.0,3495,6820.0,6881,6830.0,1883,6840.0,17514,2025-05-09 19:54:30.714,,2147483647,2054112,False,nan
14353,2252208,1613521153,MERV - XMEV - GGAL - 24hs,6790.0,2025-05-09 19:54:30,220,2025-05-09 19:54:31.298,6780.0,36846,6770.0,2150,6760.0,8643,6750.0,5206,6740.0,4986,6790.0,6444,6810.0,3495,6820.0,6881,6830.0,1883,6840.0,17514,2025-05-09 19:54:31.212,,2147483647,2054332,False,nan
14354,2252276,1613521230,MERV - XMEV - GGAL - 24hs,6790.0,2025-05-09 19:54:30,220,2025-05-09 19:54:32.355,6780.0,36846,6770.0,2150,6760.0,8643,6750.0,10206,6740.0,4986,6790.0,6444,6810.0,3495,6820.0,6881,6830.0,1883,6840.0,17514,2025-05-09 19:54:32.267,,2147483647,2054332,False,nan
14355,2252377,1613521335,MERV - XMEV - GGAL - 24hs,6790.0,2025-05-09 19:54:30,220,2025-05-09 19:54:33.651,6780.0,36846,6770.0,2150,6760.0,8643,6750.0,10206,6740.0,4986,6790.0,6444,6810.0,3495,6820.0,6881,6830.0,4098,6840.0,17514,2025-05-09 19:54:33.563,,2147483647,2054332,False,nan
14356,2252494,1613521466,MERV - XMEV - GGAL - 24hs,6780.0,2025-05-09 19:54:35,1036,2025-05-09 19:54:35.864,6780.0,36846,6770.0,2150,6760.0,8643,6750.0,10206,6740.0,4986,6790.0,6444,6810.0,3495,6820.0,6881,6830.0,4098,6840.0,17514,2025-05-09 19:54:35.778,,2147483647,2054332,True,bid
14357,2252527,1613521501,MERV - XMEV - GGAL - 24hs,6780.0,2025-05-09 19:54:35,1036,2025-05-09 19:54:36.414,6780.0,35810,6770.0,2150,6760.0,8643,6750.0,10206,6740.0,4986,6790.0,6444,6810.0,3495,6820.0,6881,6830.0,4098,6840.0,17514,2025-05-09 19:54:36.326,,2147483647,2054332,False,nan
14358,2252559,1613521535,MERV - XMEV - GGAL - 24hs,6780.0,2025-05-09 19:54:35,1036,2025-05-09 19:54:36.912,6780.0,35810,6770.0,2150,6760.0,8643,6750.0,10206,6740.0,4986,6790.0,6444,6810.0,3495,6820.0,6881,6830.0,4098,6840.0,17514,2025-05-09 19:54:36.827,,2147483647,2055368,False,nan
14359,2253262,1613522326,MERV - XMEV - GGAL - 24hs,6790.0,2025-05-09 19:54:45,6,2025-05-09 19:54:45.313,6780.0,35810,6770.0,2150,6760.0,8643,6750.0,10206,6740.0,4986,6790.0,6444,6810.0,3495,6820.0,6881,6830.0,4098,6840.0,17514,2025-05-09 19:54:45.220,,2147483647,2055368,True,offer
14360,2253300,1613522367,MERV - XMEV - GGAL - 24hs,6790.0,2025-05-09 19:54:45,6,2025-05-09 19:54:45.805,6780.0,35810,6770.0,2150,6760.0,8643,6750.0,10206,6740.0,4986,6790.0,6438,6810.0,3495,6820.0,6881,6830.0,4098,6840.0,17514,2025-05-09 19:54:45.719,,2147483647,2055368,False,nan
14361,2253332,1613522430,MERV - XMEV - GGAL - 24hs,6790.0,2025-05-09 19:54:45,6,2025-05-09 19:54:46.305,6780.0,35810,6770.0,2150,6760.0,8643,6750.0,10206,6740.0,4986,6790.0,6438,6810.0,3495,6820.0,6881,6830.0,4098,6840.0,17514,2025-05-09 19:54:46.219,,2147483647,2055374,False,nan
14362,2253766,1613522976,MERV - XMEV - GGAL - 24hs,6790.0,2025-05-09 19:54:45,6,2025-05-09 19:54:52.274,6780.0,20810,6770.0,16150,6760.0,4643,6750.0,15206,6740.0,4986,6790.0,6438,6810.0,3495,6820.0,6881,6830.0,4098,6840.0,17514,2025-05-09 19:54:52.186,,2147483647,2055374,False,nan
14363,2253822,1613523070,MERV - XMEV - GGAL - 24hs,6790.0,2025-05-09 19:54:52,200,2025-05-09 19:54:53.207,6780.0,20810,6770.0,16150,6760.0,4643,6750.0,15206,6740.0,4986,6790.0,6438,6810.0,3495,6820.0,6881,6830.0,4098,6840.0,17514,2025-05-09 19:54:52.917,,2147483647,2055374,True,offer
14364,2253856,1613523126,MERV - XMEV - GGAL - 24hs,6790.0,2025-05-09 19:54:52,200,2025-05-09 19:54:53.447,6780.0,20810,6770.0,16150,6760.0,4643,6750.0,15206,6740.0,4986,6790.0,6238,6810.0,3495,6820.0,6881,6830.0,4098,6840.0,22514,2025-05-09 19:54:53.360,,2147483647,2055374,False,nan
14365,2253892,1613523165,MERV - XMEV - GGAL - 24hs,6790.0,2025-05-09 19:54:52,200,2025-05-09 19:54:53.945,6780.0,20810,6770.0,16150,6760.0,4643,6750.0,15206,6740.0,4986,6790.0,6238,6810.0,3495,6820.0,6881,6830.0,4098,6840.0,22514,2025-05-09 19:54:53.859,,2147483647,2055574,False,nan
14366,2254192,1613523503,MERV - XMEV - GGAL - 24hs,6790.0,2025-05-09 19:54:52,200,2025-05-09 19:54:58.041,6780.0,21310,6770.0,16150,6760.0,4643,6750.0,15206,6740.0,4986,6790.0,6238,6810.0,3495,6820.0,6881,6830.0,4098,6840.0,22514,2025-05-09 19:54:57.951,,2147483647,2055574,False,nan
14367,2254226,1613523542,MERV - XMEV - GGAL - 24hs,6790.0,2025-05-09 19:54:52,200,2025-05-09 19:54:58.795,6780.0,21410,6770.0,16150,6760.0,4643,6750.0,15206,6740.0,4986,6790.0,6238,6810.0,3495,6820.0,6881,6830.0,4098,6840.0,17514,2025-05-09 19:54:58.710,,2147483647,2055574,False,nan
14368,2254310,1613523651,MERV - XMEV - GGAL - 24hs,6790.0,2025-05-09 19:54:59,1080,2025-05-09 19:55:00.062,6780.0,21410,6770.0,16150,6760.0,4643,6750.0,15206,6740.0,4986,6790.0,6238,6810.0,3495,6820.0,6881,6830.0,4098,6840.0,17514,2025-05-09 19:54:59.956,,2147483647,2055574,True,offer
14369,2254360,1613523795,MERV - XMEV - GGAL - 24hs,6790.0,2025-05-09 19:54:59,1080,2025-05-09 19:55:00.723,6780.0,21410,6770.0,16150,6760.0,4643,6750.0,15206,6740.0,4986,6790.0,5158,6810.0,3495,6820.0,6881,6830.0,4098,6840.0,17514,2025-05-09 19:55:00.621,,2147483647,2055574,False,nan
14370,2254502,1613523957,MERV - XMEV - GGAL - 24hs,6780.0,2025-05-09 19:55:00,38,2025-05-09 19:55:01.366,6780.0,21410,6770.0,16150,6760.0,4643,6750.0,15206,6740.0,4986,6790.0,5158,6810.0,3495,6820.0,6881,6830.0,4098,6840.0,17514,2025-05-09 19:55:01.130,,2147483647,2056896,True,bid
14371,2254598,1613524064,MERV - XMEV - GGAL - 24hs,6780.0,2025-05-09 19:55:00,38,2025-05-09 19:55:01.718,6780.0,21130,6770.0,17150,6760.0,3643,6750.0,15118,6740.0,4986,6790.0,5120,6810.0,3495,6820.0,6881,6830.0,4098,6840.0,17514,2025-05-09 19:55:01.629,,2147483647,2056934,False,nan
14372,2254701,1613524175,MERV - XMEV - GGAL - 24hs,6780.0,2025-05-09 19:55:00,38,2025-05-09 19:55:02.216,6780.0,21130,6770.0,1150,6760.0,19643,6750.0,10118,6740.0,9986,6790.0,5120,6810.0,3495,6820.0,6881,6830.0,4098,6840.0,22514,2025-05-09 19:55:02.130,,2147483647,2056934,False,nan
14373,2254832,1613524315,MERV - XMEV - GGAL - 24hs,6780.0,2025-05-09 19:55:00,38,2025-05-09 19:55:03.136,6780.0,21130,6770.0,1150,6760.0,19663,6750.0,10118,6740.0,8986,6790.0,5120,6810.0,3495,6820.0,6881,6830.0,4098,6840.0,22514,2025-05-09 19:55:03.047,,2147483647,2056934,False,nan
14374,2255313,1613524820,MERV - XMEV - GGAL - 24hs,6780.0,2025-05-09 19:55:00,38,2025-05-09 19:55:07.440,6780.0,21130,6770.0,1150,6760.0,19663,6750.0,10118,6740.0,8986,6790.0,5120,6810.0,3495,6820.0,6881,6830.0,9098,6840.0,22514,2025-05-09 19:55:07.354,,2147483647,2056934,False,nan
14375,2255499,1613525025,MERV - XMEV - GGAL - 24hs,6780.0,2025-05-09 19:55:09,55,2025-05-09 19:55:09.762,6780.0,21130,6770.0,1150,6760.0,19663,6750.0,10118,6740.0,8986,6790.0,5120,6810.0,3495,6820.0,6881,6830.0,9098,6840.0,22514,2025-05-09 19:55:09.677,,2147483647,2056934,True,bid
14376,2255540,1613525069,MERV - XMEV - GGAL - 24hs,6780.0,2025-05-09 19:55:09,55,2025-05-09 19:55:10.357,6780.0,21075,6770.0,1150,6760.0,19663,6750.0,10118,6740.0,8986,6790.0,5120,6810.0,3495,6820.0,6881,6830.0,9098,6840.0,22514,2025-05-09 19:55:10.269,,2147483647,2056934,False,nan
14377,2255592,1613525121,MERV - XMEV - GGAL - 24hs,6780.0,2025-05-09 19:55:09,55,2025-05-09 19:55:10.855,6780.0,21075,6770.0,1150,6760.0,19663,6750.0,10118,6740.0,8986,6790.0,5120,6810.0,3495,6820.0,6881,6830.0,9098,6840.0,22514,2025-05-09 19:55:10.769,,2147483647,2056989,False,nan
14378,2255680,1613525213,MERV - XMEV - GGAL - 24hs,6780.0,2025-05-09 19:55:09,55,2025-05-09 19:55:12.139,6780.0,21075,6770.0,1150,6760.0,19663,6750.0,10118,6740.0,8986,6790.0,5120,6810.0,3495,6820.0,6881,6830.0,9098,6840.0,17514,2025-05-09 19:55:12.036,,2147483647,2056989,False,nan
14379,2255735,1613525270,MERV - XMEV - GGAL - 24hs,6790.0,2025-05-09 19:55:12,1770,2025-05-09 19:55:12.695,6780.0,21075,6770.0,1150,6760.0,19663,6750.0,10118,6740.0,8986,6790.0,5120,6810.0,3495,6820.0,6881,6830.0,9098,6840.0,17514,2025-05-09 19:55:12.609,,2147483647,2056989,True,offer
14380,2255795,1613525334,MERV - XMEV - GGAL - 24hs,6790.0,2025-05-09 19:55:12,205,2025-05-09 19:55:13.195,6780.0,21075,6770.0,1150,6760.0,19663,6750.0,10118,6740.0,8986,6790.0,6495,6810.0,3495,6820.0,6881,6830.0,9098,6840.0,17514,2025-05-09 19:55:13.110,,2147483647,2056989,False,nan
14381,2255847,1613525394,MERV - XMEV - GGAL - 24hs,6790.0,2025-05-09 19:55:12,205,2025-05-09 19:55:13.693,6780.0,21075,6770.0,1150,6760.0,19663,6750.0,10118,6740.0,8986,6790.0,6495,6810.0,3495,6820.0,6881,6830.0,9098,6840.0,17514,2025-05-09 19:55:13.609,,2147483647,2058964,False,nan
14382,2256089,1613525657,MERV - XMEV - GGAL - 24hs,6790.0,2025-05-09 19:55:12,205,2025-05-09 19:55:16.349,6780.0,21090,6770.0,1150,6760.0,19663,6750.0,10118,6740.0,8986,6790.0,6495,6810.0,3495,6820.0,6881,6830.0,9098,6840.0,17514,2025-05-09 19:55:16.264,,2147483647,2058964,False,nan
14383,2256599,1613526241,MERV - XMEV - GGAL - 24hs,6790.0,2025-05-09 19:55:22,30,2025-05-09 19:55:22.839,6780.0,21090,6770.0,1150,6760.0,19663,6750.0,10118,6740.0,8986,6790.0,6495,6810.0,3495,6820.0,6881,6830.0,9098,6840.0,17514,2025-05-09 19:55:22.754,,2147483647,2058964,True,offer
14384,2256659,1613526302,MERV - XMEV - GGAL - 24hs,6790.0,2025-05-09 19:55:22,30,2025-05-09 19:55:23.506,6780.0,21090,6770.0,1150,6760.0,19663,6750.0,10118,6740.0,8986,6790.0,6465,6810.0,3495,6820.0,6881,6830.0,9098,6840.0,17514,2025-05-09 19:55:23.420,,2147483647,2058964,False,nan
14385,2256690,1613526340,MERV - XMEV - GGAL - 24hs,6790.0,2025-05-09 19:55:22,30,2025-05-09 19:55:24.006,6780.0,21090,6770.0,1150,6760.0,19663,6750.0,10118,6740.0,8986,6790.0,6465,6810.0,3495,6820.0,6881,6830.0,9098,6840.0,17514,2025-05-09 19:55:23.920,,2147483647,2058994,False,nan
14386,2256962,1613526641,MERV - XMEV - GGAL - 24hs,6790.0,2025-05-09 19:55:22,30,2025-05-09 19:55:27.300,6780.0,21090,6770.0,1150,6760.0,19663,6750.0,10118,6740.0,8986,6790.0,6565,6810.0,3495,6820.0,6881,6830.0,9098,6840.0,17514,2025-05-09 19:55:27.215,,2147483647,2058994,False,nan
14387,2257051,1613526736,MERV - XMEV - GGAL - 24hs,6790.0,2025-05-09 19:55:22,30,2025-05-09 19:55:28.697,6780.0,21090,6770.0,1150,6760.0,19663,6750.0,10118,6740.0,8986,6790.0,6610,6810.0,3495,6820.0,6881,6830.0,9098,6840.0,17514,2025-05-09 19:55:28.612,,2147483647,2058994,False,nan
14388,2257203,1613526894,MERV - XMEV - GGAL - 24hs,6790.0,2025-05-09 19:55:22,30,2025-05-09 19:55:30.580,6780.0,21090,6770.0,1150,6760.0,19663,6750.0,10118,6740.0,8986,6790.0,3495,6810.0,6610,6820.0,6881,6830.0,9098,6840.0,17514,2025-05-09 19:55:30.494,,2147483647,2058994,False,nan
14389,2257303,1613527008,MERV - XMEV - GGAL - 24hs,6780.0,2025-05-09 19:55:31,14,2025-05-09 19:55:31.995,6780.0,21090,6770.0,1150,6760.0,19663,6750.0,10118,6740.0,8986,6790.0,3495,6810.0,6610,6820.0,6881,6830.0,9098,6840.0,17514,2025-05-09 19:55:31.909,,2147483647,2058994,True,bid
14390,2257356,1613527062,MERV - XMEV - GGAL - 24hs,6780.0,2025-05-09 19:55:31,14,2025-05-09 19:55:32.660,6780.0,21076,6770.0,1150,6760.0,19663,6750.0,10118,6740.0,8986,6790.0,3495,6810.0,6610,6820.0,6881,6830.0,9098,6840.0,17514,2025-05-09 19:55:32.575,,2147483647,2058994,False,nan
14391,2257549,1613527269,MERV - XMEV - GGAL - 24hs,6780.0,2025-05-09 19:55:31,14,2025-05-09 19:55:33.455,6780.0,21076,6770.0,1150,6760.0,19663,6750.0,10118,6740.0,8986,6790.0,3495,6810.0,6610,6820.0,6881,6830.0,9098,6840.0,17514,2025-05-09 19:55:33.077,,2147483647,2059008,False,nan
14392,2257630,1613527354,MERV - XMEV - GGAL - 24hs,6780.0,2025-05-09 19:55:31,14,2025-05-09 19:55:33.727,6780.0,21176,6770.0,16150,6760.0,4663,6750.0,10118,6740.0,8986,6790.0,3495,6810.0,6610,6820.0,6881,6830.0,9098,6840.0,17514,2025-05-09 19:55:33.577,,2147483647,2059008,False,nan
14393,2257748,1613527504,MERV - XMEV - GGAL - 24hs,6790.0,2025-05-09 19:55:35,1,2025-05-09 19:55:35.460,6780.0,21176,6770.0,16150,6760.0,4663,6750.0,10118,6740.0,8986,6790.0,3495,6810.0,6610,6820.0,6881,6830.0,9098,6840.0,17514,2025-05-09 19:55:35.376,,2147483647,2059008,True,offer
14394,2257797,1613527557,MERV - XMEV - GGAL - 24hs,6790.0,2025-05-09 19:55:35,1,2025-05-09 19:55:36.139,6780.0,21176,6770.0,16150,6760.0,4663,6750.0,10118,6740.0,8986,6790.0,3494,6810.0,6610,6820.0,6881,6830.0,9098,6840.0,17514,2025-05-09 19:55:36.048,,2147483647,2059008,False,nan
14395,2257823,1613527585,MERV - XMEV - GGAL - 24hs,6790.0,2025-05-09 19:55:35,1,2025-05-09 19:55:36.631,6780.0,21176,6770.0,16150,6760.0,4663,6750.0,10118,6740.0,8986,6790.0,3494,6810.0,6610,6820.0,6881,6830.0,9098,6840.0,17514,2025-05-09 19:55:36.547,,2147483647,2059009,False,nan
14396,2257932,1613527712,MERV - XMEV - GGAL - 24hs,6790.0,2025-05-09 19:55:38,2,2025-05-09 19:55:38.181,6780.0,21176,6770.0,16150,6760.0,4663,6750.0,10118,6740.0,8986,6790.0,3494,6810.0,6610,6820.0,6881,6830.0,9098,6840.0,17514,2025-05-09 19:55:38.094,,2147483647,2059009,True,offer
14397,2257961,1613527741,MERV - XMEV - GGAL - 24hs,6790.0,2025-05-09 19:55:38,2,2025-05-09 19:55:38.886,6780.0,21176,6770.0,16150,6760.0,4663,6750.0,10118,6740.0,8986,6790.0,3492,6810.0,6610,6820.0,6881,6830.0,9098,6840.0,17514,2025-05-09 19:55:38.758,,2147483647,2059009,False,nan
14398,2258045,1613527831,MERV - XMEV - GGAL - 24hs,6790.0,2025-05-09 19:55:38,2,2025-05-09 19:55:39.378,6780.0,21176,6770.0,16150,6760.0,4663,6750.0,10118,6740.0,8986,6790.0,3492,6810.0,6610,6820.0,6881,6830.0,9098,6840.0,17514,2025-05-09 19:55:39.258,,2147483647,2059011,False,nan
14399,2258419,1613528239,MERV - XMEV - GGAL - 24hs,6790.0,2025-05-09 19:55:38,2,2025-05-09 19:55:42.766,6780.0,21176,6770.0,16150,6760.0,4663,6750.0,10118,6740.0,8986,6790.0,145,6810.0,9957,6820.0,6881,6830.0,9098,6840.0,17514,2025-05-09 19:55:42.682,,2147483647,2059011,False,nan
14400,2258594,1613528459,MERV - XMEV - GGAL - 24hs,6790.0,2025-05-09 19:55:38,2,2025-05-09 19:55:44.384,6780.0,21176,6770.0,16371,6760.0,4663,6750.0,10118,6740.0,8986,6790.0,145,6810.0,9957,6820.0,6881,6830.0,9098,6840.0,17514,2025-05-09 19:55:44.268,,2147483647,2059011,False,nan
14401,2258866,1613528742,MERV - XMEV - GGAL - 24hs,6780.0,2025-05-09 19:55:49,45,2025-05-09 19:55:49.649,6780.0,21176,6770.0,16371,6760.0,4663,6750.0,10118,6740.0,8986,6790.0,145,6810.0,9957,6820.0,6881,6830.0,9098,6840.0,17514,2025-05-09 19:55:49.563,,2147483647,2059011,True,bid
14402,2258906,1613528785,MERV - XMEV - GGAL - 24hs,6780.0,2025-05-09 19:55:49,45,2025-05-09 19:55:50.159,6780.0,21131,6770.0,16371,6760.0,4663,6750.0,15118,6740.0,3986,6790.0,100,6800.0,45,6810.0,9957,6820.0,6881,6830.0,9098,2025-05-09 19:55:50.066,,2147483647,2059011,False,nan
14403,2258976,1613528860,MERV - XMEV - GGAL - 24hs,6780.0,2025-05-09 19:55:49,45,2025-05-09 19:55:50.647,6780.0,21131,6770.0,16371,6760.0,4663,6750.0,15118,6740.0,3986,6790.0,100,6800.0,45,6810.0,9957,6820.0,6881,6830.0,9098,2025-05-09 19:55:50.563,,2147483647,2059056,False,nan
14404,2259063,1613528951,MERV - XMEV - GGAL - 24hs,6790.0,2025-05-09 19:55:51,29,2025-05-09 19:55:51.832,6780.0,21131,6770.0,16371,6760.0,4663,6750.0,15118,6740.0,3986,6790.0,100,6800.0,45,6810.0,9957,6820.0,6881,6830.0,9098,2025-05-09 19:55:51.747,,2147483647,2059056,True,offer
14405,2259117,1613529008,MERV - XMEV - GGAL - 24hs,6790.0,2025-05-09 19:55:51,29,2025-05-09 19:55:52.406,6780.0,21131,6770.0,16371,6760.0,4663,6750.0,15118,6740.0,3986,6790.0,71,6800.0,45,6810.0,9957,6820.0,6881,6830.0,9098,2025-05-09 19:55:52.304,,2147483647,2059056,False,nan
14406,2259139,1613529031,MERV - XMEV - GGAL - 24hs,6790.0,2025-05-09 19:55:51,29,2025-05-09 19:55:52.888,6780.0,21131,6770.0,16371,6760.0,4663,6750.0,15118,6740.0,3986,6790.0,71,6800.0,45,6810.0,9957,6820.0,6881,6830.0,9098,2025-05-09 19:55:52.803,,2147483647,2059085,False,nan
14407,2259178,1613529074,MERV - XMEV - GGAL - 24hs,6790.0,2025-05-09 19:55:51,29,2025-05-09 19:55:53.392,6780.0,21131,6770.0,16371,6760.0,4663,6750.0,15118,6740.0,3986,6790.0,71,6800.0,45,6810.0,9957,6820.0,6881,6830.0,11098,2025-05-09 19:55:53.304,,2147483647,2059085,False,nan
14408,2259316,1613529236,MERV - XMEV - GGAL - 24hs,6790.0,2025-05-09 19:55:51,29,2025-05-09 19:55:55.909,6780.0,21031,6770.0,16371,6760.0,4663,6750.0,15118,6740.0,3986,6790.0,71,6800.0,45,6810.0,9957,6820.0,6881,6830.0,11098,2025-05-09 19:55:55.823,,2147483647,2059085,False,nan
14409,2259357,1613529286,MERV - XMEV - GGAL - 24hs,6790.0,2025-05-09 19:55:51,29,2025-05-09 19:55:56.671,6780.0,21031,6770.0,16371,6760.0,4663,6750.0,15118,6740.0,3986,6790.0,71,6800.0,3676,6810.0,9957,6820.0,3250,6830.0,11098,2025-05-09 19:55:56.582,,2147483647,2059085,False,nan
14410,2259823,1613529793,MERV - XMEV - GGAL - 24hs,6790.0,2025-05-09 19:55:51,29,2025-05-09 19:56:01.419,6780.0,21031,6770.0,16371,6760.0,4663,6750.0,15118,6740.0,3986,6790.0,71,6800.0,5676,6810.0,9957,6820.0,1250,6830.0,11098,2025-05-09 19:56:01.327,,2147483647,2059085,False,nan
14411,2260103,1613530089,MERV - XMEV - GGAL - 24hs,6790.0,2025-05-09 19:55:51,29,2025-05-09 19:56:02.634,6780.0,21031,6770.0,16371,6760.0,4663,6750.0,15118,6740.0,3986,6790.0,71,6800.0,5776,6810.0,9957,6820.0,1250,6830.0,11098,2025-05-09 19:56:02.071,,2147483647,2059085,False,nan
14412,2260427,1613530439,MERV - XMEV - GGAL - 24hs,6780.0,2025-05-09 19:56:03,20316,2025-05-09 19:56:03.832,6780.0,21031,6770.0,16371,6760.0,4663,6750.0,15118,6740.0,3986,6790.0,71,6800.0,5776,6810.0,9957,6820.0,1250,6830.0,11098,2025-05-09 19:56:03.689,,2147483647,2059085,True,bid
14413,2260481,1613530500,MERV - XMEV - GGAL - 24hs,6780.0,2025-05-09 19:56:03,100,2025-05-09 19:56:04.295,6780.0,21031,6770.0,16371,6760.0,4663,6750.0,15118,6740.0,3986,6790.0,71,6800.0,5776,6810.0,9957,6820.0,1250,6830.0,11098,2025-05-09 19:56:04.189,,2147483647,2059085,False,nan
14414,2260520,1613530545,MERV - XMEV - GGAL - 24hs,6780.0,2025-05-09 19:56:03,100,2025-05-09 19:56:04.773,6770.0,16371,6760.0,4663,6750.0,15118,6740.0,3986,6730.0,14320,6780.0,3347,6790.0,71,6800.0,5776,6810.0,6610,6820.0,1250,2025-05-09 19:56:04.689,,2147483647,2080116,False,nan
14415,2260574,1613530600,MERV - XMEV - GGAL - 24hs,6780.0,2025-05-09 19:56:03,100,2025-05-09 19:56:05.475,6770.0,1371,6760.0,4663,6750.0,15118,6740.0,3986,6730.0,14320,6780.0,3347,6790.0,71,6800.0,5776,6810.0,6610,6820.0,1250,2025-05-09 19:56:05.368,,2147483647,2080116,False,nan
14416,2260712,1613530753,MERV - XMEV - GGAL - 24hs,6780.0,2025-05-09 19:56:03,100,2025-05-09 19:56:06.944,6770.0,1371,6760.0,4663,6750.0,10118,6740.0,8986,6730.0,14320,6780.0,3347,6790.0,71,6800.0,5776,6810.0,6610,6820.0,1250,2025-05-09 19:56:06.859,,2147483647,2080116,False,nan
14417,2260785,1613530827,MERV - XMEV - GGAL - 24hs,6780.0,2025-05-09 19:56:03,100,2025-05-09 19:56:08.444,6770.0,1371,6760.0,4663,6750.0,10118,6740.0,8986,6730.0,14320,6780.0,6462,6790.0,71,6800.0,5776,6810.0,3495,6820.0,1250,2025-05-09 19:56:08.351,,2147483647,2080116,False,nan
14418,2261221,1613531288,MERV - XMEV - GGAL - 24hs,6780.0,2025-05-09 19:56:03,100,2025-05-09 19:56:11.715,6770.0,2371,6760.0,3663,6750.0,13118,6740.0,8986,6730.0,12320,6780.0,6462,6790.0,71,6800.0,5776,6810.0,3495,6820.0,1250,2025-05-09 19:56:11.619,,2147483647,2080116,False,nan
14419,2261271,1613531342,MERV - XMEV - GGAL - 24hs,6780.0,2025-05-09 19:56:12,100,2025-05-09 19:56:12.631,6770.0,2371,6760.0,3663,6750.0,13118,6740.0,8986,6730.0,12320,6780.0,6462,6790.0,71,6800.0,5776,6810.0,3495,6820.0,1250,2025-05-09 19:56:12.547,,2147483647,2080116,True,offer
14420,2261293,1613531365,MERV - XMEV - GGAL - 24hs,6780.0,2025-05-09 19:56:12,100,2025-05-09 19:56:13.131,6770.0,2371,6760.0,3663,6750.0,13118,6740.0,8986,6730.0,12320,6780.0,6362,6790.0,71,6800.0,5776,6810.0,3495,6820.0,1250,2025-05-09 19:56:13.046,,2147483647,2080116,False,nan
14421,2261320,1613531393,MERV - XMEV - GGAL - 24hs,6780.0,2025-05-09 19:56:12,100,2025-05-09 19:56:13.635,6770.0,2371,6760.0,3663,6750.0,18118,6740.0,3986,6730.0,12320,6780.0,6362,6790.0,71,6800.0,5776,6810.0,3495,6820.0,1250,2025-05-09 19:56:13.547,,2147483647,2080216,False,nan
14422,2261775,1613531893,MERV - XMEV - GGAL - 24hs,6780.0,2025-05-09 19:56:19,1,2025-05-09 19:56:19.698,6770.0,2371,6760.0,3663,6750.0,18118,6740.0,3986,6730.0,12320,6780.0,6362,6790.0,71,6800.0,5776,6810.0,3495,6820.0,1250,2025-05-09 19:56:19.609,,2147483647,2080216,True,offer
14423,2261829,1613531952,MERV - XMEV - GGAL - 24hs,6780.0,2025-05-09 19:56:19,1,2025-05-09 19:56:20.339,6770.0,2371,6760.0,3663,6750.0,18118,6740.0,3986,6730.0,12320,6780.0,6361,6790.0,71,6800.0,5776,6810.0,3495,6820.0,1250,2025-05-09 19:56:20.253,,2147483647,2080216,False,nan
14424,2261864,1613531991,MERV - XMEV - GGAL - 24hs,6780.0,2025-05-09 19:56:20,1000,2025-05-09 19:56:20.846,6770.0,2371,6760.0,3663,6750.0,18118,6740.0,3986,6730.0,12320,6780.0,6361,6790.0,71,6800.0,5776,6810.0,3495,6820.0,1250,2025-05-09 19:56:20.758,,2147483647,2080217,True,offer
14425,2261893,1613532023,MERV - XMEV - GGAL - 24hs,6780.0,2025-05-09 19:56:20,1000,2025-05-09 19:56:21.336,6770.0,2371,6760.0,2663,6750.0,18118,6740.0,3986,6730.0,12320,6780.0,5361,6790.0,71,6800.0,5776,6810.0,3495,6820.0,1250,2025-05-09 19:56:21.252,,2147483647,2080217,False,nan
14426,2261916,1613532048,MERV - XMEV - GGAL - 24hs,6780.0,2025-05-09 19:56:20,1000,2025-05-09 19:56:21.837,6770.0,2371,6760.0,2663,6750.0,18118,6740.0,3986,6730.0,12320,6780.0,5361,6790.0,71,6800.0,5776,6810.0,3495,6820.0,1250,2025-05-09 19:56:21.752,,2147483647,2081217,False,nan
14427,2261935,1613532067,MERV - XMEV - GGAL - 24hs,6780.0,2025-05-09 19:56:21,4,2025-05-09 19:56:22.337,6770.0,2371,6760.0,2663,6750.0,18118,6740.0,3986,6730.0,12320,6780.0,5357,6790.0,71,6800.0,5776,6810.0,3495,6820.0,1250,2025-05-09 19:56:22.252,,2147483647,2081217,True,offer
14428,2261970,1613532106,MERV - XMEV - GGAL - 24hs,6780.0,2025-05-09 19:56:21,4,2025-05-09 19:56:22.845,6770.0,2371,6760.0,2663,6750.0,18118,6740.0,3986,6730.0,12320,6780.0,5357,6790.0,71,6800.0,5776,6810.0,3495,6820.0,1250,2025-05-09 19:56:22.761,,2147483647,2081221,False,nan
14429,2262097,1613532240,MERV - XMEV - GGAL - 24hs,6780.0,2025-05-09 19:56:23,13,2025-05-09 19:56:23.984,6770.0,2371,6760.0,2663,6750.0,18118,6740.0,3986,6730.0,12320,6780.0,5357,6790.0,71,6800.0,5776,6810.0,3495,6820.0,1250,2025-05-09 19:56:23.899,,2147483647,2081221,True,offer
14430,2262203,1613532351,MERV - XMEV - GGAL - 24hs,6780.0,2025-05-09 19:56:23,13,2025-05-09 19:56:24.483,6770.0,2371,6760.0,2663,6750.0,18118,6740.0,3986,6730.0,12320,6780.0,5344,6790.0,71,6800.0,5776,6810.0,3495,6820.0,1250,2025-05-09 19:56:24.398,,2147483647,2081221,False,nan
14431,2262280,1613532430,MERV - XMEV - GGAL - 24hs,6780.0,2025-05-09 19:56:23,13,2025-05-09 19:56:24.988,6770.0,2371,6760.0,2663,6750.0,15118,6740.0,7986,6730.0,12320,6780.0,5344,6790.0,71,6800.0,5776,6810.0,3495,6820.0,1250,2025-05-09 19:56:24.899,,2147483647,2081234,False,nan
14432,2262417,1613532578,MERV - XMEV - GGAL - 24hs,6780.0,2025-05-09 19:56:24,87,2025-05-09 19:56:25.514,6770.0,2371,6760.0,2663,6750.0,15118,6740.0,7986,6730.0,12320,6780.0,5344,6790.0,71,6800.0,5776,6810.0,3495,6820.0,1250,2025-05-09 19:56:25.399,,2147483647,2081234,True,offer
14433,2262487,1613532652,MERV - XMEV - GGAL - 24hs,6780.0,2025-05-09 19:56:24,87,2025-05-09 19:56:25.985,6770.0,2371,6760.0,2663,6750.0,15118,6740.0,7986,6730.0,12120,6780.0,5257,6790.0,71,6800.0,5776,6810.0,3495,6820.0,1250,2025-05-09 19:56:25.899,,2147483647,2081321,False,nan
14434,2262901,1613533096,MERV - XMEV - GGAL - 24hs,6780.0,2025-05-09 19:56:28,17,2025-05-09 19:56:28.790,6770.0,2371,6760.0,2663,6750.0,15118,6740.0,7986,6730.0,12120,6780.0,5257,6790.0,71,6800.0,5776,6810.0,3495,6820.0,1250,2025-05-09 19:56:28.536,,2147483647,2081321,True,offer
14435,2263003,1613533201,MERV - XMEV - GGAL - 24hs,6780.0,2025-05-09 19:56:28,17,2025-05-09 19:56:29.123,6770.0,2371,6760.0,2663,6750.0,15118,6740.0,7986,6730.0,12120,6780.0,5240,6790.0,71,6800.0,5776,6810.0,3495,6820.0,1250,2025-05-09 19:56:29.030,,2147483647,2081321,False,nan
14436,2263092,1613533294,MERV - XMEV - GGAL - 24hs,6780.0,2025-05-09 19:56:28,17,2025-05-09 19:56:29.620,6770.0,2371,6760.0,2663,6750.0,15118,6740.0,7986,6730.0,12120,6780.0,5240,6790.0,71,6800.0,5776,6810.0,3495,6820.0,1250,2025-05-09 19:56:29.531,,2147483647,2081338,False,nan
14437,2263377,1613533601,MERV - XMEV - GGAL - 24hs,6780.0,2025-05-09 19:56:30,44,2025-05-09 19:56:30.945,6770.0,2371,6760.0,2663,6750.0,15118,6740.0,7986,6730.0,12120,6780.0,5240,6790.0,71,6800.0,5776,6810.0,3495,6820.0,1250,2025-05-09 19:56:30.856,,2147483647,2081338,True,offer
14438,2263465,1613533700,MERV - XMEV - GGAL - 24hs,6780.0,2025-05-09 19:56:30,44,2025-05-09 19:56:31.441,6770.0,2371,6760.0,2663,6750.0,15118,6740.0,7986,6730.0,12120,6780.0,5196,6790.0,71,6800.0,5776,6810.0,3495,6820.0,1250,2025-05-09 19:56:31.356,,2147483647,2081338,False,nan
14439,2263540,1613533782,MERV - XMEV - GGAL - 24hs,6780.0,2025-05-09 19:56:30,44,2025-05-09 19:56:31.942,6770.0,2371,6760.0,2663,6750.0,15118,6740.0,7986,6730.0,12120,6780.0,5196,6790.0,71,6800.0,5776,6810.0,3495,6820.0,1250,2025-05-09 19:56:31.856,,2147483647,2081382,False,nan
14440,2264085,1613534369,MERV - XMEV - GGAL - 24hs,6780.0,2025-05-09 19:56:35,100,2025-05-09 19:56:35.802,6770.0,2371,6760.0,2663,6750.0,15118,6740.0,7986,6730.0,12120,6780.0,5196,6790.0,71,6800.0,5776,6810.0,3495,6820.0,1250,2025-05-09 19:56:35.717,,2147483647,2081382,True,offer
14441,2264112,1613534397,MERV - XMEV - GGAL - 24hs,6780.0,2025-05-09 19:56:35,100,2025-05-09 19:56:36.303,6770.0,2671,6760.0,2663,6750.0,15118,6740.0,7986,6730.0,12120,6780.0,5096,6790.0,71,6800.0,5776,6810.0,3495,6820.0,1250,2025-05-09 19:56:36.216,,2147483647,2081382,False,nan
14442,2264130,1613534415,MERV - XMEV - GGAL - 24hs,6780.0,2025-05-09 19:56:35,100,2025-05-09 19:56:36.802,6770.0,2671,6760.0,2663,6750.0,15118,6740.0,7986,6730.0,12120,6780.0,5096,6790.0,71,6800.0,5776,6810.0,3495,6820.0,1250,2025-05-09 19:56:36.716,,2147483647,2081482,False,nan
14443,2264155,1613534442,MERV - XMEV - GGAL - 24hs,6780.0,2025-05-09 19:56:37,1,2025-05-09 19:56:37.303,6770.0,2671,6760.0,2663,6750.0,15118,6740.0,7986,6730.0,12120,6780.0,5096,6790.0,71,6800.0,5776,6810.0,3495,6820.0,1250,2025-05-09 19:56:37.217,,2147483647,2081482,True,offer
14444,2264184,1613534474,MERV - XMEV - GGAL - 24hs,6780.0,2025-05-09 19:56:37,1,2025-05-09 19:56:37.955,6770.0,2671,6760.0,2913,6750.0,15118,6740.0,7986,6730.0,12120,6780.0,5095,6790.0,71,6800.0,5776,6810.0,3495,6820.0,1250,2025-05-09 19:56:37.871,,2147483647,2081482,False,nan
14445,2264207,1613534497,MERV - XMEV - GGAL - 24hs,6780.0,2025-05-09 19:56:37,1,2025-05-09 19:56:38.456,6770.0,2671,6760.0,2913,6750.0,15118,6740.0,7986,6730.0,12120,6780.0,5095,6790.0,71,6800.0,5776,6810.0,3495,6820.0,1250,2025-05-09 19:56:38.371,,2147483647,2081483,False,nan
14446,2264304,1613534608,MERV - XMEV - GGAL - 24hs,6780.0,2025-05-09 19:56:40,72,2025-05-09 19:56:40.824,6770.0,2671,6760.0,2913,6750.0,15118,6740.0,7986,6730.0,12120,6780.0,5095,6790.0,71,6800.0,5776,6810.0,3495,6820.0,1250,2025-05-09 19:56:40.737,,2147483647,2081483,True,offer
14447,2264344,1613534672,MERV - XMEV - GGAL - 24hs,6780.0,2025-05-09 19:56:40,72,2025-05-09 19:56:41.490,6770.0,2671,6760.0,2913,6750.0,15118,6740.0,7986,6730.0,12120,6780.0,5023,6790.0,71,6800.0,5776,6810.0,3495,6820.0,1250,2025-05-09 19:56:41.403,,2147483647,2081483,False,nan
14448,2264378,1613534715,MERV - XMEV - GGAL - 24hs,6780.0,2025-05-09 19:56:40,72,2025-05-09 19:56:41.988,6770.0,2671,6760.0,2913,6750.0,15118,6740.0,7986,6730.0,12120,6780.0,5023,6790.0,71,6800.0,5776,6810.0,3495,6820.0,1250,2025-05-09 19:56:41.903,,2147483647,2081555,False,nan
14449,2264622,1613534992,MERV - XMEV - GGAL - 24hs,6780.0,2025-05-09 19:56:45,3,2025-05-09 19:56:45.879,6770.0,2671,6760.0,2913,6750.0,15118,6740.0,7986,6730.0,12120,6780.0,5023,6790.0,71,6800.0,5776,6810.0,3495,6820.0,1250,2025-05-09 19:56:45.794,,2147483647,2081555,True,offer
14450,2264654,1613535031,MERV - XMEV - GGAL - 24hs,6780.0,2025-05-09 19:56:45,3,2025-05-09 19:56:46.543,6770.0,2671,6760.0,2963,6750.0,15118,6740.0,7986,6730.0,12120,6780.0,5020,6790.0,71,6800.0,5776,6810.0,3495,6820.0,1250,2025-05-09 19:56:46.456,,2147483647,2081555,False,nan
14451,2264688,1613535072,MERV - XMEV - GGAL - 24hs,6780.0,2025-05-09 19:56:45,3,2025-05-09 19:56:47.044,6770.0,2671,6760.0,2963,6750.0,15118,6740.0,7986,6730.0,12120,6780.0,5020,6790.0,71,6800.0,5776,6810.0,3495,6820.0,1250,2025-05-09 19:56:46.959,,2147483647,2081558,False,nan
14452,2264719,1613535120,MERV - XMEV - GGAL - 24hs,6780.0,2025-05-09 19:56:45,3,2025-05-09 19:56:47.909,6770.0,2671,6760.0,1463,6750.0,15118,6740.0,7986,6730.0,12120,6780.0,5020,6790.0,71,6800.0,5776,6810.0,3495,6820.0,1250,2025-05-09 19:56:47.824,,2147483647,2081558,False,nan
14453,2264946,1613535372,MERV - XMEV - GGAL - 24hs,6780.0,2025-05-09 19:56:52,15,2025-05-09 19:56:52.100,6770.0,2671,6760.0,1463,6750.0,15118,6740.0,7986,6730.0,12120,6780.0,5020,6790.0,71,6800.0,5776,6810.0,3495,6820.0,1250,2025-05-09 19:56:52.015,,2147483647,2081558,True,offer
14454,2264977,1613535428,MERV - XMEV - GGAL - 24hs,6780.0,2025-05-09 19:56:52,15,2025-05-09 19:56:52.765,6770.0,3187,6760.0,1463,6750.0,15118,6740.0,7986,6730.0,12120,6780.0,5005,6790.0,71,6800.0,5776,6810.0,3495,6820.0,1250,2025-05-09 19:56:52.679,,2147483647,2081558,False,nan
14455,2265000,1613535461,MERV - XMEV - GGAL - 24hs,6780.0,2025-05-09 19:56:52,15,2025-05-09 19:56:53.265,6770.0,3187,6760.0,1463,6750.0,15118,6740.0,7986,6730.0,12120,6780.0,5005,6790.0,71,6800.0,5776,6810.0,3495,6820.0,1250,2025-05-09 19:56:53.180,,2147483647,2081573,False,nan
14456,2265664,1613536194,MERV - XMEV - GGAL - 24hs,6780.0,2025-05-09 19:57:00,4,2025-05-09 19:57:00.567,6770.0,3187,6760.0,1463,6750.0,15118,6740.0,7986,6730.0,12120,6780.0,5005,6790.0,71,6800.0,5776,6810.0,3495,6820.0,1250,2025-05-09 19:57:00.483,,2147483647,2081573,True,offer
14457,2265714,1613536248,MERV - XMEV - GGAL - 24hs,6780.0,2025-05-09 19:57:00,4,2025-05-09 19:57:01.211,6770.0,3187,6760.0,1463,6750.0,15118,6740.0,7986,6730.0,12120,6780.0,5001,6790.0,71,6800.0,5776,6810.0,3495,6820.0,1250,2025-05-09 19:57:01.120,,2147483647,2081573,False,nan
14458,2265797,1613536371,MERV - XMEV - GGAL - 24hs,6780.0,2025-05-09 19:57:00,4,2025-05-09 19:57:01.703,6770.0,3187,6760.0,1463,6750.0,15118,6740.0,7986,6730.0,12120,6780.0,5001,6790.0,71,6800.0,5776,6810.0,3495,6820.0,1250,2025-05-09 19:57:01.618,,2147483647,2081577,False,nan
14459,2266092,1613536686,MERV - XMEV - GGAL - 24hs,6780.0,2025-05-09 19:57:00,4,2025-05-09 19:57:07.223,6770.0,3187,6760.0,1463,6750.0,15118,6740.0,8431,6730.0,12120,6780.0,5001,6790.0,71,6800.0,5776,6810.0,3495,6820.0,1250,2025-05-09 19:57:07.131,,2147483647,2081577,False,nan
14460,2266267,1613536873,MERV - XMEV - GGAL - 24hs,6770.0,2025-05-09 19:57:07,76,2025-05-09 19:57:08.099,6770.0,3187,6760.0,1463,6750.0,15118,6740.0,8431,6730.0,12120,6780.0,5001,6790.0,71,6800.0,5776,6810.0,3495,6820.0,1250,2025-05-09 19:57:07.853,,2147483647,2081577,True,bid
14461,2266282,1613536890,MERV - XMEV - GGAL - 24hs,6780.0,2025-05-09 19:57:08,302,2025-05-09 19:57:08.438,6770.0,3087,6760.0,1463,6750.0,15118,6740.0,8431,6730.0,12120,6780.0,5001,6790.0,71,6800.0,5776,6810.0,3495,6820.0,1250,2025-05-09 19:57:08.353,,2147483647,2081677,True,offer
14462,2266306,1613536917,MERV - XMEV - GGAL - 24hs,6780.0,2025-05-09 19:57:08,302,2025-05-09 19:57:08.937,6770.0,3087,6760.0,1463,6750.0,15118,6740.0,8431,6730.0,12120,6780.0,4699,6790.0,71,6800.0,5776,6810.0,3495,6820.0,1250,2025-05-09 19:57:08.853,,2147483647,2081979,False,nan
14463,2266333,1613536949,MERV - XMEV - GGAL - 24hs,6780.0,2025-05-09 19:57:08,302,2025-05-09 19:57:09.620,6770.0,3087,6760.0,1513,6750.0,15118,6740.0,8431,6730.0,12120,6780.0,4699,6790.0,71,6800.0,5776,6810.0,3495,6820.0,1250,2025-05-09 19:57:09.534,,2147483647,2081979,False,nan
14464,2266417,1613537059,MERV - XMEV - GGAL - 24hs,6780.0,2025-05-09 19:57:10,5,2025-05-09 19:57:11.022,6770.0,3087,6760.0,1513,6750.0,15118,6740.0,8431,6730.0,12120,6780.0,4699,6790.0,71,6800.0,5776,6810.0,3495,6820.0,1250,2025-05-09 19:57:10.938,,2147483647,2081979,True,offer
14465,2266435,1613537079,MERV - XMEV - GGAL - 24hs,6780.0,2025-05-09 19:57:11,500,2025-05-09 19:57:11.524,6770.0,3087,6760.0,1513,6750.0,15118,6740.0,8431,6730.0,12120,6780.0,4194,6790.0,71,6800.0,5776,6810.0,3495,6820.0,1250,2025-05-09 19:57:11.437,,2147483647,2081984,True,offer
14466,2266465,1613537110,MERV - XMEV - GGAL - 24hs,6770.0,2025-05-09 19:57:11,1,2025-05-09 19:57:12.022,6770.0,3087,6760.0,1513,6750.0,15118,6740.0,8431,6730.0,12120,6780.0,4194,6790.0,71,6800.0,5776,6810.0,3495,6820.0,1250,2025-05-09 19:57:11.938,,2147483647,2082485,False,nan
14467,2266487,1613537132,MERV - XMEV - GGAL - 24hs,6770.0,2025-05-09 19:57:11,1,2025-05-09 19:57:12.522,6770.0,3086,6760.0,1513,6750.0,15118,6740.0,8431,6730.0,12120,6780.0,4194,6790.0,71,6800.0,5776,6810.0,3495,6820.0,1250,2025-05-09 19:57:12.437,,2147483647,2082485,False,nan
14468,2266511,1613537164,MERV - XMEV - GGAL - 24hs,6780.0,2025-05-09 19:57:12,1,2025-05-09 19:57:13.059,6770.0,3086,6760.0,1513,6750.0,15118,6740.0,8431,6730.0,12120,6780.0,4194,6790.0,71,6800.0,5776,6810.0,3495,6820.0,1250,2025-05-09 19:57:12.969,,2147483647,2082485,True,offer
14469,2266559,1613537220,MERV - XMEV - GGAL - 24hs,6780.0,2025-05-09 19:57:12,1,2025-05-09 19:57:13.789,6770.0,3086,6760.0,1513,6750.0,15118,6740.0,8431,6730.0,12120,6780.0,4193,6790.0,71,6800.0,5776,6810.0,3495,6820.0,1250,2025-05-09 19:57:13.662,,2147483647,2082485,False,nan
14470,2266576,1613537239,MERV - XMEV - GGAL - 24hs,6780.0,2025-05-09 19:57:12,1,2025-05-09 19:57:14.248,6770.0,3086,6760.0,1513,6750.0,15118,6740.0,8431,6730.0,12120,6780.0,4193,6790.0,71,6800.0,5776,6810.0,3495,6820.0,1250,2025-05-09 19:57:14.163,,2147483647,2082486,False,nan
14471,2266630,1613537299,MERV - XMEV - GGAL - 24hs,6770.0,2025-05-09 19:57:15,75,2025-05-09 19:57:15.987,6770.0,3086,6760.0,1513,6750.0,15118,6740.0,8431,6730.0,12120,6780.0,4193,6790.0,71,6800.0,5776,6810.0,3495,6820.0,1250,2025-05-09 19:57:15.903,,2147483647,2082486,True,bid
14472,2266655,1613537327,MERV - XMEV - GGAL - 24hs,6770.0,2025-05-09 19:57:15,11,2025-05-09 19:57:16.488,6770.0,3086,6760.0,1513,6750.0,15118,6740.0,8431,6730.0,12120,6780.0,4193,6790.0,71,6800.0,5776,6810.0,3495,6820.0,1250,2025-05-09 19:57:16.403,,2147483647,2082486,False,nan
14473,2266676,1613537348,MERV - XMEV - GGAL - 24hs,6770.0,2025-05-09 19:57:15,11,2025-05-09 19:57:16.987,6770.0,2900,6760.0,1513,6750.0,10118,6740.0,13431,6730.0,12120,6780.0,4193,6790.0,71,6800.0,5776,6810.0,3495,6820.0,1250,2025-05-09 19:57:16.902,,2147483647,2082672,False,nan
14474,2266864,1613537570,MERV - XMEV - GGAL - 24hs,6770.0,2025-05-09 19:57:15,11,2025-05-09 19:57:20.771,6770.0,1900,6760.0,2513,6750.0,15118,6740.0,8431,6730.0,12120,6780.0,4193,6790.0,71,6800.0,5776,6810.0,3495,6820.0,1250,2025-05-09 19:57:20.686,,2147483647,2082672,False,nan
14475,2266920,1613537631,MERV - XMEV - GGAL - 24hs,6770.0,2025-05-09 19:57:15,11,2025-05-09 19:57:21.465,6770.0,1900,6760.0,2513,6750.0,10118,6740.0,13431,6730.0,12120,6780.0,4193,6790.0,71,6800.0,5776,6810.0,3495,6820.0,1250,2025-05-09 19:57:21.386,,2147483647,2082672,False,nan
14476,2267082,1613537808,MERV - XMEV - GGAL - 24hs,6770.0,2025-05-09 19:57:15,11,2025-05-09 19:57:25.041,6770.0,1900,6760.0,2513,6750.0,10118,6740.0,13431,6730.0,12120,6780.0,6693,6790.0,71,6800.0,5778,6810.0,3495,6820.0,1250,2025-05-09 19:57:24.963,,2147483647,2082672,False,nan
14477,2267159,1613537890,MERV - XMEV - GGAL - 24hs,6780.0,2025-05-09 19:57:26,9,2025-05-09 19:57:26.591,6770.0,1900,6760.0,2513,6750.0,10118,6740.0,13431,6730.0,12120,6780.0,6693,6790.0,71,6800.0,5778,6810.0,3495,6820.0,1250,2025-05-09 19:57:26.513,,2147483647,2082672,True,offer
14478,2267174,1613537908,MERV - XMEV - GGAL - 24hs,6780.0,2025-05-09 19:57:26,20,2025-05-09 19:57:27.093,6770.0,1900,6760.0,2513,6750.0,10118,6740.0,13431,6730.0,12120,6780.0,6693,6790.0,71,6800.0,5778,6810.0,3495,6820.0,1250,2025-05-09 19:57:27.012,,2147483647,2082681,False,nan
14479,2267199,1613537936,MERV - XMEV - GGAL - 24hs,6780.0,2025-05-09 19:57:26,20,2025-05-09 19:57:27.593,6770.0,1900,6760.0,2513,6750.0,10118,6740.0,8431,6730.0,12120,6780.0,6664,6790.0,71,6800.0,5778,6810.0,3495,6820.0,1250,2025-05-09 19:57:27.512,,2147483647,2082701,False,nan
14480,2267355,1613538102,MERV - XMEV - GGAL - 24hs,6780.0,2025-05-09 19:57:26,20,2025-05-09 19:57:31.282,6770.0,1900,6760.0,2513,6750.0,10118,6740.0,8431,6730.0,13620,6780.0,6664,6790.0,71,6800.0,5778,6810.0,3495,6820.0,1250,2025-05-09 19:57:31.204,,2147483647,2082701,False,nan
14481,2267445,1613538204,MERV - XMEV - GGAL - 24hs,6780.0,2025-05-09 19:57:26,20,2025-05-09 19:57:32.347,6770.0,1900,6760.0,2513,6750.0,10118,6740.0,8431,6730.0,13620,6780.0,6664,6790.0,75,6800.0,5778,6810.0,3495,6820.0,1250,2025-05-09 19:57:32.270,,2147483647,2082701,False,nan
14482,2267480,1613538244,MERV - XMEV - GGAL - 24hs,6780.0,2025-05-09 19:57:32,10,2025-05-09 19:57:32.847,6770.0,1900,6760.0,2513,6750.0,10118,6740.0,8431,6730.0,13620,6780.0,6664,6790.0,75,6800.0,5778,6810.0,3495,6820.0,1250,2025-05-09 19:57:32.770,,2147483647,2082701,True,offer
14483,2267514,1613538282,MERV - XMEV - GGAL - 24hs,6780.0,2025-05-09 19:57:32,10,2025-05-09 19:57:33.348,6770.0,1900,6760.0,2513,6750.0,10118,6740.0,8431,6730.0,13620,6780.0,6654,6790.0,75,6800.0,5778,6810.0,3495,6820.0,1250,2025-05-09 19:57:33.270,,2147483647,2082711,False,nan
14484,2267609,1613538382,MERV - XMEV - GGAL - 24hs,6770.0,2025-05-09 19:57:35,4,2025-05-09 19:57:35.294,6770.0,1900,6760.0,2513,6750.0,10118,6740.0,8431,6730.0,13620,6780.0,6654,6790.0,75,6800.0,5778,6810.0,3495,6820.0,1250,2025-05-09 19:57:35.215,,2147483647,2082711,True,bid
14485,2267644,1613538432,MERV - XMEV - GGAL - 24hs,6770.0,2025-05-09 19:57:35,4,2025-05-09 19:57:36.362,6770.0,1896,6760.0,2513,6750.0,10118,6740.0,8431,6730.0,13620,6780.0,6654,6790.0,71,6800.0,5778,6810.0,3495,6820.0,1250,2025-05-09 19:57:36.269,,2147483647,2082711,False,nan
14486,2267658,1613538447,MERV - XMEV - GGAL - 24hs,6770.0,2025-05-09 19:57:35,4,2025-05-09 19:57:36.457,6770.0,1896,6760.0,2513,6750.0,10118,6740.0,8431,6730.0,13620,6780.0,6654,6790.0,71,6800.0,5778,6810.0,3495,6820.0,1250,2025-05-09 19:57:36.379,,2147483647,2082715,False,nan
14487,2267718,1613538511,MERV - XMEV - GGAL - 24hs,6780.0,2025-05-09 19:57:37,500,2025-05-09 19:57:37.573,6770.0,1896,6760.0,2513,6750.0,10118,6740.0,8431,6730.0,13620,6780.0,6654,6790.0,71,6800.0,5778,6810.0,3495,6820.0,1250,2025-05-09 19:57:37.495,,2147483647,2082715,True,offer
14488,2267743,1613538537,MERV - XMEV - GGAL - 24hs,6780.0,2025-05-09 19:57:37,500,2025-05-09 19:57:38.075,6770.0,1896,6760.0,2513,6750.0,10118,6740.0,8431,6730.0,13620,6780.0,6154,6790.0,2062,6800.0,5778,6810.0,3495,6820.0,1250,2025-05-09 19:57:37.995,,2147483647,2082715,False,nan
14489,2267771,1613538566,MERV - XMEV - GGAL - 24hs,6780.0,2025-05-09 19:57:37,500,2025-05-09 19:57:38.575,6770.0,1896,6760.0,2513,6750.0,10118,6740.0,8431,6730.0,13620,6780.0,6154,6790.0,2062,6800.0,5778,6810.0,3495,6820.0,1250,2025-05-09 19:57:38.495,,2147483647,2083215,False,nan
14490,2267947,1613538764,MERV - XMEV - GGAL - 24hs,6780.0,2025-05-09 19:57:37,500,2025-05-09 19:57:42.171,6770.0,1896,6760.0,2513,6750.0,10118,6740.0,4431,6730.0,18620,6780.0,6154,6790.0,2062,6800.0,5778,6810.0,3495,6820.0,1250,2025-05-09 19:57:42.074,,2147483647,2083215,False,nan
14491,2268118,1613538944,MERV - XMEV - GGAL - 24hs,6780.0,2025-05-09 19:57:37,500,2025-05-09 19:57:43.472,6770.0,2896,6760.0,1513,6750.0,10118,6740.0,4431,6730.0,18620,6780.0,6174,6790.0,2062,6800.0,5778,6810.0,3495,6820.0,1250,2025-05-09 19:57:43.381,,2147483647,2083215,False,nan
14492,2268211,1613539040,MERV - XMEV - GGAL - 24hs,6770.0,2025-05-09 19:57:45,85,2025-05-09 19:57:45.538,6770.0,2896,6760.0,1513,6750.0,10118,6740.0,4431,6730.0,18620,6780.0,6174,6790.0,2062,6800.0,5778,6810.0,3495,6820.0,1250,2025-05-09 19:57:45.461,,2147483647,2083215,True,bid
14493,2268236,1613539066,MERV - XMEV - GGAL - 24hs,6770.0,2025-05-09 19:57:45,1000,2025-05-09 19:57:46.038,6770.0,2896,6760.0,1513,6750.0,10118,6740.0,4431,6730.0,18620,6780.0,6174,6790.0,2062,6800.0,5778,6810.0,3495,6820.0,1250,2025-05-09 19:57:45.961,,2147483647,2086111,False,nan
14494,2268253,1613539085,MERV - XMEV - GGAL - 24hs,6770.0,2025-05-09 19:57:46,104,2025-05-09 19:57:46.538,6760.0,1513,6750.0,10118,6740.0,4431,6730.0,18620,6720.0,5613,6770.0,104,6780.0,6174,6790.0,2062,6800.0,5778,6810.0,3495,2025-05-09 19:57:46.461,,2147483647,2088111,True,bid
14495,2268271,1613539107,MERV - XMEV - GGAL - 24hs,6780.0,2025-05-09 19:57:46,14226,2025-05-09 19:57:47.039,6770.0,896,6760.0,1513,6750.0,10118,6740.0,4431,6730.0,18620,6780.0,6284,6790.0,2062,6800.0,5778,6810.0,3495,6820.0,1250,2025-05-09 19:57:46.961,,2147483647,2113215,False,nan
14496,2268791,1613539658,MERV - XMEV - GGAL - 24hs,6780.0,2025-05-09 19:57:46,14226,2025-05-09 19:57:52.975,6770.0,896,6760.0,1513,6750.0,10118,6740.0,4431,6730.0,18620,6780.0,6284,6790.0,2062,6800.0,5678,6810.0,3495,6820.0,1250,2025-05-09 19:57:52.896,,2147483647,2113215,False,nan
14497,2268911,1613539784,MERV - XMEV - GGAL - 24hs,6780.0,2025-05-09 19:57:46,14226,2025-05-09 19:57:55.700,6760.0,2409,6750.0,10118,6740.0,4431,6730.0,18620,6720.0,5613,6780.0,6284,6790.0,2062,6800.0,5678,6810.0,3495,6820.0,1250,2025-05-09 19:57:55.620,,2147483647,2113215,False,nan
14498,2268985,1613539864,MERV - XMEV - GGAL - 24hs,6780.0,2025-05-09 19:57:46,14226,2025-05-09 19:57:57.458,6760.0,2409,6750.0,10118,6740.0,6431,6730.0,18620,6720.0,5613,6780.0,6284,6790.0,2062,6800.0,5678,6810.0,3495,6820.0,1250,2025-05-09 19:57:57.381,,2147483647,2113215,False,nan
14499,2269051,1613539937,MERV - XMEV - GGAL - 24hs,6780.0,2025-05-09 19:57:46,14226,2025-05-09 19:57:59.392,6760.0,1513,6750.0,11014,6740.0,6431,6730.0,18620,6720.0,5613,6780.0,6284,6790.0,2062,6800.0,5678,6810.0,3495,6820.0,1250,2025-05-09 19:57:59.312,,2147483647,2113215,False,nan
14500,2269515,1613540447,MERV - XMEV - GGAL - 24hs,6760.0,2025-05-09 19:58:06,36,2025-05-09 19:58:07.027,6760.0,1513,6750.0,11014,6740.0,6431,6730.0,18620,6720.0,5613,6780.0,6284,6790.0,2062,6800.0,5678,6810.0,3495,6820.0,1250,2025-05-09 19:58:06.950,,2147483647,2113215,True,bid
14501,2269565,1613540512,MERV - XMEV - GGAL - 24hs,6760.0,2025-05-09 19:58:06,36,2025-05-09 19:58:07.691,6760.0,1477,6750.0,11014,6740.0,6431,6730.0,18620,6720.0,5613,6780.0,6284,6790.0,2062,6800.0,5678,6810.0,3495,6820.0,1250,2025-05-09 19:58:07.613,,2147483647,2113215,False,nan
14502,2269592,1613540549,MERV - XMEV - GGAL - 24hs,6760.0,2025-05-09 19:58:06,36,2025-05-09 19:58:08.191,6760.0,1477,6750.0,11014,6740.0,6431,6730.0,18620,6720.0,5613,6780.0,6284,6790.0,2062,6800.0,5678,6810.0,3495,6820.0,1250,2025-05-09 19:58:08.113,,2147483647,2113251,False,nan
14503,2269710,1613540698,MERV - XMEV - GGAL - 24hs,6760.0,2025-05-09 19:58:06,36,2025-05-09 19:58:11.287,6760.0,1457,6750.0,11014,6740.0,6431,6730.0,18620,6720.0,5613,6780.0,6284,6790.0,2062,6800.0,5678,6810.0,3495,6820.0,1250,2025-05-09 19:58:11.196,,2147483647,2113251,False,nan
14504,2269764,1613540754,MERV - XMEV - GGAL - 24hs,6760.0,2025-05-09 19:58:06,36,2025-05-09 19:58:12.101,6760.0,1457,6750.0,10118,6740.0,6431,6730.0,18620,6720.0,5613,6780.0,6284,6790.0,2062,6800.0,5678,6810.0,3495,6820.0,1250,2025-05-09 19:58:12.024,,2147483647,2113251,False,nan
14505,2270001,1613541038,MERV - XMEV - GGAL - 24hs,6760.0,2025-05-09 19:58:06,36,2025-05-09 19:58:14.516,6760.0,1457,6750.0,10118,6740.0,6431,6730.0,18620,6720.0,5613,6780.0,16090,6790.0,2062,6800.0,5678,6810.0,3495,6820.0,1250,2025-05-09 19:58:14.436,,2147483647,2113251,False,nan
14506,2270187,1613541266,MERV - XMEV - GGAL - 24hs,6760.0,2025-05-09 19:58:06,36,2025-05-09 19:58:16.395,6760.0,1457,6750.0,10118,6740.0,6431,6730.0,13620,6720.0,5613,6780.0,16090,6790.0,2062,6800.0,5678,6810.0,3495,6820.0,1250,2025-05-09 19:58:16.088,,2147483647,2113251,False,nan
14507,2270356,1613541451,MERV - XMEV - GGAL - 24hs,6760.0,2025-05-09 19:58:16,69,2025-05-09 19:58:16.970,6760.0,1457,6750.0,10118,6740.0,6431,6730.0,13620,6720.0,5613,6780.0,16090,6790.0,2062,6800.0,5678,6810.0,3495,6820.0,1250,2025-05-09 19:58:16.582,,2147483647,2113251,True,bid
14508,2270376,1613541474,MERV - XMEV - GGAL - 24hs,6760.0,2025-05-09 19:58:16,69,2025-05-09 19:58:17.161,6760.0,1324,6750.0,10118,6740.0,6431,6730.0,13620,6720.0,5613,6780.0,16090,6790.0,2062,6800.0,5678,6810.0,3495,6820.0,1250,2025-05-09 19:58:17.082,,2147483647,2113384,False,nan
14509,2270433,1613541536,MERV - XMEV - GGAL - 24hs,6760.0,2025-05-09 19:58:16,69,2025-05-09 19:58:18.345,6760.0,1324,6750.0,10118,6740.0,6432,6730.0,13620,6720.0,5613,6780.0,18081,6790.0,71,6800.0,5678,6810.0,1495,6820.0,1250,2025-05-09 19:58:18.256,,2147483647,2113384,False,nan
14510,2270771,1613541889,MERV - XMEV - GGAL - 24hs,6760.0,2025-05-09 19:58:22,2,2025-05-09 19:58:22.503,6760.0,1324,6750.0,10118,6740.0,6432,6730.0,13620,6720.0,5613,6780.0,18081,6790.0,71,6800.0,5678,6810.0,1495,6820.0,1250,2025-05-09 19:58:22.425,,2147483647,2113384,True,bid
14511,2270793,1613541917,MERV - XMEV - GGAL - 24hs,6780.0,2025-05-09 19:58:22,500,2025-05-09 19:58:23.003,6760.0,1322,6750.0,11151,6740.0,6432,6730.0,13620,6720.0,5613,6780.0,18081,6790.0,71,6800.0,5678,6810.0,1495,6820.0,1250,2025-05-09 19:58:22.925,,2147483647,2113386,False,nan
14512,2270811,1613541936,MERV - XMEV - GGAL - 24hs,6780.0,2025-05-09 19:58:22,500,2025-05-09 19:58:23.501,6760.0,1322,6750.0,11151,6740.0,6432,6730.0,13620,6720.0,5613,6780.0,18081,6790.0,71,6800.0,5678,6810.0,1495,6820.0,1250,2025-05-09 19:58:23.424,,2147483647,2113886,False,nan
14513,2270830,1613541957,MERV - XMEV - GGAL - 24hs,6780.0,2025-05-09 19:58:22,500,2025-05-09 19:58:24.002,6760.0,1322,6750.0,11151,6740.0,6432,6730.0,13620,6720.0,5613,6780.0,17581,6790.0,71,6800.0,5678,6810.0,1495,6820.0,1250,2025-05-09 19:58:23.925,,2147483647,2113886,False,nan
14514,2271050,1613542204,MERV - XMEV - GGAL - 24hs,6780.0,2025-05-09 19:58:22,500,2025-05-09 19:58:26.875,6760.0,5822,6750.0,11151,6740.0,6432,6730.0,13620,6720.0,5613,6780.0,17581,6790.0,71,6800.0,5678,6810.0,1495,6820.0,1250,2025-05-09 19:58:26.799,,2147483647,2113886,False,nan
14515,2271138,1613542299,MERV - XMEV - GGAL - 24hs,6780.0,2025-05-09 19:58:28,2,2025-05-09 19:58:28.868,6760.0,5822,6750.0,11151,6740.0,6432,6730.0,13620,6720.0,5613,6780.0,17581,6790.0,71,6800.0,5678,6810.0,1495,6820.0,1250,2025-05-09 19:58:28.789,,2147483647,2113886,True,offer
14516,2271161,1613542322,MERV - XMEV - GGAL - 24hs,6780.0,2025-05-09 19:58:28,2,2025-05-09 19:58:29.532,6760.0,5822,6750.0,11151,6740.0,6432,6730.0,13620,6720.0,5613,6780.0,17579,6790.0,71,6800.0,5678,6810.0,1495,6820.0,1250,2025-05-09 19:58:29.455,,2147483647,2113886,False,nan
14517,2271178,1613542340,MERV - XMEV - GGAL - 24hs,6780.0,2025-05-09 19:58:28,2,2025-05-09 19:58:30.032,6760.0,5822,6750.0,11151,6740.0,6432,6730.0,13620,6720.0,5613,6780.0,17579,6790.0,71,6800.0,5678,6810.0,1495,6820.0,1250,2025-05-09 19:58:29.956,,2147483647,2113888,False,nan
14518,2271197,1613542359,MERV - XMEV - GGAL - 24hs,6780.0,2025-05-09 19:58:28,2,2025-05-09 19:58:30.533,6770.0,25015,6760.0,5822,6750.0,11151,6740.0,6432,6730.0,13620,6780.0,17579,6790.0,71,6800.0,5678,6810.0,1495,6820.0,1250,2025-05-09 19:58:30.455,,2147483647,2113888,False,nan
14519,2271221,1613542384,MERV - XMEV - GGAL - 24hs,6780.0,2025-05-09 19:58:28,2,2025-05-09 19:58:31.064,6770.0,25015,6760.0,7722,6750.0,11151,6740.0,6432,6730.0,13620,6780.0,17579,6790.0,71,6800.0,5678,6810.0,1495,6820.0,1250,2025-05-09 19:58:30.985,,2147483647,2113888,False,nan
14520,2271257,1613542427,MERV - XMEV - GGAL - 24hs,6770.0,2025-05-09 19:58:31,15,2025-05-09 19:58:31.848,6770.0,25015,6760.0,7722,6750.0,11151,6740.0,6432,6730.0,13620,6780.0,17579,6790.0,71,6800.0,5678,6810.0,1495,6820.0,1250,2025-05-09 19:58:31.766,,2147483647,2113888,True,bid
14521,2271287,1613542459,MERV - XMEV - GGAL - 24hs,6770.0,2025-05-09 19:58:31,9791,2025-05-09 19:58:32.339,6770.0,25015,6760.0,7722,6750.0,11151,6740.0,6432,6730.0,13620,6780.0,17579,6790.0,71,6800.0,5678,6810.0,1495,6820.0,1250,2025-05-09 19:58:32.263,,2147483647,2113888,False,nan
14522,2271309,1613542484,MERV - XMEV - GGAL - 24hs,6770.0,2025-05-09 19:58:31,9791,2025-05-09 19:58:32.842,6770.0,15209,6760.0,7722,6750.0,11151,6740.0,6432,6730.0,13620,6780.0,7773,6790.0,71,6800.0,5678,6810.0,1495,6820.0,1250,2025-05-09 19:58:32.764,,2147483647,2123694,False,nan
14523,2271366,1613542545,MERV - XMEV - GGAL - 24hs,6770.0,2025-05-09 19:58:31,9791,2025-05-09 19:58:34.833,6770.0,15209,6760.0,7722,6750.0,11151,6740.0,6431,6730.0,13620,6780.0,7773,6790.0,71,6800.0,5678,6810.0,1495,6820.0,1250,2025-05-09 19:58:34.751,,2147483647,2123694,False,nan
14524,2271584,1613542810,MERV - XMEV - GGAL - 24hs,6770.0,2025-05-09 19:58:31,9791,2025-05-09 19:58:41.754,6770.0,15209,6760.0,7722,6750.0,11151,6740.0,6431,6730.0,13620,6780.0,7773,6790.0,321,6800.0,5678,6810.0,1495,6820.0,1000,2025-05-09 19:58:41.678,,2147483647,2123694,False,nan
14525,2271648,1613542877,MERV - XMEV - GGAL - 24hs,6770.0,2025-05-09 19:58:31,9791,2025-05-09 19:58:43.452,6770.0,15210,6760.0,7722,6750.0,11151,6740.0,6431,6730.0,13620,6780.0,7773,6790.0,321,6800.0,5678,6810.0,1495,6820.0,1000,2025-05-09 19:58:43.376,,2147483647,2123694,False,nan
14526,2271871,1613543169,MERV - XMEV - GGAL - 24hs,6780.0,2025-05-09 19:58:49,1,2025-05-09 19:58:49.895,6770.0,15210,6760.0,7722,6750.0,11151,6740.0,6431,6730.0,13620,6780.0,7773,6790.0,321,6800.0,5678,6810.0,1495,6820.0,1000,2025-05-09 19:58:49.814,,2147483647,2123694,True,offer
14527,2271896,1613543196,MERV - XMEV - GGAL - 24hs,6780.0,2025-05-09 19:58:49,1,2025-05-09 19:58:50.558,6770.0,15210,6760.0,7722,6750.0,11151,6740.0,6431,6730.0,13620,6780.0,7772,6790.0,321,6800.0,5678,6810.0,1495,6820.0,1000,2025-05-09 19:58:50.481,,2147483647,2123694,False,nan
14528,2271922,1613543230,MERV - XMEV - GGAL - 24hs,6780.0,2025-05-09 19:58:49,1,2025-05-09 19:58:51.058,6770.0,15210,6760.0,7722,6750.0,11151,6740.0,6431,6730.0,13620,6780.0,7772,6790.0,321,6800.0,5678,6810.0,1495,6820.0,1000,2025-05-09 19:58:50.981,,2147483647,2123695,False,nan
14529,2271995,1613543312,MERV - XMEV - GGAL - 24hs,6780.0,2025-05-09 19:58:49,1,2025-05-09 19:58:52.496,6770.0,15210,6760.0,7722,6750.0,11151,6740.0,6431,6730.0,13620,6780.0,7772,6790.0,321,6800.0,5678,6810.0,1495,6820.0,11000,2025-05-09 19:58:52.414,,2147483647,2123695,False,nan
14530,2272172,1613543551,MERV - XMEV - GGAL - 24hs,6780.0,2025-05-09 19:58:49,1,2025-05-09 19:58:56.933,6770.0,15210,6760.0,7722,6750.0,11151,6740.0,6431,6730.0,13620,6780.0,8022,6790.0,321,6800.0,5678,6810.0,1495,6820.0,11000,2025-05-09 19:58:56.856,,2147483647,2123695,False,nan
14531,2272437,1613543908,MERV - XMEV - GGAL - 24hs,6770.0,2025-05-09 19:59:02,400,2025-05-09 19:59:02.269,6770.0,15210,6760.0,7722,6750.0,11151,6740.0,6431,6730.0,13620,6780.0,8022,6790.0,321,6800.0,5678,6810.0,1495,6820.0,11000,2025-05-09 19:59:02.193,,2147483647,2123695,True,bid
14532,2272588,1613544069,MERV - XMEV - GGAL - 24hs,6770.0,2025-05-09 19:59:02,300,2025-05-09 19:59:02.967,6770.0,15210,6760.0,7722,6750.0,11151,6740.0,6431,6730.0,13620,6780.0,8022,6790.0,321,6800.0,5678,6810.0,1495,6820.0,11000,2025-05-09 19:59:02.693,,2147483647,2124095,False,nan
14533,2272718,1613544204,MERV - XMEV - GGAL - 24hs,6770.0,2025-05-09 19:59:02,300,2025-05-09 19:59:03.379,6770.0,14510,6760.0,7722,6750.0,11151,6740.0,6431,6730.0,13620,6780.0,8022,6790.0,321,6800.0,5678,6810.0,1495,6820.0,11000,2025-05-09 19:59:03.192,,2147483647,2124395,False,nan
14534,2273044,1613544597,MERV - XMEV - GGAL - 24hs,6770.0,2025-05-09 19:59:02,300,2025-05-09 19:59:10.800,6770.0,14520,6760.0,7722,6750.0,11151,6740.0,6431,6730.0,13620,6780.0,8022,6790.0,321,6800.0,5678,6810.0,1495,6820.0,11000,2025-05-09 19:59:10.722,,2147483647,2124395,False,nan
14535,2273067,1613544620,MERV - XMEV - GGAL - 24hs,6780.0,2025-05-09 19:59:11,139,2025-05-09 19:59:11.302,6770.0,14520,6760.0,7722,6750.0,11151,6740.0,6431,6730.0,13620,6780.0,8022,6790.0,321,6800.0,5678,6810.0,1495,6820.0,11000,2025-05-09 19:59:11.223,,2147483647,2124529,True,offer
14536,2273090,1613544645,MERV - XMEV - GGAL - 24hs,6780.0,2025-05-09 19:59:11,139,2025-05-09 19:59:11.801,6770.0,14520,6760.0,7722,6750.0,11151,6740.0,6431,6730.0,13620,6780.0,7749,6790.0,321,6800.0,5678,6810.0,1495,6820.0,11000,2025-05-09 19:59:11.722,,2147483647,2124668,False,nan
14537,2273110,1613544671,MERV - XMEV - GGAL - 24hs,6780.0,2025-05-09 19:59:11,45,2025-05-09 19:59:12.298,6770.0,14520,6760.0,7722,6750.0,11151,6740.0,6431,6730.0,13620,6780.0,7749,6790.0,321,6800.0,5678,6810.0,1495,6820.0,11000,2025-05-09 19:59:12.222,,2147483647,2124668,False,nan
14538,2273129,1613544691,MERV - XMEV - GGAL - 24hs,6780.0,2025-05-09 19:59:11,45,2025-05-09 19:59:12.798,6770.0,14520,6760.0,7722,6750.0,11151,6740.0,6431,6730.0,13620,6780.0,7704,6790.0,71,6800.0,5678,6810.0,1495,6820.0,11000,2025-05-09 19:59:12.722,,2147483647,2124713,False,nan
14539,2273277,1613544879,MERV - XMEV - GGAL - 24hs,6780.0,2025-05-09 19:59:11,45,2025-05-09 19:59:16.214,6770.0,14520,6760.0,7672,6750.0,11151,6740.0,6431,6730.0,13620,6780.0,7704,6790.0,71,6800.0,5678,6810.0,1495,6820.0,11000,2025-05-09 19:59:16.135,,2147483647,2124713,False,nan
14540,2273329,1613544957,MERV - XMEV - GGAL - 24hs,6780.0,2025-05-09 19:59:11,45,2025-05-09 19:59:17.214,6770.0,14520,6760.0,7672,6750.0,11151,6740.0,6431,6730.0,13620,6780.0,7454,6790.0,71,6800.0,5678,6810.0,1495,6820.0,11000,2025-05-09 19:59:17.137,,2147483647,2124713,False,nan
14541,2273676,1613545388,MERV - XMEV - GGAL - 24hs,6780.0,2025-05-09 19:59:11,45,2025-05-09 19:59:25.874,6770.0,14520,6760.0,7672,6750.0,11151,6740.0,6431,6730.0,13620,6780.0,7454,6800.0,5678,6810.0,1495,6820.0,11000,6830.0,4098,2025-05-09 19:59:25.794,,2147483647,2124713,False,nan
14542,2273700,1613545413,MERV - XMEV - GGAL - 24hs,6780.0,2025-05-09 19:59:25,50,2025-05-09 19:59:26.376,6770.0,14520,6760.0,7672,6750.0,11151,6740.0,6431,6730.0,13620,6780.0,7454,6800.0,5678,6810.0,1495,6820.0,11000,6830.0,4098,2025-05-09 19:59:26.295,,2147483647,2124713,True,offer
14543,2273723,1613545440,MERV - XMEV - GGAL - 24hs,6780.0,2025-05-09 19:59:26,1,2025-05-09 19:59:26.871,6770.0,10889,6760.0,7672,6750.0,11151,6740.0,6431,6730.0,13620,6780.0,7401,6800.0,2047,6810.0,1495,6820.0,11000,6830.0,4098,2025-05-09 19:59:26.795,,2147483647,2128397,True,offer
14544,2273746,1613545464,MERV - XMEV - GGAL - 24hs,6770.0,2025-05-09 19:59:27,10000,2025-05-09 19:59:27.453,6770.0,10889,6760.0,7672,6750.0,11151,6740.0,6431,6730.0,13620,6780.0,7401,6800.0,2047,6810.0,1495,6820.0,11000,6830.0,4098,2025-05-09 19:59:27.378,,2147483647,2128397,True,bid
14545,2273765,1613545483,MERV - XMEV - GGAL - 24hs,6770.0,2025-05-09 19:59:27,10000,2025-05-09 19:59:28.124,6770.0,889,6760.0,7672,6750.0,11151,6740.0,6431,6730.0,13620,6780.0,7401,6800.0,2047,6810.0,1495,6820.0,11000,6830.0,4098,2025-05-09 19:59:28.043,,2147483647,2128397,False,nan
14546,2273893,1613545614,MERV - XMEV - GGAL - 24hs,6770.0,2025-05-09 19:59:27,10000,2025-05-09 19:59:28.780,6770.0,889,6760.0,7672,6750.0,11151,6740.0,6431,6730.0,13620,6780.0,7401,6800.0,2047,6810.0,1495,6820.0,11000,6830.0,4098,2025-05-09 19:59:28.545,,2147483647,2138397,False,nan
14547,2274053,1613545791,MERV - XMEV - GGAL - 24hs,6780.0,2025-05-09 19:59:28,29,2025-05-09 19:59:29.324,6770.0,889,6760.0,7672,6750.0,11151,6740.0,6431,6730.0,13620,6780.0,7401,6800.0,2047,6810.0,1495,6820.0,11000,6830.0,4098,2025-05-09 19:59:29.044,,2147483647,2138425,True,offer
14548,2274075,1613545814,MERV - XMEV - GGAL - 24hs,6780.0,2025-05-09 19:59:28,29,2025-05-09 19:59:29.620,6770.0,889,6760.0,7672,6750.0,11151,6740.0,6431,6730.0,13620,6780.0,7344,6800.0,2047,6810.0,1495,6820.0,11000,6830.0,4098,2025-05-09 19:59:29.545,,2147483647,2138454,False,nan
14549,2274176,1613546104,MERV - XMEV - GGAL - 24hs,6780.0,2025-05-09 19:59:28,29,2025-05-09 19:59:31.642,6770.0,889,6760.0,7687,6750.0,11151,6740.0,6431,6730.0,13620,6780.0,7344,6800.0,2047,6810.0,1495,6820.0,11000,6830.0,4098,2025-05-09 19:59:31.565,,2147483647,2138454,False,nan
14550,2274200,1613546131,MERV - XMEV - GGAL - 24hs,6780.0,2025-05-09 19:59:31,166,2025-05-09 19:59:32.140,6770.0,889,6760.0,7687,6750.0,11151,6740.0,6431,6730.0,13620,6780.0,7344,6800.0,2047,6810.0,1495,6820.0,11000,6830.0,4098,2025-05-09 19:59:32.065,,2147483647,2138454,True,offer
14551,2274232,1613546165,MERV - XMEV - GGAL - 24hs,6770.0,2025-05-09 19:59:32,71,2025-05-09 19:59:32.641,6770.0,889,6760.0,7687,6750.0,11151,6740.0,6431,6730.0,13620,6780.0,7344,6800.0,2047,6810.0,1495,6820.0,11000,6830.0,4098,2025-05-09 19:59:32.565,,2147483647,2138620,True,bid
14552,2274339,1613546280,MERV - XMEV - GGAL - 24hs,6770.0,2025-05-09 19:59:32,500,2025-05-09 19:59:33.151,6770.0,818,6760.0,7687,6750.0,11151,6740.0,6431,6730.0,13620,6780.0,7178,6800.0,2047,6810.0,1495,6820.0,11000,6830.0,4098,2025-05-09 19:59:33.066,,2147483647,2139509,False,nan
14553,2274364,1613546307,MERV - XMEV - GGAL - 24hs,6770.0,2025-05-09 19:59:32,500,2025-05-09 19:59:33.642,6760.0,7687,6750.0,11151,6740.0,6431,6730.0,13620,6720.0,5613,6770.0,673,6780.0,5187,6800.0,2047,6810.0,1495,6820.0,11000,2025-05-09 19:59:33.566,,2147483647,2140009,False,nan
14554,2274388,1613546336,MERV - XMEV - GGAL - 24hs,6770.0,2025-05-09 19:59:33,134,2025-05-09 19:59:34.148,6760.0,7687,6750.0,11151,6740.0,6431,6730.0,13620,6720.0,5613,6770.0,673,6780.0,5187,6800.0,2047,6810.0,1495,6820.0,11000,2025-05-09 19:59:34.066,,2147483647,2140009,True,offer
14555,2274407,1613546367,MERV - XMEV - GGAL - 24hs,6770.0,2025-05-09 19:59:33,134,2025-05-09 19:59:34.646,6760.0,7687,6750.0,11151,6740.0,5986,6730.0,13620,6720.0,5613,6770.0,539,6780.0,5187,6800.0,2047,6810.0,1495,6820.0,1000,2025-05-09 19:59:34.566,,2147483647,2140143,False,nan
14556,2274436,1613546401,MERV - XMEV - GGAL - 24hs,6770.0,2025-05-09 19:59:34,134,2025-05-09 19:59:35.143,6760.0,7687,6750.0,11151,6740.0,5986,6730.0,13620,6720.0,5613,6770.0,539,6780.0,5187,6800.0,2047,6810.0,1495,6820.0,1000,2025-05-09 19:59:35.067,,2147483647,2140143,True,offer
14557,2274472,1613546440,MERV - XMEV - GGAL - 24hs,6770.0,2025-05-09 19:59:34,134,2025-05-09 19:59:35.641,6760.0,7687,6750.0,11151,6740.0,5986,6730.0,13620,6720.0,5613,6780.0,5592,6800.0,2047,6810.0,1495,6820.0,1000,6830.0,14098,2025-05-09 19:59:35.566,,2147483647,2140277,False,nan
14558,2274525,1613546510,MERV - XMEV - GGAL - 24hs,6770.0,2025-05-09 19:59:34,134,2025-05-09 19:59:36.653,6760.0,7687,6750.0,11151,6740.0,5986,6730.0,13620,6720.0,5613,6780.0,5592,6800.0,2047,6810.0,1495,6820.0,11000,6830.0,4098,2025-05-09 19:59:36.571,,2147483647,2140277,False,nan
14559,2274559,1613546552,MERV - XMEV - GGAL - 24hs,6780.0,2025-05-09 19:59:37,2,2025-05-09 19:59:37.149,6760.0,7687,6750.0,11151,6740.0,5986,6730.0,13620,6720.0,5613,6780.0,5592,6800.0,2047,6810.0,1495,6820.0,11000,6830.0,4098,2025-05-09 19:59:37.072,,2147483647,2140277,True,offer
14560,2274581,1613546579,MERV - XMEV - GGAL - 24hs,6780.0,2025-05-09 19:59:37,2,2025-05-09 19:59:37.646,6760.0,7687,6750.0,11151,6740.0,5986,6730.0,13620,6720.0,5613,6780.0,5590,6800.0,2047,6810.0,1495,6820.0,11000,6830.0,4098,2025-05-09 19:59:37.571,,2147483647,2140277,False,nan
14561,2274625,1613546624,MERV - XMEV - GGAL - 24hs,6780.0,2025-05-09 19:59:37,2,2025-05-09 19:59:38.155,6760.0,7687,6750.0,11151,6740.0,5986,6730.0,13620,6720.0,5613,6780.0,5590,6800.0,2047,6810.0,1495,6820.0,11000,6830.0,4098,2025-05-09 19:59:38.072,,2147483647,2140279,False,nan
14562,2274940,1613546983,MERV - XMEV - GGAL - 24hs,6780.0,2025-05-09 19:59:37,2,2025-05-09 19:59:44.680,6760.0,7687,6750.0,11151,6740.0,5986,6730.0,13620,6720.0,5613,6770.0,250,6780.0,5590,6800.0,2047,6810.0,1495,6820.0,11000,2025-05-09 19:59:44.604,,2147483647,2140279,False,nan
14563,2274960,1613547007,MERV - XMEV - GGAL - 24hs,6780.0,2025-05-09 19:59:44,444,2025-05-09 19:59:45.186,6760.0,7687,6750.0,11151,6740.0,5986,6730.0,13620,6720.0,5613,6770.0,250,6780.0,5590,6800.0,2047,6810.0,1495,6820.0,11000,2025-05-09 19:59:45.104,,2147483647,2140279,True,offer
14564,2274996,1613547044,MERV - XMEV - GGAL - 24hs,6780.0,2025-05-09 19:59:44,444,2025-05-09 19:59:45.681,6760.0,7687,6750.0,11151,6740.0,5986,6730.0,13620,6720.0,5613,6780.0,5146,6800.0,2047,6810.0,1495,6820.0,11000,6830.0,4098,2025-05-09 19:59:45.604,,2147483647,2140973,False,nan
14565,2275449,1613547521,MERV - XMEV - GGAL - 24hs,6780.0,2025-05-09 19:59:44,444,2025-05-09 19:59:51.720,6760.0,7687,6750.0,11151,6740.0,5986,6730.0,13620,6720.0,5613,6780.0,5146,6800.0,2047,6810.0,1495,6820.0,1000,6830.0,4098,2025-05-09 19:59:51.644,,2147483647,2140973,False,nan
14566,2275680,1613547808,MERV - XMEV - GGAL - 24hs,6760.0,2025-05-09 19:59:55,17,2025-05-09 19:59:55.972,6760.0,7687,6750.0,11151,6740.0,5986,6730.0,13620,6720.0,5613,6780.0,5146,6800.0,2047,6810.0,1495,6820.0,1000,6830.0,4098,2025-05-09 19:59:55.895,,2147483647,2140973,True,bid
14567,2275710,1613547839,MERV - XMEV - GGAL - 24hs,6760.0,2025-05-09 19:59:55,17,2025-05-09 19:59:56.470,6760.0,7670,6750.0,11151,6740.0,5986,6730.0,13620,6720.0,5613,6780.0,5146,6800.0,2047,6810.0,1495,6820.0,1000,6830.0,4098,2025-05-09 19:59:56.394,,2147483647,2140973,False,nan
14568,2275726,1613547857,MERV - XMEV - GGAL - 24hs,6760.0,2025-05-09 19:59:55,17,2025-05-09 19:59:56.969,6760.0,7670,6750.0,11151,6740.0,5986,6730.0,13620,6720.0,5613,6780.0,5146,6800.0,2047,6810.0,1495,6820.0,1000,6830.0,4098,2025-05-09 19:59:56.894,,2147483647,2140990,False,nan
14569,2275757,1613547891,MERV - XMEV - GGAL - 24hs,6780.0,2025-05-09 19:59:57,2,2025-05-09 19:59:57.639,6760.0,7670,6750.0,11151,6740.0,5986,6730.0,13620,6720.0,5613,6780.0,5146,6800.0,2047,6810.0,1495,6820.0,1000,6830.0,4098,2025-05-09 19:59:57.563,,2147483647,2140990,True,offer
14570,2275800,1613547954,MERV - XMEV - GGAL - 24hs,6780.0,2025-05-09 19:59:57,2,2025-05-09 19:59:58.300,6760.0,7670,6750.0,11151,6740.0,5986,6730.0,13620,6720.0,5613,6780.0,5144,6800.0,2047,6810.0,1495,6820.0,1000,6830.0,4098,2025-05-09 19:59:58.225,,2147483647,2140990,False,nan
14571,2275832,1613547987,MERV - XMEV - GGAL - 24hs,6780.0,2025-05-09 19:59:57,2,2025-05-09 19:59:58.808,6760.0,7670,6750.0,11151,6740.0,5986,6730.0,13620,6720.0,5613,6780.0,5144,6800.0,2047,6810.0,1495,6820.0,1000,6830.0,4098,2025-05-09 19:59:58.726,,2147483647,2140992,False,nan
